1 31.3626
19559 11.4359
39117 6.50909
58675 4.21074
78233 3.12212
97791 2.51242
117349 2.14719
136907 1.9021
156465 1.72974
176023 1.59757
195581 1.49364
215139 1.40827
234697 1.33665
254255 1.27557
273813 1.22245
293371 1.17588
312929 1.13456
332487 1.09763
352045 1.06438
371603 1.03426
391161 1.00685
410719 0.981782
430277 0.958768
449835 0.937562
469393 0.917965
488951 0.899807
508509 0.882941
528067 0.867238
547625 0.85259
567183 0.838904
586741 0.826098
606299 0.814101
625857 0.802847
645415 0.79228
664973 0.78235
684531 0.77301
704089 0.764216
723647 0.755929
743205 0.748116
762763 0.740747
782321 0.73379
801879 0.727218
821437 0.721005
840995 0.71513
860553 0.709572
880111 0.704313
899669 0.699335
919227 0.694621
938785 0.690157
958343 0.685927
977901 0.681918
997459 0.678119
1017017 0.674516
1036575 0.6711
1056133 0.667861
1075691 0.664788
1095249 0.661872
1114807 0.659105
1134365 0.65648
1153923 0.653988
1173481 0.651624
1193039 0.64938
1212597 0.64725
1232155 0.645228
1251713 0.643309
1271271 0.641489
1290829 0.639762
1310387 0.638123
1329945 0.63657
1349503 0.635097
1369061 0.633701
1388619 0.632378
1408177 0.631124
1427735 0.629936
1447293 0.628811
1466851 0.627746
1486409 0.626738
1505967 0.625784
1525525 0.624881
1545083 0.624029
1564641 0.623223
1584199 0.622461
1603757 0.621743
1623315 0.621065
1642873 0.620427
1662431 0.619826
1681989 0.61926
1701547 0.618728
1721105 0.618228
1740663 0.617759
1760221 0.61732
1779779 0.616908
1799337 0.616523
1818895 0.616164
1838453 0.615829
1858011 0.615517
1877569 0.615228
1897127 0.614959
1916685 0.614711
1936243 0.614483
1955801 0.614273
1975359 0.614081
1994917 0.613905
2014475 0.613746
2034033 0.613602
2053591 0.613473
2073149 0.613358
2092707 0.613257
2112265 0.613168
2131823 0.613092
2151381 0.613028
2170939 0.612976
2190497 0.612934
2210055 0.612902
2229613 0.612881
2249171 0.612869
2268729 0.612867
2288287 0.612873
2307845 0.612887
2327403 0.61291
2346961 0.61294
2366519 0.612977
2386077 0.613022
2405635 0.613073
2425193 0.613131
2444751 0.613194
2464309 0.613264
2483867 0.613339
2503425 0.61342
2522983 0.613506
2542541 0.613596
2562099 0.613692
2581657 0.613792
2601215 0.613897
2620773 0.614005
2640331 0.614118
2659889 0.614234
2679447 0.614354
2699005 0.614477
2718563 0.614604
2738121 0.614734
2757679 0.614867
2777237 0.615003
2796795 0.615141
2816353 0.615283
2835911 0.615427
2855469 0.615573
2875027 0.615721
2894585 0.615872
2914143 0.616025
2933701 0.616179
2953259 0.616336
2972817 0.616495
2992375 0.616655
3011933 0.616817
3031491 0.61698
3051049 0.617145
3070607 0.617311
3090165 0.617478
3109723 0.617647
3129281 0.617817
3148839 0.617987
3168397 0.618159
3187955 0.618332
3207513 0.618506
3227071 0.618681
3246629 0.618856
3266187 0.619032
3285745 0.619209
3305303 0.619386
3324861 0.619564
3344419 0.619743
3363977 0.619922
3383535 0.620102
3403093 0.620282
3422651 0.620463
3442209 0.620644
3461767 0.620825
3481325 0.621007
3500883 0.621189
3520441 0.621371
3539999 0.621553
3559557 0.621736
3579115 0.621918
3598673 0.622101
3618231 0.622284
3637789 0.622468
3657347 0.622651
3676905 0.622834
3696463 0.623017
3716021 0.623201
3735579 0.623384
3755137 0.623567
3774695 0.623751
3794253 0.623934
3813811 0.624117
3833369 0.6243
3852927 0.624483
3872485 0.624666
3892043 0.624849
3911601 0.625032
3931159 0.625214
3950717 0.625396
3970275 0.625579
3989833 0.625761
4009391 0.625942
4028949 0.626124
4048507 0.626305
4068065 0.626486
4087623 0.626667
4107181 0.626848
4126739 0.627028
4146297 0.627208
4165855 0.627388
4185413 0.627568
4204971 0.627747
4224529 0.627926
4244087 0.628104
4263645 0.628283
4283203 0.628461
4302761 0.628639
4322319 0.628816
4341877 0.628993
4361435 0.62917
4380993 0.629346
4400551 0.629522
4420109 0.629698
4439667 0.629873
4459225 0.630048
4478783 0.630223
4498341 0.630398
4517899 0.630572
4537457 0.630745
4557015 0.630919
4576573 0.631092
4596131 0.631264
4615689 0.631436
4635247 0.631608
4654805 0.63178
4674363 0.631951
4693921 0.632122
4713479 0.632292
4733037 0.632462
4752595 0.632632
4772153 0.632801
4791711 0.63297
4811269 0.633139
4830827 0.633307
4850385 0.633475
4869943 0.633642
4889501 0.633809
4909059 0.633976
4928617 0.634142
4948175 0.634308
4967733 0.634474
4987291 0.634639
5006849 0.634803
5026407 0.634968
5045965 0.635132
5065523 0.635296
5085081 0.635459
5104639 0.635622
5124197 0.635784
5143755 0.635946
5163313 0.636108
5182871 0.63627
5202429 0.636431
5221987 0.636591
5241545 0.636752
5261103 0.636912
5280661 0.637071
5300219 0.63723
5319777 0.637389
5339335 0.637548
5358893 0.637706
5378451 0.637864
5398009 0.638021
5417567 0.638178
5437125 0.638334
5456683 0.638491
5476241 0.638647
5495799 0.638802
5515357 0.638957
5534915 0.639112
5554473 0.639267
5574031 0.639421
5593589 0.639574
5613147 0.639728
5632705 0.639881
5652263 0.640033
5671821 0.640185
5691379 0.640337
5710937 0.640489
5730495 0.64064
5750053 0.640791
5769611 0.640941
5789169 0.641091
5808727 0.641241
5828285 0.641391
5847843 0.64154
5867401 0.641689
5886959 0.641837
5906517 0.641985
5926075 0.642133
5945633 0.642281
5965191 0.642428
5984749 0.642575
6004307 0.642721
6023865 0.642867
6043423 0.643013
6062981 0.643159
6082539 0.643304
6102097 0.643449
6121655 0.643593
6141213 0.643738
6160771 0.643881
6180329 0.644025
6199887 0.644168
6219445 0.644311
6239003 0.644454
6258561 0.644596
6278119 0.644738
6297677 0.64488
6317235 0.645021
6336793 0.645163
6356351 0.645303
6375909 0.645444
6395467 0.645584
6415025 0.645724
6434583 0.645863
6454141 0.646003
6473699 0.646142
6493257 0.64628
6512815 0.646419
6532373 0.646557
6551931 0.646695
6571489 0.646832
6591047 0.646969
6610605 0.647106
6630163 0.647243
6649721 0.647379
6669279 0.647515
6688837 0.647651
6708395 0.647786
6727953 0.647922
6747511 0.648056
6767069 0.648191
6786627 0.648325
6806185 0.648459
6825743 0.648593
6845301 0.648727
6864859 0.64886
6884417 0.648993
6903975 0.649126
6923533 0.649258
6943091 0.64939
6962649 0.649522
6982207 0.649654
7001765 0.649785
7021323 0.649916
7040881 0.650047
7060439 0.650177
7079997 0.650307
7099555 0.650437
7119113 0.650567
7138671 0.650697
7158229 0.650826
7177787 0.650955
7197345 0.651084
7216903 0.651212
7236461 0.65134
7256019 0.651468
7275577 0.651596
7295135 0.651723
7314693 0.651851
7334251 0.651977
7353809 0.652104
7373367 0.652231
7392925 0.652357
7412483 0.652483
7432041 0.652608
7451599 0.652734
7471157 0.652859
7490715 0.652984
7510273 0.653109
7529831 0.653233
7549389 0.653358
7568947 0.653482
7588505 0.653605
7608063 0.653729
7627621 0.653852
7647179 0.653975
7666737 0.654098
7686295 0.654221
7705853 0.654343
7725411 0.654465
7744969 0.654587
7764527 0.654709
7784085 0.654831
7803643 0.654952
7823201 0.655073
7842759 0.655194
7862317 0.655314
7881875 0.655435
7901433 0.655555
7920991 0.655675
7940549 0.655794
7960107 0.655914
7979665 0.656033
7999223 0.656152
8018781 0.656271
8038339 0.656389
8057897 0.656508
8077455 0.656626
8097013 0.656744
8116571 0.656862
8136129 0.656979
8155687 0.657096
8175245 0.657214
8194803 0.65733
8214361 0.657447
8233919 0.657564
8253477 0.65768
8273035 0.657796
8292593 0.657912
8312151 0.658028
8331709 0.658143
8351267 0.658258
8370825 0.658373
8390383 0.658488
8409941 0.658603
8429499 0.658717
8449057 0.658831
8468615 0.658945
8488173 0.659059
8507731 0.659173
8527289 0.659286
8546847 0.6594
8566405 0.659513
8585963 0.659626
8605521 0.659738
8625079 0.659851
8644637 0.659963
8664195 0.660075
8683753 0.660187
8703311 0.660299
8722869 0.66041
8742427 0.660522
8761985 0.660633
8781543 0.660744
8801101 0.660854
8820659 0.660965
8840217 0.661075
8859775 0.661186
8879333 0.661296
8898891 0.661406
8918449 0.661515
8938007 0.661625
8957565 0.661734
8977123 0.661843
8996681 0.661952
9016239 0.662061
9035797 0.662169
9055355 0.662278
9074913 0.662386
9094471 0.662494
9114029 0.662602
9133587 0.662709
9153145 0.662817
9172703 0.662924
9192261 0.663031
9211819 0.663138
9231377 0.663245
9250935 0.663352
9270493 0.663458
9290051 0.663565
9309609 0.663671
9329167 0.663777
9348725 0.663882
9368283 0.663988
9387841 0.664093
9407399 0.664199
9426957 0.664304
9446515 0.664409
9466073 0.664513
9485631 0.664618
9505189 0.664722
9524747 0.664827
9544305 0.664931
9563863 0.665035
9583421 0.665138
9602979 0.665242
9622537 0.665345
9642095 0.665449
9661653 0.665552
9681211 0.665655
9700769 0.665757
9720327 0.66586
9739885 0.665963
9759443 0.666065
9779001 0.666167
9798559 0.666269
9818117 0.666371
9837675 0.666472
9857233 0.666574
9876791 0.666675
9896349 0.666777
9915907 0.666878
9935465 0.666978
9955023 0.667079
9974581 0.66718
