1 0
19559 4.77967
39117 2.29554
58675 1.44058
78233 0.935653
97791 0.719765
117349 0.59416
136907 0.515488
156465 0.459895
176023 0.419243
195581 0.387131
215139 0.360768
234697 0.338233
254255 0.31873
273813 0.302107
293371 0.287877
312929 0.275576
332487 0.264706
352045 0.25515
371603 0.246632
391161 0.23888
410719 0.231847
430277 0.225587
449835 0.219909
469393 0.214674
488951 0.209845
508509 0.205428
528067 0.201355
547625 0.197548
567183 0.194022
586741 0.190772
606299 0.187776
625857 0.184991
645415 0.182393
664973 0.179962
684531 0.177655
704089 0.175482
723647 0.173434
743205 0.171504
762763 0.169692
782321 0.167976
801879 0.166324
821437 0.164756
840995 0.16328
860553 0.161891
880111 0.16057
899669 0.159318
919227 0.158128
938785 0.156995
958343 0.155922
977901 0.1549
997459 0.153918
1017017 0.152982
1036575 0.152088
1056133 0.151231
1075691 0.150411
1095249 0.149624
1114807 0.148869
1134365 0.148148
1153923 0.147455
1173481 0.146792
1193039 0.146159
1212597 0.145549
1232155 0.144958
1251713 0.14439
1271271 0.143842
1290829 0.143314
1310387 0.142809
1329945 0.142325
1349503 0.14186
1369061 0.141413
1388619 0.140983
1408177 0.140568
1427735 0.140172
1447293 0.139793
1466851 0.139432
1486409 0.139087
1505967 0.138757
1525525 0.138441
1545083 0.138138
1564641 0.137848
1584199 0.13757
1603757 0.137303
1623315 0.137046
1642873 0.136801
1662431 0.136565
1681989 0.136339
1701547 0.136119
1721105 0.135908
1740663 0.135703
1760221 0.135506
1779779 0.135318
1799337 0.135137
1818895 0.134965
1838453 0.1348
1858011 0.134643
1877569 0.134492
1897127 0.134349
1916685 0.134212
1936243 0.134081
1955801 0.133957
1975359 0.133839
1994917 0.133726
2014475 0.13362
2034033 0.13352
2053591 0.133424
2073149 0.133331
2092707 0.133244
2112265 0.13316
2131823 0.13308
2151381 0.133004
2170939 0.132933
2190497 0.132864
2210055 0.132798
2229613 0.132736
2249171 0.132677
2268729 0.132623
2288287 0.132571
2307845 0.132522
2327403 0.132477
2346961 0.132436
2366519 0.132398
2386077 0.132364
2405635 0.132333
2425193 0.132306
2444751 0.132281
2464309 0.13226
2483867 0.132241
2503425 0.132226
2522983 0.132214
2542541 0.132204
2562099 0.132198
2581657 0.132193
2601215 0.132191
2620773 0.132191
2640331 0.132194
2659889 0.132199
2679447 0.132207
2699005 0.132217
2718563 0.13223
2738121 0.132245
2757679 0.132261
2777237 0.132279
2796795 0.132299
2816353 0.132322
2835911 0.132346
2855469 0.132372
2875027 0.132399
2894585 0.132427
2914143 0.132458
2933701 0.132491
2953259 0.132525
2972817 0.13256
2992375 0.132596
3011933 0.132633
3031491 0.132671
3051049 0.132709
3070607 0.132749
3090165 0.13279
3109723 0.132833
3129281 0.132876
3148839 0.132921
3168397 0.132968
3187955 0.133016
3207513 0.133066
3227071 0.133117
3246629 0.133169
3266187 0.133221
3285745 0.133275
3305303 0.133329
3324861 0.133384
3344419 0.13344
3363977 0.133497
3383535 0.133554
3403093 0.133611
3422651 0.13367
3442209 0.133729
3461767 0.133789
3481325 0.13385
3500883 0.133911
3520441 0.133974
3539999 0.134037
3559557 0.1341
3579115 0.134165
3598673 0.13423
3618231 0.134296
3637789 0.134363
3657347 0.13443
3676905 0.134499
3696463 0.134569
3716021 0.134639
3735579 0.13471
3755137 0.134782
3774695 0.134855
3794253 0.134928
3813811 0.135002
3833369 0.135077
3852927 0.135152
3872485 0.135227
3892043 0.135303
3911601 0.13538
3931159 0.135456
3950717 0.135533
3970275 0.13561
3989833 0.135688
4009391 0.135766
4028949 0.135844
4048507 0.135922
4068065 0.136001
4087623 0.13608
4107181 0.136159
4126739 0.136239
4146297 0.136318
4165855 0.136398
4185413 0.136478
4204971 0.136557
4224529 0.136637
4244087 0.136717
4263645 0.136797
4283203 0.136878
4302761 0.136958
4322319 0.137039
4341877 0.137121
4361435 0.137202
4380993 0.137284
4400551 0.137366
4420109 0.137448
4439667 0.13753
4459225 0.137613
4478783 0.137696
4498341 0.137778
4517899 0.137861
4537457 0.137943
4557015 0.138026
4576573 0.138109
4596131 0.138193
4615689 0.138276
4635247 0.13836
4654805 0.138443
4674363 0.138527
4693921 0.138611
4713479 0.138695
4733037 0.138779
4752595 0.138864
4772153 0.138948
4791711 0.139032
4811269 0.139116
4830827 0.1392
4850385 0.139284
4869943 0.139369
4889501 0.139453
4909059 0.139537
4928617 0.139622
4948175 0.139706
4967733 0.13979
4987291 0.139874
5006849 0.139959
5026407 0.140043
5045965 0.140126
5065523 0.14021
5085081 0.140294
5104639 0.140378
5124197 0.140462
5143755 0.140545
5163313 0.140629
5182871 0.140712
5202429 0.140796
5221987 0.140879
5241545 0.140963
5261103 0.141046
5280661 0.141129
5300219 0.141212
5319777 0.141295
5339335 0.141378
5358893 0.141461
5378451 0.141544
5398009 0.141626
5417567 0.141709
5437125 0.141792
5456683 0.141875
5476241 0.141958
5495799 0.142041
5515357 0.142123
5534915 0.142206
5554473 0.142289
5574031 0.142371
5593589 0.142454
5613147 0.142536
5632705 0.142619
5652263 0.142701
5671821 0.142783
5691379 0.142865
5710937 0.142947
5730495 0.143029
5750053 0.143111
5769611 0.143193
5789169 0.143275
5808727 0.143357
5828285 0.143438
5847843 0.14352
5867401 0.143601
5886959 0.143683
5906517 0.143764
5926075 0.143845
5945633 0.143926
5965191 0.144007
5984749 0.144088
6004307 0.144169
6023865 0.144249
6043423 0.14433
6062981 0.14441
6082539 0.14449
6102097 0.14457
6121655 0.14465
6141213 0.14473
6160771 0.14481
6180329 0.144889
6199887 0.144969
6219445 0.145048
6239003 0.145127
6258561 0.145206
6278119 0.145284
6297677 0.145363
6317235 0.145442
6336793 0.14552
6356351 0.145598
6375909 0.145676
6395467 0.145754
6415025 0.145832
6434583 0.145909
6454141 0.145987
6473699 0.146064
6493257 0.146141
6512815 0.146219
6532373 0.146295
6551931 0.146372
6571489 0.146449
6591047 0.146525
6610605 0.146601
6630163 0.146678
6649721 0.146753
6669279 0.146829
6688837 0.146905
6708395 0.14698
6727953 0.147056
6747511 0.147131
6767069 0.147206
6786627 0.147281
6806185 0.147355
6825743 0.14743
6845301 0.147504
6864859 0.147579
6884417 0.147653
6903975 0.147727
6923533 0.147801
6943091 0.147874
6962649 0.147948
6982207 0.148021
7001765 0.148094
7021323 0.148167
7040881 0.14824
7060439 0.148313
7079997 0.148386
7099555 0.148458
7119113 0.14853
7138671 0.148603
7158229 0.148675
7177787 0.148746
7197345 0.148818
7216903 0.14889
7236461 0.148961
7256019 0.149032
7275577 0.149103
7295135 0.149174
7314693 0.149245
7334251 0.149316
7353809 0.149386
7373367 0.149457
7392925 0.149527
7412483 0.149597
7432041 0.149667
7451599 0.149736
7471157 0.149806
7490715 0.149875
7510273 0.149944
7529831 0.150014
7549389 0.150083
7568947 0.150151
7588505 0.15022
7608063 0.150289
7627621 0.150357
7647179 0.150425
7666737 0.150494
7686295 0.150562
7705853 0.15063
7725411 0.150697
7744969 0.150765
7764527 0.150832
7784085 0.1509
7803643 0.150967
7823201 0.151034
7842759 0.151101
7862317 0.151168
7881875 0.151235
7901433 0.151301
7920991 0.151368
7940549 0.151434
7960107 0.1515
7979665 0.151566
7999223 0.151632
8018781 0.151698
8038339 0.151764
8057897 0.151829
8077455 0.151895
8097013 0.15196
8116571 0.152025
8136129 0.152091
8155687 0.152156
8175245 0.15222
8194803 0.152285
8214361 0.15235
8233919 0.152414
8253477 0.152479
8273035 0.152543
8292593 0.152607
8312151 0.152671
8331709 0.152735
8351267 0.152799
8370825 0.152863
8390383 0.152926
8409941 0.152989
8429499 0.153052
8449057 0.153115
8468615 0.153178
8488173 0.153241
8507731 0.153304
8527289 0.153366
8546847 0.153429
8566405 0.153491
8585963 0.153553
8605521 0.153615
8625079 0.153677
8644637 0.153739
8664195 0.153801
8683753 0.153862
8703311 0.153923
8722869 0.153985
8742427 0.154046
8761985 0.154107
8781543 0.154168
8801101 0.154229
8820659 0.154289
8840217 0.15435
8859775 0.15441
8879333 0.15447
8898891 0.154531
8918449 0.154591
8938007 0.154651
8957565 0.15471
8977123 0.15477
8996681 0.15483
9016239 0.154889
9035797 0.154948
9055355 0.155008
9074913 0.155067
9094471 0.155126
9114029 0.155184
9133587 0.155243
9153145 0.155302
9172703 0.15536
9192261 0.155419
9211819 0.155477
9231377 0.155535
9250935 0.155593
9270493 0.155651
9290051 0.155709
9309609 0.155767
9329167 0.155824
9348725 0.155882
9368283 0.155939
9387841 0.155996
9407399 0.156053
9426957 0.156111
9446515 0.156167
9466073 0.156224
9485631 0.156281
9505189 0.156338
9524747 0.156394
9544305 0.15645
9563863 0.156507
9583421 0.156563
9602979 0.156619
9622537 0.156675
9642095 0.156731
9661653 0.156787
9681211 0.156842
9700769 0.156898
9720327 0.156953
9739885 0.157009
9759443 0.157064
9779001 0.157119
9798559 0.157174
9818117 0.157229
9837675 0.157284
9857233 0.157338
9876791 0.157393
9896349 0.157447
9915907 0.157502
9935465 0.157556
9955023 0.15761
9974581 0.157664
9994139 0.157718
