1 31.3626 1992.51 1
19559 12.1069 1018.82 0.5331
39117 7.97248 700.858 0.398102
58675 6.57572 572.635 0.33209
78233 5.90771 516.823 0.322597
97791 5.49277 483.229 0.304393
117349 5.26804 463.302 0.315836
136907 5.1314 453.515 0.303892
156465 5.03061 446.015 0.303024
176023 4.94585 440.314 0.298838
195581 4.87749 435.99 0.297089
215139 4.82112 431.498 0.291008
234697 4.77121 428.745 0.290788
254255 4.72572 424.755 0.285307
273813 4.68455 422.582 0.283762
293371 4.64674 419.256 0.27981
312929 4.61207 417.294 0.2779
332487 4.57995 414.71 0.273913
352045 4.55007 412.804 0.272675
371603 4.52179 410.732 0.268532
391161 4.49504 408.86 0.267369
410719 4.46949 407.021 0.263804
430277 4.44519 405.29 0.262221
449835 4.42189 403.594 0.259299
469393 4.39963 402.034 0.257488
488951 4.37818 400.432 0.254913
508509 4.35759 399.004 0.253077
528067 4.33769 397.503 0.250719
547625 4.31851 396.145 0.248908
567183 4.29994 394.758 0.24671
586741 4.282 393.457 0.244963
606299 4.2646 392.173 0.242876
625857 4.24776 390.932 0.241206
645415 4.23139 389.729 0.239223
664973 4.21552 388.552 0.237607
684531 4.20009 387.42 0.235741
704089 4.18509 386.308 0.234158
723647 4.17049 385.23 0.232407
743205 4.15629 384.166 0.230858
762763 4.14245 383.142 0.229204
782321 4.12898 382.125 0.227699
801879 4.11583 381.149 0.226126
821437 4.10302 380.179 0.224669
840995 4.09051 379.247 0.223164
860553 4.0783 378.322 0.221758
880111 4.06637 377.431 0.220314
899669 4.05473 376.548 0.218956
919227 4.04334 375.694 0.217571
938785 4.03221 374.851 0.216256
958343 4.02133 374.035 0.214926
977901 4.01068 373.229 0.213654
997459 4.00026 372.449 0.212375
1017017 3.99006 371.683 0.211143
1036575 3.98007 370.935 0.209911
1056133 3.97028 370.2 0.208719
1075691 3.96069 369.482 0.20753
1095249 3.9513 368.775 0.206376
1114807 3.94208 368.087 0.205228
1134365 3.93305 367.415 0.20411
1153923 3.92419 366.756 0.203001
1173481 3.91549 366.11 0.201918
1193039 3.90696 365.479 0.200844
1212597 3.89859 364.857 0.199795
1232155 3.89037 364.247 0.198755
1251713 3.88229 363.647 0.197737
1271271 3.87436 363.059 0.19673
1290829 3.86657 362.481 0.195742
1310387 3.85891 361.915 0.194766
1329945 3.85139 361.362 0.193807
1349503 3.84399 360.82 0.19286
1369061 3.83672 360.288 0.191929
1388619 3.82957 359.765 0.191009
1408177 3.82254 359.251 0.190105
1427735 3.81562 358.746 0.189211
1447293 3.80881 358.25 0.188332
1466851 3.80211 357.762 0.187464
1486409 3.79552 357.282 0.186609
1505967 3.78903 356.809 0.185765
1525525 3.78264 356.343 0.184933
1545083 3.77635 355.884 0.184112
1564641 3.77015 355.435 0.183302
1584199 3.76405 354.995 0.182503
1603757 3.75804 354.561 0.181715
1623315 3.75211 354.136 0.180937
1642873 3.74628 353.717 0.180169
1662431 3.74053 353.303 0.179411
1681989 3.73486 352.894 0.178663
1701547 3.72927 352.493 0.177924
1721105 3.72376 352.099 0.177195
1740663 3.71833 351.713 0.176475
1760221 3.71298 351.331 0.175764
1779779 3.7077 350.954 0.175061
1799337 3.70249 350.581 0.174368
1818895 3.69735 350.212 0.173682
1838453 3.69229 349.846 0.173005
1858011 3.68729 349.485 0.172337
1877569 3.68235 349.129 0.171676
1897127 3.67748 348.778 0.171023
1916685 3.67268 348.431 0.170377
1936243 3.66794 348.088 0.16974
1955801 3.66326 347.75 0.169109
1975359 3.65864 347.416 0.168486
1994917 3.65408 347.086 0.16787
2014475 3.64957 346.762 0.167261
2034033 3.64513 346.443 0.166659
2053591 3.64074 346.126 0.166064
2073149 3.6364 345.814 0.165475
2092707 3.63212 345.505 0.164893
2112265 3.62789 345.201 0.164317
2131823 3.62371 344.901 0.163747
2151381 3.61959 344.606 0.163184
2170939 3.61551 344.312 0.162627
2190497 3.61148 344.022 0.162075
2210055 3.6075 343.734 0.16153
2229613 3.60357 343.451 0.16099
2249171 3.59968 343.171 0.160456
2268729 3.59584 342.895 0.159927
2288287 3.59205 342.621 0.159404
2307845 3.5883 342.352 0.158887
2327403 3.58459 342.085 0.158374
2346961 3.58092 341.822 0.157867
2366519 3.5773 341.564 0.157365
2386077 3.57372 341.309 0.156868
2405635 3.57018 341.057 0.156376
2425193 3.56668 340.807 0.155889
2444751 3.56322 340.56 0.155406
2464309 3.55979 340.315 0.154929
2483867 3.55641 340.074 0.154618
2503425 3.55306 339.834 0.15431
2522983 3.54975 339.597 0.154004
2542541 3.54648 339.361 0.153701
2562099 3.54324 339.128 0.1534
2581657 3.54004 338.897 0.153102
2601215 3.53687 338.669 0.152805
2620773 3.53374 338.443 0.152511
2640331 3.53064 338.22 0.15222
2659889 3.52757 338 0.15193
2679447 3.52454 337.782 0.151643
2699005 3.52154 337.566 0.151357
2718563 3.51857 337.354 0.151074
2738121 3.51563 337.143 0.150793
2757679 3.51272 336.934 0.150514
2777237 3.50985 336.729 0.150236
2796795 3.507 336.525 0.149961
2816353 3.50419 336.324 0.149688
2835911 3.5014 336.125 0.149417
2855469 3.49864 335.928 0.149147
2875027 3.49591 335.733 0.149021
2894585 3.49321 335.539 0.148956
2914143 3.49053 335.349 0.148891
2933701 3.48789 335.161 0.148826
2953259 3.48527 334.976 0.148762
2972817 3.48268 334.794 0.148699
2992375 3.48011 334.613 0.148636
3011933 3.47757 334.434 0.148574
3031491 3.47505 334.257 0.148512
3051049 3.47257 334.082 0.14845
3070607 3.4701 333.91 0.148389
3090165 3.46766 333.741 0.148328
3109723 3.46525 333.574 0.148268
3129281 3.46285 333.408 0.148208
3148839 3.46049 333.244 0.148149
3168397 3.45814 333.083 0.14809
3187955 3.45582 332.925 0.148031
3207513 3.45352 332.767 0.147972
3227071 3.45125 332.611 0.147914
3246629 3.44899 332.456 0.147857
3266187 3.44676 332.303 0.147799
3285745 3.44455 332.151 0.147742
3305303 3.44237 332 0.147686
3324861 3.4402 331.85 0.147629
3344419 3.43805 331.702 0.147573
3363977 3.43593 331.556 0.147518
3383535 3.43383 331.411 0.147462
3403093 3.43174 331.268 0.147407
3422651 3.42968 331.126 0.147352
3442209 3.42763 330.987 0.147297
3461767 3.42561 330.85 0.147243
3481325 3.42361 330.715 0.147189
3500883 3.42162 330.58 0.147135
3520441 3.41965 330.447 0.147082
3539999 3.41771 330.316 0.147028
3559557 3.41578 330.186 0.146975
3579115 3.41387 330.057 0.146922
3598673 3.41197 329.929 0.14687
3618231 3.4101 329.803 0.146818
3637789 3.40824 329.677 0.146765
3657347 3.4064 329.553 0.146713
3676905 3.40458 329.429 0.146662
3696463 3.40277 329.305 0.14661
3716021 3.40099 329.183 0.146559
3735579 3.39921 329.062 0.146508
3755137 3.39746 328.943 0.146457
3774695 3.39572 328.825 0.146406
3794253 3.394 328.709 0.146356
3813811 3.39229 328.593 0.146305
3833369 3.3906 328.479 0.146255
3852927 3.38893 328.366 0.146205
3872485 3.38727 328.254 0.146155
3892043 3.38563 328.143 0.146106
3911601 3.384 328.033 0.146056
3931159 3.38239 327.923 0.146007
3950717 3.38079 327.815 0.145958
3970275 3.37921 327.707 0.145909
3989833 3.37764 327.601 0.14586
4009391 3.37609 327.495 0.145811
4028949 3.37455 327.391 0.145763
4048507 3.37302 327.288 0.145715
4068065 3.37151 327.185 0.145666
4087623 3.37002 327.083 0.145618
4107181 3.36853 326.982 0.14557
4126739 3.36706 326.881 0.145522
4146297 3.36561 326.781 0.145475
4165855 3.36417 326.682 0.145427
4185413 3.36274 326.585 0.14538
4204971 3.36132 326.488 0.145333
4224529 3.35992 326.392 0.145285
4244087 3.35853 326.296 0.145238
4263645 3.35715 326.202 0.145191
4283203 3.35579 326.108 0.145145
4302761 3.35444 326.015 0.145098
4322319 3.3531 325.923 0.145051
4341877 3.35177 325.832 0.145005
4361435 3.35046 325.743 0.144959
4380993 3.34916 325.654 0.144912
4400551 3.34786 325.567 0.144866
4420109 3.34659 325.48 0.14482
4439667 3.34532 325.394 0.144774
4459225 3.34406 325.309 0.144728
4478783 3.34282 325.223 0.144683
4498341 3.34159 325.14 0.144637
4517899 3.34037 325.057 0.144591
4537457 3.33916 324.975 0.144546
4557015 3.33796 324.894 0.144501
4576573 3.33677 324.814 0.144455
4596131 3.3356 324.734 0.14441
4615689 3.33443 324.655 0.144365
4635247 3.33328 324.577 0.14432
4654805 3.33213 324.499 0.144275
4674363 3.331 324.423 0.144231
4693921 3.32987 324.347 0.144186
4713479 3.32876 324.271 0.144141
4733037 3.32766 324.197 0.144097
4752595 3.32657 324.123 0.144052
4772153 3.32548 324.051 0.144008
4791711 3.32441 323.978 0.143963
4811269 3.32335 323.907 0.143919
4830827 3.3223 323.837 0.143875
4850385 3.32126 323.767 0.143831
4869943 3.32022 323.698 0.143787
4889501 3.3192 323.63 0.143743
4909059 3.31819 323.563 0.143699
4928617 3.31718 323.496 0.143655
4948175 3.31619 323.43 0.143611
4967733 3.3152 323.365 0.143593
4987291 3.31422 323.3 0.143593
5006849 3.31326 323.237 0.143594
5026407 3.3123 323.175 0.143596
5045965 3.31135 323.113 0.143598
5065523 3.31041 323.052 0.1436
5085081 3.30948 322.991 0.143602
5104639 3.30855 322.931 0.143605
5124197 3.30764 322.872 0.143608
5143755 3.30673 322.814 0.143611
5163313 3.30584 322.756 0.143615
5182871 3.30495 322.7 0.143619
5202429 3.30407 322.645 0.143623
5221987 3.3032 322.59 0.143628
5241545 3.30233 322.536 0.143633
5261103 3.30148 322.483 0.143638
5280661 3.30063 322.431 0.143643
5300219 3.29979 322.379 0.143649
5319777 3.29896 322.328 0.143655
5339335 3.29814 322.277 0.143661
5358893 3.29732 322.227 0.143668
5378451 3.29651 322.177 0.143675
5398009 3.29571 322.127 0.143682
5417567 3.29492 322.078 0.143689
5437125 3.29414 322.029 0.143697
5456683 3.29336 321.981 0.143705
5476241 3.29259 321.932 0.143713
5495799 3.29183 321.885 0.143722
5515357 3.29107 321.837 0.14373
5534915 3.29033 321.791 0.143739
5554473 3.28959 321.745 0.143748
5574031 3.28886 321.699 0.143758
5593589 3.28813 321.653 0.143768
5613147 3.28741 321.609 0.143778
5632705 3.2867 321.564 0.143788
5652263 3.286 321.52 0.143798
5671821 3.2853 321.477 0.143809
5691379 3.28461 321.434 0.14382
5710937 3.28392 321.392 0.143831
5730495 3.28325 321.35 0.143842
5750053 3.28258 321.308 0.143854
5769611 3.28192 321.267 0.143865
5789169 3.28126 321.226 0.143877
5808727 3.28061 321.185 0.143889
5828285 3.27997 321.145 0.143902
5847843 3.27933 321.105 0.143914
5867401 3.2787 321.066 0.143927
5886959 3.27807 321.027 0.14394
5906517 3.27746 320.988 0.143954
5926075 3.27684 320.951 0.143967
5945633 3.27624 320.913 0.143981
5965191 3.27564 320.877 0.143994
5984749 3.27505 320.84 0.144008
6004307 3.27446 320.805 0.144023
6023865 3.27388 320.77 0.144037
6043423 3.27331 320.736 0.144052
6062981 3.27274 320.703 0.144066
6082539 3.27218 320.67 0.144081
6102097 3.27162 320.638 0.144097
6121655 3.27107 320.606 0.144112
6141213 3.27052 320.575 0.144127
6160771 3.26999 320.543 0.144143
6180329 3.26945 320.512 0.144159
6199887 3.26893 320.481 0.144175
6219445 3.2684 320.451 0.144191
6239003 3.26789 320.421 0.144207
6258561 3.26738 320.392 0.144224
6278119 3.26687 320.363 0.144241
6297677 3.26637 320.335 0.144258
6317235 3.26588 320.307 0.144275
6336793 3.26539 320.28 0.144292
6356351 3.26491 320.253 0.144309
6375909 3.26443 320.227 0.144326
6395467 3.26396 320.201 0.144344
6415025 3.26349 320.175 0.144362
6434583 3.26303 320.15 0.14438
6454141 3.26257 320.126 0.144398
6473699 3.26212 320.102 0.144416
6493257 3.26167 320.079 0.144434
6512815 3.26123 320.057 0.144453
6532373 3.26079 320.034 0.144472
6551931 3.26036 320.012 0.14449
6571489 3.25994 319.991 0.144509
6591047 3.25952 319.97 0.144528
6610605 3.2591 319.949 0.144547
6630163 3.25869 319.929 0.144567
6649721 3.25828 319.909 0.144586
6669279 3.25788 319.89 0.144606
6688837 3.25748 319.872 0.144625
6708395 3.25709 319.853 0.144645
6727953 3.2567 319.835 0.144665
6747511 3.25632 319.818 0.144685
6767069 3.25594 319.801 0.144706
6786627 3.25557 319.785 0.144726
6806185 3.2552 319.769 0.144746
6825743 3.25484 319.754 0.144767
6845301 3.25448 319.739 0.144787
6864859 3.25412 319.724 0.144808
6884417 3.25377 319.709 0.144829
6903975 3.25343 319.696 0.14485
6923533 3.25309 319.683 0.144871
6943091 3.25275 319.67 0.144892
6962649 3.25242 319.657 0.144914
6982207 3.25209 319.645 0.144935
7001765 3.25177 319.633 0.144957
7021323 3.25145 319.622 0.144978
7040881 3.25113 319.611 0.145
7060439 3.25082 319.6 0.145022
7079997 3.25051 319.589 0.145044
7099555 3.25021 319.579 0.145066
7119113 3.24991 319.569 0.145088
7138671 3.24962 319.558 0.14511
7158229 3.24933 319.549 0.145132
7177787 3.24904 319.539 0.145155
7197345 3.24876 319.53 0.145177
7216903 3.24848 319.521 0.1452
7236461 3.24821 319.512 0.145222
7256019 3.24794 319.503 0.145245
7275577 3.24767 319.495 0.145268
7295135 3.24741 319.487 0.145291
7314693 3.24715 319.48 0.145314
7334251 3.2469 319.473 0.145337
7353809 3.24664 319.467 0.14536
7373367 3.2464 319.46 0.145383
7392925 3.24616 319.454 0.145406
7412483 3.24592 319.447 0.14543
7432041 3.24568 319.442 0.145453
7451599 3.24545 319.436 0.145477
7471157 3.24522 319.431 0.1455
7490715 3.245 319.426 0.145524
7510273 3.24478 319.422 0.145548
7529831 3.24456 319.418 0.145572
7549389 3.24435 319.414 0.145595
7568947 3.24414 319.41 0.145619
7588505 3.24393 319.407 0.145643
7608063 3.24373 319.404 0.145667
7627621 3.24353 319.401 0.145692
7647179 3.24334 319.398 0.145716
7666737 3.24314 319.396 0.14574
7686295 3.24296 319.395 0.145764
7705853 3.24277 319.393 0.145789
7725411 3.24259 319.392 0.145813
7744969 3.24241 319.392 0.145838
7764527 3.24224 319.392 0.145862
7784085 3.24207 319.392 0.145887
7803643 3.2419 319.393 0.145912
7823201 3.24174 319.394 0.145937
7842759 3.24157 319.396 0.145961
7862317 3.24142 319.397 0.145986
7881875 3.24126 319.399 0.146011
7901433 3.24111 319.401 0.146036
7920991 3.24096 319.403 0.146061
7940549 3.24082 319.406 0.146086
7960107 3.24068 319.409 0.146111
7979665 3.24054 319.412 0.146136
7999223 3.2404 319.416 0.146162
8018781 3.24027 319.42 0.146187
8038339 3.24014 319.424 0.146212
8057897 3.24002 319.428 0.146238
8077455 3.23989 319.433 0.146263
8097013 3.23977 319.438 0.146288
8116571 3.23966 319.443 0.146314
8136129 3.23954 319.448 0.146339
8155687 3.23943 319.454 0.146365
8175245 3.23933 319.461 0.146391
8194803 3.23922 319.468 0.146416
8214361 3.23912 319.474 0.146442
8233919 3.23902 319.481 0.146468
8253477 3.23893 319.488 0.146493
8273035 3.23883 319.496 0.146519
8292593 3.23875 319.503 0.146545
8312151 3.23866 319.511 0.146571
8331709 3.23857 319.518 0.146597
8351267 3.23849 319.526 0.146623
8370825 3.23842 319.535 0.146649
8390383 3.23834 319.543 0.146675
8409941 3.23827 319.551 0.146701
8429499 3.2382 319.56 0.146727
8449057 3.23813 319.569 0.146753
8468615 3.23807 319.579 0.146779
8488173 3.238 319.589 0.146805
8507731 3.23795 319.599 0.146831
8527289 3.23789 319.609 0.146858
8546847 3.23784 319.619 0.146884
8566405 3.23779 319.63 0.14691
8585963 3.23774 319.641 0.146937
8605521 3.23769 319.652 0.146963
8625079 3.23765 319.662 0.146989
8644637 3.23761 319.673 0.147016
8664195 3.23757 319.684 0.147042
8683753 3.23754 319.695 0.147068
8703311 3.23751 319.707 0.147095
8722869 3.23748 319.719 0.147121
8742427 3.23745 319.731 0.147148
8761985 3.23743 319.743 0.147174
8781543 3.2374 319.756 0.147201
8801101 3.23738 319.769 0.147227
8820659 3.23737 319.782 0.147254
8840217 3.23735 319.796 0.147281
8859775 3.23734 319.81 0.147307
8879333 3.23733 319.823 0.147334
8898891 3.23732 319.837 0.147361
8918449 3.23732 319.852 0.147387
8938007 3.23732 319.866 0.147414
8957565 3.23732 319.88 0.147441
8977123 3.23732 319.895 0.147467
8996681 3.23733 319.909 0.147494
9016239 3.23733 319.924 0.147521
9035797 3.23734 319.939 0.147548
9055355 3.23736 319.954 0.147574
9074913 3.23737 319.97 0.147601
9094471 3.23739 319.986 0.147628
9114029 3.23741 320.002 0.147655
9133587 3.23743 320.018 0.147682
9153145 3.23745 320.034 0.147708
9172703 3.23748 320.05 0.147735
9192261 3.23751 320.067 0.147762
9211819 3.23754 320.084 0.147789
9231377 3.23757 320.101 0.147816
9250935 3.2376 320.118 0.147843
9270493 3.23764 320.135 0.14787
9290051 3.23768 320.153 0.147897
9309609 3.23772 320.17 0.147923
9329167 3.23777 320.188 0.14795
9348725 3.23781 320.207 0.147977
9368283 3.23786 320.225 0.148004
9387841 3.23791 320.244 0.148031
9407399 3.23796 320.262 0.148058
9426957 3.23802 320.281 0.148085
9446515 3.23807 320.301 0.148112
9466073 3.23813 320.32 0.148139
9485631 3.23819 320.34 0.148166
9505189 3.23826 320.36 0.148193
9524747 3.23832 320.38 0.14822
9544305 3.23839 320.4 0.148247
9563863 3.23846 320.42 0.148274
9583421 3.23853 320.44 0.148301
9602979 3.2386 320.461 0.148328
9622537 3.23868 320.482 0.148355
9642095 3.23876 320.504 0.148382
9661653 3.23883 320.525 0.148409
9681211 3.23892 320.547 0.148436
9700769 3.239 320.569 0.148463
9720327 3.23908 320.591 0.14849
9739885 3.23917 320.613 0.148517
9759443 3.23926 320.636 0.148544
9779001 3.23935 320.659 0.148571
9798559 3.23945 320.681 0.148598
9818117 3.23954 320.704 0.148625
9837675 3.23964 320.727 0.148652
9857233 3.23974 320.75 0.148679
9876791 3.23984 320.773 0.148706
9896349 3.23994 320.796 0.148733
9915907 3.24004 320.819 0.14876
9935465 3.24015 320.842 0.148787
9955023 3.24026 320.866 0.148814
9974581 3.24037 320.89 0.148841
9994139 3.24048 320.914 0.148868
10013697 3.24059 320.938 0.148895
10033255 3.24071 320.963 0.148922
10052813 3.24083 320.987 0.148948
10072371 3.24095 321.012 0.148975
10091929 3.24107 321.037 0.149002
10111487 3.24119 321.061 0.149029
10131045 3.24131 321.086 0.149056
10150603 3.24144 321.111 0.149083
10170161 3.24157 321.136 0.14911
10189719 3.2417 321.161 0.149137
10209277 3.24183 321.186 0.149164
10228835 3.24196 321.211 0.149191
10248393 3.2421 321.237 0.149218
10267951 3.24224 321.262 0.149245
10287509 3.24237 321.288 0.149271
10307067 3.24251 321.314 0.149298
10326625 3.24266 321.339 0.149325
10346183 3.2428 321.365 0.149352
10365741 3.24294 321.391 0.149379
10385299 3.24309 321.417 0.149406
10404857 3.24324 321.444 0.149433
10424415 3.24339 321.47 0.149459
10443973 3.24354 321.496 0.149486
10463531 3.2437 321.522 0.149513
10483089 3.24385 321.549 0.14954
10502647 3.24401 321.576 0.149567
10522205 3.24417 321.603 0.149593
10541763 3.24433 321.631 0.14962
10561321 3.24449 321.658 0.149647
10580879 3.24465 321.687 0.149674
10600437 3.24481 321.715 0.1497
10619995 3.24498 321.744 0.149727
10639553 3.24515 321.773 0.149754
10659111 3.24532 321.802 0.14978
10678669 3.24549 321.831 0.149807
10698227 3.24566 321.861 0.149834
10717785 3.24584 321.89 0.14986
10737343 3.24601 321.919 0.149887
10756901 3.24619 321.949 0.149914
10776459 3.24637 321.978 0.14994
10796017 3.24655 322.008 0.149967
10815575 3.24673 322.038 0.149993
10835133 3.24691 322.067 0.15002
10854691 3.2471 322.097 0.150047
10874249 3.24728 322.127 0.150073
10893807 3.24747 322.157 0.1501
10913365 3.24766 322.187 0.150126
10932923 3.24785 322.217 0.150153
10952481 3.24804 322.248 0.150179
10972039 3.24824 322.278 0.150206
10991597 3.24843 322.309 0.150232
11011155 3.24863 322.34 0.150259
11030713 3.24883 322.371 0.150285
11050271 3.24902 322.402 0.150312
11069829 3.24923 322.433 0.150338
11089387 3.24943 322.465 0.150364
11108945 3.24963 322.496 0.150391
11128503 3.24984 322.528 0.150417
11148061 3.25004 322.559 0.150443
11167619 3.25025 322.591 0.15047
11187177 3.25046 322.623 0.150496
11206735 3.25067 322.655 0.150522
11226293 3.25088 322.687 0.150549
11245851 3.25109 322.72 0.150575
11265409 3.25131 322.752 0.150601
11284967 3.25152 322.784 0.150627
11304525 3.25174 322.817 0.150654
11324083 3.25196 322.85 0.15068
11343641 3.25218 322.883 0.150706
11363199 3.2524 322.916 0.150732
11382757 3.25262 322.949 0.150758
11402315 3.25285 322.983 0.150785
11421873 3.25307 323.017 0.150811
11441431 3.2533 323.051 0.150837
11460989 3.25353 323.085 0.150863
11480547 3.25375 323.12 0.150889
11500105 3.25398 323.154 0.150915
11519663 3.25422 323.189 0.150941
11539221 3.25445 323.223 0.150967
11558779 3.25468 323.258 0.150993
11578337 3.25492 323.292 0.151019
11597895 3.25515 323.327 0.151045
11617453 3.25539 323.362 0.151071
11637011 3.25563 323.398 0.151097
11656569 3.25587 323.433 0.151123
11676127 3.25611 323.469 0.151149
11695685 3.25636 323.505 0.151174
11715243 3.2566 323.541 0.1512
11734801 3.25684 323.577 0.151226
11754359 3.25709 323.613 0.151252
11773917 3.25734 323.649 0.151278
11793475 3.25759 323.685 0.151304
11813033 3.25784 323.722 0.151329
11832591 3.25809 323.758 0.151355
11852149 3.25834 323.795 0.151381
11871707 3.25859 323.831 0.151406
11891265 3.25885 323.868 0.151432
11910823 3.2591 323.905 0.151458
11930381 3.25936 323.942 0.151483
11949939 3.25962 323.979 0.151509
11969497 3.25988 324.017 0.151535
11989055 3.26014 324.054 0.15156
12008613 3.2604 324.092 0.151586
12028171 3.26066 324.129 0.151611
12047729 3.26093 324.167 0.151637
12067287 3.26119 324.205 0.151662
12086845 3.26146 324.242 0.151688
12106403 3.26173 324.28 0.151713
12125961 3.26199 324.318 0.151739
12145519 3.26226 324.356 0.151764
12165077 3.26253 324.394 0.15179
12184635 3.26281 324.432 0.151815
12204193 3.26308 324.471 0.15184
12223751 3.26335 324.509 0.151866
12243309 3.26363 324.547 0.151891
12262867 3.2639 324.586 0.151916
12282425 3.26418 324.624 0.151942
12301983 3.26446 324.663 0.151967
12321541 3.26474 324.701 0.151992
12341099 3.26502 324.74 0.152017
12360657 3.2653 324.779 0.152043
12380215 3.26558 324.818 0.152068
12399773 3.26587 324.857 0.152093
12419331 3.26615 324.896 0.152118
12438889 3.26644 324.935 0.152143
12458447 3.26672 324.974 0.152168
12478005 3.26701 325.013 0.152193
12497563 3.2673 325.052 0.152218
12517121 3.26759 325.091 0.152244
12536679 3.26788 325.13 0.152269
12556237 3.26817 325.17 0.152294
12575795 3.26846 325.21 0.152319
12595353 3.26876 325.249 0.152343
12614911 3.26905 325.289 0.152368
12634469 3.26935 325.33 0.152393
12654027 3.26964 325.37 0.152418
12673585 3.26994 325.41 0.152443
12693143 3.27024 325.45 0.152468
12712701 3.27054 325.49 0.152493
12732259 3.27084 325.531 0.152518
12751817 3.27114 325.571 0.152542
12771375 3.27144 325.611 0.152567
12790933 3.27175 325.652 0.152592
12810491 3.27205 325.693 0.152617
12830049 3.27236 325.733 0.152641
12849607 3.27266 325.774 0.152666
12869165 3.27297 325.815 0.152691
12888723 3.27328 325.855 0.152715
12908281 3.27359 325.896 0.15274
12927839 3.2739 325.938 0.152764
12947397 3.27421 325.979 0.152789
12966955 3.27452 326.02 0.152814
12986513 3.27483 326.061 0.152838
13006071 3.27515 326.102 0.152863
13025629 3.27546 326.144 0.152887
13045187 3.27578 326.185 0.152911
13064745 3.2761 326.227 0.152936
13084303 3.27641 326.268 0.15296
13103861 3.27673 326.31 0.152985
13123419 3.27705 326.352 0.153009
13142977 3.27737 326.394 0.153033
13162535 3.27769 326.435 0.153058
13182093 3.27801 326.477 0.153082
13201651 3.27834 326.519 0.153106
13221209 3.27866 326.561 0.153131
13240767 3.27898 326.604 0.153155
13260325 3.27931 326.646 0.153179
13279883 3.27964 326.688 0.153203
13299441 3.27996 326.73 0.153227
13318999 3.28029 326.773 0.153252
13338557 3.28062 326.815 0.153276
13358115 3.28095 326.857 0.1533
13377673 3.28128 326.9 0.153324
13397231 3.28161 326.942 0.153348
13416789 3.28194 326.984 0.153372
13436347 3.28228 327.027 0.153396
13455905 3.28261 327.07 0.15342
13475463 3.28294 327.112 0.153444
13495021 3.28328 327.155 0.153468
13514579 3.28362 327.198 0.153492
13534137 3.28395 327.241 0.153516
13553695 3.28429 327.283 0.15354
13573253 3.28463 327.326 0.153564
13592811 3.28497 327.37 0.153588
13612369 3.28531 327.413 0.153611
13631927 3.28565 327.456 0.153635
13651485 3.28599 327.5 0.153659
13671043 3.28634 327.543 0.153683
13690601 3.28668 327.586 0.153706
13710159 3.28702 327.629 0.15373
13729717 3.28737 327.673 0.153754
13749275 3.28772 327.716 0.153778
13768833 3.28806 327.759 0.153801
13788391 3.28841 327.803 0.153825
13807949 3.28876 327.846 0.153848
13827507 3.28911 327.889 0.153872
13847065 3.28946 327.933 0.153896
13866623 3.28981 327.976 0.153919
13886181 3.29016 328.019 0.153943
13905739 3.29051 328.063 0.153966
13925297 3.29086 328.106 0.15399
13944855 3.29122 328.15 0.154013
13964413 3.29157 328.193 0.154036
13983971 3.29193 328.237 0.15406
14003529 3.29228 328.281 0.154083
14023087 3.29264 328.325 0.154107
14042645 3.293 328.369 0.15413
14062203 3.29336 328.413 0.154153
14081761 3.29371 328.457 0.154177
14101319 3.29407 328.502 0.1542
14120877 3.29443 328.546 0.154223
14140435 3.29479 328.591 0.154246
14159993 3.29516 328.636 0.15427
14179551 3.29552 328.68 0.154293
14199109 3.29588 328.725 0.154316
14218667 3.29625 328.77 0.154339
14238225 3.29661 328.815 0.154362
14257783 3.29698 328.86 0.154385
14277341 3.29734 328.905 0.154408
14296899 3.29771 328.95 0.154432
14316457 3.29808 328.995 0.154455
14336015 3.29844 329.04 0.154478
14355573 3.29881 329.085 0.154501
14375131 3.29918 329.13 0.154524
14394689 3.29955 329.175 0.154546
14414247 3.29992 329.22 0.154569
14433805 3.30029 329.265 0.154592
14453363 3.30067 329.31 0.154615
14472921 3.30104 329.355 0.154638
14492479 3.30141 329.4 0.154661
14512037 3.30179 329.445 0.154684
14531595 3.30216 329.49 0.154707
14551153 3.30254 329.536 0.154729
14570711 3.30291 329.581 0.154752
14590269 3.30329 329.626 0.154775
14609827 3.30367 329.671 0.154798
14629385 3.30405 329.716 0.15482
14648943 3.30442 329.761 0.154843
14668501 3.3048 329.807 0.154866
14688059 3.30518 329.852 0.154888
14707617 3.30556 329.897 0.154911
14727175 3.30595 329.942 0.154933
14746733 3.30633 329.988 0.154956
14766291 3.30671 330.033 0.154979
14785849 3.30709 330.079 0.155001
14805407 3.30748 330.125 0.155024
14824965 3.30786 330.171 0.155046
14844523 3.30825 330.216 0.155069
14864081 3.30863 330.262 0.155091
14883639 3.30902 330.308 0.155113
14903197 3.30941 330.354 0.155136
14922755 3.30979 330.4 0.155158
14942313 3.31018 330.446 0.155181
14961871 3.31057 330.492 0.155203
14981429 3.31096 330.538 0.155225
15000987 3.31135 330.584 0.155247
15020545 3.31174 330.63 0.15527
15040103 3.31213 330.676 0.155292
15059661 3.31252 330.722 0.155314
15079219 3.31292 330.768 0.155336
15098777 3.31331 330.814 0.155359
15118335 3.3137 330.86 0.155381
15137893 3.3141 330.907 0.155403
15157451 3.31449 330.953 0.155425
15177009 3.31489 330.999 0.155447
15196567 3.31528 331.045 0.155469
15216125 3.31568 331.092 0.155491
15235683 3.31608 331.138 0.155513
15255241 3.31647 331.184 0.155535
15274799 3.31687 331.23 0.155557
15294357 3.31727 331.277 0.155579
15313915 3.31767 331.323 0.155601
15333473 3.31807 331.369 0.155623
15353031 3.31847 331.416 0.155645
15372589 3.31887 331.462 0.155667
15392147 3.31927 331.508 0.155689
15411705 3.31968 331.555 0.155711
15431263 3.32008 331.601 0.155733
15450821 3.32048 331.648 0.155755
15470379 3.32089 331.694 0.155776
15489937 3.32129 331.741 0.155798
15509495 3.32169 331.788 0.15582
15529053 3.3221 331.834 0.155842
15548611 3.32251 331.881 0.155863
15568169 3.32291 331.928 0.155885
15587727 3.32332 331.975 0.155907
15607285 3.32373 332.022 0.155928
15626843 3.32414 332.069 0.15595
15646401 3.32454 332.116 0.155972
15665959 3.32495 332.164 0.155993
15685517 3.32536 332.211 0.156015
15705075 3.32577 332.258 0.156036
15724633 3.32618 332.306 0.156058
15744191 3.3266 332.353 0.156079
15763749 3.32701 332.401 0.156101
15783307 3.32742 332.449 0.156122
15802865 3.32783 332.496 0.156144
15822423 3.32825 332.544 0.156165
15841981 3.32866 332.592 0.156187
15861539 3.32907 332.639 0.156208
15881097 3.32949 332.687 0.156229
15900655 3.3299 332.735 0.156251
15920213 3.33032 332.783 0.156272
15939771 3.33074 332.831 0.156293
15959329 3.33115 332.879 0.156315
15978887 3.33157 332.927 0.156336
15998445 3.33199 332.974 0.156357
16018003 3.33241 333.022 0.156379
16037561 3.33283 333.07 0.1564
16057119 3.33324 333.118 0.156421
16076677 3.33366 333.166 0.156442
16096235 3.33408 333.214 0.156463
16115793 3.33451 333.262 0.156484
16135351 3.33493 333.311 0.156506
16154909 3.33535 333.359 0.156527
16174467 3.33577 333.408 0.156548
16194025 3.33619 333.456 0.156569
16213583 3.33662 333.505 0.15659
16233141 3.33704 333.553 0.156611
16252699 3.33746 333.602 0.156632
16272257 3.33789 333.65 0.156653
16291815 3.33831 333.699 0.156674
16311373 3.33874 333.748 0.156695
16330931 3.33917 333.796 0.156716
16350489 3.33959 333.845 0.156737
16370047 3.34002 333.894 0.156758
16389605 3.34045 333.943 0.156778
16409163 3.34087 333.991 0.156799
16428721 3.3413 334.04 0.15682
16448279 3.34173 334.089 0.156841
16467837 3.34216 334.138 0.156862
16487395 3.34259 334.187 0.156882
16506953 3.34302 334.236 0.156903
16526511 3.34345 334.285 0.156924
16546069 3.34388 334.334 0.156945
16565627 3.34431 334.383 0.156965
16585185 3.34474 334.432 0.156986
16604743 3.34518 334.481 0.157007
16624301 3.34561 334.53 0.157027
16643859 3.34604 334.579 0.157048
16663417 3.34647 334.628 0.157069
16682975 3.34691 334.677 0.157089
16702533 3.34734 334.726 0.15711
16722091 3.34778 334.775 0.15713
16741649 3.34821 334.824 0.157151
16761207 3.34865 334.874 0.157171
16780765 3.34908 334.923 0.157192
16800323 3.34952 334.972 0.157212
16819881 3.34996 335.021 0.157233
16839439 3.3504 335.07 0.157253
16858997 3.35083 335.12 0.157274
16878555 3.35127 335.169 0.157294
16898113 3.35171 335.218 0.157315
16917671 3.35215 335.268 0.157335
16937229 3.35259 335.317 0.157355
16956787 3.35303 335.367 0.157376
16976345 3.35347 335.416 0.157396
16995903 3.35391 335.465 0.157416
17015461 3.35435 335.515 0.157436
17035019 3.35479 335.564 0.157457
17054577 3.35523 335.614 0.157477
17074135 3.35567 335.664 0.157497
17093693 3.35612 335.713 0.157517
17113251 3.35656 335.763 0.157538
17132809 3.357 335.812 0.157558
17152367 3.35745 335.862 0.157578
17171925 3.35789 335.912 0.157598
17191483 3.35834 335.962 0.157618
17211041 3.35878 336.012 0.157638
17230599 3.35923 336.062 0.157658
17250157 3.35967 336.111 0.157678
17269715 3.36012 336.161 0.157698
17289273 3.36056 336.211 0.157719
17308831 3.36101 336.261 0.157739
17328389 3.36146 336.311 0.157759
17347947 3.36191 336.361 0.157779
17367505 3.36235 336.41 0.157798
17387063 3.3628 336.46 0.157818
17406621 3.36325 336.51 0.157838
17426179 3.3637 336.56 0.157858
17445737 3.36415 336.61 0.157878
17465295 3.3646 336.66 0.157898
17484853 3.36505 336.71 0.157918
17504411 3.3655 336.76 0.157938
17523969 3.36595 336.81 0.157958
17543527 3.3664 336.86 0.157977
17563085 3.36685 336.91 0.157997
17582643 3.3673 336.96 0.158017
17602201 3.36776 337.01 0.158037
17621759 3.36821 337.059 0.158056
17641317 3.36866 337.109 0.158076
17660875 3.36912 337.159 0.158096
17680433 3.36957 337.21 0.158116
17699991 3.37002 337.26 0.158135
17719549 3.37048 337.31 0.158155
17739107 3.37093 337.36 0.158174
17758665 3.37139 337.41 0.158194
17778223 3.37184 337.46 0.158214
17797781 3.3723 337.51 0.158233
17817339 3.37275 337.561 0.158253
17836897 3.37321 337.611 0.158272
17856455 3.37367 337.662 0.158292
17876013 3.37412 337.712 0.158311
17895571 3.37458 337.763 0.158331
17915129 3.37504 337.813 0.15835
17934687 3.3755 337.864 0.15837
17954245 3.37596 337.914 0.158389
17973803 3.37641 337.965 0.158409
17993361 3.37687 338.015 0.158428
18012919 3.37733 338.066 0.158448
18032477 3.37779 338.116 0.158467
18052035 3.37825 338.167 0.158486
18071593 3.37871 338.218 0.158506
18091151 3.37917 338.269 0.158525
18110709 3.37964 338.319 0.158544
18130267 3.3801 338.37 0.158564
18149825 3.38056 338.421 0.158583
18169383 3.38102 338.472 0.158602
18188941 3.38148 338.523 0.158622
18208499 3.38194 338.574 0.158641
18228057 3.38241 338.625 0.15866
18247615 3.38287 338.676 0.158679
18267173 3.38333 338.727 0.158698
18286731 3.3838 338.778 0.158718
18306289 3.38426 338.83 0.158737
18325847 3.38473 338.881 0.158756
18345405 3.38519 338.932 0.158775
18364963 3.38566 338.984 0.158794
18384521 3.38612 339.035 0.158813
18404079 3.38659 339.087 0.158832
18423637 3.38705 339.139 0.158851
18443195 3.38752 339.19 0.15887
18462753 3.38799 339.242 0.158889
18482311 3.38845 339.293 0.158908
18501869 3.38892 339.345 0.158927
18521427 3.38939 339.397 0.158946
18540985 3.38986 339.449 0.158965
18560543 3.39032 339.5 0.158984
18580101 3.39079 339.552 0.159003
18599659 3.39126 339.604 0.159022
18619217 3.39173 339.656 0.159041
18638775 3.3922 339.708 0.15906
18658333 3.39267 339.76 0.159079
18677891 3.39314 339.812 0.159098
18697449 3.39361 339.864 0.159117
18717007 3.39408 339.917 0.159135
18736565 3.39455 339.969 0.159154
18756123 3.39502 340.021 0.159173
18775681 3.39549 340.074 0.159192
18795239 3.39596 340.126 0.159211
18814797 3.39643 340.178 0.159229
18834355 3.39691 340.23 0.159248
18853913 3.39738 340.283 0.159267
18873471 3.39785 340.335 0.159286
18893029 3.39832 340.387 0.159304
18912587 3.3988 340.439 0.159323
18932145 3.39927 340.491 0.159342
18951703 3.39974 340.543 0.15936
18971261 3.40022 340.596 0.159379
18990819 3.40069 340.648 0.159398
19010377 3.40117 340.7 0.159416
19029935 3.40164 340.752 0.159435
19049493 3.40212 340.804 0.159453
19069051 3.40259 340.856 0.159472
19088609 3.40307 340.908 0.15949
19108167 3.40354 340.961 0.159509
19127725 3.40402 341.013 0.159527
19147283 3.40449 341.065 0.159546
19166841 3.40497 341.117 0.159564
19186399 3.40545 341.17 0.159583
19205957 3.40592 341.222 0.159601
19225515 3.4064 341.274 0.15962
19245073 3.40688 341.327 0.159638
19264631 3.40736 341.379 0.159657
19284189 3.40783 341.432 0.159675
19303747 3.40831 341.484 0.159693
19323305 3.40879 341.537 0.159712
19342863 3.40927 341.59 0.15973
19362421 3.40975 341.642 0.159749
19381979 3.41023 341.695 0.159767
19401537 3.41071 341.748 0.159785
19421095 3.41119 341.801 0.159803
19440653 3.41167 341.854 0.159822
19460211 3.41215 341.907 0.15984
19479769 3.41263 341.96 0.159858
19499327 3.41311 342.013 0.159877
19518885 3.41359 342.066 0.159895
19538443 3.41407 342.119 0.159913
19558001 3.41455 342.171 0.159931
19577559 3.41503 342.224 0.159949
19597117 3.41552 342.277 0.159968
19616675 3.416 342.33 0.159986
19636233 3.41648 342.383 0.160004
19655791 3.41696 342.436 0.160022
19675349 3.41745 342.489 0.16004
19694907 3.41793 342.542 0.160058
19714465 3.41841 342.595 0.160076
19734023 3.4189 342.648 0.160094
19753581 3.41938 342.701 0.160112
19773139 3.41986 342.754 0.160131
19792697 3.42035 342.807 0.160149
19812255 3.42083 342.86 0.160167
19831813 3.42132 342.913 0.160185
19851371 3.4218 342.967 0.160203
19870929 3.42229 343.02 0.160221
19890487 3.42277 343.073 0.160239
19910045 3.42326 343.126 0.160256
19929603 3.42374 343.18 0.160274
19949161 3.42423 343.233 0.160292
19968719 3.42471 343.286 0.16031
19988277 3.4252 343.339 0.160328
20007835 3.42569 343.393 0.160346
20027393 3.42617 343.446 0.160364
20046951 3.42666 343.499 0.160382
20066509 3.42715 343.552 0.1604
20086067 3.42764 343.606 0.160417
20105625 3.42812 343.659 0.160435
20125183 3.42861 343.712 0.160453
20144741 3.4291 343.766 0.160471
20164299 3.42959 343.819 0.160489
20183857 3.43008 343.872 0.160506
20203415 3.43056 343.925 0.160524
20222973 3.43105 343.979 0.160542
20242531 3.43154 344.032 0.16056
20262089 3.43203 344.085 0.160577
20281647 3.43252 344.138 0.160595
20301205 3.43301 344.191 0.160613
20320763 3.4335 344.244 0.16063
20340321 3.43399 344.298 0.160648
20359879 3.43448 344.351 0.160666
20379437 3.43497 344.404 0.160683
20398995 3.43546 344.457 0.160701
20418553 3.43595 344.51 0.160719
20438111 3.43644 344.563 0.160736
20457669 3.43693 344.616 0.160754
20477227 3.43743 344.669 0.160771
20496785 3.43792 344.722 0.160789
20516343 3.43841 344.775 0.160806
20535901 3.4389 344.829 0.160824
20555459 3.43939 344.882 0.160842
20575017 3.43989 344.935 0.160859
20594575 3.44038 344.988 0.160877
20614133 3.44087 345.041 0.160894
20633691 3.44136 345.095 0.160911
20653249 3.44186 345.148 0.160929
20672807 3.44235 345.201 0.160946
20692365 3.44284 345.254 0.160964
20711923 3.44334 345.307 0.160981
20731481 3.44383 345.361 0.160999
20751039 3.44433 345.414 0.161016
20770597 3.44482 345.467 0.161033
20790155 3.44531 345.52 0.161051
20809713 3.44581 345.573 0.161068
20829271 3.4463 345.626 0.161085
20848829 3.4468 345.679 0.161103
20868387 3.44729 345.732 0.16112
20887945 3.44779 345.785 0.161137
20907503 3.44828 345.838 0.161155
20927061 3.44878 345.892 0.161172
20946619 3.44928 345.945 0.161189
20966177 3.44977 345.998 0.161207
20985735 3.45027 346.051 0.161224
21005293 3.45076 346.104 0.161241
21024851 3.45126 346.157 0.161258
21044409 3.45176 346.21 0.161275
21063967 3.45225 346.263 0.161293
21083525 3.45275 346.316 0.16131
21103083 3.45325 346.369 0.161327
21122641 3.45374 346.423 0.161344
21142199 3.45424 346.476 0.161361
21161757 3.45474 346.529 0.161378
21181315 3.45524 346.583 0.161396
21200873 3.45574 346.636 0.161413
21220431 3.45623 346.689 0.16143
21239989 3.45673 346.742 0.161447
21259547 3.45723 346.796 0.161464
21279105 3.45773 346.849 0.161481
21298663 3.45823 346.902 0.161498
21318221 3.45873 346.956 0.161515
21337779 3.45923 347.009 0.161532
21357337 3.45973 347.063 0.161549
21376895 3.46022 347.117 0.161566
21396453 3.46072 347.17 0.161583
21416011 3.46122 347.224 0.1616
21435569 3.46172 347.278 0.161617
21455127 3.46222 347.332 0.161634
21474685 3.46272 347.385 0.161651
21494243 3.46322 347.439 0.161668
21513801 3.46372 347.493 0.161685
21533359 3.46423 347.546 0.161702
21552917 3.46473 347.6 0.161719
21572475 3.46523 347.654 0.161736
21592033 3.46573 347.707 0.161753
21611591 3.46623 347.761 0.161769
21631149 3.46673 347.815 0.161786
21650707 3.46723 347.868 0.161803
21670265 3.46773 347.922 0.16182
21689823 3.46824 347.976 0.161837
21709381 3.46874 348.029 0.161854
21728939 3.46924 348.083 0.16187
21748497 3.46974 348.137 0.161887
21768055 3.47024 348.19 0.161904
21787613 3.47075 348.244 0.161921
21807171 3.47125 348.298 0.161937
21826729 3.47175 348.351 0.161954
21846287 3.47226 348.405 0.161971
21865845 3.47276 348.459 0.161988
21885403 3.47326 348.513 0.162004
21904961 3.47376 348.566 0.162021
21924519 3.47427 348.62 0.162038
21944077 3.47477 348.674 0.162054
21963635 3.47528 348.728 0.162071
21983193 3.47578 348.782 0.162088
22002751 3.47628 348.835 0.162104
22022309 3.47679 348.889 0.162121
22041867 3.47729 348.943 0.162138
22061425 3.4778 348.997 0.162154
22080983 3.4783 349.051 0.162171
22100541 3.47881 349.105 0.162187
22120099 3.47931 349.159 0.162204
22139657 3.47982 349.213 0.162221
22159215 3.48032 349.267 0.162237
22178773 3.48083 349.321 0.162254
22198331 3.48133 349.374 0.16227
22217889 3.48184 349.428 0.162287
22237447 3.48234 349.482 0.162303
22257005 3.48285 349.536 0.16232
22276563 3.48335 349.59 0.162336
22296121 3.48386 349.644 0.162353
22315679 3.48437 349.697 0.162369
22335237 3.48487 349.751 0.162386
22354795 3.48538 349.805 0.162402
22374353 3.48589 349.859 0.162419
22393911 3.48639 349.913 0.162435
22413469 3.4869 349.967 0.162451
22433027 3.48741 350.021 0.162468
22452585 3.48791 350.075 0.162484
22472143 3.48842 350.129 0.162501
22491701 3.48893 350.183 0.162517
22511259 3.48943 350.236 0.162533
22530817 3.48994 350.29 0.16255
22550375 3.49045 350.344 0.162566
22569933 3.49096 350.398 0.162582
22589491 3.49146 350.452 0.162599
22609049 3.49197 350.506 0.162615
22628607 3.49248 350.56 0.162631
22648165 3.49299 350.614 0.162648
22667723 3.4935 350.668 0.162664
22687281 3.494 350.722 0.16268
22706839 3.49451 350.776 0.162696
22726397 3.49502 350.83 0.162713
22745955 3.49553 350.884 0.162729
22765513 3.49604 350.938 0.162745
22785071 3.49655 350.992 0.162761
22804629 3.49706 351.046 0.162778
22824187 3.49757 351.099 0.162794
22843745 3.49808 351.153 0.16281
22863303 3.49858 351.207 0.162826
22882861 3.49909 351.261 0.162842
22902419 3.4996 351.316 0.162859
22921977 3.50011 351.37 0.162875
22941535 3.50062 351.424 0.162891
22961093 3.50113 351.478 0.162907
22980651 3.50164 351.532 0.162923
23000209 3.50215 351.586 0.162939
23019767 3.50266 351.64 0.162955
23039325 3.50317 351.694 0.162971
23058883 3.50368 351.748 0.162987
23078441 3.50419 351.802 0.163003
23097999 3.50471 351.856 0.16302
23117557 3.50522 351.91 0.163036
23137115 3.50573 351.964 0.163052
23156673 3.50624 352.018 0.163068
23176231 3.50675 352.072 0.163084
23195789 3.50726 352.127 0.1631
23215347 3.50777 352.181 0.163116
23234905 3.50828 352.235 0.163132
23254463 3.50879 352.289 0.163148
23274021 3.5093 352.344 0.163164
23293579 3.50982 352.398 0.16318
23313137 3.51033 352.452 0.163196
23332695 3.51084 352.507 0.163211
23352253 3.51135 352.561 0.163227
23371811 3.51186 352.615 0.163243
23391369 3.51238 352.67 0.163259
23410927 3.51289 352.724 0.163275
23430485 3.5134 352.779 0.163291
23450043 3.51391 352.833 0.163307
23469601 3.51442 352.888 0.163323
23489159 3.51494 352.942 0.163339
23508717 3.51545 352.996 0.163355
23528275 3.51596 353.051 0.16337
23547833 3.51648 353.105 0.163386
23567391 3.51699 353.159 0.163402
23586949 3.5175 353.214 0.163418
23606507 3.51801 353.268 0.163434
23626065 3.51853 353.323 0.163449
23645623 3.51904 353.377 0.163465
23665181 3.51955 353.432 0.163481
23684739 3.52007 353.486 0.163497
23704297 3.52058 353.541 0.163513
23723855 3.52109 353.596 0.163528
23743413 3.52161 353.65 0.163544
23762971 3.52212 353.705 0.16356
23782529 3.52264 353.759 0.163575
23802087 3.52315 353.814 0.163591
23821645 3.52366 353.868 0.163607
23841203 3.52418 353.923 0.163623
23860761 3.52469 353.977 0.163638
23880319 3.52521 354.032 0.163654
23899877 3.52572 354.086 0.16367
23919435 3.52623 354.141 0.163685
23938993 3.52675 354.196 0.163701
23958551 3.52726 354.25 0.163717
23978109 3.52778 354.305 0.163732
23997667 3.52829 354.359 0.163748
24017225 3.52881 354.414 0.163763
24036783 3.52932 354.468 0.163779
24056341 3.52984 354.523 0.163795
24075899 3.53035 354.577 0.16381
24095457 3.53087 354.632 0.163826
24115015 3.53138 354.686 0.163841
24134573 3.5319 354.74 0.163857
24154131 3.53241 354.795 0.163872
24173689 3.53293 354.849 0.163888
24193247 3.53344 354.904 0.163903
24212805 3.53396 354.958 0.163919
24232363 3.53447 355.013 0.163935
24251921 3.53499 355.068 0.16395
24271479 3.53551 355.122 0.163966
24291037 3.53602 355.177 0.163981
24310595 3.53654 355.231 0.163996
24330153 3.53705 355.286 0.164012
24349711 3.53757 355.341 0.164027
24369269 3.53809 355.395 0.164043
24388827 3.5386 355.45 0.164058
24408385 3.53912 355.504 0.164074
24427943 3.53963 355.559 0.164089
24447501 3.54015 355.613 0.164105
24467059 3.54067 355.668 0.16412
24486617 3.54118 355.722 0.164135
24506175 3.5417 355.777 0.164151
24525733 3.54222 355.831 0.164166
24545291 3.54273 355.886 0.164181
24564849 3.54325 355.941 0.164197
24584407 3.54377 355.995 0.164212
24603965 3.54428 356.05 0.164228
24623523 3.5448 356.104 0.164243
24643081 3.54532 356.159 0.164258
24662639 3.54583 356.213 0.164274
24682197 3.54635 356.268 0.164289
24701755 3.54687 356.322 0.164304
24721313 3.54739 356.376 0.164319
24740871 3.5479 356.431 0.164335
24760429 3.54842 356.485 0.16435
24779987 3.54894 356.54 0.164365
24799545 3.54946 356.594 0.16438
24819103 3.54997 356.649 0.164396
24838661 3.55049 356.703 0.164411
24858219 3.55101 356.758 0.164426
24877777 3.55153 356.812 0.164441
24897335 3.55204 356.866 0.164457
24916893 3.55256 356.921 0.164472
24936451 3.55308 356.975 0.164487
24956009 3.5536 357.03 0.164502
24975567 3.55412 357.084 0.164517
24995125 3.55463 357.139 0.164533
25014683 3.55515 357.193 0.164548
25034241 3.55567 357.248 0.164563
25053799 3.55619 357.302 0.164578
25073357 3.55671 357.357 0.164593
25092915 3.55723 357.411 0.164608
25112473 3.55774 357.466 0.164623
25132031 3.55826 357.52 0.164639
25151589 3.55878 357.575 0.164654
25171147 3.5593 357.629 0.164669
25190705 3.55982 357.684 0.164684
25210263 3.56034 357.738 0.164699
25229821 3.56086 357.793 0.164714
25249379 3.56137 357.847 0.164729
25268937 3.56189 357.902 0.164744
25288495 3.56241 357.956 0.164759
25308053 3.56293 358.011 0.164774
25327611 3.56345 358.065 0.164789
25347169 3.56397 358.12 0.164804
25366727 3.56449 358.175 0.164819
25386285 3.56501 358.229 0.164834
25405843 3.56553 358.284 0.164849
25425401 3.56604 358.338 0.164864
25444959 3.56656 358.393 0.164879
25464517 3.56708 358.448 0.164894
25484075 3.5676 358.502 0.164909
25503633 3.56812 358.557 0.164924
25523191 3.56864 358.611 0.164939
25542749 3.56916 358.666 0.164954
25562307 3.56968 358.72 0.164969
25581865 3.5702 358.775 0.164984
25601423 3.57072 358.829 0.164999
25620981 3.57124 358.884 0.165014
25640539 3.57176 358.938 0.165029
25660097 3.57228 358.993 0.165043
25679655 3.5728 359.047 0.165058
25699213 3.57332 359.102 0.165073
25718771 3.57384 359.156 0.165088
25738329 3.57436 359.211 0.165103
25757887 3.57488 359.265 0.165118
25777445 3.5754 359.319 0.165133
25797003 3.57592 359.374 0.165147
25816561 3.57644 359.428 0.165162
25836119 3.57696 359.483 0.165177
25855677 3.57748 359.537 0.165192
25875235 3.578 359.591 0.165207
25894793 3.57852 359.646 0.165222
25914351 3.57904 359.7 0.165236
25933909 3.57956 359.755 0.165251
25953467 3.58008 359.809 0.165266
25973025 3.5806 359.863 0.165281
25992583 3.58112 359.918 0.165295
26012141 3.58164 359.972 0.16531
26031699 3.58216 360.026 0.165325
26051257 3.58268 360.081 0.16534
26070815 3.5832 360.135 0.165354
26090373 3.58372 360.189 0.165369
26109931 3.58424 360.244 0.165384
26129489 3.58476 360.298 0.165399
26149047 3.58529 360.352 0.165413
26168605 3.58581 360.406 0.165428
26188163 3.58633 360.461 0.165443
26207721 3.58685 360.515 0.165457
26227279 3.58737 360.569 0.165472
26246837 3.58789 360.623 0.165487
26266395 3.58841 360.678 0.165501
26285953 3.58893 360.732 0.165516
26305511 3.58945 360.786 0.165531
26325069 3.58997 360.84 0.165545
26344627 3.59049 360.895 0.16556
26364185 3.59102 360.949 0.165574
26383743 3.59154 361.003 0.165589
26403301 3.59206 361.058 0.165604
26422859 3.59258 361.112 0.165618
26442417 3.5931 361.166 0.165633
26461975 3.59362 361.221 0.165647
26481533 3.59414 361.275 0.165662
26501091 3.59466 361.329 0.165676
26520649 3.59518 361.383 0.165691
26540207 3.59571 361.438 0.165706
26559765 3.59623 361.492 0.16572
26579323 3.59675 361.546 0.165735
26598881 3.59727 361.6 0.165749
26618439 3.59779 361.655 0.165764
26637997 3.59831 361.709 0.165778
26657555 3.59883 361.763 0.165793
26677113 3.59936 361.817 0.165807
26696671 3.59988 361.872 0.165822
26716229 3.6004 361.926 0.165836
26735787 3.60092 361.98 0.165851
26755345 3.60144 362.034 0.165865
26774903 3.60196 362.089 0.165879
26794461 3.60249 362.143 0.165894
26814019 3.60301 362.197 0.165908
26833577 3.60353 362.251 0.165923
26853135 3.60405 362.306 0.165937
26872693 3.60457 362.36 0.165952
26892251 3.60509 362.414 0.165966
26911809 3.60562 362.469 0.16598
26931367 3.60614 362.523 0.165995
26950925 3.60666 362.578 0.166009
26970483 3.60718 362.632 0.166024
26990041 3.6077 362.686 0.166038
27009599 3.60823 362.741 0.166052
27029157 3.60875 362.795 0.166067
27048715 3.60927 362.85 0.166081
27068273 3.60979 362.904 0.166095
27087831 3.61031 362.959 0.16611
27107389 3.61083 363.014 0.166124
27126947 3.61136 363.068 0.166138
27146505 3.61188 363.123 0.166153
27166063 3.6124 363.178 0.166167
27185621 3.61292 363.232 0.166181
27205179 3.61345 363.287 0.166196
27224737 3.61397 363.341 0.16621
27244295 3.61449 363.396 0.166224
27263853 3.61501 363.451 0.166238
27283411 3.61553 363.505 0.166253
27302969 3.61606 363.56 0.166267
27322527 3.61658 363.615 0.166281
27342085 3.6171 363.67 0.166295
27361643 3.61762 363.724 0.16631
27381201 3.61814 363.779 0.166324
27400759 3.61867 363.833 0.166338
27420317 3.61919 363.888 0.166352
27439875 3.61971 363.943 0.166367
27459433 3.62023 363.997 0.166381
27478991 3.62076 364.052 0.166395
27498549 3.62128 364.106 0.166409
27518107 3.6218 364.161 0.166423
27537665 3.62232 364.216 0.166438
27557223 3.62285 364.27 0.166452
27576781 3.62337 364.325 0.166466
27596339 3.62389 364.38 0.16648
27615897 3.62441 364.434 0.166494
27635455 3.62494 364.489 0.166508
27655013 3.62546 364.543 0.166522
27674571 3.62598 364.598 0.166537
27694129 3.6265 364.652 0.166551
27713687 3.62702 364.707 0.166565
27733245 3.62755 364.762 0.166579
27752803 3.62807 364.816 0.166593
27772361 3.62859 364.871 0.166607
27791919 3.62911 364.925 0.166621
27811477 3.62964 364.98 0.166635
27831035 3.63016 365.034 0.166649
27850593 3.63068 365.089 0.166663
27870151 3.6312 365.143 0.166677
27889709 3.63173 365.197 0.166692
27909267 3.63225 365.252 0.166706
27928825 3.63277 365.306 0.16672
27948383 3.6333 365.361 0.166734
27967941 3.63382 365.415 0.166748
27987499 3.63434 365.469 0.166762
28007057 3.63486 365.524 0.166776
28026615 3.63539 365.578 0.16679
28046173 3.63591 365.632 0.166804
28065731 3.63643 365.687 0.166818
28085289 3.63695 365.741 0.166832
28104847 3.63748 365.795 0.166846
28124405 3.638 365.85 0.16686
28143963 3.63852 365.904 0.166874
28163521 3.63904 365.958 0.166888
28183079 3.63957 366.013 0.166901
28202637 3.64009 366.067 0.166915
28222195 3.64061 366.121 0.166929
28241753 3.64113 366.176 0.166943
28261311 3.64166 366.23 0.166957
28280869 3.64218 366.284 0.166971
28300427 3.6427 366.339 0.166985
28319985 3.64323 366.393 0.166999
28339543 3.64375 366.447 0.167013
28359101 3.64427 366.501 0.167027
28378659 3.64479 366.556 0.167041
28398217 3.64532 366.61 0.167054
28417775 3.64584 366.664 0.167068
28437333 3.64636 366.719 0.167082
28456891 3.64688 366.773 0.167096
28476449 3.64741 366.828 0.16711
28496007 3.64793 366.882 0.167124
28515565 3.64845 366.937 0.167138
28535123 3.64897 366.991 0.167151
28554681 3.6495 367.045 0.167165
28574239 3.65002 367.1 0.167179
28593797 3.65054 367.154 0.167193
28613355 3.65107 367.209 0.167207
28632913 3.65159 367.263 0.16722
28652471 3.65211 367.318 0.167234
28672029 3.65263 367.372 0.167248
28691587 3.65316 367.426 0.167262
28711145 3.65368 367.481 0.167276
28730703 3.6542 367.535 0.167289
28750261 3.65472 367.59 0.167303
28769819 3.65525 367.644 0.167317
28789377 3.65577 367.698 0.167331
28808935 3.65629 367.753 0.167344
28828493 3.65682 367.807 0.167358
28848051 3.65734 367.862 0.167372
28867609 3.65786 367.916 0.167385
28887167 3.65838 367.97 0.167399
28906725 3.65891 368.025 0.167413
28926283 3.65943 368.079 0.167427
28945841 3.65995 368.134 0.16744
28965399 3.66047 368.188 0.167454
28984957 3.661 368.243 0.167468
29004515 3.66152 368.297 0.167481
29024073 3.66204 368.352 0.167495
29043631 3.66256 368.406 0.167509
29063189 3.66309 368.461 0.167522
29082747 3.66361 368.515 0.167536
29102305 3.66413 368.57 0.16755
29121863 3.66465 368.624 0.167563
29141421 3.66518 368.679 0.167577
29160979 3.6657 368.733 0.167591
29180537 3.66622 368.788 0.167604
29200095 3.66675 368.842 0.167618
29219653 3.66727 368.897 0.167631
29239211 3.66779 368.951 0.167645
29258769 3.66831 369.006 0.167659
29278327 3.66884 369.061 0.167672
29297885 3.66936 369.115 0.167686
29317443 3.66988 369.169 0.167699
29337001 3.6704 369.224 0.167713
29356559 3.67093 369.278 0.167726
29376117 3.67145 369.333 0.16774
29395675 3.67197 369.387 0.167753
29415233 3.67249 369.441 0.167767
29434791 3.67302 369.496 0.167781
29454349 3.67354 369.55 0.167794
29473907 3.67406 369.604 0.167808
29493465 3.67458 369.659 0.167821
29513023 3.67511 369.713 0.167835
29532581 3.67563 369.767 0.167848
29552139 3.67615 369.821 0.167862
29571697 3.67667 369.876 0.167875
29591255 3.6772 369.93 0.167889
29610813 3.67772 369.984 0.167902
29630371 3.67824 370.039 0.167916
29649929 3.67876 370.093 0.167929
29669487 3.67929 370.147 0.167942
29689045 3.67981 370.201 0.167956
29708603 3.68033 370.255 0.167969
29728161 3.68085 370.31 0.167983
29747719 3.68137 370.364 0.167996
29767277 3.6819 370.418 0.16801
29786835 3.68242 370.472 0.168023
29806393 3.68294 370.526 0.168037
29825951 3.68346 370.581 0.16805
29845509 3.68399 370.635 0.168063
29865067 3.68451 370.689 0.168077
29884625 3.68503 370.743 0.16809
29904183 3.68555 370.797 0.168104
29923741 3.68607 370.851 0.168117
29943299 3.6866 370.905 0.16813
29962857 3.68712 370.96 0.168144
29982415 3.68764 371.014 0.168157
