1 0.000787318
19559 6.88933
39117 5.30008
58675 2.70572
78233 1.51103
97791 1.07676
117349 0.804763
136907 0.637144
156465 0.571693
176023 0.549285
195581 0.536677
215139 0.528156
234697 0.523423
254255 0.520991
273813 0.520671
293371 0.521669
312929 0.523525
332487 0.525966
352045 0.528834
371603 0.532027
391161 0.535456
410719 0.539049
430277 0.542764
449835 0.546546
469393 0.550384
488951 0.554239
508509 0.558106
528067 0.561964
547625 0.565807
567183 0.569625
586741 0.573412
606299 0.577163
625857 0.580876
645415 0.584547
664973 0.588175
684531 0.591757
704089 0.595294
723647 0.598784
743205 0.602228
762763 0.605626
782321 0.608977
801879 0.612283
821437 0.615543
840995 0.618759
860553 0.62193
880111 0.625059
899669 0.628144
919227 0.631189
938785 0.634192
958343 0.637156
977901 0.64008
997459 0.642966
1017017 0.645815
1036575 0.648628
1056133 0.651404
1075691 0.654146
1095249 0.656854
1114807 0.659528
1134365 0.66217
1153923 0.664781
1173481 0.66736
1193039 0.66991
1212597 0.67243
1232155 0.674921
1251713 0.677384
1271271 0.679819
1290829 0.682228
1310387 0.684611
1329945 0.686968
1349503 0.689301
1369061 0.691609
1388619 0.693893
1408177 0.696154
1427735 0.698392
1447293 0.700609
1466851 0.702803
1486409 0.704977
1505967 0.707129
1525525 0.709262
1545083 0.711374
1564641 0.713468
1584199 0.715542
1603757 0.717598
1623315 0.719635
1642873 0.721655
1662431 0.723658
1681989 0.725643
1701547 0.727612
1721105 0.729565
1740663 0.731501
1760221 0.733422
1779779 0.735328
1799337 0.737219
1818895 0.739094
1838453 0.740956
1858011 0.742803
1877569 0.744636
1897127 0.746456
1916685 0.748262
1936243 0.750055
1955801 0.751836
1975359 0.753603
1994917 0.755359
2014475 0.757102
2034033 0.758833
2053591 0.760552
2073149 0.76226
2092707 0.763956
2112265 0.765642
2131823 0.767316
2151381 0.76898
2170939 0.770633
2190497 0.772275
2210055 0.773908
2229613 0.77553
2249171 0.777142
2268729 0.778745
2288287 0.780338
2307845 0.781921
2327403 0.783496
2346961 0.785061
2366519 0.786617
2386077 0.788164
2405635 0.789703
2425193 0.791233
2444751 0.792754
2464309 0.794267
2483867 0.795772
2503425 0.797269
2522983 0.798758
2542541 0.800239
2562099 0.801712
2581657 0.803177
2601215 0.804635
2620773 0.806086
2640331 0.807529
2659889 0.808965
2679447 0.810394
2699005 0.811816
2718563 0.813231
2738121 0.814639
2757679 0.81604
2777237 0.817435
2796795 0.818823
2816353 0.820204
2835911 0.82158
2855469 0.822948
2875027 0.824311
2894585 0.825667
2914143 0.827018
2933701 0.828362
2953259 0.8297
2972817 0.831033
2992375 0.83236
3011933 0.833681
3031491 0.834996
3051049 0.836306
3070607 0.83761
3090165 0.838908
3109723 0.840202
3129281 0.84149
3148839 0.842773
3168397 0.84405
3187955 0.845323
3207513 0.84659
3227071 0.847852
3246629 0.84911
3266187 0.850362
3285745 0.85161
3305303 0.852852
3324861 0.85409
3344419 0.855324
3363977 0.856552
3383535 0.857777
3403093 0.858996
3422651 0.860211
3442209 0.861422
3461767 0.862628
3481325 0.86383
3500883 0.865027
3520441 0.866221
3539999 0.86741
3559557 0.868595
3579115 0.869775
3598673 0.870952
3618231 0.872125
3637789 0.873293
3657347 0.874458
3676905 0.875619
3696463 0.876776
3716021 0.877929
3735579 0.879078
3755137 0.880224
3774695 0.881366
3794253 0.882504
3813811 0.883638
3833369 0.884769
3852927 0.885896
3872485 0.88702
3892043 0.88814
3911601 0.889257
3931159 0.89037
3950717 0.89148
3970275 0.892586
3989833 0.89369
4009391 0.894789
4028949 0.895886
4048507 0.896979
4068065 0.898069
4087623 0.899156
4107181 0.90024
4126739 0.90132
4146297 0.902398
4165855 0.903472
4185413 0.904544
4204971 0.905612
4224529 0.906677
4244087 0.90774
4263645 0.908799
4283203 0.909856
4302761 0.910909
4322319 0.91196
4341877 0.913008
4361435 0.914053
4380993 0.915096
4400551 0.916135
4420109 0.917172
4439667 0.918206
4459225 0.919238
4478783 0.920267
4498341 0.921293
4517899 0.922316
4537457 0.923337
4557015 0.924356
4576573 0.925371
4596131 0.926385
4615689 0.927396
4635247 0.928404
4654805 0.92941
4674363 0.930413
4693921 0.931414
4713479 0.932412
4733037 0.933409
4752595 0.934402
4772153 0.935394
4791711 0.936383
4811269 0.93737
4830827 0.938354
4850385 0.939336
4869943 0.940316
4889501 0.941294
4909059 0.942269
4928617 0.943243
4948175 0.944214
4967733 0.945183
4987291 0.946149
5006849 0.947114
5026407 0.948076
5045965 0.949037
5065523 0.949995
5085081 0.950951
5104639 0.951906
5124197 0.952858
5143755 0.953808
5163313 0.954756
5182871 0.955702
5202429 0.956646
5221987 0.957588
5241545 0.958528
5261103 0.959467
5280661 0.960403
5300219 0.961338
5319777 0.96227
5339335 0.963201
5358893 0.96413
5378451 0.965057
5398009 0.965982
5417567 0.966905
5437125 0.967827
5456683 0.968746
5476241 0.969664
5495799 0.97058
5515357 0.971495
5534915 0.972407
5554473 0.973318
5574031 0.974227
5593589 0.975135
5613147 0.976041
5632705 0.976945
5652263 0.977847
5671821 0.978748
5691379 0.979647
5710937 0.980544
5730495 0.98144
5750053 0.982334
5769611 0.983227
5789169 0.984118
5808727 0.985007
5828285 0.985895
5847843 0.986781
5867401 0.987666
5886959 0.988549
5906517 0.98943
5926075 0.99031
5945633 0.991189
5965191 0.992066
5984749 0.992942
6004307 0.993816
6023865 0.994688
6043423 0.995559
6062981 0.996429
6082539 0.997297
6102097 0.998164
6121655 0.999029
6141213 0.999893
6160771 1.00076
6180329 1.00162
6199887 1.00248
6219445 1.00333
6239003 1.00419
6258561 1.00505
6278119 1.0059
6297677 1.00675
6317235 1.00761
6336793 1.00846
6356351 1.0093
6375909 1.01015
6395467 1.011
6415025 1.01184
6434583 1.01269
6454141 1.01353
6473699 1.01437
6493257 1.01521
6512815 1.01605
6532373 1.01689
6551931 1.01772
6571489 1.01856
6591047 1.01939
6610605 1.02022
6630163 1.02105
6649721 1.02188
6669279 1.02271
6688837 1.02354
6708395 1.02437
6727953 1.02519
6747511 1.02601
6767069 1.02684
6786627 1.02766
6806185 1.02848
6825743 1.0293
6845301 1.03012
6864859 1.03093
6884417 1.03175
6903975 1.03256
6923533 1.03338
6943091 1.03419
6962649 1.035
6982207 1.03581
7001765 1.03662
7021323 1.03743
7040881 1.03824
7060439 1.03904
7079997 1.03985
7099555 1.04065
7119113 1.04145
7138671 1.04225
7158229 1.04305
7177787 1.04385
7197345 1.04465
7216903 1.04545
7236461 1.04625
7256019 1.04704
7275577 1.04784
7295135 1.04863
7314693 1.04942
7334251 1.05021
7353809 1.051
7373367 1.05179
7392925 1.05258
7412483 1.05337
7432041 1.05415
7451599 1.05494
7471157 1.05572
7490715 1.05651
7510273 1.05729
7529831 1.05807
7549389 1.05885
7568947 1.05963
7588505 1.06041
7608063 1.06119
7627621 1.06197
7647179 1.06274
7666737 1.06352
7686295 1.06429
7705853 1.06506
7725411 1.06584
7744969 1.06661
7764527 1.06738
7784085 1.06815
7803643 1.06892
7823201 1.06968
7842759 1.07045
7862317 1.07122
7881875 1.07198
7901433 1.07275
7920991 1.07351
7940549 1.07427
7960107 1.07503
7979665 1.07579
7999223 1.07655
8018781 1.07731
8038339 1.07807
8057897 1.07883
8077455 1.07958
8097013 1.08034
8116571 1.0811
8136129 1.08185
8155687 1.0826
8175245 1.08336
8194803 1.08411
8214361 1.08486
8233919 1.08561
8253477 1.08636
8273035 1.0871
8292593 1.08785
8312151 1.0886
8331709 1.08935
8351267 1.09009
8370825 1.09083
8390383 1.09158
8409941 1.09232
8429499 1.09306
8449057 1.0938
8468615 1.09455
8488173 1.09529
8507731 1.09602
8527289 1.09676
8546847 1.0975
8566405 1.09824
8585963 1.09897
8605521 1.09971
8625079 1.10044
8644637 1.10118
8664195 1.10191
8683753 1.10264
8703311 1.10337
8722869 1.1041
8742427 1.10483
8761985 1.10556
8781543 1.10629
8801101 1.10702
8820659 1.10775
8840217 1.10847
8859775 1.1092
8879333 1.10992
8898891 1.11065
8918449 1.11137
8938007 1.1121
8957565 1.11282
8977123 1.11354
8996681 1.11426
9016239 1.11498
9035797 1.1157
9055355 1.11642
9074913 1.11714
9094471 1.11786
9114029 1.11857
9133587 1.11929
9153145 1.12
9172703 1.12072
9192261 1.12143
9211819 1.12215
9231377 1.12286
9250935 1.12357
9270493 1.12428
9290051 1.12499
9309609 1.1257
9329167 1.12641
9348725 1.12712
9368283 1.12783
9387841 1.12854
9407399 1.12925
9426957 1.12995
9446515 1.13066
9466073 1.13136
9485631 1.13207
9505189 1.13277
9524747 1.13347
9544305 1.13418
9563863 1.13488
9583421 1.13558
9602979 1.13628
9622537 1.13698
9642095 1.13768
9661653 1.13838
9681211 1.13908
9700769 1.13978
9720327 1.14047
9739885 1.14117
9759443 1.14187
9779001 1.14256
9798559 1.14326
9818117 1.14395
9837675 1.14464
9857233 1.14534
9876791 1.14603
9896349 1.14672
9915907 1.14741
9935465 1.1481
9955023 1.14879
9974581 1.14948
9994139 1.15017
10013697 1.15086
10033255 1.15155
10052813 1.15223
10072371 1.15292
10091929 1.1536
10111487 1.15429
10131045 1.15498
10150603 1.15566
10170161 1.15634
10189719 1.15703
10209277 1.15771
10228835 1.15839
10248393 1.15907
10267951 1.15975
10287509 1.16043
10307067 1.16111
10326625 1.16179
10346183 1.16247
10365741 1.16315
10385299 1.16383
10404857 1.1645
10424415 1.16518
10443973 1.16586
10463531 1.16653
10483089 1.16721
10502647 1.16788
10522205 1.16856
10541763 1.16923
10561321 1.1699
10580879 1.17057
10600437 1.17125
10619995 1.17192
10639553 1.17259
10659111 1.17326
10678669 1.17393
10698227 1.1746
10717785 1.17527
10737343 1.17593
10756901 1.1766
10776459 1.17727
10796017 1.17793
10815575 1.1786
10835133 1.17927
10854691 1.17993
10874249 1.1806
10893807 1.18126
10913365 1.18192
10932923 1.18259
10952481 1.18325
10972039 1.18391
10991597 1.18457
11011155 1.18523
11030713 1.18589
11050271 1.18655
11069829 1.18721
11089387 1.18787
11108945 1.18853
11128503 1.18919
11148061 1.18985
11167619 1.1905
11187177 1.19116
11206735 1.19182
11226293 1.19247
11245851 1.19313
11265409 1.19378
11284967 1.19444
11304525 1.19509
11324083 1.19574
11343641 1.1964
11363199 1.19705
11382757 1.1977
11402315 1.19835
11421873 1.199
11441431 1.19965
11460989 1.2003
11480547 1.20095
11500105 1.2016
11519663 1.20225
11539221 1.2029
11558779 1.20354
11578337 1.20419
11597895 1.20484
11617453 1.20548
11637011 1.20613
11656569 1.20678
11676127 1.20742
11695685 1.20806
11715243 1.20871
11734801 1.20935
11754359 1.21
11773917 1.21064
11793475 1.21128
11813033 1.21192
11832591 1.21256
11852149 1.2132
11871707 1.21384
11891265 1.21448
11910823 1.21512
11930381 1.21576
11949939 1.2164
11969497 1.21704
11989055 1.21768
12008613 1.21831
12028171 1.21895
12047729 1.21959
12067287 1.22022
12086845 1.22086
12106403 1.22149
12125961 1.22213
12145519 1.22276
12165077 1.2234
12184635 1.22403
12204193 1.22466
12223751 1.22529
12243309 1.22593
12262867 1.22656
12282425 1.22719
12301983 1.22782
12321541 1.22845
12341099 1.22908
12360657 1.22971
12380215 1.23034
12399773 1.23097
12419331 1.2316
12438889 1.23222
12458447 1.23285
12478005 1.23348
12497563 1.2341
12517121 1.23473
12536679 1.23536
12556237 1.23598
12575795 1.23661
12595353 1.23723
12614911 1.23786
12634469 1.23848
12654027 1.2391
12673585 1.23972
12693143 1.24035
12712701 1.24097
12732259 1.24159
12751817 1.24221
12771375 1.24283
12790933 1.24345
12810491 1.24407
12830049 1.24469
12849607 1.24531
12869165 1.24593
12888723 1.24655
12908281 1.24717
12927839 1.24779
12947397 1.2484
12966955 1.24902
12986513 1.24964
13006071 1.25025
13025629 1.25087
13045187 1.25148
13064745 1.2521
13084303 1.25271
13103861 1.25333
13123419 1.25394
13142977 1.25455
13162535 1.25517
13182093 1.25578
13201651 1.25639
13221209 1.257
13240767 1.25761
13260325 1.25822
13279883 1.25884
13299441 1.25945
13318999 1.26006
13338557 1.26066
13358115 1.26127
13377673 1.26188
13397231 1.26249
13416789 1.2631
13436347 1.26371
13455905 1.26431
13475463 1.26492
13495021 1.26553
13514579 1.26613
13534137 1.26674
13553695 1.26734
13573253 1.26795
13592811 1.26855
13612369 1.26916
13631927 1.26976
13651485 1.27037
13671043 1.27097
13690601 1.27157
13710159 1.27217
13729717 1.27278
13749275 1.27338
13768833 1.27398
13788391 1.27458
13807949 1.27518
13827507 1.27578
13847065 1.27638
13866623 1.27698
13886181 1.27758
13905739 1.27818
13925297 1.27877
13944855 1.27937
13964413 1.27997
13983971 1.28057
14003529 1.28116
14023087 1.28176
14042645 1.28236
14062203 1.28295
14081761 1.28355
14101319 1.28414
14120877 1.28474
14140435 1.28533
14159993 1.28593
14179551 1.28652
14199109 1.28711
14218667 1.28771
14238225 1.2883
14257783 1.28889
14277341 1.28948
14296899 1.29008
14316457 1.29067
14336015 1.29126
14355573 1.29185
14375131 1.29244
14394689 1.29303
14414247 1.29362
14433805 1.29421
14453363 1.2948
14472921 1.29538
14492479 1.29597
14512037 1.29656
14531595 1.29715
14551153 1.29773
14570711 1.29832
14590269 1.29891
14609827 1.29949
14629385 1.30008
14648943 1.30066
14668501 1.30125
14688059 1.30183
14707617 1.30242
14727175 1.303
14746733 1.30359
14766291 1.30417
14785849 1.30475
14805407 1.30534
14824965 1.30592
14844523 1.3065
14864081 1.30708
14883639 1.30766
14903197 1.30824
14922755 1.30883
14942313 1.30941
14961871 1.30999
14981429 1.31057
15000987 1.31114
15020545 1.31172
15040103 1.3123
15059661 1.31288
15079219 1.31346
15098777 1.31404
15118335 1.31461
15137893 1.31519
15157451 1.31577
15177009 1.31634
15196567 1.31692
15216125 1.3175
15235683 1.31807
15255241 1.31865
15274799 1.31922
15294357 1.3198
15313915 1.32037
15333473 1.32094
15353031 1.32152
15372589 1.32209
15392147 1.32266
15411705 1.32324
15431263 1.32381
15450821 1.32438
15470379 1.32495
15489937 1.32552
15509495 1.32609
15529053 1.32667
15548611 1.32724
15568169 1.32781
15587727 1.32838
15607285 1.32894
15626843 1.32951
15646401 1.33008
15665959 1.33065
15685517 1.33122
15705075 1.33179
15724633 1.33235
15744191 1.33292
15763749 1.33349
15783307 1.33406
15802865 1.33462
15822423 1.33519
15841981 1.33575
15861539 1.33632
15881097 1.33688
15900655 1.33745
15920213 1.33801
15939771 1.33858
15959329 1.33914
15978887 1.3397
15998445 1.34027
16018003 1.34083
16037561 1.34139
16057119 1.34196
16076677 1.34252
16096235 1.34308
16115793 1.34364
16135351 1.3442
16154909 1.34476
16174467 1.34532
16194025 1.34588
16213583 1.34644
16233141 1.347
16252699 1.34756
16272257 1.34812
16291815 1.34868
16311373 1.34924
16330931 1.3498
16350489 1.35035
16370047 1.35091
16389605 1.35147
16409163 1.35203
16428721 1.35258
16448279 1.35314
16467837 1.3537
16487395 1.35425
16506953 1.35481
16526511 1.35536
16546069 1.35592
16565627 1.35647
16585185 1.35703
16604743 1.35758
16624301 1.35813
16643859 1.35869
16663417 1.35924
16682975 1.35979
16702533 1.36035
16722091 1.3609
16741649 1.36145
16761207 1.362
16780765 1.36255
16800323 1.3631
16819881 1.36365
16839439 1.36421
16858997 1.36476
16878555 1.36531
16898113 1.36586
16917671 1.3664
16937229 1.36695
16956787 1.3675
16976345 1.36805
16995903 1.3686
17015461 1.36915
17035019 1.3697
17054577 1.37024
17074135 1.37079
17093693 1.37134
17113251 1.37188
17132809 1.37243
17152367 1.37298
17171925 1.37352
17191483 1.37407
17211041 1.37461
17230599 1.37516
17250157 1.3757
17269715 1.37625
17289273 1.37679
17308831 1.37733
17328389 1.37788
17347947 1.37842
17367505 1.37896
17387063 1.37951
17406621 1.38005
17426179 1.38059
17445737 1.38113
17465295 1.38167
17484853 1.38222
17504411 1.38276
17523969 1.3833
17543527 1.38384
17563085 1.38438
17582643 1.38492
17602201 1.38546
17621759 1.386
17641317 1.38654
17660875 1.38707
17680433 1.38761
17699991 1.38815
17719549 1.38869
17739107 1.38923
17758665 1.38976
17778223 1.3903
17797781 1.39084
17817339 1.39138
17836897 1.39191
17856455 1.39245
17876013 1.39298
17895571 1.39352
17915129 1.39406
17934687 1.39459
17954245 1.39513
17973803 1.39566
17993361 1.39619
18012919 1.39673
18032477 1.39726
18052035 1.3978
18071593 1.39833
18091151 1.39886
18110709 1.39939
18130267 1.39993
18149825 1.40046
18169383 1.40099
18188941 1.40152
18208499 1.40205
18228057 1.40259
18247615 1.40312
18267173 1.40365
18286731 1.40418
18306289 1.40471
18325847 1.40524
18345405 1.40577
18364963 1.4063
18384521 1.40683
18404079 1.40735
18423637 1.40788
18443195 1.40841
18462753 1.40894
18482311 1.40947
18501869 1.40999
18521427 1.41052
18540985 1.41105
18560543 1.41158
18580101 1.4121
18599659 1.41263
18619217 1.41315
18638775 1.41368
18658333 1.41421
18677891 1.41473
18697449 1.41526
18717007 1.41578
18736565 1.41631
18756123 1.41683
18775681 1.41735
18795239 1.41788
18814797 1.4184
18834355 1.41892
18853913 1.41945
18873471 1.41997
18893029 1.42049
18912587 1.42101
18932145 1.42154
18951703 1.42206
18971261 1.42258
18990819 1.4231
19010377 1.42362
19029935 1.42414
19049493 1.42466
19069051 1.42518
19088609 1.4257
19108167 1.42622
19127725 1.42674
19147283 1.42726
19166841 1.42778
19186399 1.4283
19205957 1.42882
19225515 1.42934
19245073 1.42985
19264631 1.43037
19284189 1.43089
19303747 1.43141
19323305 1.43192
19342863 1.43244
19362421 1.43296
19381979 1.43347
19401537 1.43399
19421095 1.43451
19440653 1.43502
19460211 1.43554
19479769 1.43605
19499327 1.43657
19518885 1.43708
19538443 1.4376
19558001 1.43811
19577559 1.43862
19597117 1.43914
19616675 1.43965
19636233 1.44017
19655791 1.44068
19675349 1.44119
19694907 1.4417
19714465 1.44222
19734023 1.44273
19753581 1.44324
19773139 1.44375
19792697 1.44426
19812255 1.44477
19831813 1.44528
19851371 1.4458
19870929 1.44631
19890487 1.44682
19910045 1.44733
19929603 1.44784
19949161 1.44834
19968719 1.44885
19988277 1.44936
20007835 1.44987
20027393 1.45038
20046951 1.45089
20066509 1.4514
20086067 1.4519
20105625 1.45241
20125183 1.45292
20144741 1.45343
20164299 1.45393
20183857 1.45444
20203415 1.45495
20222973 1.45545
20242531 1.45596
20262089 1.45646
20281647 1.45697
20301205 1.45748
20320763 1.45798
20340321 1.45849
20359879 1.45899
20379437 1.45949
20398995 1.46
20418553 1.4605
20438111 1.46101
20457669 1.46151
20477227 1.46201
20496785 1.46252
20516343 1.46302
20535901 1.46352
20555459 1.46402
20575017 1.46453
20594575 1.46503
20614133 1.46553
20633691 1.46603
20653249 1.46653
20672807 1.46703
20692365 1.46753
20711923 1.46803
20731481 1.46854
20751039 1.46904
20770597 1.46954
20790155 1.47004
20809713 1.47053
20829271 1.47103
20848829 1.47153
20868387 1.47203
20887945 1.47253
20907503 1.47303
20927061 1.47353
20946619 1.47402
20966177 1.47452
20985735 1.47502
21005293 1.47552
21024851 1.47601
21044409 1.47651
21063967 1.47701
21083525 1.4775
21103083 1.478
21122641 1.4785
21142199 1.47899
21161757 1.47949
21181315 1.47998
21200873 1.48048
21220431 1.48097
21239989 1.48147
21259547 1.48196
21279105 1.48246
21298663 1.48295
21318221 1.48344
21337779 1.48394
21357337 1.48443
21376895 1.48492
21396453 1.48542
21416011 1.48591
21435569 1.4864
21455127 1.48689
21474685 1.48739
21494243 1.48788
21513801 1.48837
21533359 1.48886
21552917 1.48935
21572475 1.48984
21592033 1.49033
21611591 1.49082
21631149 1.49132
21650707 1.49181
21670265 1.4923
21689823 1.49278
21709381 1.49327
21728939 1.49376
21748497 1.49425
21768055 1.49474
21787613 1.49523
21807171 1.49572
21826729 1.49621
21846287 1.4967
21865845 1.49718
21885403 1.49767
21904961 1.49816
21924519 1.49865
21944077 1.49913
21963635 1.49962
21983193 1.50011
22002751 1.50059
22022309 1.50108
22041867 1.50156
22061425 1.50205
22080983 1.50254
22100541 1.50302
22120099 1.50351
22139657 1.50399
22159215 1.50448
22178773 1.50496
22198331 1.50545
22217889 1.50593
22237447 1.50641
22257005 1.5069
22276563 1.50738
22296121 1.50786
22315679 1.50835
22335237 1.50883
22354795 1.50931
22374353 1.50979
22393911 1.51028
22413469 1.51076
22433027 1.51124
22452585 1.51172
22472143 1.5122
22491701 1.51269
22511259 1.51317
22530817 1.51365
22550375 1.51413
22569933 1.51461
22589491 1.51509
22609049 1.51557
22628607 1.51605
22648165 1.51653
22667723 1.51701
22687281 1.51749
22706839 1.51797
22726397 1.51845
22745955 1.51892
22765513 1.5194
22785071 1.51988
22804629 1.52036
22824187 1.52084
22843745 1.52132
22863303 1.52179
22882861 1.52227
22902419 1.52275
22921977 1.52322
22941535 1.5237
22961093 1.52418
22980651 1.52465
23000209 1.52513
23019767 1.52561
23039325 1.52608
23058883 1.52656
23078441 1.52703
23097999 1.52751
23117557 1.52798
23137115 1.52846
23156673 1.52893
23176231 1.52941
23195789 1.52988
23215347 1.53035
23234905 1.53083
23254463 1.5313
23274021 1.53178
23293579 1.53225
23313137 1.53272
23332695 1.53319
23352253 1.53367
23371811 1.53414
23391369 1.53461
23410927 1.53508
23430485 1.53556
23450043 1.53603
23469601 1.5365
23489159 1.53697
23508717 1.53744
23528275 1.53791
23547833 1.53838
23567391 1.53885
23586949 1.53932
23606507 1.53979
23626065 1.54026
23645623 1.54073
23665181 1.5412
23684739 1.54167
23704297 1.54214
23723855 1.54261
23743413 1.54308
23762971 1.54355
23782529 1.54402
23802087 1.54449
23821645 1.54495
23841203 1.54542
23860761 1.54589
23880319 1.54636
23899877 1.54682
23919435 1.54729
23938993 1.54776
23958551 1.54823
23978109 1.54869
23997667 1.54916
24017225 1.54962
24036783 1.55009
24056341 1.55056
24075899 1.55102
24095457 1.55149
24115015 1.55195
24134573 1.55242
24154131 1.55288
24173689 1.55335
24193247 1.55381
24212805 1.55428
24232363 1.55474
24251921 1.55521
24271479 1.55567
24291037 1.55613
24310595 1.5566
24330153 1.55706
24349711 1.55752
24369269 1.55799
24388827 1.55845
24408385 1.55891
24427943 1.55937
24447501 1.55984
24467059 1.5603
24486617 1.56076
24506175 1.56122
24525733 1.56168
24545291 1.56214
24564849 1.56261
24584407 1.56307
24603965 1.56353
24623523 1.56399
24643081 1.56445
24662639 1.56491
24682197 1.56537
24701755 1.56583
24721313 1.56629
24740871 1.56675
24760429 1.56721
24779987 1.56767
24799545 1.56812
24819103 1.56858
24838661 1.56904
24858219 1.5695
24877777 1.56996
24897335 1.57042
24916893 1.57087
24936451 1.57133
24956009 1.57179
24975567 1.57225
24995125 1.5727
25014683 1.57316
25034241 1.57362
25053799 1.57408
25073357 1.57453
25092915 1.57499
25112473 1.57544
25132031 1.5759
25151589 1.57636
25171147 1.57681
25190705 1.57727
25210263 1.57772
25229821 1.57818
25249379 1.57863
25268937 1.57909
25288495 1.57954
25308053 1.58
25327611 1.58045
25347169 1.5809
25366727 1.58136
25386285 1.58181
25405843 1.58227
25425401 1.58272
25444959 1.58317
25464517 1.58363
25484075 1.58408
25503633 1.58453
25523191 1.58498
25542749 1.58544
25562307 1.58589
25581865 1.58634
25601423 1.58679
25620981 1.58724
25640539 1.5877
25660097 1.58815
25679655 1.5886
25699213 1.58905
25718771 1.5895
25738329 1.58995
25757887 1.5904
25777445 1.59085
25797003 1.5913
25816561 1.59175
25836119 1.5922
25855677 1.59265
25875235 1.5931
25894793 1.59355
25914351 1.594
25933909 1.59445
25953467 1.5949
25973025 1.59535
25992583 1.59579
26012141 1.59624
26031699 1.59669
26051257 1.59714
26070815 1.59759
26090373 1.59803
26109931 1.59848
26129489 1.59893
26149047 1.59938
26168605 1.59982
26188163 1.60027
26207721 1.60072
26227279 1.60116
26246837 1.60161
26266395 1.60205
26285953 1.6025
26305511 1.60295
26325069 1.60339
26344627 1.60384
26364185 1.60428
26383743 1.60473
26403301 1.60517
26422859 1.60562
26442417 1.60606
26461975 1.60651
26481533 1.60695
26501091 1.6074
26520649 1.60784
26540207 1.60828
26559765 1.60873
26579323 1.60917
26598881 1.60961
26618439 1.61006
26637997 1.6105
26657555 1.61094
26677113 1.61139
26696671 1.61183
26716229 1.61227
26735787 1.61271
26755345 1.61315
26774903 1.6136
26794461 1.61404
26814019 1.61448
26833577 1.61492
26853135 1.61536
26872693 1.6158
26892251 1.61624
26911809 1.61669
26931367 1.61713
26950925 1.61757
26970483 1.61801
26990041 1.61845
27009599 1.61889
27029157 1.61933
27048715 1.61977
27068273 1.62021
27087831 1.62065
27107389 1.62108
27126947 1.62152
27146505 1.62196
27166063 1.6224
27185621 1.62284
27205179 1.62328
27224737 1.62372
27244295 1.62415
27263853 1.62459
27283411 1.62503
27302969 1.62547
27322527 1.6259
27342085 1.62634
27361643 1.62678
27381201 1.62722
27400759 1.62765
27420317 1.62809
27439875 1.62853
27459433 1.62896
27478991 1.6294
27498549 1.62983
27518107 1.63027
27537665 1.63071
27557223 1.63114
27576781 1.63158
27596339 1.63201
27615897 1.63245
27635455 1.63288
27655013 1.63332
27674571 1.63375
27694129 1.63419
27713687 1.63462
27733245 1.63506
27752803 1.63549
27772361 1.63592
27791919 1.63636
27811477 1.63679
27831035 1.63722
27850593 1.63766
27870151 1.63809
27889709 1.63852
27909267 1.63896
27928825 1.63939
27948383 1.63982
27967941 1.64025
27987499 1.64069
28007057 1.64112
28026615 1.64155
28046173 1.64198
28065731 1.64241
28085289 1.64284
28104847 1.64328
28124405 1.64371
28143963 1.64414
28163521 1.64457
28183079 1.645
28202637 1.64543
28222195 1.64586
28241753 1.64629
28261311 1.64672
28280869 1.64715
28300427 1.64758
28319985 1.64801
28339543 1.64844
28359101 1.64887
28378659 1.6493
28398217 1.64973
28417775 1.65016
28437333 1.65058
28456891 1.65101
28476449 1.65144
28496007 1.65187
28515565 1.6523
28535123 1.65273
28554681 1.65315
28574239 1.65358
28593797 1.65401
28613355 1.65444
28632913 1.65486
28652471 1.65529
28672029 1.65572
28691587 1.65614
28711145 1.65657
28730703 1.657
28750261 1.65742
28769819 1.65785
28789377 1.65828
28808935 1.6587
28828493 1.65913
28848051 1.65955
28867609 1.65998
28887167 1.6604
28906725 1.66083
28926283 1.66125
28945841 1.66168
28965399 1.6621
28984957 1.66253
29004515 1.66295
29024073 1.66338
29043631 1.6638
29063189 1.66423
29082747 1.66465
29102305 1.66507
29121863 1.6655
29141421 1.66592
29160979 1.66634
29180537 1.66677
29200095 1.66719
29219653 1.66761
29239211 1.66804
29258769 1.66846
29278327 1.66888
29297885 1.6693
29317443 1.66972
29337001 1.67015
29356559 1.67057
29376117 1.67099
29395675 1.67141
29415233 1.67183
29434791 1.67225
29454349 1.67268
29473907 1.6731
29493465 1.67352
29513023 1.67394
29532581 1.67436
29552139 1.67478
29571697 1.6752
29591255 1.67562
29610813 1.67604
29630371 1.67646
29649929 1.67688
29669487 1.6773
29689045 1.67772
29708603 1.67814
29728161 1.67856
29747719 1.67898
29767277 1.6794
29786835 1.67981
29806393 1.68023
29825951 1.68065
29845509 1.68107
29865067 1.68149
29884625 1.68191
29904183 1.68232
29923741 1.68274
29943299 1.68316
29962857 1.68358
29982415 1.68399
