1 31.3626 1992.5 1
19559 12.7532 790.666 0.629948
39117 8.28164 459.602 0.501134
58675 6.24686 341.548 0.406528
78233 5.10502 275.361 0.35208
97791 4.37134 240.27 0.304906
117349 3.85611 215.299 0.272082
136907 3.47199 198.092 0.243595
156465 3.17186 184.182 0.22073
176023 2.93033 172.866 0.20114
195581 2.73129 163.2 0.185155
215139 2.56441 154.902 0.176646
234697 2.42217 147.594 0.168865
254255 2.29931 141.123 0.161935
273813 2.19188 135.291 0.15561
293371 2.097 130.059 0.149876
312929 2.01249 125.318 0.144609
332487 1.93672 121.026 0.139749
352045 1.86833 117.11 0.135219
371603 1.80626 113.527 0.130994
391161 1.74963 110.238 0.127039
410719 1.69771 107.199 0.12333
430277 1.64991 104.391 0.119861
449835 1.60573 101.787 0.116605
469393 1.56477 99.3682 0.113539
488951 1.52666 97.1199 0.110642
508509 1.49109 95.0109 0.107903
528067 1.4578 93.0219 0.105311
547625 1.42654 91.1433 0.102852
567183 1.39714 89.3691 0.100515
586741 1.36942 87.6867 0.0982893
606299 1.34324 86.0875 0.0961695
625857 1.31846 84.5712 0.0941452
645415 1.29497 83.13 0.0922077
664973 1.27266 81.7564 0.0903499
684531 1.25145 80.4453 0.0885671
704089 1.23125 79.1938 0.0868549
723647 1.21199 77.9992 0.0852086
743205 1.19359 76.8631 0.0836221
762763 1.17601 75.7719 0.0820917
782321 1.15918 74.7247 0.0806139
801879 1.14305 73.7237 0.0791841
821437 1.12758 72.7648 0.0777994
840995 1.11273 71.8451 0.076458
860553 1.09846 70.9597 0.0751585
880111 1.08473 70.1072 0.073898
899669 1.07151 69.2835 0.0726738
919227 1.05877 68.4875 0.0714837
938785 1.04648 67.721 0.0703273
958343 1.03462 66.9803 0.0692039
977901 1.02317 66.2654 0.0681123
997459 1.0121 65.5754 0.0670541
1017017 1.0014 64.9095 0.0660283
1036575 0.991045 64.2672 0.0650305
1056133 0.981017 63.6474 0.0640619
1075691 0.971301 63.0467 0.0631203
1095249 0.961883 62.465 0.0622039
1114807 0.952748 61.9017 0.061432
1134365 0.943884 61.3559 0.060887
1153923 0.935278 60.8256 0.0603507
1173481 0.926918 60.3106 0.0598226
1193039 0.918795 59.81 0.0593028
1212597 0.910898 59.3252 0.058791
1232155 0.903219 58.8532 0.0582875
1251713 0.895749 58.3944 0.0577916
1271271 0.888478 57.9472 0.0573034
1290829 0.8814 57.5121 0.0568227
1310387 0.874507 57.0893 0.0563494
1329945 0.867791 56.6762 0.0558835
1349503 0.861246 56.2732 0.055425
1369061 0.854867 55.881 0.0549734
1388619 0.848646 55.4987 0.0545284
1408177 0.84258 55.1265 0.05409
1427735 0.836662 54.7641 0.053658
1447293 0.830888 54.4105 0.0532324
1466851 0.825252 54.0669 0.052813
1486409 0.819751 53.731 0.0523996
1505967 0.814379 53.4028 0.0519919
1525525 0.809133 53.0812 0.0515896
1545083 0.804008 52.7669 0.0511928
1564641 0.799001 52.46 0.0508013
1584199 0.794107 52.1606 0.0504152
1603757 0.789325 51.8683 0.0500342
1623315 0.784649 51.5813 0.0496582
1642873 0.780077 51.3008 0.0492872
1662431 0.775606 51.0264 0.0489211
1681989 0.771233 50.7582 0.0485599
1701547 0.766956 50.4954 0.0482035
1721105 0.76277 50.2381 0.0478519
1740663 0.758675 49.9867 0.0475049
1760221 0.754667 49.7406 0.0471627
1779779 0.750745 49.4997 0.0468253
1799337 0.746905 49.2641 0.0464925
1818895 0.743145 49.0339 0.0461642
1838453 0.739464 48.8084 0.0458403
1858011 0.735859 48.5874 0.0455209
1877569 0.732329 48.3705 0.0452059
1897127 0.72887 48.158 0.0448952
1916685 0.725483 47.949 0.0445887
1936243 0.722163 47.7438 0.0442864
1955801 0.718911 47.5422 0.0439881
1975359 0.715724 47.3446 0.043694
1994917 0.712601 47.1515 0.043404
2014475 0.70954 46.962 0.043118
2034033 0.706539 46.7763 0.0428359
2053591 0.703598 46.5947 0.0425576
2073149 0.700715 46.4166 0.0422832
2092707 0.697888 46.2416 0.0420123
2112265 0.695116 46.0703 0.0417451
2131823 0.692398 45.9028 0.0414813
2151381 0.689733 45.7384 0.041221
2170939 0.687118 45.5772 0.0409641
2190497 0.684555 45.4192 0.0407105
2210055 0.68204 45.2641 0.0404602
2229613 0.679573 45.1117 0.0402131
2249171 0.677153 44.9619 0.039969
2268729 0.674778 44.8147 0.0397279
2288287 0.672449 44.6697 0.0394897
2307845 0.670163 44.5273 0.0392544
2327403 0.667919 44.3876 0.0390219
2346961 0.665718 44.2505 0.038792
2366519 0.663557 44.1156 0.0385647
2386077 0.661437 43.9827 0.03834
2405635 0.659355 43.852 0.0381178
2425193 0.657313 43.7241 0.0378981
2444751 0.655307 43.5985 0.0376809
2464309 0.653339 43.4751 0.0374661
2483867 0.651406 43.3542 0.0372538
2503425 0.649509 43.2355 0.0370438
2522983 0.647646 43.1183 0.0368362
2542541 0.645817 43.0028 0.0366309
2562099 0.644021 42.889 0.0364279
2581657 0.642258 42.7774 0.0362272
2601215 0.640527 42.6676 0.0360287
2620773 0.638826 42.5601 0.0358323
2640331 0.637156 42.4548 0.0356381
2659889 0.635516 42.3511 0.035446
2679447 0.633906 42.2493 0.0352561
2699005 0.632324 42.1492 0.0350682
2718563 0.63077 42.0508 0.0348824
2738121 0.629244 41.9538 0.0346985
2757679 0.627745 41.8588 0.0345168
2777237 0.626273 41.7653 0.034337
2796795 0.624827 41.6733 0.0341592
2816353 0.623406 41.5826 0.0339834
2835911 0.62201 41.4933 0.0338094
2855469 0.620639 41.4054 0.0336373
2875027 0.619292 41.319 0.0334669
2894585 0.617968 41.2344 0.0332984
2914143 0.616668 41.151 0.0331315
2933701 0.615391 41.0691 0.0329666
2953259 0.614137 40.9889 0.0328035
2972817 0.612905 40.9098 0.0326421
2992375 0.611694 40.832 0.0324824
3011933 0.610505 40.7553 0.0323245
3031491 0.609337 40.6801 0.0321685
3051049 0.608189 40.6059 0.0320141
3070607 0.607062 40.5328 0.0318615
3090165 0.605954 40.4608 0.0317105
3109723 0.604866 40.3901 0.0315612
3129281 0.603797 40.3207 0.0314278
3148839 0.602746 40.2523 0.0313924
3168397 0.601714 40.185 0.0313572
3187955 0.6007 40.1189 0.0313222
3207513 0.599704 40.054 0.0312874
3227071 0.598725 39.9903 0.0312526
3246629 0.597763 39.9279 0.0312181
3266187 0.596818 39.8662 0.0311835
3285745 0.59589 39.8054 0.0311491
3305303 0.594977 39.7459 0.031115
3324861 0.594081 39.6873 0.0310813
3344419 0.5932 39.6299 0.0310479
3363977 0.592334 39.5737 0.0310149
3383535 0.591484 39.5185 0.0309822
3403093 0.590648 39.4645 0.0309498
3422651 0.589827 39.4114 0.0309176
3442209 0.58902 39.359 0.0308857
3461767 0.588226 39.3075 0.030854
3481325 0.587447 39.2568 0.0308226
3500883 0.586681 39.2068 0.0307914
3520441 0.585929 39.1576 0.0307604
3539999 0.585189 39.1091 0.0307295
3559557 0.584462 39.0615 0.0306988
3579115 0.583748 39.0146 0.0306683
3598673 0.583046 38.9683 0.030638
3618231 0.582356 38.9227 0.0306078
3637789 0.581678 38.8777 0.0305778
3657347 0.581012 38.8334 0.030548
3676905 0.580357 38.7902 0.0305183
3696463 0.579714 38.7477 0.0304888
3716021 0.579082 38.7061 0.0304595
3735579 0.57846 38.6652 0.0304304
3755137 0.57785 38.6251 0.0304015
3774695 0.57725 38.5856 0.0303728
3794253 0.57666 38.5467 0.0303443
3813811 0.57608 38.5086 0.0303159
3833369 0.575511 38.4712 0.0302877
3852927 0.574951 38.4347 0.0302597
3872485 0.574401 38.3987 0.0302319
3892043 0.57386 38.3635 0.0302042
3911601 0.573329 38.3288 0.0301767
3931159 0.572807 38.2948 0.0301495
3950717 0.572294 38.2614 0.0301224
3970275 0.57179 38.2286 0.0300956
3989833 0.571295 38.1961 0.0300689
4009391 0.570809 38.164 0.0300423
4028949 0.570331 38.1323 0.030016
4048507 0.569861 38.1011 0.0299898
4068065 0.5694 38.0703 0.0299638
4087623 0.568947 38.0399 0.0299379
4107181 0.568501 38.0101 0.0299123
4126739 0.568064 37.9808 0.0298868
4146297 0.567634 37.952 0.0298616
4165855 0.567212 37.9237 0.0298365
4185413 0.566797 37.8959 0.0298116
4204971 0.566389 37.8685 0.0297869
4224529 0.565989 37.8415 0.0297623
4244087 0.565596 37.815 0.0297378
4263645 0.56521 37.7887 0.0297135
4283203 0.56483 37.7628 0.0296893
4302761 0.564458 37.7374 0.0296653
4322319 0.564091 37.7121 0.0296414
4341877 0.563732 37.6873 0.0296177
4361435 0.563379 37.663 0.0295941
4380993 0.563032 37.6389 0.0295707
4400551 0.562691 37.6152 0.0295474
4420109 0.562356 37.5918 0.0295243
4439667 0.562028 37.5688 0.0295014
4459225 0.561705 37.5461 0.0294786
4478783 0.561388 37.5238 0.0294559
4498341 0.561076 37.5018 0.0294335
4517899 0.56077 37.4801 0.0294111
4537457 0.56047 37.4588 0.029389
4557015 0.560175 37.4378 0.029367
4576573 0.559885 37.4171 0.0293452
4596131 0.559601 37.3969 0.0293235
4615689 0.559321 37.3771 0.0293019
4635247 0.559047 37.3576 0.0292805
4654805 0.558778 37.3383 0.0292593
4674363 0.558513 37.3196 0.0292382
4693921 0.558254 37.3011 0.0292173
4713479 0.557999 37.2829 0.0291967
4733037 0.557749 37.265 0.0291762
4752595 0.557504 37.2474 0.0291559
4772153 0.557263 37.2303 0.0291357
4791711 0.557026 37.2137 0.0291158
4811269 0.556794 37.1973 0.0290961
4830827 0.556567 37.1812 0.0290765
4850385 0.556343 37.1653 0.0290572
4869943 0.556124 37.1496 0.029038
4889501 0.555909 37.1342 0.029019
4909059 0.555698 37.119 0.0290002
4928617 0.555491 37.1041 0.0289815
4948175 0.555288 37.0896 0.0289631
4967733 0.555089 37.0754 0.0289448
4987291 0.554894 37.0613 0.0289267
5006849 0.554702 37.0475 0.0289088
5026407 0.554514 37.034 0.028891
5045965 0.55433 37.0207 0.0288735
5065523 0.554149 37.0078 0.028856
5085081 0.553972 36.9953 0.0288388
5104639 0.553798 36.983 0.0288217
5124197 0.553628 36.9708 0.0288048
5143755 0.553461 36.9587 0.028788
5163313 0.553297 36.9469 0.0287714
5182871 0.553137 36.9355 0.028755
5202429 0.55298 36.9243 0.0287387
5221987 0.552826 36.9133 0.0287226
5241545 0.552675 36.9024 0.0287066
5261103 0.552527 36.8916 0.0286907
5280661 0.552382 36.8813 0.028675
5300219 0.55224 36.8711 0.0286594
5319777 0.552102 36.8612 0.028644
5339335 0.551966 36.8514 0.0286287
5358893 0.551832 36.8417 0.0286135
5378451 0.551702 36.8321 0.0285984
5398009 0.551574 36.8227 0.0285834
5417567 0.55145 36.8133 0.0285686
5437125 0.551327 36.8042 0.0285564
5456683 0.551208 36.7952 0.0285854
5476241 0.551091 36.7866 0.0286144
5495799 0.550976 36.778 0.0286432
5515357 0.550864 36.7698 0.0286718
5534915 0.550755 36.7617 0.0287003
5554473 0.550648 36.7538 0.0287287
5574031 0.550543 36.7462 0.0287569
5593589 0.550441 36.7389 0.028785
5613147 0.550341 36.7317 0.0288129
5632705 0.550243 36.7246 0.0288406
5652263 0.550148 36.7177 0.0288683
5671821 0.550055 36.7109 0.0288958
5691379 0.549964 36.7042 0.0289231
5710937 0.549875 36.6976 0.0289504
5730495 0.549789 36.6913 0.0289775
5750053 0.549704 36.6851 0.0290045
5769611 0.549622 36.6791 0.0290313
5789169 0.549541 36.6733 0.0290581
5808727 0.549463 36.6676 0.0290847
5828285 0.549386 36.6622 0.0291112
5847843 0.549312 36.6569 0.0291376
5867401 0.549239 36.6517 0.0291639
5886959 0.549168 36.6467 0.02919
5906517 0.5491 36.6419 0.0292161
5926075 0.549032 36.6371 0.029242
5945633 0.548967 36.6324 0.0292678
5965191 0.548904 36.6279 0.0292934
5984749 0.548842 36.6234 0.029319
6004307 0.548782 36.619 0.0293444
6023865 0.548723 36.6147 0.0293698
6043423 0.548667 36.6106 0.029395
6062981 0.548611 36.6065 0.0294201
6082539 0.548558 36.6026 0.0294452
6102097 0.548506 36.5988 0.0294701
6121655 0.548456 36.5952 0.0294949
6141213 0.548407 36.5917 0.0295196
6160771 0.54836 36.5884 0.0295442
6180329 0.548314 36.5851 0.0295686
6199887 0.54827 36.5819 0.029593
6219445 0.548227 36.5788 0.0296172
6239003 0.548186 36.5758 0.0296414
6258561 0.548146 36.5728 0.0296654
6278119 0.548107 36.5699 0.0296894
6297677 0.54807 36.567 0.0297132
6317235 0.548034 36.5642 0.0297369
6336793 0.547999 36.5614 0.0297604
6356351 0.547966 36.5587 0.0297839
6375909 0.547934 36.5561 0.0298072
6395467 0.547904 36.5535 0.0298304
6415025 0.547874 36.5509 0.0298534
6434583 0.547846 36.5485 0.0298763
6454141 0.547819 36.5461 0.0298991
6473699 0.547793 36.5437 0.0299218
6493257 0.547769 36.5414 0.0299444
6512815 0.547745 36.5392 0.0299668
6532373 0.547723 36.537 0.0299892
6551931 0.547702 36.5349 0.0300114
6571489 0.547682 36.5328 0.0300335
6591047 0.547663 36.5308 0.0300555
6610605 0.547645 36.5289 0.0300774
6630163 0.547629 36.5272 0.0300992
6649721 0.547613 36.5254 0.0301209
6669279 0.547599 36.5238 0.0301424
6688837 0.547585 36.5222 0.0301639
6708395 0.547572 36.5206 0.0301853
6727953 0.547561 36.5192 0.0302065
6747511 0.54755 36.5178 0.0302277
6767069 0.547541 36.5165 0.0302488
6786627 0.547532 36.5153 0.0302697
6806185 0.547524 36.5141 0.0302906
6825743 0.547517 36.513 0.0303113
6845301 0.547511 36.512 0.030332
6864859 0.547506 36.5111 0.0303525
6884417 0.547502 36.5102 0.030373
6903975 0.547499 36.5093 0.0303934
6923533 0.547496 36.5085 0.0304136
6943091 0.547494 36.5078 0.0304338
6962649 0.547494 36.5071 0.0304539
6982207 0.547494 36.5066 0.0304739
7001765 0.547494 36.5061 0.0304938
7021323 0.547496 36.5057 0.0305136
7040881 0.547498 36.5054 0.0305333
7060439 0.547502 36.5051 0.0305529
7079997 0.547505 36.5049 0.0305724
7099555 0.54751 36.5048 0.0305919
7119113 0.547516 36.5046 0.0306112
7138671 0.547522 36.5045 0.0306305
7158229 0.547528 36.5044 0.0306497
7177787 0.547536 36.5044 0.0306688
7197345 0.547544 36.5044 0.0306878
7216903 0.547553 36.5045 0.0307068
7236461 0.547563 36.5046 0.0307256
7256019 0.547573 36.5048 0.0307444
7275577 0.547584 36.5049 0.0307631
7295135 0.547595 36.5051 0.0307817
7314693 0.547607 36.5053 0.0308003
7334251 0.54762 36.5056 0.0308187
7353809 0.547634 36.5059 0.0308371
7373367 0.547648 36.5062 0.0308554
7392925 0.547662 36.5065 0.0308736
7412483 0.547677 36.507 0.0308918
7432041 0.547693 36.5075 0.0309099
7451599 0.54771 36.5081 0.0309279
7471157 0.547727 36.5086 0.0309458
7490715 0.547744 36.5092 0.0309637
7510273 0.547762 36.5098 0.0309815
7529831 0.547781 36.5105 0.0309992
7549389 0.5478 36.5112 0.0310168
7568947 0.547819 36.5119 0.0310344
7588505 0.547839 36.5127 0.0310519
7608063 0.54786 36.5135 0.0310693
7627621 0.547881 36.5143 0.0310866
7647179 0.547903 36.5151 0.0311039
7666737 0.547925 36.516 0.0311211
7686295 0.547947 36.5169 0.0311382
7705853 0.54797 36.5178 0.0311553
7725411 0.547994 36.5188 0.0311723
7744969 0.548018 36.5197 0.0311892
7764527 0.548042 36.5207 0.031206
7784085 0.548067 36.5217 0.0312228
7803643 0.548093 36.5227 0.0312395
7823201 0.548118 36.5238 0.0312562
7842759 0.548144 36.5249 0.0312728
7862317 0.548171 36.526 0.0312893
7881875 0.548198 36.5272 0.0313057
7901433 0.548225 36.5284 0.0313221
7920991 0.548253 36.5296 0.0313384
7940549 0.548281 36.5308 0.0313547
7960107 0.54831 36.532 0.0313708
7979665 0.548339 36.5333 0.0313869
7999223 0.548368 36.5346 0.031403
8018781 0.548398 36.5359 0.031419
8038339 0.548428 36.5373 0.0314349
8057897 0.548458 36.5386 0.0314507
8077455 0.548489 36.54 0.0314665
8097013 0.54852 36.5414 0.0314822
8116571 0.548552 36.5429 0.0314978
8136129 0.548584 36.5445 0.0315134
8155687 0.548616 36.546 0.0315289
8175245 0.548648 36.5476 0.0315444
8194803 0.548681 36.5491 0.0315597
8214361 0.548714 36.5507 0.031575
8233919 0.548748 36.5523 0.0315903
8253477 0.548781 36.5538 0.0316055
8273035 0.548815 36.5554 0.0316206
8292593 0.54885 36.557 0.0316356
8312151 0.548884 36.5586 0.0316506
8331709 0.548919 36.5603 0.0316655
8351267 0.548955 36.5619 0.0316804
8370825 0.54899 36.5636 0.0316952
8390383 0.549026 36.5653 0.0317099
8409941 0.549062 36.567 0.0317246
8429499 0.549099 36.5687 0.0317392
8449057 0.549135 36.5705 0.0317538
8468615 0.549172 36.5722 0.0317683
8488173 0.549209 36.574 0.0317827
8507731 0.549247 36.5759 0.0317971
8527289 0.549285 36.5777 0.0318114
8546847 0.549322 36.5796 0.0318256
8566405 0.549361 36.5814 0.0318398
8585963 0.549399 36.5833 0.031854
8605521 0.549438 36.5852 0.0318681
8625079 0.549477 36.5871 0.0318821
8644637 0.549516 36.589 0.0318961
8664195 0.549555 36.5909 0.03191
8683753 0.549595 36.5929 0.0319239
8703311 0.549634 36.5948 0.0319377
8722869 0.549675 36.5968 0.0319514
8742427 0.549715 36.5989 0.0319651
8761985 0.549755 36.6009 0.0319788
8781543 0.549796 36.603 0.0319924
8801101 0.549837 36.6051 0.0320059
8820659 0.549878 36.6072 0.0320193
8840217 0.549919 36.6093 0.0320327
8859775 0.54996 36.6115 0.032046
8879333 0.550002 36.6136 0.0320593
8898891 0.550044 36.6158 0.0320724
8918449 0.550086 36.618 0.0320855
8938007 0.550128 36.6202 0.0320986
8957565 0.55017 36.6224 0.0321116
8977123 0.550213 36.6247 0.0321245
8996681 0.550256 36.6269 0.0321374
9016239 0.550299 36.6292 0.0321502
9035797 0.550342 36.6316 0.0321629
9055355 0.550385 36.634 0.0321756
9074913 0.550428 36.6365 0.0321882
9094471 0.550472 36.6389 0.0322008
9114029 0.550516 36.6414 0.0322133
9133587 0.55056 36.6438 0.0322257
9153145 0.550604 36.6463 0.0322381
9172703 0.550648 36.6487 0.0322504
9192261 0.550692 36.6512 0.0322627
9211819 0.550737 36.6537 0.0322749
9231377 0.550782 36.6562 0.0322871
9250935 0.550826 36.6587 0.0322992
9270493 0.550871 36.6612 0.0323112
9290051 0.550917 36.6637 0.0323232
9309609 0.550962 36.6663 0.0323352
9329167 0.551007 36.6688 0.0323471
9348725 0.551053 36.6713 0.0323589
9368283 0.551099 36.6738 0.0323707
9387841 0.551144 36.6764 0.0323824
9407399 0.55119 36.6789 0.0323941
9426957 0.551237 36.6815 0.0324058
9446515 0.551283 36.6841 0.0324174
9466073 0.551329 36.6866 0.0324289
9485631 0.551376 36.6892 0.0324404
9505189 0.551422 36.6918 0.0324518
9524747 0.551469 36.6944 0.0324632
9544305 0.551516 36.6971 0.0324746
9563863 0.551563 36.6997 0.0324859
9583421 0.55161 36.7023 0.0324971
9602979 0.551657 36.7049 0.0325083
9622537 0.551704 36.7075 0.0325195
9642095 0.551752 36.7102 0.0325306
9661653 0.551799 36.7128 0.0325417
9681211 0.551847 36.7154 0.0325527
9700769 0.551894 36.718 0.0325637
9720327 0.551942 36.7206 0.0325746
9739885 0.55199 36.7233 0.0325855
9759443 0.552038 36.7259 0.0325964
9779001 0.552086 36.7286 0.0326072
9798559 0.552134 36.7312 0.0326179
9818117 0.552183 36.7339 0.0326286
9837675 0.552231 36.7366 0.0326393
9857233 0.552279 36.7393 0.0326499
9876791 0.552328 36.742 0.0326605
9896349 0.552377 36.7447 0.0326711
9915907 0.552425 36.7475 0.0326816
9935465 0.552474 36.7502 0.0326921
9955023 0.552523 36.7529 0.0327025
9974581 0.552572 36.7556 0.0327129
9994139 0.552621 36.7584 0.0327232
