1 31.3626
19559 15.1875
39117 10.0373
58675 7.77198
78233 7.05568
97791 6.57633
117349 6.04621
136907 5.60038
156465 5.35761
176023 5.23123
195581 5.16522
215139 5.11391
234697 5.01824
254255 4.88612
273813 4.74477
293371 4.6076
312929 4.48401
332487 4.39697
352045 4.35087
371603 4.32068
391161 4.28981
410719 4.25221
430277 4.21237
449835 4.17583
469393 4.14852
488951 4.12618
508509 4.10376
528067 4.07604
547625 4.04615
567183 4.01767
586741 3.99453
606299 3.97637
625857 3.96164
645415 3.94661
664973 3.93033
684531 3.91298
704089 3.8968
723647 3.88223
743205 3.86975
762763 3.85788
782321 3.8461
801879 3.83374
821437 3.8216
840995 3.81001
860553 3.79963
880111 3.78989
899669 3.78071
919227 3.77139
938785 3.76225
958343 3.75312
977901 3.74462
997459 3.73645
1017017 3.72886
1036575 3.72133
1056133 3.71406
1075691 3.70679
1095249 3.69985
1114807 3.6931
1134365 3.68675
1153923 3.68053
1173481 3.67458
1193039 3.66867
1212597 3.66299
1232155 3.6574
1251713 3.6521
1271271 3.6469
1290829 3.64195
1310387 3.63706
1329945 3.63237
1349503 3.62774
1369061 3.62331
1388619 3.61897
1408177 3.61483
1427735 3.61076
1447293 3.60686
1466851 3.60301
1486409 3.59933
1505967 3.59571
1525525 3.59225
1545083 3.58885
1564641 3.58561
1584199 3.58241
1603757 3.57935
1623315 3.57635
1642873 3.57348
1662431 3.57066
1681989 3.56797
1701547 3.56533
1721105 3.5628
1740663 3.56033
1760221 3.55796
1779779 3.55564
1799337 3.55343
1818895 3.55127
1838453 3.5492
1858011 3.54718
1877569 3.54525
1897127 3.54337
1916685 3.54158
1936243 3.53983
1955801 3.53817
1975359 3.53655
1994917 3.535
2014475 3.5335
2034033 3.53208
2053591 3.53069
2073149 3.52938
2092707 3.52811
2112265 3.52691
2131823 3.52574
2151381 3.52464
2170939 3.52358
2190497 3.52258
2210055 3.52162
2229613 3.52071
2249171 3.51985
2268729 3.51903
2288287 3.51826
2307845 3.51754
2327403 3.51685
2346961 3.51621
2366519 3.51561
2386077 3.51505
2405635 3.51453
2425193 3.51406
2444751 3.51362
2464309 3.51322
2483867 3.51285
2503425 3.51253
2522983 3.51224
2542541 3.51198
2562099 3.51176
2581657 3.51158
2601215 3.51142
2620773 3.5113
2640331 3.51122
2659889 3.51116
2679447 3.51114
2699005 3.51115
2718563 3.51118
2738121 3.51125
2757679 3.51135
2777237 3.51148
2796795 3.51163
2816353 3.51181
2835911 3.51202
2855469 3.51226
2875027 3.51252
2894585 3.51281
2914143 3.51312
2933701 3.51346
2953259 3.51383
2972817 3.51422
2992375 3.51463
3011933 3.51507
3031491 3.51553
3051049 3.51601
3070607 3.51651
3090165 3.51704
3109723 3.51759
3129281 3.51816
3148839 3.51875
3168397 3.51937
3187955 3.52
3207513 3.52065
3227071 3.52133
3246629 3.52202
3266187 3.52273
3285745 3.52346
3305303 3.52421
3324861 3.52498
3344419 3.52577
3363977 3.52657
3383535 3.52739
3403093 3.52823
3422651 3.52909
3442209 3.52996
3461767 3.53085
3481325 3.53176
3500883 3.53268
3520441 3.53362
3539999 3.53457
3559557 3.53554
3579115 3.53652
3598673 3.53752
3618231 3.53854
3637789 3.53956
3657347 3.54061
3676905 3.54166
3696463 3.54273
3716021 3.54382
3735579 3.54491
3755137 3.54602
3774695 3.54715
3794253 3.54828
3813811 3.54943
3833369 3.5506
3852927 3.55177
3872485 3.55296
3892043 3.55415
3911601 3.55536
3931159 3.55659
3950717 3.55782
3970275 3.55906
3989833 3.56032
4009391 3.56159
4028949 3.56287
4048507 3.56416
4068065 3.56545
4087623 3.56676
4107181 3.56808
4126739 3.56942
4146297 3.57076
4165855 3.57211
4185413 3.57347
4204971 3.57484
4224529 3.57622
4244087 3.5776
4263645 3.579
4283203 3.58041
4302761 3.58182
4322319 3.58325
4341877 3.58468
4361435 3.58613
4380993 3.58758
4400551 3.58904
4420109 3.5905
4439667 3.59198
4459225 3.59346
4478783 3.59496
4498341 3.59645
4517899 3.59796
4537457 3.59948
4557015 3.601
4576573 3.60253
4596131 3.60407
4615689 3.60561
4635247 3.60717
4654805 3.60872
4674363 3.61029
4693921 3.61186
4713479 3.61344
4733037 3.61503
4752595 3.61662
4772153 3.61822
4791711 3.61983
4811269 3.62144
4830827 3.62306
4850385 3.62469
4869943 3.62632
4889501 3.62796
4909059 3.6296
4928617 3.63125
4948175 3.63291
4967733 3.63457
4987291 3.63623
5006849 3.63791
5026407 3.63958
5045965 3.64127
5065523 3.64296
5085081 3.64465
5104639 3.64635
5124197 3.64805
5143755 3.64976
5163313 3.65148
5182871 3.6532
5202429 3.65492
5221987 3.65665
5241545 3.65839
5261103 3.66013
5280661 3.66187
5300219 3.66362
5319777 3.66537
5339335 3.66713
5358893 3.66889
5378451 3.67066
5398009 3.67243
5417567 3.67421
5437125 3.67599
5456683 3.67777
5476241 3.67956
5495799 3.68135
5515357 3.68315
5534915 3.68495
5554473 3.68675
5574031 3.68856
5593589 3.69037
5613147 3.69219
5632705 3.69401
5652263 3.69583
5671821 3.69766
5691379 3.69949
5710937 3.70132
5730495 3.70316
5750053 3.705
5769611 3.70684
5789169 3.70869
5808727 3.71054
5828285 3.7124
5847843 3.71426
5867401 3.71612
5886959 3.71798
5906517 3.71985
5926075 3.72172
5945633 3.72359
5965191 3.72547
5984749 3.72735
6004307 3.72923
6023865 3.73112
6043423 3.733
6062981 3.73489
6082539 3.73679
6102097 3.73869
6121655 3.74058
6141213 3.74249
6160771 3.74439
6180329 3.7463
6199887 3.74821
6219445 3.75012
6239003 3.75204
6258561 3.75395
6278119 3.75587
6297677 3.75779
6317235 3.75972
6336793 3.76165
6356351 3.76358
6375909 3.76551
6395467 3.76744
6415025 3.76938
6434583 3.77132
6454141 3.77326
6473699 3.7752
6493257 3.77714
6512815 3.77909
6532373 3.78104
6551931 3.78299
6571489 3.78494
6591047 3.7869
6610605 3.78886
6630163 3.79082
6649721 3.79278
6669279 3.79474
6688837 3.7967
6708395 3.79867
6727953 3.80064
6747511 3.80261
6767069 3.80458
6786627 3.80655
6806185 3.80853
6825743 3.81051
6845301 3.81248
6864859 3.81446
6884417 3.81645
6903975 3.81843
6923533 3.82041
6943091 3.8224
6962649 3.82439
6982207 3.82638
7001765 3.82837
7021323 3.83036
7040881 3.83236
7060439 3.83435
7079997 3.83635
7099555 3.83835
7119113 3.84035
7138671 3.84235
7158229 3.84435
7177787 3.84635
7197345 3.84836
7216903 3.85036
7236461 3.85237
7256019 3.85438
7275577 3.85639
7295135 3.8584
7314693 3.86041
7334251 3.86242
7353809 3.86444
7373367 3.86645
7392925 3.86847
7412483 3.87048
7432041 3.8725
7451599 3.87452
7471157 3.87654
7490715 3.87856
7510273 3.88059
7529831 3.88261
7549389 3.88463
7568947 3.88666
7588505 3.88869
7608063 3.89071
7627621 3.89274
7647179 3.89477
7666737 3.8968
7686295 3.89883
7705853 3.90086
7725411 3.90289
7744969 3.90493
7764527 3.90696
7784085 3.90899
7803643 3.91103
7823201 3.91307
7842759 3.9151
7862317 3.91714
7881875 3.91918
7901433 3.92122
7920991 3.92326
7940549 3.9253
7960107 3.92734
7979665 3.92938
7999223 3.93142
8018781 3.93346
8038339 3.93551
8057897 3.93755
8077455 3.93959
8097013 3.94164
8116571 3.94368
8136129 3.94573
8155687 3.94778
8175245 3.94982
8194803 3.95187
8214361 3.95392
8233919 3.95597
8253477 3.95801
8273035 3.96006
8292593 3.96211
8312151 3.96416
8331709 3.96621
8351267 3.96826
8370825 3.97031
8390383 3.97237
8409941 3.97442
8429499 3.97647
8449057 3.97852
8468615 3.98058
8488173 3.98263
8507731 3.98468
8527289 3.98674
8546847 3.98879
8566405 3.99084
8585963 3.9929
8605521 3.99495
8625079 3.99701
8644637 3.99907
8664195 4.00112
8683753 4.00318
8703311 4.00523
8722869 4.00729
8742427 4.00935
8761985 4.0114
8781543 4.01346
8801101 4.01552
8820659 4.01757
8840217 4.01963
8859775 4.02169
8879333 4.02374
8898891 4.0258
8918449 4.02786
8938007 4.02992
8957565 4.03198
8977123 4.03403
8996681 4.03609
9016239 4.03815
9035797 4.04021
9055355 4.04227
9074913 4.04432
9094471 4.04638
9114029 4.04844
9133587 4.0505
9153145 4.05256
9172703 4.05462
9192261 4.05668
9211819 4.05873
9231377 4.06079
9250935 4.06285
9270493 4.06491
9290051 4.06697
9309609 4.06903
9329167 4.07108
9348725 4.07314
9368283 4.0752
9387841 4.07726
9407399 4.07932
9426957 4.08137
9446515 4.08343
9466073 4.08549
9485631 4.08755
9505189 4.0896
9524747 4.09166
9544305 4.09372
9563863 4.09578
9583421 4.09783
9602979 4.09989
9622537 4.10195
9642095 4.104
9661653 4.10606
9681211 4.10812
9700769 4.11017
9720327 4.11223
9739885 4.11428
9759443 4.11634
9779001 4.11839
9798559 4.12045
9818117 4.1225
9837675 4.12456
9857233 4.12661
9876791 4.12867
9896349 4.13072
9915907 4.13277
9935465 4.13483
9955023 4.13688
9974581 4.13893
9994139 4.14099
10013697 4.14304
10033255 4.14509
10052813 4.14714
10072371 4.1492
10091929 4.15125
10111487 4.1533
10131045 4.15535
10150603 4.1574
10170161 4.15945
10189719 4.1615
10209277 4.16355
10228835 4.1656
10248393 4.16765
10267951 4.1697
10287509 4.17174
10307067 4.17379
10326625 4.17584
10346183 4.17789
10365741 4.17993
10385299 4.18198
10404857 4.18403
10424415 4.18607
10443973 4.18812
10463531 4.19016
10483089 4.19221
10502647 4.19425
10522205 4.1963
10541763 4.19834
10561321 4.20038
10580879 4.20243
10600437 4.20447
10619995 4.20651
10639553 4.20855
10659111 4.2106
10678669 4.21264
10698227 4.21468
10717785 4.21672
10737343 4.21876
10756901 4.2208
10776459 4.22284
10796017 4.22487
10815575 4.22691
10835133 4.22895
10854691 4.23099
10874249 4.23302
10893807 4.23506
10913365 4.2371
10932923 4.23913
10952481 4.24117
10972039 4.2432
10991597 4.24523
11011155 4.24727
11030713 4.2493
11050271 4.25133
11069829 4.25337
11089387 4.2554
11108945 4.25743
11128503 4.25946
11148061 4.26149
11167619 4.26352
11187177 4.26555
11206735 4.26758
11226293 4.2696
11245851 4.27163
11265409 4.27366
11284967 4.27569
11304525 4.27771
11324083 4.27974
11343641 4.28176
11363199 4.28379
11382757 4.28581
11402315 4.28784
11421873 4.28986
11441431 4.29188
11460989 4.2939
11480547 4.29592
11500105 4.29795
11519663 4.29997
11539221 4.30199
11558779 4.30401
11578337 4.30602
11597895 4.30804
11617453 4.31006
11637011 4.31208
11656569 4.31409
11676127 4.31611
11695685 4.31813
11715243 4.32014
11734801 4.32215
11754359 4.32417
11773917 4.32618
11793475 4.32819
11813033 4.33021
11832591 4.33222
11852149 4.33423
11871707 4.33624
11891265 4.33825
11910823 4.34026
11930381 4.34227
11949939 4.34427
11969497 4.34628
11989055 4.34829
12008613 4.3503
12028171 4.3523
12047729 4.35431
12067287 4.35631
12086845 4.35831
12106403 4.36032
12125961 4.36232
12145519 4.36432
12165077 4.36632
12184635 4.36832
12204193 4.37032
12223751 4.37232
12243309 4.37432
12262867 4.37632
12282425 4.37832
12301983 4.38032
12321541 4.38231
12341099 4.38431
12360657 4.3863
12380215 4.3883
12399773 4.39029
12419331 4.39229
12438889 4.39428
12458447 4.39627
12478005 4.39826
12497563 4.40025
12517121 4.40224
12536679 4.40423
12556237 4.40622
12575795 4.40821
12595353 4.4102
12614911 4.41219
12634469 4.41417
12654027 4.41616
12673585 4.41814
12693143 4.42013
12712701 4.42211
12732259 4.4241
12751817 4.42608
12771375 4.42806
12790933 4.43004
12810491 4.43202
12830049 4.434
12849607 4.43598
12869165 4.43796
12888723 4.43994
12908281 4.44192
12927839 4.44389
12947397 4.44587
12966955 4.44784
12986513 4.44982
13006071 4.45179
13025629 4.45377
13045187 4.45574
13064745 4.45771
13084303 4.45968
13103861 4.46165
13123419 4.46362
13142977 4.46559
13162535 4.46756
13182093 4.46953
13201651 4.4715
13221209 4.47346
13240767 4.47543
13260325 4.47739
13279883 4.47936
13299441 4.48132
13318999 4.48329
13338557 4.48525
13358115 4.48721
13377673 4.48917
13397231 4.49113
13416789 4.49309
13436347 4.49505
13455905 4.49701
13475463 4.49897
13495021 4.50092
13514579 4.50288
13534137 4.50484
13553695 4.50679
13573253 4.50874
13592811 4.5107
13612369 4.51265
13631927 4.5146
13651485 4.51656
13671043 4.51851
13690601 4.52046
13710159 4.52241
13729717 4.52435
13749275 4.5263
13768833 4.52825
13788391 4.5302
13807949 4.53214
13827507 4.53409
13847065 4.53603
13866623 4.53798
13886181 4.53992
13905739 4.54186
13925297 4.5438
13944855 4.54574
13964413 4.54768
13983971 4.54962
14003529 4.55156
14023087 4.5535
14042645 4.55544
14062203 4.55738
14081761 4.55931
14101319 4.56125
14120877 4.56318
14140435 4.56512
14159993 4.56705
14179551 4.56898
14199109 4.57091
14218667 4.57284
14238225 4.57477
14257783 4.5767
14277341 4.57863
14296899 4.58056
14316457 4.58249
14336015 4.58442
14355573 4.58634
14375131 4.58827
14394689 4.59019
14414247 4.59212
14433805 4.59404
14453363 4.59596
14472921 4.59788
14492479 4.59981
14512037 4.60173
14531595 4.60365
14551153 4.60556
14570711 4.60748
14590269 4.6094
14609827 4.61132
14629385 4.61323
14648943 4.61515
14668501 4.61706
14688059 4.61898
14707617 4.62089
14727175 4.6228
14746733 4.62471
14766291 4.62663
14785849 4.62854
14805407 4.63045
14824965 4.63235
14844523 4.63426
14864081 4.63617
14883639 4.63808
14903197 4.63998
14922755 4.64189
14942313 4.64379
14961871 4.6457
14981429 4.6476
15000987 4.6495
15020545 4.6514
15040103 4.6533
15059661 4.6552
15079219 4.6571
15098777 4.659
15118335 4.6609
15137893 4.6628
15157451 4.66469
15177009 4.66659
15196567 4.66849
15216125 4.67038
15235683 4.67227
15255241 4.67417
15274799 4.67606
15294357 4.67795
15313915 4.67984
15333473 4.68173
15353031 4.68362
15372589 4.68551
15392147 4.6874
15411705 4.68928
15431263 4.69117
15450821 4.69306
15470379 4.69494
15489937 4.69683
15509495 4.69871
15529053 4.70059
15548611 4.70247
15568169 4.70436
15587727 4.70624
15607285 4.70812
15626843 4.70999
15646401 4.71187
15665959 4.71375
15685517 4.71563
15705075 4.7175
15724633 4.71938
15744191 4.72125
15763749 4.72313
15783307 4.725
15802865 4.72687
15822423 4.72875
15841981 4.73062
15861539 4.73249
15881097 4.73436
15900655 4.73623
15920213 4.7381
15939771 4.73996
15959329 4.74183
15978887 4.7437
15998445 4.74556
16018003 4.74743
16037561 4.74929
16057119 4.75115
16076677 4.75302
16096235 4.75488
16115793 4.75674
16135351 4.7586
16154909 4.76046
16174467 4.76232
16194025 4.76417
16213583 4.76603
16233141 4.76789
16252699 4.76974
16272257 4.7716
16291815 4.77345
16311373 4.77531
16330931 4.77716
16350489 4.77901
16370047 4.78086
16389605 4.78272
16409163 4.78457
16428721 4.78642
16448279 4.78826
16467837 4.79011
16487395 4.79196
16506953 4.79381
16526511 4.79565
16546069 4.7975
16565627 4.79934
16585185 4.80118
16604743 4.80303
16624301 4.80487
16643859 4.80671
16663417 4.80855
16682975 4.81039
16702533 4.81223
16722091 4.81407
16741649 4.81591
16761207 4.81774
16780765 4.81958
16800323 4.82142
16819881 4.82325
16839439 4.82509
16858997 4.82692
16878555 4.82875
16898113 4.83058
16917671 4.83242
16937229 4.83425
16956787 4.83608
16976345 4.8379
16995903 4.83973
17015461 4.84156
17035019 4.84339
17054577 4.84521
17074135 4.84704
17093693 4.84886
17113251 4.85069
17132809 4.85251
17152367 4.85434
17171925 4.85616
17191483 4.85798
17211041 4.8598
17230599 4.86162
17250157 4.86344
17269715 4.86526
17289273 4.86707
17308831 4.86889
17328389 4.87071
17347947 4.87252
17367505 4.87434
17387063 4.87615
17406621 4.87797
17426179 4.87978
17445737 4.88159
17465295 4.8834
17484853 4.88521
17504411 4.88702
17523969 4.88883
17543527 4.89064
17563085 4.89245
17582643 4.89425
17602201 4.89606
17621759 4.89787
17641317 4.89967
17660875 4.90147
17680433 4.90328
17699991 4.90508
17719549 4.90688
17739107 4.90868
17758665 4.91048
17778223 4.91228
17797781 4.91408
17817339 4.91588
17836897 4.91768
17856455 4.91948
17876013 4.92127
17895571 4.92307
17915129 4.92486
17934687 4.92666
17954245 4.92845
17973803 4.93024
17993361 4.93204
18012919 4.93383
18032477 4.93562
18052035 4.93741
18071593 4.9392
18091151 4.94099
18110709 4.94277
18130267 4.94456
18149825 4.94635
18169383 4.94813
18188941 4.94992
18208499 4.9517
18228057 4.95349
18247615 4.95527
18267173 4.95705
18286731 4.95883
18306289 4.96061
18325847 4.9624
18345405 4.96417
18364963 4.96595
18384521 4.96773
18404079 4.96951
18423637 4.97129
18443195 4.97306
18462753 4.97484
18482311 4.97661
18501869 4.97839
18521427 4.98016
18540985 4.98193
18560543 4.9837
18580101 4.98547
18599659 4.98724
18619217 4.98901
18638775 4.99078
18658333 4.99255
18677891 4.99432
18697449 4.99609
18717007 4.99785
18736565 4.99962
18756123 5.00138
18775681 5.00315
18795239 5.00491
18814797 5.00667
18834355 5.00843
18853913 5.0102
18873471 5.01196
18893029 5.01372
18912587 5.01548
18932145 5.01723
18951703 5.01899
18971261 5.02075
18990819 5.02251
19010377 5.02426
19029935 5.02602
19049493 5.02777
19069051 5.02953
19088609 5.03128
19108167 5.03303
19127725 5.03478
19147283 5.03653
19166841 5.03828
19186399 5.04003
19205957 5.04178
19225515 5.04353
19245073 5.04528
19264631 5.04703
19284189 5.04877
19303747 5.05052
19323305 5.05226
19342863 5.05401
19362421 5.05575
19381979 5.05749
19401537 5.05924
19421095 5.06098
19440653 5.06272
19460211 5.06446
19479769 5.0662
19499327 5.06794
19518885 5.06968
19538443 5.07141
19558001 5.07315
19577559 5.07489
19597117 5.07662
19616675 5.07836
19636233 5.08009
19655791 5.08182
19675349 5.08356
19694907 5.08529
19714465 5.08702
19734023 5.08875
19753581 5.09048
19773139 5.09221
19792697 5.09394
19812255 5.09567
19831813 5.09739
19851371 5.09912
19870929 5.10085
19890487 5.10257
19910045 5.1043
19929603 5.10602
19949161 5.10774
19968719 5.10947
19988277 5.11119
20007835 5.11291
20027393 5.11463
20046951 5.11635
20066509 5.11807
20086067 5.11979
20105625 5.12151
20125183 5.12322
20144741 5.12494
20164299 5.12666
20183857 5.12837
20203415 5.13009
20222973 5.1318
20242531 5.13351
20262089 5.13523
20281647 5.13694
20301205 5.13865
20320763 5.14036
20340321 5.14207
20359879 5.14378
20379437 5.14549
20398995 5.1472
20418553 5.1489
20438111 5.15061
20457669 5.15232
20477227 5.15402
20496785 5.15573
20516343 5.15743
20535901 5.15913
20555459 5.16084
20575017 5.16254
20594575 5.16424
20614133 5.16594
20633691 5.16764
20653249 5.16934
20672807 5.17104
20692365 5.17274
20711923 5.17444
20731481 5.17613
20751039 5.17783
20770597 5.17952
20790155 5.18122
20809713 5.18291
20829271 5.18461
20848829 5.1863
20868387 5.18799
20887945 5.18968
20907503 5.19138
20927061 5.19307
20946619 5.19476
20966177 5.19645
20985735 5.19813
21005293 5.19982
21024851 5.20151
21044409 5.2032
21063967 5.20488
21083525 5.20657
21103083 5.20825
21122641 5.20993
21142199 5.21162
21161757 5.2133
21181315 5.21498
21200873 5.21666
21220431 5.21834
21239989 5.22003
21259547 5.2217
21279105 5.22338
21298663 5.22506
21318221 5.22674
21337779 5.22842
21357337 5.23009
21376895 5.23177
21396453 5.23344
21416011 5.23512
21435569 5.23679
21455127 5.23846
21474685 5.24014
21494243 5.24181
21513801 5.24348
21533359 5.24515
21552917 5.24682
21572475 5.24849
21592033 5.25016
21611591 5.25183
21631149 5.25349
21650707 5.25516
21670265 5.25683
21689823 5.25849
21709381 5.26016
21728939 5.26182
21748497 5.26348
21768055 5.26515
21787613 5.26681
21807171 5.26847
21826729 5.27013
21846287 5.27179
21865845 5.27345
21885403 5.27511
21904961 5.27677
21924519 5.27843
21944077 5.28009
21963635 5.28174
21983193 5.2834
22002751 5.28505
22022309 5.28671
22041867 5.28836
22061425 5.29002
22080983 5.29167
22100541 5.29332
22120099 5.29497
22139657 5.29662
22159215 5.29827
22178773 5.29992
22198331 5.30157
22217889 5.30322
22237447 5.30487
22257005 5.30652
22276563 5.30816
22296121 5.30981
22315679 5.31146
22335237 5.3131
22354795 5.31474
22374353 5.31639
22393911 5.31803
22413469 5.31967
22433027 5.32132
22452585 5.32296
22472143 5.3246
22491701 5.32624
22511259 5.32788
22530817 5.32952
22550375 5.33115
22569933 5.33279
22589491 5.33443
22609049 5.33606
22628607 5.3377
22648165 5.33934
22667723 5.34097
22687281 5.3426
22706839 5.34424
22726397 5.34587
22745955 5.3475
22765513 5.34913
22785071 5.35076
22804629 5.35239
22824187 5.35402
22843745 5.35565
22863303 5.35728
22882861 5.35891
22902419 5.36054
22921977 5.36216
22941535 5.36379
22961093 5.36541
22980651 5.36704
23000209 5.36866
23019767 5.37029
23039325 5.37191
23058883 5.37353
23078441 5.37515
23097999 5.37677
23117557 5.37839
23137115 5.38001
23156673 5.38163
23176231 5.38325
23195789 5.38487
23215347 5.38649
23234905 5.38811
23254463 5.38972
23274021 5.39134
23293579 5.39295
23313137 5.39457
23332695 5.39618
23352253 5.3978
23371811 5.39941
23391369 5.40102
23410927 5.40263
23430485 5.40424
23450043 5.40585
23469601 5.40746
23489159 5.40907
23508717 5.41068
23528275 5.41229
23547833 5.4139
23567391 5.4155
23586949 5.41711
23606507 5.41872
23626065 5.42032
23645623 5.42192
23665181 5.42353
23684739 5.42513
23704297 5.42673
23723855 5.42834
23743413 5.42994
23762971 5.43154
23782529 5.43314
23802087 5.43474
23821645 5.43634
23841203 5.43794
23860761 5.43954
23880319 5.44113
23899877 5.44273
23919435 5.44433
23938993 5.44592
23958551 5.44752
23978109 5.44911
23997667 5.45071
24017225 5.4523
24036783 5.45389
24056341 5.45548
24075899 5.45708
24095457 5.45867
24115015 5.46026
24134573 5.46185
24154131 5.46344
24173689 5.46503
24193247 5.46661
24212805 5.4682
24232363 5.46979
24251921 5.47138
24271479 5.47296
24291037 5.47455
24310595 5.47613
24330153 5.47772
24349711 5.4793
24369269 5.48088
24388827 5.48247
24408385 5.48405
24427943 5.48563
24447501 5.48721
24467059 5.48879
24486617 5.49037
24506175 5.49195
24525733 5.49353
24545291 5.4951
24564849 5.49668
24584407 5.49826
24603965 5.49983
24623523 5.50141
24643081 5.50299
24662639 5.50456
24682197 5.50613
24701755 5.50771
24721313 5.50928
24740871 5.51085
24760429 5.51242
24779987 5.514
24799545 5.51557
24819103 5.51714
24838661 5.51871
24858219 5.52027
24877777 5.52184
24897335 5.52341
24916893 5.52498
24936451 5.52654
24956009 5.52811
24975567 5.52968
24995125 5.53124
25014683 5.53281
25034241 5.53437
25053799 5.53593
25073357 5.5375
25092915 5.53906
25112473 5.54062
25132031 5.54218
25151589 5.54374
25171147 5.5453
25190705 5.54686
25210263 5.54842
25229821 5.54998
25249379 5.55153
25268937 5.55309
25288495 5.55465
25308053 5.5562
25327611 5.55776
25347169 5.55931
25366727 5.56087
25386285 5.56242
25405843 5.56398
25425401 5.56553
25444959 5.56708
25464517 5.56863
25484075 5.57018
25503633 5.57173
25523191 5.57328
25542749 5.57483
25562307 5.57638
25581865 5.57793
25601423 5.57948
25620981 5.58103
25640539 5.58257
25660097 5.58412
25679655 5.58567
25699213 5.58721
25718771 5.58875
25738329 5.5903
25757887 5.59184
25777445 5.59339
25797003 5.59493
25816561 5.59647
25836119 5.59801
25855677 5.59955
25875235 5.60109
25894793 5.60263
25914351 5.60417
25933909 5.60571
25953467 5.60725
25973025 5.60878
25992583 5.61032
26012141 5.61186
26031699 5.61339
26051257 5.61493
26070815 5.61646
26090373 5.618
26109931 5.61953
26129489 5.62107
26149047 5.6226
26168605 5.62413
26188163 5.62566
26207721 5.62719
26227279 5.62872
26246837 5.63025
26266395 5.63178
26285953 5.63331
26305511 5.63484
26325069 5.63637
26344627 5.6379
26364185 5.63942
26383743 5.64095
26403301 5.64247
26422859 5.644
26442417 5.64552
26461975 5.64705
26481533 5.64857
26501091 5.6501
26520649 5.65162
26540207 5.65314
26559765 5.65466
26579323 5.65618
26598881 5.6577
26618439 5.65922
26637997 5.66074
26657555 5.66226
26677113 5.66378
26696671 5.6653
26716229 5.66681
26735787 5.66833
26755345 5.66985
26774903 5.67136
26794461 5.67288
26814019 5.67439
26833577 5.67591
26853135 5.67742
26872693 5.67893
26892251 5.68045
26911809 5.68196
26931367 5.68347
26950925 5.68498
26970483 5.68649
26990041 5.688
27009599 5.68951
27029157 5.69102
27048715 5.69253
27068273 5.69404
27087831 5.69555
27107389 5.69705
27126947 5.69856
27146505 5.70006
27166063 5.70157
27185621 5.70307
27205179 5.70458
27224737 5.70608
27244295 5.70759
27263853 5.70909
27283411 5.71059
27302969 5.71209
27322527 5.71359
27342085 5.7151
27361643 5.7166
27381201 5.7181
27400759 5.71959
27420317 5.72109
27439875 5.72259
27459433 5.72409
27478991 5.72559
27498549 5.72708
27518107 5.72858
27537665 5.73007
27557223 5.73157
27576781 5.73306
27596339 5.73456
27615897 5.73605
27635455 5.73755
27655013 5.73904
27674571 5.74053
27694129 5.74202
27713687 5.74351
27733245 5.745
27752803 5.74649
27772361 5.74798
27791919 5.74947
27811477 5.75096
27831035 5.75245
27850593 5.75394
27870151 5.75542
27889709 5.75691
27909267 5.7584
27928825 5.75988
27948383 5.76137
27967941 5.76285
27987499 5.76434
28007057 5.76582
28026615 5.7673
28046173 5.76879
28065731 5.77027
28085289 5.77175
28104847 5.77323
28124405 5.77471
28143963 5.77619
28163521 5.77767
28183079 5.77915
28202637 5.78063
28222195 5.78211
28241753 5.78358
28261311 5.78506
28280869 5.78654
28300427 5.78801
28319985 5.78949
28339543 5.79096
28359101 5.79244
28378659 5.79391
28398217 5.79539
28417775 5.79686
28437333 5.79833
28456891 5.79981
28476449 5.80128
28496007 5.80275
28515565 5.80422
28535123 5.80569
28554681 5.80716
28574239 5.80863
28593797 5.8101
28613355 5.81157
28632913 5.81303
28652471 5.8145
28672029 5.81597
28691587 5.81743
28711145 5.8189
28730703 5.82036
28750261 5.82183
28769819 5.82329
28789377 5.82476
28808935 5.82622
28828493 5.82768
28848051 5.82915
28867609 5.83061
28887167 5.83207
28906725 5.83353
28926283 5.83499
28945841 5.83645
28965399 5.83791
28984957 5.83937
29004515 5.84083
29024073 5.84229
29043631 5.84375
29063189 5.8452
29082747 5.84666
29102305 5.84812
29121863 5.84957
29141421 5.85103
29160979 5.85248
29180537 5.85394
29200095 5.85539
29219653 5.85684
29239211 5.8583
29258769 5.85975
29278327 5.8612
29297885 5.86265
29317443 5.8641
29337001 5.86555
29356559 5.867
29376117 5.86845
29395675 5.8699
29415233 5.87135
29434791 5.8728
29454349 5.87425
29473907 5.87569
29493465 5.87714
29513023 5.87859
29532581 5.88003
29552139 5.88148
29571697 5.88292
29591255 5.88437
29610813 5.88581
29630371 5.88725
29649929 5.8887
29669487 5.89014
29689045 5.89158
29708603 5.89302
29728161 5.89446
29747719 5.8959
29767277 5.89734
29786835 5.89878
29806393 5.90022
29825951 5.90166
29845509 5.9031
29865067 5.90454
29884625 5.90598
29904183 5.90741
29923741 5.90885
29943299 5.91029
29962857 5.91172
