4890 6.51276
9779 2.72501
14669 1.92507
19558 1.17055
24448 0.899074
29337 0.699337
34227 0.600089
39116 0.529778
44006 0.48131
48895 0.443722
53785 0.414059
58674 0.38939
63564 0.368777
68453 0.351074
73343 0.335898
78232 0.322705
83122 0.311134
88011 0.300909
92901 0.291743
97790 0.283611
102680 0.276228
107569 0.269641
112459 0.263588
117348 0.258203
122238 0.253186
127127 0.248714
132017 0.244495
136906 0.240728
141796 0.23711
146685 0.233884
151575 0.230768
156464 0.228002
161354 0.225291
166243 0.222895
171133 0.220523
176022 0.218436
180912 0.216341
185801 0.21451
190691 0.212659
195580 0.211061
200470 0.209435
205359 0.208053
210249 0.206619
215138 0.205416
220028 0.204145
224917 0.203097
229807 0.201967
234696 0.201045
239586 0.200029
244475 0.19922
249365 0.198309
254254 0.197603
259144 0.196788
264033 0.196174
268923 0.195444
273812 0.194907
278702 0.194243
283591 0.193774
288481 0.193178
293370 0.192776
298260 0.192241
303149 0.191901
308039 0.191424
312928 0.19114
317818 0.190718
322707 0.19049
327597 0.190118
332486 0.189934
337376 0.1896
342265 0.189455
347155 0.189161
352044 0.189054
356934 0.188797
361823 0.188725
366713 0.188502
371602 0.188464
376492 0.188273
381381 0.188265
386271 0.188101
391160 0.18812
396050 0.187981
400939 0.188021
405829 0.187904
410718 0.187966
415608 0.187869
420497 0.187949
425387 0.187865
430276 0.187959
435166 0.187892
440055 0.188003
444945 0.18795
449834 0.188076
454724 0.188037
459613 0.188177
464503 0.188152
469392 0.188302
474282 0.188285
479171 0.188445
484061 0.188439
488950 0.188609
493840 0.188614
498729 0.188795
503619 0.188811
508508 0.189002
513398 0.189028
518287 0.189228
523177 0.189262
528066 0.18947
532956 0.189513
537845 0.189728
542735 0.189778
547624 0.189999
552514 0.190056
557403 0.190284
562293 0.190345
567182 0.190577
572072 0.190643
576961 0.19088
581851 0.190951
586740 0.191192
591630 0.191268
596519 0.191513
601409 0.191593
606298 0.191842
611188 0.191927
616077 0.19218
620967 0.192268
625856 0.192524
630746 0.192616
635635 0.192875
640525 0.19297
645414 0.193232
650304 0.19333
655193 0.193595
660083 0.193695
664972 0.193963
669862 0.194066
674751 0.194335
679641 0.194441
684530 0.194713
689420 0.19482
694309 0.195093
699199 0.195202
704088 0.195476
708978 0.195588
713867 0.195863
718757 0.195976
723646 0.196252
728536 0.196366
733425 0.196643
738315 0.196758
743204 0.197036
748094 0.197152
752983 0.19743
757873 0.197546
762762 0.197825
767652 0.197941
772541 0.19822
777431 0.198337
782320 0.198615
787210 0.198732
792099 0.19901
796989 0.199128
801878 0.199406
806768 0.199523
811657 0.1998
816547 0.199917
821436 0.200194
826326 0.200311
831215 0.200587
836105 0.200703
840994 0.200979
845884 0.201095
850773 0.20137
855663 0.201485
860552 0.20176
865442 0.201875
870331 0.202149
875221 0.202263
880110 0.202537
885000 0.202651
889889 0.202923
894779 0.203036
899668 0.203308
904558 0.203421
909447 0.203691
914337 0.203803
919226 0.204073
924116 0.204184
929005 0.204453
933895 0.204563
938784 0.204831
943674 0.204941
948563 0.205207
953453 0.205316
958342 0.205581
963232 0.205689
968121 0.205953
973011 0.20606
977900 0.206322
982790 0.206429
987679 0.20669
992569 0.206796
997458 0.207056
1002348 0.20716
1007237 0.207419
1012127 0.207523
1017016 0.20778
1021906 0.207883
1026795 0.20814
1031685 0.208241
1036574 0.208496
1041464 0.208597
1046353 0.208851
1051243 0.20895
1056132 0.209203
1061022 0.209302
1065911 0.209553
1070801 0.209651
1075690 0.209901
1080580 0.209998
1085469 0.210247
1090359 0.210343
1095248 0.210591
1100138 0.210686
1105027 0.210933
1109917 0.211027
1114806 0.211273
1119696 0.211366
1124585 0.211611
1129475 0.211703
1134364 0.211946
1139254 0.212038
1144143 0.21228
1149033 0.21237
1153922 0.212611
1158812 0.212701
1163701 0.212941
1168591 0.213029
1173480 0.213268
1178370 0.213356
1183259 0.213593
1188149 0.21368
1193038 0.213916
1197928 0.214002
1202817 0.214238
1207707 0.214322
1212596 0.214557
1217486 0.214641
1222375 0.214874
1227265 0.214957
1232154 0.215189
1237044 0.215271
1241933 0.215501
1246823 0.215583
1251712 0.215812
1256602 0.215892
1261491 0.216121
1266381 0.2162
1271270 0.216428
1276160 0.216506
1281049 0.216732
1285939 0.21681
1290828 0.217035
1295718 0.217112
1300607 0.217336
1305497 0.217412
1310386 0.217635
1315276 0.21771
1320165 0.217932
1325055 0.218006
1329944 0.218227
1334834 0.2183
1339723 0.21852
1344613 0.218592
1349502 0.218811
1354392 0.218883
1359281 0.2191
1364171 0.219171
1369060 0.219388
1373950 0.219457
1378839 0.219673
1383729 0.219742
1388618 0.219957
1393508 0.220025
1398397 0.220238
1403287 0.220305
1408176 0.220518
1413066 0.220584
1417955 0.220796
1422845 0.220861
1427734 0.221072
1432624 0.221136
1437513 0.221346
1442403 0.221409
1447292 0.221618
1452182 0.221681
1457071 0.221888
1461961 0.221951
1466850 0.222157
1471740 0.222218
1476629 0.222424
1481519 0.222485
1486408 0.222689
1491298 0.222749
1496187 0.222953
1501077 0.223012
1505966 0.223214
1510856 0.223272
1515745 0.223474
1520635 0.223531
1525524 0.223732
1530414 0.223789
1535303 0.223988
1540193 0.224044
1545082 0.224243
1549972 0.224297
1554861 0.224495
1559751 0.224549
1564640 0.224746
1569530 0.2248
1574419 0.224996
1579309 0.225048
1584198 0.225243
1589088 0.225295
1593977 0.22549
1598867 0.225541
1603756 0.225734
1608646 0.225784
1613535 0.225977
1618425 0.226027
1623314 0.226219
1628204 0.226267
1633093 0.226459
1637983 0.226507
1642872 0.226697
1647762 0.226744
1652651 0.226934
1657541 0.226981
1662430 0.227169
1667320 0.227215
1672209 0.227403
1677099 0.227449
1681988 0.227636
1686878 0.22768
1691767 0.227867
1696657 0.227911
1701546 0.228096
1706436 0.22814
1711325 0.228324
1716215 0.228367
1721104 0.228551
1725994 0.228593
1730883 0.228776
1735773 0.228818
1740662 0.229
1745552 0.229041
1750441 0.229223
1755331 0.229262
1760220 0.229444
1765110 0.229483
1769999 0.229663
1774889 0.229702
1779778 0.229881
1784668 0.229919
1789557 0.230098
1794447 0.230136
1799336 0.230314
1804226 0.230351
1809115 0.230528
1814005 0.230565
1818894 0.230741
1823784 0.230777
1828673 0.230953
1833563 0.230988
1838452 0.231164
1843342 0.231198
1848231 0.231373
1853121 0.231406
1858010 0.231581
1862900 0.231614
1867789 0.231787
1872679 0.23182
1877568 0.231992
1882458 0.232024
1887347 0.232197
1892237 0.232228
1897126 0.232399
1902016 0.23243
1906905 0.232601
1911795 0.232631
1916684 0.232802
1921574 0.232831
1926463 0.233001
1931353 0.23303
1936242 0.233199
1941132 0.233228
1946021 0.233396
1950911 0.233424
1955800 0.233592
1960690 0.23362
1965579 0.233787
1970469 0.233814
1975358 0.23398
1980248 0.234007
1985137 0.234173
1990027 0.234199
1994916 0.234364
1999806 0.23439
2004695 0.234554
2009585 0.234579
2014474 0.234743
2019364 0.234768
2024253 0.234931
2029143 0.234955
2034032 0.235118
2038922 0.235142
2043811 0.235304
2048701 0.235327
2053590 0.235489
2058480 0.235511
2063369 0.235672
2068259 0.235694
2073148 0.235855
2078038 0.235877
2082927 0.236037
2087817 0.236058
2092706 0.236217
2097596 0.236238
2102485 0.236397
2107375 0.236417
2112264 0.236575
2117154 0.236595
2122043 0.236753
2126933 0.236772
2131822 0.23693
2136712 0.236949
2141601 0.237105
2146491 0.237124
2151380 0.23728
2156270 0.237298
2161159 0.237454
2166049 0.237471
2170938 0.237626
2175828 0.237644
2180717 0.237798
2185607 0.237815
2190496 0.237969
2195386 0.237985
2200275 0.238139
2205165 0.238155
2210054 0.238308
2214944 0.238324
2219833 0.238476
2224723 0.238491
2229612 0.238643
2234502 0.238658
2239391 0.23881
2244281 0.238824
2249170 0.238975
2254060 0.238989
2258949 0.239139
2263839 0.239153
2268728 0.239303
2273618 0.239316
2278507 0.239466
2283397 0.239479
2288286 0.239628
2293176 0.23964
2298065 0.239789
2302955 0.239801
2307844 0.239949
2312734 0.239961
2317623 0.240108
2322513 0.24012
2327402 0.240267
2332292 0.240278
2337181 0.240424
2342071 0.240435
2346960 0.240581
2351850 0.240592
2356739 0.240737
2361629 0.240747
2366518 0.240893
2371408 0.240902
2376297 0.241047
2381187 0.241057
2386076 0.241201
2390966 0.24121
2395855 0.241354
2400745 0.241363
2405634 0.241506
2410524 0.241514
2415413 0.241658
2420303 0.241666
2425192 0.241808
2430082 0.241816
2434971 0.241958
2439861 0.241966
2444750 0.242108
2449640 0.242115
2454529 0.242256
2459419 0.242263
2464308 0.242404
2469198 0.24241
2474087 0.242551
2478977 0.242557
2483866 0.242697
2488756 0.242703
2493645 0.242843
2498535 0.242848
2503424 0.242988
2508314 0.242993
2513203 0.243132
2518093 0.243137
2522982 0.243276
2527872 0.24328
2532761 0.243419
2537651 0.243423
2542540 0.243561
2547430 0.243565
2552319 0.243702
2557209 0.243706
2562098 0.243843
2566988 0.243846
2571877 0.243983
2576767 0.243986
2581656 0.244123
2586546 0.244126
2591435 0.244262
2596325 0.244264
2601214 0.2444
2606104 0.244402
2610993 0.244538
2615883 0.24454
2620772 0.244675
2625662 0.244676
2630551 0.244811
2635441 0.244812
2640330 0.244947
2645220 0.244948
2650109 0.245082
2654999 0.245083
2659888 0.245217
2664778 0.245217
2669667 0.245351
2674557 0.245351
2679446 0.245484
2684336 0.245484
2689225 0.245617
2694115 0.245617
2699004 0.245749
2703894 0.245748
2708783 0.245881
2713673 0.24588
2718562 0.246012
2723452 0.246011
2728341 0.246142
2733231 0.246141
2738120 0.246272
2743010 0.24627
2747899 0.246401
2752789 0.2464
2757678 0.24653
2762568 0.246528
2767457 0.246658
2772347 0.246656
2777236 0.246786
2782126 0.246783
2787015 0.246913
2791905 0.24691
2796794 0.24704
2801684 0.247037
2806573 0.247166
2811463 0.247162
2816352 0.247291
2821242 0.247288
2826131 0.247416
2831021 0.247412
2835910 0.247541
2840800 0.247537
2845689 0.247664
2850579 0.24766
2855468 0.247788
2860358 0.247783
2865247 0.247911
2870137 0.247906
2875026 0.248033
2879916 0.248028
2884805 0.248155
2889695 0.24815
2894584 0.248276
2899474 0.248271
2904363 0.248397
2909253 0.248392
2914142 0.248518
2919032 0.248512
2923921 0.248637
2928811 0.248632
2933700 0.248757
2938590 0.248751
2943479 0.248876
2948369 0.248869
2953258 0.248994
2958148 0.248988
2963037 0.249112
2967927 0.249105
2972816 0.24923
2977706 0.249223
2982595 0.249347
2987485 0.24934
2992374 0.249463
2997264 0.249456
3002153 0.249579
3007043 0.249572
3011932 0.249695
3016822 0.249687
3021711 0.24981
3026601 0.249802
3031490 0.249925
3036380 0.249917
3041269 0.250039
3046159 0.250031
3051048 0.250153
3055938 0.250145
3060827 0.250266
3065717 0.250258
3070606 0.250379
3075496 0.250371
3080385 0.250492
3085275 0.250483
3090164 0.250604
3095054 0.250595
3099943 0.250716
3104833 0.250706
3109722 0.250827
3114612 0.250817
3119501 0.250938
3124391 0.250928
3129280 0.251048
3134170 0.251038
3139059 0.251158
3143949 0.251148
3148838 0.251268
3153728 0.251257
3158617 0.251377
3163507 0.251366
3168396 0.251486
3173286 0.251475
3178175 0.251594
3183065 0.251583
3187954 0.251702
3192844 0.251691
3197733 0.25181
3202623 0.251798
3207512 0.251917
3212402 0.251905
3217291 0.252023
3222181 0.252012
3227070 0.25213
3231960 0.252118
3236849 0.252236
3241739 0.252224
3246628 0.252341
3251518 0.252329
3256407 0.252447
3261297 0.252434
3266186 0.252551
3271076 0.252539
3275965 0.252656
3280855 0.252643
3285744 0.25276
3290634 0.252747
3295523 0.252864
3300413 0.252851
3305302 0.252967
3310192 0.252954
3315081 0.25307
3319971 0.253057
3324860 0.253173
3329750 0.253159
3334639 0.253275
3339529 0.253261
3344418 0.253377
3349308 0.253363
3354197 0.253478
3359087 0.253464
3363976 0.253579
3368866 0.253565
3373755 0.25368
3378645 0.253666
3383534 0.253781
3388424 0.253766
3393313 0.253881
3398203 0.253866
3403092 0.25398
3407982 0.253966
3412871 0.25408
3417761 0.254065
3422650 0.254179
3427540 0.254164
3432429 0.254278
3437319 0.254262
3442208 0.254376
3447098 0.254361
3451987 0.254474
3456877 0.254459
3461766 0.254572
3466656 0.254556
3471545 0.254669
3476435 0.254653
3481324 0.254766
3486214 0.25475
3491103 0.254863
3495993 0.254847
3500882 0.254959
3505772 0.254943
3510661 0.255055
3515551 0.255039
3520440 0.255151
3525330 0.255134
3530219 0.255246
3535109 0.25523
3539998 0.255341
3544888 0.255324
3549777 0.255436
3554667 0.255419
3559556 0.25553
3564446 0.255513
3569335 0.255624
3574225 0.255607
3579114 0.255718
3584004 0.255701
3588893 0.255811
3593783 0.255794
3598672 0.255904
3603562 0.255887
3608451 0.255997
3613341 0.25598
3618230 0.25609
3623120 0.256072
3628009 0.256182
3632899 0.256164
3637788 0.256274
3642678 0.256256
3647567 0.256365
3652457 0.256347
3657346 0.256457
3662236 0.256438
3667125 0.256548
3672015 0.256529
3676904 0.256638
3681794 0.25662
3686683 0.256729
3691573 0.25671
3696462 0.256819
3701352 0.2568
3706241 0.256909
3711131 0.25689
3716020 0.256998
3720910 0.256979
3725799 0.257087
3730689 0.257068
3735578 0.257176
3740468 0.257157
3745357 0.257265
3750247 0.257246
3755136 0.257353
3760026 0.257334
3764915 0.257442
3769805 0.257422
3774694 0.257529
3779584 0.25751
3784473 0.257617
3789363 0.257597
3794252 0.257704
3799142 0.257684
3804031 0.257791
3808921 0.257771
3813810 0.257878
3818700 0.257858
3823589 0.257965
3828479 0.257944
3833368 0.258051
3838258 0.258031
3843147 0.258137
3848037 0.258116
3852926 0.258223
3857816 0.258202
3862705 0.258308
3867595 0.258287
3872484 0.258393
3877374 0.258372
3882263 0.258478
3887153 0.258457
3892042 0.258563
3896932 0.258542
3901821 0.258647
3906711 0.258626
3911600 0.258732
3916490 0.25871
3921379 0.258815
3926269 0.258794
3931158 0.258899
3936048 0.258878
3940937 0.258983
3945827 0.258961
3950716 0.259066
3955606 0.259044
3960495 0.259149
3965385 0.259127
3970274 0.259231
3975164 0.25921
3980053 0.259314
3984943 0.259292
3989832 0.259396
3994722 0.259374
3999611 0.259478
4004501 0.259456
4009390 0.25956
4014280 0.259538
4019169 0.259641
4024059 0.259619
4028948 0.259723
4033838 0.2597
4038727 0.259804
4043617 0.259781
4048506 0.259885
4053396 0.259862
4058285 0.259965
4063175 0.259943
4068064 0.260046
4072954 0.260023
4077843 0.260126
4082733 0.260103
4087622 0.260206
4092512 0.260183
4097401 0.260285
4102291 0.260262
4107180 0.260365
4112070 0.260342
4116959 0.260444
4121849 0.260421
4126738 0.260523
4131628 0.2605
4136517 0.260602
4141407 0.260579
4146296 0.260681
4151186 0.260657
4156075 0.260759
4160965 0.260735
4165854 0.260837
4170744 0.260813
4175633 0.260915
4180523 0.260891
4185412 0.260993
4190302 0.260969
4195191 0.26107
4200081 0.261046
4204970 0.261148
4209860 0.261124
4214749 0.261225
4219639 0.261201
4224528 0.261302
4229418 0.261278
4234307 0.261379
4239197 0.261354
4244086 0.261455
4248976 0.261431
4253865 0.261531
4258755 0.261507
4263644 0.261607
4268534 0.261583
4273423 0.261683
4278313 0.261659
4283202 0.261759
4288092 0.261734
4292981 0.261835
4297871 0.26181
4302760 0.26191
4307650 0.261885
4312539 0.261985
4317429 0.26196
4322318 0.26206
4327208 0.262035
4332097 0.262135
4336987 0.262109
4341876 0.262209
4346766 0.262184
4351655 0.262283
4356545 0.262258
4361434 0.262358
4366324 0.262332
4371213 0.262432
4376103 0.262406
4380992 0.262505
4385882 0.26248
4390771 0.262579
4395661 0.262553
4400550 0.262652
4405440 0.262627
4410329 0.262725
4415219 0.2627
4420108 0.262799
4424998 0.262773
4429887 0.262871
4434777 0.262845
4439666 0.262944
4444556 0.262918
4449445 0.263016
4454335 0.26299
4459224 0.263089
4464114 0.263063
4469003 0.263161
4473893 0.263135
4478782 0.263233
4483672 0.263206
4488561 0.263305
4493451 0.263278
4498340 0.263376
4503230 0.26335
4508119 0.263448
4513009 0.263421
4517898 0.263519
4522788 0.263492
4527677 0.26359
4532567 0.263563
4537456 0.263661
4542346 0.263634
4547235 0.263731
4552125 0.263705
4557014 0.263802
4561904 0.263775
4566793 0.263872
4571683 0.263845
4576572 0.263942
4581462 0.263915
4586351 0.264012
4591241 0.263985
4596130 0.264082
4601020 0.264055
4605909 0.264152
4610799 0.264125
4615688 0.264221
4620578 0.264194
4625467 0.264291
4630357 0.264263
4635246 0.26436
4640136 0.264332
4645025 0.264429
4649915 0.264401
4654804 0.264498
4659694 0.26447
4664583 0.264566
4669473 0.264539
4674362 0.264635
4679252 0.264607
4684141 0.264703
4689031 0.264676
4693920 0.264771
4698810 0.264744
4703699 0.264839
4708589 0.264812
4713478 0.264907
4718368 0.264879
4723257 0.264975
4728147 0.264947
4733036 0.265043
4737926 0.265015
4742815 0.26511
4747705 0.265082
4752594 0.265177
4757484 0.265149
4762373 0.265244
4767263 0.265216
4772152 0.265311
4777042 0.265283
4781931 0.265378
4786821 0.26535
4791710 0.265445
4796600 0.265416
4801489 0.265511
4806379 0.265483
4811268 0.265577
4816158 0.265549
4821047 0.265644
4825937 0.265615
4830826 0.26571
4835716 0.265681
4840605 0.265775
4845495 0.265747
4850384 0.265841
4855274 0.265812
4860163 0.265907
4865053 0.265878
4869942 0.265972
4874832 0.265943
4879721 0.266037
4884611 0.266009
4889500 0.266103
4894390 0.266074
4899279 0.266168
4904169 0.266139
4909058 0.266232
4913948 0.266203
4918837 0.266297
4923727 0.266268
4928616 0.266362
4933506 0.266332
4938395 0.266426
4943285 0.266397
4948174 0.26649
4953064 0.266461
4957953 0.266554
4962843 0.266525
4967732 0.266618
4972622 0.266589
4977511 0.266682
4982401 0.266653
4987290 0.266746
4992180 0.266716
4997069 0.266809
5001959 0.26678
5006848 0.266873
5011738 0.266843
5016627 0.266936
5021517 0.266906
5026406 0.266999
5031296 0.266969
5036185 0.267062
5041075 0.267032
5045964 0.267125
5050854 0.267095
5055743 0.267188
5060633 0.267158
5065522 0.26725
5070412 0.26722
5075301 0.267313
5080191 0.267283
5085080 0.267375
5089970 0.267345
5094859 0.267437
5099749 0.267407
5104638 0.267499
5109528 0.267469
5114417 0.267561
5119307 0.267531
5124196 0.267623
5129086 0.267592
5133975 0.267684
5138865 0.267654
5143754 0.267746
5148644 0.267716
5153533 0.267807
5158423 0.267777
5163312 0.267869
5168202 0.267838
5173091 0.26793
5177981 0.267899
5182870 0.267991
5187760 0.26796
5192649 0.268052
5197539 0.268021
5202428 0.268112
5207318 0.268082
5212207 0.268173
5217097 0.268142
5221986 0.268234
5226876 0.268203
5231765 0.268294
5236655 0.268263
5241544 0.268354
5246434 0.268323
5251323 0.268414
5256213 0.268383
5261102 0.268474
5265992 0.268443
5270881 0.268534
5275771 0.268503
5280660 0.268594
5285550 0.268563
5290439 0.268654
5295329 0.268622
5300218 0.268713
5305108 0.268682
5309997 0.268773
5314887 0.268741
5319776 0.268832
5324666 0.268801
5329555 0.268891
5334445 0.26886
5339334 0.26895
5344224 0.268919
5349113 0.269009
5354003 0.268978
5358892 0.269068
5363782 0.269036
5368671 0.269127
5373561 0.269095
5378450 0.269185
5383340 0.269154
5388229 0.269244
5393119 0.269212
5398008 0.269302
5402898 0.26927
5407787 0.26936
5412677 0.269328
5417566 0.269418
5422456 0.269387
5427345 0.269476
5432235 0.269445
5437124 0.269534
5442014 0.269502
5446903 0.269592
5451793 0.26956
5456682 0.26965
5461572 0.269618
5466461 0.269707
5471351 0.269675
5476240 0.269765
5481130 0.269733
5486019 0.269822
5490909 0.26979
5495798 0.269879
5500688 0.269847
5505577 0.269936
5510467 0.269904
5515356 0.269993
5520246 0.269961
5525135 0.27005
5530025 0.270018
5534914 0.270107
5539804 0.270075
5544693 0.270164
5549583 0.270132
5554472 0.27022
5559362 0.270188
5564251 0.270277
5569141 0.270244
5574030 0.270333
5578920 0.270301
5583809 0.270389
5588699 0.270357
5593588 0.270446
5598478 0.270413
5603367 0.270502
5608257 0.270469
5613146 0.270558
5618036 0.270525
5622925 0.270613
5627815 0.270581
5632704 0.270669
5637594 0.270637
5642483 0.270725
5647373 0.270692
5652262 0.27078
5657152 0.270748
5662041 0.270836
5666931 0.270803
5671820 0.270891
5676710 0.270858
5681599 0.270946
5686489 0.270914
5691378 0.271001
5696268 0.270969
5701157 0.271056
5706047 0.271024
5710936 0.271111
5715826 0.271078
5720715 0.271166
5725605 0.271133
5730494 0.271221
5735384 0.271188
5740273 0.271276
5745163 0.271243
5750052 0.27133
5754942 0.271297
5759831 0.271384
5764721 0.271351
5769610 0.271439
5774500 0.271406
5779389 0.271493
5784279 0.27146
5789168 0.271547
5794058 0.271514
5798947 0.271601
5803837 0.271568
5808726 0.271655
5813616 0.271622
5818505 0.271709
5823395 0.271676
5828284 0.271763
5833174 0.271729
5838063 0.271816
5842953 0.271783
5847842 0.27187
5852732 0.271836
5857621 0.271923
5862511 0.27189
5867400 0.271977
5872290 0.271943
5877179 0.27203
5882069 0.271996
5886958 0.272083
5891848 0.272049
5896737 0.272136
5901627 0.272103
5906516 0.272189
5911406 0.272155
5916295 0.272242
5921185 0.272208
5926074 0.272295
5930964 0.272261
5935853 0.272348
5940743 0.272314
5945632 0.2724
5950522 0.272366
5955411 0.272453
5960301 0.272419
5965190 0.272505
5970080 0.272471
5974969 0.272557
5979859 0.272524
5984748 0.27261
5989638 0.272576
5994527 0.272662
5999417 0.272628
6004306 0.272714
6009196 0.27268
6014085 0.272766
6018975 0.272732
6023864 0.272818
6028754 0.272784
6033643 0.27287
6038533 0.272836
6043422 0.272921
6048312 0.272887
6053201 0.272973
6058091 0.272939
6062980 0.273025
6067870 0.27299
6072759 0.273076
6077649 0.273042
6082538 0.273127
6087428 0.273093
6092317 0.273179
6097207 0.273144
6102096 0.27323
6106986 0.273196
6111875 0.273281
6116765 0.273247
6121654 0.273332
6126544 0.273298
6131433 0.273383
6136323 0.273349
6141212 0.273434
6146102 0.273399
6150991 0.273485
6155881 0.27345
6160770 0.273535
6165660 0.273501
6170549 0.273586
6175439 0.273551
6180328 0.273637
6185218 0.273602
6190107 0.273687
6194997 0.273652
6199886 0.273737
6204776 0.273703
6209665 0.273788
6214555 0.273753
6219444 0.273838
6224334 0.273803
6229223 0.273888
6234113 0.273853
6239002 0.273938
6243892 0.273903
6248781 0.273988
6253671 0.273953
6258560 0.274038
6263450 0.274003
6268339 0.274088
6273229 0.274053
6278118 0.274137
6283008 0.274103
6287897 0.274187
6292787 0.274152
6297676 0.274237
6302566 0.274202
6307455 0.274286
6312345 0.274251
6317234 0.274336
6322124 0.274301
6327013 0.274385
6331903 0.27435
6336792 0.274434
6341682 0.274399
6346571 0.274483
6351461 0.274448
6356350 0.274532
6361240 0.274497
6366129 0.274581
6371019 0.274546
6375908 0.27463
6380798 0.274595
6385687 0.274679
6390577 0.274644
6395466 0.274728
6400356 0.274693
6405245 0.274777
6410135 0.274742
6415024 0.274825
6419914 0.27479
6424803 0.274874
6429693 0.274839
6434582 0.274923
6439472 0.274887
6444361 0.274971
6449251 0.274936
6454140 0.275019
6459030 0.274984
6463919 0.275068
6468809 0.275032
6473698 0.275116
6478588 0.27508
6483477 0.275164
6488367 0.275128
6493256 0.275212
6498146 0.275177
6503035 0.27526
6507925 0.275224
6512814 0.275308
6517704 0.275272
6522593 0.275356
6527483 0.27532
6532372 0.275403
6537262 0.275368
6542151 0.275451
6547041 0.275416
6551930 0.275499
6556820 0.275463
6561709 0.275546
6566599 0.275511
6571488 0.275594
6576378 0.275558
6581267 0.275641
6586157 0.275606
6591046 0.275689
6595936 0.275653
6600825 0.275736
6605715 0.2757
6610604 0.275783
6615494 0.275747
6620383 0.27583
6625273 0.275794
6630162 0.275877
6635052 0.275841
6639941 0.275924
6644831 0.275888
6649720 0.275971
6654610 0.275935
6659499 0.276018
6664389 0.275982
6669278 0.276065
6674168 0.276029
6679057 0.276112
6683947 0.276076
6688836 0.276158
6693726 0.276122
6698615 0.276205
6703505 0.276169
6708394 0.276251
6713284 0.276215
6718173 0.276298
6723063 0.276262
6727952 0.276344
6732842 0.276308
6737731 0.276391
6742621 0.276354
6747510 0.276437
6752400 0.276401
6757289 0.276483
6762179 0.276447
6767068 0.276529
6771958 0.276493
6776847 0.276575
6781737 0.276539
6786626 0.276621
6791516 0.276585
6796405 0.276667
6801295 0.276631
6806184 0.276713
6811074 0.276677
6815963 0.276759
6820853 0.276722
6825742 0.276804
6830632 0.276768
6835521 0.27685
6840411 0.276814
6845300 0.276896
6850190 0.276859
6855079 0.276941
6859969 0.276905
6864858 0.276987
6869748 0.27695
6874637 0.277032
6879527 0.276996
6884416 0.277078
6889306 0.277041
6894195 0.277123
6899085 0.277086
6903974 0.277168
6908864 0.277132
6913753 0.277213
6918643 0.277177
6923532 0.277258
6928422 0.277222
6933311 0.277303
6938201 0.277267
6943090 0.277348
6947980 0.277312
6952869 0.277393
6957759 0.277357
6962648 0.277438
6967538 0.277402
6972427 0.277483
6977317 0.277446
6982206 0.277528
6987096 0.277491
6991985 0.277572
6996875 0.277536
7001764 0.277617
7006654 0.27758
7011543 0.277661
7016433 0.277625
7021322 0.277706
7026212 0.277669
7031101 0.27775
7035991 0.277714
7040880 0.277795
7045770 0.277758
7050659 0.277839
7055549 0.277802
7060438 0.277883
7065328 0.277847
7070217 0.277927
7075107 0.277891
7079996 0.277972
7084886 0.277935
7089775 0.278016
7094665 0.277979
7099554 0.27806
7104444 0.278023
7109333 0.278104
7114223 0.278067
7119112 0.278148
7124002 0.278111
7128891 0.278191
7133781 0.278154
7138670 0.278235
7143560 0.278198
7148449 0.278279
7153339 0.278242
7158228 0.278323
7163118 0.278286
7168007 0.278366
7172897 0.278329
7177786 0.27841
7182676 0.278373
7187565 0.278453
7192455 0.278416
7197344 0.278497
7202234 0.27846
7207123 0.27854
7212013 0.278503
7216902 0.278583
7221792 0.278546
7226681 0.278627
7231571 0.278589
7236460 0.27867
7241350 0.278633
7246239 0.278713
7251129 0.278676
7256018 0.278756
7260908 0.278719
7265797 0.278799
7270687 0.278762
7275576 0.278842
7280466 0.278805
7285355 0.278885
7290245 0.278848
7295134 0.278928
7300024 0.278891
7304913 0.278971
7309803 0.278933
7314692 0.279013
7319582 0.278976
7324471 0.279056
7329361 0.279019
7334250 0.279099
7339140 0.279061
7344029 0.279141
7348919 0.279104
7353808 0.279184
7358698 0.279147
7363587 0.279226
7368477 0.279189
7373366 0.279269
7378256 0.279231
7383145 0.279311
7388035 0.279274
7392924 0.279354
7397814 0.279316
7402703 0.279396
7407593 0.279358
7412482 0.279438
7417372 0.279401
7422261 0.27948
7427151 0.279443
7432040 0.279522
7436930 0.279485
7441819 0.279564
7446709 0.279527
7451598 0.279606
7456488 0.279569
7461377 0.279648
7466267 0.279611
7471156 0.27969
7476046 0.279653
7480935 0.279732
7485825 0.279695
7490714 0.279774
7495604 0.279736
7500493 0.279816
7505383 0.279778
7510272 0.279858
7515162 0.27982
7520051 0.279899
7524941 0.279862
7529830 0.279941
7534720 0.279903
7539609 0.279982
7544499 0.279945
7549388 0.280024
7554278 0.279986
7559167 0.280065
7564057 0.280028
7568946 0.280107
7573836 0.280069
7578725 0.280148
7583615 0.28011
7588504 0.280189
7593394 0.280152
7598283 0.280231
7603173 0.280193
7608062 0.280272
7612952 0.280234
7617841 0.280313
7622731 0.280275
7627620 0.280354
7632510 0.280316
7637399 0.280395
7642289 0.280357
7647178 0.280436
7652068 0.280398
7656957 0.280477
7661847 0.280439
7666736 0.280518
7671626 0.28048
7676515 0.280559
7681405 0.280521
7686294 0.2806
7691184 0.280562
7696073 0.280641
7700963 0.280603
7705852 0.280681
7710742 0.280643
7715631 0.280722
7720521 0.280684
7725410 0.280763
7730300 0.280725
7735189 0.280803
7740079 0.280765
7744968 0.280844
7749858 0.280806
7754747 0.280884
7759637 0.280846
7764526 0.280925
7769416 0.280887
7774305 0.280965
7779195 0.280927
7784084 0.281005
7788974 0.280967
7793863 0.281046
7798753 0.281008
7803642 0.281086
7808532 0.281048
7813421 0.281126
7818311 0.281088
7823200 0.281166
7828090 0.281128
7832979 0.281206
7837869 0.281168
7842758 0.281246
7847648 0.281208
7852537 0.281286
7857427 0.281248
7862316 0.281326
7867206 0.281288
7872095 0.281366
7876985 0.281328
7881874 0.281406
7886764 0.281368
7891653 0.281446
7896543 0.281408
7901432 0.281486
7906322 0.281448
7911211 0.281526
7916101 0.281487
7920990 0.281565
7925880 0.281527
7930769 0.281605
7935659 0.281567
7940548 0.281645
7945438 0.281606
7950327 0.281684
7955217 0.281646
7960106 0.281724
7964996 0.281685
7969885 0.281763
7974775 0.281725
7979664 0.281803
7984554 0.281764
7989443 0.281842
7994333 0.281804
7999222 0.281881
8004112 0.281843
8009001 0.281921
8013891 0.281882
8018780 0.28196
8023670 0.281921
8028559 0.281999
8033449 0.281961
8038338 0.282038
8043228 0.282
8048117 0.282077
8053007 0.282039
8057896 0.282116
8062786 0.282078
8067675 0.282156
8072565 0.282117
8077454 0.282195
8082344 0.282156
8087233 0.282233
8092123 0.282195
8097012 0.282272
8101902 0.282234
8106791 0.282311
8111681 0.282273
8116570 0.28235
8121460 0.282312
8126349 0.282389
8131239 0.28235
8136128 0.282428
8141018 0.282389
8145907 0.282466
8150797 0.282428
8155686 0.282505
8160576 0.282467
8165465 0.282544
8170355 0.282505
8175244 0.282582
8180134 0.282544
8185023 0.282621
8189913 0.282582
8194802 0.282659
8199692 0.282621
8204581 0.282698
8209471 0.282659
8214360 0.282736
8219250 0.282698
8224139 0.282775
8229029 0.282736
8233918 0.282813
8238808 0.282774
8243697 0.282851
8248587 0.282813
8253476 0.282889
8258366 0.282851
8263255 0.282928
8268145 0.282889
8273034 0.282966
8277924 0.282927
8282813 0.283004
8287703 0.282965
8292592 0.283042
8297482 0.283003
8302371 0.28308
8307261 0.283041
8312150 0.283118
8317040 0.283079
8321929 0.283156
8326819 0.283117
8331708 0.283194
8336598 0.283155
8341487 0.283232
8346377 0.283193
8351266 0.28327
8356156 0.283231
8361045 0.283308
8365935 0.283269
8370824 0.283346
8375714 0.283307
8380603 0.283383
8385493 0.283344
8390382 0.283421
8395272 0.283382
8400161 0.283459
8405051 0.28342
8409940 0.283496
8414830 0.283457
8419719 0.283534
8424609 0.283495
8429498 0.283571
8434388 0.283533
8439277 0.283609
8444167 0.28357
8449056 0.283646
8453946 0.283608
8458835 0.283684
8463725 0.283645
8468614 0.283721
8473504 0.283682
8478393 0.283759
8483283 0.28372
8488172 0.283796
8493062 0.283757
8497951 0.283833
8502841 0.283794
8507730 0.283871
8512620 0.283832
8517509 0.283908
8522399 0.283869
8527288 0.283945
8532178 0.283906
8537067 0.283982
8541957 0.283943
8546846 0.284019
8551736 0.28398
8556625 0.284056
8561515 0.284017
8566404 0.284093
8571294 0.284054
8576183 0.28413
8581073 0.284091
8585962 0.284167
8590852 0.284128
8595741 0.284204
8600631 0.284165
8605520 0.284241
8610410 0.284202
8615299 0.284278
8620189 0.284239
8625078 0.284315
8629968 0.284276
8634857 0.284351
8639747 0.284312
8644636 0.284388
8649526 0.284349
8654415 0.284425
8659305 0.284386
8664194 0.284462
8669084 0.284422
8673973 0.284498
8678863 0.284459
8683752 0.284535
8688642 0.284496
8693531 0.284571
8698421 0.284532
8703310 0.284608
8708200 0.284569
8713089 0.284644
8717979 0.284605
8722868 0.284681
8727758 0.284642
8732647 0.284717
8737537 0.284678
8742426 0.284754
8747316 0.284715
8752205 0.28479
8757095 0.284751
8761984 0.284826
8766874 0.284787
8771763 0.284863
8776653 0.284823
8781542 0.284899
8786432 0.28486
8791321 0.284935
8796211 0.284896
8801100 0.284971
8805990 0.284932
8810879 0.285008
8815769 0.284968
8820658 0.285044
8825548 0.285004
8830437 0.28508
8835327 0.28504
8840216 0.285116
8845106 0.285076
8849995 0.285152
8854885 0.285112
8859774 0.285188
8864664 0.285148
8869553 0.285224
8874443 0.285184
8879332 0.28526
8884222 0.28522
8889111 0.285296
8894001 0.285256
8898890 0.285331
8903780 0.285292
8908669 0.285367
8913559 0.285328
8918448 0.285403
8923338 0.285364
8928227 0.285439
8933117 0.285399
8938006 0.285474
8942896 0.285435
8947785 0.28551
8952675 0.285471
8957564 0.285546
8962454 0.285506
8967343 0.285581
8972233 0.285542
8977122 0.285617
8982012 0.285578
8986901 0.285653
8991791 0.285613
8996680 0.285688
9001570 0.285649
9006459 0.285724
9011349 0.285684
9016238 0.285759
9021128 0.28572
9026017 0.285795
9030907 0.285755
9035796 0.28583
9040686 0.28579
9045575 0.285865
9050465 0.285826
9055354 0.285901
9060244 0.285861
9065133 0.285936
9070023 0.285896
9074912 0.285971
9079802 0.285932
9084691 0.286006
9089581 0.285967
9094470 0.286042
9099360 0.286002
9104249 0.286077
9109139 0.286037
9114028 0.286112
9118918 0.286072
9123807 0.286147
9128697 0.286108
9133586 0.286182
9138476 0.286143
9143365 0.286217
9148255 0.286178
9153144 0.286252
9158034 0.286213
9162923 0.286287
9167813 0.286248
9172702 0.286322
9177592 0.286283
9182481 0.286357
9187371 0.286318
9192260 0.286392
9197150 0.286352
9202039 0.286427
9206929 0.286387
9211818 0.286462
9216708 0.286422
9221597 0.286497
9226487 0.286457
9231376 0.286531
9236266 0.286492
9241155 0.286566
9246045 0.286527
9250934 0.286601
9255824 0.286561
9260713 0.286636
9265603 0.286596
9270492 0.28667
9275382 0.286631
9280271 0.286705
9285161 0.286665
9290050 0.286739
9294940 0.2867
9299829 0.286774
9304719 0.286734
9309608 0.286809
9314498 0.286769
9319387 0.286843
9324277 0.286803
9329166 0.286878
9334056 0.286838
9338945 0.286912
9343835 0.286872
9348724 0.286947
9353614 0.286907
9358503 0.286981
9363393 0.286941
9368282 0.287015
9373172 0.286976
9378061 0.28705
9382951 0.28701
9387840 0.287084
9392730 0.287044
9397619 0.287118
9402509 0.287078
9407398 0.287152
9412288 0.287113
9417177 0.287187
9422067 0.287147
9426956 0.287221
9431846 0.287181
9436735 0.287255
9441625 0.287215
9446514 0.287289
9451404 0.287249
9456293 0.287323
9461183 0.287284
9466072 0.287357
9470962 0.287318
9475851 0.287392
9480741 0.287352
9485630 0.287426
9490520 0.287386
9495409 0.28746
9500299 0.28742
9505188 0.287494
9510078 0.287454
9514967 0.287527
9519857 0.287488
9524746 0.287561
9529636 0.287522
9534525 0.287595
9539415 0.287555
9544304 0.287629
9549194 0.287589
9554083 0.287663
9558973 0.287623
9563862 0.287697
9568752 0.287657
9573641 0.287731
9578531 0.287691
9583420 0.287764
9588310 0.287724
9593199 0.287798
9598089 0.287758
9602978 0.287832
9607868 0.287792
9612757 0.287865
9617647 0.287826
9622536 0.287899
9627426 0.287859
9632315 0.287933
9637205 0.287893
9642094 0.287966
9646984 0.287926
9651873 0.288
9656763 0.28796
9661652 0.288033
9666542 0.287994
9671431 0.288067
9676321 0.288027
9681210 0.2881
9686100 0.28806
9690989 0.288134
9695879 0.288094
9700768 0.288167
9705658 0.288127
9710547 0.288201
9715437 0.288161
9720326 0.288234
9725216 0.288194
9730105 0.288268
9734995 0.288228
9739884 0.288301
9744774 0.288261
9749663 0.288334
9754553 0.288294
9759442 0.288367
9764332 0.288327
9769221 0.288401
9774111 0.288361
9779000 0.288434
9783890 0.288394
9788779 0.288467
9793669 0.288427
9798558 0.2885
9803448 0.28846
9808337 0.288533
9813227 0.288493
9818116 0.288567
9823006 0.288527
9827895 0.2886
9832785 0.28856
9837674 0.288633
9842564 0.288593
9847453 0.288666
9852343 0.288626
9857232 0.288699
9862122 0.288659
9867011 0.288732
9871901 0.288692
9876790 0.288765
9881680 0.288725
9886569 0.288798
9891459 0.288758
9896348 0.288831
9901238 0.288791
9906127 0.288864
9911017 0.288824
9915906 0.288896
9920796 0.288856
9925685 0.288929
9930575 0.288889
9935464 0.288962
9940354 0.288922
9945243 0.288995
9950133 0.288955
9955022 0.289028
9959912 0.288988
9964801 0.28906
9969691 0.28902
9974580 0.289093
9979470 0.289053
9984359 0.289126
9989249 0.289086
9994138 0.289159
9999028 0.289118
0 0
0 0
0 0
0 0
0 0
0 0
0 0
0 0
0 0
0 0
0 0
0 0
0 0
0 0
0 0
0 0
0 0
0 0
0 0
0 0
0 0
0 0
0 0
0 0
0 0
0 0
0 0
0 0
0 0
0 0
0 0
0 0
0 0
0 0
0 0
0 0
0 0
0 0
0 0
0 0
0 0
0 0
0 0
0 0
0 0
0 0
0 0
0 0
0 0
0 0
0 0
0 0
0 0
0 0
0 0
0 0
0 0
0 0
0 0
0 0
0 0
0 0
0 0
0 0
0 0
0 0
0 0
0 0
0 0
0 0
0 0
0 0
0 0
0 0
0 0
0 0
0 0
0 0
0 0
0 0
0 0
0 0
0 0
0 0
0 0
0 0
0 0
0 0
0 0
0 0
0 0
0 0
0 0
0 0
0 0
0 0
0 0
0 0
0 0
0 0
0 0
0 0
0 0
0 0
0 0
0 0
0 0
0 0
0 0
0 0
0 0
0 0
0 0
0 0
0 0
0 0
0 0
0 0
0 0
0 0
0 0
0 0
0 0
0 0
0 0
0 0
0 0
0 0
0 0
0 0
0 0
0 0
0 0
0 0
0 0
0 0
0 0
0 0
0 0
0 0
0 0
0 0
0 0
0 0
0 0
0 0
0 0
0 0
0 0
0 0
0 0
0 0
0 0
0 0
0 0
0 0
0 0
0 0
0 0
0 0
0 0
0 0
0 0
0 0
0 0
0 0
0 0
0 0
0 0
0 0
0 0
0 0
0 0
0 0
0 0
0 0
0 0
0 0
0 0
0 0
0 0
0 0
0 0
0 0
0 0
0 0
0 0
0 0
0 0
0 0
0 0
0 0
0 0
0 0
0 0
0 0
0 0
0 0
0 0
0 0
0 0
0 0
0 0
0 0
0 0
0 0
0 0
0 0
0 0
0 0
0 0
0 0
0 0
0 0
0 0
0 0
0 0
0 0
0 0
0 0
0 0
0 0
0 0
0 0
0 0
0 0
0 0
0 0
0 0
0 0
0 0
0 0
0 0
0 0
0 0
0 0
0 0
0 0
0 0
0 0
0 0
0 0
0 0
0 0
0 0
0 0
0 0
0 0
0 0
0 0
0 0
0 0
0 0
0 0
0 0
0 0
0 0
0 0
0 0
0 0
0 0
0 0
0 0
0 0
0 0
0 0
0 0
0 0
0 0
0 0
0 0
0 0
0 0
0 0
0 0
0 0
0 0
0 0
0 0
0 0
0 0
0 0
0 0
0 0
0 0
0 0
0 0
0 0
0 0
0 0
0 0
0 0
0 0
0 0
0 0
0 0
0 0
0 0
0 0
0 0
0 0
0 0
0 0
0 0
0 0
0 0
0 0
0 0
0 0
0 0
0 0
0 0
0 0
0 0
0 0
0 0
0 0
0 0
0 0
0 0
0 0
0 0
0 0
0 0
0 0
0 0
0 0
0 0
0 0
0 0
0 0
0 0
0 0
0 0
0 0
0 0
0 0
0 0
0 0
0 0
0 0
0 0
0 0
0 0
0 0
0 0
0 0
0 0
0 0
0 0
0 0
0 0
0 0
0 0
0 0
0 0
0 0
0 0
0 0
0 0
0 0
0 0
0 0
0 0
0 0
0 0
0 0
0 0
0 0
0 0
0 0
0 0
0 0
0 0
0 0
0 0
0 0
0 0
0 0
0 0
0 0
0 0
0 0
0 0
0 0
0 0
0 0
0 0
0 0
0 0
0 0
0 0
0 0
0 0
0 0
0 0
0 0
0 0
0 0
0 0
0 0
0 0
0 0
0 0
0 0
0 0
0 0
0 0
0 0
0 0
0 0
0 0
0 0
0 0
0 0
0 0
0 0
0 0
0 0
0 0
0 0
0 0
0 0
0 0
0 0
0 0
0 0
0 0
0 0
0 0
0 0
0 0
0 0
0 0
0 0
0 0
0 0
0 0
0 0
0 0
0 0
0 0
0 0
0 0
0 0
0 0
0 0
0 0
0 0
0 0
0 0
0 0
0 0
0 0
0 0
0 0
0 0
0 0
0 0
0 0
0 0
0 0
0 0
0 0
0 0
0 0
0 0
0 0
0 0
0 0
0 0
0 0
0 0
0 0
0 0
0 0
0 0
0 0
0 0
0 0
0 0
0 0
0 0
0 0
0 0
0 0
0 0
0 0
0 0
0 0
0 0
0 0
0 0
0 0
0 0
0 0
0 0
0 0
0 0
0 0
0 0
0 0
0 0
0 0
0 0
0 0
0 0
0 0
0 0
0 0
0 0
0 0
0 0
0 0
0 0
0 0
0 0
0 0
0 0
0 0
0 0
0 0
0 0
0 0
0 0
0 0
0 0
0 0
0 0
0 0
0 0
0 0
0 0
0 0
0 0
0 0
0 0
0 0
0 0
0 0
0 0
0 0
0 0
0 0
0 0
0 0
0 0
0 0
0 0
0 0
0 0
0 0
0 0
0 0
0 0
0 0
0 0
0 0
0 0
0 0
0 0
0 0
0 0
0 0
0 0
0 0
0 0
0 0
0 0
0 0
0 0
0 0
0 0
0 0
0 0
0 0
0 0
0 0
0 0
0 0
0 0
0 0
0 0
0 0
0 0
0 0
0 0
0 0
0 0
0 0
0 0
0 0
0 0
0 0
0 0
0 0
0 0
0 0
0 0
0 0
0 0
0 0
0 0
0 0
0 0
0 0
0 0
0 0
0 0
0 0
0 0
0 0
0 0
0 0
0 0
0 0
0 0
0 0
0 0
0 0
0 0
0 0
0 0
0 0
0 0
0 0
0 0
0 0
0 0
0 0
0 0
0 0
0 0
0 0
0 0
0 0
0 0
0 0
0 0
0 0
0 0
0 0
0 0
0 0
0 0
0 0
0 0
0 0
0 0
0 0
0 0
0 0
0 0
0 0
0 0
0 0
0 0
0 0
0 0
0 0
0 0
0 0
0 0
0 0
0 0
0 0
0 0
0 0
0 0
0 0
0 0
0 0
0 0
0 0
0 0
0 0
0 0
0 0
0 0
0 0
0 0
0 0
0 0
0 0
0 0
0 0
0 0
0 0
0 0
0 0
0 0
0 0
0 0
0 0
0 0
0 0
0 0
0 0
0 0
0 0
0 0
0 0
0 0
0 0
0 0
0 0
0 0
0 0
0 0
0 0
0 0
0 0
0 0
0 0
0 0
0 0
0 0
0 0
0 0
0 0
0 0
0 0
0 0
0 0
0 0
0 0
0 0
0 0
0 0
0 0
0 0
0 0
0 0
0 0
0 0
0 0
0 0
0 0
0 0
0 0
0 0
0 0
0 0
0 0
0 0
0 0
0 0
0 0
0 0
0 0
0 0
0 0
0 0
0 0
0 0
0 0
0 0
0 0
0 0
0 0
0 0
0 0
0 0
0 0
0 0
0 0
0 0
0 0
0 0
0 0
0 0
0 0
0 0
0 0
0 0
0 0
0 0
0 0
0 0
0 0
0 0
0 0
0 0
0 0
0 0
0 0
0 0
0 0
0 0
0 0
0 0
0 0
0 0
0 0
0 0
0 0
0 0
0 0
0 0
0 0
0 0
0 0
0 0
0 0
0 0
0 0
0 0
0 0
0 0
0 0
0 0
0 0
0 0
0 0
0 0
0 0
0 0
0 0
0 0
0 0
0 0
0 0
0 0
0 0
0 0
0 0
0 0
0 0
0 0
0 0
0 0
0 0
0 0
0 0
0 0
0 0
0 0
0 0
0 0
0 0
0 0
0 0
0 0
0 0
0 0
0 0
0 0
0 0
0 0
0 0
0 0
0 0
0 0
0 0
0 0
0 0
0 0
0 0
0 0
0 0
0 0
0 0
0 0
0 0
0 0
0 0
0 0
0 0
0 0
0 0
0 0
0 0
0 0
0 0
0 0
0 0
0 0
0 0
0 0
0 0
0 0
0 0
0 0
0 0
0 0
0 0
0 0
0 0
0 0
0 0
0 0
0 0
0 0
0 0
0 0
0 0
0 0
0 0
0 0
0 0
0 0
0 0
0 0
0 0
0 0
0 0
0 0
0 0
0 0
0 0
0 0
0 0
0 0
0 0
0 0
0 0
0 0
0 0
0 0
0 0
0 0
0 0
0 0
0 0
0 0
0 0
0 0
0 0
0 0
0 0
0 0
0 0
0 0
0 0
0 0
0 0
0 0
0 0
0 0
0 0
0 0
0 0
0 0
0 0
0 0
0 0
0 0
0 0
0 0
0 0
0 0
0 0
0 0
0 0
0 0
0 0
0 0
0 0
0 0
0 0
0 0
0 0
0 0
0 0
0 0
0 0
0 0
0 0
0 0
0 0
0 0
0 0
0 0
0 0
0 0
0 0
0 0
0 0
0 0
0 0
0 0
0 0
0 0
0 0
0 0
0 0
0 0
0 0
0 0
0 0
0 0
0 0
0 0
0 0
0 0
0 0
0 0
0 0
0 0
0 0
0 0
0 0
0 0
0 0
0 0
0 0
0 0
0 0
0 0
0 0
0 0
0 0
0 0
0 0
0 0
0 0
0 0
0 0
0 0
0 0
0 0
0 0
0 0
0 0
0 0
0 0
0 0
0 0
0 0
0 0
0 0
0 0
0 0
0 0
0 0
0 0
0 0
0 0
0 0
0 0
0 0
0 0
0 0
0 0
0 0
0 0
0 0
0 0
0 0
0 0
0 0
0 0
0 0
0 0
0 0
0 0
0 0
0 0
0 0
0 0
0 0
0 0
0 0
0 0
0 0
0 0
0 0
0 0
0 0
0 0
0 0
0 0
0 0
0 0
0 0
0 0
0 0
0 0
0 0
0 0
0 0
0 0
0 0
0 0
0 0
0 0
0 0
0 0
0 0
0 0
0 0
0 0
0 0
0 0
0 0
0 0
0 0
0 0
0 0
0 0
0 0
0 0
0 0
0 0
0 0
0 0
0 0
0 0
0 0
0 0
0 0
0 0
0 0
0 0
0 0
0 0
0 0
0 0
0 0
0 0
0 0
0 0
0 0
0 0
0 0
0 0
0 0
0 0
0 0
0 0
0 0
0 0
0 0
0 0
0 0
0 0
0 0
0 0
0 0
0 0
0 0
0 0
0 0
0 0
0 0
0 0
0 0
0 0
0 0
0 0
0 0
0 0
0 0
0 0
0 0
0 0
0 0
0 0
0 0
0 0
0 0
0 0
0 0
0 0
0 0
0 0
0 0
0 0
0 0
0 0
0 0
0 0
0 0
0 0
0 0
0 0
0 0
0 0
0 0
0 0
0 0
0 0
0 0
0 0
0 0
0 0
0 0
0 0
0 0
0 0
0 0
0 0
0 0
0 0
0 0
0 0
0 0
0 0
0 0
0 0
0 0
0 0
0 0
0 0
0 0
0 0
0 0
0 0
0 0
0 0
0 0
0 0
0 0
0 0
0 0
0 0
0 0
0 0
0 0
0 0
0 0
0 0
0 0
0 0
0 0
0 0
0 0
0 0
0 0
0 0
0 0
0 0
0 0
0 0
0 0
0 0
0 0
0 0
0 0
0 0
0 0
0 0
0 0
0 0
0 0
0 0
0 0
0 0
0 0
0 0
0 0
0 0
0 0
0 0
0 0
0 0
0 0
0 0
0 0
0 0
0 0
0 0
0 0
0 0
0 0
0 0
0 0
0 0
0 0
0 0
0 0
0 0
0 0
0 0
0 0
0 0
0 0
0 0
0 0
0 0
0 0
0 0
0 0
0 0
0 0
0 0
0 0
0 0
0 0
0 0
0 0
0 0
0 0
0 0
0 0
0 0
0 0
0 0
0 0
0 0
0 0
0 0
0 0
0 0
0 0
0 0
0 0
0 0
0 0
0 0
0 0
0 0
0 0
0 0
0 0
0 0
0 0
0 0
0 0
0 0
0 0
0 0
0 0
0 0
0 0
0 0
0 0
0 0
0 0
0 0
0 0
0 0
0 0
0 0
0 0
0 0
0 0
0 0
0 0
0 0
0 0
0 0
0 0
0 0
0 0
0 0
0 0
0 0
0 0
0 0
0 0
0 0
0 0
0 0
0 0
0 0
0 0
0 0
0 0
0 0
0 0
0 0
0 0
0 0
0 0
0 0
0 0
0 0
0 0
0 0
0 0
0 0
0 0
0 0
0 0
0 0
0 0
0 0
0 0
0 0
0 0
0 0
0 0
0 0
0 0
0 0
0 0
0 0
0 0
0 0
0 0
0 0
0 0
0 0
0 0
0 0
0 0
0 0
0 0
0 0
0 0
0 0
0 0
0 0
0 0
0 0
0 0
0 0
0 0
0 0
0 0
0 0
0 0
0 0
0 0
0 0
0 0
0 0
0 0
0 0
0 0
0 0
0 0
0 0
0 0
0 0
0 0
0 0
0 0
0 0
0 0
0 0
0 0
0 0
0 0
0 0
0 0
0 0
0 0
0 0
0 0
0 0
0 0
0 0
0 0
0 0
0 0
0 0
0 0
0 0
0 0
0 0
0 0
0 0
0 0
0 0
0 0
0 0
0 0
0 0
0 0
0 0
0 0
0 0
0 0
0 0
0 0
0 0
0 0
0 0
0 0
0 0
0 0
0 0
0 0
0 0
0 0
0 0
0 0
0 0
0 0
0 0
0 0
0 0
0 0
0 0
0 0
0 0
0 0
0 0
0 0
0 0
0 0
0 0
0 0
0 0
0 0
0 0
0 0
0 0
0 0
0 0
0 0
0 0
0 0
0 0
0 0
0 0
0 0
0 0
0 0
0 0
0 0
0 0
0 0
0 0
0 0
0 0
0 0
0 0
0 0
0 0
0 0
0 0
0 0
0 0
0 0
0 0
0 0
0 0
0 0
0 0
0 0
0 0
0 0
0 0
0 0
0 0
0 0
0 0
0 0
0 0
0 0
0 0
0 0
0 0
0 0
0 0
0 0
0 0
0 0
0 0
0 0
0 0
0 0
0 0
0 0
0 0
0 0
0 0
0 0
0 0
0 0
0 0
0 0
0 0
0 0
0 0
0 0
0 0
0 0
0 0
0 0
0 0
0 0
0 0
0 0
0 0
0 0
0 0
0 0
0 0
0 0
0 0
0 0
0 0
0 0
0 0
0 0
0 0
0 0
0 0
0 0
0 0
0 0
0 0
0 0
0 0
0 0
0 0
0 0
0 0
0 0
0 0
0 0
0 0
0 0
0 0
0 0
0 0
0 0
0 0
0 0
0 0
0 0
0 0
0 0
0 0
0 0
0 0
0 0
0 0
0 0
0 0
0 0
0 0
0 0
0 0
0 0
0 0
0 0
0 0
0 0
0 0
0 0
0 0
0 0
0 0
0 0
0 0
0 0
0 0
0 0
0 0
0 0
0 0
0 0
0 0
0 0
0 0
0 0
0 0
0 0
0 0
0 0
0 0
0 0
0 0
0 0
0 0
0 0
0 0
0 0
0 0
0 0
0 0
0 0
0 0
0 0
0 0
0 0
0 0
0 0
0 0
0 0
0 0
0 0
0 0
0 0
0 0
0 0
0 0
0 0
0 0
0 0
0 0
0 0
0 0
0 0
0 0
0 0
0 0
0 0
0 0
0 0
0 0
0 0
0 0
0 0
0 0
0 0
0 0
0 0
0 0
0 0
0 0
0 0
0 0
0 0
0 0
0 0
0 0
0 0
0 0
0 0
0 0
0 0
0 0
0 0
0 0
0 0
0 0
0 0
0 0
0 0
0 0
0 0
0 0
0 0
0 0
0 0
0 0
0 0
0 0
0 0
0 0
0 0
0 0
0 0
0 0
0 0
0 0
0 0
0 0
0 0
0 0
0 0
0 0
0 0
0 0
0 0
0 0
0 0
0 0
0 0
0 0
0 0
0 0
0 0
0 0
0 0
0 0
0 0
0 0
0 0
0 0
0 0
0 0
0 0
0 0
0 0
0 0
0 0
0 0
0 0
0 0
0 0
0 0
0 0
0 0
0 0
0 0
0 0
0 0
0 0
0 0
0 0
0 0
0 0
0 0
0 0
0 0
0 0
0 0
0 0
0 0
0 0
0 0
0 0
0 0
0 0
0 0
0 0
0 0
0 0
0 0
0 0
0 0
0 0
0 0
0 0
0 0
0 0
0 0
0 0
0 0
0 0
0 0
0 0
0 0
0 0
0 0
0 0
0 0
0 0
0 0
0 0
0 0
0 0
0 0
0 0
0 0
0 0
0 0
0 0
0 0
0 0
0 0
0 0
0 0
0 0
0 0
0 0
0 0
0 0
0 0
0 0
0 0
0 0
0 0
0 0
0 0
0 0
0 0
0 0
0 0
0 0
0 0
0 0
0 0
0 0
0 0
0 0
0 0
0 0
0 0
0 0
0 0
0 0
0 0
0 0
0 0
0 0
0 0
0 0
0 0
0 0
0 0
0 0
0 0
0 0
0 0
0 0
0 0
0 0
0 0
0 0
0 0
0 0
0 0
0 0
0 0
0 0
0 0
0 0
0 0
0 0
0 0
0 0
0 0
0 0
0 0
0 0
0 0
0 0
0 0
0 0
0 0
0 0
0 0
0 0
0 0
0 0
0 0
0 0
0 0
0 0
0 0
0 0
0 0
0 0
0 0
0 0
0 0
0 0
0 0
0 0
0 0
0 0
0 0
0 0
0 0
0 0
0 0
0 0
0 0
0 0
0 0
0 0
0 0
0 0
0 0
0 0
0 0
0 0
0 0
0 0
0 0
0 0
0 0
0 0
0 0
0 0
0 0
0 0
0 0
0 0
0 0
0 0
0 0
0 0
0 0
0 0
0 0
0 0
0 0
0 0
0 0
0 0
0 0
0 0
0 0
0 0
0 0
0 0
0 0
0 0
0 0
0 0
0 0
0 0
0 0
0 0
0 0
0 0
0 0
0 0
0 0
0 0
0 0
0 0
0 0
0 0
0 0
0 0
0 0
0 0
0 0
0 0
0 0
0 0
0 0
0 0
0 0
0 0
0 0
0 0
0 0
0 0
0 0
0 0
0 0
0 0
0 0
0 0
0 0
0 0
0 0
0 0
0 0
0 0
0 0
0 0
0 0
0 0
0 0
0 0
0 0
0 0
0 0
0 0
0 0
0 0
0 0
0 0
0 0
0 0
0 0
0 0
0 0
0 0
0 0
0 0
