4890 8.58928
9779 3.63485
14669 2.49294
19558 1.47376
24448 1.12693
29337 0.851315
34227 0.727255
39116 0.633942
44006 0.57334
48895 0.529966
53785 0.495153
58674 0.468652
63564 0.446129
68453 0.42777
73343 0.411912
78232 0.39831
83122 0.386419
88011 0.375958
92901 0.366607
97790 0.358276
102680 0.350774
107569 0.34406
112459 0.337906
117348 0.332402
122238 0.327341
127127 0.322828
132017 0.31862
136906 0.314864
141796 0.311325
146685 0.308178
151575 0.305179
156464 0.302505
161354 0.299916
166243 0.297623
171133 0.295388
176022 0.293435
180912 0.291515
185801 0.289859
190691 0.288217
195580 0.286815
200470 0.285402
205359 0.28422
210249 0.283012
215138 0.282022
220028 0.280989
224917 0.280162
229807 0.279285
234696 0.278605
239586 0.277862
244475 0.277304
249365 0.276673
254254 0.276221
259144 0.275687
264033 0.275328
268923 0.274883
273812 0.274607
278702 0.274235
283591 0.274031
288481 0.273727
293370 0.273588
298260 0.273345
303149 0.273268
308039 0.273082
312928 0.273058
317818 0.272924
322707 0.272948
327597 0.272859
332486 0.272928
337376 0.27288
342265 0.272988
347155 0.272977
352044 0.273119
356934 0.27314
361823 0.273312
366713 0.273361
371602 0.27356
376492 0.273634
381381 0.273857
386271 0.273956
391160 0.274201
396050 0.27432
400939 0.274585
405829 0.274723
410718 0.275007
415608 0.275163
420497 0.275464
425387 0.275635
430276 0.27595
435166 0.276134
440055 0.27646
444945 0.276655
449834 0.276992
454724 0.277197
459613 0.277541
464503 0.277754
469392 0.278106
474282 0.278326
479171 0.278684
484061 0.27891
488950 0.279275
493840 0.279506
498729 0.279876
503619 0.280113
508508 0.280487
513398 0.280727
518287 0.281105
523177 0.281349
528066 0.28173
532956 0.281976
537845 0.28236
542735 0.282608
547624 0.282994
552514 0.283243
557403 0.28363
562293 0.283881
567182 0.284267
572072 0.284519
576961 0.284906
581851 0.285158
586740 0.285545
591630 0.285797
596519 0.286184
601409 0.286436
606298 0.286823
611188 0.287074
616077 0.28746
620967 0.287711
625856 0.288095
630746 0.288346
635635 0.288729
640525 0.288978
645414 0.28936
650304 0.289608
655193 0.289988
660083 0.290234
664972 0.290612
669862 0.290856
674751 0.291231
679641 0.291473
684530 0.291846
689420 0.292086
694309 0.292456
699199 0.292694
704088 0.293061
708978 0.293297
713867 0.293661
718757 0.293895
723646 0.294256
728536 0.294488
733425 0.294847
738315 0.295076
743204 0.295433
748094 0.29566
752983 0.296014
757873 0.296239
762762 0.296591
767652 0.296814
772541 0.297163
777431 0.297384
782320 0.29773
787210 0.297949
792099 0.298293
796989 0.29851
801878 0.298851
806768 0.299066
811657 0.299405
816547 0.299618
821436 0.299954
826326 0.300165
831215 0.300499
836105 0.300707
840994 0.30104
845884 0.301246
850773 0.301576
855663 0.30178
860552 0.302108
865442 0.30231
870331 0.302636
875221 0.302836
880110 0.303159
885000 0.303356
889889 0.303677
894779 0.303872
899668 0.30419
904558 0.304384
909447 0.304699
914337 0.304891
919226 0.305204
924116 0.305393
929005 0.305703
933895 0.305891
938784 0.306198
943674 0.306383
948563 0.306689
953453 0.306872
958342 0.307175
963232 0.307356
968121 0.307657
973011 0.307836
977900 0.308134
982790 0.308311
987679 0.308607
992569 0.308782
997458 0.309076
1002348 0.30925
1007237 0.309542
1012127 0.309713
1017016 0.310003
1021906 0.310172
1026795 0.31046
1031685 0.310628
1036574 0.310913
1041464 0.311079
1046353 0.311362
1051243 0.311526
1056132 0.311807
1061022 0.31197
1065911 0.312249
1070801 0.312409
1075690 0.312686
1080580 0.312845
1085469 0.31312
1090359 0.313277
1095248 0.31355
1100138 0.313705
1105027 0.313976
1109917 0.314129
1114806 0.314399
1119696 0.31455
1124585 0.314817
1129475 0.314967
1134364 0.315233
1139254 0.31538
1144143 0.315645
1149033 0.315791
1153922 0.316053
1158812 0.316197
1163701 0.316458
1168591 0.316601
1173480 0.31686
1178370 0.317001
1183259 0.317258
1188149 0.317397
1193038 0.317653
1197928 0.317791
1202817 0.318045
1207707 0.318181
1212596 0.318433
1217486 0.318568
1222375 0.318819
1227265 0.318952
1232154 0.319201
1237044 0.319333
1241933 0.31958
1246823 0.319711
1251712 0.319957
1256602 0.320086
1261491 0.32033
1266381 0.320458
1271270 0.320701
1276160 0.320827
1281049 0.321068
1285939 0.321193
1290828 0.321433
1295718 0.321556
1300607 0.321795
1305497 0.321917
1310386 0.322154
1315276 0.322275
1320165 0.32251
1325055 0.32263
1329944 0.322864
1334834 0.322982
1339723 0.323215
1344613 0.323332
1349502 0.323563
1354392 0.323679
1359281 0.323908
1364171 0.324023
1369060 0.324251
1373950 0.324364
1378839 0.324591
1383729 0.324703
1388618 0.324929
1393508 0.32504
1398397 0.325264
1403287 0.325374
1408176 0.325596
1413066 0.325705
1417955 0.325927
1422845 0.326034
1427734 0.326254
1432624 0.326361
1437513 0.32658
1442403 0.326685
1447292 0.326903
1452182 0.327007
1457071 0.327224
1461961 0.327327
1466850 0.327542
1471740 0.327644
1476629 0.327859
1481519 0.32796
1486408 0.328173
1491298 0.328273
1496187 0.328485
1501077 0.328583
1505966 0.328794
1510856 0.328892
1515745 0.329102
1520635 0.329199
1525524 0.329408
1530414 0.329503
1535303 0.329711
1540193 0.329806
1545082 0.330012
1549972 0.330106
1554861 0.330312
1559751 0.330405
1564640 0.330609
1569530 0.330701
1574419 0.330905
1579309 0.330996
1584198 0.331198
1589088 0.331288
1593977 0.33149
1598867 0.331579
1603756 0.331779
1608646 0.331868
1613535 0.332067
1618425 0.332154
1623314 0.332353
1628204 0.33244
1633093 0.332637
1637983 0.332723
1642872 0.332919
1647762 0.333004
1652651 0.3332
1657541 0.333284
1662430 0.333479
1667320 0.333562
1672209 0.333756
1677099 0.333838
1681988 0.334031
1686878 0.334112
1691767 0.334304
1696657 0.334385
1701546 0.334576
1706436 0.334655
1711325 0.334846
1716215 0.334925
1721104 0.335114
1725994 0.335192
1730883 0.335381
1735773 0.335458
1740662 0.335646
1745552 0.335723
1750441 0.33591
1755331 0.335985
1760220 0.336172
1765110 0.336247
1769999 0.336432
1774889 0.336506
1779778 0.336691
1784668 0.336764
1789557 0.336948
1794447 0.337021
1799336 0.337204
1804226 0.337276
1809115 0.337458
1814005 0.33753
1818894 0.337711
1823784 0.337782
1828673 0.337963
1833563 0.338033
1838452 0.338213
1843342 0.338282
1848231 0.338461
1853121 0.33853
1858010 0.338709
1862900 0.338777
1867789 0.338954
1872679 0.339022
1877568 0.339199
1882458 0.339266
1887347 0.339442
1892237 0.339508
1897126 0.339684
1902016 0.33975
1906905 0.339924
1911795 0.339989
1916684 0.340164
1921574 0.340228
1926463 0.340402
1931353 0.340465
1936242 0.340638
1941132 0.340701
1946021 0.340874
1950911 0.340936
1955800 0.341108
1960690 0.34117
1965579 0.341341
1970469 0.341402
1975358 0.341572
1980248 0.341633
1985137 0.341803
1990027 0.341863
1994916 0.342032
1999806 0.342092
2004695 0.342261
2009585 0.34232
2014474 0.342488
2019364 0.342546
2024253 0.342713
2029143 0.342772
2034032 0.342938
2038922 0.342996
2043811 0.343162
2048701 0.343219
2053590 0.343384
2058480 0.343441
2063369 0.343606
2068259 0.343662
2073148 0.343826
2078038 0.343881
2082927 0.344045
2087817 0.3441
2092706 0.344263
2097596 0.344318
2102485 0.34448
2107375 0.344534
2112264 0.344696
2117154 0.34475
2122043 0.344911
2126933 0.344964
2131822 0.345125
2136712 0.345178
2141601 0.345338
2146491 0.34539
2151380 0.34555
2156270 0.345602
2161159 0.345761
2166049 0.345812
2170938 0.345971
2175828 0.346022
2180717 0.34618
2185607 0.34623
2190496 0.346388
2195386 0.346438
2200275 0.346595
2205165 0.346644
2210054 0.346801
2214944 0.34685
2219833 0.347006
2224723 0.347055
2229612 0.347211
2234502 0.347259
2239391 0.347414
2244281 0.347462
2249170 0.347616
2254060 0.347664
2258949 0.347818
2263839 0.347865
2268728 0.348019
2273618 0.348065
2278507 0.348218
2283397 0.348264
2288286 0.348417
2293176 0.348463
2298065 0.348615
2302955 0.34866
2307844 0.348812
2312734 0.348857
2317623 0.349009
2322513 0.349053
2327402 0.349204
2332292 0.349248
2337181 0.349399
2342071 0.349442
2346960 0.349593
2351850 0.349636
2356739 0.349786
2361629 0.349828
2366518 0.349978
2371408 0.35002
2376297 0.350169
2381187 0.350211
2386076 0.35036
2390966 0.350401
2395855 0.350549
2400745 0.350591
2405634 0.350738
2410524 0.350779
2415413 0.350927
2420303 0.350967
2425192 0.351114
2430082 0.351154
2434971 0.351301
2439861 0.351341
2444750 0.351487
2449640 0.351526
2454529 0.351672
2459419 0.351711
2464308 0.351856
2469198 0.351895
2474087 0.35204
2478977 0.352079
2483866 0.352223
2488756 0.352261
2493645 0.352405
2498535 0.352443
2503424 0.352586
2508314 0.352624
2513203 0.352767
2518093 0.352805
2522982 0.352947
2527872 0.352984
2532761 0.353126
2537651 0.353163
2542540 0.353305
2547430 0.353341
2552319 0.353483
2557209 0.353519
2562098 0.35366
2566988 0.353696
2571877 0.353837
2576767 0.353872
2581656 0.354013
2586546 0.354048
2591435 0.354188
2596325 0.354223
2601214 0.354362
2606104 0.354397
2610993 0.354536
2615883 0.35457
2620772 0.354709
2625662 0.354743
2630551 0.354882
2635441 0.354916
2640330 0.355054
2645220 0.355087
2650109 0.355225
2654999 0.355258
2659888 0.355396
2664778 0.355429
2669667 0.355566
2674557 0.355598
2679446 0.355735
2684336 0.355767
2689225 0.355904
2694115 0.355936
2699004 0.356072
2703894 0.356104
2708783 0.35624
2713673 0.356271
2718562 0.356407
2723452 0.356438
2728341 0.356573
2733231 0.356604
2738120 0.356739
2743010 0.35677
2747899 0.356904
2752789 0.356935
2757678 0.357069
2762568 0.357099
2767457 0.357233
2772347 0.357263
2777236 0.357396
2782126 0.357426
2787015 0.357559
2791905 0.357589
2796794 0.357722
2801684 0.357751
2806573 0.357884
2811463 0.357912
2816352 0.358045
2821242 0.358073
2826131 0.358205
2831021 0.358234
2835910 0.358366
2840800 0.358394
2845689 0.358525
2850579 0.358553
2855468 0.358684
2860358 0.358712
2865247 0.358843
2870137 0.35887
2875026 0.359001
2879916 0.359028
2884805 0.359158
2889695 0.359185
2894584 0.359315
2899474 0.359342
2904363 0.359472
2909253 0.359498
2914142 0.359627
2919032 0.359654
2923921 0.359783
2928811 0.359809
2933700 0.359938
2938590 0.359963
2943479 0.360092
2948369 0.360118
2953258 0.360246
2958148 0.360271
2963037 0.360399
2967927 0.360424
2972816 0.360552
2977706 0.360577
2982595 0.360705
2987485 0.360729
2992374 0.360857
2997264 0.360881
3002153 0.361008
3007043 0.361032
3011932 0.361159
3016822 0.361183
3021711 0.361309
3026601 0.361333
3031490 0.361459
3036380 0.361483
3041269 0.361609
3046159 0.361632
3051048 0.361758
3055938 0.361781
3060827 0.361907
3065717 0.36193
3070606 0.362055
3075496 0.362078
3080385 0.362203
3085275 0.362225
3090164 0.36235
3095054 0.362372
3099943 0.362497
3104833 0.362519
3109722 0.362643
3114612 0.362665
3119501 0.362789
3124391 0.362811
3129280 0.362934
3134170 0.362956
3139059 0.363079
3143949 0.363101
3148838 0.363224
3153728 0.363245
3158617 0.363368
3163507 0.363389
3168396 0.363512
3173286 0.363533
3178175 0.363655
3183065 0.363676
3187954 0.363798
3192844 0.363819
3197733 0.363941
3202623 0.363961
3207512 0.364083
3212402 0.364103
3217291 0.364225
3222181 0.364245
3227070 0.364366
3231960 0.364386
3236849 0.364507
3241739 0.364526
3246628 0.364647
3251518 0.364667
3256407 0.364787
3261297 0.364806
3266186 0.364927
3271076 0.364946
3275965 0.365066
3280855 0.365085
3285744 0.365205
3290634 0.365224
3295523 0.365343
3300413 0.365362
3305302 0.365481
3310192 0.3655
3315081 0.365619
3319971 0.365637
3324860 0.365756
3329750 0.365775
3334639 0.365893
3339529 0.365911
3344418 0.36603
3349308 0.366048
3354197 0.366166
3359087 0.366184
3363976 0.366302
3368866 0.366319
3373755 0.366437
3378645 0.366455
3383534 0.366572
3388424 0.36659
3393313 0.366707
3398203 0.366724
3403092 0.366841
3407982 0.366858
3412871 0.366975
3417761 0.366992
3422650 0.367109
3427540 0.367125
3432429 0.367242
3437319 0.367259
3442208 0.367375
3447098 0.367391
3451987 0.367508
3456877 0.367524
3461766 0.36764
3466656 0.367656
3471545 0.367772
3476435 0.367787
3481324 0.367903
3486214 0.367919
3491103 0.368034
3495993 0.36805
3500882 0.368165
3505772 0.368181
3510661 0.368296
3515551 0.368311
3520440 0.368426
3525330 0.368441
3530219 0.368556
3535109 0.368571
3539998 0.368685
3544888 0.3687
3549777 0.368814
3554667 0.368829
3559556 0.368943
3564446 0.368958
3569335 0.369072
3574225 0.369086
3579114 0.3692
3584004 0.369214
3588893 0.369328
3593783 0.369342
3598672 0.369455
3603562 0.369469
3608451 0.369582
3613341 0.369596
3618230 0.369709
3623120 0.369723
3628009 0.369836
3632899 0.369849
3637788 0.369962
3642678 0.369975
3647567 0.370088
3652457 0.370101
3657346 0.370213
3662236 0.370227
3667125 0.370339
3672015 0.370352
3676904 0.370464
3681794 0.370477
3686683 0.370588
3691573 0.370601
3696462 0.370713
3701352 0.370725
3706241 0.370837
3711131 0.370849
3716020 0.370961
3720910 0.370973
3725799 0.371084
3730689 0.371096
3735578 0.371207
3740468 0.37122
3745357 0.37133
3750247 0.371342
3755136 0.371453
3760026 0.371465
3764915 0.371575
3769805 0.371587
3774694 0.371697
3779584 0.371709
3784473 0.371819
3789363 0.371831
3794252 0.371941
3799142 0.371952
3804031 0.372062
3808921 0.372073
3813810 0.372183
3818700 0.372194
3823589 0.372303
3828479 0.372314
3833368 0.372424
3838258 0.372434
3843147 0.372544
3848037 0.372554
3852926 0.372663
3857816 0.372674
3862705 0.372783
3867595 0.372793
3872484 0.372902
3877374 0.372912
3882263 0.373021
3887153 0.373031
3892042 0.37314
3896932 0.37315
3901821 0.373258
3906711 0.373268
3911600 0.373376
3916490 0.373386
3921379 0.373494
3926269 0.373504
3931158 0.373612
3936048 0.373621
3940937 0.373729
3945827 0.373738
3950716 0.373846
3955606 0.373855
3960495 0.373963
3965385 0.373972
3970274 0.374079
3975164 0.374089
3980053 0.374196
3984943 0.374205
3989832 0.374312
3994722 0.374321
3999611 0.374427
4004501 0.374436
4009390 0.374543
4014280 0.374552
4019169 0.374658
4024059 0.374667
4028948 0.374773
4033838 0.374782
4038727 0.374888
4043617 0.374896
4048506 0.375002
4053396 0.375011
4058285 0.375116
4063175 0.375125
4068064 0.37523
4072954 0.375239
4077843 0.375344
4082733 0.375352
4087622 0.375458
4092512 0.375466
4097401 0.375571
4102291 0.375579
4107180 0.375684
4112070 0.375692
4116959 0.375797
4121849 0.375804
4126738 0.375909
4131628 0.375917
4136517 0.376022
4141407 0.376029
4146296 0.376134
4151186 0.376141
4156075 0.376245
4160965 0.376253
4165854 0.376357
4170744 0.376364
4175633 0.376468
4180523 0.376475
4185412 0.37658
4190302 0.376586
4195191 0.37669
4200081 0.376697
4204970 0.376801
4209860 0.376808
4214749 0.376912
4219639 0.376918
4224528 0.377022
4229418 0.377028
4234307 0.377132
4239197 0.377138
4244086 0.377241
4248976 0.377248
4253865 0.377351
4258755 0.377357
4263644 0.37746
4268534 0.377466
4273423 0.377569
4278313 0.377575
4283202 0.377678
4288092 0.377684
4292981 0.377787
4297871 0.377793
4302760 0.377895
4307650 0.377901
4312539 0.378003
4317429 0.378009
4322318 0.378111
4327208 0.378117
4332097 0.378219
4336987 0.378225
4341876 0.378327
4346766 0.378332
4351655 0.378434
4356545 0.378439
4361434 0.378541
4366324 0.378546
4371213 0.378648
4376103 0.378653
4380992 0.378755
4385882 0.37876
4390771 0.378861
4395661 0.378866
4400550 0.378968
4405440 0.378973
4410329 0.379074
4415219 0.379079
4420108 0.37918
4424998 0.379184
4429887 0.379285
4434777 0.37929
4439666 0.379391
4444556 0.379395
4449445 0.379496
4454335 0.3795
4459224 0.379601
4464114 0.379605
4469003 0.379706
4473893 0.37971
4478782 0.379811
4483672 0.379815
4488561 0.379915
4493451 0.379919
4498340 0.380019
4503230 0.380023
4508119 0.380124
4513009 0.380127
4517898 0.380227
4522788 0.380231
4527677 0.380331
4532567 0.380335
4537456 0.380435
4542346 0.380438
4547235 0.380538
4552125 0.380541
4557014 0.380641
4561904 0.380644
4566793 0.380744
4571683 0.380747
4576572 0.380847
4581462 0.38085
4586351 0.380949
4591241 0.380952
4596130 0.381051
4601020 0.381054
4605909 0.381154
4610799 0.381157
4615688 0.381255
4620578 0.381258
4625467 0.381357
4630357 0.38136
4635246 0.381459
4640136 0.381462
4645025 0.38156
4649915 0.381563
4654804 0.381661
4659694 0.381664
4664583 0.381762
4669473 0.381765
4674362 0.381863
4679252 0.381866
4684141 0.381964
4689031 0.381966
4693920 0.382064
4698810 0.382067
4703699 0.382165
4708589 0.382167
4713478 0.382265
4718368 0.382267
4723257 0.382365
4728147 0.382367
4733036 0.382464
4737926 0.382466
4742815 0.382564
4747705 0.382566
4752594 0.382663
4757484 0.382665
4762373 0.382763
4767263 0.382764
4772152 0.382862
4777042 0.382863
4781931 0.382961
4786821 0.382962
4791710 0.383059
4796600 0.383061
4801489 0.383158
4806379 0.383159
4811268 0.383256
4816158 0.383258
4821047 0.383354
4825937 0.383356
4830826 0.383452
4835716 0.383454
4840605 0.38355
4845495 0.383551
4850384 0.383648
4855274 0.383649
4860163 0.383745
4865053 0.383746
4869942 0.383843
4874832 0.383844
4879721 0.38394
4884611 0.383941
4889500 0.384037
4894390 0.384038
4899279 0.384134
4904169 0.384134
4909058 0.38423
4913948 0.384231
4918837 0.384327
4923727 0.384327
4928616 0.384423
4933506 0.384424
4938395 0.384519
4943285 0.38452
4948174 0.384615
4953064 0.384616
4957953 0.384711
4962843 0.384711
4967732 0.384807
4972622 0.384807
4977511 0.384902
4982401 0.384903
4987290 0.384998
4992180 0.384998
4997069 0.385093
5001959 0.385093
5006848 0.385188
5011738 0.385188
5016627 0.385283
5021517 0.385283
5026406 0.385378
5031296 0.385377
5036185 0.385472
5041075 0.385472
5045964 0.385567
5050854 0.385566
5055743 0.385661
5060633 0.38566
5065522 0.385755
5070412 0.385754
5075301 0.385849
5080191 0.385848
5085080 0.385943
5089970 0.385942
5094859 0.386036
5099749 0.386036
5104638 0.38613
5109528 0.386129
5114417 0.386223
5119307 0.386222
5124196 0.386316
5129086 0.386315
5133975 0.386409
5138865 0.386408
5143754 0.386502
5148644 0.386501
5153533 0.386595
5158423 0.386594
5163312 0.386687
5168202 0.386686
5173091 0.38678
5177981 0.386778
5182870 0.386872
5187760 0.386871
5192649 0.386964
5197539 0.386963
5202428 0.387056
5207318 0.387054
5212207 0.387147
5217097 0.387146
5221986 0.387239
5226876 0.387238
5231765 0.387331
5236655 0.387329
5241544 0.387422
5246434 0.38742
5251323 0.387513
5256213 0.387511
5261102 0.387604
5265992 0.387602
5270881 0.387695
5275771 0.387693
5280660 0.387786
5285550 0.387784
5290439 0.387876
5295329 0.387874
5300218 0.387967
5305108 0.387965
5309997 0.388057
5314887 0.388055
5319776 0.388147
5324666 0.388145
5329555 0.388237
5334445 0.388235
5339334 0.388327
5344224 0.388325
5349113 0.388417
5354003 0.388414
5358892 0.388506
5363782 0.388504
5368671 0.388596
5373561 0.388593
5378450 0.388685
5383340 0.388682
5388229 0.388774
5393119 0.388771
5398008 0.388863
5402898 0.38886
5407787 0.388952
5412677 0.388949
5417566 0.389041
5422456 0.389038
5427345 0.389129
5432235 0.389126
5437124 0.389218
5442014 0.389215
5446903 0.389306
5451793 0.389303
5456682 0.389394
5461572 0.389391
5466461 0.389482
5471351 0.389479
5476240 0.38957
5481130 0.389567
5486019 0.389658
5490909 0.389655
5495798 0.389746
5500688 0.389742
5505577 0.389833
5510467 0.38983
5515356 0.38992
5520246 0.389917
5525135 0.390008
5530025 0.390004
5534914 0.390095
5539804 0.390092
5544693 0.390182
5549583 0.390178
5554472 0.390269
5559362 0.390265
5564251 0.390355
5569141 0.390352
5574030 0.390442
5578920 0.390438
5583809 0.390529
5588699 0.390525
5593588 0.390615
5598478 0.390611
5603367 0.390701
5608257 0.390697
5613146 0.390787
5618036 0.390783
5622925 0.390873
5627815 0.390869
5632704 0.390959
5637594 0.390955
5642483 0.391045
5647373 0.391041
5652262 0.39113
5657152 0.391126
5662041 0.391216
5666931 0.391212
5671820 0.391301
5676710 0.391297
5681599 0.391386
5686489 0.391382
5691378 0.391471
5696268 0.391467
5701157 0.391556
5706047 0.391552
5710936 0.391641
5715826 0.391637
5720715 0.391726
5725605 0.391722
5730494 0.391811
5735384 0.391806
5740273 0.391895
5745163 0.391891
5750052 0.391979
5754942 0.391975
5759831 0.392064
5764721 0.392059
5769610 0.392148
5774500 0.392143
5779389 0.392232
5784279 0.392227
5789168 0.392316
5794058 0.392311
5798947 0.392399
5803837 0.392395
5808726 0.392483
5813616 0.392478
5818505 0.392567
5823395 0.392562
5828284 0.39265
5833174 0.392645
5838063 0.392733
5842953 0.392728
5847842 0.392816
5852732 0.392812
5857621 0.3929
5862511 0.392895
5867400 0.392982
5872290 0.392977
5877179 0.393065
5882069 0.39306
5886958 0.393148
5891848 0.393143
5896737 0.393231
5901627 0.393225
5906516 0.393313
5911406 0.393308
5916295 0.393395
5921185 0.39339
5926074 0.393478
5930964 0.393472
5935853 0.39356
5940743 0.393554
5945632 0.393642
5950522 0.393636
5955411 0.393724
5960301 0.393718
5965190 0.393806
5970080 0.3938
5974969 0.393887
5979859 0.393882
5984748 0.393969
5989638 0.393963
5994527 0.39405
5999417 0.394045
6004306 0.394132
6009196 0.394126
6014085 0.394213
6018975 0.394207
6023864 0.394294
6028754 0.394288
6033643 0.394375
6038533 0.394369
6043422 0.394456
6048312 0.39445
6053201 0.394537
6058091 0.394531
6062980 0.394617
6067870 0.394611
6072759 0.394698
6077649 0.394692
6082538 0.394778
6087428 0.394772
6092317 0.394859
6097207 0.394853
6102096 0.394939
6106986 0.394933
6111875 0.395019
6116765 0.395013
6121654 0.395099
6126544 0.395093
6131433 0.395179
6136323 0.395173
6141212 0.395259
6146102 0.395253
6150991 0.395339
6155881 0.395332
6160770 0.395418
6165660 0.395412
6170549 0.395498
6175439 0.395491
6180328 0.395577
6185218 0.395571
6190107 0.395656
6194997 0.39565
6199886 0.395736
6204776 0.395729
6209665 0.395815
6214555 0.395808
6219444 0.395894
6224334 0.395887
6229223 0.395973
6234113 0.395966
6239002 0.396051
6243892 0.396045
6248781 0.39613
6253671 0.396123
6258560 0.396209
6263450 0.396202
6268339 0.396287
6273229 0.39628
6278118 0.396365
6283008 0.396359
6287897 0.396444
6292787 0.396437
6297676 0.396522
6302566 0.396515
6307455 0.3966
6312345 0.396593
6317234 0.396678
6322124 0.396671
6327013 0.396756
6331903 0.396749
6336792 0.396834
6341682 0.396826
6346571 0.396911
6351461 0.396904
6356350 0.396989
6361240 0.396982
6366129 0.397066
6371019 0.397059
6375908 0.397144
6380798 0.397136
6385687 0.397221
6390577 0.397214
6395466 0.397298
6400356 0.397291
6405245 0.397375
6410135 0.397368
6415024 0.397452
6419914 0.397445
6424803 0.397529
6429693 0.397522
6434582 0.397606
6439472 0.397598
6444361 0.397683
6449251 0.397675
6454140 0.397759
6459030 0.397752
6463919 0.397836
6468809 0.397828
6473698 0.397912
6478588 0.397905
6483477 0.397989
6488367 0.397981
6493256 0.398065
6498146 0.398057
6503035 0.398141
6507925 0.398133
6512814 0.398217
6517704 0.398209
6522593 0.398293
6527483 0.398285
6532372 0.398369
6537262 0.398361
6542151 0.398445
6547041 0.398437
6551930 0.39852
6556820 0.398512
6561709 0.398596
6566599 0.398588
6571488 0.398671
6576378 0.398663
6581267 0.398747
6586157 0.398739
6591046 0.398822
6595936 0.398814
6600825 0.398897
6605715 0.398889
6610604 0.398973
6615494 0.398964
6620383 0.399048
6625273 0.399039
6630162 0.399123
6635052 0.399114
6639941 0.399197
6644831 0.399189
6649720 0.399272
6654610 0.399264
6659499 0.399347
6664389 0.399339
6669278 0.399422
6674168 0.399413
6679057 0.399496
6683947 0.399488
6688836 0.399571
6693726 0.399562
6698615 0.399645
6703505 0.399636
6708394 0.399719
6713284 0.399711
6718173 0.399793
6723063 0.399785
6727952 0.399868
6732842 0.399859
6737731 0.399942
6742621 0.399933
6747510 0.400015
6752400 0.400007
6757289 0.400089
6762179 0.400081
6767068 0.400163
6771958 0.400154
6776847 0.400237
6781737 0.400228
6786626 0.40031
6791516 0.400302
6796405 0.400384
6801295 0.400375
6806184 0.400457
6811074 0.400448
6815963 0.400531
6820853 0.400522
6825742 0.400604
6830632 0.400595
6835521 0.400677
6840411 0.400668
6845300 0.40075
6850190 0.400741
6855079 0.400823
6859969 0.400814
6864858 0.400896
6869748 0.400887
6874637 0.400969
6879527 0.40096
6884416 0.401042
6889306 0.401032
6894195 0.401114
6899085 0.401105
6903974 0.401187
6908864 0.401178
6913753 0.401259
6918643 0.40125
6923532 0.401332
6928422 0.401323
6933311 0.401404
6938201 0.401395
6943090 0.401476
6947980 0.401467
6952869 0.401549
6957759 0.401539
6962648 0.401621
6967538 0.401611
6972427 0.401693
6977317 0.401683
6982206 0.401765
6987096 0.401755
6991985 0.401837
6996875 0.401827
7001764 0.401908
7006654 0.401899
7011543 0.40198
7016433 0.40197
7021322 0.402052
7026212 0.402042
7031101 0.402123
7035991 0.402114
7040880 0.402195
7045770 0.402185
7050659 0.402266
7055549 0.402256
7060438 0.402337
7065328 0.402328
7070217 0.402409
7075107 0.402399
7079996 0.40248
7084886 0.40247
7089775 0.402551
7094665 0.402541
7099554 0.402622
7104444 0.402612
7109333 0.402693
7114223 0.402683
7119112 0.402764
7124002 0.402754
7128891 0.402834
7133781 0.402825
7138670 0.402905
7143560 0.402895
7148449 0.402976
7153339 0.402966
7158228 0.403046
7163118 0.403036
7168007 0.403117
7172897 0.403107
7177786 0.403187
7182676 0.403177
7187565 0.403258
7192455 0.403247
7197344 0.403328
7202234 0.403318
7207123 0.403398
7212013 0.403388
7216902 0.403468
7221792 0.403458
7226681 0.403538
7231571 0.403528
7236460 0.403608
7241350 0.403598
7246239 0.403678
7251129 0.403668
7256018 0.403748
7260908 0.403737
7265797 0.403818
7270687 0.403807
7275576 0.403887
7280466 0.403877
7285355 0.403957
7290245 0.403946
7295134 0.404026
7300024 0.404016
7304913 0.404096
7309803 0.404085
7314692 0.404165
7319582 0.404155
7324471 0.404234
7329361 0.404224
7334250 0.404304
7339140 0.404293
7344029 0.404373
7348919 0.404362
7353808 0.404442
7358698 0.404431
7363587 0.404511
7368477 0.4045
7373366 0.40458
7378256 0.404569
7383145 0.404649
7388035 0.404638
7392924 0.404718
7397814 0.404707
7402703 0.404786
7407593 0.404776
7412482 0.404855
7417372 0.404844
7422261 0.404924
7427151 0.404913
7432040 0.404992
7436930 0.404981
7441819 0.405061
7446709 0.40505
7451598 0.405129
7456488 0.405118
7461377 0.405197
7466267 0.405187
7471156 0.405266
7476046 0.405255
7480935 0.405334
7485825 0.405323
7490714 0.405402
7495604 0.405391
7500493 0.40547
7505383 0.405459
7510272 0.405538
7515162 0.405527
7520051 0.405606
7524941 0.405595
7529830 0.405674
7534720 0.405663
7539609 0.405742
7544499 0.405731
7549388 0.405809
7554278 0.405798
7559167 0.405877
7564057 0.405866
7568946 0.405945
7573836 0.405934
7578725 0.406012
7583615 0.406001
7588504 0.40608
7593394 0.406068
7598283 0.406147
7603173 0.406136
7608062 0.406215
7612952 0.406203
7617841 0.406282
7622731 0.40627
7627620 0.406349
7632510 0.406338
7637399 0.406416
7642289 0.406405
7647178 0.406483
7652068 0.406472
7656957 0.40655
7661847 0.406539
7666736 0.406617
7671626 0.406606
7676515 0.406684
7681405 0.406673
7686294 0.406751
7691184 0.406739
7696073 0.406818
7700963 0.406806
7705852 0.406884
7710742 0.406873
7715631 0.406951
7720521 0.406939
7725410 0.407018
7730300 0.407006
7735189 0.407084
7740079 0.407073
7744968 0.407151
7749858 0.407139
7754747 0.407217
7759637 0.407205
7764526 0.407283
7769416 0.407272
7774305 0.40735
7779195 0.407338
7784084 0.407416
7788974 0.407404
7793863 0.407482
7798753 0.40747
7803642 0.407548
7808532 0.407536
7813421 0.407614
7818311 0.407602
7823200 0.40768
7828090 0.407668
7832979 0.407746
7837869 0.407734
7842758 0.407812
7847648 0.4078
7852537 0.407878
7857427 0.407866
7862316 0.407943
7867206 0.407931
7872095 0.408009
7876985 0.407997
7881874 0.408075
7886764 0.408063
7891653 0.40814
7896543 0.408128
7901432 0.408206
7906322 0.408194
7911211 0.408271
7916101 0.408259
7920990 0.408337
7925880 0.408324
7930769 0.408402
7935659 0.40839
7940548 0.408467
7945438 0.408455
7950327 0.408532
7955217 0.40852
7960106 0.408597
7964996 0.408585
7969885 0.408662
7974775 0.40865
7979664 0.408728
7984554 0.408715
7989443 0.408792
7994333 0.40878
7999222 0.408857
8004112 0.408845
8009001 0.408922
8013891 0.40891
8018780 0.408987
8023670 0.408975
8028559 0.409052
8033449 0.409039
8038338 0.409116
8043228 0.409104
8048117 0.409181
8053007 0.409169
8057896 0.409246
8062786 0.409233
8067675 0.40931
8072565 0.409298
8077454 0.409375
8082344 0.409362
8087233 0.409439
8092123 0.409427
8097012 0.409503
8101902 0.409491
8106791 0.409568
8111681 0.409555
8116570 0.409632
8121460 0.409619
8126349 0.409696
8131239 0.409684
8136128 0.40976
8141018 0.409748
8145907 0.409824
8150797 0.409812
8155686 0.409888
8160576 0.409876
8165465 0.409952
8170355 0.40994
8175244 0.410016
8180134 0.410004
8185023 0.41008
8189913 0.410067
8194802 0.410144
8199692 0.410131
8204581 0.410208
8209471 0.410195
8214360 0.410271
8219250 0.410259
8224139 0.410335
8229029 0.410322
8233918 0.410399
8238808 0.410386
8243697 0.410462
8248587 0.410449
8253476 0.410526
8258366 0.410513
8263255 0.410589
8268145 0.410576
8273034 0.410652
8277924 0.41064
8282813 0.410716
8287703 0.410703
8292592 0.410779
8297482 0.410766
8302371 0.410842
8307261 0.410829
8312150 0.410905
8317040 0.410893
8321929 0.410969
8326819 0.410956
8331708 0.411032
8336598 0.411019
8341487 0.411095
8346377 0.411082
8351266 0.411158
8356156 0.411145
8361045 0.411221
8365935 0.411208
8370824 0.411283
8375714 0.41127
8380603 0.411346
8385493 0.411333
8390382 0.411409
8395272 0.411396
8400161 0.411472
8405051 0.411459
8409940 0.411534
8414830 0.411521
8419719 0.411597
8424609 0.411584
8429498 0.41166
8434388 0.411646
8439277 0.411722
8444167 0.411709
8449056 0.411785
8453946 0.411771
8458835 0.411847
8463725 0.411834
8468614 0.411909
8473504 0.411896
8478393 0.411972
8483283 0.411959
8488172 0.412034
8493062 0.412021
8497951 0.412096
8502841 0.412083
8507730 0.412158
8512620 0.412145
8517509 0.412221
8522399 0.412207
8527288 0.412283
8532178 0.412269
8537067 0.412345
8541957 0.412331
8546846 0.412407
8551736 0.412393
8556625 0.412469
8561515 0.412455
8566404 0.412531
8571294 0.412517
8576183 0.412592
8581073 0.412579
8585962 0.412654
8590852 0.412641
8595741 0.412716
8600631 0.412703
8605520 0.412778
8610410 0.412764
8615299 0.412839
8620189 0.412826
8625078 0.412901
8629968 0.412887
8634857 0.412962
8639747 0.412949
8644636 0.413024
8649526 0.413011
8654415 0.413085
8659305 0.413072
8664194 0.413147
8669084 0.413133
8673973 0.413208
8678863 0.413195
8683752 0.41327
8688642 0.413256
8693531 0.413331
8698421 0.413317
8703310 0.413392
8708200 0.413379
8713089 0.413453
8717979 0.41344
8722868 0.413515
8727758 0.413501
8732647 0.413576
8737537 0.413562
8742426 0.413637
8747316 0.413623
8752205 0.413698
8757095 0.413684
8761984 0.413759
8766874 0.413745
8771763 0.41382
8776653 0.413806
8781542 0.413881
8786432 0.413867
8791321 0.413941
8796211 0.413928
8801100 0.414002
8805990 0.413988
8810879 0.414063
8815769 0.414049
8820658 0.414124
8825548 0.41411
8830437 0.414184
8835327 0.414171
8840216 0.414245
8845106 0.414231
8849995 0.414306
8854885 0.414292
8859774 0.414366
8864664 0.414352
8869553 0.414427
8874443 0.414413
8879332 0.414487
8884222 0.414473
8889111 0.414548
8894001 0.414534
8898890 0.414608
8903780 0.414594
8908669 0.414668
8913559 0.414654
8918448 0.414729
8923338 0.414715
8928227 0.414789
8933117 0.414775
8938006 0.414849
8942896 0.414835
8947785 0.414909
8952675 0.414895
8957564 0.414969
8962454 0.414955
8967343 0.415029
8972233 0.415015
8977122 0.415089
8982012 0.415075
8986901 0.415149
8991791 0.415135
8996680 0.415209
9001570 0.415195
9006459 0.415269
9011349 0.415255
9016238 0.415329
9021128 0.415315
9026017 0.415389
9030907 0.415375
9035796 0.415449
9040686 0.415435
9045575 0.415509
9050465 0.415494
9055354 0.415568
9060244 0.415554
9065133 0.415628
9070023 0.415614
9074912 0.415688
9079802 0.415673
9084691 0.415747
9089581 0.415733
9094470 0.415807
9099360 0.415793
9104249 0.415866
9109139 0.415852
9114028 0.415926
9118918 0.415911
9123807 0.415985
9128697 0.415971
9133586 0.416045
9138476 0.41603
9143365 0.416104
9148255 0.41609
9153144 0.416163
9158034 0.416149
9162923 0.416222
9167813 0.416208
9172702 0.416282
9177592 0.416267
9182481 0.416341
9187371 0.416327
9192260 0.4164
9197150 0.416386
9202039 0.416459
9206929 0.416445
9211818 0.416518
9216708 0.416504
9221597 0.416577
9226487 0.416563
9231376 0.416636
9236266 0.416622
9241155 0.416695
9246045 0.416681
9250934 0.416754
9255824 0.41674
9260713 0.416813
9265603 0.416799
9270492 0.416872
9275382 0.416858
9280271 0.416931
9285161 0.416916
9290050 0.41699
9294940 0.416975
9299829 0.417048
9304719 0.417034
9309608 0.417107
9314498 0.417093
9319387 0.417166
9324277 0.417151
9329166 0.417224
9334056 0.41721
9338945 0.417283
9343835 0.417268
9348724 0.417341
9353614 0.417327
9358503 0.4174
9363393 0.417385
9368282 0.417458
9373172 0.417444
9378061 0.417517
9382951 0.417502
9387840 0.417575
9392730 0.417561
9397619 0.417634
9402509 0.417619
9407398 0.417692
9412288 0.417677
9417177 0.41775
9422067 0.417736
9426956 0.417809
9431846 0.417794
9436735 0.417867
9441625 0.417852
9446514 0.417925
9451404 0.41791
9456293 0.417983
9461183 0.417969
9466072 0.418041
9470962 0.418027
9475851 0.418099
9480741 0.418085
9485630 0.418158
9490520 0.418143
9495409 0.418216
9500299 0.418201
9505188 0.418274
9510078 0.418259
9514967 0.418331
9519857 0.418317
9524746 0.418389
9529636 0.418375
9534525 0.418447
9539415 0.418433
9544304 0.418505
9549194 0.41849
9554083 0.418563
9558973 0.418548
9563862 0.418621
9568752 0.418606
9573641 0.418678
9578531 0.418664
9583420 0.418736
9588310 0.418721
9593199 0.418794
9598089 0.418779
9602978 0.418851
9607868 0.418837
9612757 0.418909
9617647 0.418894
9622536 0.418967
9627426 0.418952
9632315 0.419024
9637205 0.419009
9642094 0.419082
9646984 0.419067
9651873 0.419139
9656763 0.419124
9661652 0.419197
9666542 0.419182
9671431 0.419254
9676321 0.419239
9681210 0.419311
9686100 0.419296
9690989 0.419369
9695879 0.419354
9700768 0.419426
9705658 0.419411
9710547 0.419483
9715437 0.419468
9720326 0.419541
9725216 0.419526
9730105 0.419598
9734995 0.419583
9739884 0.419655
9744774 0.41964
9749663 0.419712
9754553 0.419697
9759442 0.419769
9764332 0.419754
9769221 0.419826
9774111 0.419811
9779000 0.419883
9783890 0.419868
9788779 0.41994
9793669 0.419925
9798558 0.419997
9803448 0.419982
9808337 0.420054
9813227 0.420039
9818116 0.420111
9823006 0.420096
9827895 0.420168
9832785 0.420153
9837674 0.420225
9842564 0.42021
9847453 0.420282
9852343 0.420267
9857232 0.420339
9862122 0.420323
9867011 0.420395
9871901 0.42038
9876790 0.420452
9881680 0.420437
9886569 0.420509
9891459 0.420494
9896348 0.420565
9901238 0.42055
9906127 0.420622
9911017 0.420607
9915906 0.420679
9920796 0.420663
9925685 0.420735
9930575 0.42072
9935464 0.420792
9940354 0.420777
9945243 0.420848
9950133 0.420833
9955022 0.420905
9959912 0.42089
9964801 0.420961
9969691 0.420946
9974580 0.421018
9979470 0.421002
9984359 0.421074
9989249 0.421059
9994138 0.42113
9999028 0.421115
0 0
0 0
0 0
0 0
0 0
0 0
0 0
0 0
0 0
0 0
0 0
0 0
0 0
0 0
0 0
0 0
0 0
0 0
0 0
0 0
0 0
0 0
0 0
0 0
0 0
0 0
0 0
0 0
0 0
0 0
0 0
0 0
0 0
0 0
0 0
0 0
0 0
0 0
0 0
0 0
0 0
0 0
0 0
0 0
0 0
0 0
0 0
0 0
0 0
0 0
0 0
0 0
0 0
0 0
0 0
0 0
0 0
0 0
0 0
0 0
0 0
0 0
0 0
0 0
0 0
0 0
0 0
0 0
0 0
0 0
0 0
0 0
0 0
0 0
0 0
0 0
0 0
0 0
0 0
0 0
0 0
0 0
0 0
0 0
0 0
0 0
0 0
0 0
0 0
0 0
0 0
0 0
0 0
0 0
0 0
0 0
0 0
0 0
0 0
0 0
0 0
0 0
0 0
0 0
0 0
0 0
0 0
0 0
0 0
0 0
0 0
0 0
0 0
0 0
0 0
0 0
0 0
0 0
0 0
0 0
0 0
0 0
0 0
0 0
0 0
0 0
0 0
0 0
0 0
0 0
0 0
0 0
0 0
0 0
0 0
0 0
0 0
0 0
0 0
0 0
0 0
0 0
0 0
0 0
0 0
0 0
0 0
0 0
0 0
0 0
0 0
0 0
0 0
0 0
0 0
0 0
0 0
0 0
0 0
0 0
0 0
0 0
0 0
0 0
0 0
0 0
0 0
0 0
0 0
0 0
0 0
0 0
0 0
0 0
0 0
0 0
0 0
0 0
0 0
0 0
0 0
0 0
0 0
0 0
0 0
0 0
0 0
0 0
0 0
0 0
0 0
0 0
0 0
0 0
0 0
0 0
0 0
0 0
0 0
0 0
0 0
0 0
0 0
0 0
0 0
0 0
0 0
0 0
0 0
0 0
0 0
0 0
0 0
0 0
0 0
0 0
0 0
0 0
0 0
0 0
0 0
0 0
0 0
0 0
0 0
0 0
0 0
0 0
0 0
0 0
0 0
0 0
0 0
0 0
0 0
0 0
0 0
0 0
0 0
0 0
0 0
0 0
0 0
0 0
0 0
0 0
0 0
0 0
0 0
0 0
0 0
0 0
0 0
0 0
0 0
0 0
0 0
0 0
0 0
0 0
0 0
0 0
0 0
0 0
0 0
0 0
0 0
0 0
0 0
0 0
0 0
0 0
0 0
0 0
0 0
0 0
0 0
0 0
0 0
0 0
0 0
0 0
0 0
0 0
0 0
0 0
0 0
0 0
0 0
0 0
0 0
0 0
0 0
0 0
0 0
0 0
0 0
0 0
0 0
0 0
0 0
0 0
0 0
0 0
0 0
0 0
0 0
0 0
0 0
0 0
0 0
0 0
0 0
0 0
0 0
0 0
0 0
0 0
0 0
0 0
0 0
0 0
0 0
0 0
0 0
0 0
0 0
0 0
0 0
0 0
0 0
0 0
0 0
0 0
0 0
0 0
0 0
0 0
0 0
0 0
0 0
0 0
0 0
0 0
0 0
0 0
0 0
0 0
0 0
0 0
0 0
0 0
0 0
0 0
0 0
0 0
0 0
0 0
0 0
0 0
0 0
0 0
0 0
0 0
0 0
0 0
0 0
0 0
0 0
0 0
0 0
0 0
0 0
0 0
0 0
0 0
0 0
0 0
0 0
0 0
0 0
0 0
0 0
0 0
0 0
0 0
0 0
0 0
0 0
0 0
0 0
0 0
0 0
0 0
0 0
0 0
0 0
0 0
0 0
0 0
0 0
0 0
0 0
0 0
0 0
0 0
0 0
0 0
0 0
0 0
0 0
0 0
0 0
0 0
0 0
0 0
0 0
0 0
0 0
0 0
0 0
0 0
0 0
0 0
0 0
0 0
0 0
0 0
0 0
0 0
0 0
0 0
0 0
0 0
0 0
0 0
0 0
0 0
0 0
0 0
0 0
0 0
0 0
0 0
0 0
0 0
0 0
0 0
0 0
0 0
0 0
0 0
0 0
0 0
0 0
0 0
0 0
0 0
0 0
0 0
0 0
0 0
0 0
0 0
0 0
0 0
0 0
0 0
0 0
0 0
0 0
0 0
0 0
0 0
0 0
0 0
0 0
0 0
0 0
0 0
0 0
0 0
0 0
0 0
0 0
0 0
0 0
0 0
0 0
0 0
0 0
0 0
0 0
0 0
0 0
0 0
0 0
0 0
0 0
0 0
0 0
0 0
0 0
0 0
0 0
0 0
0 0
0 0
0 0
0 0
0 0
0 0
0 0
0 0
0 0
0 0
0 0
0 0
0 0
0 0
0 0
0 0
0 0
0 0
0 0
0 0
0 0
0 0
0 0
0 0
0 0
0 0
0 0
0 0
0 0
0 0
0 0
0 0
0 0
0 0
0 0
0 0
0 0
0 0
0 0
0 0
0 0
0 0
0 0
0 0
0 0
0 0
0 0
0 0
0 0
0 0
0 0
0 0
0 0
0 0
0 0
0 0
0 0
0 0
0 0
0 0
0 0
0 0
0 0
0 0
0 0
0 0
0 0
0 0
0 0
0 0
0 0
0 0
0 0
0 0
0 0
0 0
0 0
0 0
0 0
0 0
0 0
0 0
0 0
0 0
0 0
0 0
0 0
0 0
0 0
0 0
0 0
0 0
0 0
0 0
0 0
0 0
0 0
0 0
0 0
0 0
0 0
0 0
0 0
0 0
0 0
0 0
0 0
0 0
0 0
0 0
0 0
0 0
0 0
0 0
0 0
0 0
0 0
0 0
0 0
0 0
0 0
0 0
0 0
0 0
0 0
0 0
0 0
0 0
0 0
0 0
0 0
0 0
0 0
0 0
0 0
0 0
0 0
0 0
0 0
0 0
0 0
0 0
0 0
0 0
0 0
0 0
0 0
0 0
0 0
0 0
0 0
0 0
0 0
0 0
0 0
0 0
0 0
0 0
0 0
0 0
0 0
0 0
0 0
0 0
0 0
0 0
0 0
0 0
0 0
0 0
0 0
0 0
0 0
0 0
0 0
0 0
0 0
0 0
0 0
0 0
0 0
0 0
0 0
0 0
0 0
0 0
0 0
0 0
0 0
0 0
0 0
0 0
0 0
0 0
0 0
0 0
0 0
0 0
0 0
0 0
0 0
0 0
0 0
0 0
0 0
0 0
0 0
0 0
0 0
0 0
0 0
0 0
0 0
0 0
0 0
0 0
0 0
0 0
0 0
0 0
0 0
0 0
0 0
0 0
0 0
0 0
0 0
0 0
0 0
0 0
0 0
0 0
0 0
0 0
0 0
0 0
0 0
0 0
0 0
0 0
0 0
0 0
0 0
0 0
0 0
0 0
0 0
0 0
0 0
0 0
0 0
0 0
0 0
0 0
0 0
0 0
0 0
0 0
0 0
0 0
0 0
0 0
0 0
0 0
0 0
0 0
0 0
0 0
0 0
0 0
0 0
0 0
0 0
0 0
0 0
0 0
0 0
0 0
0 0
0 0
0 0
0 0
0 0
0 0
0 0
0 0
0 0
0 0
0 0
0 0
0 0
0 0
0 0
0 0
0 0
0 0
0 0
0 0
0 0
0 0
0 0
0 0
0 0
0 0
0 0
0 0
0 0
0 0
0 0
0 0
0 0
0 0
0 0
0 0
0 0
0 0
0 0
0 0
0 0
0 0
0 0
0 0
0 0
0 0
0 0
0 0
0 0
0 0
0 0
0 0
0 0
0 0
0 0
0 0
0 0
0 0
0 0
0 0
0 0
0 0
0 0
0 0
0 0
0 0
0 0
0 0
0 0
0 0
0 0
0 0
0 0
0 0
0 0
0 0
0 0
0 0
0 0
0 0
0 0
0 0
0 0
0 0
0 0
0 0
0 0
0 0
0 0
0 0
0 0
0 0
0 0
0 0
0 0
0 0
0 0
0 0
0 0
0 0
0 0
0 0
0 0
0 0
0 0
0 0
0 0
0 0
0 0
0 0
0 0
0 0
0 0
0 0
0 0
0 0
0 0
0 0
0 0
0 0
0 0
0 0
0 0
0 0
0 0
0 0
0 0
0 0
0 0
0 0
0 0
0 0
0 0
0 0
0 0
0 0
0 0
0 0
0 0
0 0
0 0
0 0
0 0
0 0
0 0
0 0
0 0
0 0
0 0
0 0
0 0
0 0
0 0
0 0
0 0
0 0
0 0
0 0
0 0
0 0
0 0
0 0
0 0
0 0
0 0
0 0
0 0
0 0
0 0
0 0
0 0
0 0
0 0
0 0
0 0
0 0
0 0
0 0
0 0
0 0
0 0
0 0
0 0
0 0
0 0
0 0
0 0
0 0
0 0
0 0
0 0
0 0
0 0
0 0
0 0
0 0
0 0
0 0
0 0
0 0
0 0
0 0
0 0
0 0
0 0
0 0
0 0
0 0
0 0
0 0
0 0
0 0
0 0
0 0
0 0
0 0
0 0
0 0
0 0
0 0
0 0
0 0
0 0
0 0
0 0
0 0
0 0
0 0
0 0
0 0
0 0
0 0
0 0
0 0
0 0
0 0
0 0
0 0
0 0
0 0
0 0
0 0
0 0
0 0
0 0
0 0
0 0
0 0
0 0
0 0
0 0
0 0
0 0
0 0
0 0
0 0
0 0
0 0
0 0
0 0
0 0
0 0
0 0
0 0
0 0
0 0
0 0
0 0
0 0
0 0
0 0
0 0
0 0
0 0
0 0
0 0
0 0
0 0
0 0
0 0
0 0
0 0
0 0
0 0
0 0
0 0
0 0
0 0
0 0
0 0
0 0
0 0
0 0
0 0
0 0
0 0
0 0
0 0
0 0
0 0
0 0
0 0
0 0
0 0
0 0
0 0
0 0
0 0
0 0
0 0
0 0
0 0
0 0
0 0
0 0
0 0
0 0
0 0
0 0
0 0
0 0
0 0
0 0
0 0
0 0
0 0
0 0
0 0
0 0
0 0
0 0
0 0
0 0
0 0
0 0
0 0
0 0
0 0
0 0
0 0
0 0
0 0
0 0
0 0
0 0
0 0
0 0
0 0
0 0
0 0
0 0
0 0
0 0
0 0
0 0
0 0
0 0
0 0
0 0
0 0
0 0
0 0
0 0
0 0
0 0
0 0
0 0
0 0
0 0
0 0
0 0
0 0
0 0
0 0
0 0
0 0
0 0
0 0
0 0
0 0
0 0
0 0
0 0
0 0
0 0
0 0
0 0
0 0
0 0
0 0
0 0
0 0
0 0
0 0
0 0
0 0
0 0
0 0
0 0
0 0
0 0
0 0
0 0
0 0
0 0
0 0
0 0
0 0
0 0
0 0
0 0
0 0
0 0
0 0
0 0
0 0
0 0
0 0
0 0
0 0
0 0
0 0
0 0
0 0
0 0
0 0
0 0
0 0
0 0
0 0
0 0
0 0
0 0
0 0
0 0
0 0
0 0
0 0
0 0
0 0
0 0
0 0
0 0
0 0
0 0
0 0
0 0
0 0
0 0
0 0
0 0
0 0
0 0
0 0
0 0
0 0
0 0
0 0
0 0
0 0
0 0
0 0
0 0
0 0
0 0
0 0
0 0
0 0
0 0
0 0
0 0
0 0
0 0
0 0
0 0
0 0
0 0
0 0
0 0
0 0
0 0
0 0
0 0
0 0
0 0
0 0
0 0
0 0
0 0
0 0
0 0
0 0
0 0
0 0
0 0
0 0
0 0
0 0
0 0
0 0
0 0
0 0
0 0
0 0
0 0
0 0
0 0
0 0
0 0
0 0
0 0
0 0
0 0
0 0
0 0
0 0
0 0
0 0
0 0
0 0
0 0
0 0
0 0
0 0
0 0
0 0
0 0
0 0
0 0
0 0
0 0
0 0
0 0
0 0
0 0
0 0
0 0
0 0
0 0
0 0
0 0
0 0
0 0
0 0
0 0
0 0
0 0
0 0
0 0
0 0
0 0
0 0
0 0
0 0
0 0
0 0
0 0
0 0
0 0
0 0
0 0
0 0
0 0
0 0
0 0
0 0
0 0
0 0
0 0
0 0
0 0
0 0
0 0
0 0
0 0
0 0
0 0
0 0
0 0
0 0
0 0
0 0
0 0
0 0
0 0
0 0
0 0
0 0
0 0
0 0
0 0
0 0
0 0
0 0
0 0
0 0
0 0
0 0
0 0
0 0
0 0
0 0
0 0
0 0
0 0
0 0
0 0
0 0
0 0
0 0
0 0
0 0
0 0
0 0
0 0
0 0
0 0
0 0
0 0
0 0
0 0
0 0
0 0
0 0
0 0
0 0
0 0
0 0
0 0
0 0
0 0
0 0
0 0
0 0
0 0
0 0
0 0
0 0
0 0
0 0
0 0
0 0
0 0
0 0
0 0
0 0
0 0
0 0
0 0
0 0
0 0
0 0
0 0
0 0
0 0
0 0
0 0
0 0
0 0
0 0
0 0
0 0
0 0
0 0
0 0
0 0
0 0
0 0
0 0
0 0
0 0
0 0
0 0
0 0
0 0
0 0
0 0
0 0
0 0
0 0
0 0
0 0
0 0
0 0
0 0
0 0
0 0
0 0
0 0
0 0
0 0
0 0
0 0
0 0
0 0
0 0
0 0
0 0
0 0
0 0
0 0
0 0
0 0
0 0
0 0
0 0
0 0
0 0
0 0
0 0
0 0
0 0
0 0
0 0
0 0
0 0
0 0
0 0
0 0
0 0
0 0
0 0
0 0
0 0
0 0
0 0
0 0
0 0
0 0
0 0
0 0
0 0
0 0
0 0
0 0
0 0
0 0
0 0
0 0
0 0
0 0
0 0
0 0
0 0
0 0
0 0
0 0
0 0
0 0
0 0
0 0
0 0
0 0
0 0
0 0
0 0
0 0
0 0
0 0
0 0
0 0
0 0
0 0
0 0
0 0
0 0
0 0
0 0
0 0
0 0
0 0
0 0
0 0
0 0
0 0
0 0
0 0
0 0
0 0
0 0
0 0
0 0
0 0
0 0
0 0
0 0
0 0
0 0
0 0
0 0
0 0
0 0
0 0
0 0
0 0
0 0
0 0
0 0
0 0
0 0
0 0
0 0
0 0
0 0
0 0
0 0
0 0
0 0
0 0
0 0
0 0
0 0
0 0
0 0
0 0
0 0
0 0
0 0
0 0
0 0
0 0
0 0
0 0
0 0
0 0
0 0
0 0
0 0
0 0
0 0
0 0
0 0
0 0
0 0
0 0
0 0
0 0
0 0
0 0
0 0
0 0
0 0
0 0
0 0
0 0
0 0
0 0
0 0
0 0
0 0
0 0
0 0
0 0
0 0
0 0
0 0
0 0
0 0
0 0
0 0
0 0
0 0
0 0
0 0
0 0
0 0
0 0
0 0
0 0
0 0
0 0
0 0
0 0
0 0
0 0
0 0
0 0
0 0
0 0
0 0
0 0
0 0
0 0
0 0
0 0
0 0
0 0
0 0
0 0
0 0
0 0
0 0
0 0
0 0
0 0
0 0
0 0
0 0
0 0
0 0
0 0
0 0
0 0
0 0
0 0
0 0
0 0
0 0
0 0
0 0
0 0
0 0
0 0
0 0
0 0
0 0
0 0
0 0
0 0
0 0
0 0
0 0
0 0
0 0
0 0
0 0
0 0
0 0
0 0
0 0
0 0
0 0
0 0
0 0
0 0
0 0
0 0
0 0
0 0
0 0
0 0
0 0
0 0
0 0
0 0
0 0
0 0
0 0
0 0
0 0
0 0
0 0
0 0
0 0
0 0
0 0
0 0
0 0
0 0
0 0
0 0
0 0
0 0
0 0
0 0
0 0
0 0
0 0
0 0
0 0
0 0
0 0
0 0
0 0
0 0
0 0
0 0
0 0
0 0
0 0
0 0
0 0
0 0
0 0
0 0
0 0
0 0
0 0
0 0
0 0
0 0
0 0
0 0
0 0
0 0
0 0
0 0
0 0
0 0
0 0
0 0
0 0
0 0
0 0
0 0
0 0
0 0
0 0
0 0
0 0
0 0
0 0
0 0
0 0
0 0
0 0
0 0
0 0
0 0
0 0
0 0
0 0
0 0
0 0
0 0
0 0
0 0
0 0
0 0
0 0
0 0
0 0
0 0
0 0
0 0
0 0
0 0
0 0
0 0
0 0
0 0
0 0
0 0
0 0
0 0
0 0
0 0
0 0
0 0
0 0
0 0
0 0
0 0
0 0
0 0
0 0
0 0
0 0
0 0
0 0
0 0
0 0
0 0
0 0
0 0
0 0
0 0
0 0
0 0
0 0
0 0
0 0
0 0
0 0
0 0
0 0
0 0
0 0
0 0
0 0
0 0
0 0
0 0
0 0
0 0
0 0
0 0
0 0
0 0
0 0
0 0
0 0
0 0
0 0
0 0
0 0
0 0
0 0
0 0
0 0
0 0
0 0
0 0
0 0
0 0
0 0
0 0
0 0
0 0
0 0
0 0
0 0
0 0
0 0
0 0
0 0
0 0
0 0
0 0
0 0
0 0
0 0
0 0
0 0
0 0
0 0
0 0
0 0
0 0
0 0
0 0
0 0
0 0
0 0
0 0
0 0
0 0
0 0
0 0
0 0
0 0
0 0
0 0
0 0
0 0
0 0
0 0
0 0
0 0
0 0
0 0
0 0
0 0
0 0
0 0
0 0
0 0
0 0
0 0
0 0
0 0
0 0
0 0
0 0
0 0
0 0
0 0
0 0
0 0
0 0
0 0
0 0
0 0
0 0
0 0
0 0
0 0
0 0
0 0
0 0
0 0
0 0
0 0
0 0
0 0
0 0
0 0
0 0
0 0
0 0
0 0
0 0
0 0
0 0
0 0
0 0
0 0
0 0
0 0
0 0
0 0
0 0
0 0
0 0
0 0
0 0
0 0
0 0
0 0
0 0
0 0
0 0
0 0
0 0
0 0
0 0
0 0
0 0
0 0
0 0
0 0
0 0
0 0
0 0
0 0
0 0
0 0
0 0
0 0
0 0
0 0
0 0
0 0
0 0
0 0
0 0
0 0
0 0
0 0
0 0
0 0
0 0
0 0
0 0
0 0
0 0
0 0
0 0
0 0
0 0
0 0
0 0
0 0
0 0
0 0
0 0
0 0
0 0
0 0
