4890 13.332 814.104 0.641189
9779 8.99066 487.234 0.520349
14669 6.97135 363.694 0.430879
19558 5.79549 297.605 0.378424
24448 5.00863 261.556 0.33371
29337 4.43726 236.141 0.301819
34227 4.00249 217.706 0.274665
39116 3.65854 203.099 0.252159
44006 3.37901 191.146 0.232292
48895 3.14684 180.923 0.21497
53785 2.95081 172.001 0.199743
58674 2.78317 164.162 0.187338
63564 2.63815 157.18 0.180139
68453 2.51138 150.903 0.1735
73343 2.39955 145.207 0.167422
78232 2.30007 140.03 0.16181
83122 2.2109 135.27 0.156627
88011 2.13045 130.915 0.151813
92901 2.05741 126.895 0.147353
97790 1.99079 123.198 0.143186
102680 1.92974 119.78 0.139278
107569 1.87358 116.616 0.135592
112459 1.82169 113.655 0.132112
117348 1.77362 110.912 0.128815
122238 1.7289 108.334 0.125688
127127 1.68722 105.934 0.122711
132017 1.64822 103.666 0.119898
136906 1.61168 101.548 0.117223
141796 1.57733 99.5371 0.114677
146685 1.54501 97.6568 0.112246
151575 1.51449 95.8611 0.109927
156464 1.48566 94.1747 0.107709
161354 1.45831 92.5537 0.105591
166243 1.43238 91.0251 0.103564
171133 1.4077 89.5451 0.101621
176022 1.38423 88.1464 0.0997555
180912 1.36183 86.7909 0.0979642
185801 1.34047 85.5084 0.0962407
190691 1.32003 84.2646 0.0945831
195580 1.3005 83.0851 0.0929823
200470 1.28175 81.9365 0.0914384
205359 1.26381 80.8496 0.0899445
210249 1.24655 79.7874 0.0885001
215138 1.23001 78.7802 0.0871017
220028 1.21406 77.7948 0.0857473
224917 1.19875 76.861 0.0844331
229807 1.18396 75.9459 0.0831575
234696 1.16974 75.0772 0.0819186
239586 1.15597 74.2216 0.0807149
244475 1.14272 73.4101 0.0795448
249365 1.12988 72.613 0.0784052
254254 1.11751 71.8577 0.0772954
259144 1.10549 71.1117 0.0762124
264033 1.0939 70.4028 0.0751567
268923 1.08263 69.6988 0.0741259
273812 1.07175 69.0305 0.0731199
278702 1.06115 68.3685 0.072136
283591 1.05091 67.7411 0.0711755
288481 1.04092 67.1167 0.0702359
293370 1.03127 66.5242 0.0693186
298260 1.02184 65.9329 0.0684212
303149 1.01272 65.3719 0.0675453
308039 1.0038 64.8131 0.0666883
312928 0.995169 64.2845 0.065851
317818 0.986718 63.7575 0.0650326
322707 0.978536 63.2576 0.0642358
327597 0.970515 62.7577 0.0634567
332486 0.962747 62.2842 0.0626958
337376 0.955123 61.8092 0.0620258
342265 0.947737 61.3596 0.0615684
347155 0.94048 60.9081 0.0611164
352044 0.933449 60.4824 0.0606711
356934 0.926533 60.0524 0.060231
361823 0.91983 59.6455 0.0597972
366713 0.913231 59.2352 0.0593686
371602 0.906835 58.8473 0.0589461
376492 0.900531 58.4544 0.0585285
381381 0.894421 58.0837 0.0581169
386271 0.888393 57.7074 0.0577101
391160 0.882552 57.3539 0.0573089
396050 0.876782 56.9955 0.0569121
400939 0.871192 56.6596 0.0565206
405829 0.865665 56.3167 0.0561337
410718 0.86031 55.994 0.055752
415608 0.85501 55.664 0.0553746
420497 0.849877 55.3548 0.0550022
425387 0.844792 55.0379 0.0546343
430276 0.839868 54.7416 0.0542711
435166 0.834986 54.4371 0.0539121
440055 0.830259 54.1525 0.0535575
444945 0.825569 53.8606 0.053207
449834 0.82103 53.5898 0.0528608
454724 0.816521 53.3105 0.0525185
459613 0.81216 53.0501 0.0521802
464503 0.807823 52.7798 0.0518459
469392 0.80363 52.5279 0.0515155
474282 0.799455 52.2675 0.0511889
479171 0.79542 52.0268 0.0508662
484061 0.7914 51.7769 0.0505472
488950 0.787517 51.5456 0.0502319
493840 0.783643 51.3046 0.0499202
498729 0.779904 51.0818 0.049612
503619 0.77617 50.8491 0.0493075
508508 0.772567 50.6338 0.0490064
513398 0.768967 50.4078 0.0487088
518287 0.765495 50.1996 0.0484145
523177 0.762021 49.9816 0.0481237
528066 0.758673 49.7814 0.0478358
532956 0.755319 49.5705 0.0475514
537845 0.75209 49.3774 0.0472699
542735 0.748852 49.175 0.0469919
547624 0.745736 48.9899 0.0467167
552514 0.742609 48.7947 0.0464449
557403 0.739601 48.6166 0.046176
562293 0.736579 48.4273 0.0459103
567182 0.733676 48.2543 0.0456474
572072 0.730755 48.0701 0.0453876
576961 0.72795 47.9024 0.0451304
581851 0.725126 47.7238 0.0448763
586740 0.722417 47.5618 0.0446248
591630 0.719686 47.3887 0.0443763
596519 0.717069 47.2316 0.0441304
601409 0.714427 47.0636 0.0438875
606298 0.711897 46.9121 0.0436473
611188 0.70934 46.7497 0.0434101
616077 0.706895 46.6037 0.0431755
620967 0.70442 46.4463 0.0429437
625856 0.702055 46.3048 0.0427145
630746 0.699659 46.1521 0.0424881
635635 0.697372 46.0155 0.0422641
640525 0.695052 45.868 0.0420429
645414 0.692839 45.7364 0.041824
650304 0.690592 45.5935 0.0416077
655193 0.688451 45.4663 0.0413937
660083 0.686273 45.3276 0.0411821
664972 0.684201 45.2051 0.0409727
669862 0.682091 45.0705 0.0407657
674751 0.680085 44.9513 0.0405608
679641 0.678039 44.82 0.0403583
684530 0.676097 44.7039 0.0401578
689420 0.674113 44.576 0.0399595
694309 0.672233 44.4633 0.0397632
699199 0.670309 44.3391 0.0395692
704088 0.668488 44.2302 0.039377
708978 0.666623 44.11 0.039187
713867 0.664859 44.0046 0.0389987
718757 0.663049 43.8874 0.0388122
723646 0.661341 43.7849 0.0386276
728536 0.659584 43.6703 0.0384447
733425 0.657929 43.5708 0.0382636
738315 0.656225 43.4594 0.0380841
743204 0.654621 43.363 0.0379063
748094 0.652967 43.255 0.0377301
752983 0.651413 43.1621 0.0375556
757873 0.649807 43.0574 0.0373828
762762 0.648301 42.9675 0.0372115
767652 0.646742 42.865 0.0370419
772541 0.645282 42.7772 0.0368738
777431 0.643769 42.6771 0.0367073
782320 0.642354 42.5913 0.0365424
787210 0.640884 42.4934 0.0363791
792099 0.639513 42.4104 0.0362172
796989 0.638086 42.3152 0.0360569
801878 0.636757 42.2354 0.0358981
806768 0.63537 42.1428 0.0357407
811657 0.634082 42.0649 0.0355848
816547 0.632735 41.975 0.0354304
821436 0.631486 41.8998 0.0352775
826326 0.630177 41.8122 0.035126
831215 0.628966 41.7395 0.034976
836105 0.627694 41.6545 0.0348273
840994 0.62652 41.5841 0.03468
845884 0.625284 41.5013 0.034534
850773 0.624145 41.4332 0.0343893
855663 0.622944 41.3525 0.0342459
860552 0.621839 41.2865 0.0341036
865442 0.620672 41.2079 0.0339626
870331 0.619601 41.1438 0.0338229
875221 0.618466 41.0671 0.0336844
880110 0.617427 41.0046 0.0335472
885000 0.616324 40.9297 0.0334111
889889 0.615316 40.8692 0.0332762
894779 0.614244 40.7961 0.0331425
899668 0.613266 40.7375 0.0330099
904558 0.612224 40.6665 0.0328783
909447 0.611276 40.6099 0.0327479
914337 0.610262 40.5409 0.0326186
919226 0.609344 40.4861 0.0324906
924116 0.608358 40.4184 0.0323636
929005 0.607467 40.3651 0.0322378
933895 0.606508 40.2991 0.032113
938784 0.605644 40.2476 0.0319894
943674 0.604712 40.1833 0.0318668
948563 0.603874 40.1333 0.0317455
953453 0.602967 40.0704 0.0316253
958342 0.602154 40.0219 0.0315062
963232 0.601272 39.9606 0.0313882
968121 0.600484 39.9139 0.0312714
973011 0.599626 39.8546 0.0312296
977900 0.598862 39.8095 0.0312012
982790 0.598027 39.7515 0.0311738
987679 0.597286 39.708 0.0311454
992569 0.596474 39.6516 0.0311182
997458 0.595755 39.6094 0.0310902
1002348 0.594965 39.5545 0.0310635
1007237 0.594269 39.5141 0.031036
1012127 0.5935 39.4607 0.0310097
1017016 0.592825 39.4214 0.0309825
1021906 0.592077 39.369 0.0309565
1026795 0.591422 39.3309 0.0309296
1031685 0.590695 39.2799 0.0309038
1036574 0.59006 39.2429 0.030877
1041464 0.589352 39.193 0.0308512
1046353 0.588736 39.1572 0.0308246
1051243 0.588047 39.1083 0.0307991
1056132 0.58745 39.0735 0.0307727
1061022 0.586779 39.0258 0.0307474
1065911 0.586201 38.9921 0.0307213
1070801 0.585548 38.9452 0.0306963
1075690 0.584988 38.9125 0.0306703
1080580 0.584352 38.8666 0.0306455
1085469 0.583809 38.8348 0.0306197
1090359 0.58319 38.79 0.0305952
1095248 0.582663 38.7592 0.0305696
1100138 0.58206 38.7156 0.0305453
1105027 0.58155 38.6862 0.03052
1109917 0.580963 38.6438 0.0304959
1114806 0.580469 38.6153 0.0304707
1119696 0.579898 38.5738 0.0304468
1124585 0.579419 38.5463 0.030422
1129475 0.578862 38.5057 0.0303983
1134364 0.578398 38.4795 0.0303737
1139254 0.577856 38.4404 0.0303503
1144143 0.577407 38.4152 0.030326
1149033 0.576879 38.3767 0.030303
1153922 0.576443 38.3521 0.0302789
1158812 0.575929 38.3143 0.0302562
1163701 0.575507 38.2903 0.0302325
1168591 0.575007 38.2533 0.03021
1173480 0.574598 38.2303 0.0301865
1178370 0.57411 38.1944 0.0301642
1183259 0.573715 38.1724 0.030141
1188149 0.57324 38.1373 0.030119
1193038 0.572857 38.1162 0.0300961
1197928 0.572394 38.0818 0.0300744
1202817 0.572023 38.0613 0.0300517
1207707 0.571572 38.0275 0.0300303
1212596 0.571213 38.0076 0.0300079
1217486 0.570774 37.9745 0.0299867
1222375 0.570427 37.9553 0.0299645
1227265 0.569999 37.923 0.0299436
1232154 0.569664 37.9045 0.0299217
1237044 0.569247 37.8729 0.029901
1241933 0.568922 37.8551 0.0298792
1246823 0.568516 37.8243 0.0298588
1251712 0.568202 37.8072 0.0298373
1256602 0.567806 37.7769 0.029817
1261491 0.567503 37.7602 0.0297957
1266381 0.567117 37.7304 0.0297756
1271270 0.566824 37.7144 0.0297545
1276160 0.566448 37.6851 0.0297348
1281049 0.566165 37.6695 0.029714
1285939 0.565799 37.6408 0.0296944
1290828 0.565525 37.6258 0.0296739
1295718 0.565168 37.5976 0.0296546
1300607 0.564903 37.5832 0.0296342
1305497 0.564556 37.5557 0.0296152
1310386 0.5643 37.5419 0.0295952
1315276 0.563962 37.5149 0.0295764
1320165 0.563715 37.5016 0.0295566
1325055 0.563384 37.4751 0.0295381
1329944 0.563146 37.4624 0.0295186
1334834 0.562824 37.4365 0.0295003
1339723 0.562594 37.4242 0.029481
1344613 0.56228 37.3986 0.0294629
1349502 0.562058 37.3869 0.0294438
1354392 0.561752 37.3619 0.029426
1359281 0.561538 37.3506 0.0294071
1364171 0.56124 37.326 0.0293895
1369060 0.561033 37.3153 0.0293708
1373950 0.560742 37.2914 0.0293535
1378839 0.560543 37.2811 0.0293351
1383729 0.56026 37.2576 0.0293179
1388618 0.560068 37.2478 0.0292998
1393508 0.559792 37.2247 0.0292829
1398397 0.559607 37.2154 0.029265
1403287 0.559337 37.1927 0.0292484
1408176 0.559159 37.1838 0.0292307
1413066 0.558897 37.1616 0.0292143
1417955 0.558725 37.1533 0.0291969
1422845 0.558469 37.1316 0.0291807
1427734 0.558304 37.1236 0.0291636
1432624 0.558055 37.1023 0.0291477
1437513 0.557896 37.0948 0.0291308
1442403 0.557653 37.074 0.0291151
1447292 0.557501 37.0671 0.0290984
1452182 0.557263 37.0469 0.029083
1457071 0.557117 37.0403 0.0290666
1461961 0.556886 37.0203 0.0290514
1466850 0.556745 37.0141 0.0290352
1471740 0.55652 36.9946 0.0290203
1476629 0.556385 36.9888 0.0290043
1481519 0.556165 36.9696 0.0289896
1486408 0.556037 36.9641 0.0289738
1491298 0.555822 36.9452 0.0289592
1496187 0.555699 36.9402 0.0289436
1501077 0.555489 36.9219 0.0289293
1505966 0.555371 36.9173 0.0289139
1510856 0.555167 36.8995 0.0288997
1515745 0.555054 36.8954 0.0288846
1520635 0.554856 36.8779 0.0288706
1525524 0.554748 36.8739 0.0288556
1530414 0.554554 36.8566 0.0288419
1535303 0.554451 36.8529 0.0288271
1540193 0.554262 36.8359 0.0288136
1545082 0.554164 36.8326 0.028799
1549972 0.553979 36.816 0.0287857
1554861 0.553886 36.813 0.0287713
1559751 0.553706 36.7966 0.0287581
1564640 0.553617 36.7938 0.0287439
1569530 0.553441 36.7777 0.0287309
1574419 0.553357 36.7752 0.0287169
1579309 0.553186 36.7594 0.0287041
1584198 0.553105 36.7572 0.0286903
1589088 0.552938 36.7416 0.0286777
1593977 0.552862 36.7396 0.028664
1598867 0.5527 36.7242 0.0286516
1603756 0.552628 36.7224 0.0286382
1608646 0.552469 36.7073 0.028626
1613535 0.552401 36.7057 0.0286127
1618425 0.552246 36.6908 0.0286006
1623314 0.552182 36.6894 0.0285875
1628204 0.552031 36.6747 0.0285757
1633093 0.55197 36.6735 0.0285627
1637983 0.551823 36.6592 0.028551
1642872 0.551766 36.6587 0.0285383
1647762 0.551622 36.6448 0.0285268
1652651 0.551569 36.6445 0.0285142
1657541 0.551429 36.6308 0.0285029
1662430 0.551379 36.6308 0.0284905
1667320 0.551243 36.6174 0.0284793
1672209 0.551196 36.6176 0.0284671
1677099 0.551063 36.6044 0.0284562
1681988 0.55102 36.6047 0.0284441
1686878 0.55089 36.5917 0.0284334
1691767 0.55085 36.5923 0.0284224
1696657 0.550723 36.5796 0.0284454
1701546 0.550687 36.5804 0.0284681
1706436 0.550563 36.5678 0.0284909
1711325 0.550529 36.5688 0.0285134
1716215 0.550408 36.5565 0.028536
1721104 0.550378 36.5577 0.0285583
1725994 0.55026 36.5456 0.0285808
1730883 0.550232 36.547 0.0286029
1735773 0.550117 36.5352 0.0286252
1740662 0.550092 36.5369 0.0286472
1745552 0.54998 36.5252 0.0286693
1750441 0.549958 36.527 0.028691
1755331 0.549849 36.5155 0.028713
1760220 0.549829 36.5176 0.0287345
1765110 0.549722 36.5063 0.0287563
1769999 0.549706 36.5085 0.0287777
1774889 0.549602 36.4975 0.0287993
1779778 0.549588 36.5 0.0288205
1784668 0.549486 36.4892 0.0288419
1789557 0.549474 36.4918 0.028863
1794447 0.549375 36.481 0.0288842
1799336 0.549366 36.4838 0.0289051
1804226 0.549269 36.4732 0.0289261
1809115 0.549263 36.476 0.0289469
1814005 0.549168 36.4655 0.0289677
1818894 0.549164 36.4684 0.0289883
1823784 0.549071 36.4581 0.029009
1828673 0.54907 36.4612 0.0290294
1833563 0.548979 36.4511 0.02905
1838452 0.54898 36.4545 0.0290702
1843342 0.548892 36.4445 0.0290906
1848231 0.548894 36.448 0.0291106
1853121 0.548808 36.4381 0.0291309
1858010 0.548813 36.4417 0.0291508
1862900 0.548729 36.4319 0.0291708
1867789 0.548736 36.4355 0.0291905
1872679 0.548654 36.4259 0.0292104
1877568 0.548663 36.4297 0.02923
1882458 0.548583 36.4202 0.0292497
1887347 0.548593 36.4242 0.0292692
1892237 0.548516 36.4148 0.0292887
1897126 0.548528 36.419 0.029308
1902016 0.548452 36.4097 0.0293274
1906905 0.548466 36.4139 0.0293465
1911795 0.548392 36.4048 0.0293658
1916684 0.548409 36.4091 0.0293847
1921574 0.548336 36.4001 0.0294038
1926463 0.548354 36.4045 0.0294226
1931353 0.548284 36.3956 0.0294416
1936242 0.548303 36.4 0.0294602
1941132 0.548234 36.3912 0.029479
1946021 0.548256 36.3959 0.0294975
1950911 0.548189 36.3872 0.0295162
1955800 0.548212 36.3919 0.0295346
1960690 0.548146 36.3832 0.0295532
1965579 0.548171 36.388 0.0295714
1970469 0.548107 36.3795 0.0295898
1975358 0.548133 36.3844 0.0296079
1980248 0.548071 36.376 0.0296262
1985137 0.548098 36.3811 0.0296442
1990027 0.548037 36.3728 0.0296623
1994916 0.548067 36.3779 0.0296802
1999806 0.548007 36.3697 0.0296982
2004695 0.548038 36.375 0.0297159
2009585 0.54798 36.367 0.0297338
2014474 0.548012 36.3724 0.0297514
2019364 0.547955 36.3646 0.0297691
2024253 0.547989 36.3701 0.0297865
2029143 0.547934 36.3623 0.0298042
2034032 0.547969 36.368 0.0298215
2038922 0.547915 36.3603 0.029839
2043811 0.547951 36.366 0.0298561
2048701 0.547898 36.3584 0.0298735
2053590 0.547936 36.3642 0.0298905
2058480 0.547884 36.3567 0.0299078
2063369 0.547923 36.3627 0.0299247
2068259 0.547873 36.3552 0.0299418
2073148 0.547913 36.3612 0.0299586
2078038 0.547864 36.3538 0.0299756
2082927 0.547905 36.3598 0.0299922
2087817 0.547857 36.3525 0.0300091
2092706 0.5479 36.3586 0.0300257
2097596 0.547853 36.3514 0.0300424
2102485 0.547897 36.3575 0.0300588
2107375 0.547851 36.3503 0.0300755
2112264 0.547896 36.3566 0.0300917
2117154 0.547852 36.3495 0.0301083
2122043 0.547897 36.3558 0.0301244
2126933 0.547854 36.3488 0.0301408
2131822 0.547901 36.3552 0.0301569
2136712 0.547858 36.3482 0.0301732
2141601 0.547906 36.3547 0.0301891
2146491 0.547865 36.3479 0.0302053
2151380 0.547914 36.3545 0.0302211
2156270 0.547874 36.3477 0.0302372
2161159 0.547923 36.3542 0.0302529
2166049 0.547884 36.3475 0.0302688
2170938 0.547935 36.3541 0.0302844
2175828 0.547897 36.3474 0.0303002
2180717 0.547948 36.354 0.0303157
2185607 0.547911 36.3474 0.0303314
2190496 0.547963 36.3541 0.0303468
2195386 0.547927 36.3475 0.0303624
2200275 0.54798 36.3542 0.0303777
2205165 0.547945 36.3477 0.0303931
2210054 0.547999 36.3545 0.0304083
2214944 0.547964 36.348 0.0304237
2219833 0.54802 36.3548 0.0304387
2224723 0.547986 36.3483 0.030454
2229612 0.548042 36.3553 0.0304689
2234502 0.548009 36.3489 0.0304841
2239391 0.548066 36.3558 0.0304989
2244281 0.548033 36.3495 0.030514
2249170 0.548091 36.3565 0.0305287
2254060 0.548059 36.3502 0.0305437
2258949 0.548118 36.3572 0.0305583
2263839 0.548087 36.3509 0.0305731
2268728 0.548146 36.358 0.0305876
2273618 0.548116 36.3518 0.0306023
2278507 0.548176 36.3589 0.0306167
2283397 0.548147 36.3527 0.0306314
2288286 0.548207 36.3598 0.0306456
2293176 0.548179 36.3536 0.0306601
2298065 0.54824 36.3608 0.0306743
2302955 0.548212 36.3546 0.0306887
2307844 0.548274 36.3618 0.0307027
2312734 0.548247 36.3556 0.030717
2317623 0.548309 36.3628 0.0307309
2322513 0.548283 36.3567 0.0307451
2327402 0.548346 36.364 0.0307589
2332292 0.54832 36.3579 0.030773
2337181 0.548384 36.3652 0.0307867
2342071 0.548359 36.3591 0.0308006
2346960 0.548423 36.3665 0.0308142
2351850 0.548398 36.3606 0.0308281
2356739 0.548463 36.368 0.0308416
2361629 0.548439 36.3621 0.0308553
2366518 0.548505 36.3696 0.0308687
2371408 0.548481 36.3637 0.0308823
2376297 0.548548 36.3712 0.0308956
2381187 0.548525 36.3653 0.0309091
2386076 0.548591 36.3729 0.0309223
2390966 0.548569 36.367 0.0309357
2395855 0.548636 36.3746 0.0309489
2400745 0.548615 36.3688 0.0309622
2405634 0.548682 36.3764 0.0309752
2410524 0.548661 36.3706 0.0309884
2415413 0.548729 36.3782 0.0310013
2420303 0.548709 36.3724 0.0310145
2425192 0.548778 36.3801 0.0310273
2430082 0.548757 36.3744 0.0310403
2434971 0.548827 36.382 0.031053
2439861 0.548807 36.3764 0.031066
2444750 0.548877 36.3841 0.0310786
2449640 0.548857 36.3785 0.0310915
2454529 0.548928 36.3862 0.031104
2459419 0.548909 36.3806 0.0311168
2464308 0.548979 36.3884 0.0311293
2469198 0.548961 36.3829 0.031142
2474087 0.549032 36.3907 0.0311543
2478977 0.549014 36.3853 0.0311669
2483866 0.549086 36.3931 0.0311792
2488756 0.549068 36.3877 0.0311917
2493645 0.54914 36.3957 0.0312039
2498535 0.549123 36.3903 0.0312163
2503424 0.549196 36.3982 0.0312285
2508314 0.549179 36.3929 0.0312408
2513203 0.549252 36.4008 0.0312528
2518093 0.549236 36.3954 0.0312651
2522982 0.549309 36.4033 0.031277
2527872 0.549293 36.398 0.0312892
2532761 0.549367 36.4059 0.031301
2537651 0.549351 36.4006 0.0313131
2542540 0.549425 36.4085 0.0313249
2547430 0.54941 36.4032 0.0313369
2552319 0.549484 36.4111 0.0313486
2557209 0.54947 36.4058 0.0313605
2562098 0.549544 36.4137 0.031372
2566988 0.54953 36.4084 0.0313838
2571877 0.549605 36.4164 0.0313953
2576767 0.549591 36.4112 0.0314071
2581656 0.549666 36.4193 0.0314185
2586546 0.549653 36.4142 0.0314301
2591435 0.549728 36.4223 0.0314414
2596325 0.549715 36.4173 0.0314529
2601214 0.549791 36.4255 0.0314642
2606104 0.549778 36.4205 0.0314756
2610993 0.549854 36.4287 0.0314868
2615883 0.549842 36.4237 0.0314981
2620772 0.549918 36.4319 0.0315092
2625662 0.549906 36.4269 0.0315205
2630551 0.549983 36.4352 0.0315315
2635441 0.549971 36.4302 0.0315427
2640330 0.550048 36.4385 0.0315536
2645220 0.550036 36.4336 0.0315647
2650109 0.550114 36.4419 0.0315756
2654999 0.550102 36.437 0.0315866
2659888 0.55018 36.4453 0.0315974
2664778 0.550169 36.4404 0.0316083
2669667 0.550247 36.4488 0.031619
2674557 0.550236 36.4439 0.0316299
2679446 0.550314 36.4523 0.0316405
2684336 0.550303 36.4474 0.0316513
2689225 0.550382 36.4558 0.0316619
2694115 0.550372 36.451 0.0316726
2699004 0.55045 36.4594 0.0316831
2703894 0.55044 36.4546 0.0316938
2708783 0.550519 36.4631 0.0317042
2713673 0.550509 36.4583 0.0317148
2718562 0.550589 36.4667 0.0317251
2723452 0.550579 36.4619 0.0317357
2728341 0.550658 36.4704 0.0317459
2733231 0.550649 36.4656 0.0317564
2738120 0.550729 36.4741 0.0317666
2743010 0.550719 36.4693 0.031777
2747899 0.550799 36.4778 0.0317871
2752789 0.55079 36.473 0.0317975
2757678 0.55087 36.4815 0.0318075
2762568 0.550862 36.4768 0.0318178
2767457 0.550942 36.4854 0.0318278
2772347 0.550934 36.4806 0.031838
2777236 0.551014 36.4892 0.0318479
2782126 0.551006 36.4845 0.031858
2787015 0.551086 36.493 0.0318678
2791905 0.551078 36.4884 0.0318779
2796794 0.551159 36.4969 0.0318876
2801684 0.551151 36.4923 0.0318976
2806573 0.551232 36.5009 0.0319073
2811463 0.551225 36.4963 0.0319173
2816352 0.551306 36.5049 0.0319269
2821242 0.551299 36.5003 0.0319367
2826131 0.55138 36.509 0.0319463
2831021 0.551373 36.5044 0.0319561
2835910 0.551454 36.5131 0.0319656
2840800 0.551447 36.5085 0.0319753
2845689 0.551529 36.5172 0.0319848
2850579 0.551522 36.5126 0.0319944
2855468 0.551604 36.5213 0.0320038
2860358 0.551597 36.5168 0.0320134
2865247 0.55168 36.5255 0.0320227
2870137 0.551673 36.521 0.0320322
2875026 0.551755 36.5298 0.0320415
2879916 0.551749 36.5253 0.0320509
2884805 0.551832 36.534 0.0320601
2889695 0.551825 36.5296 0.0320695
2894584 0.551908 36.5384 0.0320786
2899474 0.551902 36.5339 0.0320879
2904363 0.551985 36.5427 0.032097
2909253 0.551979 36.5383 0.0321063
2914142 0.552062 36.5471 0.0321153
2919032 0.552056 36.5427 0.0321245
2923921 0.552139 36.5515 0.0321334
2928811 0.552134 36.5471 0.0321426
2933700 0.552217 36.556 0.0321515
2938590 0.552212 36.5516 0.0321606
2943479 0.552295 36.5604 0.0321694
2948369 0.55229 36.556 0.0321784
2953258 0.552373 36.5648 0.0321872
2958148 0.552368 36.5604 0.0321962
2963037 0.552451 36.5693 0.0322049
2967927 0.552447 36.5649 0.0322138
2972816 0.55253 36.5737 0.0322224
2977706 0.552525 36.5693 0.0322313
2982595 0.552609 36.5781 0.0322399
2987485 0.552604 36.5738 0.0322487
2992374 0.552688 36.5826 0.0322573
2997264 0.552684 36.5782 0.032266
3002153 0.552768 36.5871 0.0322745
3007043 0.552763 36.5827 0.0322832
3011932 0.552847 36.5916 0.0322916
3016822 0.552843 36.5872 0.0323002
3021711 0.552927 36.5961 0.0323086
3026601 0.552923 36.5917 0.0323172
3031490 0.553007 36.6006 0.0323255
3036380 0.553003 36.5962 0.0323341
3041269 0.553087 36.6051 0.0323423
3046159 0.553083 36.6007 0.0323508
3051048 0.553168 36.6096 0.032359
3055938 0.553164 36.6053 0.0323675
3060827 0.553248 36.6142 0.0323756
3065717 0.553244 36.6099 0.032384
3070606 0.553329 36.6188 0.0323921
3075496 0.553325 36.6145 0.0324004
3080385 0.55341 36.6234 0.0324085
3085275 0.553406 36.6191 0.0324168
3090164 0.553491 36.6281 0.0324248
3095054 0.553488 36.6238 0.032433
3099943 0.553572 36.6328 0.032441
3104833 0.553569 36.6286 0.0324492
3109722 0.553654 36.6375 0.0324571
3114612 0.55365 36.6333 0.0324652
3119501 0.553735 36.6422 0.0324731
3124391 0.553732 36.638 0.0324811
3129280 0.553817 36.6469 0.032489
3134170 0.553814 36.6426 0.032497
3139059 0.553899 36.6516 0.0325048
3143949 0.553896 36.6474 0.0325127
3148838 0.553981 36.6564 0.0325205
3153728 0.553978 36.6521 0.0325284
3158617 0.554063 36.6611 0.0325361
3163507 0.55406 36.6568 0.0325439
3168396 0.554145 36.6658 0.0325516
3173286 0.554142 36.6616 0.0325594
3178175 0.554227 36.6706 0.032567
3183065 0.554224 36.6663 0.0325748
3187954 0.55431 36.6753 0.0325823
3192844 0.554307 36.6711 0.03259
3197733 0.554392 36.6801 0.0325975
3202623 0.554389 36.6758 0.0326052
3207512 0.554475 36.6848 0.0326126
3212402 0.554472 36.6805 0.0326203
3217291 0.554558 36.6895 0.0326277
3222181 0.554555 36.6852 0.0326353
3227070 0.55464 36.6942 0.0326426
3231960 0.554638 36.6899 0.0326502
3236849 0.554723 36.6989 0.0326575
3241739 0.554721 36.6947 0.0326649
3246628 0.554806 36.7037 0.0326722
3251518 0.554804 36.6995 0.0326797
3256407 0.554889 36.7085 0.0326869
3261297 0.554887 36.7043 0.0326943
3266186 0.554973 36.7134 0.0327014
3271076 0.55497 36.7091 0.0327088
3275965 0.555056 36.7182 0.0327159
3280855 0.555053 36.7139 0.0327232
3285744 0.555139 36.723 0.0327303
3290634 0.555137 36.7188 0.0327376
3295523 0.555223 36.7278 0.0327446
3300413 0.55522 36.7236 0.0327518
3305302 0.555306 36.7326 0.0327588
3310192 0.555304 36.7284 0.032766
3315081 0.555389 36.7375 0.032773
3319971 0.555387 36.7333 0.0327801
3324860 0.555473 36.7424 0.032787
3329750 0.555471 36.7382 0.0327941
3334639 0.555557 36.7473 0.032801
3339529 0.555554 36.7431 0.0328081
3344418 0.55564 36.7522 0.0328149
3349308 0.555638 36.748 0.0328219
3354197 0.555724 36.7571 0.0328287
3359087 0.555722 36.7529 0.0328356
3363976 0.555808 36.762 0.0328424
3368866 0.555806 36.7578 0.0328493
3373755 0.555892 36.7669 0.032856
3378645 0.55589 36.7627 0.0328628
3383534 0.555975 36.7718 0.0328695
3388424 0.555973 36.7676 0.0328763
3393313 0.556059 36.7767 0.0328829
3398203 0.556057 36.7725 0.0328897
3403092 0.556143 36.7816 0.0328963
3407982 0.556141 36.7774 0.032903
3412871 0.556227 36.7865 0.0329095
3417761 0.556225 36.7823 0.0329162
3422650 0.556311 36.7914 0.0329227
3427540 0.556309 36.7872 0.0329293
3432429 0.556395 36.7963 0.0329357
3437319 0.556393 36.7921 0.0329423
3442208 0.556479 36.8012 0.0329487
3447098 0.556477 36.797 0.0329553
3451987 0.556563 36.8061 0.0329616
3456877 0.556561 36.8019 0.0329681
3461766 0.556647 36.811 0.0329744
3466656 0.556645 36.8069 0.0329809
3471545 0.556731 36.816 0.0329871
3476435 0.556729 36.8118 0.0329936
3481324 0.556815 36.8209 0.0329998
3486214 0.556813 36.8167 0.0330062
3491103 0.556899 36.8258 0.0330123
3495993 0.556897 36.8217 0.0330187
3500882 0.556983 36.8308 0.0330248
3505772 0.556981 36.8266 0.0330311
3510661 0.557067 36.8357 0.0330372
3515551 0.557066 36.8316 0.0330435
3520440 0.557151 36.8407 0.0330495
3525330 0.55715 36.8365 0.0330557
3530219 0.557235 36.8457 0.0330617
3535109 0.557234 36.8415 0.0330679
3539998 0.557319 36.8507 0.0330739
3544888 0.557318 36.8465 0.03308
3549777 0.557403 36.8557 0.033086
3554667 0.557402 36.8516 0.0330921
3559556 0.557487 36.8608 0.033098
3564446 0.557486 36.8567 0.033104
3569335 0.557571 36.8658 0.0331099
3574225 0.55757 36.8617 0.0331159
3579114 0.557655 36.8709 0.0331217
3584004 0.557654 36.8667 0.0331277
3588893 0.557739 36.8759 0.0331335
3593783 0.557738 36.8718 0.0331395
3598672 0.557823 36.8809 0.0331452
3603562 0.557822 36.8768 0.0331511
3608451 0.557907 36.8859 0.0331568
3613341 0.557905 36.8818 0.0331627
3618230 0.557991 36.8909 0.0331684
3623120 0.557989 36.8868 0.0331743
3628009 0.558075 36.8959 0.0331799
3632899 0.558073 36.8918 0.0331857
3637788 0.558159 36.9009 0.0331914
3642678 0.558157 36.8968 0.0331972
3647567 0.558243 36.9059 0.0332027
3652457 0.558241 36.9018 0.0332085
3657346 0.558327 36.9109 0.033214
3662236 0.558325 36.9068 0.0332198
3667125 0.55841 36.9159 0.0332253
3672015 0.558409 36.9118 0.033231
3676904 0.558494 36.9209 0.0332365
3681794 0.558492 36.9168 0.0332421
3686683 0.558578 36.9259 0.0332476
3691573 0.558576 36.9218 0.0332532
3696462 0.558662 36.9309 0.0332586
3701352 0.55866 36.9268 0.0332642
3706241 0.558745 36.9359 0.0332696
3711131 0.558743 36.9318 0.0332751
3716020 0.558829 36.9409 0.0332805
3720910 0.558827 36.9368 0.033286
3725799 0.558913 36.9459 0.0332913
3730689 0.558911 36.9418 0.0332968
3735578 0.558996 36.9509 0.0333021
3740468 0.558994 36.9467 0.0333076
3745357 0.55908 36.9559 0.0333128
3750247 0.559078 36.9517 0.0333183
3755136 0.559163 36.9608 0.0333235
3760026 0.559161 36.9567 0.0333289
3764915 0.559247 36.9658 0.0333341
3769805 0.559245 36.9616 0.0333395
3774694 0.55933 36.9707 0.0333446
3779584 0.559328 36.9666 0.03335
3784473 0.559413 36.9757 0.0333551
3789363 0.559411 36.9715 0.0333604
3794252 0.559497 36.9806 0.0333655
3799142 0.559495 36.9764 0.0333708
3804031 0.55958 36.9855 0.0333759
3808921 0.559578 36.9814 0.0333811
3813810 0.559663 36.9905 0.0333862
3818700 0.559661 36.9863 0.0333914
3823589 0.559746 36.9954 0.0333964
3828479 0.559744 36.9912 0.0334016
3833368 0.55983 37.0003 0.0334066
3838258 0.559827 36.9961 0.0334118
3843147 0.559913 37.0052 0.0334168
3848037 0.559911 37.001 0.0334219
3852926 0.559996 37.0101 0.0334268
3857816 0.559994 37.0059 0.033432
3862705 0.560079 37.015 0.0334369
3867595 0.560076 37.0108 0.0334419
3872484 0.560162 37.0199 0.0334468
3877374 0.560159 37.0157 0.0334519
3882263 0.560244 37.0248 0.0334567
3887153 0.560242 37.0207 0.0334618
3892042 0.560327 37.0297 0.0334666
3896932 0.560325 37.0256 0.0334716
3901821 0.56041 37.0346 0.0334764
3906711 0.560408 37.0305 0.0334814
3911600 0.560493 37.0396 0.0334861
3916490 0.56049 37.0354 0.0334911
3921379 0.560575 37.0445 0.0334958
3926269 0.560573 37.0404 0.0335007
3931158 0.560658 37.0494 0.0335054
3936048 0.560656 37.0453 0.0335103
3940937 0.560741 37.0544 0.033515
3945827 0.560738 37.0502 0.0335198
3950716 0.560823 37.0593 0.0335245
3955606 0.560821 37.0552 0.0335293
3960495 0.560905 37.0642 0.0335339
3965385 0.560903 37.0601 0.0335387
3970274 0.560988 37.0692 0.0335433
3975164 0.560985 37.065 0.0335481
3980053 0.56107 37.0741 0.0335526
3984943 0.561068 37.0699 0.0335574
3989832 0.561152 37.079 0.0335619
3994722 0.56115 37.0749 0.0335666
3999611 0.561235 37.0839 0.0335711
4004501 0.561232 37.0798 0.0335758
4009390 0.561317 37.0889 0.0335803
4014280 0.561314 37.0847 0.033585
4019169 0.561399 37.0938 0.0335894
4024059 0.561396 37.0896 0.0335941
4028948 0.561481 37.0986 0.0335985
4033838 0.561478 37.0945 0.0336031
4038727 0.561563 37.1035 0.0336075
4043617 0.56156 37.0994 0.0336121
4048506 0.561645 37.1084 0.0336165
4053396 0.561642 37.1042 0.0336211
4058285 0.561726 37.1133 0.0336254
4063175 0.561724 37.1091 0.03363
4068064 0.561808 37.1181 0.0336343
4072954 0.561805 37.114 0.0336388
4077843 0.56189 37.123 0.0336431
4082733 0.561887 37.1188 0.0336476
4087622 0.561971 37.1278 0.0336519
4092512 0.561969 37.1237 0.0336563
4097401 0.562053 37.1327 0.0336606
4102291 0.56205 37.1285 0.033665
4107180 0.562134 37.1375 0.0336693
4112070 0.562132 37.1334 0.0336737
4116959 0.562216 37.1424 0.0336779
4121849 0.562213 37.1382 0.0336823
4126738 0.562297 37.1472 0.0336865
4131628 0.562294 37.143 0.0336908
4136517 0.562378 37.152 0.033695
4141407 0.562376 37.1478 0.0336993
4146296 0.56246 37.1569 0.0337035
4151186 0.562457 37.1527 0.0337078
4156075 0.562541 37.1617 0.0337119
4160965 0.562538 37.1575 0.0337162
4165854 0.562622 37.1665 0.0337203
4170744 0.562619 37.1623 0.0337246
4175633 0.562703 37.1714 0.0337287
4180523 0.5627 37.1672 0.0337329
4185412 0.562784 37.1762 0.033737
4190302 0.562781 37.172 0.0337412
4195191 0.562864 37.1811 0.0337452
4200081 0.562861 37.1769 0.0337495
4204970 0.562945 37.1859 0.0337535
4209860 0.562942 37.1817 0.0337577
4214749 0.563026 37.1907 0.0337616
4219639 0.563023 37.1865 0.0337658
4224528 0.563106 37.1955 0.0337698
4229418 0.563103 37.1913 0.0337739
4234307 0.563187 37.2003 0.0337779
4239197 0.563184 37.1961 0.033782
4244086 0.563267 37.2052 0.0337859
4248976 0.563264 37.201 0.03379
4253865 0.563348 37.21 0.0337939
4258755 0.563345 37.2058 0.033798
4263644 0.563428 37.2148 0.0338019
4268534 0.563425 37.2106 0.033806
4273423 0.563508 37.2197 0.0338098
4278313 0.563505 37.2155 0.0338139
4283202 0.563588 37.2245 0.0338177
4288092 0.563585 37.2203 0.0338217
4292981 0.563668 37.2293 0.0338255
4297871 0.563665 37.2251 0.0338296
4302760 0.563748 37.2342 0.0338334
4307650 0.563745 37.23 0.0338373
4312539 0.563828 37.239 0.0338411
4317429 0.563825 37.2348 0.0338451
4322318 0.563908 37.2438 0.0338488
4327208 0.563905 37.2396 0.0338528
4332097 0.563988 37.2486 0.0338565
4336987 0.563985 37.2444 0.0338605
4341876 0.564068 37.2534 0.0338642
4346766 0.564064 37.2492 0.0338681
4351655 0.564147 37.2582 0.0338718
4356545 0.564144 37.254 0.0338757
4361434 0.564227 37.263 0.0338794
4366324 0.564223 37.2588 0.0338832
4371213 0.564306 37.2678 0.0338869
4376103 0.564303 37.2636 0.0338907
4380992 0.564386 37.2725 0.0338944
4385882 0.564382 37.2683 0.0338982
4390771 0.564465 37.2773 0.0339018
4395661 0.564462 37.2731 0.0339056
4400550 0.564544 37.2821 0.0339093
4405440 0.564541 37.2779 0.0339131
4410329 0.564624 37.2869 0.0339166
4415219 0.56462 37.2826 0.0339204
4420108 0.564703 37.2916 0.033924
4424998 0.564699 37.2874 0.0339278
4429887 0.564782 37.2964 0.0339313
4434777 0.564778 37.2922 0.0339351
4439666 0.564861 37.3012 0.0339386
4444556 0.564857 37.297 0.0339423
4449445 0.564939 37.306 0.0339459
4454335 0.564936 37.3018 0.0339496
4459224 0.565018 37.3108 0.0339531
4464114 0.565014 37.3066 0.0339568
4469003 0.565097 37.3156 0.0339603
4473893 0.565093 37.3114 0.033964
4478782 0.565176 37.3204 0.0339674
4483672 0.565172 37.3162 0.0339711
4488561 0.565254 37.3252 0.0339746
4493451 0.56525 37.321 0.0339782
4498340 0.565333 37.33 0.0339816
4503230 0.565329 37.3258 0.0339853
4508119 0.565411 37.3348 0.0339887
4513009 0.565407 37.3306 0.0339923
4517898 0.565489 37.3396 0.0339957
4522788 0.565485 37.3354 0.0339993
4527677 0.565568 37.3444 0.0340027
4532567 0.565563 37.3402 0.0340063
4537456 0.565646 37.3492 0.0340096
4542346 0.565642 37.345 0.0340132
4547235 0.565724 37.354 0.0340166
4552125 0.56572 37.3498 0.0340201
4557014 0.565802 37.3588 0.0340234
4561904 0.565798 37.3545 0.034027
4566793 0.56588 37.3635 0.0340303
4571683 0.565875 37.3593 0.0340338
4576572 0.565957 37.3683 0.0340371
4581462 0.565953 37.3641 0.0340406
4586351 0.566035 37.3732 0.0340439
4591241 0.566031 37.369 0.0340474
4596130 0.566113 37.378 0.0340506
4601020 0.566109 37.3738 0.0340541
4605909 0.56619 37.3828 0.0340573
4610799 0.566186 37.3786 0.0340608
4615688 0.566268 37.3876 0.034064
4620578 0.566264 37.3834 0.0340674
4625467 0.566345 37.3924 0.0340707
4630357 0.566341 37.3882 0.0340741
4635246 0.566423 37.3972 0.0340773
4640136 0.566418 37.393 0.0340807
4645025 0.5665 37.4019 0.0340839
4649915 0.566496 37.3977 0.0340873
4654804 0.566577 37.4067 0.0340904
4659694 0.566573 37.4025 0.0340938
4664583 0.566654 37.4115 0.0340969
4669473 0.56665 37.4072 0.0341003
4674362 0.566731 37.4162 0.0341034
4679252 0.566727 37.412 0.0341068
4684141 0.566808 37.421 0.0341099
4689031 0.566804 37.4168 0.0341132
4693920 0.566885 37.4258 0.0341163
4698810 0.566881 37.4216 0.0341196
4703699 0.566962 37.4306 0.0341227
4708589 0.566957 37.4264 0.034126
4713478 0.567039 37.4354 0.0341291
4718368 0.567034 37.4312 0.0341324
4723257 0.567115 37.4402 0.0341354
4728147 0.567111 37.4359 0.0341387
4733036 0.567192 37.4449 0.0341417
4737926 0.567187 37.4407 0.034145
4742815 0.567268 37.4497 0.034148
4747705 0.567264 37.4455 0.0341513
4752594 0.567345 37.4544 0.0341543
4757484 0.56734 37.4502 0.0341575
4762373 0.567421 37.4592 0.0341605
4767263 0.567416 37.455 0.0341637
4772152 0.567497 37.4639 0.0341667
4777042 0.567492 37.4597 0.0341699
4781931 0.567573 37.4687 0.0341728
4786821 0.567569 37.4645 0.034176
4791710 0.56765 37.4734 0.034179
4796600 0.567645 37.4692 0.0341821
4801489 0.567726 37.4781 0.0341851
4806379 0.567721 37.4739 0.0341882
4811268 0.567801 37.4829 0.0341912
4816158 0.567796 37.4786 0.0341943
4821047 0.567877 37.4876 0.0341972
4825937 0.567872 37.4833 0.0342003
4830826 0.567953 37.4923 0.0342032
4835716 0.567948 37.488 0.0342063
4840605 0.568029 37.497 0.0342092
4845495 0.568024 37.4927 0.0342123
4850384 0.568104 37.5017 0.0342152
4855274 0.568099 37.4974 0.0342182
4860163 0.56818 37.5064 0.0342211
4865053 0.568175 37.5021 0.0342242
4869942 0.568255 37.5111 0.034227
4874832 0.56825 37.5068 0.0342301
4879721 0.568331 37.5157 0.0342329
4884611 0.568325 37.5115 0.0342359
4889500 0.568406 37.5204 0.0342387
4894390 0.568401 37.5162 0.0342418
4899279 0.568481 37.5251 0.0342446
4904169 0.568476 37.5208 0.0342476
4909058 0.568556 37.5298 0.0342504
4913948 0.568551 37.5255 0.0342534
4918837 0.568631 37.5345 0.0342561
4923727 0.568626 37.5302 0.0342591
4928616 0.568706 37.5391 0.0342619
4933506 0.568701 37.5348 0.0342649
4938395 0.568781 37.5438 0.0342676
4943285 0.568776 37.5395 0.0342706
4948174 0.568856 37.5484 0.0342733
4953064 0.568851 37.5441 0.0342762
4957953 0.568931 37.5531 0.034279
4962843 0.568925 37.5488 0.0342819
4967732 0.569006 37.5577 0.0342846
4972622 0.569 37.5534 0.0342875
4977511 0.56908 37.5623 0.0342902
4982401 0.569075 37.5581 0.0342931
4987290 0.569155 37.567 0.0342958
4992180 0.569149 37.5627 0.0342987
4997069 0.569229 37.5716 0.0343014
5001959 0.569224 37.5673 0.0343043
5006848 0.569304 37.5762 0.0343069
5011738 0.569298 37.5719 0.0343098
5016627 0.569378 37.5808 0.0343124
5021517 0.569372 37.5765 0.0343153
5026406 0.569452 37.5854 0.0343179
5031296 0.569446 37.5811 0.0343208
5036185 0.569526 37.59 0.0343234
5041075 0.56952 37.5857 0.0343262
5045964 0.5696 37.5946 0.0343288
5050854 0.569594 37.5903 0.0343316
5055743 0.569674 37.5992 0.0343342
5060633 0.569668 37.5949 0.0343371
5065522 0.569748 37.6038 0.0343396
5070412 0.569742 37.5995 0.0343424
5075301 0.569822 37.6084 0.034345
5080191 0.569816 37.6041 0.0343478
5085080 0.569896 37.613 0.0343504
5089970 0.56989 37.6087 0.0343531
5094859 0.569969 37.6176 0.0343557
5099749 0.569963 37.6133 0.0343584
5104638 0.570043 37.6222 0.034361
5109528 0.570037 37.6178 0.0343637
5114417 0.570117 37.6267 0.0343663
5119307 0.570111 37.6224 0.034369
5124196 0.57019 37.6313 0.0343715
5129086 0.570184 37.627 0.0343742
5133975 0.570263 37.6359 0.0343767
5138865 0.570257 37.6315 0.0343794
5143754 0.570337 37.6404 0.0343819
5148644 0.570331 37.6361 0.0343846
5153533 0.57041 37.645 0.0343871
5158423 0.570404 37.6406 0.0343898
5163312 0.570483 37.6495 0.0343923
5168202 0.570477 37.6451 0.034395
5173091 0.570556 37.654 0.0343974
5177981 0.57055 37.6497 0.0344001
5182870 0.570629 37.6585 0.0344025
5187760 0.570623 37.6542 0.0344052
5192649 0.570702 37.663 0.0344076
5197539 0.570696 37.6587 0.0344103
5202428 0.570775 37.6676 0.0344127
5207318 0.570769 37.6632 0.0344153
5212207 0.570848 37.6721 0.0344177
5217097 0.570841 37.6677 0.0344204
5221986 0.570921 37.6766 0.0344228
5226876 0.570914 37.6722 0.0344254
5231765 0.570993 37.6811 0.0344278
5236655 0.570987 37.6767 0.0344304
5241544 0.571066 37.6855 0.0344328
5246434 0.571059 37.6812 0.0344354
5251323 0.571138 37.69 0.0344377
5256213 0.571132 37.6856 0.0344403
5261102 0.571211 37.6945 0.0344427
5265992 0.571204 37.6901 0.0344452
5270881 0.571283 37.6989 0.0344476
5275771 0.571276 37.6945 0.0344501
5280660 0.571355 37.7033 0.0344525
5285550 0.571349 37.6989 0.034455
5290439 0.571427 37.7078 0.0344574
5295329 0.571421 37.7034 0.0344599
5300218 0.5715 37.7122 0.0344622
5305108 0.571493 37.7078 0.0344648
5309997 0.571572 37.7166 0.0344671
5314887 0.571565 37.7122 0.0344696
5319776 0.571644 37.7211 0.0344719
5324666 0.571637 37.7167 0.0344744
5329555 0.571716 37.7255 0.0344767
5334445 0.571709 37.7211 0.0344792
5339334 0.571787 37.73 0.0344815
5344224 0.571781 37.7256 0.0344839
5349113 0.571859 37.7344 0.0344862
5354003 0.571852 37.73 0.0344887
5358892 0.571931 37.7388 0.0344909
5363782 0.571924 37.7345 0.0344934
5368671 0.572002 37.7433 0.0344957
5373561 0.571996 37.7389 0.0344981
5378450 0.572074 37.7477 0.0345004
5383340 0.572067 37.7433 0.0345028
5388229 0.572146 37.7522 0.034505
5393119 0.572139 37.7478 0.0345075
5398008 0.572217 37.7566 0.0345097
5402898 0.57221 37.7522 0.0345121
5407787 0.572288 37.761 0.0345143
5412677 0.572281 37.7566 0.0345167
5417566 0.57236 37.7654 0.0345189
5422456 0.572353 37.761 0.0345214
5427345 0.572431 37.7698 0.0345235
5432235 0.572424 37.7654 0.0345259
5437124 0.572502 37.7742 0.0345281
5442014 0.572495 37.7698 0.0345305
5446903 0.572573 37.7786 0.0345327
5451793 0.572566 37.7741 0.0345351
5456682 0.572644 37.7829 0.0345372
5461572 0.572637 37.7785 0.0345396
5466461 0.572715 37.7873 0.0345418
5471351 0.572708 37.7829 0.0345441
5476240 0.572786 37.7917 0.0345463
5481130 0.572779 37.7872 0.0345486
5486019 0.572856 37.796 0.0345507
5490909 0.572849 37.7915 0.0345531
5495798 0.572927 37.8003 0.0345552
5500688 0.57292 37.7959 0.0345575
5505577 0.572998 37.8047 0.0345597
5510467 0.572991 37.8002 0.034562
5515356 0.573068 37.809 0.0345641
5520246 0.573061 37.8046 0.0345664
5525135 0.573139 37.8133 0.0345685
5530025 0.573132 37.8089 0.0345708
5534914 0.573209 37.8177 0.0345729
5539804 0.573202 37.8132 0.0345752
5544693 0.57328 37.822 0.0345773
5549583 0.573272 37.8176 0.0345796
5554472 0.57335 37.8263 0.0345816
5559362 0.573343 37.8219 0.0345839
5564251 0.57342 37.8306 0.034586
5569141 0.573413 37.8262 0.0345882
5574030 0.57349 37.835 0.0345903
5578920 0.573483 37.8305 0.0345926
5583809 0.57356 37.8393 0.0345946
5588699 0.573553 37.8348 0.0345969
5593588 0.57363 37.8436 0.0345989
5598478 0.573623 37.8391 0.0346011
5603367 0.5737 37.8479 0.0346032
5608257 0.573693 37.8434 0.0346054
5613146 0.57377 37.8522 0.0346074
5618036 0.573763 37.8477 0.0346097
5622925 0.57384 37.8565 0.0346117
5627815 0.573832 37.852 0.0346139
5632704 0.57391 37.8607 0.0346159
5637594 0.573902 37.8563 0.0346181
5642483 0.57398 37.865 0.0346201
5647373 0.573972 37.8605 0.0346223
5652262 0.574049 37.8693 0.0346243
5657152 0.574041 37.8648 0.0346265
5662041 0.574119 37.8735 0.0346285
5666931 0.574111 37.8691 0.0346307
5671820 0.574188 37.8778 0.0346326
5676710 0.57418 37.8733 0.0346348
5681599 0.574258 37.882 0.0346368
5686489 0.57425 37.8776 0.0346389
5691378 0.574327 37.8863 0.0346409
5696268 0.574319 37.8818 0.034643
5701157 0.574396 37.8905 0.034645
5706047 0.574388 37.886 0.0346471
5710936 0.574465 37.8947 0.0346491
5715826 0.574458 37.8903 0.0346512
5720715 0.574535 37.899 0.0346532
5725605 0.574527 37.8945 0.0346553
5730494 0.574604 37.9032 0.0346572
5735384 0.574596 37.8987 0.0346594
5740273 0.574673 37.9074 0.0346613
5745163 0.574665 37.9029 0.0346634
5750052 0.574742 37.9116 0.0346653
5754942 0.574734 37.9071 0.0346674
5759831 0.57481 37.9158 0.0346693
5764721 0.574802 37.9113 0.0346714
5769610 0.574879 37.92 0.0346733
5774500 0.574871 37.9155 0.0346754
5779389 0.574948 37.9242 0.0346773
5784279 0.57494 37.9197 0.0346794
5789168 0.575017 37.9283 0.0346813
5794058 0.575009 37.9238 0.0346833
5798947 0.575085 37.9325 0.0346852
5803837 0.575077 37.928 0.0346873
5808726 0.575154 37.9367 0.0346891
5813616 0.575146 37.9322 0.0346912
5818505 0.575222 37.9409 0.0346931
5823395 0.575214 37.9363 0.0346951
5828284 0.575291 37.945 0.034697
5833174 0.575283 37.9405 0.034699
5838063 0.575359 37.9492 0.0347009
5842953 0.575351 37.9447 0.0347029
5847842 0.575428 37.9534 0.0347047
5852732 0.575419 37.9488 0.0347068
5857621 0.575496 37.9575 0.0347086
5862511 0.575488 37.953 0.0347106
5867400 0.575564 37.9617 0.0347124
5872290 0.575556 37.9571 0.0347145
5877179 0.575632 37.9658 0.0347163
5882069 0.575624 37.9613 0.0347183
5886958 0.5757 37.97 0.0347201
5891848 0.575692 37.9654 0.0347221
5896737 0.575768 37.9741 0.0347239
5901627 0.57576 37.9696 0.0347259
5906516 0.575836 37.9782 0.0347277
5911406 0.575828 37.9737 0.0347297
5916295 0.575904 37.9824 0.0347315
5921185 0.575895 37.9779 0.0347334
5926074 0.575972 37.9865 0.0347352
5930964 0.575963 37.982 0.0347372
5935853 0.576039 37.9907 0.034739
5940743 0.576031 37.9861 0.0347409
5945632 0.576107 37.9948 0.0347427
5950522 0.576099 37.9903 0.0347447
5955411 0.576175 37.999 0.0347464
5960301 0.576166 37.9944 0.0347484
5965190 0.576242 38.0031 0.0347501
5970080 0.576234 37.9985 0.0347521
5974969 0.57631 38.0072 0.0347538
5979859 0.576301 38.0027 0.0347557
5984748 0.576377 38.0113 0.0347575
5989638 0.576369 38.0068 0.0347594
5994527 0.576445 38.0154 0.0347611
5999417 0.576436 38.0109 0.0347631
6004306 0.576512 38.0195 0.0347648
6009196 0.576503 38.015 0.0347667
6014085 0.576579 38.0236 0.0347684
6018975 0.57657 38.0191 0.0347703
6023864 0.576646 38.0277 0.034772
6028754 0.576637 38.0232 0.0347739
6033643 0.576713 38.0318 0.0347756
6038533 0.576705 38.0272 0.0347775
6043422 0.57678 38.0359 0.0347792
6048312 0.576772 38.0313 0.0347811
6053201 0.576847 38.04 0.0347828
6058091 0.576839 38.0354 0.0347847
6062980 0.576914 38.0441 0.0347864
6067870 0.576905 38.0395 0.0347882
6072759 0.576981 38.0482 0.0347899
6077649 0.576972 38.0436 0.0347918
6082538 0.577048 38.0522 0.0347935
6087428 0.577039 38.0477 0.0347953
6092317 0.577115 38.0563 0.034797
6097207 0.577106 38.0517 0.0347988
6102096 0.577181 38.0604 0.0348005
6106986 0.577172 38.0558 0.0348023
6111875 0.577248 38.0644 0.034804
6116765 0.577239 38.0598 0.0348058
6121654 0.577315 38.0685 0.0348075
6126544 0.577306 38.0639 0.0348093
6131433 0.577381 38.0725 0.0348109
6136323 0.577372 38.068 0.0348128
6141212 0.577447 38.0766 0.0348144
6146102 0.577438 38.072 0.0348162
6150991 0.577514 38.0806 0.0348179
6155881 0.577505 38.076 0.0348197
6160770 0.57758 38.0847 0.0348213
6165660 0.577571 38.0801 0.0348231
6170549 0.577646 38.0887 0.0348247
6175439 0.577637 38.0841 0.0348265
6180328 0.577713 38.0927 0.0348281
6185218 0.577704 38.0881 0.0348299
6190107 0.577779 38.0968 0.0348315
6194997 0.57777 38.0922 0.0348333
6199886 0.577845 38.1008 0.0348349
6204776 0.577836 38.0962 0.0348367
6209665 0.577911 38.1048 0.0348383
6214555 0.577902 38.1002 0.0348401
6219444 0.577977 38.1088 0.0348416
6224334 0.577968 38.1042 0.0348434
6229223 0.578043 38.1128 0.034845
6234113 0.578034 38.1082 0.0348467
6239002 0.578109 38.1168 0.0348483
6243892 0.578099 38.1122 0.0348501
6248781 0.578174 38.1208 0.0348516
6253671 0.578165 38.1162 0.0348534
6258560 0.57824 38.1248 0.0348549
6263450 0.578231 38.1202 0.0348567
6268339 0.578306 38.1288 0.0348582
6273229 0.578296 38.1242 0.03486
6278118 0.578371 38.1328 0.0348615
6283008 0.578362 38.1282 0.0348633
6287897 0.578437 38.1368 0.0348648
6292787 0.578428 38.1322 0.0348665
6297676 0.578502 38.1408 0.0348681
6302566 0.578493 38.1362 0.0348698
6307455 0.578568 38.1448 0.0348713
6312345 0.578558 38.1401 0.034873
6317234 0.578633 38.1487 0.0348746
6322124 0.578624 38.1441 0.0348763
6327013 0.578699 38.1527 0.0348778
6331903 0.578689 38.1481 0.0348795
6336792 0.578764 38.1567 0.034881
6341682 0.578754 38.152 0.0348827
6346571 0.578829 38.1606 0.0348842
6351461 0.57882 38.156 0.0348859
6356350 0.578894 38.1646 0.0348874
6361240 0.578885 38.1599 0.0348891
6366129 0.578959 38.1685 0.0348906
6371019 0.57895 38.1639 0.0348923
6375908 0.579024 38.1725 0.0348937
6380798 0.579015 38.1678 0.0348954
6385687 0.579089 38.1764 0.0348969
6390577 0.57908 38.1718 0.0348986
6395466 0.579154 38.1804 0.0349
6400356 0.579145 38.1757 0.0349017
6405245 0.579219 38.1843 0.0349032
6410135 0.579209 38.1797 0.0349048
6415024 0.579284 38.1883 0.0349063
6419914 0.579274 38.1837 0.034908
6424803 0.579349 38.1923 0.0349094
6429693 0.579339 38.1876 0.0349111
6434582 0.579413 38.1962 0.0349125
6439472 0.579404 38.1916 0.0349142
6444361 0.579478 38.2002 0.0349156
6449251 0.579468 38.1955 0.0349173
6454140 0.579543 38.2041 0.0349187
6459030 0.579533 38.1995 0.0349203
6463919 0.579607 38.2081 0.0349218
6468809 0.579597 38.2034 0.0349234
6473698 0.579672 38.212 0.0349248
6478588 0.579662 38.2074 0.0349265
6483477 0.579736 38.2159 0.0349279
6488367 0.579726 38.2113 0.0349295
6493256 0.5798 38.2199 0.0349309
6498146 0.579791 38.2152 0.0349325
6503035 0.579865 38.2238 0.0349339
6507925 0.579855 38.2191 0.0349355
6512814 0.579929 38.2277 0.034937
6517704 0.579919 38.2231 0.0349386
6522593 0.579993 38.2316 0.03494
6527483 0.579983 38.227 0.0349416
6532372 0.580057 38.2356 0.034943
6537262 0.580047 38.2309 0.0349445
6542151 0.580121 38.2395 0.0349459
6547041 0.580111 38.2348 0.0349475
6551930 0.580185 38.2434 0.0349489
6556820 0.580175 38.2388 0.0349505
6561709 0.580249 38.2473 0.0349519
6566599 0.580239 38.2427 0.0349535
6571488 0.580313 38.2513 0.0349548
6576378 0.580303 38.2466 0.0349564
6581267 0.580377 38.2552 0.0349578
6586157 0.580367 38.2505 0.0349593
6591046 0.580441 38.2591 0.0349607
6595936 0.580431 38.2544 0.0349623
6600825 0.580505 38.263 0.0349636
6605715 0.580495 38.2583 0.0349652
6610604 0.580568 38.2669 0.0349665
6615494 0.580558 38.2622 0.0349681
6620383 0.580632 38.2708 0.0349694
6625273 0.580622 38.2662 0.034971
6630162 0.580696 38.2747 0.0349723
6635052 0.580685 38.2701 0.0349739
6639941 0.580759 38.2786 0.0349752
6644831 0.580749 38.274 0.0349768
6649720 0.580823 38.2825 0.0349781
6654610 0.580812 38.2779 0.0349796
6659499 0.580886 38.2864 0.034981
6664389 0.580876 38.2818 0.0349825
6669278 0.58095 38.2903 0.0349838
6674168 0.580939 38.2857 0.0349853
6679057 0.581013 38.2942 0.0349867
6683947 0.581003 38.2895 0.0349882
6688836 0.581076 38.2981 0.0349895
6693726 0.581066 38.2934 0.034991
6698615 0.581139 38.302 0.0349923
6703505 0.581129 38.2973 0.0349938
6708394 0.581203 38.3059 0.0349951
6713284 0.581192 38.3012 0.0349966
6718173 0.581266 38.3097 0.0349979
6723063 0.581255 38.3051 0.0349994
6727952 0.581329 38.3136 0.0350007
6732842 0.581318 38.3089 0.0350022
6737731 0.581392 38.3175 0.0350035
6742621 0.581381 38.3128 0.035005
6747510 0.581455 38.3213 0.0350063
6752400 0.581444 38.3166 0.0350078
6757289 0.581518 38.3252 0.0350091
6762179 0.581507 38.3205 0.0350105
6767068 0.58158 38.329 0.0350118
6771958 0.58157 38.3243 0.0350133
6776847 0.581643 38.3329 0.0350146
6781737 0.581633 38.3282 0.035016
6786626 0.581706 38.3367 0.0350173
6791516 0.581695 38.332 0.0350188
6796405 0.581769 38.3406 0.03502
6801295 0.581758 38.3358 0.0350215
6806184 0.581831 38.3444 0.0350228
6811074 0.581821 38.3397 0.0350242
6815963 0.581894 38.3482 0.0350255
6820853 0.581883 38.3435 0.0350269
6825742 0.581956 38.352 0.0350282
6830632 0.581946 38.3473 0.0350296
6835521 0.582019 38.3558 0.0350309
6840411 0.582008 38.3511 0.0350323
6845300 0.582081 38.3597 0.0350335
6850190 0.582071 38.355 0.035035
6855079 0.582144 38.3635 0.0350362
6859969 0.582133 38.3588 0.0350377
6864858 0.582206 38.3673 0.0350389
6869748 0.582195 38.3626 0.0350403
6874637 0.582268 38.3712 0.0350415
6879527 0.582258 38.3665 0.035043
6884416 0.58233 38.375 0.0350442
6889306 0.58232 38.3703 0.0350456
6894195 0.582393 38.3789 0.0350468
6899085 0.582382 38.3742 0.0350482
6903974 0.582455 38.3827 0.0350495
6908864 0.582444 38.378 0.0350509
6913753 0.582517 38.3866 0.0350521
6918643 0.582506 38.3819 0.0350535
6923532 0.582579 38.3904 0.0350547
6928422 0.582568 38.3857 0.0350561
6933311 0.582641 38.3943 0.0350573
6938201 0.58263 38.3896 0.0350587
6943090 0.582703 38.3982 0.0350599
6947980 0.582692 38.3934 0.0350613
6952869 0.582765 38.402 0.0350625
6957759 0.582754 38.3973 0.0350639
6962648 0.582826 38.4058 0.0350651
6967538 0.582816 38.4011 0.0350665
6972427 0.582888 38.4097 0.0350676
6977317 0.582877 38.405 0.035069
6982206 0.58295 38.4135 0.0350702
6987096 0.582939 38.4088 0.0350716
6991985 0.583012 38.4174 0.0350728
6996875 0.583001 38.4126 0.0350741
7001764 0.583073 38.4212 0.0350753
7006654 0.583062 38.4165 0.0350767
7011543 0.583135 38.425 0.0350778
7016433 0.583124 38.4203 0.0350792
7021322 0.583196 38.4288 0.0350804
7026212 0.583185 38.4241 0.0350817
7031101 0.583258 38.4326 0.0350829
7035991 0.583247 38.4279 0.0350843
7040880 0.583319 38.4364 0.0350854
7045770 0.583308 38.4317 0.0350868
7050659 0.583381 38.4402 0.0350879
7055549 0.583369 38.4355 0.0350893
7060438 0.583442 38.444 0.0350904
7065328 0.583431 38.4393 0.0350918
7070217 0.583503 38.4478 0.0350929
7075107 0.583492 38.4431 0.0350942
7079996 0.583564 38.4516 0.0350954
7084886 0.583553 38.4469 0.0350967
7089775 0.583625 38.4554 0.0350979
7094665 0.583614 38.4507 0.0350992
7099554 0.583687 38.4592 0.0351003
7104444 0.583675 38.4545 0.0351017
7109333 0.583748 38.463 0.0351028
7114223 0.583736 38.4583 0.0351041
7119112 0.583809 38.4668 0.0351052
7124002 0.583797 38.4621 0.0351066
7128891 0.58387 38.4706 0.0351077
7133781 0.583858 38.4659 0.035109
7138670 0.583931 38.4744 0.0351101
7143560 0.583919 38.4696 0.0351114
7148449 0.583991 38.4781 0.0351125
7153339 0.58398 38.4734 0.0351138
7158228 0.584052 38.4819 0.035115
7163118 0.584041 38.4772 0.0351163
7168007 0.584113 38.4857 0.0351174
7172897 0.584102 38.4809 0.0351187
7177786 0.584174 38.4894 0.0351198
7182676 0.584162 38.4847 0.0351211
7187565 0.584234 38.4932 0.0351222
7192455 0.584223 38.4884 0.0351235
7197344 0.584295 38.4969 0.0351246
7202234 0.584284 38.4922 0.0351258
7207123 0.584356 38.5007 0.0351269
7212013 0.584344 38.496 0.0351282
7216902 0.584416 38.5045 0.0351293
7221792 0.584405 38.4997 0.0351306
7226681 0.584477 38.5082 0.0351317
7231571 0.584465 38.5035 0.035133
7236460 0.584537 38.512 0.035134
7241350 0.584526 38.5072 0.0351353
7246239 0.584598 38.5157 0.0351364
7251129 0.584586 38.511 0.0351377
7256018 0.584658 38.5195 0.0351387
7260908 0.584646 38.5147 0.03514
7265797 0.584718 38.5233 0.0351411
7270687 0.584707 38.5185 0.0351424
7275576 0.584778 38.527 0.0351434
7280466 0.584767 38.5223 0.0351447
7285355 0.584839 38.5308 0.0351457
7290245 0.584827 38.526 0.035147
7295134 0.584899 38.5345 0.0351481
7300024 0.584887 38.5298 0.0351493
7304913 0.584959 38.5383 0.0351504
7309803 0.584947 38.5335 0.0351516
7314692 0.585019 38.542 0.0351527
7319582 0.585007 38.5373 0.0351539
7324471 0.585079 38.5458 0.035155
7329361 0.585067 38.541 0.0351562
7334250 0.585139 38.5495 0.0351573
7339140 0.585127 38.5448 0.0351585
7344029 0.585199 38.5533 0.0351596
7348919 0.585187 38.5485 0.0351608
7353808 0.585259 38.557 0.0351618
7358698 0.585247 38.5523 0.0351631
7363587 0.585318 38.5608 0.0351641
7368477 0.585307 38.556 0.0351653
7373366 0.585378 38.5645 0.0351664
7378256 0.585366 38.5598 0.0351676
7383145 0.585438 38.5683 0.0351686
7388035 0.585426 38.5635 0.0351698
7392924 0.585498 38.572 0.0351709
7397814 0.585486 38.5672 0.0351721
7402703 0.585557 38.5757 0.0351731
7407593 0.585545 38.571 0.0351743
7412482 0.585617 38.5794 0.0351754
7417372 0.585605 38.5747 0.0351766
7422261 0.585676 38.5832 0.0351776
7427151 0.585665 38.5784 0.0351788
7432040 0.585736 38.5869 0.0351798
7436930 0.585724 38.5822 0.035181
7441819 0.585795 38.5906 0.035182
7446709 0.585783 38.5859 0.0351832
7451598 0.585855 38.5943 0.0351842
7456488 0.585843 38.5896 0.0351854
7461377 0.585914 38.5981 0.0351864
7466267 0.585902 38.5933 0.0351876
7471156 0.585973 38.6018 0.0351886
7476046 0.585961 38.597 0.0351898
7480935 0.586033 38.6055 0.0351908
7485825 0.586021 38.6007 0.035192
7490714 0.586092 38.6092 0.035193
7495604 0.58608 38.6044 0.0351942
7500493 0.586151 38.6129 0.0351952
7505383 0.586139 38.6081 0.0351964
7510272 0.58621 38.6166 0.0351974
7515162 0.586198 38.6118 0.0351985
7520051 0.586269 38.6203 0.0351995
7524941 0.586257 38.6155 0.0352007
7529830 0.586328 38.624 0.0352017
7534720 0.586316 38.6192 0.0352028
7539609 0.586387 38.6277 0.0352038
7544499 0.586375 38.623 0.035205
7549388 0.586446 38.6314 0.035206
7554278 0.586434 38.6267 0.0352071
7559167 0.586505 38.6351 0.0352081
7564057 0.586493 38.6304 0.0352093
7568946 0.586564 38.6388 0.0352102
7573836 0.586552 38.634 0.0352114
7578725 0.586623 38.6425 0.0352124
7583615 0.586611 38.6377 0.0352135
7588504 0.586682 38.6462 0.0352145
7593394 0.586669 38.6414 0.0352156
7598283 0.58674 38.6499 0.0352166
7603173 0.586728 38.6451 0.0352177
7608062 0.586799 38.6536 0.0352187
7612952 0.586787 38.6488 0.0352198
7617841 0.586858 38.6572 0.0352208
7622731 0.586845 38.6525 0.0352219
7627620 0.586916 38.6609 0.0352229
7632510 0.586904 38.6561 0.035224
7637399 0.586975 38.6646 0.035225
7642289 0.586962 38.6598 0.0352261
7647178 0.587033 38.6683 0.0352271
7652068 0.587021 38.6635 0.0352282
7656957 0.587092 38.6719 0.0352291
7661847 0.587079 38.6672 0.0352303
7666736 0.58715 38.6756 0.0352312
7671626 0.587138 38.6708 0.0352323
7676515 0.587208 38.6793 0.0352333
7681405 0.587196 38.6745 0.0352344
7686294 0.587267 38.6829 0.0352353
7691184 0.587254 38.6782 0.0352364
7696073 0.587325 38.6866 0.0352374
7700963 0.587313 38.6818 0.0352385
7705852 0.587383 38.6903 0.0352394
7710742 0.587371 38.6855 0.0352405
7715631 0.587441 38.6939 0.0352415
7720521 0.587429 38.6891 0.0352426
7725410 0.5875 38.6976 0.0352435
7730300 0.587487 38.6928 0.0352446
7735189 0.587558 38.7012 0.0352455
7740079 0.587545 38.6964 0.0352466
7744968 0.587616 38.7048 0.0352475
7749858 0.587603 38.7 0.0352486
7754747 0.587674 38.7085 0.0352495
7759637 0.587661 38.7037 0.0352506
7764526 0.587732 38.7121 0.0352516
7769416 0.587719 38.7073 0.0352526
7774305 0.58779 38.7157 0.0352536
7779195 0.587777 38.7109 0.0352546
7784084 0.587847 38.7194 0.0352555
7788974 0.587835 38.7146 0.0352566
7793863 0.587905 38.723 0.0352575
7798753 0.587893 38.7182 0.0352586
7803642 0.587963 38.7266 0.0352595
7808532 0.58795 38.7218 0.0352606
7813421 0.588021 38.7303 0.0352615
7818311 0.588008 38.7255 0.0352626
7823200 0.588079 38.7339 0.0352635
7828090 0.588066 38.7291 0.0352646
7832979 0.588136 38.7375 0.0352654
7837869 0.588124 38.7327 0.0352665
7842758 0.588194 38.7411 0.0352674
7847648 0.588181 38.7363 0.0352685
7852537 0.588251 38.7447 0.0352694
7857427 0.588239 38.7399 0.0352704
7862316 0.588309 38.7483 0.0352713
7867206 0.588296 38.7435 0.0352724
7872095 0.588366 38.7519 0.0352733
7876985 0.588354 38.7471 0.0352743
7881874 0.588424 38.7555 0.0352752
7886764 0.588411 38.7507 0.0352763
7891653 0.588481 38.7591 0.0352771
7896543 0.588468 38.7543 0.0352782
7901432 0.588539 38.7627 0.035279
7906322 0.588526 38.7579 0.0352801
7911211 0.588596 38.7663 0.035281
7916101 0.588583 38.7615 0.035282
7920990 0.588653 38.7699 0.0352829
7925880 0.58864 38.7651 0.0352839
7930769 0.58871 38.7735 0.0352848
7935659 0.588698 38.7687 0.0352858
7940548 0.588768 38.7771 0.0352867
7945438 0.588755 38.7722 0.0352877
7950327 0.588825 38.7806 0.0352886
7955217 0.588812 38.7758 0.0352896
7960106 0.588882 38.7842 0.0352905
7964996 0.588869 38.7794 0.0352915
7969885 0.588939 38.7878 0.0352924
7974775 0.588926 38.7829 0.0352934
7979664 0.588996 38.7913 0.0352943
7984554 0.588983 38.7865 0.0352953
7989443 0.589053 38.7949 0.0352961
7994333 0.58904 38.79 0.0352972
7999222 0.58911 38.7984 0.035298
8004112 0.589097 38.7936 0.035299
8009001 0.589167 38.802 0.0352999
8013891 0.589154 38.7971 0.0353009
8018780 0.589224 38.8055 0.0353017
8023670 0.589211 38.8006 0.0353028
8028559 0.58928 38.809 0.0353036
8033449 0.589267 38.8042 0.0353046
8038338 0.589337 38.8126 0.0353054
8043228 0.589324 38.8077 0.0353065
8048117 0.589394 38.8161 0.0353073
8053007 0.589381 38.8112 0.0353083
8057896 0.589451 38.8196 0.0353091
8062786 0.589438 38.8147 0.0353101
8067675 0.589507 38.8231 0.035311
8072565 0.589494 38.8182 0.035312
8077454 0.589564 38.8266 0.0353128
8082344 0.589551 38.8218 0.0353138
8087233 0.58962 38.8302 0.0353146
8092123 0.589607 38.8253 0.0353156
8097012 0.589677 38.8337 0.0353164
8101902 0.589664 38.8288 0.0353174
8106791 0.589733 38.8372 0.0353183
8111681 0.58972 38.8323 0.0353193
8116570 0.58979 38.8407 0.0353201
8121460 0.589777 38.8358 0.0353211
8126349 0.589846 38.8442 0.0353219
8131239 0.589833 38.8393 0.0353229
8136128 0.589903 38.8477 0.0353237
8141018 0.589889 38.8428 0.0353247
8145907 0.589959 38.8512 0.0353255
8150797 0.589946 38.8463 0.0353264
8155686 0.590015 38.8547 0.0353272
8160576 0.590002 38.8498 0.0353282
8165465 0.590071 38.8582 0.035329
8170355 0.590058 38.8533 0.03533
8175244 0.590128 38.8617 0.0353308
8180134 0.590114 38.8568 0.0353318
8185023 0.590184 38.8652 0.0353326
8189913 0.59017 38.8603 0.0353336
8194802 0.59024 38.8687 0.0353343
8199692 0.590226 38.8638 0.0353353
8204581 0.590296 38.8722 0.0353361
8209471 0.590283 38.8673 0.0353371
8214360 0.590352 38.8757 0.0353379
8219250 0.590339 38.8708 0.0353388
8224139 0.590408 38.8791 0.0353396
8229029 0.590395 38.8742 0.0353406
8233918 0.590464 38.8826 0.0353414
8238808 0.59045 38.8777 0.0353423
8243697 0.59052 38.8861 0.0353431
8248587 0.590506 38.8812 0.0353441
8253476 0.590576 38.8895 0.0353448
8258366 0.590562 38.8846 0.0353458
8263255 0.590631 38.893 0.0353466
8268145 0.590618 38.8881 0.0353475
8273034 0.590687 38.8965 0.0353483
8277924 0.590674 38.8916 0.0353493
8282813 0.590743 38.8999 0.03535
8287703 0.590729 38.895 0.035351
8292592 0.590799 38.9034 0.0353517
8297482 0.590785 38.8985 0.0353527
8302371 0.590854 38.9068 0.0353535
8307261 0.590841 38.9019 0.0353544
8312150 0.59091 38.9103 0.0353552
8317040 0.590896 38.9054 0.0353561
8321929 0.590965 38.9137 0.0353569
8326819 0.590952 38.9088 0.0353578
8331708 0.591021 38.9172 0.0353586
8336598 0.591007 38.9123 0.0353595
8341487 0.591076 38.9206 0.0353603
8346377 0.591063 38.9157 0.0353612
8351266 0.591132 38.9241 0.0353619
8356156 0.591118 38.9191 0.0353629
8361045 0.591187 38.9275 0.0353636
8365935 0.591174 38.9226 0.0353646
8370824 0.591243 38.9309 0.0353653
8375714 0.591229 38.926 0.0353662
8380603 0.591298 38.9344 0.035367
8385493 0.591284 38.9295 0.0353679
8390382 0.591353 38.9378 0.0353687
8395272 0.59134 38.9329 0.0353696
8400161 0.591409 38.9413 0.0353703
8405051 0.591395 38.9364 0.0353713
8409940 0.591464 38.9447 0.035372
8414830 0.59145 38.9398 0.0353729
8419719 0.591519 38.9482 0.0353736
8424609 0.591505 38.9433 0.0353746
8429498 0.591574 38.9516 0.0353753
8434388 0.59156 38.9467 0.0353762
8439277 0.591629 38.955 0.0353769
8444167 0.591616 38.9501 0.0353779
8449056 0.591684 38.9585 0.0353786
8453946 0.591671 38.9536 0.0353795
8458835 0.591739 38.9619 0.0353802
8463725 0.591726 38.957 0.0353811
8468614 0.591794 38.9653 0.0353819
8473504 0.591781 38.9604 0.0353828
8478393 0.591849 38.9687 0.0353835
8483283 0.591835 38.9638 0.0353844
8488172 0.591904 38.9721 0.0353851
8493062 0.59189 38.9672 0.035386
8497951 0.591959 38.9756 0.0353867
8502841 0.591945 38.9706 0.0353876
8507730 0.592014 38.979 0.0353884
8512620 0.592 38.974 0.0353893
8517509 0.592069 38.9824 0.03539
8522399 0.592055 38.9775 0.0353909
8527288 0.592123 38.9858 0.0353916
8532178 0.592109 38.9809 0.0353925
8537067 0.592178 38.9892 0.0353932
8541957 0.592164 38.9843 0.0353941
8546846 0.592233 38.9926 0.0353948
8551736 0.592219 38.9877 0.0353957
8556625 0.592287 38.996 0.0353964
8561515 0.592273 38.9911 0.0353973
8566404 0.592342 38.9994 0.035398
8571294 0.592328 38.9945 0.0353989
8576183 0.592396 39.0028 0.0353996
8581073 0.592383 38.9979 0.0354004
8585962 0.592451 39.0062 0.0354011
8590852 0.592437 39.0013 0.035402
8595741 0.592505 39.0096 0.0354027
8600631 0.592491 39.0047 0.0354036
8605520 0.59256 39.013 0.0354043
8610410 0.592546 39.008 0.0354052
8615299 0.592614 39.0164 0.0354059
8620189 0.5926 39.0114 0.0354067
8625078 0.592669 39.0197 0.0354074
8629968 0.592655 39.0148 0.0354083
8634857 0.592723 39.0231 0.035409
8639747 0.592709 39.0182 0.0354099
8644636 0.592777 39.0265 0.0354105
8649526 0.592763 39.0216 0.0354114
8654415 0.592831 39.0299 0.0354121
8659305 0.592817 39.025 0.035413
8664194 0.592886 39.0333 0.0354136
8669084 0.592872 39.0283 0.0354145
8673973 0.59294 39.0366 0.0354152
8678863 0.592926 39.0317 0.035416
8683752 0.592994 39.04 0.0354167
8688642 0.59298 39.0351 0.0354176
8693531 0.593048 39.0434 0.0354182
8698421 0.593034 39.0384 0.0354191
8703310 0.593102 39.0467 0.0354198
8708200 0.593088 39.0418 0.0354206
8713089 0.593156 39.0501 0.0354213
8717979 0.593142 39.0452 0.0354222
8722868 0.59321 39.0535 0.0354228
8727758 0.593196 39.0485 0.0354237
8732647 0.593264 39.0568 0.0354243
8737537 0.59325 39.0519 0.0354252
8742426 0.593318 39.0602 0.0354259
8747316 0.593304 39.0553 0.0354267
8752205 0.593372 39.0636 0.0354274
8757095 0.593358 39.0586 0.0354282
8761984 0.593426 39.0669 0.0354289
8766874 0.593411 39.062 0.0354297
8771763 0.593479 39.0703 0.0354304
8776653 0.593465 39.0653 0.0354312
8781542 0.593533 39.0736 0.0354319
8786432 0.593519 39.0687 0.0354327
8791321 0.593587 39.077 0.0354334
8796211 0.593573 39.0721 0.0354342
8801100 0.59364 39.0804 0.0354349
8805990 0.593626 39.0754 0.0354357
8810879 0.593694 39.0837 0.0354363
8815769 0.59368 39.0788 0.0354372
8820658 0.593748 39.0871 0.0354378
8825548 0.593733 39.0821 0.0354387
8830437 0.593801 39.0904 0.0354393
8835327 0.593787 39.0854 0.0354401
8840216 0.593855 39.0937 0.0354408
8845106 0.59384 39.0888 0.0354416
8849995 0.593908 39.0971 0.0354422
8854885 0.593894 39.0921 0.0354431
8859774 0.593962 39.1004 0.0354437
8864664 0.593947 39.0954 0.0354445
8869553 0.594015 39.1037 0.0354452
8874443 0.594001 39.0987 0.035446
8879332 0.594068 39.107 0.0354466
8884222 0.594054 39.1021 0.0354474
8889111 0.594122 39.1103 0.0354481
8894001 0.594107 39.1054 0.0354489
8898890 0.594175 39.1137 0.0354495
8903780 0.594161 39.1087 0.0354503
8908669 0.594228 39.117 0.035451
8913559 0.594214 39.112 0.0354518
8918448 0.594281 39.1203 0.0354524
8923338 0.594267 39.1153 0.0354532
8928227 0.594335 39.1236 0.0354538
8933117 0.59432 39.1186 0.0354547
8938006 0.594388 39.1269 0.0354553
8942896 0.594373 39.1219 0.0354561
8947785 0.594441 39.1302 0.0354567
8952675 0.594426 39.1252 0.0354575
8957564 0.594494 39.1335 0.0354581
8962454 0.594479 39.1285 0.0354589
8967343 0.594547 39.1368 0.0354596
8972233 0.594532 39.1318 0.0354604
8977122 0.5946 39.1401 0.035461
8982012 0.594585 39.1351 0.0354618
8986901 0.594653 39.1434 0.0354624
8991791 0.594638 39.1384 0.0354632
8996680 0.594706 39.1467 0.0354638
9001570 0.594691 39.1417 0.0354646
9006459 0.594759 39.15 0.0354652
9011349 0.594744 39.145 0.035466
9016238 0.594812 39.1533 0.0354666
9021128 0.594797 39.1483 0.0354674
9026017 0.594864 39.1565 0.035468
9030907 0.59485 39.1516 0.0354688
9035796 0.594917 39.1598 0.0354694
9040686 0.594903 39.1548 0.0354702
9045575 0.59497 39.1631 0.0354708
9050465 0.594955 39.1581 0.0354716
9055354 0.595023 39.1663 0.0354722
9060244 0.595008 39.1614 0.035473
9065133 0.595075 39.1696 0.0354736
9070023 0.595061 39.1646 0.0354743
9074912 0.595128 39.1729 0.0354749
9079802 0.595113 39.1679 0.0354757
9084691 0.59518 39.1761 0.0354763
9089581 0.595166 39.1712 0.0354771
9094470 0.595233 39.1794 0.0354777
9099360 0.595218 39.1744 0.0354785
9104249 0.595286 39.1827 0.0354791
9109139 0.595271 39.1777 0.0354798
9114028 0.595338 39.1859 0.0354804
9118918 0.595323 39.1809 0.0354812
9123807 0.59539 39.1891 0.0354818
9128697 0.595376 39.1842 0.0354826
9133586 0.595443 39.1924 0.0354832
9138476 0.595428 39.1874 0.0354839
9143365 0.595495 39.1956 0.0354845
9148255 0.595481 39.1906 0.0354853
9153144 0.595548 39.1989 0.0354859
9158034 0.595533 39.1939 0.0354866
9162923 0.5956 39.2021 0.0354872
9167813 0.595585 39.1971 0.035488
9172702 0.595652 39.2053 0.0354886
9177592 0.595637 39.2003 0.0354893
9182481 0.595704 39.2086 0.0354899
9187371 0.59569 39.2036 0.0354907
9192260 0.595757 39.2118 0.0354912
9197150 0.595742 39.2068 0.035492
9202039 0.595809 39.215 0.0354926
9206929 0.595794 39.21 0.0354933
9211818 0.595861 39.2182 0.0354939
9216708 0.595846 39.2132 0.0354947
9221597 0.595913 39.2215 0.0354952
9226487 0.595898 39.2164 0.035496
9231376 0.595965 39.2247 0.0354965
9236266 0.59595 39.2197 0.0354973
9241155 0.596017 39.2279 0.0354979
9246045 0.596002 39.2229 0.0354986
9250934 0.596069 39.2311 0.0354992
9255824 0.596054 39.2261 0.0354999
9260713 0.596121 39.2343 0.0355005
9265603 0.596106 39.2293 0.0355012
9270492 0.596173 39.2375 0.0355018
9275382 0.596158 39.2325 0.0355026
9280271 0.596225 39.2407 0.0355031
9285161 0.59621 39.2357 0.0355039
9290050 0.596277 39.2439 0.0355044
9294940 0.596262 39.2389 0.0355052
9299829 0.596328 39.2471 0.0355057
9304719 0.596313 39.2421 0.0355065
9309608 0.59638 39.2503 0.035507
9314498 0.596365 39.2453 0.0355078
9319387 0.596432 39.2535 0.0355083
9324277 0.596417 39.2485 0.035509
9329166 0.596484 39.2567 0.0355096
9334056 0.596469 39.2517 0.0355103
9338945 0.596535 39.2599 0.0355109
9343835 0.59652 39.2548 0.0355116
9348724 0.596587 39.263 0.0355122
9353614 0.596572 39.258 0.0355129
9358503 0.596638 39.2663 0.0355135
9363393 0.596623 39.2613 0.0355142
9368282 0.59669 39.2695 0.0355147
9373172 0.596675 39.2645 0.0355155
9378061 0.596741 39.2727 0.035516
9382951 0.596726 39.2677 0.0355167
9387840 0.596793 39.2759 0.0355173
9392730 0.596778 39.2709 0.035518
9397619 0.596844 39.2791 0.0355185
9402509 0.596829 39.2741 0.0355193
9407398 0.596896 39.2823 0.0355198
9412288 0.596881 39.2773 0.0355205
9417177 0.596947 39.2856 0.0355211
9422067 0.596932 39.2806 0.0355218
9426956 0.596999 39.2888 0.0355223
9431846 0.596983 39.2838 0.0355231
9436735 0.59705 39.292 0.0355236
9441625 0.597035 39.287 0.0355243
9446514 0.597101 39.2952 0.0355248
9451404 0.597086 39.2902 0.0355256
9456293 0.597152 39.2984 0.0355261
9461183 0.597137 39.2934 0.0355268
9466072 0.597204 39.3016 0.0355273
9470962 0.597188 39.2966 0.035528
9475851 0.597255 39.3048 0.0355286
9480741 0.59724 39.2998 0.0355293
9485630 0.597306 39.308 0.0355298
9490520 0.597291 39.303 0.0355305
9495409 0.597357 39.3112 0.0355311
9500299 0.597342 39.3062 0.0355318
9505188 0.597408 39.3144 0.0355323
9510078 0.597393 39.3094 0.035533
9514967 0.597459 39.3176 0.0355335
9519857 0.597444 39.3126 0.0355342
9524746 0.59751 39.3208 0.0355347
9529636 0.597495 39.3158 0.0355355
9534525 0.597561 39.324 0.035536
9539415 0.597546 39.319 0.0355367
9544304 0.597612 39.3272 0.0355372
9549194 0.597597 39.3222 0.0355379
9554083 0.597663 39.3304 0.0355384
9558973 0.597648 39.3253 0.0355391
9563862 0.597714 39.3335 0.0355396
9568752 0.597698 39.3285 0.0355403
9573641 0.597765 39.3367 0.0355408
9578531 0.597749 39.3317 0.0355415
9583420 0.597815 39.3399 0.0355421
9588310 0.5978 39.3349 0.0355428
9593199 0.597866 39.343 0.0355433
9598089 0.597851 39.338 0.035544
9602978 0.597917 39.3462 0.0355445
9607868 0.597901 39.3412 0.0355452
9612757 0.597968 39.3494 0.0355457
9617647 0.597952 39.3443 0.0355464
9622536 0.598018 39.3525 0.0355469
9627426 0.598003 39.3475 0.0355476
9632315 0.598069 39.3557 0.0355481
9637205 0.598053 39.3507 0.0355488
9642094 0.598119 39.3589 0.0355493
9646984 0.598104 39.3538 0.0355499
9651873 0.59817 39.362 0.0355504
9656763 0.598155 39.357 0.0355511
9661652 0.598221 39.3652 0.0355516
9666542 0.598205 39.3601 0.0355523
9671431 0.598271 39.3683 0.0355528
9676321 0.598256 39.3633 0.0355535
9681210 0.598321 39.3715 0.035554
9686100 0.598306 39.3664 0.0355547
9690989 0.598372 39.3746 0.0355552
9695879 0.598356 39.3696 0.0355559
9700768 0.598422 39.3777 0.0355564
9705658 0.598407 39.3727 0.035557
9710547 0.598473 39.3809 0.0355575
9715437 0.598457 39.3758 0.0355582
9720326 0.598523 39.384 0.0355587
9725216 0.598507 39.379 0.0355594
9730105 0.598573 39.3871 0.0355599
9734995 0.598558 39.3821 0.0355605
9739884 0.598624 39.3903 0.035561
9744774 0.598608 39.3852 0.0355617
9749663 0.598674 39.3934 0.0355622
9754553 0.598658 39.3884 0.0355629
9759442 0.598724 39.3965 0.0355634
9764332 0.598708 39.3915 0.035564
9769221 0.598774 39.3997 0.0355645
9774111 0.598758 39.3946 0.0355652
9779000 0.598824 39.4028 0.0355657
9783890 0.598809 39.3977 0.0355663
9788779 0.598874 39.4059 0.0355668
9793669 0.598859 39.4009 0.0355675
9798558 0.598924 39.409 0.035568
9803448 0.598909 39.404 0.0355686
9808337 0.598974 39.4121 0.0355691
9813227 0.598959 39.4071 0.0355698
9818116 0.599024 39.4152 0.0355703
9823006 0.599009 39.4102 0.0355709
9827895 0.599074 39.4183 0.0355714
9832785 0.599059 39.4133 0.0355721
9837674 0.599124 39.4214 0.0355725
9842564 0.599108 39.4164 0.0355732
9847453 0.599174 39.4245 0.0355737
9852343 0.599158 39.4195 0.0355743
9857232 0.599224 39.4276 0.0355748
9862122 0.599208 39.4226 0.0355755
9867011 0.599274 39.4307 0.0355759
9871901 0.599258 39.4257 0.0355766
9876790 0.599324 39.4338 0.0355771
9881680 0.599308 39.4288 0.0355777
9886569 0.599373 39.4369 0.0355782
9891459 0.599358 39.4318 0.0355788
9896348 0.599423 39.44 0.0355793
9901238 0.599407 39.4349 0.03558
9906127 0.599473 39.4431 0.0355804
9911017 0.599457 39.438 0.0355811
9915906 0.599522 39.4462 0.0355815
9920796 0.599507 39.4411 0.0355822
9925685 0.599572 39.4493 0.0355827
9930575 0.599556 39.4442 0.0355833
9935464 0.599622 39.4524 0.0355838
9940354 0.599606 39.4473 0.0355844
9945243 0.599671 39.4555 0.0355849
9950133 0.599655 39.4504 0.0355855
9955022 0.599721 39.4585 0.035586
9959912 0.599705 39.4535 0.0355866
9964801 0.59977 39.4616 0.0355871
9969691 0.599754 39.4566 0.0355877
9974580 0.59982 39.4647 0.0355882
9979470 0.599804 39.4596 0.0355888
9984359 0.599869 39.4678 0.0355893
9989249 0.599853 39.4627 0.0355899
9994138 0.599918 39.4709 0.0355904
9999028 0.599903 39.4658 0.035591
0 0 0 0
0 0 0 0
0 0 0 0
0 0 0 0
0 0 0 0
0 0 0 0
0 0 0 0
0 0 0 0
0 0 0 0
0 0 0 0
0 0 0 0
0 0 0 0
0 0 0 0
0 0 0 0
0 0 0 0
0 0 0 0
0 0 0 0
0 0 0 0
0 0 0 0
0 0 0 0
0 0 0 0
0 0 0 0
0 0 0 0
0 0 0 0
0 0 0 0
0 0 0 0
0 0 0 0
0 0 0 0
0 0 0 0
0 0 0 0
0 0 0 0
0 0 0 0
0 0 0 0
0 0 0 0
0 0 0 0
0 0 0 0
0 0 0 0
0 0 0 0
0 0 0 0
0 0 0 0
0 0 0 0
0 0 0 0
0 0 0 0
0 0 0 0
0 0 0 0
0 0 0 0
0 0 0 0
0 0 0 0
0 0 0 0
0 0 0 0
0 0 0 0
0 0 0 0
0 0 0 0
0 0 0 0
0 0 0 0
0 0 0 0
0 0 0 0
0 0 0 0
0 0 0 0
0 0 0 0
0 0 0 0
0 0 0 0
0 0 0 0
0 0 0 0
0 0 0 0
0 0 0 0
0 0 0 0
0 0 0 0
0 0 0 0
0 0 0 0
0 0 0 0
0 0 0 0
0 0 0 0
0 0 0 0
0 0 0 0
0 0 0 0
0 0 0 0
0 0 0 0
0 0 0 0
0 0 0 0
0 0 0 0
0 0 0 0
0 0 0 0
0 0 0 0
0 0 0 0
0 0 0 0
0 0 0 0
0 0 0 0
0 0 0 0
0 0 0 0
0 0 0 0
0 0 0 0
0 0 0 0
0 0 0 0
0 0 0 0
0 0 0 0
0 0 0 0
0 0 0 0
0 0 0 0
0 0 0 0
0 0 0 0
0 0 0 0
0 0 0 0
0 0 0 0
0 0 0 0
0 0 0 0
0 0 0 0
0 0 0 0
0 0 0 0
0 0 0 0
0 0 0 0
0 0 0 0
0 0 0 0
0 0 0 0
0 0 0 0
0 0 0 0
0 0 0 0
0 0 0 0
0 0 0 0
0 0 0 0
0 0 0 0
0 0 0 0
0 0 0 0
0 0 0 0
0 0 0 0
0 0 0 0
0 0 0 0
0 0 0 0
0 0 0 0
0 0 0 0
0 0 0 0
0 0 0 0
0 0 0 0
0 0 0 0
0 0 0 0
0 0 0 0
0 0 0 0
0 0 0 0
0 0 0 0
0 0 0 0
0 0 0 0
0 0 0 0
0 0 0 0
0 0 0 0
0 0 0 0
0 0 0 0
0 0 0 0
0 0 0 0
0 0 0 0
0 0 0 0
0 0 0 0
0 0 0 0
0 0 0 0
0 0 0 0
0 0 0 0
0 0 0 0
0 0 0 0
0 0 0 0
0 0 0 0
0 0 0 0
0 0 0 0
0 0 0 0
0 0 0 0
0 0 0 0
0 0 0 0
0 0 0 0
0 0 0 0
0 0 0 0
0 0 0 0
0 0 0 0
0 0 0 0
0 0 0 0
0 0 0 0
0 0 0 0
0 0 0 0
0 0 0 0
0 0 0 0
0 0 0 0
0 0 0 0
0 0 0 0
0 0 0 0
0 0 0 0
0 0 0 0
0 0 0 0
0 0 0 0
0 0 0 0
0 0 0 0
0 0 0 0
0 0 0 0
0 0 0 0
0 0 0 0
0 0 0 0
0 0 0 0
0 0 0 0
0 0 0 0
0 0 0 0
0 0 0 0
0 0 0 0
0 0 0 0
0 0 0 0
0 0 0 0
0 0 0 0
0 0 0 0
0 0 0 0
0 0 0 0
0 0 0 0
0 0 0 0
0 0 0 0
0 0 0 0
0 0 0 0
0 0 0 0
0 0 0 0
0 0 0 0
0 0 0 0
0 0 0 0
0 0 0 0
0 0 0 0
0 0 0 0
0 0 0 0
0 0 0 0
0 0 0 0
0 0 0 0
0 0 0 0
0 0 0 0
0 0 0 0
0 0 0 0
0 0 0 0
0 0 0 0
0 0 0 0
0 0 0 0
0 0 0 0
0 0 0 0
0 0 0 0
0 0 0 0
0 0 0 0
0 0 0 0
0 0 0 0
0 0 0 0
0 0 0 0
0 0 0 0
0 0 0 0
0 0 0 0
0 0 0 0
0 0 0 0
0 0 0 0
0 0 0 0
0 0 0 0
0 0 0 0
0 0 0 0
0 0 0 0
0 0 0 0
0 0 0 0
0 0 0 0
0 0 0 0
0 0 0 0
0 0 0 0
0 0 0 0
0 0 0 0
0 0 0 0
0 0 0 0
0 0 0 0
0 0 0 0
0 0 0 0
0 0 0 0
0 0 0 0
0 0 0 0
0 0 0 0
0 0 0 0
0 0 0 0
0 0 0 0
0 0 0 0
0 0 0 0
0 0 0 0
0 0 0 0
0 0 0 0
0 0 0 0
0 0 0 0
0 0 0 0
0 0 0 0
0 0 0 0
0 0 0 0
0 0 0 0
0 0 0 0
0 0 0 0
0 0 0 0
0 0 0 0
0 0 0 0
0 0 0 0
0 0 0 0
0 0 0 0
0 0 0 0
0 0 0 0
0 0 0 0
0 0 0 0
0 0 0 0
0 0 0 0
0 0 0 0
0 0 0 0
0 0 0 0
0 0 0 0
0 0 0 0
0 0 0 0
0 0 0 0
0 0 0 0
0 0 0 0
0 0 0 0
0 0 0 0
0 0 0 0
0 0 0 0
0 0 0 0
0 0 0 0
0 0 0 0
0 0 0 0
0 0 0 0
0 0 0 0
0 0 0 0
0 0 0 0
0 0 0 0
0 0 0 0
0 0 0 0
0 0 0 0
0 0 0 0
0 0 0 0
0 0 0 0
0 0 0 0
0 0 0 0
0 0 0 0
0 0 0 0
0 0 0 0
0 0 0 0
0 0 0 0
0 0 0 0
0 0 0 0
0 0 0 0
0 0 0 0
0 0 0 0
0 0 0 0
0 0 0 0
0 0 0 0
0 0 0 0
0 0 0 0
0 0 0 0
0 0 0 0
0 0 0 0
0 0 0 0
0 0 0 0
0 0 0 0
0 0 0 0
0 0 0 0
0 0 0 0
0 0 0 0
0 0 0 0
0 0 0 0
0 0 0 0
0 0 0 0
0 0 0 0
0 0 0 0
0 0 0 0
0 0 0 0
0 0 0 0
0 0 0 0
0 0 0 0
0 0 0 0
0 0 0 0
0 0 0 0
0 0 0 0
0 0 0 0
0 0 0 0
0 0 0 0
0 0 0 0
0 0 0 0
0 0 0 0
0 0 0 0
0 0 0 0
0 0 0 0
0 0 0 0
0 0 0 0
0 0 0 0
0 0 0 0
0 0 0 0
0 0 0 0
0 0 0 0
0 0 0 0
0 0 0 0
0 0 0 0
0 0 0 0
0 0 0 0
0 0 0 0
0 0 0 0
0 0 0 0
0 0 0 0
0 0 0 0
0 0 0 0
0 0 0 0
0 0 0 0
0 0 0 0
0 0 0 0
0 0 0 0
0 0 0 0
0 0 0 0
0 0 0 0
0 0 0 0
0 0 0 0
0 0 0 0
0 0 0 0
0 0 0 0
0 0 0 0
0 0 0 0
0 0 0 0
0 0 0 0
0 0 0 0
0 0 0 0
0 0 0 0
0 0 0 0
0 0 0 0
0 0 0 0
0 0 0 0
0 0 0 0
0 0 0 0
0 0 0 0
0 0 0 0
0 0 0 0
0 0 0 0
0 0 0 0
0 0 0 0
0 0 0 0
0 0 0 0
0 0 0 0
0 0 0 0
0 0 0 0
0 0 0 0
0 0 0 0
0 0 0 0
0 0 0 0
0 0 0 0
0 0 0 0
0 0 0 0
0 0 0 0
0 0 0 0
0 0 0 0
0 0 0 0
0 0 0 0
0 0 0 0
0 0 0 0
0 0 0 0
0 0 0 0
0 0 0 0
0 0 0 0
0 0 0 0
0 0 0 0
0 0 0 0
0 0 0 0
0 0 0 0
0 0 0 0
0 0 0 0
0 0 0 0
0 0 0 0
0 0 0 0
0 0 0 0
0 0 0 0
0 0 0 0
0 0 0 0
0 0 0 0
0 0 0 0
0 0 0 0
0 0 0 0
0 0 0 0
0 0 0 0
0 0 0 0
0 0 0 0
0 0 0 0
0 0 0 0
0 0 0 0
0 0 0 0
0 0 0 0
0 0 0 0
0 0 0 0
0 0 0 0
0 0 0 0
0 0 0 0
0 0 0 0
0 0 0 0
0 0 0 0
0 0 0 0
0 0 0 0
0 0 0 0
0 0 0 0
0 0 0 0
0 0 0 0
0 0 0 0
0 0 0 0
0 0 0 0
0 0 0 0
0 0 0 0
0 0 0 0
0 0 0 0
0 0 0 0
0 0 0 0
0 0 0 0
0 0 0 0
0 0 0 0
0 0 0 0
0 0 0 0
0 0 0 0
0 0 0 0
0 0 0 0
0 0 0 0
0 0 0 0
0 0 0 0
0 0 0 0
0 0 0 0
0 0 0 0
0 0 0 0
0 0 0 0
0 0 0 0
0 0 0 0
0 0 0 0
0 0 0 0
0 0 0 0
0 0 0 0
0 0 0 0
0 0 0 0
0 0 0 0
0 0 0 0
0 0 0 0
0 0 0 0
0 0 0 0
0 0 0 0
0 0 0 0
0 0 0 0
0 0 0 0
0 0 0 0
0 0 0 0
0 0 0 0
0 0 0 0
0 0 0 0
0 0 0 0
0 0 0 0
0 0 0 0
0 0 0 0
0 0 0 0
0 0 0 0
0 0 0 0
0 0 0 0
0 0 0 0
0 0 0 0
0 0 0 0
0 0 0 0
0 0 0 0
0 0 0 0
0 0 0 0
0 0 0 0
0 0 0 0
0 0 0 0
0 0 0 0
0 0 0 0
0 0 0 0
0 0 0 0
0 0 0 0
0 0 0 0
0 0 0 0
0 0 0 0
0 0 0 0
0 0 0 0
0 0 0 0
0 0 0 0
0 0 0 0
0 0 0 0
0 0 0 0
0 0 0 0
0 0 0 0
0 0 0 0
0 0 0 0
0 0 0 0
0 0 0 0
0 0 0 0
0 0 0 0
0 0 0 0
0 0 0 0
0 0 0 0
0 0 0 0
0 0 0 0
0 0 0 0
0 0 0 0
0 0 0 0
0 0 0 0
0 0 0 0
0 0 0 0
0 0 0 0
0 0 0 0
0 0 0 0
0 0 0 0
0 0 0 0
0 0 0 0
0 0 0 0
0 0 0 0
0 0 0 0
0 0 0 0
0 0 0 0
0 0 0 0
0 0 0 0
0 0 0 0
0 0 0 0
0 0 0 0
0 0 0 0
0 0 0 0
0 0 0 0
0 0 0 0
0 0 0 0
0 0 0 0
0 0 0 0
0 0 0 0
0 0 0 0
0 0 0 0
0 0 0 0
0 0 0 0
0 0 0 0
0 0 0 0
0 0 0 0
0 0 0 0
0 0 0 0
0 0 0 0
0 0 0 0
0 0 0 0
0 0 0 0
0 0 0 0
0 0 0 0
0 0 0 0
0 0 0 0
0 0 0 0
0 0 0 0
0 0 0 0
0 0 0 0
0 0 0 0
0 0 0 0
0 0 0 0
0 0 0 0
0 0 0 0
0 0 0 0
0 0 0 0
0 0 0 0
0 0 0 0
0 0 0 0
0 0 0 0
0 0 0 0
0 0 0 0
0 0 0 0
0 0 0 0
0 0 0 0
0 0 0 0
0 0 0 0
0 0 0 0
0 0 0 0
0 0 0 0
0 0 0 0
0 0 0 0
0 0 0 0
0 0 0 0
0 0 0 0
0 0 0 0
0 0 0 0
0 0 0 0
0 0 0 0
0 0 0 0
0 0 0 0
0 0 0 0
0 0 0 0
0 0 0 0
0 0 0 0
0 0 0 0
0 0 0 0
0 0 0 0
0 0 0 0
0 0 0 0
0 0 0 0
0 0 0 0
0 0 0 0
0 0 0 0
0 0 0 0
0 0 0 0
0 0 0 0
0 0 0 0
0 0 0 0
0 0 0 0
0 0 0 0
0 0 0 0
0 0 0 0
0 0 0 0
0 0 0 0
0 0 0 0
0 0 0 0
0 0 0 0
0 0 0 0
0 0 0 0
0 0 0 0
0 0 0 0
0 0 0 0
0 0 0 0
0 0 0 0
0 0 0 0
0 0 0 0
0 0 0 0
0 0 0 0
0 0 0 0
0 0 0 0
0 0 0 0
0 0 0 0
0 0 0 0
0 0 0 0
0 0 0 0
0 0 0 0
0 0 0 0
0 0 0 0
0 0 0 0
0 0 0 0
0 0 0 0
0 0 0 0
0 0 0 0
0 0 0 0
0 0 0 0
0 0 0 0
0 0 0 0
0 0 0 0
0 0 0 0
0 0 0 0
0 0 0 0
0 0 0 0
0 0 0 0
0 0 0 0
0 0 0 0
0 0 0 0
0 0 0 0
0 0 0 0
0 0 0 0
0 0 0 0
0 0 0 0
0 0 0 0
0 0 0 0
0 0 0 0
0 0 0 0
0 0 0 0
0 0 0 0
0 0 0 0
0 0 0 0
0 0 0 0
0 0 0 0
0 0 0 0
0 0 0 0
0 0 0 0
0 0 0 0
0 0 0 0
0 0 0 0
0 0 0 0
0 0 0 0
0 0 0 0
0 0 0 0
0 0 0 0
0 0 0 0
0 0 0 0
0 0 0 0
0 0 0 0
0 0 0 0
0 0 0 0
0 0 0 0
0 0 0 0
0 0 0 0
0 0 0 0
0 0 0 0
0 0 0 0
0 0 0 0
0 0 0 0
0 0 0 0
0 0 0 0
0 0 0 0
0 0 0 0
0 0 0 0
0 0 0 0
0 0 0 0
0 0 0 0
0 0 0 0
0 0 0 0
0 0 0 0
0 0 0 0
0 0 0 0
0 0 0 0
0 0 0 0
0 0 0 0
0 0 0 0
0 0 0 0
0 0 0 0
0 0 0 0
0 0 0 0
0 0 0 0
0 0 0 0
0 0 0 0
0 0 0 0
0 0 0 0
0 0 0 0
0 0 0 0
0 0 0 0
0 0 0 0
0 0 0 0
0 0 0 0
0 0 0 0
0 0 0 0
0 0 0 0
0 0 0 0
0 0 0 0
0 0 0 0
0 0 0 0
0 0 0 0
0 0 0 0
0 0 0 0
0 0 0 0
0 0 0 0
0 0 0 0
0 0 0 0
0 0 0 0
0 0 0 0
0 0 0 0
0 0 0 0
0 0 0 0
0 0 0 0
0 0 0 0
0 0 0 0
0 0 0 0
0 0 0 0
0 0 0 0
0 0 0 0
0 0 0 0
0 0 0 0
0 0 0 0
0 0 0 0
0 0 0 0
0 0 0 0
0 0 0 0
0 0 0 0
0 0 0 0
0 0 0 0
0 0 0 0
0 0 0 0
0 0 0 0
0 0 0 0
0 0 0 0
0 0 0 0
0 0 0 0
0 0 0 0
0 0 0 0
0 0 0 0
0 0 0 0
0 0 0 0
0 0 0 0
0 0 0 0
0 0 0 0
0 0 0 0
0 0 0 0
0 0 0 0
0 0 0 0
0 0 0 0
0 0 0 0
0 0 0 0
0 0 0 0
0 0 0 0
0 0 0 0
0 0 0 0
0 0 0 0
0 0 0 0
0 0 0 0
0 0 0 0
0 0 0 0
0 0 0 0
0 0 0 0
0 0 0 0
0 0 0 0
0 0 0 0
0 0 0 0
0 0 0 0
0 0 0 0
0 0 0 0
0 0 0 0
0 0 0 0
0 0 0 0
0 0 0 0
0 0 0 0
0 0 0 0
0 0 0 0
0 0 0 0
0 0 0 0
0 0 0 0
0 0 0 0
0 0 0 0
0 0 0 0
0 0 0 0
0 0 0 0
0 0 0 0
0 0 0 0
0 0 0 0
0 0 0 0
0 0 0 0
0 0 0 0
0 0 0 0
0 0 0 0
0 0 0 0
0 0 0 0
0 0 0 0
0 0 0 0
0 0 0 0
0 0 0 0
0 0 0 0
0 0 0 0
0 0 0 0
0 0 0 0
0 0 0 0
0 0 0 0
0 0 0 0
0 0 0 0
0 0 0 0
0 0 0 0
0 0 0 0
0 0 0 0
0 0 0 0
0 0 0 0
0 0 0 0
0 0 0 0
0 0 0 0
0 0 0 0
0 0 0 0
0 0 0 0
0 0 0 0
0 0 0 0
0 0 0 0
0 0 0 0
0 0 0 0
0 0 0 0
0 0 0 0
0 0 0 0
0 0 0 0
0 0 0 0
0 0 0 0
0 0 0 0
0 0 0 0
0 0 0 0
0 0 0 0
0 0 0 0
0 0 0 0
0 0 0 0
0 0 0 0
0 0 0 0
0 0 0 0
0 0 0 0
0 0 0 0
0 0 0 0
0 0 0 0
0 0 0 0
0 0 0 0
0 0 0 0
0 0 0 0
0 0 0 0
0 0 0 0
0 0 0 0
0 0 0 0
0 0 0 0
0 0 0 0
0 0 0 0
0 0 0 0
0 0 0 0
0 0 0 0
0 0 0 0
0 0 0 0
0 0 0 0
0 0 0 0
0 0 0 0
0 0 0 0
0 0 0 0
0 0 0 0
0 0 0 0
0 0 0 0
0 0 0 0
0 0 0 0
0 0 0 0
0 0 0 0
0 0 0 0
0 0 0 0
0 0 0 0
0 0 0 0
0 0 0 0
0 0 0 0
0 0 0 0
0 0 0 0
0 0 0 0
0 0 0 0
0 0 0 0
0 0 0 0
0 0 0 0
0 0 0 0
0 0 0 0
0 0 0 0
0 0 0 0
0 0 0 0
0 0 0 0
0 0 0 0
0 0 0 0
0 0 0 0
0 0 0 0
0 0 0 0
0 0 0 0
0 0 0 0
0 0 0 0
0 0 0 0
0 0 0 0
0 0 0 0
0 0 0 0
0 0 0 0
0 0 0 0
0 0 0 0
0 0 0 0
0 0 0 0
0 0 0 0
0 0 0 0
0 0 0 0
0 0 0 0
0 0 0 0
0 0 0 0
0 0 0 0
0 0 0 0
0 0 0 0
0 0 0 0
0 0 0 0
0 0 0 0
0 0 0 0
0 0 0 0
0 0 0 0
0 0 0 0
0 0 0 0
0 0 0 0
0 0 0 0
0 0 0 0
0 0 0 0
0 0 0 0
0 0 0 0
0 0 0 0
0 0 0 0
0 0 0 0
0 0 0 0
0 0 0 0
0 0 0 0
0 0 0 0
0 0 0 0
0 0 0 0
0 0 0 0
0 0 0 0
0 0 0 0
0 0 0 0
0 0 0 0
0 0 0 0
0 0 0 0
0 0 0 0
0 0 0 0
0 0 0 0
0 0 0 0
0 0 0 0
0 0 0 0
0 0 0 0
0 0 0 0
0 0 0 0
0 0 0 0
0 0 0 0
0 0 0 0
0 0 0 0
0 0 0 0
0 0 0 0
0 0 0 0
0 0 0 0
0 0 0 0
0 0 0 0
0 0 0 0
0 0 0 0
0 0 0 0
0 0 0 0
0 0 0 0
0 0 0 0
0 0 0 0
0 0 0 0
0 0 0 0
0 0 0 0
0 0 0 0
0 0 0 0
0 0 0 0
0 0 0 0
0 0 0 0
0 0 0 0
0 0 0 0
0 0 0 0
0 0 0 0
0 0 0 0
0 0 0 0
0 0 0 0
0 0 0 0
0 0 0 0
0 0 0 0
0 0 0 0
0 0 0 0
0 0 0 0
0 0 0 0
0 0 0 0
0 0 0 0
0 0 0 0
0 0 0 0
0 0 0 0
0 0 0 0
0 0 0 0
0 0 0 0
0 0 0 0
0 0 0 0
0 0 0 0
0 0 0 0
0 0 0 0
0 0 0 0
0 0 0 0
0 0 0 0
0 0 0 0
0 0 0 0
0 0 0 0
0 0 0 0
0 0 0 0
0 0 0 0
0 0 0 0
0 0 0 0
0 0 0 0
0 0 0 0
0 0 0 0
0 0 0 0
0 0 0 0
0 0 0 0
0 0 0 0
0 0 0 0
0 0 0 0
0 0 0 0
0 0 0 0
0 0 0 0
0 0 0 0
0 0 0 0
0 0 0 0
0 0 0 0
0 0 0 0
0 0 0 0
0 0 0 0
0 0 0 0
0 0 0 0
0 0 0 0
0 0 0 0
0 0 0 0
0 0 0 0
0 0 0 0
0 0 0 0
0 0 0 0
0 0 0 0
0 0 0 0
0 0 0 0
0 0 0 0
0 0 0 0
0 0 0 0
0 0 0 0
0 0 0 0
0 0 0 0
0 0 0 0
0 0 0 0
0 0 0 0
0 0 0 0
0 0 0 0
0 0 0 0
0 0 0 0
0 0 0 0
0 0 0 0
0 0 0 0
0 0 0 0
0 0 0 0
0 0 0 0
0 0 0 0
0 0 0 0
0 0 0 0
0 0 0 0
0 0 0 0
0 0 0 0
0 0 0 0
0 0 0 0
0 0 0 0
0 0 0 0
0 0 0 0
0 0 0 0
0 0 0 0
0 0 0 0
0 0 0 0
0 0 0 0
0 0 0 0
0 0 0 0
0 0 0 0
0 0 0 0
0 0 0 0
0 0 0 0
0 0 0 0
0 0 0 0
0 0 0 0
0 0 0 0
0 0 0 0
0 0 0 0
0 0 0 0
0 0 0 0
0 0 0 0
0 0 0 0
0 0 0 0
0 0 0 0
0 0 0 0
0 0 0 0
0 0 0 0
0 0 0 0
0 0 0 0
0 0 0 0
0 0 0 0
0 0 0 0
0 0 0 0
0 0 0 0
0 0 0 0
0 0 0 0
0 0 0 0
0 0 0 0
0 0 0 0
0 0 0 0
0 0 0 0
0 0 0 0
0 0 0 0
0 0 0 0
0 0 0 0
0 0 0 0
0 0 0 0
0 0 0 0
0 0 0 0
0 0 0 0
0 0 0 0
0 0 0 0
0 0 0 0
0 0 0 0
0 0 0 0
0 0 0 0
0 0 0 0
0 0 0 0
0 0 0 0
0 0 0 0
0 0 0 0
0 0 0 0
0 0 0 0
0 0 0 0
0 0 0 0
0 0 0 0
0 0 0 0
0 0 0 0
0 0 0 0
0 0 0 0
0 0 0 0
0 0 0 0
0 0 0 0
0 0 0 0
0 0 0 0
0 0 0 0
0 0 0 0
0 0 0 0
0 0 0 0
0 0 0 0
0 0 0 0
0 0 0 0
0 0 0 0
0 0 0 0
0 0 0 0
0 0 0 0
0 0 0 0
0 0 0 0
0 0 0 0
0 0 0 0
0 0 0 0
0 0 0 0
0 0 0 0
0 0 0 0
0 0 0 0
0 0 0 0
0 0 0 0
0 0 0 0
0 0 0 0
0 0 0 0
0 0 0 0
0 0 0 0
0 0 0 0
0 0 0 0
0 0 0 0
0 0 0 0
0 0 0 0
0 0 0 0
0 0 0 0
0 0 0 0
0 0 0 0
0 0 0 0
0 0 0 0
0 0 0 0
0 0 0 0
0 0 0 0
0 0 0 0
0 0 0 0
0 0 0 0
0 0 0 0
0 0 0 0
0 0 0 0
0 0 0 0
0 0 0 0
0 0 0 0
0 0 0 0
0 0 0 0
0 0 0 0
0 0 0 0
0 0 0 0
0 0 0 0
0 0 0 0
0 0 0 0
0 0 0 0
0 0 0 0
0 0 0 0
0 0 0 0
0 0 0 0
0 0 0 0
0 0 0 0
0 0 0 0
0 0 0 0
0 0 0 0
0 0 0 0
0 0 0 0
0 0 0 0
0 0 0 0
0 0 0 0
0 0 0 0
0 0 0 0
0 0 0 0
0 0 0 0
0 0 0 0
0 0 0 0
0 0 0 0
0 0 0 0
0 0 0 0
0 0 0 0
0 0 0 0
0 0 0 0
0 0 0 0
0 0 0 0
0 0 0 0
0 0 0 0
0 0 0 0
0 0 0 0
0 0 0 0
0 0 0 0
0 0 0 0
0 0 0 0
0 0 0 0
0 0 0 0
0 0 0 0
0 0 0 0
0 0 0 0
0 0 0 0
0 0 0 0
0 0 0 0
0 0 0 0
0 0 0 0
0 0 0 0
0 0 0 0
0 0 0 0
0 0 0 0
0 0 0 0
0 0 0 0
0 0 0 0
0 0 0 0
0 0 0 0
0 0 0 0
0 0 0 0
0 0 0 0
0 0 0 0
0 0 0 0
0 0 0 0
0 0 0 0
0 0 0 0
0 0 0 0
0 0 0 0
0 0 0 0
0 0 0 0
0 0 0 0
0 0 0 0
0 0 0 0
0 0 0 0
0 0 0 0
0 0 0 0
0 0 0 0
0 0 0 0
0 0 0 0
0 0 0 0
0 0 0 0
0 0 0 0
0 0 0 0
0 0 0 0
0 0 0 0
0 0 0 0
0 0 0 0
0 0 0 0
0 0 0 0
0 0 0 0
0 0 0 0
0 0 0 0
0 0 0 0
0 0 0 0
0 0 0 0
0 0 0 0
0 0 0 0
0 0 0 0
0 0 0 0
0 0 0 0
0 0 0 0
0 0 0 0
0 0 0 0
0 0 0 0
0 0 0 0
0 0 0 0
0 0 0 0
0 0 0 0
0 0 0 0
0 0 0 0
0 0 0 0
0 0 0 0
0 0 0 0
0 0 0 0
0 0 0 0
0 0 0 0
0 0 0 0
0 0 0 0
0 0 0 0
0 0 0 0
0 0 0 0
0 0 0 0
0 0 0 0
0 0 0 0
0 0 0 0
0 0 0 0
0 0 0 0
0 0 0 0
0 0 0 0
0 0 0 0
0 0 0 0
0 0 0 0
0 0 0 0
0 0 0 0
0 0 0 0
0 0 0 0
0 0 0 0
0 0 0 0
0 0 0 0
0 0 0 0
0 0 0 0
0 0 0 0
0 0 0 0
0 0 0 0
0 0 0 0
0 0 0 0
0 0 0 0
0 0 0 0
0 0 0 0
0 0 0 0
0 0 0 0
0 0 0 0
0 0 0 0
0 0 0 0
0 0 0 0
0 0 0 0
0 0 0 0
0 0 0 0
0 0 0 0
0 0 0 0
0 0 0 0
0 0 0 0
0 0 0 0
0 0 0 0
0 0 0 0
0 0 0 0
0 0 0 0
0 0 0 0
0 0 0 0
0 0 0 0
0 0 0 0
0 0 0 0
0 0 0 0
0 0 0 0
0 0 0 0
0 0 0 0
0 0 0 0
0 0 0 0
0 0 0 0
0 0 0 0
0 0 0 0
0 0 0 0
0 0 0 0
0 0 0 0
0 0 0 0
0 0 0 0
0 0 0 0
0 0 0 0
0 0 0 0
0 0 0 0
0 0 0 0
0 0 0 0
0 0 0 0
0 0 0 0
0 0 0 0
0 0 0 0
0 0 0 0
0 0 0 0
0 0 0 0
0 0 0 0
0 0 0 0
0 0 0 0
0 0 0 0
0 0 0 0
0 0 0 0
0 0 0 0
0 0 0 0
0 0 0 0
0 0 0 0
0 0 0 0
0 0 0 0
0 0 0 0
0 0 0 0
0 0 0 0
0 0 0 0
0 0 0 0
0 0 0 0
0 0 0 0
0 0 0 0
0 0 0 0
0 0 0 0
0 0 0 0
0 0 0 0
0 0 0 0
0 0 0 0
0 0 0 0
0 0 0 0
0 0 0 0
0 0 0 0
0 0 0 0
0 0 0 0
0 0 0 0
0 0 0 0
0 0 0 0
0 0 0 0
0 0 0 0
0 0 0 0
0 0 0 0
0 0 0 0
0 0 0 0
0 0 0 0
0 0 0 0
0 0 0 0
0 0 0 0
0 0 0 0
0 0 0 0
0 0 0 0
0 0 0 0
0 0 0 0
0 0 0 0
0 0 0 0
0 0 0 0
0 0 0 0
0 0 0 0
0 0 0 0
0 0 0 0
0 0 0 0
0 0 0 0
0 0 0 0
0 0 0 0
0 0 0 0
0 0 0 0
0 0 0 0
0 0 0 0
0 0 0 0
0 0 0 0
0 0 0 0
0 0 0 0
0 0 0 0
0 0 0 0
0 0 0 0
0 0 0 0
0 0 0 0
0 0 0 0
0 0 0 0
0 0 0 0
0 0 0 0
0 0 0 0
0 0 0 0
0 0 0 0
0 0 0 0
0 0 0 0
0 0 0 0
0 0 0 0
0 0 0 0
0 0 0 0
0 0 0 0
0 0 0 0
0 0 0 0
0 0 0 0
0 0 0 0
0 0 0 0
0 0 0 0
0 0 0 0
0 0 0 0
0 0 0 0
0 0 0 0
0 0 0 0
0 0 0 0
0 0 0 0
0 0 0 0
0 0 0 0
0 0 0 0
0 0 0 0
0 0 0 0
0 0 0 0
0 0 0 0
0 0 0 0
0 0 0 0
0 0 0 0
0 0 0 0
0 0 0 0
0 0 0 0
0 0 0 0
0 0 0 0
0 0 0 0
0 0 0 0
0 0 0 0
0 0 0 0
0 0 0 0
0 0 0 0
0 0 0 0
0 0 0 0
0 0 0 0
0 0 0 0
0 0 0 0
0 0 0 0
0 0 0 0
0 0 0 0
0 0 0 0
0 0 0 0
0 0 0 0
0 0 0 0
0 0 0 0
0 0 0 0
0 0 0 0
0 0 0 0
0 0 0 0
0 0 0 0
0 0 0 0
0 0 0 0
0 0 0 0
0 0 0 0
0 0 0 0
0 0 0 0
0 0 0 0
0 0 0 0
0 0 0 0
0 0 0 0
0 0 0 0
0 0 0 0
0 0 0 0
0 0 0 0
0 0 0 0
0 0 0 0
0 0 0 0
0 0 0 0
0 0 0 0
0 0 0 0
0 0 0 0
0 0 0 0
0 0 0 0
0 0 0 0
0 0 0 0
0 0 0 0
0 0 0 0
0 0 0 0
0 0 0 0
0 0 0 0
0 0 0 0
0 0 0 0
0 0 0 0
0 0 0 0
0 0 0 0
0 0 0 0
0 0 0 0
0 0 0 0
0 0 0 0
0 0 0 0
0 0 0 0
0 0 0 0
0 0 0 0
0 0 0 0
0 0 0 0
0 0 0 0
0 0 0 0
0 0 0 0
0 0 0 0
0 0 0 0
0 0 0 0
0 0 0 0
0 0 0 0
0 0 0 0
0 0 0 0
0 0 0 0
0 0 0 0
0 0 0 0
0 0 0 0
0 0 0 0
0 0 0 0
0 0 0 0
0 0 0 0
0 0 0 0
0 0 0 0
0 0 0 0
0 0 0 0
0 0 0 0
0 0 0 0
0 0 0 0
0 0 0 0
0 0 0 0
0 0 0 0
0 0 0 0
0 0 0 0
0 0 0 0
0 0 0 0
0 0 0 0
0 0 0 0
0 0 0 0
0 0 0 0
0 0 0 0
0 0 0 0
0 0 0 0
0 0 0 0
0 0 0 0
0 0 0 0
0 0 0 0
0 0 0 0
0 0 0 0
0 0 0 0
0 0 0 0
0 0 0 0
0 0 0 0
0 0 0 0
0 0 0 0
0 0 0 0
0 0 0 0
0 0 0 0
0 0 0 0
0 0 0 0
0 0 0 0
0 0 0 0
0 0 0 0
0 0 0 0
0 0 0 0
0 0 0 0
0 0 0 0
0 0 0 0
0 0 0 0
0 0 0 0
0 0 0 0
0 0 0 0
0 0 0 0
0 0 0 0
0 0 0 0
0 0 0 0
0 0 0 0
0 0 0 0
0 0 0 0
0 0 0 0
0 0 0 0
0 0 0 0
0 0 0 0
0 0 0 0
0 0 0 0
0 0 0 0
0 0 0 0
0 0 0 0
0 0 0 0
0 0 0 0
0 0 0 0
0 0 0 0
0 0 0 0
0 0 0 0
0 0 0 0
0 0 0 0
0 0 0 0
0 0 0 0
0 0 0 0
0 0 0 0
0 0 0 0
0 0 0 0
0 0 0 0
0 0 0 0
0 0 0 0
0 0 0 0
0 0 0 0
0 0 0 0
0 0 0 0
0 0 0 0
0 0 0 0
0 0 0 0
0 0 0 0
0 0 0 0
0 0 0 0
0 0 0 0
0 0 0 0
0 0 0 0
0 0 0 0
0 0 0 0
0 0 0 0
0 0 0 0
0 0 0 0
0 0 0 0
0 0 0 0
0 0 0 0
0 0 0 0
0 0 0 0
0 0 0 0
0 0 0 0
0 0 0 0
0 0 0 0
0 0 0 0
0 0 0 0
0 0 0 0
0 0 0 0
0 0 0 0
0 0 0 0
0 0 0 0
0 0 0 0
0 0 0 0
0 0 0 0
0 0 0 0
0 0 0 0
0 0 0 0
0 0 0 0
0 0 0 0
0 0 0 0
0 0 0 0
0 0 0 0
0 0 0 0
0 0 0 0
0 0 0 0
0 0 0 0
0 0 0 0
0 0 0 0
0 0 0 0
0 0 0 0
0 0 0 0
0 0 0 0
0 0 0 0
0 0 0 0
0 0 0 0
0 0 0 0
0 0 0 0
0 0 0 0
0 0 0 0
0 0 0 0
0 0 0 0
0 0 0 0
0 0 0 0
0 0 0 0
0 0 0 0
0 0 0 0
0 0 0 0
0 0 0 0
0 0 0 0
0 0 0 0
0 0 0 0
0 0 0 0
0 0 0 0
0 0 0 0
0 0 0 0
0 0 0 0
0 0 0 0
0 0 0 0
0 0 0 0
0 0 0 0
0 0 0 0
0 0 0 0
0 0 0 0
0 0 0 0
0 0 0 0
0 0 0 0
0 0 0 0
0 0 0 0
0 0 0 0
0 0 0 0
0 0 0 0
0 0 0 0
0 0 0 0
0 0 0 0
0 0 0 0
0 0 0 0
0 0 0 0
0 0 0 0
0 0 0 0
0 0 0 0
0 0 0 0
0 0 0 0
0 0 0 0
0 0 0 0
0 0 0 0
0 0 0 0
0 0 0 0
0 0 0 0
0 0 0 0
0 0 0 0
0 0 0 0
0 0 0 0
0 0 0 0
0 0 0 0
0 0 0 0
0 0 0 0
0 0 0 0
0 0 0 0
0 0 0 0
0 0 0 0
0 0 0 0
0 0 0 0
0 0 0 0
0 0 0 0
0 0 0 0
0 0 0 0
0 0 0 0
0 0 0 0
0 0 0 0
0 0 0 0
0 0 0 0
0 0 0 0
0 0 0 0
0 0 0 0
0 0 0 0
0 0 0 0
0 0 0 0
0 0 0 0
0 0 0 0
0 0 0 0
0 0 0 0
0 0 0 0
0 0 0 0
0 0 0 0
0 0 0 0
0 0 0 0
0 0 0 0
0 0 0 0
0 0 0 0
0 0 0 0
0 0 0 0
0 0 0 0
0 0 0 0
0 0 0 0
0 0 0 0
0 0 0 0
0 0 0 0
0 0 0 0
0 0 0 0
0 0 0 0
0 0 0 0
0 0 0 0
0 0 0 0
0 0 0 0
0 0 0 0
0 0 0 0
0 0 0 0
0 0 0 0
0 0 0 0
0 0 0 0
0 0 0 0
0 0 0 0
0 0 0 0
0 0 0 0
0 0 0 0
0 0 0 0
0 0 0 0
0 0 0 0
0 0 0 0
0 0 0 0
0 0 0 0
0 0 0 0
0 0 0 0
0 0 0 0
0 0 0 0
0 0 0 0
0 0 0 0
0 0 0 0
0 0 0 0
0 0 0 0
0 0 0 0
0 0 0 0
0 0 0 0
0 0 0 0
0 0 0 0
0 0 0 0
0 0 0 0
0 0 0 0
0 0 0 0
0 0 0 0
0 0 0 0
0 0 0 0
0 0 0 0
0 0 0 0
0 0 0 0
0 0 0 0
0 0 0 0
0 0 0 0
0 0 0 0
0 0 0 0
0 0 0 0
0 0 0 0
0 0 0 0
0 0 0 0
0 0 0 0
0 0 0 0
0 0 0 0
0 0 0 0
0 0 0 0
0 0 0 0
0 0 0 0
0 0 0 0
0 0 0 0
0 0 0 0
0 0 0 0
0 0 0 0
0 0 0 0
0 0 0 0
0 0 0 0
0 0 0 0
0 0 0 0
0 0 0 0
0 0 0 0
0 0 0 0
0 0 0 0
0 0 0 0
