4890 12.3584 708.254 0.621522
9779 9.05544 485.923 0.496426
14669 7.28947 380.221 0.428192
19558 6.14121 319.716 0.385488
24448 5.3243 280.204 0.354577
29337 4.71361 252.123 0.330659
34227 4.24076 230.77 0.312868
39116 3.86471 213.951 0.297382
44006 3.55883 200.137 0.28447
48895 3.30536 188.549 0.276668
53785 3.09206 178.589 0.27165
58674 2.91014 169.937 0.26739
63564 2.75333 162.288 0.264132
68453 2.61667 155.494 0.2613
73343 2.49667 149.383 0.258698
78232 2.39022 143.874 0.256318
83122 2.2953 138.85 0.254117
88011 2.20989 134.275 0.252087
92901 2.13281 130.074 0.250889
97790 2.06263 126.217 0.248434
102680 1.99868 122.646 0.248308
107569 1.93987 119.342 0.246011
112459 1.88587 116.267 0.24604
117348 1.83578 113.413 0.243874
122238 1.7895 110.744 0.244022
127127 1.74626 108.251 0.241965
132017 1.70611 105.905 0.242213
136906 1.66837 103.704 0.240248
141796 1.63317 101.629 0.240579
146685 1.5999 99.6725 0.238691
151575 1.56877 97.822 0.239093
156464 1.53917 96.0745 0.237272
161354 1.51141 94.4131 0.237736
166243 1.48489 92.838 0.235973
171133 1.45995 91.3339 0.236493
176022 1.43602 89.9025 0.234781
180912 1.41348 88.5331 0.235349
185801 1.39176 87.2259 0.233683
190691 1.37128 85.9722 0.234292
195580 1.35147 84.7742 0.232665
200470 1.33276 83.6226 0.233311
205359 1.3146 82.5198 0.231718
210249 1.29744 81.4586 0.232397
215138 1.28072 80.4394 0.230835
220028 1.26493 79.4553 0.231542
224917 1.24948 78.5103 0.230007
229807 1.23488 77.5971 0.230741
234696 1.22056 76.7183 0.229231
239586 1.20703 75.8669 0.229988
244475 1.19371 75.0456 0.2285
249365 1.18113 74.2488 0.229277
254254 1.1687 73.4801 0.227809
259144 1.15699 72.7347 0.228606
264033 1.14536 72.014 0.227155
268923 1.13441 71.3142 0.227968
273812 1.12351 70.6374 0.226534
278702 1.11326 69.9801 0.227363
283591 1.10302 69.3439 0.225944
288481 1.0934 68.725 0.226787
293370 1.08375 68.126 0.225381
298260 1.07471 67.5439 0.226238
303149 1.06561 66.9795 0.224863
308039 1.05709 66.4295 0.225762
312928 1.04849 65.8957 0.224411
317818 1.04045 65.3748 0.225319
322707 1.03231 64.8692 0.223976
327597 1.02472 64.376 0.224893
332486 1.01699 63.8975 0.223559
337376 1.00981 63.4307 0.224493
342265 1.00248 62.9774 0.223199
347155 0.995675 62.5344 0.224163
352044 0.988701 62.1038 0.222874
356934 0.982249 61.6832 0.223842
361823 0.975609 61.2741 0.222559
366713 0.969485 60.8743 0.223532
371602 0.963156 60.4849 0.222254
376492 0.957336 60.1046 0.223233
381381 0.951296 59.7339 0.221974
386271 0.945761 59.3715 0.222979
391160 0.939992 59.0182 0.221731
396050 0.934723 58.6731 0.22274
400939 0.929207 58.3366 0.221495
405829 0.924188 58.0071 0.222506
410718 0.91891 57.6857 0.221265
415608 0.914126 57.3711 0.222279
420497 0.90907 57.0638 0.221041
425387 0.904506 56.7627 0.222058
430276 0.89966 56.4686 0.220822
435166 0.895304 56.1808 0.221842
440055 0.890655 55.8993 0.220609
444945 0.886494 55.6236 0.221632
449834 0.882031 55.3538 0.220402
454724 0.878055 55.0899 0.221428
459613 0.873768 54.8314 0.2202
464503 0.869967 54.5781 0.221228
469392 0.865846 54.33 0.220003
474282 0.86221 54.0871 0.221034
479171 0.858247 53.8494 0.219811
484061 0.854769 53.6165 0.220844
488950 0.850955 53.3881 0.219623
493840 0.847625 53.1647 0.220658
498729 0.843954 52.9455 0.21944
503619 0.840766 52.7309 0.220477
508508 0.837228 52.5201 0.219261
513398 0.834175 52.3136 0.2203
518287 0.830766 52.111 0.219086
523177 0.827841 51.9126 0.220129
528066 0.824553 51.718 0.218945
532956 0.82175 51.5273 0.220015
537845 0.818578 51.3396 0.218833
542735 0.815891 51.1558 0.219905
547624 0.812829 50.975 0.218723
552514 0.810253 50.7979 0.219797
557403 0.807296 50.6238 0.218617
562293 0.804826 50.4532 0.219691
567182 0.80197 50.2852 0.218513
572072 0.799601 50.1205 0.219588
576961 0.796841 49.9582 0.218411
581851 0.794569 49.7994 0.219488
586740 0.7919 49.643 0.218312
591630 0.78972 49.49 0.21939
596519 0.78714 49.3393 0.218214
601409 0.785049 49.1919 0.219294
606298 0.782552 49.0466 0.21812
611188 0.780546 48.9043 0.2192
616077 0.778129 48.7639 0.218027
620967 0.776204 48.6263 0.219109
625856 0.773865 48.4904 0.217937
630746 0.772018 48.3571 0.219019
635635 0.769752 48.2256 0.217848
640525 0.76798 48.0967 0.218932
645414 0.765785 47.9696 0.217762
650304 0.764085 47.8451 0.218846
655193 0.761958 47.7221 0.217678
660083 0.760327 47.6016 0.218763
664972 0.758265 47.4826 0.217595
669862 0.7567 47.3662 0.218681
674751 0.754701 47.2511 0.217514
679641 0.753199 47.1385 0.218601
684530 0.75126 47.0272 0.217435
689420 0.74982 46.9183 0.218523
694309 0.747939 46.8104 0.217358
699199 0.746557 46.705 0.218447
704088 0.744732 46.6006 0.217283
708978 0.743407 46.4984 0.218373
713867 0.741635 46.3973 0.217209
718757 0.740365 46.2984 0.2183
723646 0.738644 46.2004 0.217137
728536 0.737426 46.1045 0.218233
733425 0.735755 46.0096 0.217088
738315 0.734588 45.9169 0.218198
743204 0.732965 45.8251 0.217054
748094 0.731847 45.7355 0.218164
752983 0.73027 45.6466 0.21702
757873 0.729199 45.5596 0.21813
762762 0.727666 45.4734 0.216986
767652 0.72664 45.3892 0.218097
772541 0.72515 45.3059 0.216954
777431 0.724168 45.2243 0.218065
782320 0.722719 45.1434 0.216922
787210 0.721779 45.0643 0.218034
792099 0.72037 44.9861 0.216891
796989 0.719471 44.9095 0.218003
801878 0.718101 44.8336 0.216861
806768 0.717241 44.7593 0.217973
811657 0.715907 44.6857 0.216831
816547 0.715085 44.6139 0.217943
821436 0.713787 44.5424 0.216802
826326 0.713002 44.4727 0.217914
831215 0.711738 44.4034 0.216773
836105 0.710988 44.336 0.217886
840994 0.709758 44.269 0.216745
845884 0.709043 44.2037 0.217858
850773 0.707844 44.1387 0.216718
855663 0.707162 44.0754 0.217831
860552 0.705994 44.0123 0.216691
865442 0.705344 43.951 0.217805
870331 0.704206 43.8899 0.216665
875221 0.703586 43.8306 0.217779
880110 0.702478 43.7715 0.216639
885000 0.701888 43.7142 0.217754
889889 0.700807 43.6569 0.216614
894779 0.700246 43.6014 0.217729
899668 0.699193 43.5462 0.216589
904558 0.698659 43.4925 0.217704
909447 0.697632 43.439 0.216565
914337 0.697125 43.3871 0.217681
919226 0.696123 43.3353 0.216542
924116 0.695642 43.2852 0.217657
929005 0.694664 43.2352 0.216519
933895 0.694208 43.187 0.217634
938784 0.693254 43.1387 0.216496
943674 0.692822 43.0919 0.217612
948563 0.691891 43.0451 0.216474
953453 0.691483 42.9999 0.21759
958342 0.690573 42.9545 0.216452
963232 0.690188 42.9107 0.217568
968121 0.6893 42.8668 0.216431
973011 0.688936 42.8244 0.217547
977900 0.688068 42.7819 0.21641
982790 0.687726 42.7408 0.217527
987679 0.686878 42.6996 0.216389
992569 0.686557 42.6599 0.217506
997458 0.685728 42.62 0.216369
1002348 0.685426 42.5816 0.217486
1007237 0.684616 42.5429 0.216349
1012127 0.684333 42.5058 0.217467
1017016 0.683542 42.4684 0.21633
1021906 0.683277 42.4325 0.217447
1026795 0.682503 42.3963 0.216311
1031685 0.682257 42.3615 0.217428
1036574 0.681499 42.3265 0.216292
1041464 0.681271 42.2929 0.21741
1046353 0.68053 42.2589 0.216274
1051243 0.680318 42.2265 0.217392
1056132 0.679593 42.1936 0.216256
1061022 0.679397 42.1623 0.217374
1065911 0.678687 42.1305 0.216238
1070801 0.678508 42.1002 0.217357
1075690 0.677813 42.0695 0.216221
1080580 0.677649 42.0403 0.217339
1085469 0.676968 42.0106 0.216204
1090359 0.676819 41.9824 0.217323
1095248 0.676153 41.9537 0.216187
1100138 0.676018 41.9264 0.217306
1105027 0.675365 41.8986 0.216171
1109917 0.675244 41.8723 0.21729
1114806 0.674604 41.8454 0.216155
1119696 0.674497 41.8199 0.217274
1124585 0.67387 41.7938 0.216139
1129475 0.673776 41.769 0.217263
1134364 0.673161 41.7438 0.216134
1139254 0.67308 41.7198 0.21726
1144143 0.672478 41.6954 0.216131
1149033 0.672409 41.6722 0.217257
1153922 0.671818 41.6485 0.216128
1158812 0.671761 41.6261 0.217254
1163701 0.671181 41.6032 0.216125
1168591 0.671136 41.5814 0.217251
1173480 0.670567 41.5592 0.216123
1178370 0.670533 41.5381 0.217248
1183259 0.669975 41.5166 0.21612
1188149 0.669952 41.4963 0.217246
1193038 0.669404 41.4754 0.216117
1197928 0.669391 41.4558 0.217243
1202817 0.668853 41.4356 0.216114
1207707 0.668851 41.4167 0.21724
1212596 0.668323 41.3973 0.216112
1217486 0.668331 41.379 0.217238
1222375 0.667812 41.3601 0.216109
1227265 0.667829 41.3424 0.217235
1232154 0.667319 41.3241 0.216107
1237044 0.667346 41.307 0.217232
1241933 0.666845 41.2893 0.216104
1246823 0.666881 41.2729 0.21723
1251712 0.666389 41.2559 0.216101
1256602 0.666434 41.2401 0.217227
1261491 0.665949 41.2236 0.216099
1266381 0.666003 41.2084 0.217225
1271270 0.665527 41.1924 0.216096
1276160 0.665589 41.1777 0.217222
1281049 0.66512 41.1624 0.216094
1285939 0.66519 41.1482 0.217219
1290828 0.664729 41.1334 0.216091
1295718 0.664807 41.1198 0.217217
1300607 0.664354 41.1054 0.216088
1305497 0.664439 41.0923 0.217214
1310386 0.663993 41.0784 0.216086
1315276 0.664086 41.0658 0.217212
1320165 0.663646 41.0524 0.216083
1325055 0.663746 41.0403 0.217209
1329944 0.663314 41.0274 0.216081
1334834 0.663421 41.0157 0.217207
1339723 0.662995 41.0032 0.216078
1344613 0.663108 40.992 0.217204
1349502 0.662688 40.98 0.216076
1354392 0.662809 40.9691 0.217202
1359281 0.662395 40.9575 0.216074
1364171 0.662522 40.947 0.2172
1369060 0.662114 40.9357 0.216071
1373950 0.662247 40.9257 0.217197
1378839 0.661845 40.9149 0.216069
1383729 0.661984 40.9052 0.217195
1388618 0.661588 40.8947 0.216067
1393508 0.661732 40.8855 0.217193
1398397 0.661341 40.8754 0.216067
1403287 0.661492 40.8665 0.217196
1408176 0.661106 40.8568 0.21607
1413066 0.661262 40.8483 0.217199
1417955 0.660882 40.8389 0.216074
1422845 0.661043 40.8308 0.217202
1427734 0.660668 40.8217 0.216077
1432624 0.660834 40.8138 0.217206
1437513 0.660464 40.805 0.21608
1442403 0.660634 40.7975 0.217209
1447292 0.660269 40.789 0.216083
1452182 0.660445 40.7818 0.217212
1457071 0.660084 40.7737 0.216087
1461961 0.660265 40.7668 0.217215
1466850 0.659909 40.759 0.21609
1471740 0.660094 40.7524 0.217218
1476629 0.659742 40.7449 0.216093
1481519 0.659931 40.7386 0.217222
1486408 0.659584 40.7314 0.216096
1491298 0.659777 40.7254 0.217225
1496187 0.659434 40.7185 0.216099
1501077 0.659632 40.7128 0.217228
1505966 0.659292 40.7061 0.216102
1510856 0.659495 40.7007 0.217231
1515745 0.659159 40.6943 0.216105
1520635 0.659365 40.6891 0.217234
1525524 0.659033 40.683 0.216109
1530414 0.659243 40.6781 0.217237
1535303 0.658915 40.6722 0.216112
1540193 0.659129 40.6675 0.21724
1545082 0.658804 40.6619 0.216115
1549972 0.659021 40.6575 0.217243
1554861 0.6587 40.6521 0.216118
1559751 0.658921 40.6479 0.217246
1564640 0.658603 40.6427 0.21612
1569530 0.658828 40.6388 0.217249
1574419 0.658513 40.6339 0.216123
1579309 0.658741 40.6302 0.217252
1584198 0.65843 40.6255 0.216126
1589088 0.65866 40.622 0.217255
1593977 0.658352 40.6175 0.216129
1598867 0.658586 40.6143 0.217258
1603756 0.658281 40.6099 0.216132
1608646 0.658518 40.6069 0.21726
1613535 0.658216 40.6028 0.216135
1618425 0.658456 40.6 0.217263
1623314 0.658156 40.5961 0.216138
1628204 0.658399 40.5934 0.217266
1633093 0.658103 40.5898 0.21614
1637983 0.658348 40.5874 0.217269
1642872 0.658054 40.5839 0.216143
1647762 0.658302 40.5817 0.217272
1652651 0.658011 40.5785 0.216146
1657541 0.658262 40.5765 0.217274
1662430 0.657974 40.5734 0.216149
1667320 0.658227 40.5717 0.217277
1672209 0.657941 40.5688 0.216151
1677099 0.658197 40.5673 0.21728
1681988 0.657913 40.5647 0.216154
1686878 0.658171 40.5633 0.217282
1691767 0.65789 40.5607 0.216157
1696657 0.65815 40.5595 0.217285
1701546 0.657871 40.5571 0.216159
1706436 0.658134 40.556 0.217288
1711325 0.657857 40.5538 0.216162
1716215 0.658122 40.5529 0.21729
1721104 0.657848 40.5508 0.216165
1725994 0.658115 40.55 0.217293
1730883 0.657842 40.5481 0.216167
1735773 0.658111 40.5474 0.217296
1740662 0.657841 40.5457 0.21617
1745552 0.658112 40.5452 0.217298
1750441 0.657844 40.5435 0.216172
1755331 0.658117 40.5432 0.217301
1760220 0.65785 40.5417 0.216175
1765110 0.658125 40.5414 0.217303
1769999 0.657861 40.54 0.216177
1774889 0.658137 40.5399 0.217306
1779778 0.657875 40.5386 0.21618
1784668 0.658153 40.5386 0.217308
1789557 0.657892 40.5375 0.216182
1794447 0.658173 40.5376 0.217311
1799336 0.657913 40.5365 0.216185
1804226 0.658195 40.5367 0.217313
1809115 0.657938 40.5357 0.216187
1814005 0.658221 40.536 0.217315
1818894 0.657966 40.5352 0.21619
1823784 0.658251 40.5356 0.217318
1828673 0.657996 40.5349 0.216192
1833563 0.658283 40.5354 0.21732
1838452 0.65803 40.5348 0.216194
1843342 0.658319 40.5354 0.217322
1848231 0.658067 40.5349 0.216197
1853121 0.658357 40.5357 0.217325
1858010 0.658107 40.5353 0.216199
1862900 0.658398 40.5361 0.217327
1867789 0.65815 40.5357 0.216201
1872679 0.658442 40.5367 0.217329
1877568 0.658195 40.5365 0.216204
1882458 0.658489 40.5375 0.217332
1887347 0.658244 40.5374 0.216206
1892237 0.658539 40.5385 0.217334
1897126 0.658294 40.5385 0.216208
1902016 0.658591 40.5398 0.217336
1906905 0.658348 40.5398 0.21621
1911795 0.658645 40.5412 0.217338
1916684 0.658403 40.5413 0.216212
1921574 0.658702 40.5428 0.217341
1926463 0.658461 40.543 0.216215
1931353 0.658761 40.5445 0.217343
1936242 0.658522 40.5448 0.216217
1941132 0.658823 40.5465 0.217345
1946021 0.658584 40.5468 0.216219
1950911 0.658886 40.5485 0.217347
1955800 0.658649 40.5489 0.216221
1960690 0.658952 40.5507 0.217349
1965579 0.658716 40.5512 0.216223
1970469 0.65902 40.553 0.217351
1975358 0.658785 40.5536 0.216225
1980248 0.65909 40.5555 0.217353
1985137 0.658856 40.5561 0.216227
1990027 0.659162 40.5581 0.217355
1994916 0.658929 40.5588 0.216229
1999806 0.659236 40.5609 0.217357
2004695 0.659004 40.5617 0.216231
2009585 0.659311 40.5638 0.217359
2014474 0.65908 40.5646 0.216233
2019364 0.659389 40.5668 0.217361
2024253 0.659159 40.5677 0.216235
2029143 0.659468 40.57 0.217363
2034032 0.659239 40.5709 0.216237
2038922 0.659549 40.5732 0.217365
2043811 0.65932 40.5743 0.216239
2048701 0.659631 40.5767 0.217367
2053590 0.659404 40.5778 0.216241
2058480 0.659715 40.5802 0.217369
2063369 0.659489 40.5814 0.216243
2068259 0.659801 40.5839 0.217371
2073148 0.659575 40.5851 0.216245
2078038 0.659888 40.5877 0.217373
2082927 0.659663 40.589 0.216247
2087817 0.659977 40.5915 0.217375
2092706 0.659752 40.5929 0.216249
2097596 0.660067 40.5955 0.217377
2102485 0.659843 40.597 0.216251
2107375 0.660158 40.5997 0.217379
2112264 0.659935 40.6011 0.216252
2117154 0.660251 40.6038 0.21738
2122043 0.660029 40.6053 0.216254
2126933 0.660345 40.6081 0.217382
2131822 0.660123 40.6096 0.216256
2136712 0.66044 40.6124 0.217384
2141601 0.660219 40.614 0.216258
2146491 0.660536 40.6169 0.217386
2151380 0.660316 40.6185 0.21626
2156270 0.660634 40.6214 0.217387
2161159 0.660414 40.623 0.216261
2166049 0.660733 40.626 0.217389
2170938 0.660514 40.6277 0.216263
2175828 0.660833 40.6306 0.217391
2180717 0.660614 40.6323 0.216265
2185607 0.660934 40.6353 0.217393
2190496 0.660716 40.6371 0.216266
2195386 0.661035 40.6401 0.217394
2200275 0.660818 40.6419 0.216268
2205165 0.661138 40.6449 0.217396
2210054 0.660922 40.6468 0.21627
2214944 0.661242 40.6499 0.217398
2219833 0.661026 40.6518 0.216271
2224723 0.661347 40.6549 0.217399
2229612 0.661131 40.6568 0.216273
2234502 0.661453 40.6601 0.217401
2239391 0.661237 40.662 0.216275
2244281 0.661559 40.6653 0.217402
2249170 0.661344 40.6673 0.216276
2254060 0.661667 40.6706 0.217404
2258949 0.661452 40.6726 0.216278
2263839 0.661775 40.6759 0.217406
2268728 0.661561 40.678 0.216279
2273618 0.661884 40.6813 0.217407
2278507 0.66167 40.6834 0.216281
2283397 0.661994 40.6868 0.217409
2288286 0.661781 40.6889 0.216283
2293176 0.662104 40.6923 0.21741
2298065 0.661891 40.6944 0.216284
2302955 0.662215 40.6979 0.217412
2307844 0.662003 40.7 0.216286
2312734 0.662327 40.7035 0.217413
2317623 0.662115 40.7057 0.216287
2322513 0.66244 40.7092 0.217415
2327402 0.662228 40.7115 0.216289
2332292 0.662553 40.715 0.217416
2337181 0.662342 40.7173 0.21629
2342071 0.662666 40.7209 0.217418
2346960 0.662456 40.7231 0.216292
2351850 0.662781 40.7267 0.217419
2356739 0.66257 40.729 0.216293
2361629 0.662896 40.7327 0.217421
2366518 0.662686 40.735 0.216295
2371408 0.663011 40.7386 0.217422
2376297 0.662801 40.741 0.216296
2381187 0.663127 40.7446 0.217424
2386076 0.662918 40.747 0.216297
2390966 0.663243 40.7507 0.217425
2395855 0.663034 40.7531 0.216299
2400745 0.66336 40.7568 0.217427
2405634 0.663152 40.7592 0.2163
2410524 0.663478 40.7629 0.217428
2415413 0.663269 40.7653 0.216302
2420303 0.663596 40.769 0.217429
2425192 0.663387 40.7714 0.216303
2430082 0.663714 40.7752 0.217431
2434971 0.663506 40.7777 0.216304
2439861 0.663833 40.7814 0.217432
2444750 0.663625 40.7839 0.216306
2449640 0.663952 40.7877 0.217433
2454529 0.663744 40.7902 0.216307
2459419 0.664071 40.7941 0.217435
2464308 0.663864 40.7966 0.216308
2469198 0.664191 40.8004 0.217436
2474087 0.663984 40.8029 0.21631
2478977 0.664311 40.8068 0.217437
2483866 0.664104 40.8094 0.216311
2488756 0.664431 40.8133 0.217439
2493645 0.664225 40.8158 0.216312
2498535 0.664552 40.8198 0.21744
2503424 0.664346 40.8223 0.216314
2508314 0.664673 40.8263 0.217441
2513203 0.664467 40.8289 0.216315
2518093 0.664795 40.8328 0.217443
2522982 0.664589 40.8354 0.216316
2527872 0.664916 40.8394 0.217444
2532761 0.664711 40.842 0.216318
2537651 0.665038 40.846 0.217445
2542540 0.664833 40.8486 0.216319
2547430 0.66516 40.8526 0.217446
2552319 0.664955 40.8552 0.21632
2557209 0.665283 40.8592 0.217448
2562098 0.665078 40.8619 0.216321
2566988 0.665405 40.8659 0.217449
2571877 0.665201 40.8686 0.216323
2576767 0.665528 40.8726 0.21745
2581656 0.665324 40.8752 0.216324
2586546 0.665651 40.8793 0.217451
2591435 0.665447 40.8819 0.216325
2596325 0.665775 40.886 0.217453
2601214 0.66557 40.8886 0.216326
2606104 0.665898 40.8927 0.217454
2610993 0.665694 40.8954 0.216327
2615883 0.666021 40.8995 0.217455
2620772 0.665817 40.9021 0.216329
2625662 0.666145 40.9062 0.217456
2630551 0.665941 40.9089 0.21633
2635441 0.666269 40.913 0.217457
2640330 0.666065 40.9157 0.216331
2645220 0.666393 40.9198 0.217459
2650109 0.666189 40.9225 0.216332
2654999 0.666517 40.9266 0.21746
2659888 0.666313 40.9293 0.216333
2664778 0.666641 40.9334 0.217461
2669667 0.666437 40.9362 0.216334
2674557 0.666765 40.9403 0.217462
2679446 0.666562 40.943 0.216336
2684336 0.66689 40.9471 0.217463
2689225 0.666686 40.9499 0.216337
2694115 0.667014 40.954 0.217464
2699004 0.666811 40.9568 0.216338
2703894 0.667139 40.9609 0.217466
2708783 0.666935 40.9637 0.216339
2713673 0.667263 40.9678 0.217467
2718562 0.66706 40.9706 0.21634
2723452 0.667388 40.9748 0.217468
2728341 0.667185 40.9776 0.216341
2733231 0.667512 40.9818 0.217469
2738120 0.667309 40.9846 0.216342
2743010 0.667637 40.9887 0.21747
2747899 0.667434 40.9916 0.216344
2752789 0.667762 40.9957 0.217471
2757678 0.667559 40.9986 0.216345
2762568 0.667887 41.0028 0.217472
2767457 0.667684 41.0056 0.216346
2772347 0.668011 41.0098 0.217473
2777236 0.667809 41.0127 0.216347
2782126 0.668136 41.0169 0.217474
2787015 0.667934 41.0197 0.216348
2791905 0.668261 41.0239 0.217475
2796794 0.668058 41.0268 0.216349
2801684 0.668386 41.031 0.217477
2806573 0.668183 41.0338 0.21635
2811463 0.66851 41.038 0.217478
2816352 0.668308 41.0409 0.216351
2821242 0.668635 41.0451 0.217479
2826131 0.668433 41.0479 0.216352
2831021 0.66876 41.0522 0.21748
2835910 0.668557 41.055 0.216353
2840800 0.668884 41.0592 0.217481
2845689 0.668682 41.0621 0.216354
2850579 0.669009 41.0663 0.217482
2855468 0.668807 41.0692 0.216355
2860358 0.669134 41.0734 0.217483
2865247 0.668931 41.0763 0.216356
2870137 0.669258 41.0805 0.217484
2875026 0.669056 41.0834 0.216357
2879916 0.669382 41.0876 0.217485
2884805 0.66918 41.0905 0.216358
2889695 0.669507 41.0947 0.217486
2894584 0.669305 41.0976 0.216359
2899474 0.669631 41.1018 0.217487
2904363 0.669429 41.1047 0.21636
2909253 0.669755 41.1089 0.217488
2914142 0.669553 41.1118 0.216361
2919032 0.66988 41.116 0.217489
2923921 0.669678 41.1189 0.216362
2928811 0.670004 41.1232 0.21749
2933700 0.669802 41.126 0.216363
2938590 0.670128 41.1303 0.217491
2943479 0.669926 41.1332 0.216364
2948369 0.670252 41.1374 0.217492
2953258 0.67005 41.1403 0.216365
2958148 0.670375 41.1445 0.217493
2963037 0.670174 41.1474 0.216366
2967927 0.670499 41.1517 0.217494
2972816 0.670297 41.1545 0.216367
2977706 0.670623 41.1588 0.217495
2982595 0.670421 41.1617 0.216368
2987485 0.670746 41.1659 0.217496
2992374 0.670544 41.1688 0.216369
2997264 0.67087 41.1731 0.217497
3002153 0.670668 41.1759 0.21637
3007043 0.670993 41.1802 0.217498
3011932 0.670791 41.1831 0.216371
3016822 0.671116 41.1873 0.217499
3021711 0.670914 41.1902 0.216372
3026601 0.671239 41.1945 0.2175
3031490 0.671037 41.1973 0.216373
3036380 0.671362 41.2016 0.217501
3041269 0.67116 41.2045 0.216374
3046159 0.671485 41.2087 0.217502
3051048 0.671283 41.2116 0.216375
3055938 0.671608 41.2158 0.217503
3060827 0.671406 41.2187 0.216376
3065717 0.67173 41.2229 0.217503
3070606 0.671528 41.2258 0.216377
3075496 0.671853 41.2301 0.217504
3080385 0.671651 41.2329 0.216378
3085275 0.671975 41.2372 0.217505
3090164 0.671773 41.2401 0.216379
3095054 0.672097 41.2443 0.217506
3099943 0.671895 41.2472 0.21638
3104833 0.672219 41.2514 0.217507
3109722 0.672017 41.2543 0.216381
3114612 0.672341 41.2586 0.217508
3119501 0.672139 41.2614 0.216381
3124391 0.672463 41.2657 0.217509
3129280 0.672261 41.2685 0.216382
3134170 0.672584 41.2728 0.21751
3139059 0.672382 41.2756 0.216383
3143949 0.672705 41.2799 0.217511
3148838 0.672504 41.2828 0.216384
3153728 0.672827 41.287 0.217512
3158617 0.672625 41.2899 0.216385
3163507 0.672948 41.2941 0.217512
3168396 0.672746 41.297 0.216386
3173286 0.673069 41.3012 0.217513
3178175 0.672867 41.3041 0.216387
3183065 0.673189 41.3083 0.217514
3187954 0.672987 41.3111 0.216388
3192844 0.67331 41.3154 0.217515
3197733 0.673108 41.3182 0.216388
3202623 0.673431 41.3224 0.217516
3207512 0.673228 41.3253 0.216389
3212402 0.673551 41.3295 0.217517
3217291 0.673349 41.3323 0.21639
3222181 0.673671 41.3365 0.217518
3227070 0.673469 41.3394 0.216391
3231960 0.673791 41.3436 0.217518
3236849 0.673589 41.3464 0.216392
3241739 0.673911 41.3506 0.217519
3246628 0.673708 41.3534 0.216393
3251518 0.67403 41.3576 0.21752
3256407 0.673828 41.3605 0.216394
3261297 0.67415 41.3646 0.217521
3266186 0.673947 41.3675 0.216394
3271076 0.674269 41.3717 0.217522
3275965 0.674067 41.3745 0.216395
3280855 0.674388 41.3787 0.217523
3285744 0.674186 41.3815 0.216396
3290634 0.674507 41.3857 0.217523
3295523 0.674304 41.3885 0.216397
3300413 0.674625 41.3926 0.217524
3305302 0.674423 41.3954 0.216398
3310192 0.674744 41.3996 0.217525
3315081 0.674542 41.4024 0.216398
3319971 0.674862 41.4066 0.217526
3324860 0.67466 41.4094 0.216399
3329750 0.67498 41.4135 0.217527
3334639 0.674778 41.4163 0.2164
3339529 0.675098 41.4205 0.217527
3344418 0.674896 41.4233 0.216401
3349308 0.675216 41.4275 0.217528
3354197 0.675014 41.4302 0.216402
3359087 0.675334 41.4344 0.217529
3363976 0.675131 41.4372 0.216402
3368866 0.675451 41.4413 0.21753
3373755 0.675248 41.4441 0.216403
3378645 0.675568 41.4483 0.21753
3383534 0.675366 41.451 0.216404
3388424 0.675685 41.4552 0.217531
3393313 0.675483 41.4579 0.216405
3398203 0.675802 41.4621 0.217532
3403092 0.675599 41.4648 0.216405
3407982 0.675919 41.469 0.217533
3412871 0.675716 41.4717 0.216406
3417761 0.676035 41.4759 0.217534
3422650 0.675832 41.4786 0.216407
3427540 0.676151 41.4828 0.217534
3432429 0.675949 41.4855 0.216408
3437319 0.676268 41.4897 0.217535
3442208 0.676065 41.4924 0.216408
3447098 0.676383 41.4965 0.217536
3451987 0.676181 41.4993 0.216409
3456877 0.676499 41.5034 0.217536
3461766 0.676296 41.5062 0.21641
3466656 0.676615 41.5103 0.217537
3471545 0.676412 41.513 0.216411
3476435 0.67673 41.5172 0.217538
3481324 0.676527 41.5199 0.216411
3486214 0.676845 41.524 0.217539
3491103 0.676642 41.5268 0.216412
3495993 0.67696 41.5309 0.217539
3500882 0.676757 41.5336 0.216413
3505772 0.677075 41.5377 0.21754
3510661 0.676871 41.5404 0.216413
3515551 0.677189 41.5446 0.217541
3520440 0.676986 41.5473 0.216414
3525330 0.677303 41.5514 0.217542
3530219 0.6771 41.5541 0.216415
3535109 0.677418 41.5582 0.217542
3539998 0.677214 41.561 0.216416
3544888 0.677531 41.5651 0.217543
3549777 0.677328 41.5678 0.216416
3554667 0.677645 41.5719 0.217544
3559556 0.677442 41.5746 0.216417
3564446 0.677759 41.5787 0.217544
3569335 0.677555 41.5814 0.216418
3574225 0.677872 41.5855 0.217545
3579114 0.677669 41.5882 0.216418
3584004 0.677985 41.5923 0.217546
3588893 0.677782 41.5949 0.216419
3593783 0.678098 41.599 0.217546
3598672 0.677895 41.6017 0.21642
3603562 0.678211 41.6058 0.217547
3608451 0.678007 41.6085 0.21642
3613341 0.678323 41.6126 0.217548
3618230 0.67812 41.6152 0.216421
3623120 0.678436 41.6193 0.217548
3628009 0.678232 41.6219 0.216422
3632899 0.678548 41.626 0.217549
3637788 0.678344 41.6287 0.216422
3642678 0.67866 41.6328 0.21755
3647567 0.678456 41.6354 0.216423
3652457 0.678771 41.6395 0.21755
3657346 0.678568 41.6421 0.216424
3662236 0.678883 41.6462 0.217551
3667125 0.678679 41.6488 0.216424
3672015 0.678994 41.6529 0.217552
3676904 0.678791 41.6555 0.216425
3681794 0.679106 41.6596 0.217552
3686683 0.678902 41.6622 0.216426
3691573 0.679216 41.6662 0.217553
3696462 0.679013 41.6688 0.216426
3701352 0.679327 41.6729 0.217554
3706241 0.679123 41.6755 0.216427
3711131 0.679438 41.6796 0.217554
3716020 0.679234 41.6821 0.216428
3720910 0.679548 41.6862 0.217555
3725799 0.679344 41.6888 0.216428
3730689 0.679658 41.6929 0.217556
3735578 0.679454 41.6954 0.216429
3740468 0.679768 41.6995 0.217556
3745357 0.679564 41.7021 0.21643
3750247 0.679878 41.7061 0.217557
3755136 0.679674 41.7087 0.21643
3760026 0.679988 41.7127 0.217557
3764915 0.679783 41.7153 0.216431
3769805 0.680097 41.7193 0.217558
3774694 0.679893 41.7219 0.216431
3779584 0.680206 41.7259 0.217559
3784473 0.680002 41.7285 0.216432
3789363 0.680315 41.7325 0.217559
3794252 0.680111 41.7351 0.216433
3799142 0.680424 41.7391 0.21756
3804031 0.680219 41.7417 0.216433
3808921 0.680532 41.7457 0.217561
3813810 0.680328 41.7482 0.216434
3818700 0.680641 41.7523 0.217561
3823589 0.680436 41.7548 0.216435
3828479 0.680749 41.7588 0.217562
3833368 0.680544 41.7614 0.216435
3838258 0.680857 41.7654 0.217562
3843147 0.680652 41.7679 0.216436
3848037 0.680965 41.7719 0.217563
3852926 0.68076 41.7745 0.216436
3857816 0.681072 41.7785 0.217564
3862705 0.680868 41.781 0.216437
3867595 0.68118 41.785 0.217564
3872484 0.680975 41.7876 0.216438
3877374 0.681287 41.7915 0.217565
3882263 0.681082 41.7941 0.216438
3887153 0.681394 41.7981 0.217565
3892042 0.681189 41.8006 0.216439
3896932 0.681501 41.8046 0.217566
3901821 0.681296 41.8071 0.216439
3906711 0.681607 41.8111 0.217567
3911600 0.681402 41.8136 0.21644
3916490 0.681714 41.8176 0.217567
3921379 0.681509 41.8201 0.216441
3926269 0.68182 41.8241 0.217568
3931158 0.681615 41.8266 0.216441
3936048 0.681926 41.8306 0.217568
3940937 0.681721 41.8331 0.216442
3945827 0.682032 41.837 0.217569
3950716 0.681827 41.8395 0.216442
3955606 0.682138 41.8435 0.21757
3960495 0.681932 41.846 0.216443
3965385 0.682243 41.85 0.21757
3970274 0.682038 41.8525 0.216443
3975164 0.682348 41.8564 0.217571
3980053 0.682143 41.8589 0.216444
3984943 0.682453 41.8628 0.217571
3989832 0.682248 41.8653 0.216445
3994722 0.682558 41.8693 0.217572
3999611 0.682353 41.8718 0.216445
4004501 0.682663 41.8757 0.217572
4009390 0.682458 41.8782 0.216446
4014280 0.682768 41.8821 0.217573
4019169 0.682562 41.8846 0.216446
4024059 0.682872 41.8885 0.217574
4028948 0.682667 41.891 0.216447
4033838 0.682976 41.8949 0.217574
4038727 0.682771 41.8974 0.216447
4043617 0.68308 41.9013 0.217575
4048506 0.682875 41.9037 0.216448
4053396 0.683184 41.9076 0.217575
4058285 0.682978 41.9101 0.216448
4063175 0.683287 41.914 0.217576
4068064 0.683082 41.9165 0.216449
4072954 0.683391 41.9204 0.217576
4077843 0.683185 41.9228 0.21645
4082733 0.683494 41.9267 0.217577
4087622 0.683288 41.9292 0.21645
4092512 0.683597 41.9331 0.217577
4097401 0.683391 41.9356 0.216451
4102291 0.6837 41.9394 0.217578
4107180 0.683494 41.9419 0.216451
4112070 0.683803 41.9458 0.217578
4116959 0.683597 41.9483 0.216452
4121849 0.683905 41.9521 0.217579
4126738 0.683699 41.9546 0.216452
4131628 0.684008 41.9584 0.21758
4136517 0.683802 41.9609 0.216453
4141407 0.68411 41.9647 0.21758
4146296 0.683904 41.9672 0.216453
4151186 0.684212 41.9711 0.217581
4156075 0.684006 41.9735 0.216454
4160965 0.684313 41.9773 0.217581
4165854 0.684107 41.9798 0.216454
4170744 0.684415 41.9836 0.217582
4175633 0.684209 41.9861 0.216455
4180523 0.684516 41.9899 0.217582
4185412 0.68431 41.9924 0.216455
4190302 0.684618 41.9962 0.217583
4195191 0.684411 41.9986 0.216456
4200081 0.684719 42.0025 0.217583
4204970 0.684512 42.0049 0.216456
4209860 0.68482 42.0087 0.217584
4214749 0.684613 42.0112 0.216457
4219639 0.68492 42.015 0.217584
4224528 0.684714 42.0174 0.216457
4229418 0.685021 42.0212 0.217585
4234307 0.684814 42.0237 0.216458
4239197 0.685121 42.0275 0.217585
4244086 0.684915 42.0299 0.216459
4248976 0.685221 42.0337 0.217586
4253865 0.685015 42.0361 0.216459
4258755 0.685321 42.0399 0.217586
4263644 0.685115 42.0424 0.21646
4268534 0.685421 42.0462 0.217587
4273423 0.685215 42.0486 0.21646
4278313 0.685521 42.0524 0.217587
4283202 0.685314 42.0548 0.216461
4288092 0.68562 42.0586 0.217588
4292981 0.685414 42.061 0.216461
4297871 0.68572 42.0648 0.217588
4302760 0.685513 42.0672 0.216462
4307650 0.685819 42.0709 0.217589
4312539 0.685612 42.0734 0.216462
4317429 0.685918 42.0771 0.217589
4322318 0.685711 42.0795 0.216463
4327208 0.686017 42.0833 0.21759
4332097 0.68581 42.0857 0.216463
4336987 0.686115 42.0894 0.21759
4341876 0.685908 42.0918 0.216464
4346766 0.686214 42.0956 0.217591
4351655 0.686007 42.098 0.216464
4356545 0.686312 42.1017 0.217591
4361434 0.686105 42.1041 0.216464
4366324 0.68641 42.1078 0.217592
4371213 0.686203 42.1102 0.216465
4376103 0.686508 42.114 0.217592
4380992 0.686301 42.1163 0.216465
4385882 0.686606 42.1201 0.217593
4390771 0.686399 42.1224 0.216466
4395661 0.686703 42.1262 0.217593
4400550 0.686496 42.1285 0.216466
4405440 0.686801 42.1322 0.217594
4410329 0.686594 42.1346 0.216467
4415219 0.686898 42.1383 0.217594
4420108 0.686691 42.1407 0.216467
4424998 0.686995 42.1444 0.217595
4429887 0.686788 42.1467 0.216468
4434777 0.687092 42.1504 0.217595
4439666 0.686885 42.1528 0.216468
4444556 0.687189 42.1565 0.217596
4449445 0.686982 42.1588 0.216469
4454335 0.687286 42.1625 0.217596
4459224 0.687079 42.1649 0.216469
4464114 0.687382 42.1686 0.217596
4469003 0.687175 42.1709 0.21647
4473893 0.687479 42.1746 0.217597
4478782 0.687271 42.1769 0.21647
4483672 0.687575 42.1806 0.217597
4488561 0.687367 42.1829 0.216471
4493451 0.687671 42.1866 0.217598
4498340 0.687463 42.189 0.216471
4503230 0.687767 42.1927 0.217598
4508119 0.687559 42.195 0.216472
4513009 0.687862 42.1987 0.217599
4517898 0.687655 42.201 0.216472
4522788 0.687958 42.2047 0.217599
4527677 0.68775 42.207 0.216472
4532567 0.688053 42.2106 0.2176
4537456 0.687846 42.2129 0.216473
4542346 0.688148 42.2166 0.2176
4547235 0.687941 42.2189 0.216473
4552125 0.688243 42.2226 0.217601
4557014 0.688036 42.2249 0.216474
4561904 0.688338 42.2286 0.217601
4566793 0.688131 42.2309 0.216474
4571683 0.688433 42.2345 0.217601
4576572 0.688226 42.2368 0.216475
4581462 0.688528 42.2405 0.217602
4586351 0.68832 42.2428 0.216475
4591241 0.688622 42.2464 0.217602
4596130 0.688414 42.2487 0.216476
4601020 0.688716 42.2524 0.217603
4605909 0.688509 42.2547 0.216476
4610799 0.68881 42.2583 0.217603
4615688 0.688603 42.2606 0.216476
4620578 0.688904 42.2642 0.217604
4625467 0.688697 42.2665 0.216477
4630357 0.688998 42.2701 0.217604
4635246 0.688791 42.2724 0.216477
4640136 0.689092 42.276 0.217605
4645025 0.688884 42.2783 0.216478
4649915 0.689186 42.2819 0.217605
4654804 0.688978 42.2842 0.216478
4659694 0.689279 42.2878 0.217605
4664583 0.689071 42.2901 0.216479
4669473 0.689372 42.2937 0.217606
4674362 0.689164 42.2959 0.216479
4679252 0.689465 42.2996 0.217606
4684141 0.689257 42.3018 0.21648
4689031 0.689558 42.3054 0.217607
4693920 0.68935 42.3076 0.21648
4698810 0.689651 42.3113 0.217607
4703699 0.689443 42.3135 0.21648
4708589 0.689744 42.3171 0.217608
4713478 0.689536 42.3193 0.216481
4718368 0.689836 42.323 0.217608
4723257 0.689628 42.3252 0.216481
4728147 0.689928 42.3288 0.217608
4733036 0.68972 42.331 0.216482
4737926 0.690021 42.3346 0.217609
4742815 0.689813 42.3368 0.216482
4747705 0.690113 42.3404 0.217609
4752594 0.689905 42.3426 0.216482
4757484 0.690205 42.3462 0.21761
4762373 0.689997 42.3484 0.216483
4767263 0.690296 42.352 0.21761
4772152 0.690088 42.3542 0.216483
4777042 0.690388 42.3578 0.217611
4781931 0.69018 42.36 0.216484
4786821 0.69048 42.3636 0.217611
4791710 0.690271 42.3657 0.216484
4796600 0.690571 42.3694 0.217611
4801489 0.690363 42.3715 0.216485
4806379 0.690662 42.3751 0.217612
4811268 0.690454 42.3773 0.216485
4816158 0.690753 42.3809 0.217612
4821047 0.690545 42.383 0.216485
4825937 0.690844 42.3866 0.217613
4830826 0.690636 42.3888 0.216486
4835716 0.690935 42.3924 0.217613
4840605 0.690727 42.3945 0.216486
4845495 0.691026 42.3981 0.217613
4850384 0.690817 42.4002 0.216487
4855274 0.691116 42.4038 0.217614
4860163 0.690908 42.406 0.216487
4865053 0.691206 42.4095 0.217614
4869942 0.690998 42.4117 0.216487
4874832 0.691297 42.4152 0.217615
4879721 0.691088 42.4174 0.216488
4884611 0.691387 42.4209 0.217615
4889500 0.691178 42.4231 0.216488
4894390 0.691477 42.4266 0.217615
4899279 0.691268 42.4288 0.216489
4904169 0.691567 42.4323 0.217616
4909058 0.691358 42.4344 0.216489
4913948 0.691656 42.438 0.217616
4918837 0.691448 42.4401 0.216489
4923727 0.691746 42.4437 0.217617
4928616 0.691537 42.4458 0.21649
4933506 0.691835 42.4493 0.217617
4938395 0.691627 42.4514 0.21649
4943285 0.691925 42.455 0.217617
4948174 0.691716 42.4571 0.216491
4953064 0.692014 42.4606 0.217618
4957953 0.691805 42.4627 0.216491
4962843 0.692103 42.4663 0.217618
4967732 0.691894 42.4683 0.216491
4972622 0.692192 42.4719 0.217619
4977511 0.691983 42.474 0.216492
4982401 0.69228 42.4775 0.217619
4987290 0.692072 42.4796 0.216492
4992180 0.692369 42.4831 0.217619
4997069 0.69216 42.4852 0.216493
5001959 0.692458 42.4887 0.21762
5006848 0.692249 42.4908 0.216493
5011738 0.692546 42.4944 0.21762
5016627 0.692337 42.4964 0.216493
5021517 0.692634 42.5 0.217621
5026406 0.692425 42.502 0.216494
5031296 0.692722 42.5055 0.217621
5036185 0.692514 42.5076 0.216494
5041075 0.69281 42.5111 0.217621
5045964 0.692602 42.5132 0.216495
5050854 0.692898 42.5167 0.217622
5055743 0.692689 42.5188 0.216495
5060633 0.692986 42.5223 0.217622
5065522 0.692777 42.5243 0.216495
5070412 0.693074 42.5279 0.217623
5075301 0.692865 42.5299 0.216496
5080191 0.693161 42.5334 0.217623
5085080 0.692952 42.5355 0.216496
5089970 0.693248 42.539 0.217623
5094859 0.69304 42.541 0.216496
5099749 0.693336 42.5445 0.217624
5104638 0.693127 42.5466 0.216497
5109528 0.693423 42.5501 0.217624
5114417 0.693214 42.5521 0.216497
5119307 0.69351 42.5556 0.217624
5124196 0.693301 42.5576 0.216498
5129086 0.693597 42.5611 0.217625
5133975 0.693388 42.5632 0.216498
5138865 0.693683 42.5667 0.217625
5143754 0.693474 42.5687 0.216498
5148644 0.69377 42.5722 0.217626
5153533 0.693561 42.5742 0.216499
5158423 0.693857 42.5777 0.217626
5163312 0.693648 42.5797 0.216499
5168202 0.693943 42.5832 0.217626
5173091 0.693734 42.5852 0.216499
5177981 0.694029 42.5887 0.217627
5182870 0.69382 42.5907 0.2165
5187760 0.694115 42.5942 0.217627
5192649 0.693906 42.5962 0.2165
5197539 0.694201 42.5997 0.217627
5202428 0.693992 42.6017 0.216501
5207318 0.694287 42.6051 0.217628
5212207 0.694078 42.6072 0.216501
5217097 0.694373 42.6106 0.217628
5221986 0.694164 42.6126 0.216501
5226876 0.694459 42.6161 0.217628
5231765 0.69425 42.6181 0.216502
5236655 0.694544 42.6215 0.217629
5241544 0.694335 42.6235 0.216502
5246434 0.69463 42.627 0.217629
5251323 0.694421 42.629 0.216502
5256213 0.694715 42.6324 0.21763
5261102 0.694506 42.6344 0.216503
5265992 0.6948 42.6378 0.21763
5270881 0.694591 42.6398 0.216503
5275771 0.694885 42.6433 0.21763
5280660 0.694676 42.6453 0.216503
5285550 0.69497 42.6487 0.217631
5290439 0.694761 42.6507 0.216504
5295329 0.695055 42.6541 0.217631
5300218 0.694846 42.6561 0.216504
5305108 0.69514 42.6595 0.217631
5309997 0.694931 42.6615 0.216504
5314887 0.695225 42.6649 0.217632
5319776 0.695015 42.6669 0.216505
5324666 0.695309 42.6703 0.217632
5329555 0.6951 42.6723 0.216505
5334445 0.695394 42.6757 0.217632
5339334 0.695184 42.6776 0.216505
5344224 0.695478 42.6811 0.217633
5349113 0.695268 42.683 0.216506
5354003 0.695562 42.6864 0.217633
5358892 0.695353 42.6884 0.216506
5363782 0.695646 42.6918 0.217633
5368671 0.695437 42.6938 0.216507
5373561 0.69573 42.6972 0.217634
5378450 0.695521 42.6991 0.216507
5383340 0.695814 42.7025 0.217634
5388229 0.695604 42.7045 0.216507
5393119 0.695898 42.7079 0.217634
5398008 0.695688 42.7098 0.216508
5402898 0.695981 42.7132 0.217635
5407787 0.695772 42.7152 0.216508
5412677 0.696065 42.7185 0.217635
5417566 0.695855 42.7205 0.216508
5422456 0.696148 42.7239 0.217635
5427345 0.695939 42.7258 0.216509
5432235 0.696232 42.7292 0.217636
5437124 0.696022 42.7311 0.216509
5442014 0.696315 42.7345 0.217636
5446903 0.696105 42.7365 0.216509
5451793 0.696398 42.7398 0.217636
5456682 0.696188 42.7418 0.21651
5461572 0.696481 42.7451 0.217637
5466461 0.696271 42.7471 0.21651
5471351 0.696564 42.7504 0.217637
5476240 0.696354 42.7524 0.21651
5481130 0.696646 42.7557 0.217637
5486019 0.696437 42.7577 0.216511
5490909 0.696729 42.761 0.217638
5495798 0.696519 42.7629 0.216511
5500688 0.696812 42.7663 0.217638
5505577 0.696602 42.7682 0.216511
5510467 0.696894 42.7716 0.217638
5515356 0.696684 42.7735 0.216512
5520246 0.696976 42.7768 0.217639
5525135 0.696767 42.7788 0.216512
5530025 0.697059 42.7821 0.217639
5534914 0.696849 42.784 0.216512
5539804 0.697141 42.7873 0.217639
5544693 0.696931 42.7893 0.216513
5549583 0.697223 42.7926 0.21764
5554472 0.697013 42.7945 0.216513
5559362 0.697305 42.7978 0.21764
5564251 0.697095 42.7997 0.216513
5569141 0.697387 42.803 0.21764
5574030 0.697177 42.805 0.216513
5578920 0.697468 42.8083 0.217641
5583809 0.697259 42.8102 0.216514
5588699 0.69755 42.8135 0.217641
5593588 0.69734 42.8154 0.216514
5598478 0.697631 42.8187 0.217641
5603367 0.697422 42.8206 0.216514
5608257 0.697713 42.8239 0.217642
5613146 0.697503 42.8258 0.216515
5618036 0.697794 42.8291 0.217642
5622925 0.697584 42.831 0.216515
5627815 0.697875 42.8343 0.217642
5632704 0.697666 42.8362 0.216515
5637594 0.697957 42.8395 0.217643
5642483 0.697747 42.8414 0.216516
5647373 0.698038 42.8447 0.217643
5652262 0.697828 42.8466 0.216516
5657152 0.698118 42.8499 0.217643
5662041 0.697909 42.8517 0.216516
5666931 0.698199 42.855 0.217643
5671820 0.697989 42.8569 0.216517
5676710 0.69828 42.8602 0.217644
5681599 0.69807 42.8621 0.216517
5686489 0.698361 42.8653 0.217644
5691378 0.698151 42.8672 0.216517
5696268 0.698441 42.8705 0.217644
5701157 0.698231 42.8723 0.216518
5706047 0.698522 42.8756 0.217645
5710936 0.698312 42.8775 0.216518
5715826 0.698602 42.8807 0.217645
5720715 0.698392 42.8826 0.216518
5725605 0.698682 42.8859 0.217645
5730494 0.698472 42.8877 0.216519
5735384 0.698762 42.891 0.217646
5740273 0.698552 42.8929 0.216519
5745163 0.698842 42.8961 0.217646
5750052 0.698632 42.898 0.216519
5754942 0.698922 42.9012 0.217646
5759831 0.698712 42.9031 0.216519
5764721 0.699002 42.9063 0.217647
5769610 0.698792 42.9082 0.21652
5774500 0.699082 42.9114 0.217647
5779389 0.698872 42.9133 0.21652
5784279 0.699162 42.9165 0.217647
5789168 0.698952 42.9184 0.21652
5794058 0.699241 42.9216 0.217647
5798947 0.699031 42.9235 0.216521
5803837 0.699321 42.9267 0.217648
5808726 0.699111 42.9286 0.216521
5813616 0.6994 42.9318 0.217648
5818505 0.69919 42.9336 0.216521
5823395 0.699479 42.9369 0.217648
5828284 0.699269 42.9387 0.216522
5833174 0.699559 42.9419 0.217649
5838063 0.699349 42.9438 0.216522
5842953 0.699638 42.947 0.217649
5847842 0.699428 42.9488 0.216522
5852732 0.699717 42.952 0.217649
5857621 0.699507 42.9539 0.216522
5862511 0.699796 42.9571 0.21765
5867400 0.699586 42.9589 0.216523
5872290 0.699874 42.9621 0.21765
5877179 0.699664 42.9639 0.216523
5882069 0.699953 42.9671 0.21765
5886958 0.699743 42.9689 0.216524
5891848 0.700032 42.9721 0.217651
5896737 0.699822 42.974 0.216525
5901627 0.70011 42.9772 0.217652
5906516 0.6999 42.979 0.216526
5911406 0.700189 42.9822 0.217653
5916295 0.699979 42.984 0.216527
5921185 0.700267 42.9872 0.217654
5926074 0.700057 42.989 0.216528
5930964 0.700346 42.9922 0.217655
5935853 0.700135 42.994 0.216529
5940743 0.700424 42.9972 0.217656
5945632 0.700214 42.999 0.21653
5950522 0.700502 43.0021 0.217657
5955411 0.700292 43.0039 0.216531
5960301 0.70058 43.0071 0.217658
5965190 0.70037 43.0089 0.216532
5970080 0.700658 43.0121 0.217659
5974969 0.700448 43.0139 0.216533
5979859 0.700736 43.017 0.21766
5984748 0.700525 43.0188 0.216534
5989638 0.700813 43.022 0.217661
5994527 0.700603 43.0238 0.216535
5999417 0.700891 43.027 0.217662
6004306 0.700681 43.0287 0.216536
6009196 0.700969 43.0319 0.217663
6014085 0.700758 43.0337 0.216537
6018975 0.701046 43.0369 0.217664
6023864 0.700836 43.0386 0.216538
6028754 0.701124 43.0418 0.217665
6033643 0.700913 43.0436 0.216539
6038533 0.701201 43.0467 0.217666
6043422 0.700991 43.0485 0.21654
6048312 0.701278 43.0517 0.217667
6053201 0.701068 43.0534 0.216541
6058091 0.701355 43.0566 0.217668
6062980 0.701145 43.0584 0.216542
6067870 0.701432 43.0615 0.217669
6072759 0.701222 43.0633 0.216543
6077649 0.701509 43.0664 0.21767
6082538 0.701299 43.0682 0.216544
6087428 0.701586 43.0713 0.217671
6092317 0.701376 43.0731 0.216545
6097207 0.701663 43.0763 0.217672
6102096 0.701453 43.078 0.216546
6106986 0.70174 43.0812 0.217673
6111875 0.70153 43.0829 0.216546
6116765 0.701817 43.0861 0.217674
6121654 0.701606 43.0878 0.216547
6126544 0.701893 43.091 0.217675
6131433 0.701683 43.0927 0.216548
6136323 0.70197 43.0958 0.217676
6141212 0.701759 43.0976 0.216549
6146102 0.702046 43.1007 0.217677
6150991 0.701836 43.1025 0.21655
6155881 0.702122 43.1056 0.217678
6160770 0.701912 43.1073 0.216551
6165660 0.702199 43.1104 0.217679
6170549 0.701988 43.1122 0.216552
6175439 0.702275 43.1153 0.21768
6180328 0.702064 43.117 0.216553
6185218 0.702351 43.1202 0.217681
6190107 0.702141 43.1219 0.216554
6194997 0.702427 43.125 0.217682
6199886 0.702217 43.1267 0.216555
6204776 0.702503 43.1299 0.217683
6209665 0.702292 43.1316 0.216556
6214555 0.702579 43.1347 0.217684
6219444 0.702368 43.1364 0.216557
6224334 0.702654 43.1395 0.217684
6229223 0.702444 43.1413 0.216558
6234113 0.70273 43.1444 0.217685
6239002 0.70252 43.1461 0.216559
6243892 0.702806 43.1492 0.217686
6248781 0.702595 43.1509 0.21656
6253671 0.702881 43.154 0.217687
6258560 0.702671 43.1558 0.216561
6263450 0.702957 43.1589 0.217688
6268339 0.702746 43.1606 0.216562
6273229 0.703032 43.1637 0.217689
6278118 0.702822 43.1654 0.216563
6283008 0.703107 43.1685 0.21769
6287897 0.702897 43.1702 0.216563
6292787 0.703182 43.1733 0.217691
6297676 0.702972 43.175 0.216564
6302566 0.703258 43.1781 0.217692
6307455 0.703047 43.1798 0.216565
6312345 0.703333 43.1829 0.217693
6317234 0.703122 43.1846 0.216566
6322124 0.703408 43.1877 0.217694
6327013 0.703197 43.1894 0.216567
6331903 0.703483 43.1925 0.217695
6336792 0.703272 43.1942 0.216568
6341682 0.703557 43.1973 0.217696
6346571 0.703347 43.199 0.216569
6351461 0.703632 43.202 0.217696
6356350 0.703422 43.2037 0.21657
6361240 0.703707 43.2068 0.217697
6366129 0.703496 43.2085 0.216571
6371019 0.703781 43.2116 0.217698
6375908 0.703571 43.2133 0.216572
6380798 0.703856 43.2164 0.217699
6385687 0.703645 43.218 0.216573
6390577 0.70393 43.2211 0.2177
6395466 0.70372 43.2228 0.216573
6400356 0.704005 43.2259 0.217701
6405245 0.703794 43.2275 0.216574
6410135 0.704079 43.2306 0.217702
6415024 0.703869 43.2323 0.216575
6419914 0.704153 43.2354 0.217703
6424803 0.703943 43.237 0.216576
6429693 0.704227 43.2401 0.217704
6434582 0.704017 43.2418 0.216577
6439472 0.704301 43.2448 0.217705
6444361 0.704091 43.2465 0.216578
6449251 0.704375 43.2496 0.217705
6454140 0.704165 43.2512 0.216579
6459030 0.704449 43.2543 0.217706
6463919 0.704239 43.256 0.21658
6468809 0.704523 43.259 0.217707
6473698 0.704313 43.2607 0.216581
6478588 0.704597 43.2638 0.217708
6483477 0.704386 43.2654 0.216581
6488367 0.704671 43.2685 0.217709
6493256 0.70446 43.2701 0.216582
6498146 0.704744 43.2732 0.21771
6503035 0.704534 43.2748 0.216583
6507925 0.704818 43.2779 0.217711
6512814 0.704607 43.2795 0.216584
6517704 0.704891 43.2826 0.217712
6522593 0.704681 43.2842 0.216585
6527483 0.704965 43.2873 0.217712
6532372 0.704754 43.2889 0.216586
6537262 0.705038 43.292 0.217713
6542151 0.704828 43.2936 0.216587
6547041 0.705111 43.2967 0.217714
6551930 0.704901 43.2983 0.216588
6556820 0.705184 43.3014 0.217715
6561709 0.704974 43.303 0.216588
6566599 0.705258 43.3061 0.217716
6571488 0.705047 43.3077 0.216589
6576378 0.705331 43.3107 0.217717
6581267 0.70512 43.3124 0.21659
6586157 0.705404 43.3154 0.217718
6591046 0.705193 43.317 0.216591
6595936 0.705477 43.3201 0.217719
6600825 0.705266 43.3217 0.216592
6605715 0.705549 43.3247 0.217719
6610604 0.705339 43.3263 0.216593
6615494 0.705622 43.3294 0.21772
6620383 0.705412 43.331 0.216594
6625273 0.705695 43.334 0.217721
6630162 0.705484 43.3356 0.216594
6635052 0.705767 43.3387 0.217722
6639941 0.705557 43.3403 0.216595
6644831 0.70584 43.3433 0.217723
6649720 0.70563 43.3449 0.216596
6654610 0.705913 43.348 0.217724
6659499 0.705702 43.3496 0.216597
6664389 0.705985 43.3526 0.217724
6669278 0.705774 43.3542 0.216598
6674168 0.706057 43.3572 0.217725
6679057 0.705847 43.3588 0.216599
6683947 0.70613 43.3618 0.217726
6688836 0.705919 43.3634 0.216599
6693726 0.706202 43.3665 0.217727
6698615 0.705991 43.3681 0.2166
6703505 0.706274 43.3711 0.217728
6708394 0.706063 43.3727 0.216601
6713284 0.706346 43.3757 0.217729
6718173 0.706136 43.3773 0.216602
6723063 0.706418 43.3803 0.217729
6727952 0.706208 43.3819 0.216603
6732842 0.70649 43.3849 0.21773
6737731 0.706279 43.3865 0.216604
6742621 0.706562 43.3895 0.217731
6747510 0.706351 43.3911 0.216604
6752400 0.706634 43.3941 0.217732
6757289 0.706423 43.3957 0.216605
6762179 0.706705 43.3987 0.217733
6767068 0.706495 43.4003 0.216606
6771958 0.706777 43.4033 0.217734
6776847 0.706567 43.4049 0.216607
6781737 0.706849 43.4079 0.217734
6786626 0.706638 43.4094 0.216608
6791516 0.70692 43.4124 0.217735
6796405 0.70671 43.414 0.216609
6801295 0.706992 43.417 0.217736
6806184 0.706781 43.4186 0.216609
6811074 0.707063 43.4216 0.217737
6815963 0.706853 43.4232 0.21661
6820853 0.707134 43.4262 0.217738
6825742 0.706924 43.4278 0.216611
6830632 0.707206 43.4307 0.217739
6835521 0.706995 43.4323 0.216612
6840411 0.707277 43.4353 0.217739
6845300 0.707066 43.4369 0.216613
6850190 0.707348 43.4399 0.21774
6855079 0.707138 43.4414 0.216613
6859969 0.707419 43.4444 0.217741
6864858 0.707209 43.446 0.216614
6869748 0.70749 43.449 0.217742
6874637 0.70728 43.4505 0.216615
6879527 0.707561 43.4535 0.217743
6884416 0.707351 43.4551 0.216616
6889306 0.707632 43.458 0.217743
6894195 0.707422 43.4596 0.216617
6899085 0.707703 43.4626 0.217744
6903974 0.707492 43.4642 0.216617
6908864 0.707774 43.4671 0.217745
6913753 0.707563 43.4687 0.216618
6918643 0.707844 43.4717 0.217746
6923532 0.707634 43.4732 0.216619
6928422 0.707915 43.4762 0.217747
6933311 0.707705 43.4778 0.21662
6938201 0.707986 43.4807 0.217747
6943090 0.707775 43.4823 0.216621
6947980 0.708056 43.4853 0.217748
6952869 0.707846 43.4868 0.216621
6957759 0.708127 43.4898 0.217749
6962648 0.707916 43.4913 0.216622
6967538 0.708197 43.4943 0.21775
6972427 0.707986 43.4959 0.216623
6977317 0.708267 43.4988 0.21775
6982206 0.708057 43.5004 0.216624
6987096 0.708338 43.5033 0.217751
6991985 0.708127 43.5049 0.216625
6996875 0.708408 43.5078 0.217752
7001764 0.708197 43.5094 0.216625
7006654 0.708478 43.5123 0.217753
7011543 0.708267 43.5139 0.216626
7016433 0.708548 43.5168 0.217754
7021322 0.708337 43.5184 0.216627
7026212 0.708618 43.5213 0.217754
7031101 0.708407 43.5229 0.216628
7035991 0.708688 43.5258 0.217755
7040880 0.708477 43.5273 0.216628
7045770 0.708758 43.5303 0.217756
7050659 0.708547 43.5318 0.216629
7055549 0.708828 43.5348 0.217757
7060438 0.708617 43.5363 0.21663
7065328 0.708897 43.5392 0.217757
7070217 0.708687 43.5408 0.216631
7075107 0.708967 43.5437 0.217758
7079996 0.708757 43.5452 0.216632
7084886 0.709037 43.5482 0.217759
7089775 0.708826 43.5497 0.216632
7094665 0.709106 43.5526 0.21776
7099554 0.708896 43.5542 0.216633
7104444 0.709176 43.5571 0.217761
7109333 0.708965 43.5587 0.216634
7114223 0.709245 43.5616 0.217761
7119112 0.709035 43.5631 0.216635
7124002 0.709315 43.566 0.217762
7128891 0.709104 43.5676 0.216635
7133781 0.709384 43.5705 0.217763
7138670 0.709174 43.572 0.216636
7143560 0.709453 43.575 0.217764
7148449 0.709243 43.5765 0.216637
7153339 0.709523 43.5794 0.217764
7158228 0.709312 43.5809 0.216638
7163118 0.709592 43.5839 0.217765
7168007 0.709381 43.5854 0.216638
7172897 0.709661 43.5883 0.217766
7177786 0.70945 43.5898 0.216639
7182676 0.70973 43.5927 0.217767
7187565 0.709519 43.5942 0.21664
7192455 0.709799 43.5972 0.217767
7197344 0.709588 43.5987 0.216641
7202234 0.709868 43.6016 0.217768
7207123 0.709657 43.6031 0.216641
7212013 0.709937 43.606 0.217769
7216902 0.709726 43.6075 0.216642
7221792 0.710006 43.6104 0.21777
7226681 0.709795 43.6119 0.216643
7231571 0.710074 43.6149 0.21777
7236460 0.709864 43.6164 0.216644
7241350 0.710143 43.6193 0.217771
7246239 0.709933 43.6208 0.216644
7251129 0.710212 43.6237 0.217772
7256018 0.710001 43.6252 0.216645
7260908 0.71028 43.6281 0.217773
7265797 0.71007 43.6296 0.216646
7270687 0.710349 43.6325 0.217773
7275576 0.710138 43.634 0.216647
7280466 0.710417 43.6369 0.217774
7285355 0.710207 43.6384 0.216647
7290245 0.710486 43.6413 0.217775
7295134 0.710275 43.6428 0.216648
7300024 0.710554 43.6457 0.217775
7304913 0.710344 43.6472 0.216649
7309803 0.710622 43.65 0.217776
7314692 0.710412 43.6515 0.216649
7319582 0.710691 43.6544 0.217777
7324471 0.71048 43.6559 0.21665
7329361 0.710759 43.6588 0.217778
7334250 0.710548 43.6603 0.216651
7339140 0.710827 43.6632 0.217778
7344029 0.710616 43.6647 0.216652
7348919 0.710895 43.6675 0.217779
7353808 0.710685 43.669 0.216652
7358698 0.710963 43.6719 0.21778
7363587 0.710753 43.6734 0.216653
7368477 0.711031 43.6763 0.217781
7373366 0.710821 43.6778 0.216654
7378256 0.711099 43.6806 0.217781
7383145 0.710888 43.6821 0.216655
7388035 0.711167 43.685 0.217782
7392924 0.710956 43.6865 0.216655
7397814 0.711235 43.6893 0.217783
7402703 0.711024 43.6908 0.216656
7407593 0.711302 43.6937 0.217783
7412482 0.711092 43.6951 0.216657
7417372 0.71137 43.698 0.217784
7422261 0.71116 43.6995 0.216657
7427151 0.711438 43.7023 0.217785
7432040 0.711227 43.7038 0.216658
7436930 0.711505 43.7067 0.217786
7441819 0.711295 43.7081 0.216659
7446709 0.711573 43.711 0.217786
7451598 0.711362 43.7125 0.21666
7456488 0.71164 43.7153 0.217787
7461377 0.71143 43.7168 0.21666
7466267 0.711708 43.7197 0.217788
7471156 0.711497 43.7211 0.216661
7476046 0.711775 43.724 0.217788
7480935 0.711564 43.7254 0.216662
7485825 0.711842 43.7283 0.217789
7490714 0.711632 43.7298 0.216662
7495604 0.711909 43.7326 0.21779
7500493 0.711699 43.7341 0.216663
7505383 0.711977 43.7369 0.21779
7510272 0.711766 43.7384 0.216664
7515162 0.712044 43.7412 0.217791
7520051 0.711833 43.7427 0.216664
7524941 0.712111 43.7455 0.217792
7529830 0.7119 43.747 0.216665
7534720 0.712178 43.7498 0.217793
7539609 0.711967 43.7513 0.216666
7544499 0.712245 43.7542 0.217793
7549388 0.712034 43.7556 0.216667
7554278 0.712312 43.7585 0.217794
7559167 0.712101 43.7599 0.216667
7564057 0.712379 43.7628 0.217795
7568946 0.712168 43.7642 0.216668
7573836 0.712445 43.7671 0.217795
7578725 0.712235 43.7685 0.216669
7583615 0.712512 43.7714 0.217796
7588504 0.712302 43.7728 0.216669
7593394 0.712579 43.7757 0.217797
7598283 0.712369 43.7771 0.21667
7603173 0.712646 43.7799 0.217797
7608062 0.712435 43.7814 0.216671
7612952 0.712712 43.7842 0.217798
7617841 0.712502 43.7857 0.216671
7622731 0.712779 43.7885 0.217799
7627620 0.712568 43.7899 0.216672
7632510 0.712845 43.7928 0.217799
7637399 0.712635 43.7942 0.216673
7642289 0.712912 43.7971 0.2178
7647178 0.712701 43.7985 0.216673
7652068 0.712978 43.8013 0.217801
7656957 0.712768 43.8027 0.216674
7661847 0.713044 43.8056 0.217802
7666736 0.712834 43.807 0.216675
7671626 0.713111 43.8098 0.217802
7676515 0.7129 43.8113 0.216675
7681405 0.713177 43.8141 0.217803
7686294 0.712967 43.8155 0.216676
7691184 0.713243 43.8184 0.217804
7696073 0.713033 43.8198 0.216677
7700963 0.713309 43.8226 0.217804
7705852 0.713099 43.824 0.216677
7710742 0.713375 43.8269 0.217805
7715631 0.713165 43.8283 0.216678
7720521 0.713441 43.8311 0.217806
7725410 0.713231 43.8325 0.216679
7730300 0.713507 43.8353 0.217806
7735189 0.713297 43.8367 0.216679
7740079 0.713573 43.8396 0.217807
7744968 0.713363 43.841 0.21668
7749858 0.713639 43.8438 0.217808
7754747 0.713429 43.8452 0.216681
7759637 0.713705 43.848 0.217808
7764526 0.713495 43.8494 0.216681
7769416 0.713771 43.8523 0.217809
7774305 0.713561 43.8537 0.216682
7779195 0.713837 43.8565 0.21781
7784084 0.713626 43.8579 0.216683
7788974 0.713902 43.8607 0.21781
7793863 0.713692 43.8621 0.216683
7798753 0.713968 43.8649 0.217811
7803642 0.713758 43.8663 0.216684
7808532 0.714034 43.8691 0.217812
7813421 0.713823 43.8705 0.216685
7818311 0.714099 43.8733 0.217812
7823200 0.713889 43.8747 0.216685
7828090 0.714165 43.8775 0.217813
7832979 0.713954 43.8789 0.216686
7837869 0.71423 43.8817 0.217813
7842758 0.71402 43.8832 0.216687
7847648 0.714295 43.8859 0.217814
7852537 0.714085 43.8874 0.216687
7857427 0.714361 43.8901 0.217815
7862316 0.71415 43.8915 0.216688
7867206 0.714426 43.8943 0.217815
7872095 0.714216 43.8957 0.216689
7876985 0.714491 43.8985 0.217816
7881874 0.714281 43.8999 0.216689
7886764 0.714556 43.9027 0.217817
7891653 0.714346 43.9041 0.21669
7896543 0.714622 43.9069 0.217817
7901432 0.714411 43.9083 0.216691
7906322 0.714687 43.9111 0.217818
7911211 0.714476 43.9125 0.216691
7916101 0.714752 43.9153 0.217819
7920990 0.714541 43.9167 0.216692
7925880 0.714817 43.9194 0.217819
7930769 0.714606 43.9208 0.216693
7935659 0.714882 43.9236 0.21782
7940548 0.714671 43.925 0.216693
7945438 0.714946 43.9278 0.217821
7950327 0.714736 43.9292 0.216694
7955217 0.715011 43.932 0.217821
7960106 0.714801 43.9334 0.216694
7964996 0.715076 43.9361 0.217822
7969885 0.714866 43.9375 0.216695
7974775 0.715141 43.9403 0.217823
7979664 0.714931 43.9417 0.216696
7984554 0.715206 43.9444 0.217823
7989443 0.714995 43.9458 0.216696
7994333 0.71527 43.9486 0.217824
7999222 0.71506 43.95 0.216697
8004112 0.715335 43.9527 0.217824
8009001 0.715125 43.9541 0.216698
8013891 0.715399 43.9569 0.217825
8018780 0.715189 43.9583 0.216698
8023670 0.715464 43.961 0.217826
8028559 0.715254 43.9624 0.216699
8033449 0.715528 43.9652 0.217826
8038338 0.715318 43.9666 0.2167
8043228 0.715593 43.9693 0.217827
8048117 0.715383 43.9707 0.2167
8053007 0.715657 43.9734 0.217828
8057896 0.715447 43.9748 0.216701
8062786 0.715721 43.9776 0.217828
8067675 0.715511 43.979 0.216701
8072565 0.715786 43.9817 0.217829
8077454 0.715576 43.9831 0.216702
8082344 0.71585 43.9858 0.217829
8087233 0.71564 43.9872 0.216703
8092123 0.715914 43.99 0.21783
8097012 0.715704 43.9913 0.216703
8101902 0.715978 43.9941 0.217831
8106791 0.715768 43.9955 0.216704
8111681 0.716042 43.9982 0.217831
8116570 0.715832 43.9996 0.216705
8121460 0.716106 44.0023 0.217832
8126349 0.715896 44.0037 0.216705
8131239 0.71617 44.0065 0.217833
8136128 0.71596 44.0078 0.216706
8141018 0.716234 44.0106 0.217833
8145907 0.716024 44.0119 0.216706
8150797 0.716298 44.0147 0.217834
8155686 0.716088 44.016 0.216707
8160576 0.716362 44.0188 0.217834
8165465 0.716152 44.0202 0.216708
8170355 0.716426 44.0229 0.217835
8175244 0.716216 44.0243 0.216708
8180134 0.71649 44.027 0.217836
8185023 0.716279 44.0283 0.216709
8189913 0.716553 44.0311 0.217836
8194802 0.716343 44.0324 0.216709
8199692 0.716617 44.0352 0.217837
8204581 0.716407 44.0365 0.21671
8209471 0.716681 44.0393 0.217837
8214360 0.71647 44.0406 0.216711
8219250 0.716744 44.0433 0.217838
8224139 0.716534 44.0447 0.216711
8229029 0.716808 44.0474 0.217839
8233918 0.716598 44.0488 0.216712
8238808 0.716871 44.0515 0.217839
8243697 0.716661 44.0528 0.216712
8248587 0.716935 44.0556 0.21784
8253476 0.716725 44.0569 0.216713
8258366 0.716998 44.0597 0.21784
8263255 0.716788 44.061 0.216714
8268145 0.717061 44.0637 0.217841
8273034 0.716851 44.0651 0.216714
8277924 0.717125 44.0678 0.217842
8282813 0.716915 44.0691 0.216715
8287703 0.717188 44.0719 0.217842
8292592 0.716978 44.0732 0.216716
8297482 0.717251 44.0759 0.217843
8302371 0.717041 44.0772 0.216716
8307261 0.717314 44.08 0.217843
8312150 0.717104 44.0813 0.216717
8317040 0.717377 44.084 0.217844
8321929 0.717167 44.0853 0.216717
8326819 0.717441 44.0881 0.217845
8331708 0.71723 44.0894 0.216718
8336598 0.717504 44.0921 0.217845
8341487 0.717293 44.0934 0.216718
8346377 0.717567 44.0962 0.217846
8351266 0.717356 44.0975 0.216719
8356156 0.717629 44.1002 0.217846
8361045 0.717419 44.1015 0.21672
8365935 0.717692 44.1042 0.217847
8370824 0.717482 44.1055 0.21672
8375714 0.717755 44.1082 0.217848
8380603 0.717545 44.1096 0.216721
8385493 0.717818 44.1123 0.217848
8390382 0.717608 44.1136 0.216721
8395272 0.717881 44.1163 0.217849
8400161 0.717671 44.1176 0.216722
8405051 0.717944 44.1203 0.217849
8409940 0.717734 44.1216 0.216723
8414830 0.718006 44.1243 0.21785
8419719 0.717796 44.1256 0.216723
8424609 0.718069 44.1283 0.217851
8429498 0.717859 44.1296 0.216724
8434388 0.718131 44.1323 0.217851
8439277 0.717921 44.1337 0.216724
8444167 0.718194 44.1364 0.217852
8449056 0.717984 44.1377 0.216725
8453946 0.718256 44.1404 0.217852
8458835 0.718047 44.1417 0.216726
8463725 0.718319 44.1444 0.217853
8468614 0.718109 44.1457 0.216726
8473504 0.718381 44.1484 0.217853
8478393 0.718171 44.1497 0.216727
8483283 0.718444 44.1524 0.217854
8488172 0.718234 44.1537 0.216727
8493062 0.718506 44.1564 0.217855
8497951 0.718296 44.1577 0.216728
8502841 0.718568 44.1603 0.217855
8507730 0.718358 44.1616 0.216728
8512620 0.718631 44.1643 0.217856
8517509 0.718421 44.1656 0.216729
8522399 0.718693 44.1683 0.217856
8527288 0.718483 44.1696 0.21673
8532178 0.718755 44.1723 0.217857
8537067 0.718545 44.1736 0.21673
8541957 0.718817 44.1763 0.217857
8546846 0.718607 44.1776 0.216731
8551736 0.718879 44.1803 0.217858
8556625 0.718669 44.1816 0.216731
8561515 0.718941 44.1842 0.217859
8566404 0.718731 44.1855 0.216732
8571294 0.719003 44.1882 0.217859
8576183 0.718793 44.1895 0.216732
8581073 0.719065 44.1922 0.21786
8585962 0.718855 44.1935 0.216733
8590852 0.719127 44.1961 0.21786
8595741 0.718917 44.1974 0.216734
8600631 0.719189 44.2001 0.217861
8605520 0.718979 44.2014 0.216734
8610410 0.719251 44.2041 0.217861
8615299 0.719041 44.2053 0.216735
8620189 0.719313 44.208 0.217862
8625078 0.719103 44.2093 0.216735
8629968 0.719374 44.212 0.217863
8634857 0.719164 44.2133 0.216736
8639747 0.719436 44.2159 0.217863
8644636 0.719226 44.2172 0.216736
8649526 0.719498 44.2199 0.217864
8654415 0.719288 44.2212 0.216737
8659305 0.719559 44.2238 0.217864
8664194 0.719349 44.2251 0.216737
8669084 0.719621 44.2278 0.217865
8673973 0.719411 44.2291 0.216738
8678863 0.719682 44.2317 0.217865
8683752 0.719472 44.233 0.216739
8688642 0.719744 44.2357 0.217866
8693531 0.719534 44.2369 0.216739
8698421 0.719805 44.2396 0.217866
8703310 0.719595 44.2409 0.21674
8708200 0.719867 44.2435 0.217867
8713089 0.719657 44.2448 0.21674
8717979 0.719928 44.2475 0.217868
8722868 0.719718 44.2487 0.216741
8727758 0.719989 44.2514 0.217868
8732647 0.719779 44.2527 0.216741
8737537 0.720051 44.2553 0.217869
8742426 0.719841 44.2566 0.216742
8747316 0.720112 44.2592 0.217869
8752205 0.719902 44.2605 0.216742
8757095 0.720173 44.2631 0.21787
8761984 0.719963 44.2644 0.216743
8766874 0.720234 44.2671 0.21787
8771763 0.720024 44.2683 0.216744
8776653 0.720295 44.271 0.217871
8781542 0.720085 44.2723 0.216744
8786432 0.720356 44.2749 0.217871
8791321 0.720147 44.2762 0.216745
8796211 0.720417 44.2788 0.217872
8801100 0.720208 44.2801 0.216745
8805990 0.720478 44.2827 0.217873
8810879 0.720269 44.284 0.216746
8815769 0.720539 44.2866 0.217873
8820658 0.72033 44.2879 0.216746
8825548 0.7206 44.2905 0.217874
8830437 0.72039 44.2918 0.216747
8835327 0.720661 44.2944 0.217874
8840216 0.720451 44.2957 0.216747
8845106 0.720722 44.2983 0.217875
8849995 0.720512 44.2996 0.216748
8854885 0.720783 44.3022 0.217875
8859774 0.720573 44.3035 0.216748
8864664 0.720843 44.3061 0.217876
8869553 0.720634 44.3074 0.216749
8874443 0.720904 44.31 0.217876
8879332 0.720694 44.3113 0.216749
8884222 0.720965 44.3139 0.217877
8889111 0.720755 44.3151 0.21675
8894001 0.721025 44.3178 0.217877
8898890 0.720816 44.319 0.216751
8903780 0.721086 44.3216 0.217878
8908669 0.720876 44.3229 0.216751
8913559 0.721147 44.3255 0.217878
8918448 0.720937 44.3268 0.216752
8923338 0.721207 44.3294 0.217879
8928227 0.720997 44.3306 0.216752
8933117 0.721268 44.3332 0.217879
8938006 0.721058 44.3345 0.216753
8942896 0.721328 44.3371 0.21788
8947785 0.721118 44.3384 0.216753
8952675 0.721388 44.341 0.217881
8957564 0.721179 44.3422 0.216754
8962454 0.721449 44.3448 0.217881
8967343 0.721239 44.3461 0.216754
8972233 0.721509 44.3487 0.217882
8977122 0.721299 44.35 0.216755
8982012 0.721569 44.3526 0.217882
8986901 0.72136 44.3538 0.216755
8991791 0.72163 44.3564 0.217883
8996680 0.72142 44.3577 0.216756
9001570 0.72169 44.3603 0.217883
9006459 0.72148 44.3615 0.216756
9011349 0.72175 44.3641 0.217884
9016238 0.72154 44.3654 0.216757
9021128 0.72181 44.3679 0.217884
9026017 0.7216 44.3692 0.216757
9030907 0.72187 44.3718 0.217885
9035796 0.72166 44.373 0.216758
9040686 0.72193 44.3756 0.217885
9045575 0.72172 44.3769 0.216758
9050465 0.72199 44.3795 0.217886
9055354 0.72178 44.3807 0.216759
9060244 0.72205 44.3833 0.217886
9065133 0.72184 44.3845 0.216759
9070023 0.72211 44.3871 0.217887
9074912 0.7219 44.3884 0.21676
9079802 0.72217 44.3909 0.217887
9084691 0.72196 44.3922 0.216761
9089581 0.72223 44.3948 0.217888
9094470 0.72202 44.396 0.216761
9099360 0.72229 44.3986 0.217888
9104249 0.72208 44.3998 0.216762
9109139 0.722349 44.4024 0.217889
9114028 0.72214 44.4036 0.216762
9118918 0.722409 44.4062 0.217889
9123807 0.722199 44.4075 0.216763
9128697 0.722469 44.41 0.21789
9133586 0.722259 44.4113 0.216763
9138476 0.722528 44.4138 0.21789
9143365 0.722319 44.4151 0.216764
9148255 0.722588 44.4176 0.217891
9153144 0.722378 44.4189 0.216764
9158034 0.722648 44.4215 0.217891
9162923 0.722438 44.4227 0.216765
9167813 0.722707 44.4253 0.217892
9172702 0.722497 44.4265 0.216765
9177592 0.722767 44.4291 0.217892
9182481 0.722557 44.4303 0.216766
9187371 0.722826 44.4329 0.217893
9192260 0.722616 44.4341 0.216766
9197150 0.722885 44.4367 0.217893
9202039 0.722676 44.4379 0.216767
9206929 0.722945 44.4404 0.217894
9211818 0.722735 44.4417 0.216767
9216708 0.723004 44.4442 0.217894
9221597 0.722795 44.4455 0.216768
9226487 0.723063 44.448 0.217895
9231376 0.722854 44.4493 0.216768
9236266 0.723123 44.4518 0.217895
9241155 0.722913 44.453 0.216769
9246045 0.723182 44.4556 0.217896
9250934 0.722972 44.4568 0.216769
9255824 0.723241 44.4594 0.217896
9260713 0.723032 44.4606 0.21677
9265603 0.7233 44.4632 0.217897
9270492 0.723091 44.4644 0.21677
9275382 0.723359 44.4669 0.217897
9280271 0.72315 44.4681 0.216771
9285161 0.723419 44.4707 0.217898
9290050 0.723209 44.4719 0.216771
9294940 0.723478 44.4745 0.217898
9299829 0.723268 44.4757 0.216772
9304719 0.723537 44.4782 0.217899
9309608 0.723327 44.4794 0.216772
9314498 0.723596 44.482 0.217899
9319387 0.723386 44.4832 0.216773
9324277 0.723654 44.4857 0.2179
9329166 0.723445 44.4869 0.216773
9334056 0.723713 44.4895 0.2179
9338945 0.723504 44.4907 0.216774
9343835 0.723772 44.4932 0.217901
9348724 0.723563 44.4944 0.216774
9353614 0.723831 44.497 0.217901
9358503 0.723622 44.4982 0.216775
9363393 0.72389 44.5007 0.217902
9368282 0.72368 44.5019 0.216775
9373172 0.723949 44.5045 0.217902
9378061 0.723739 44.5057 0.216776
9382951 0.724007 44.5082 0.217903
9387840 0.723798 44.5094 0.216776
9392730 0.724066 44.5119 0.217903
9397619 0.723857 44.5131 0.216777
9402509 0.724125 44.5157 0.217904
9407398 0.723915 44.5169 0.216777
9412288 0.724183 44.5194 0.217904
9417177 0.723974 44.5206 0.216778
9422067 0.724242 44.5231 0.217905
9426956 0.724032 44.5243 0.216778
9431846 0.7243 44.5269 0.217905
9436735 0.724091 44.528 0.216778
9441625 0.724359 44.5306 0.217906
9446514 0.724149 44.5318 0.216779
9451404 0.724417 44.5343 0.217906
9456293 0.724208 44.5355 0.216779
9461183 0.724476 44.538 0.217907
9466072 0.724266 44.5392 0.21678
9470962 0.724534 44.5417 0.217907
9475851 0.724325 44.5429 0.21678
9480741 0.724592 44.5454 0.217908
9485630 0.724383 44.5466 0.216781
9490520 0.724651 44.5492 0.217908
9495409 0.724441 44.5503 0.216781
9500299 0.724709 44.5529 0.217909
9505188 0.7245 44.554 0.216782
9510078 0.724767 44.5566 0.217909
9514967 0.724558 44.5577 0.216782
9519857 0.724825 44.5603 0.21791
9524746 0.724616 44.5614 0.216783
9529636 0.724883 44.564 0.21791
9534525 0.724674 44.5651 0.216783
9539415 0.724942 44.5677 0.217911
9544304 0.724732 44.5688 0.216784
9549194 0.725 44.5714 0.217911
9554083 0.72479 44.5725 0.216784
9558973 0.725058 44.575 0.217912
9563862 0.724848 44.5762 0.216785
9568752 0.725116 44.5787 0.217912
9573641 0.724906 44.5799 0.216785
9578531 0.725174 44.5824 0.217913
9583420 0.724964 44.5836 0.216786
9588310 0.725232 44.5861 0.217913
9593199 0.725022 44.5872 0.216786
9598089 0.72529 44.5898 0.217913
9602978 0.72508 44.5909 0.216787
9607868 0.725347 44.5934 0.217914
9612757 0.725138 44.5946 0.216787
9617647 0.725405 44.5971 0.217914
9622536 0.725196 44.5982 0.216788
9627426 0.725463 44.6008 0.217915
9632315 0.725254 44.6019 0.216788
9637205 0.725521 44.6044 0.217915
9642094 0.725312 44.6056 0.216788
9646984 0.725579 44.6081 0.217916
9651873 0.725369 44.6092 0.216789
9656763 0.725636 44.6117 0.217916
9661652 0.725427 44.6129 0.216789
9666542 0.725694 44.6154 0.217917
9671431 0.725485 44.6165 0.21679
9676321 0.725752 44.619 0.217917
9681210 0.725542 44.6202 0.21679
9686100 0.725809 44.6227 0.217918
9690989 0.7256 44.6238 0.216791
9695879 0.725867 44.6263 0.217918
9700768 0.725658 44.6275 0.216791
9705658 0.725924 44.63 0.217919
9710547 0.725715 44.6311 0.216792
9715437 0.725982 44.6336 0.217919
9720326 0.725773 44.6348 0.216792
9725216 0.726039 44.6373 0.21792
9730105 0.72583 44.6384 0.216793
9734995 0.726097 44.6409 0.21792
9739884 0.725887 44.642 0.216793
9744774 0.726154 44.6445 0.21792
9749663 0.725945 44.6457 0.216794
9754553 0.726211 44.6481 0.217921
9759442 0.726002 44.6493 0.216794
9764332 0.726269 44.6518 0.217921
9769221 0.72606 44.6529 0.216794
9774111 0.726326 44.6554 0.217922
9779000 0.726117 44.6565 0.216795
9783890 0.726383 44.659 0.217922
9788779 0.726174 44.6601 0.216795
9793669 0.72644 44.6626 0.217923
9798558 0.726231 44.6638 0.216796
9803448 0.726498 44.6663 0.217923
9808337 0.726288 44.6674 0.216796
9813227 0.726555 44.6699 0.217924
9818116 0.726346 44.671 0.216797
9823006 0.726612 44.6735 0.217924
9827895 0.726403 44.6746 0.216797
9832785 0.726669 44.6771 0.217925
9837674 0.72646 44.6782 0.216798
9842564 0.726726 44.6807 0.217925
9847453 0.726517 44.6818 0.216798
9852343 0.726783 44.6843 0.217925
9857232 0.726574 44.6854 0.216799
9862122 0.72684 44.6879 0.217926
9867011 0.726631 44.689 0.216799
9871901 0.726897 44.6915 0.217926
9876790 0.726688 44.6926 0.216799
9881680 0.726954 44.6951 0.217927
9886569 0.726745 44.6962 0.2168
9891459 0.727011 44.6987 0.217927
9896348 0.726802 44.6998 0.2168
9901238 0.727067 44.7023 0.217928
9906127 0.726858 44.7034 0.216801
9911017 0.727124 44.7059 0.217928
9915906 0.726915 44.707 0.216801
9920796 0.727181 44.7095 0.217929
9925685 0.726972 44.7106 0.216802
9930575 0.727238 44.713 0.217929
9935464 0.727029 44.7141 0.216802
9940354 0.727294 44.7166 0.217929
9945243 0.727085 44.7177 0.216803
9950133 0.727351 44.7202 0.21793
9955022 0.727142 44.7213 0.216803
9959912 0.727408 44.7238 0.21793
9964801 0.727199 44.7249 0.216803
9969691 0.727464 44.7273 0.217931
9974580 0.727255 44.7284 0.216804
9979470 0.727521 44.7309 0.217931
9984359 0.727312 44.732 0.216804
9989249 0.727577 44.7345 0.217932
9994138 0.727368 44.7356 0.216805
9999028 0.727634 44.7381 0.217932
0 0 0 0
0 0 0 0
0 0 0 0
0 0 0 0
0 0 0 0
0 0 0 0
0 0 0 0
0 0 0 0
0 0 0 0
0 0 0 0
0 0 0 0
0 0 0 0
0 0 0 0
0 0 0 0
0 0 0 0
0 0 0 0
0 0 0 0
0 0 0 0
0 0 0 0
0 0 0 0
0 0 0 0
0 0 0 0
0 0 0 0
0 0 0 0
0 0 0 0
0 0 0 0
0 0 0 0
0 0 0 0
0 0 0 0
0 0 0 0
0 0 0 0
0 0 0 0
0 0 0 0
0 0 0 0
0 0 0 0
0 0 0 0
0 0 0 0
0 0 0 0
0 0 0 0
0 0 0 0
0 0 0 0
0 0 0 0
0 0 0 0
0 0 0 0
0 0 0 0
0 0 0 0
0 0 0 0
0 0 0 0
0 0 0 0
0 0 0 0
0 0 0 0
0 0 0 0
0 0 0 0
0 0 0 0
0 0 0 0
0 0 0 0
0 0 0 0
0 0 0 0
0 0 0 0
0 0 0 0
0 0 0 0
0 0 0 0
0 0 0 0
0 0 0 0
0 0 0 0
0 0 0 0
0 0 0 0
0 0 0 0
0 0 0 0
0 0 0 0
0 0 0 0
0 0 0 0
0 0 0 0
0 0 0 0
0 0 0 0
0 0 0 0
0 0 0 0
0 0 0 0
0 0 0 0
0 0 0 0
0 0 0 0
0 0 0 0
0 0 0 0
0 0 0 0
0 0 0 0
0 0 0 0
0 0 0 0
0 0 0 0
0 0 0 0
0 0 0 0
0 0 0 0
0 0 0 0
0 0 0 0
0 0 0 0
0 0 0 0
0 0 0 0
0 0 0 0
0 0 0 0
0 0 0 0
0 0 0 0
0 0 0 0
0 0 0 0
0 0 0 0
0 0 0 0
0 0 0 0
0 0 0 0
0 0 0 0
0 0 0 0
0 0 0 0
0 0 0 0
0 0 0 0
0 0 0 0
0 0 0 0
0 0 0 0
0 0 0 0
0 0 0 0
0 0 0 0
0 0 0 0
0 0 0 0
0 0 0 0
0 0 0 0
0 0 0 0
0 0 0 0
0 0 0 0
0 0 0 0
0 0 0 0
0 0 0 0
0 0 0 0
0 0 0 0
0 0 0 0
0 0 0 0
0 0 0 0
0 0 0 0
0 0 0 0
0 0 0 0
0 0 0 0
0 0 0 0
0 0 0 0
0 0 0 0
0 0 0 0
0 0 0 0
0 0 0 0
0 0 0 0
0 0 0 0
0 0 0 0
0 0 0 0
0 0 0 0
0 0 0 0
0 0 0 0
0 0 0 0
0 0 0 0
0 0 0 0
0 0 0 0
0 0 0 0
0 0 0 0
0 0 0 0
0 0 0 0
0 0 0 0
0 0 0 0
0 0 0 0
0 0 0 0
0 0 0 0
0 0 0 0
0 0 0 0
0 0 0 0
0 0 0 0
0 0 0 0
0 0 0 0
0 0 0 0
0 0 0 0
0 0 0 0
0 0 0 0
0 0 0 0
0 0 0 0
0 0 0 0
0 0 0 0
0 0 0 0
0 0 0 0
0 0 0 0
0 0 0 0
0 0 0 0
0 0 0 0
0 0 0 0
0 0 0 0
0 0 0 0
0 0 0 0
0 0 0 0
0 0 0 0
0 0 0 0
0 0 0 0
0 0 0 0
0 0 0 0
0 0 0 0
0 0 0 0
0 0 0 0
0 0 0 0
0 0 0 0
0 0 0 0
0 0 0 0
0 0 0 0
0 0 0 0
0 0 0 0
0 0 0 0
0 0 0 0
0 0 0 0
0 0 0 0
0 0 0 0
0 0 0 0
0 0 0 0
0 0 0 0
0 0 0 0
0 0 0 0
0 0 0 0
0 0 0 0
0 0 0 0
0 0 0 0
0 0 0 0
0 0 0 0
0 0 0 0
0 0 0 0
0 0 0 0
0 0 0 0
0 0 0 0
0 0 0 0
0 0 0 0
0 0 0 0
0 0 0 0
0 0 0 0
0 0 0 0
0 0 0 0
0 0 0 0
0 0 0 0
0 0 0 0
0 0 0 0
0 0 0 0
0 0 0 0
0 0 0 0
0 0 0 0
0 0 0 0
0 0 0 0
0 0 0 0
0 0 0 0
0 0 0 0
0 0 0 0
0 0 0 0
0 0 0 0
0 0 0 0
0 0 0 0
0 0 0 0
0 0 0 0
0 0 0 0
0 0 0 0
0 0 0 0
0 0 0 0
0 0 0 0
0 0 0 0
0 0 0 0
0 0 0 0
0 0 0 0
0 0 0 0
0 0 0 0
0 0 0 0
0 0 0 0
0 0 0 0
0 0 0 0
0 0 0 0
0 0 0 0
0 0 0 0
0 0 0 0
0 0 0 0
0 0 0 0
0 0 0 0
0 0 0 0
0 0 0 0
0 0 0 0
0 0 0 0
0 0 0 0
0 0 0 0
0 0 0 0
0 0 0 0
0 0 0 0
0 0 0 0
0 0 0 0
0 0 0 0
0 0 0 0
0 0 0 0
0 0 0 0
0 0 0 0
0 0 0 0
0 0 0 0
0 0 0 0
0 0 0 0
0 0 0 0
0 0 0 0
0 0 0 0
0 0 0 0
0 0 0 0
0 0 0 0
0 0 0 0
0 0 0 0
0 0 0 0
0 0 0 0
0 0 0 0
0 0 0 0
0 0 0 0
0 0 0 0
0 0 0 0
0 0 0 0
0 0 0 0
0 0 0 0
0 0 0 0
0 0 0 0
0 0 0 0
0 0 0 0
0 0 0 0
0 0 0 0
0 0 0 0
0 0 0 0
0 0 0 0
0 0 0 0
0 0 0 0
0 0 0 0
0 0 0 0
0 0 0 0
0 0 0 0
0 0 0 0
0 0 0 0
0 0 0 0
0 0 0 0
0 0 0 0
0 0 0 0
0 0 0 0
0 0 0 0
0 0 0 0
0 0 0 0
0 0 0 0
0 0 0 0
0 0 0 0
0 0 0 0
0 0 0 0
0 0 0 0
0 0 0 0
0 0 0 0
0 0 0 0
0 0 0 0
0 0 0 0
0 0 0 0
0 0 0 0
0 0 0 0
0 0 0 0
0 0 0 0
0 0 0 0
0 0 0 0
0 0 0 0
0 0 0 0
0 0 0 0
0 0 0 0
0 0 0 0
0 0 0 0
0 0 0 0
0 0 0 0
0 0 0 0
0 0 0 0
0 0 0 0
0 0 0 0
0 0 0 0
0 0 0 0
0 0 0 0
0 0 0 0
0 0 0 0
0 0 0 0
0 0 0 0
0 0 0 0
0 0 0 0
0 0 0 0
0 0 0 0
0 0 0 0
0 0 0 0
0 0 0 0
0 0 0 0
0 0 0 0
0 0 0 0
0 0 0 0
0 0 0 0
0 0 0 0
0 0 0 0
0 0 0 0
0 0 0 0
0 0 0 0
0 0 0 0
0 0 0 0
0 0 0 0
0 0 0 0
0 0 0 0
0 0 0 0
0 0 0 0
0 0 0 0
0 0 0 0
0 0 0 0
0 0 0 0
0 0 0 0
0 0 0 0
0 0 0 0
0 0 0 0
0 0 0 0
0 0 0 0
0 0 0 0
0 0 0 0
0 0 0 0
0 0 0 0
0 0 0 0
0 0 0 0
0 0 0 0
0 0 0 0
0 0 0 0
0 0 0 0
0 0 0 0
0 0 0 0
0 0 0 0
0 0 0 0
0 0 0 0
0 0 0 0
0 0 0 0
0 0 0 0
0 0 0 0
0 0 0 0
0 0 0 0
0 0 0 0
0 0 0 0
0 0 0 0
0 0 0 0
0 0 0 0
0 0 0 0
0 0 0 0
0 0 0 0
0 0 0 0
0 0 0 0
0 0 0 0
0 0 0 0
0 0 0 0
0 0 0 0
0 0 0 0
0 0 0 0
0 0 0 0
0 0 0 0
0 0 0 0
0 0 0 0
0 0 0 0
0 0 0 0
0 0 0 0
0 0 0 0
0 0 0 0
0 0 0 0
0 0 0 0
0 0 0 0
0 0 0 0
0 0 0 0
0 0 0 0
0 0 0 0
0 0 0 0
0 0 0 0
0 0 0 0
0 0 0 0
0 0 0 0
0 0 0 0
0 0 0 0
0 0 0 0
0 0 0 0
0 0 0 0
0 0 0 0
0 0 0 0
0 0 0 0
0 0 0 0
0 0 0 0
0 0 0 0
0 0 0 0
0 0 0 0
0 0 0 0
0 0 0 0
0 0 0 0
0 0 0 0
0 0 0 0
0 0 0 0
0 0 0 0
0 0 0 0
0 0 0 0
0 0 0 0
0 0 0 0
0 0 0 0
0 0 0 0
0 0 0 0
0 0 0 0
0 0 0 0
0 0 0 0
0 0 0 0
0 0 0 0
0 0 0 0
0 0 0 0
0 0 0 0
0 0 0 0
0 0 0 0
0 0 0 0
0 0 0 0
0 0 0 0
0 0 0 0
0 0 0 0
0 0 0 0
0 0 0 0
0 0 0 0
0 0 0 0
0 0 0 0
0 0 0 0
0 0 0 0
0 0 0 0
0 0 0 0
0 0 0 0
0 0 0 0
0 0 0 0
0 0 0 0
0 0 0 0
0 0 0 0
0 0 0 0
0 0 0 0
0 0 0 0
0 0 0 0
0 0 0 0
0 0 0 0
0 0 0 0
0 0 0 0
0 0 0 0
0 0 0 0
0 0 0 0
0 0 0 0
0 0 0 0
0 0 0 0
0 0 0 0
0 0 0 0
0 0 0 0
0 0 0 0
0 0 0 0
0 0 0 0
0 0 0 0
0 0 0 0
0 0 0 0
0 0 0 0
0 0 0 0
0 0 0 0
0 0 0 0
0 0 0 0
0 0 0 0
0 0 0 0
0 0 0 0
0 0 0 0
0 0 0 0
0 0 0 0
0 0 0 0
0 0 0 0
0 0 0 0
0 0 0 0
0 0 0 0
0 0 0 0
0 0 0 0
0 0 0 0
0 0 0 0
0 0 0 0
0 0 0 0
0 0 0 0
0 0 0 0
0 0 0 0
0 0 0 0
0 0 0 0
0 0 0 0
0 0 0 0
0 0 0 0
0 0 0 0
0 0 0 0
0 0 0 0
0 0 0 0
0 0 0 0
0 0 0 0
0 0 0 0
0 0 0 0
0 0 0 0
0 0 0 0
0 0 0 0
0 0 0 0
0 0 0 0
0 0 0 0
0 0 0 0
0 0 0 0
0 0 0 0
0 0 0 0
0 0 0 0
0 0 0 0
0 0 0 0
0 0 0 0
0 0 0 0
0 0 0 0
0 0 0 0
0 0 0 0
0 0 0 0
0 0 0 0
0 0 0 0
0 0 0 0
0 0 0 0
0 0 0 0
0 0 0 0
0 0 0 0
0 0 0 0
0 0 0 0
0 0 0 0
0 0 0 0
0 0 0 0
0 0 0 0
0 0 0 0
0 0 0 0
0 0 0 0
0 0 0 0
0 0 0 0
0 0 0 0
0 0 0 0
0 0 0 0
0 0 0 0
0 0 0 0
0 0 0 0
0 0 0 0
0 0 0 0
0 0 0 0
0 0 0 0
0 0 0 0
0 0 0 0
0 0 0 0
0 0 0 0
0 0 0 0
0 0 0 0
0 0 0 0
0 0 0 0
0 0 0 0
0 0 0 0
0 0 0 0
0 0 0 0
0 0 0 0
0 0 0 0
0 0 0 0
0 0 0 0
0 0 0 0
0 0 0 0
0 0 0 0
0 0 0 0
0 0 0 0
0 0 0 0
0 0 0 0
0 0 0 0
0 0 0 0
0 0 0 0
0 0 0 0
0 0 0 0
0 0 0 0
0 0 0 0
0 0 0 0
0 0 0 0
0 0 0 0
0 0 0 0
0 0 0 0
0 0 0 0
0 0 0 0
0 0 0 0
0 0 0 0
0 0 0 0
0 0 0 0
0 0 0 0
0 0 0 0
0 0 0 0
0 0 0 0
0 0 0 0
0 0 0 0
0 0 0 0
0 0 0 0
0 0 0 0
0 0 0 0
0 0 0 0
0 0 0 0
0 0 0 0
0 0 0 0
0 0 0 0
0 0 0 0
0 0 0 0
0 0 0 0
0 0 0 0
0 0 0 0
0 0 0 0
0 0 0 0
0 0 0 0
0 0 0 0
0 0 0 0
0 0 0 0
0 0 0 0
0 0 0 0
0 0 0 0
0 0 0 0
0 0 0 0
0 0 0 0
0 0 0 0
0 0 0 0
0 0 0 0
0 0 0 0
0 0 0 0
0 0 0 0
0 0 0 0
0 0 0 0
0 0 0 0
0 0 0 0
0 0 0 0
0 0 0 0
0 0 0 0
0 0 0 0
0 0 0 0
0 0 0 0
0 0 0 0
0 0 0 0
0 0 0 0
0 0 0 0
0 0 0 0
0 0 0 0
0 0 0 0
0 0 0 0
0 0 0 0
0 0 0 0
0 0 0 0
0 0 0 0
0 0 0 0
0 0 0 0
0 0 0 0
0 0 0 0
0 0 0 0
0 0 0 0
0 0 0 0
0 0 0 0
0 0 0 0
0 0 0 0
0 0 0 0
0 0 0 0
0 0 0 0
0 0 0 0
0 0 0 0
0 0 0 0
0 0 0 0
0 0 0 0
0 0 0 0
0 0 0 0
0 0 0 0
0 0 0 0
0 0 0 0
0 0 0 0
0 0 0 0
0 0 0 0
0 0 0 0
0 0 0 0
0 0 0 0
0 0 0 0
0 0 0 0
0 0 0 0
0 0 0 0
0 0 0 0
0 0 0 0
0 0 0 0
0 0 0 0
0 0 0 0
0 0 0 0
0 0 0 0
0 0 0 0
0 0 0 0
0 0 0 0
0 0 0 0
0 0 0 0
0 0 0 0
0 0 0 0
0 0 0 0
0 0 0 0
0 0 0 0
0 0 0 0
0 0 0 0
0 0 0 0
0 0 0 0
0 0 0 0
0 0 0 0
0 0 0 0
0 0 0 0
0 0 0 0
0 0 0 0
0 0 0 0
0 0 0 0
0 0 0 0
0 0 0 0
0 0 0 0
0 0 0 0
0 0 0 0
0 0 0 0
0 0 0 0
0 0 0 0
0 0 0 0
0 0 0 0
0 0 0 0
0 0 0 0
0 0 0 0
0 0 0 0
0 0 0 0
0 0 0 0
0 0 0 0
0 0 0 0
0 0 0 0
0 0 0 0
0 0 0 0
0 0 0 0
0 0 0 0
0 0 0 0
0 0 0 0
0 0 0 0
0 0 0 0
0 0 0 0
0 0 0 0
0 0 0 0
0 0 0 0
0 0 0 0
0 0 0 0
0 0 0 0
0 0 0 0
0 0 0 0
0 0 0 0
0 0 0 0
0 0 0 0
0 0 0 0
0 0 0 0
0 0 0 0
0 0 0 0
0 0 0 0
0 0 0 0
0 0 0 0
0 0 0 0
0 0 0 0
0 0 0 0
0 0 0 0
0 0 0 0
0 0 0 0
0 0 0 0
0 0 0 0
0 0 0 0
0 0 0 0
0 0 0 0
0 0 0 0
0 0 0 0
0 0 0 0
0 0 0 0
0 0 0 0
0 0 0 0
0 0 0 0
0 0 0 0
0 0 0 0
0 0 0 0
0 0 0 0
0 0 0 0
0 0 0 0
0 0 0 0
0 0 0 0
0 0 0 0
0 0 0 0
0 0 0 0
0 0 0 0
0 0 0 0
0 0 0 0
0 0 0 0
0 0 0 0
0 0 0 0
0 0 0 0
0 0 0 0
0 0 0 0
0 0 0 0
0 0 0 0
0 0 0 0
0 0 0 0
0 0 0 0
0 0 0 0
0 0 0 0
0 0 0 0
0 0 0 0
0 0 0 0
0 0 0 0
0 0 0 0
0 0 0 0
0 0 0 0
0 0 0 0
0 0 0 0
0 0 0 0
0 0 0 0
0 0 0 0
0 0 0 0
0 0 0 0
0 0 0 0
0 0 0 0
0 0 0 0
0 0 0 0
0 0 0 0
0 0 0 0
0 0 0 0
0 0 0 0
0 0 0 0
0 0 0 0
0 0 0 0
0 0 0 0
0 0 0 0
0 0 0 0
0 0 0 0
0 0 0 0
0 0 0 0
0 0 0 0
0 0 0 0
0 0 0 0
0 0 0 0
0 0 0 0
0 0 0 0
0 0 0 0
0 0 0 0
0 0 0 0
0 0 0 0
0 0 0 0
0 0 0 0
0 0 0 0
0 0 0 0
0 0 0 0
0 0 0 0
0 0 0 0
0 0 0 0
0 0 0 0
0 0 0 0
0 0 0 0
0 0 0 0
0 0 0 0
0 0 0 0
0 0 0 0
0 0 0 0
0 0 0 0
0 0 0 0
0 0 0 0
0 0 0 0
0 0 0 0
0 0 0 0
0 0 0 0
0 0 0 0
0 0 0 0
0 0 0 0
0 0 0 0
0 0 0 0
0 0 0 0
0 0 0 0
0 0 0 0
0 0 0 0
0 0 0 0
0 0 0 0
0 0 0 0
0 0 0 0
0 0 0 0
0 0 0 0
0 0 0 0
0 0 0 0
0 0 0 0
0 0 0 0
0 0 0 0
0 0 0 0
0 0 0 0
0 0 0 0
0 0 0 0
0 0 0 0
0 0 0 0
0 0 0 0
0 0 0 0
0 0 0 0
0 0 0 0
0 0 0 0
0 0 0 0
0 0 0 0
0 0 0 0
0 0 0 0
0 0 0 0
0 0 0 0
0 0 0 0
0 0 0 0
0 0 0 0
0 0 0 0
0 0 0 0
0 0 0 0
0 0 0 0
0 0 0 0
0 0 0 0
0 0 0 0
0 0 0 0
0 0 0 0
0 0 0 0
0 0 0 0
0 0 0 0
0 0 0 0
0 0 0 0
0 0 0 0
0 0 0 0
0 0 0 0
0 0 0 0
0 0 0 0
0 0 0 0
0 0 0 0
0 0 0 0
0 0 0 0
0 0 0 0
0 0 0 0
0 0 0 0
0 0 0 0
0 0 0 0
0 0 0 0
0 0 0 0
0 0 0 0
0 0 0 0
0 0 0 0
0 0 0 0
0 0 0 0
0 0 0 0
0 0 0 0
0 0 0 0
0 0 0 0
0 0 0 0
0 0 0 0
0 0 0 0
0 0 0 0
0 0 0 0
0 0 0 0
0 0 0 0
0 0 0 0
0 0 0 0
0 0 0 0
0 0 0 0
0 0 0 0
0 0 0 0
0 0 0 0
0 0 0 0
0 0 0 0
0 0 0 0
0 0 0 0
0 0 0 0
0 0 0 0
0 0 0 0
0 0 0 0
0 0 0 0
0 0 0 0
0 0 0 0
0 0 0 0
0 0 0 0
0 0 0 0
0 0 0 0
0 0 0 0
0 0 0 0
0 0 0 0
0 0 0 0
0 0 0 0
0 0 0 0
0 0 0 0
0 0 0 0
0 0 0 0
0 0 0 0
0 0 0 0
0 0 0 0
0 0 0 0
0 0 0 0
0 0 0 0
0 0 0 0
0 0 0 0
0 0 0 0
0 0 0 0
0 0 0 0
0 0 0 0
0 0 0 0
0 0 0 0
0 0 0 0
0 0 0 0
0 0 0 0
0 0 0 0
0 0 0 0
0 0 0 0
0 0 0 0
0 0 0 0
0 0 0 0
0 0 0 0
0 0 0 0
0 0 0 0
0 0 0 0
0 0 0 0
0 0 0 0
0 0 0 0
0 0 0 0
0 0 0 0
0 0 0 0
0 0 0 0
0 0 0 0
0 0 0 0
0 0 0 0
0 0 0 0
0 0 0 0
0 0 0 0
0 0 0 0
0 0 0 0
0 0 0 0
0 0 0 0
0 0 0 0
0 0 0 0
0 0 0 0
0 0 0 0
0 0 0 0
0 0 0 0
0 0 0 0
0 0 0 0
0 0 0 0
0 0 0 0
0 0 0 0
0 0 0 0
0 0 0 0
0 0 0 0
0 0 0 0
0 0 0 0
0 0 0 0
0 0 0 0
0 0 0 0
0 0 0 0
0 0 0 0
0 0 0 0
0 0 0 0
0 0 0 0
0 0 0 0
0 0 0 0
0 0 0 0
0 0 0 0
0 0 0 0
0 0 0 0
0 0 0 0
0 0 0 0
0 0 0 0
0 0 0 0
0 0 0 0
0 0 0 0
0 0 0 0
0 0 0 0
0 0 0 0
0 0 0 0
0 0 0 0
0 0 0 0
0 0 0 0
0 0 0 0
0 0 0 0
0 0 0 0
0 0 0 0
0 0 0 0
0 0 0 0
0 0 0 0
0 0 0 0
0 0 0 0
0 0 0 0
0 0 0 0
0 0 0 0
0 0 0 0
0 0 0 0
0 0 0 0
0 0 0 0
0 0 0 0
0 0 0 0
0 0 0 0
0 0 0 0
0 0 0 0
0 0 0 0
0 0 0 0
0 0 0 0
0 0 0 0
0 0 0 0
0 0 0 0
0 0 0 0
0 0 0 0
0 0 0 0
0 0 0 0
0 0 0 0
0 0 0 0
0 0 0 0
0 0 0 0
0 0 0 0
0 0 0 0
0 0 0 0
0 0 0 0
0 0 0 0
0 0 0 0
0 0 0 0
0 0 0 0
0 0 0 0
0 0 0 0
0 0 0 0
0 0 0 0
0 0 0 0
0 0 0 0
0 0 0 0
0 0 0 0
0 0 0 0
0 0 0 0
0 0 0 0
0 0 0 0
0 0 0 0
0 0 0 0
0 0 0 0
0 0 0 0
0 0 0 0
0 0 0 0
0 0 0 0
0 0 0 0
0 0 0 0
0 0 0 0
0 0 0 0
0 0 0 0
0 0 0 0
0 0 0 0
0 0 0 0
0 0 0 0
0 0 0 0
0 0 0 0
0 0 0 0
0 0 0 0
0 0 0 0
0 0 0 0
0 0 0 0
0 0 0 0
0 0 0 0
0 0 0 0
0 0 0 0
0 0 0 0
0 0 0 0
0 0 0 0
0 0 0 0
0 0 0 0
0 0 0 0
0 0 0 0
0 0 0 0
0 0 0 0
0 0 0 0
0 0 0 0
0 0 0 0
0 0 0 0
0 0 0 0
0 0 0 0
0 0 0 0
0 0 0 0
0 0 0 0
0 0 0 0
0 0 0 0
0 0 0 0
0 0 0 0
0 0 0 0
0 0 0 0
0 0 0 0
0 0 0 0
0 0 0 0
0 0 0 0
0 0 0 0
0 0 0 0
0 0 0 0
0 0 0 0
0 0 0 0
0 0 0 0
0 0 0 0
0 0 0 0
0 0 0 0
0 0 0 0
0 0 0 0
0 0 0 0
0 0 0 0
0 0 0 0
0 0 0 0
0 0 0 0
0 0 0 0
0 0 0 0
0 0 0 0
0 0 0 0
0 0 0 0
0 0 0 0
0 0 0 0
0 0 0 0
0 0 0 0
0 0 0 0
0 0 0 0
0 0 0 0
0 0 0 0
0 0 0 0
0 0 0 0
0 0 0 0
0 0 0 0
0 0 0 0
0 0 0 0
0 0 0 0
0 0 0 0
0 0 0 0
0 0 0 0
0 0 0 0
0 0 0 0
0 0 0 0
0 0 0 0
0 0 0 0
0 0 0 0
0 0 0 0
0 0 0 0
0 0 0 0
0 0 0 0
0 0 0 0
0 0 0 0
0 0 0 0
0 0 0 0
0 0 0 0
0 0 0 0
0 0 0 0
0 0 0 0
0 0 0 0
0 0 0 0
0 0 0 0
0 0 0 0
0 0 0 0
0 0 0 0
0 0 0 0
0 0 0 0
0 0 0 0
0 0 0 0
0 0 0 0
0 0 0 0
0 0 0 0
0 0 0 0
0 0 0 0
0 0 0 0
0 0 0 0
0 0 0 0
0 0 0 0
0 0 0 0
0 0 0 0
0 0 0 0
0 0 0 0
0 0 0 0
0 0 0 0
0 0 0 0
0 0 0 0
0 0 0 0
0 0 0 0
0 0 0 0
0 0 0 0
0 0 0 0
0 0 0 0
0 0 0 0
0 0 0 0
0 0 0 0
0 0 0 0
0 0 0 0
0 0 0 0
0 0 0 0
0 0 0 0
0 0 0 0
0 0 0 0
0 0 0 0
0 0 0 0
0 0 0 0
0 0 0 0
0 0 0 0
0 0 0 0
0 0 0 0
0 0 0 0
0 0 0 0
0 0 0 0
0 0 0 0
0 0 0 0
0 0 0 0
0 0 0 0
0 0 0 0
0 0 0 0
0 0 0 0
0 0 0 0
0 0 0 0
0 0 0 0
0 0 0 0
0 0 0 0
0 0 0 0
0 0 0 0
0 0 0 0
0 0 0 0
0 0 0 0
0 0 0 0
0 0 0 0
0 0 0 0
0 0 0 0
0 0 0 0
0 0 0 0
0 0 0 0
0 0 0 0
0 0 0 0
0 0 0 0
0 0 0 0
0 0 0 0
0 0 0 0
0 0 0 0
0 0 0 0
0 0 0 0
0 0 0 0
0 0 0 0
0 0 0 0
0 0 0 0
0 0 0 0
0 0 0 0
0 0 0 0
0 0 0 0
0 0 0 0
0 0 0 0
0 0 0 0
0 0 0 0
0 0 0 0
0 0 0 0
0 0 0 0
0 0 0 0
0 0 0 0
0 0 0 0
0 0 0 0
0 0 0 0
0 0 0 0
0 0 0 0
0 0 0 0
0 0 0 0
0 0 0 0
0 0 0 0
0 0 0 0
0 0 0 0
0 0 0 0
0 0 0 0
0 0 0 0
0 0 0 0
0 0 0 0
0 0 0 0
0 0 0 0
0 0 0 0
0 0 0 0
0 0 0 0
0 0 0 0
0 0 0 0
0 0 0 0
0 0 0 0
0 0 0 0
0 0 0 0
0 0 0 0
0 0 0 0
0 0 0 0
0 0 0 0
0 0 0 0
0 0 0 0
0 0 0 0
0 0 0 0
0 0 0 0
0 0 0 0
0 0 0 0
0 0 0 0
0 0 0 0
0 0 0 0
0 0 0 0
0 0 0 0
0 0 0 0
0 0 0 0
0 0 0 0
0 0 0 0
0 0 0 0
0 0 0 0
0 0 0 0
0 0 0 0
0 0 0 0
0 0 0 0
0 0 0 0
0 0 0 0
0 0 0 0
0 0 0 0
0 0 0 0
0 0 0 0
0 0 0 0
0 0 0 0
0 0 0 0
0 0 0 0
0 0 0 0
0 0 0 0
0 0 0 0
0 0 0 0
0 0 0 0
0 0 0 0
0 0 0 0
0 0 0 0
0 0 0 0
0 0 0 0
0 0 0 0
0 0 0 0
0 0 0 0
0 0 0 0
0 0 0 0
0 0 0 0
0 0 0 0
0 0 0 0
0 0 0 0
0 0 0 0
0 0 0 0
0 0 0 0
0 0 0 0
0 0 0 0
0 0 0 0
0 0 0 0
0 0 0 0
0 0 0 0
0 0 0 0
0 0 0 0
0 0 0 0
0 0 0 0
0 0 0 0
0 0 0 0
0 0 0 0
0 0 0 0
0 0 0 0
0 0 0 0
0 0 0 0
0 0 0 0
0 0 0 0
0 0 0 0
0 0 0 0
0 0 0 0
0 0 0 0
0 0 0 0
0 0 0 0
0 0 0 0
0 0 0 0
0 0 0 0
0 0 0 0
0 0 0 0
0 0 0 0
0 0 0 0
0 0 0 0
0 0 0 0
0 0 0 0
0 0 0 0
0 0 0 0
0 0 0 0
0 0 0 0
0 0 0 0
0 0 0 0
0 0 0 0
0 0 0 0
0 0 0 0
0 0 0 0
0 0 0 0
0 0 0 0
0 0 0 0
0 0 0 0
0 0 0 0
0 0 0 0
0 0 0 0
0 0 0 0
0 0 0 0
0 0 0 0
0 0 0 0
0 0 0 0
0 0 0 0
0 0 0 0
0 0 0 0
0 0 0 0
0 0 0 0
0 0 0 0
0 0 0 0
0 0 0 0
0 0 0 0
0 0 0 0
0 0 0 0
0 0 0 0
0 0 0 0
0 0 0 0
0 0 0 0
0 0 0 0
0 0 0 0
0 0 0 0
0 0 0 0
0 0 0 0
0 0 0 0
0 0 0 0
0 0 0 0
0 0 0 0
0 0 0 0
0 0 0 0
0 0 0 0
0 0 0 0
0 0 0 0
0 0 0 0
0 0 0 0
0 0 0 0
0 0 0 0
0 0 0 0
0 0 0 0
0 0 0 0
0 0 0 0
0 0 0 0
0 0 0 0
0 0 0 0
0 0 0 0
0 0 0 0
0 0 0 0
0 0 0 0
0 0 0 0
0 0 0 0
0 0 0 0
0 0 0 0
0 0 0 0
0 0 0 0
0 0 0 0
0 0 0 0
0 0 0 0
0 0 0 0
0 0 0 0
0 0 0 0
0 0 0 0
0 0 0 0
0 0 0 0
0 0 0 0
0 0 0 0
0 0 0 0
0 0 0 0
0 0 0 0
0 0 0 0
0 0 0 0
0 0 0 0
0 0 0 0
0 0 0 0
0 0 0 0
0 0 0 0
0 0 0 0
0 0 0 0
0 0 0 0
0 0 0 0
0 0 0 0
0 0 0 0
0 0 0 0
0 0 0 0
0 0 0 0
0 0 0 0
0 0 0 0
0 0 0 0
0 0 0 0
0 0 0 0
0 0 0 0
0 0 0 0
0 0 0 0
0 0 0 0
0 0 0 0
0 0 0 0
0 0 0 0
0 0 0 0
0 0 0 0
0 0 0 0
0 0 0 0
0 0 0 0
0 0 0 0
0 0 0 0
0 0 0 0
0 0 0 0
0 0 0 0
0 0 0 0
0 0 0 0
0 0 0 0
0 0 0 0
0 0 0 0
0 0 0 0
0 0 0 0
0 0 0 0
0 0 0 0
0 0 0 0
0 0 0 0
0 0 0 0
0 0 0 0
0 0 0 0
0 0 0 0
0 0 0 0
0 0 0 0
0 0 0 0
0 0 0 0
0 0 0 0
0 0 0 0
0 0 0 0
0 0 0 0
0 0 0 0
0 0 0 0
0 0 0 0
0 0 0 0
0 0 0 0
0 0 0 0
0 0 0 0
0 0 0 0
0 0 0 0
0 0 0 0
0 0 0 0
0 0 0 0
0 0 0 0
0 0 0 0
0 0 0 0
0 0 0 0
0 0 0 0
0 0 0 0
0 0 0 0
0 0 0 0
0 0 0 0
0 0 0 0
0 0 0 0
0 0 0 0
0 0 0 0
0 0 0 0
0 0 0 0
0 0 0 0
0 0 0 0
0 0 0 0
0 0 0 0
0 0 0 0
0 0 0 0
0 0 0 0
0 0 0 0
0 0 0 0
0 0 0 0
0 0 0 0
0 0 0 0
0 0 0 0
0 0 0 0
0 0 0 0
0 0 0 0
0 0 0 0
0 0 0 0
0 0 0 0
0 0 0 0
0 0 0 0
0 0 0 0
0 0 0 0
0 0 0 0
0 0 0 0
0 0 0 0
0 0 0 0
0 0 0 0
0 0 0 0
0 0 0 0
0 0 0 0
0 0 0 0
0 0 0 0
0 0 0 0
0 0 0 0
0 0 0 0
0 0 0 0
0 0 0 0
0 0 0 0
0 0 0 0
0 0 0 0
0 0 0 0
0 0 0 0
0 0 0 0
0 0 0 0
0 0 0 0
0 0 0 0
0 0 0 0
0 0 0 0
0 0 0 0
0 0 0 0
0 0 0 0
0 0 0 0
0 0 0 0
0 0 0 0
0 0 0 0
0 0 0 0
0 0 0 0
0 0 0 0
0 0 0 0
0 0 0 0
0 0 0 0
0 0 0 0
0 0 0 0
0 0 0 0
0 0 0 0
0 0 0 0
0 0 0 0
0 0 0 0
0 0 0 0
0 0 0 0
0 0 0 0
0 0 0 0
0 0 0 0
0 0 0 0
0 0 0 0
0 0 0 0
0 0 0 0
0 0 0 0
0 0 0 0
0 0 0 0
0 0 0 0
0 0 0 0
0 0 0 0
0 0 0 0
0 0 0 0
0 0 0 0
0 0 0 0
0 0 0 0
0 0 0 0
0 0 0 0
0 0 0 0
0 0 0 0
0 0 0 0
0 0 0 0
0 0 0 0
0 0 0 0
0 0 0 0
0 0 0 0
0 0 0 0
0 0 0 0
0 0 0 0
0 0 0 0
0 0 0 0
0 0 0 0
0 0 0 0
0 0 0 0
0 0 0 0
0 0 0 0
0 0 0 0
0 0 0 0
0 0 0 0
0 0 0 0
0 0 0 0
0 0 0 0
0 0 0 0
0 0 0 0
0 0 0 0
0 0 0 0
0 0 0 0
0 0 0 0
0 0 0 0
0 0 0 0
0 0 0 0
0 0 0 0
0 0 0 0
0 0 0 0
0 0 0 0
0 0 0 0
0 0 0 0
0 0 0 0
0 0 0 0
0 0 0 0
0 0 0 0
0 0 0 0
0 0 0 0
0 0 0 0
0 0 0 0
0 0 0 0
0 0 0 0
0 0 0 0
0 0 0 0
0 0 0 0
0 0 0 0
0 0 0 0
0 0 0 0
0 0 0 0
0 0 0 0
0 0 0 0
0 0 0 0
0 0 0 0
0 0 0 0
0 0 0 0
0 0 0 0
0 0 0 0
0 0 0 0
0 0 0 0
0 0 0 0
0 0 0 0
0 0 0 0
0 0 0 0
0 0 0 0
0 0 0 0
0 0 0 0
0 0 0 0
0 0 0 0
0 0 0 0
0 0 0 0
0 0 0 0
0 0 0 0
0 0 0 0
0 0 0 0
0 0 0 0
0 0 0 0
0 0 0 0
0 0 0 0
0 0 0 0
0 0 0 0
0 0 0 0
0 0 0 0
0 0 0 0
0 0 0 0
0 0 0 0
0 0 0 0
0 0 0 0
0 0 0 0
0 0 0 0
0 0 0 0
0 0 0 0
0 0 0 0
0 0 0 0
0 0 0 0
0 0 0 0
0 0 0 0
0 0 0 0
0 0 0 0
0 0 0 0
0 0 0 0
0 0 0 0
0 0 0 0
0 0 0 0
0 0 0 0
0 0 0 0
0 0 0 0
0 0 0 0
0 0 0 0
0 0 0 0
0 0 0 0
0 0 0 0
0 0 0 0
0 0 0 0
0 0 0 0
0 0 0 0
0 0 0 0
0 0 0 0
0 0 0 0
0 0 0 0
0 0 0 0
0 0 0 0
0 0 0 0
0 0 0 0
0 0 0 0
0 0 0 0
0 0 0 0
0 0 0 0
0 0 0 0
0 0 0 0
0 0 0 0
0 0 0 0
0 0 0 0
0 0 0 0
0 0 0 0
0 0 0 0
0 0 0 0
0 0 0 0
0 0 0 0
0 0 0 0
0 0 0 0
0 0 0 0
0 0 0 0
0 0 0 0
0 0 0 0
0 0 0 0
0 0 0 0
0 0 0 0
0 0 0 0
0 0 0 0
0 0 0 0
0 0 0 0
0 0 0 0
0 0 0 0
0 0 0 0
0 0 0 0
0 0 0 0
0 0 0 0
0 0 0 0
0 0 0 0
0 0 0 0
0 0 0 0
0 0 0 0
0 0 0 0
0 0 0 0
0 0 0 0
0 0 0 0
0 0 0 0
0 0 0 0
0 0 0 0
0 0 0 0
0 0 0 0
0 0 0 0
0 0 0 0
0 0 0 0
0 0 0 0
0 0 0 0
0 0 0 0
0 0 0 0
0 0 0 0
0 0 0 0
0 0 0 0
0 0 0 0
0 0 0 0
0 0 0 0
0 0 0 0
0 0 0 0
0 0 0 0
0 0 0 0
0 0 0 0
0 0 0 0
0 0 0 0
0 0 0 0
0 0 0 0
0 0 0 0
0 0 0 0
0 0 0 0
0 0 0 0
0 0 0 0
0 0 0 0
0 0 0 0
0 0 0 0
0 0 0 0
0 0 0 0
0 0 0 0
0 0 0 0
0 0 0 0
0 0 0 0
0 0 0 0
0 0 0 0
0 0 0 0
0 0 0 0
0 0 0 0
0 0 0 0
0 0 0 0
0 0 0 0
0 0 0 0
0 0 0 0
0 0 0 0
0 0 0 0
0 0 0 0
0 0 0 0
0 0 0 0
0 0 0 0
0 0 0 0
0 0 0 0
0 0 0 0
0 0 0 0
0 0 0 0
0 0 0 0
0 0 0 0
