4890 6.67643
9779 5.17792
14669 4.21612
19558 3.55717
24448 3.07343
29337 2.70356
34227 2.41293
39116 2.17938
44006 1.98856
48895 1.83029
53785 1.69825
58674 1.58567
63564 1.48987
68453 1.4063
73343 1.33415
78232 1.26991
83122 1.21407
88011 1.16341
92901 1.11908
97790 1.07809
102680 1.04219
107569 1.00839
112459 0.978848
117348 0.950509
122238 0.925851
127127 0.901755
132017 0.880942
136906 0.860172
141796 0.842389
146685 0.82427
151575 0.808947
156464 0.792994
161354 0.779714
166243 0.765544
171133 0.75395
176022 0.741256
180912 0.731067
185801 0.719596
190691 0.710595
195580 0.700165
200470 0.692181
205359 0.682635
210249 0.675525
215138 0.666741
220028 0.660391
224917 0.652267
229807 0.64658
234696 0.639029
239586 0.633924
244475 0.626877
249365 0.622292
254254 0.615693
259144 0.611569
264033 0.605365
268923 0.601653
273812 0.595799
278702 0.592459
283591 0.586922
288481 0.583917
293370 0.578664
298260 0.575966
303149 0.57097
308039 0.568551
312928 0.563789
317818 0.561623
322707 0.557073
327597 0.55514
332486 0.550783
337376 0.549065
342265 0.544886
347155 0.543365
352044 0.539348
356934 0.538009
361823 0.534141
366713 0.532969
371602 0.529238
376492 0.528222
381381 0.524617
386271 0.523746
391160 0.520257
396050 0.519521
400939 0.51614
405829 0.51553
410718 0.51225
415608 0.511756
420497 0.508569
425387 0.508186
430276 0.505087
435166 0.504807
440055 0.501791
444945 0.501609
449834 0.498671
454724 0.49858
459613 0.495713
464503 0.495708
469392 0.492908
474282 0.492984
479171 0.490247
484061 0.490399
488950 0.48772
493840 0.487944
498729 0.485321
503619 0.485613
508508 0.483042
513398 0.483398
518287 0.480876
523177 0.481293
528066 0.478819
532956 0.479293
537845 0.476863
542735 0.477391
547624 0.475003
552514 0.475583
557403 0.473234
562293 0.473864
567182 0.471552
572072 0.472227
576961 0.469951
581851 0.47067
586740 0.468427
591630 0.469188
596519 0.466976
601409 0.467777
606298 0.465595
611188 0.466434
616077 0.464281
620967 0.465155
625856 0.463028
630746 0.463937
635635 0.461836
640525 0.462777
645414 0.4607
650304 0.461672
655193 0.459619
660083 0.46062
664972 0.458589
669862 0.459618
674751 0.457608
679641 0.458664
684530 0.456675
689420 0.457757
694309 0.455786
699199 0.456893
704088 0.454941
708978 0.456072
713867 0.454138
718757 0.455291
723646 0.453374
728536 0.454548
733425 0.452648
738315 0.453842
743204 0.451956
748094 0.453171
752983 0.451299
757873 0.452532
762762 0.450675
767652 0.451926
772541 0.450082
777431 0.45135
782320 0.449519
787210 0.450803
792099 0.448984
796989 0.450283
801878 0.448475
806768 0.449789
811657 0.447993
816547 0.449321
821436 0.447535
826326 0.448877
831215 0.447102
836105 0.448456
840994 0.44669
845884 0.448057
850773 0.446301
855663 0.44768
860552 0.445932
865442 0.447322
870331 0.445583
875221 0.446984
880110 0.445254
885000 0.446665
889889 0.444943
894779 0.446365
899668 0.44465
904558 0.446081
909447 0.444375
914337 0.445816
919226 0.444116
924116 0.445566
929005 0.443873
933895 0.445332
938784 0.443646
943674 0.445113
948563 0.443434
953453 0.444909
958342 0.443236
963232 0.444718
968121 0.443051
973011 0.444541
977900 0.442879
982790 0.444376
987679 0.44272
992569 0.444223
997458 0.442573
1002348 0.444083
1007237 0.442437
1012127 0.443953
1017016 0.442313
1021906 0.443834
1026795 0.442199
1031685 0.443725
1036574 0.442094
1041464 0.443626
1046353 0.441999
1051243 0.443536
1056132 0.441913
1061022 0.443455
1065911 0.441836
1070801 0.443382
1075690 0.441767
1080580 0.443318
1085469 0.441706
1090359 0.443261
1095248 0.441653
1100138 0.443212
1105027 0.441608
1109917 0.44317
1114806 0.441569
1119696 0.443135
1124585 0.441538
1129475 0.443108
1134364 0.441513
1139254 0.443087
1144143 0.441495
1149033 0.443072
1153922 0.441484
1158812 0.443063
1163701 0.441478
1168591 0.443061
1173480 0.441478
1178370 0.443064
1183259 0.441484
1188149 0.443072
1193038 0.441495
1197928 0.443086
1202817 0.441511
1207707 0.443104
1212596 0.441532
1217486 0.443128
1222375 0.441558
1227265 0.443156
1232154 0.441588
1237044 0.443188
1241933 0.441623
1246823 0.443225
1251712 0.441662
1256602 0.443266
1261491 0.441705
1266381 0.443311
1271270 0.441752
1276160 0.443359
1281049 0.441802
1285939 0.443412
1290828 0.441856
1295718 0.443467
1300607 0.441914
1305497 0.443527
1310386 0.441975
1315276 0.443589
1320165 0.442039
1325055 0.443655
1329944 0.442106
1334834 0.443723
1339723 0.442176
1344613 0.443794
1349502 0.442249
1354392 0.443868
1359281 0.442325
1364171 0.443945
1369060 0.442403
1373950 0.444024
1378839 0.442483
1383729 0.444106
1388618 0.442566
1393508 0.44419
1398397 0.442652
1403287 0.444276
1408176 0.442739
1413066 0.444364
1417955 0.442829
1422845 0.444454
1427734 0.44292
1432624 0.444547
1437513 0.443014
1442403 0.444641
1447292 0.443109
1452182 0.444737
1457071 0.443207
1461961 0.444835
1466850 0.443306
1471740 0.444934
1476629 0.443406
1481519 0.445035
1486408 0.443508
1491298 0.445138
1496187 0.443612
1501077 0.445242
1505966 0.443717
1510856 0.445347
1515745 0.443823
1520635 0.445454
1525524 0.443931
1530414 0.445562
1535303 0.44404
1540193 0.445671
1545082 0.44415
1549972 0.445781
1554861 0.444261
1559751 0.445893
1564640 0.444373
1569530 0.446005
1574419 0.444487
1579309 0.446119
1584198 0.444601
1589088 0.446233
1593977 0.444716
1598867 0.446349
1603756 0.444832
1608646 0.446465
1613535 0.444949
1618425 0.446582
1623314 0.445067
1628204 0.4467
1633093 0.445185
1637983 0.446818
1642872 0.445305
1647762 0.446937
1652651 0.445425
1657541 0.447057
1662430 0.445545
1667320 0.447178
1672209 0.445666
1677099 0.447299
1681988 0.445788
1686878 0.44742
1691767 0.44591
1696657 0.447542
1701546 0.446033
1706436 0.447665
1711325 0.446156
1716215 0.447788
1721104 0.446279
1725994 0.447911
1730883 0.446403
1735773 0.448034
1740662 0.446527
1745552 0.448158
1750441 0.446651
1755331 0.448282
1760220 0.446776
1765110 0.448407
1769999 0.446901
1774889 0.448532
1779778 0.447026
1784668 0.448657
1789557 0.447152
1794447 0.448782
1799336 0.447277
1804226 0.448907
1809115 0.447403
1814005 0.449033
1818894 0.44753
1823784 0.449159
1828673 0.447656
1833563 0.449285
1838452 0.447783
1843342 0.449411
1848231 0.447909
1853121 0.449538
1858010 0.448036
1862900 0.449664
1867789 0.448163
1872679 0.449791
1877568 0.44829
1882458 0.449917
1887347 0.448417
1892237 0.450044
1897126 0.448544
1902016 0.450171
1906905 0.448671
1911795 0.450297
1916684 0.448798
1921574 0.450424
1926463 0.448925
1931353 0.450551
1936242 0.449052
1941132 0.450677
1946021 0.449179
1950911 0.450804
1955800 0.449306
1960690 0.45093
1965579 0.449433
1970469 0.451057
1975358 0.44956
1980248 0.451184
1985137 0.449687
1990027 0.45131
1994916 0.449814
1999806 0.451436
2004695 0.44994
2009585 0.451562
2014474 0.450067
2019364 0.451688
2024253 0.450193
2029143 0.451814
2034032 0.450319
2038922 0.45194
2043811 0.450446
2048701 0.452066
2053590 0.450571
2058480 0.452191
2063369 0.450697
2068259 0.452316
2073148 0.450823
2078038 0.452441
2082927 0.450948
2087817 0.452566
2092706 0.451073
2097596 0.452691
2102485 0.451198
2107375 0.452815
2112264 0.451323
2117154 0.45294
2122043 0.451447
2126933 0.453064
2131822 0.451571
2136712 0.453187
2141601 0.451696
2146491 0.453311
2151380 0.451819
2156270 0.453434
2161159 0.451943
2166049 0.453557
2170938 0.452066
2175828 0.45368
2180717 0.452189
2185607 0.453803
2190496 0.452312
2195386 0.453925
2200275 0.452435
2205165 0.454047
2210054 0.452557
2214944 0.454169
2219833 0.452679
2224723 0.454291
2229612 0.452801
2234502 0.454412
2239391 0.452922
2244281 0.454533
2249170 0.453044
2254060 0.454653
2258949 0.453164
2263839 0.454774
2268728 0.453285
2273618 0.454894
2278507 0.453405
2283397 0.455014
2288286 0.453526
2293176 0.455134
2298065 0.453645
2302955 0.455253
2307844 0.453765
2312734 0.455372
2317623 0.453884
2322513 0.455491
2327402 0.454003
2332292 0.455609
2337181 0.454122
2342071 0.455727
2346960 0.45424
2351850 0.455845
2356739 0.454358
2361629 0.455963
2366518 0.454476
2371408 0.45608
2376297 0.454593
2381187 0.456197
2386076 0.454711
2390966 0.456314
2395855 0.454827
2400745 0.45643
2405634 0.454944
2410524 0.456546
2415413 0.45506
2420303 0.456662
2425192 0.455176
2430082 0.456777
2434971 0.455292
2439861 0.456892
2444750 0.455407
2449640 0.457007
2454529 0.455522
2459419 0.457122
2464308 0.455637
2469198 0.457236
2474087 0.455751
2478977 0.45735
2483866 0.455865
2488756 0.457463
2493645 0.455979
2498535 0.457576
2503424 0.456092
2508314 0.457689
2513203 0.456205
2518093 0.457802
2522982 0.456318
2527872 0.457914
2532761 0.45643
2537651 0.458026
2542540 0.456542
2547430 0.458137
2552319 0.456654
2557209 0.458248
2562098 0.456765
2566988 0.458359
2571877 0.456876
2576767 0.45847
2581656 0.456987
2586546 0.45858
2591435 0.457097
2596325 0.45869
2601214 0.457207
2606104 0.458799
2610993 0.457317
2615883 0.458909
2620772 0.457426
2625662 0.459017
2630551 0.457535
2635441 0.459126
2640330 0.457644
2645220 0.459234
2650109 0.457752
2654999 0.459342
2659888 0.45786
2664778 0.459449
2669667 0.457968
2674557 0.459556
2679446 0.458075
2684336 0.459663
2689225 0.458182
2694115 0.459769
2699004 0.458288
2703894 0.459876
2708783 0.458395
2713673 0.459981
2718562 0.458501
2723452 0.460087
2728341 0.458606
2733231 0.460192
2738120 0.458711
2743010 0.460297
2747899 0.458816
2752789 0.460401
2757678 0.458921
2762568 0.460505
2767457 0.459025
2772347 0.460609
2777236 0.459129
2782126 0.460713
2787015 0.459233
2791905 0.460816
2796794 0.459336
2801684 0.460919
2806573 0.459439
2811463 0.461021
2816352 0.459542
2821242 0.461123
2826131 0.459644
2831021 0.461225
2835910 0.459746
2840800 0.461327
2845689 0.459848
2850579 0.461428
2855468 0.459949
2860358 0.461529
2865247 0.46005
2870137 0.461629
2875026 0.460151
2879916 0.461729
2884805 0.460251
2889695 0.461829
2894584 0.460351
2899474 0.461929
2904363 0.460451
2909253 0.462028
2914142 0.46055
2919032 0.462127
2923921 0.460649
2928811 0.462226
2933700 0.460748
2938590 0.462324
2943479 0.460846
2948369 0.462422
2953258 0.460944
2958148 0.462519
2963037 0.461042
2967927 0.462617
2972816 0.46114
2977706 0.462714
2982595 0.461237
2987485 0.462811
2992374 0.461334
2997264 0.462907
3002153 0.46143
3007043 0.463003
3011932 0.461526
3016822 0.463099
3021711 0.461622
3026601 0.463195
3031490 0.461718
3036380 0.46329
3041269 0.461813
3046159 0.463385
3051048 0.461908
3055938 0.463479
3060827 0.462003
3065717 0.463574
3070606 0.462098
3075496 0.463668
3080385 0.462192
3085275 0.463761
3090164 0.462286
3095054 0.463855
3099943 0.462379
3104833 0.463948
3109722 0.462473
3114612 0.464041
3119501 0.462566
3124391 0.464134
3129280 0.462658
3134170 0.464226
3139059 0.462751
3143949 0.464318
3148838 0.462843
3153728 0.464409
3158617 0.462935
3163507 0.464501
3168396 0.463026
3173286 0.464592
3178175 0.463117
3183065 0.464683
3187954 0.463208
3192844 0.464773
3197733 0.463299
3202623 0.464864
3207512 0.463389
3212402 0.464954
3217291 0.46348
3222181 0.465043
3227070 0.463569
3231960 0.465133
3236849 0.463659
3241739 0.465222
3246628 0.463748
3251518 0.465311
3256407 0.463837
3261297 0.465399
3266186 0.463926
3271076 0.465488
3275965 0.464014
3280855 0.465576
3285744 0.464103
3290634 0.465664
3295523 0.46419
3300413 0.465751
3305302 0.464278
3310192 0.465838
3315081 0.464365
3319971 0.465925
3324860 0.464452
3329750 0.466012
3334639 0.464539
3339529 0.466098
3344418 0.464626
3349308 0.466185
3354197 0.464712
3359087 0.46627
3363976 0.464798
3368866 0.466356
3373755 0.464884
3378645 0.466441
3383534 0.464969
3388424 0.466527
3393313 0.465055
3398203 0.466611
3403092 0.46514
3407982 0.466696
3412871 0.465224
3417761 0.46678
3422650 0.465309
3427540 0.466864
3432429 0.465393
3437319 0.466948
3442208 0.465477
3447098 0.467032
3451987 0.465561
3456877 0.467115
3461766 0.465644
3466656 0.467198
3471545 0.465727
3476435 0.467281
3481324 0.46581
3486214 0.467364
3491103 0.465893
3495993 0.467446
3500882 0.465975
3505772 0.467528
3510661 0.466057
3515551 0.46761
3520440 0.466139
3525330 0.467692
3530219 0.466221
3535109 0.467773
3539998 0.466303
3544888 0.467854
3549777 0.466384
3554667 0.467935
3559556 0.466465
3564446 0.468016
3569335 0.466546
3574225 0.468096
3579114 0.466626
3584004 0.468176
3588893 0.466706
3593783 0.468256
3598672 0.466786
3603562 0.468336
3608451 0.466866
3613341 0.468415
3618230 0.466946
3623120 0.468495
3628009 0.467025
3632899 0.468574
3637788 0.467104
3642678 0.468652
3647567 0.467183
3652457 0.468731
3657346 0.467262
3662236 0.468809
3667125 0.46734
3672015 0.468887
3676904 0.467419
3681794 0.468965
3686683 0.467497
3691573 0.469043
3696462 0.467574
3701352 0.46912
3706241 0.467652
3711131 0.469198
3716020 0.467729
3720910 0.469275
3725799 0.467806
3730689 0.469352
3735578 0.467883
3740468 0.469428
3745357 0.46796
3750247 0.469504
3755136 0.468036
3760026 0.469581
3764915 0.468113
3769805 0.469657
3774694 0.468189
3779584 0.469732
3784473 0.468265
3789363 0.469808
3794252 0.46834
3799142 0.469883
3804031 0.468416
3808921 0.469958
3813810 0.468491
3818700 0.470033
3823589 0.468566
3828479 0.470108
3833368 0.468641
3838258 0.470182
3843147 0.468715
3848037 0.470257
3852926 0.46879
3857816 0.470331
3862705 0.468864
3867595 0.470405
3872484 0.468938
3877374 0.470479
3882263 0.469012
3887153 0.470552
3892042 0.469086
3896932 0.470625
3901821 0.469159
3906711 0.470699
3911600 0.469232
3916490 0.470771
3921379 0.469305
3926269 0.470844
3931158 0.469378
3936048 0.470917
3940937 0.469451
3945827 0.470989
3950716 0.469523
3955606 0.471061
3960495 0.469595
3965385 0.471133
3970274 0.469668
3975164 0.471205
3980053 0.469739
3984943 0.471277
3989832 0.469811
3994722 0.471348
3999611 0.469883
4004501 0.471419
4009390 0.469954
4014280 0.47149
4019169 0.470025
4024059 0.471561
4028948 0.470096
4033838 0.471632
4038727 0.470167
4043617 0.471702
4048506 0.470238
4053396 0.471773
4058285 0.470308
4063175 0.471843
4068064 0.470378
4072954 0.471913
4077843 0.470448
4082733 0.471983
4087622 0.470518
4092512 0.472052
4097401 0.470588
4102291 0.472122
4107180 0.470657
4112070 0.472191
4116959 0.470727
4121849 0.47226
4126738 0.470796
4131628 0.472329
4136517 0.470865
4141407 0.472398
4146296 0.470934
4151186 0.472466
4156075 0.471002
4160965 0.472535
4165854 0.471071
4170744 0.472603
4175633 0.471139
4180523 0.472671
4185412 0.471207
4190302 0.472739
4195191 0.471275
4200081 0.472806
4204970 0.471343
4209860 0.472874
4214749 0.471411
4219639 0.472941
4224528 0.471478
4229418 0.473009
4234307 0.471546
4239197 0.473076
4244086 0.471613
4248976 0.473143
4253865 0.47168
4258755 0.473209
4263644 0.471747
4268534 0.473276
4273423 0.471813
4278313 0.473342
4283202 0.47188
4288092 0.473409
4292981 0.471946
4297871 0.473475
4302760 0.472012
4307650 0.473541
4312539 0.472079
4317429 0.473606
4322318 0.472144
4327208 0.473672
4332097 0.47221
4336987 0.473737
4341876 0.472276
4346766 0.473803
4351655 0.472341
4356545 0.473868
4361434 0.472406
4366324 0.473933
4371213 0.472472
4376103 0.473998
4380992 0.472536
4385882 0.474063
4390771 0.472601
4395661 0.474127
4400550 0.472666
4405440 0.474191
4410329 0.47273
4415219 0.474256
4420108 0.472795
4424998 0.47432
4429887 0.472859
4434777 0.474384
4439666 0.472923
4444556 0.474448
4449445 0.472987
4454335 0.474511
4459224 0.473051
4464114 0.474575
4469003 0.473114
4473893 0.474638
4478782 0.473178
4483672 0.474701
4488561 0.473241
4493451 0.474765
4498340 0.473304
4503230 0.474828
4508119 0.473368
4513009 0.47489
4517898 0.47343
4522788 0.474953
4527677 0.473493
4532567 0.475016
4537456 0.473556
4542346 0.475078
4547235 0.473618
4552125 0.47514
4557014 0.473681
4561904 0.475202
4566793 0.473743
4571683 0.475264
4576572 0.473805
4581462 0.475326
4586351 0.473867
4591241 0.475388
4596130 0.473929
4601020 0.475449
4605909 0.47399
4610799 0.475511
4615688 0.474052
4620578 0.475572
4625467 0.474113
4630357 0.475633
4635246 0.474175
4640136 0.475694
4645025 0.474236
4649915 0.475755
4654804 0.474297
4659694 0.475816
4664583 0.474357
4669473 0.475877
4674362 0.474418
4679252 0.475937
4684141 0.474479
4689031 0.475997
4693920 0.474539
4698810 0.476058
4703699 0.4746
4708589 0.476118
4713478 0.47466
4718368 0.476178
4723257 0.47472
4728147 0.476238
4733036 0.47478
4737926 0.476297
4742815 0.47484
4747705 0.476357
4752594 0.474899
4757484 0.476416
4762373 0.474959
4767263 0.476476
4772152 0.475018
4777042 0.476535
4781931 0.475078
4786821 0.476594
4791710 0.475137
4796600 0.476653
4801489 0.475196
4806379 0.476712
4811268 0.475255
4816158 0.476771
4821047 0.475314
4825937 0.476829
4830826 0.475372
4835716 0.476888
4840605 0.475431
4845495 0.476946
4850384 0.475489
4855274 0.477004
4860163 0.475548
4865053 0.477062
4869942 0.475606
4874832 0.47712
4879721 0.475664
4884611 0.477178
4889500 0.475722
4894390 0.477236
4899279 0.47578
4904169 0.477294
4909058 0.475838
4913948 0.477351
4918837 0.475895
4923727 0.477409
4928616 0.475953
4933506 0.477466
4938395 0.47601
4943285 0.477523
4948174 0.476068
4953064 0.47758
4957953 0.476125
4962843 0.477637
4967732 0.476182
4972622 0.477694
4977511 0.476239
4982401 0.477751
4987290 0.476296
4992180 0.477807
4997069 0.476352
5001959 0.477864
5006848 0.476409
5011738 0.47792
5016627 0.476465
5021517 0.477977
5026406 0.476522
5031296 0.478033
5036185 0.476578
5041075 0.478089
5045964 0.476634
5050854 0.478145
5055743 0.47669
5060633 0.478201
5065522 0.476746
5070412 0.478256
5075301 0.476802
5080191 0.478312
5085080 0.476858
5089970 0.478367
5094859 0.476913
5099749 0.478423
5104638 0.476969
5109528 0.478478
5114417 0.477024
5119307 0.478533
5124196 0.477079
5129086 0.478588
5133975 0.477135
5138865 0.478643
5143754 0.47719
5148644 0.478698
5153533 0.477245
5158423 0.478753
5163312 0.4773
5168202 0.478808
5173091 0.477354
5177981 0.478862
5182870 0.477409
5187760 0.478917
5192649 0.477464
5197539 0.478971
5202428 0.477518
5207318 0.479025
5212207 0.477572
5217097 0.47908
5221986 0.477627
5226876 0.479134
5231765 0.477681
5236655 0.479188
5241544 0.477735
5246434 0.479241
5251323 0.477789
5256213 0.479295
5261102 0.477843
5265992 0.479349
5270881 0.477896
5275771 0.479402
5280660 0.47795
5285550 0.479456
5290439 0.478004
5295329 0.479509
5300218 0.478057
5305108 0.479563
5309997 0.47811
5314887 0.479616
5319776 0.478164
5324666 0.479669
5329555 0.478217
5334445 0.479722
5339334 0.47827
5344224 0.479775
5349113 0.478323
5354003 0.479827
5358892 0.478376
5363782 0.47988
5368671 0.478429
5373561 0.479933
5378450 0.478481
5383340 0.479985
5388229 0.478534
5393119 0.480038
5398008 0.478586
5402898 0.48009
5407787 0.478639
5412677 0.480142
5417566 0.478691
5422456 0.480194
5427345 0.478743
5432235 0.480246
5437124 0.478795
5442014 0.480298
5446903 0.478847
5451793 0.48035
5456682 0.478899
5461572 0.480402
5466461 0.478951
5471351 0.480454
5476240 0.479003
5481130 0.480505
5486019 0.479055
5490909 0.480557
5495798 0.479106
5500688 0.480608
5505577 0.479158
5510467 0.480659
5515356 0.479209
5520246 0.480711
5525135 0.479261
5530025 0.480762
5534914 0.479312
5539804 0.480813
5544693 0.479363
5549583 0.480864
5554472 0.479414
5559362 0.480915
5564251 0.479465
5569141 0.480965
5574030 0.479516
5578920 0.481016
5583809 0.479567
5588699 0.481067
5593588 0.479617
5598478 0.481117
5603367 0.479668
5608257 0.481168
5613146 0.479718
5618036 0.481218
5622925 0.479769
5627815 0.481268
5632704 0.479819
5637594 0.481318
5642483 0.479869
5647373 0.481368
5652262 0.47992
5657152 0.481418
5662041 0.47997
5666931 0.481468
5671820 0.48002
5676710 0.481518
5681599 0.48007
5686489 0.481568
5691378 0.48012
5696268 0.481618
5701157 0.480169
5706047 0.481667
5710936 0.480219
5715826 0.481717
5720715 0.480269
5725605 0.481766
5730494 0.480318
5735384 0.481816
5740273 0.480368
5745163 0.481865
5750052 0.480417
5754942 0.481914
5759831 0.480466
5764721 0.481963
5769610 0.480515
5774500 0.482012
5779389 0.480565
5784279 0.482061
5789168 0.480614
5794058 0.48211
5798947 0.480663
5803837 0.482159
5808726 0.480712
5813616 0.482208
5818505 0.48076
5823395 0.482256
5828284 0.480809
5833174 0.482305
5838063 0.480858
5842953 0.482353
5847842 0.480906
5852732 0.482402
5857621 0.480955
5862511 0.48245
5867400 0.481003
5872290 0.482498
5877179 0.481052
5882069 0.482546
5886958 0.4811
5891848 0.482595
5896737 0.481148
5901627 0.482643
5906516 0.481196
5911406 0.482691
5916295 0.481244
5921185 0.482738
5926074 0.481292
5930964 0.482786
5935853 0.48134
5940743 0.482834
5945632 0.481388
5950522 0.482882
5955411 0.481436
5960301 0.482929
5965190 0.481483
5970080 0.482977
5974969 0.481531
5979859 0.483024
5984748 0.481578
5989638 0.483072
5994527 0.481626
5999417 0.483119
6004306 0.481673
6009196 0.483166
6014085 0.481721
6018975 0.483213
6023864 0.481768
6028754 0.48326
6033643 0.481815
6038533 0.483307
6043422 0.481862
6048312 0.483354
6053201 0.481909
6058091 0.483401
6062980 0.481956
6067870 0.483448
6072759 0.482003
6077649 0.483495
6082538 0.48205
6087428 0.483541
6092317 0.482097
6097207 0.483588
6102096 0.482143
6106986 0.483634
6111875 0.48219
6116765 0.483681
6121654 0.482236
6126544 0.483727
6131433 0.482283
6136323 0.483774
6141212 0.482329
6146102 0.48382
6150991 0.482376
6155881 0.483866
6160770 0.482422
6165660 0.483912
6170549 0.482468
6175439 0.483958
6180328 0.482514
6185218 0.484004
6190107 0.48256
6194997 0.48405
6199886 0.482606
6204776 0.484096
6209665 0.482652
6214555 0.484142
6219444 0.482698
6224334 0.484187
6229223 0.482744
6234113 0.484233
6239002 0.482789
6243892 0.484279
6248781 0.482835
6253671 0.484324
6258560 0.482881
6263450 0.484369
6268339 0.482926
6273229 0.484415
6278118 0.482972
6283008 0.48446
6287897 0.483017
6292787 0.484505
6297676 0.483062
6302566 0.484551
6307455 0.483108
6312345 0.484596
6317234 0.483153
6322124 0.484641
6327013 0.483198
6331903 0.484686
6336792 0.483243
6341682 0.484731
6346571 0.483288
6351461 0.484776
6356350 0.483333
6361240 0.48482
6366129 0.483378
6371019 0.484865
6375908 0.483423
6380798 0.48491
6385687 0.483468
6390577 0.484954
6395466 0.483512
6400356 0.484999
6405245 0.483557
6410135 0.485043
6415024 0.483602
6419914 0.485088
6424803 0.483646
6429693 0.485132
6434582 0.48369
6439472 0.485177
6444361 0.483735
6449251 0.485221
6454140 0.483779
6459030 0.485265
6463919 0.483823
6468809 0.485309
6473698 0.483868
6478588 0.485353
6483477 0.483912
6488367 0.485397
6493256 0.483956
6498146 0.485441
6503035 0.484
6507925 0.485485
6512814 0.484044
6517704 0.485529
6522593 0.484088
6527483 0.485573
6532372 0.484132
6537262 0.485616
6542151 0.484176
6547041 0.48566
6551930 0.484219
6556820 0.485704
6561709 0.484263
6566599 0.485747
6571488 0.484307
6576378 0.485791
6581267 0.48435
6586157 0.485834
6591046 0.484394
6595936 0.485877
6600825 0.484437
6605715 0.485921
6610604 0.48448
6615494 0.485964
6620383 0.484524
6625273 0.486007
6630162 0.484567
6635052 0.48605
6639941 0.48461
6644831 0.486093
6649720 0.484653
6654610 0.486136
6659499 0.484696
6664389 0.486179
6669278 0.48474
6674168 0.486222
6679057 0.484783
6683947 0.486265
6688836 0.484825
6693726 0.486308
6698615 0.484868
6703505 0.48635
6708394 0.484911
6713284 0.486393
6718173 0.484954
6723063 0.486436
6727952 0.484997
6732842 0.486478
6737731 0.485039
6742621 0.486521
6747510 0.485082
6752400 0.486563
6757289 0.485124
6762179 0.486606
6767068 0.485167
6771958 0.486648
6776847 0.485209
6781737 0.48669
6786626 0.485252
6791516 0.486733
6796405 0.485294
6801295 0.486775
6806184 0.485336
6811074 0.486817
6815963 0.485378
6820853 0.486859
6825742 0.485421
6830632 0.486901
6835521 0.485463
6840411 0.486943
6845300 0.485505
6850190 0.486985
6855079 0.485547
6859969 0.487027
6864858 0.485589
6869748 0.487068
6874637 0.485631
6879527 0.48711
6884416 0.485672
6889306 0.487152
6894195 0.485714
6899085 0.487194
6903974 0.485756
6908864 0.487235
6913753 0.485798
6918643 0.487277
6923532 0.485839
6928422 0.487318
6933311 0.485881
6938201 0.48736
6943090 0.485922
6947980 0.487401
6952869 0.485964
6957759 0.487442
6962648 0.486005
6967538 0.487484
6972427 0.486047
6977317 0.487525
6982206 0.486088
6987096 0.487566
6991985 0.486129
6996875 0.487607
7001764 0.48617
7006654 0.487648
7011543 0.486212
7016433 0.487689
7021322 0.486253
7026212 0.48773
7031101 0.486294
7035991 0.487771
7040880 0.486335
7045770 0.487812
7050659 0.486376
7055549 0.487853
7060438 0.486417
7065328 0.487894
7070217 0.486458
7075107 0.487935
7079996 0.486498
7084886 0.487975
7089775 0.486539
7094665 0.488016
7099554 0.48658
7104444 0.488056
7109333 0.486621
7114223 0.488097
7119112 0.486661
7124002 0.488137
7128891 0.486702
7133781 0.488178
7138670 0.486742
7143560 0.488218
7148449 0.486783
7153339 0.488259
7158228 0.486823
7163118 0.488299
7168007 0.486864
7172897 0.488339
7177786 0.486904
7182676 0.488379
7187565 0.486944
7192455 0.48842
7197344 0.486984
7202234 0.48846
7207123 0.487025
7212013 0.4885
7216902 0.487065
7221792 0.48854
7226681 0.487105
7231571 0.48858
7236460 0.487145
7241350 0.48862
7246239 0.487185
7251129 0.488659
7256018 0.487225
7260908 0.488699
7265797 0.487265
7270687 0.488739
7275576 0.487305
7280466 0.488779
7285355 0.487344
7290245 0.488818
7295134 0.487384
7300024 0.488858
7304913 0.487424
7309803 0.488898
7314692 0.487463
7319582 0.488937
7324471 0.487503
7329361 0.488977
7334250 0.487543
7339140 0.489016
7344029 0.487582
7348919 0.489056
7353808 0.487622
7358698 0.489095
7363587 0.487661
7368477 0.489134
7373366 0.487701
7378256 0.489174
7383145 0.48774
7388035 0.489213
7392924 0.487779
7397814 0.489252
7402703 0.487818
7407593 0.489291
7412482 0.487858
7417372 0.48933
7422261 0.487897
7427151 0.489369
7432040 0.487936
7436930 0.489408
7441819 0.487975
7446709 0.489447
7451598 0.488014
7456488 0.489486
7461377 0.488053
7466267 0.489525
7471156 0.488092
7476046 0.489564
7480935 0.488131
7485825 0.489602
7490714 0.48817
7495604 0.489641
7500493 0.488209
7505383 0.48968
7510272 0.488247
7515162 0.489719
7520051 0.488286
7524941 0.489757
7529830 0.488325
7534720 0.489796
7539609 0.488363
7544499 0.489834
7549388 0.488402
7554278 0.489873
7559167 0.488441
7564057 0.489911
7568946 0.488479
7573836 0.48995
7578725 0.488517
7583615 0.489988
7588504 0.488556
7593394 0.490026
7598283 0.488594
7603173 0.490064
7608062 0.488633
7612952 0.490103
7617841 0.488671
7622731 0.490141
7627620 0.488709
7632510 0.490179
7637399 0.488747
7642289 0.490217
7647178 0.488786
7652068 0.490255
7656957 0.488824
7661847 0.490293
7666736 0.488862
7671626 0.490331
7676515 0.4889
7681405 0.490369
7686294 0.488938
7691184 0.490407
7696073 0.488976
7700963 0.490445
7705852 0.489014
7710742 0.490483
7715631 0.489052
7720521 0.49052
7725410 0.489089
7730300 0.490558
7735189 0.489127
7740079 0.490596
7744968 0.489165
7749858 0.490633
7754747 0.489203
7759637 0.490671
7764526 0.48924
7769416 0.490709
7774305 0.489278
7779195 0.490746
7784084 0.489316
7788974 0.490784
7793863 0.489353
7798753 0.490821
7803642 0.489391
7808532 0.490858
7813421 0.489428
7818311 0.490896
7823200 0.489466
7828090 0.490933
7832979 0.489503
7837869 0.49097
7842758 0.48954
7847648 0.491008
7852537 0.489578
7857427 0.491045
7862316 0.489615
7867206 0.491082
7872095 0.489652
7876985 0.491119
7881874 0.489689
7886764 0.491156
7891653 0.489727
7896543 0.491193
7901432 0.489764
7906322 0.49123
7911211 0.489801
7916101 0.491267
7920990 0.489838
7925880 0.491304
7930769 0.489875
7935659 0.491341
7940548 0.489912
7945438 0.491378
7950327 0.489949
7955217 0.491415
7960106 0.489986
7964996 0.491451
7969885 0.490022
7974775 0.491488
7979664 0.490059
7984554 0.491525
7989443 0.490096
7994333 0.491561
7999222 0.490133
8004112 0.491598
8009001 0.490169
8013891 0.491635
8018780 0.490206
8023670 0.491671
8028559 0.490243
8033449 0.491708
8038338 0.490279
8043228 0.491744
8048117 0.490316
8053007 0.491781
8057896 0.490352
8062786 0.491817
8067675 0.490389
8072565 0.491853
8077454 0.490425
8082344 0.49189
8087233 0.490462
8092123 0.491926
8097012 0.490498
8101902 0.491962
8106791 0.490534
8111681 0.491998
8116570 0.490571
8121460 0.492035
8126349 0.490607
8131239 0.492071
8136128 0.490643
8141018 0.492107
8145907 0.490679
8150797 0.492143
8155686 0.490715
8160576 0.492179
8165465 0.490751
8170355 0.492215
8175244 0.490788
8180134 0.492251
8185023 0.490824
8189913 0.492287
8194802 0.49086
8199692 0.492323
8204581 0.490896
8209471 0.492358
8214360 0.490931
8219250 0.492394
8224139 0.490967
8229029 0.49243
8233918 0.491003
8238808 0.492466
8243697 0.491039
8248587 0.492501
8253476 0.491075
8258366 0.492537
8263255 0.491111
8268145 0.492573
8273034 0.491146
8277924 0.492608
8282813 0.491182
8287703 0.492644
8292592 0.491217
8297482 0.492679
8302371 0.491253
8307261 0.492715
8312150 0.491289
8317040 0.49275
8321929 0.491324
8326819 0.492786
8331708 0.49136
8336598 0.492821
8341487 0.491395
8346377 0.492857
8351266 0.491431
8356156 0.492892
8361045 0.491466
8365935 0.492927
8370824 0.491501
8375714 0.492962
8380603 0.491537
8385493 0.492998
8390382 0.491572
8395272 0.493033
8400161 0.491607
8405051 0.493068
8409940 0.491642
8414830 0.493103
8419719 0.491677
8424609 0.493138
8429498 0.491713
8434388 0.493173
8439277 0.491748
8444167 0.493208
8449056 0.491783
8453946 0.493243
8458835 0.491818
8463725 0.493278
8468614 0.491853
8473504 0.493313
8478393 0.491888
8483283 0.493348
8488172 0.491923
8493062 0.493382
8497951 0.491958
8502841 0.493417
8507730 0.491992
8512620 0.493452
8517509 0.492027
8522399 0.493487
8527288 0.492062
8532178 0.493521
8537067 0.492097
8541957 0.493556
8546846 0.492132
8551736 0.493591
8556625 0.492166
8561515 0.493625
8566404 0.492201
8571294 0.49366
8576183 0.492236
8581073 0.493694
8585962 0.49227
8590852 0.493729
8595741 0.492305
8600631 0.493763
8605520 0.492339
8610410 0.493798
8615299 0.492374
8620189 0.493832
8625078 0.492408
8629968 0.493866
8634857 0.492443
8639747 0.493901
8644636 0.492477
8649526 0.493935
8654415 0.492511
8659305 0.493969
8664194 0.492546
8669084 0.494004
8673973 0.49258
8678863 0.494038
8683752 0.492614
8688642 0.494072
8693531 0.492649
8698421 0.494106
8703310 0.492683
8708200 0.49414
8713089 0.492717
8717979 0.494174
8722868 0.492751
8727758 0.494208
8732647 0.492785
8737537 0.494242
8742426 0.492819
8747316 0.494276
8752205 0.492853
8757095 0.49431
8761984 0.492887
8766874 0.494344
8771763 0.492921
8776653 0.494378
8781542 0.492955
8786432 0.494412
8791321 0.492989
8796211 0.494446
8801100 0.493023
8805990 0.494479
8810879 0.493057
8815769 0.494513
8820658 0.493091
8825548 0.494547
8830437 0.493124
8835327 0.494581
8840216 0.493158
8845106 0.494614
8849995 0.493192
8854885 0.494648
8859774 0.493226
8864664 0.494681
8869553 0.493259
8874443 0.494715
8879332 0.493293
8884222 0.494748
8889111 0.493327
8894001 0.494782
8898890 0.49336
8903780 0.494815
8908669 0.493394
8913559 0.494849
8918448 0.493427
8923338 0.494882
8928227 0.493461
8933117 0.494916
8938006 0.493494
8942896 0.494949
8947785 0.493527
8952675 0.494982
8957564 0.493561
8962454 0.495016
8967343 0.493594
8972233 0.495049
8977122 0.493628
8982012 0.495082
8986901 0.493661
8991791 0.495115
8996680 0.493694
9001570 0.495148
9006459 0.493727
9011349 0.495182
9016238 0.493761
9021128 0.495215
9026017 0.493794
9030907 0.495248
9035796 0.493827
9040686 0.495281
9045575 0.49386
9050465 0.495314
9055354 0.493893
9060244 0.495347
9065133 0.493926
9070023 0.49538
9074912 0.493959
9079802 0.495413
9084691 0.493992
9089581 0.495446
9094470 0.494025
9099360 0.495478
9104249 0.494058
9109139 0.495511
9114028 0.494091
9118918 0.495544
9123807 0.494124
9128697 0.495577
9133586 0.494157
9138476 0.49561
9143365 0.494189
9148255 0.495642
9153144 0.494222
9158034 0.495675
9162923 0.494255
9167813 0.495708
9172702 0.494288
9177592 0.49574
9182481 0.49432
9187371 0.495773
9192260 0.494353
9197150 0.495805
9202039 0.494386
9206929 0.495838
9211818 0.494418
9216708 0.49587
9221597 0.494451
9226487 0.495903
9231376 0.494483
9236266 0.495935
9241155 0.494516
9246045 0.495968
9250934 0.494548
9255824 0.496
9260713 0.494581
9265603 0.496033
9270492 0.494613
9275382 0.496065
9280271 0.494646
9285161 0.496097
9290050 0.494678
9294940 0.496129
9299829 0.49471
9304719 0.496162
9309608 0.494743
9314498 0.496194
9319387 0.494775
9324277 0.496226
9329166 0.494807
9334056 0.496258
9338945 0.49484
9343835 0.49629
9348724 0.494872
9353614 0.496323
9358503 0.494904
9363393 0.496355
9368282 0.494936
9373172 0.496387
9378061 0.494968
9382951 0.496419
9387840 0.495
9392730 0.496451
9397619 0.495032
9402509 0.496483
9407398 0.495064
9412288 0.496515
9417177 0.495096
9422067 0.496547
9426956 0.495128
9431846 0.496578
9436735 0.49516
9441625 0.49661
9446514 0.495192
9451404 0.496642
9456293 0.495224
9461183 0.496674
9466072 0.495256
9470962 0.496706
9475851 0.495288
9480741 0.496737
9485630 0.49532
9490520 0.496769
9495409 0.495352
9500299 0.496801
9505188 0.495383
9510078 0.496833
9514967 0.495415
9519857 0.496864
9524746 0.495447
9529636 0.496896
9534525 0.495478
9539415 0.496927
9544304 0.49551
9549194 0.496959
9554083 0.495542
9558973 0.49699
9563862 0.495573
9568752 0.497022
9573641 0.495605
9578531 0.497053
9583420 0.495636
9588310 0.497085
9593199 0.495668
9598089 0.497116
9602978 0.495699
9607868 0.497148
9612757 0.495731
9617647 0.497179
9622536 0.495762
9627426 0.49721
9632315 0.495794
9637205 0.497242
9642094 0.495825
9646984 0.497273
9651873 0.495856
9656763 0.497304
9661652 0.495888
9666542 0.497335
9671431 0.495919
9676321 0.497367
9681210 0.49595
9686100 0.497398
9690989 0.495982
9695879 0.497429
9700768 0.496013
9705658 0.49746
9710547 0.496044
9715437 0.497491
9720326 0.496075
9725216 0.497522
9730105 0.496106
9734995 0.497553
9739884 0.496137
9744774 0.497584
9749663 0.496168
9754553 0.497615
9759442 0.496199
9764332 0.497646
9769221 0.496231
9774111 0.497677
9779000 0.496262
9783890 0.497708
9788779 0.496292
9793669 0.497739
9798558 0.496323
9803448 0.49777
9808337 0.496354
9813227 0.497801
9818116 0.496385
9823006 0.497832
9827895 0.496416
9832785 0.497862
9837674 0.496447
9842564 0.497893
9847453 0.496478
9852343 0.497924
9857232 0.496509
9862122 0.497955
9867011 0.496539
9871901 0.497985
9876790 0.49657
9881680 0.498016
9886569 0.496601
9891459 0.498046
9896348 0.496632
9901238 0.498077
9906127 0.496662
9911017 0.498108
9915906 0.496693
9920796 0.498138
9925685 0.496723
9930575 0.498169
9935464 0.496754
9940354 0.498199
9945243 0.496785
9950133 0.49823
9955022 0.496815
9959912 0.49826
9964801 0.496846
9969691 0.498291
9974580 0.496876
9979470 0.498321
9984359 0.496907
9989249 0.498351
9994138 0.496937
9999028 0.498382
0 0
0 0
0 0
0 0
0 0
0 0
0 0
0 0
0 0
0 0
0 0
0 0
0 0
0 0
0 0
0 0
0 0
0 0
0 0
0 0
0 0
0 0
0 0
0 0
0 0
0 0
0 0
0 0
0 0
0 0
0 0
0 0
0 0
0 0
0 0
0 0
0 0
0 0
0 0
0 0
0 0
0 0
0 0
0 0
0 0
0 0
0 0
0 0
0 0
0 0
0 0
0 0
0 0
0 0
0 0
0 0
0 0
0 0
0 0
0 0
0 0
0 0
0 0
0 0
0 0
0 0
0 0
0 0
0 0
0 0
0 0
0 0
0 0
0 0
0 0
0 0
0 0
0 0
0 0
0 0
0 0
0 0
0 0
0 0
0 0
0 0
0 0
0 0
0 0
0 0
0 0
0 0
0 0
0 0
0 0
0 0
0 0
0 0
0 0
0 0
0 0
0 0
0 0
0 0
0 0
0 0
0 0
0 0
0 0
0 0
0 0
0 0
0 0
0 0
0 0
0 0
0 0
0 0
0 0
0 0
0 0
0 0
0 0
0 0
0 0
0 0
0 0
0 0
0 0
0 0
0 0
0 0
0 0
0 0
0 0
0 0
0 0
0 0
0 0
0 0
0 0
0 0
0 0
0 0
0 0
0 0
0 0
0 0
0 0
0 0
0 0
0 0
0 0
0 0
0 0
0 0
0 0
0 0
0 0
0 0
0 0
0 0
0 0
0 0
0 0
0 0
0 0
0 0
0 0
0 0
0 0
0 0
0 0
0 0
0 0
0 0
0 0
0 0
0 0
0 0
0 0
0 0
0 0
0 0
0 0
0 0
0 0
0 0
0 0
0 0
0 0
0 0
0 0
0 0
0 0
0 0
0 0
0 0
0 0
0 0
0 0
0 0
0 0
0 0
0 0
0 0
0 0
0 0
0 0
0 0
0 0
0 0
0 0
0 0
0 0
0 0
0 0
0 0
0 0
0 0
0 0
0 0
0 0
0 0
0 0
0 0
0 0
0 0
0 0
0 0
0 0
0 0
0 0
0 0
0 0
0 0
0 0
0 0
0 0
0 0
0 0
0 0
0 0
0 0
0 0
0 0
0 0
0 0
0 0
0 0
0 0
0 0
0 0
0 0
0 0
0 0
0 0
0 0
0 0
0 0
0 0
0 0
0 0
0 0
0 0
0 0
0 0
0 0
0 0
0 0
0 0
0 0
0 0
0 0
0 0
0 0
0 0
0 0
0 0
0 0
0 0
0 0
0 0
0 0
0 0
0 0
0 0
0 0
0 0
0 0
0 0
0 0
0 0
0 0
0 0
0 0
0 0
0 0
0 0
0 0
0 0
0 0
0 0
0 0
0 0
0 0
0 0
0 0
0 0
0 0
0 0
0 0
0 0
0 0
0 0
0 0
0 0
0 0
0 0
0 0
0 0
0 0
0 0
0 0
0 0
0 0
0 0
0 0
0 0
0 0
0 0
0 0
0 0
0 0
0 0
0 0
0 0
0 0
0 0
0 0
0 0
0 0
0 0
0 0
0 0
0 0
0 0
0 0
0 0
0 0
0 0
0 0
0 0
0 0
0 0
0 0
0 0
0 0
0 0
0 0
0 0
0 0
0 0
0 0
0 0
0 0
0 0
0 0
0 0
0 0
0 0
0 0
0 0
0 0
0 0
0 0
0 0
0 0
0 0
0 0
0 0
0 0
0 0
0 0
0 0
0 0
0 0
0 0
0 0
0 0
0 0
0 0
0 0
0 0
0 0
0 0
0 0
0 0
0 0
0 0
0 0
0 0
0 0
0 0
0 0
0 0
0 0
0 0
0 0
0 0
0 0
0 0
0 0
0 0
0 0
0 0
0 0
0 0
0 0
0 0
0 0
0 0
0 0
0 0
0 0
0 0
0 0
0 0
0 0
0 0
0 0
0 0
0 0
0 0
0 0
0 0
0 0
0 0
0 0
0 0
0 0
0 0
0 0
0 0
0 0
0 0
0 0
0 0
0 0
0 0
0 0
0 0
0 0
0 0
0 0
0 0
0 0
0 0
0 0
0 0
0 0
0 0
0 0
0 0
0 0
0 0
0 0
0 0
0 0
0 0
0 0
0 0
0 0
0 0
0 0
0 0
0 0
0 0
0 0
0 0
0 0
0 0
0 0
0 0
0 0
0 0
0 0
0 0
0 0
0 0
0 0
0 0
0 0
0 0
0 0
0 0
0 0
0 0
0 0
0 0
0 0
0 0
0 0
0 0
0 0
0 0
0 0
0 0
0 0
0 0
0 0
0 0
0 0
0 0
0 0
0 0
0 0
0 0
0 0
0 0
0 0
0 0
0 0
0 0
0 0
0 0
0 0
0 0
0 0
0 0
0 0
0 0
0 0
0 0
0 0
0 0
0 0
0 0
0 0
0 0
0 0
0 0
0 0
0 0
0 0
0 0
0 0
0 0
0 0
0 0
0 0
0 0
0 0
0 0
0 0
0 0
0 0
0 0
0 0
0 0
0 0
0 0
0 0
0 0
0 0
0 0
0 0
0 0
0 0
0 0
0 0
0 0
0 0
0 0
0 0
0 0
0 0
0 0
0 0
0 0
0 0
0 0
0 0
0 0
0 0
0 0
0 0
0 0
0 0
0 0
0 0
0 0
0 0
0 0
0 0
0 0
0 0
0 0
0 0
0 0
0 0
0 0
0 0
0 0
0 0
0 0
0 0
0 0
0 0
0 0
0 0
0 0
0 0
0 0
0 0
0 0
0 0
0 0
0 0
0 0
0 0
0 0
0 0
0 0
0 0
0 0
0 0
0 0
0 0
0 0
0 0
0 0
0 0
0 0
0 0
0 0
0 0
0 0
0 0
0 0
0 0
0 0
0 0
0 0
0 0
0 0
0 0
0 0
0 0
0 0
0 0
0 0
0 0
0 0
0 0
0 0
0 0
0 0
0 0
0 0
0 0
0 0
0 0
0 0
0 0
0 0
0 0
0 0
0 0
0 0
0 0
0 0
0 0
0 0
0 0
0 0
0 0
0 0
0 0
0 0
0 0
0 0
0 0
0 0
0 0
0 0
0 0
0 0
0 0
0 0
0 0
0 0
0 0
0 0
0 0
0 0
0 0
0 0
0 0
0 0
0 0
0 0
0 0
0 0
0 0
0 0
0 0
0 0
0 0
0 0
0 0
0 0
0 0
0 0
0 0
0 0
0 0
0 0
0 0
0 0
0 0
0 0
0 0
0 0
0 0
0 0
0 0
0 0
0 0
0 0
0 0
0 0
0 0
0 0
0 0
0 0
0 0
0 0
0 0
0 0
0 0
0 0
0 0
0 0
0 0
0 0
0 0
0 0
0 0
0 0
0 0
0 0
0 0
0 0
0 0
0 0
0 0
0 0
0 0
0 0
0 0
0 0
0 0
0 0
0 0
0 0
0 0
0 0
0 0
0 0
0 0
0 0
0 0
0 0
0 0
0 0
0 0
0 0
0 0
0 0
0 0
0 0
0 0
0 0
0 0
0 0
0 0
0 0
0 0
0 0
0 0
0 0
0 0
0 0
0 0
0 0
0 0
0 0
0 0
0 0
0 0
0 0
0 0
0 0
0 0
0 0
0 0
0 0
0 0
0 0
0 0
0 0
0 0
0 0
0 0
0 0
0 0
0 0
0 0
0 0
0 0
0 0
0 0
0 0
0 0
0 0
0 0
0 0
0 0
0 0
0 0
0 0
0 0
0 0
0 0
0 0
0 0
0 0
0 0
0 0
0 0
0 0
0 0
0 0
0 0
0 0
0 0
0 0
0 0
0 0
0 0
0 0
0 0
0 0
0 0
0 0
0 0
0 0
0 0
0 0
0 0
0 0
0 0
0 0
0 0
0 0
0 0
0 0
0 0
0 0
0 0
0 0
0 0
0 0
0 0
0 0
0 0
0 0
0 0
0 0
0 0
0 0
0 0
0 0
0 0
0 0
0 0
0 0
0 0
0 0
0 0
0 0
0 0
0 0
0 0
0 0
0 0
0 0
0 0
0 0
0 0
0 0
0 0
0 0
0 0
0 0
0 0
0 0
0 0
0 0
0 0
0 0
0 0
0 0
0 0
0 0
0 0
0 0
0 0
0 0
0 0
0 0
0 0
0 0
0 0
0 0
0 0
0 0
0 0
0 0
0 0
0 0
0 0
0 0
0 0
0 0
0 0
0 0
0 0
0 0
0 0
0 0
0 0
0 0
0 0
0 0
0 0
0 0
0 0
0 0
0 0
0 0
0 0
0 0
0 0
0 0
0 0
0 0
0 0
0 0
0 0
0 0
0 0
0 0
0 0
0 0
0 0
0 0
0 0
0 0
0 0
0 0
0 0
0 0
0 0
0 0
0 0
0 0
0 0
0 0
0 0
0 0
0 0
0 0
0 0
0 0
0 0
0 0
0 0
0 0
0 0
0 0
0 0
0 0
0 0
0 0
0 0
0 0
0 0
0 0
0 0
0 0
0 0
0 0
0 0
0 0
0 0
0 0
0 0
0 0
0 0
0 0
0 0
0 0
0 0
0 0
0 0
0 0
0 0
0 0
0 0
0 0
0 0
0 0
0 0
0 0
0 0
0 0
0 0
0 0
0 0
0 0
0 0
0 0
0 0
0 0
0 0
0 0
0 0
0 0
0 0
0 0
0 0
0 0
0 0
0 0
0 0
0 0
0 0
0 0
0 0
0 0
0 0
0 0
0 0
0 0
0 0
0 0
0 0
0 0
0 0
0 0
0 0
0 0
0 0
0 0
0 0
0 0
0 0
0 0
0 0
0 0
0 0
0 0
0 0
0 0
0 0
0 0
0 0
0 0
0 0
0 0
0 0
0 0
0 0
0 0
0 0
0 0
0 0
0 0
0 0
0 0
0 0
0 0
0 0
0 0
0 0
0 0
0 0
0 0
0 0
0 0
0 0
0 0
0 0
0 0
0 0
0 0
0 0
0 0
0 0
0 0
0 0
0 0
0 0
0 0
0 0
0 0
0 0
0 0
0 0
0 0
0 0
0 0
0 0
0 0
0 0
0 0
0 0
0 0
0 0
0 0
0 0
0 0
0 0
0 0
0 0
0 0
0 0
0 0
0 0
0 0
0 0
0 0
0 0
0 0
0 0
0 0
0 0
0 0
0 0
0 0
0 0
0 0
0 0
0 0
0 0
0 0
0 0
0 0
0 0
0 0
0 0
0 0
0 0
0 0
0 0
0 0
0 0
0 0
0 0
0 0
0 0
0 0
0 0
0 0
0 0
0 0
0 0
0 0
0 0
0 0
0 0
0 0
0 0
0 0
0 0
0 0
0 0
0 0
0 0
0 0
0 0
0 0
0 0
0 0
0 0
0 0
0 0
0 0
0 0
0 0
0 0
0 0
0 0
0 0
0 0
0 0
0 0
0 0
0 0
0 0
0 0
0 0
0 0
0 0
0 0
0 0
0 0
0 0
0 0
0 0
0 0
0 0
0 0
0 0
0 0
0 0
0 0
0 0
0 0
0 0
0 0
0 0
0 0
0 0
0 0
0 0
0 0
0 0
0 0
0 0
0 0
0 0
0 0
0 0
0 0
0 0
0 0
0 0
0 0
0 0
0 0
0 0
0 0
0 0
0 0
0 0
0 0
0 0
0 0
0 0
0 0
0 0
0 0
0 0
0 0
0 0
0 0
0 0
0 0
0 0
0 0
0 0
0 0
0 0
0 0
0 0
0 0
0 0
0 0
0 0
0 0
0 0
0 0
0 0
0 0
0 0
0 0
0 0
0 0
0 0
0 0
0 0
0 0
0 0
0 0
0 0
0 0
0 0
0 0
0 0
0 0
0 0
0 0
0 0
0 0
0 0
0 0
0 0
0 0
0 0
0 0
0 0
0 0
0 0
0 0
0 0
0 0
0 0
0 0
0 0
0 0
0 0
0 0
0 0
0 0
0 0
0 0
0 0
0 0
0 0
0 0
0 0
0 0
0 0
0 0
0 0
0 0
0 0
0 0
0 0
0 0
0 0
0 0
0 0
0 0
0 0
0 0
0 0
0 0
0 0
0 0
0 0
0 0
0 0
0 0
0 0
0 0
0 0
0 0
0 0
0 0
0 0
0 0
0 0
0 0
0 0
0 0
0 0
0 0
0 0
0 0
0 0
0 0
0 0
0 0
0 0
0 0
0 0
0 0
0 0
0 0
0 0
0 0
0 0
0 0
0 0
0 0
0 0
0 0
0 0
0 0
0 0
0 0
0 0
0 0
0 0
0 0
0 0
0 0
0 0
0 0
0 0
0 0
0 0
0 0
0 0
0 0
0 0
0 0
0 0
0 0
0 0
0 0
0 0
0 0
0 0
0 0
0 0
0 0
0 0
0 0
0 0
0 0
0 0
0 0
0 0
0 0
0 0
0 0
0 0
0 0
0 0
0 0
0 0
0 0
0 0
0 0
0 0
0 0
0 0
0 0
0 0
0 0
0 0
0 0
0 0
0 0
0 0
0 0
0 0
0 0
0 0
0 0
0 0
0 0
0 0
0 0
0 0
0 0
0 0
0 0
0 0
0 0
0 0
0 0
0 0
0 0
0 0
0 0
0 0
0 0
0 0
0 0
0 0
0 0
0 0
0 0
0 0
0 0
0 0
0 0
0 0
0 0
0 0
0 0
0 0
0 0
0 0
0 0
0 0
0 0
0 0
0 0
0 0
0 0
0 0
0 0
0 0
0 0
0 0
0 0
0 0
0 0
0 0
0 0
0 0
0 0
0 0
0 0
0 0
0 0
0 0
0 0
0 0
0 0
0 0
0 0
0 0
0 0
0 0
0 0
0 0
0 0
0 0
0 0
0 0
0 0
0 0
0 0
0 0
0 0
0 0
0 0
0 0
0 0
0 0
0 0
0 0
0 0
0 0
0 0
0 0
0 0
0 0
0 0
0 0
0 0
0 0
0 0
0 0
0 0
0 0
0 0
0 0
0 0
0 0
0 0
0 0
0 0
0 0
0 0
0 0
0 0
0 0
0 0
0 0
0 0
0 0
0 0
0 0
0 0
0 0
0 0
0 0
0 0
0 0
0 0
0 0
0 0
0 0
0 0
0 0
0 0
0 0
0 0
0 0
0 0
0 0
0 0
0 0
0 0
0 0
0 0
0 0
0 0
0 0
0 0
0 0
0 0
0 0
0 0
0 0
0 0
0 0
0 0
0 0
0 0
0 0
0 0
0 0
0 0
0 0
0 0
0 0
0 0
0 0
0 0
0 0
0 0
0 0
0 0
0 0
0 0
0 0
0 0
0 0
0 0
0 0
0 0
0 0
0 0
0 0
0 0
0 0
0 0
0 0
0 0
0 0
0 0
0 0
0 0
0 0
0 0
0 0
0 0
0 0
0 0
0 0
0 0
0 0
0 0
0 0
0 0
0 0
0 0
0 0
0 0
0 0
0 0
0 0
0 0
0 0
0 0
0 0
0 0
0 0
0 0
0 0
0 0
0 0
0 0
0 0
0 0
0 0
0 0
0 0
0 0
0 0
0 0
0 0
0 0
0 0
0 0
0 0
0 0
0 0
0 0
0 0
0 0
0 0
0 0
0 0
0 0
0 0
0 0
0 0
0 0
0 0
0 0
0 0
0 0
0 0
0 0
0 0
0 0
0 0
0 0
0 0
0 0
0 0
0 0
0 0
0 0
0 0
0 0
0 0
0 0
0 0
0 0
0 0
0 0
0 0
0 0
0 0
0 0
0 0
0 0
0 0
0 0
0 0
0 0
0 0
0 0
0 0
0 0
0 0
0 0
0 0
0 0
0 0
0 0
0 0
0 0
0 0
0 0
0 0
0 0
0 0
0 0
0 0
0 0
0 0
0 0
0 0
0 0
0 0
0 0
0 0
0 0
0 0
0 0
0 0
0 0
0 0
0 0
0 0
0 0
0 0
0 0
0 0
0 0
0 0
0 0
0 0
0 0
0 0
0 0
0 0
0 0
0 0
0 0
0 0
0 0
0 0
0 0
0 0
0 0
0 0
0 0
0 0
0 0
0 0
0 0
0 0
0 0
0 0
0 0
0 0
0 0
0 0
0 0
0 0
0 0
0 0
0 0
0 0
0 0
0 0
0 0
0 0
0 0
0 0
0 0
0 0
0 0
0 0
0 0
0 0
0 0
0 0
0 0
0 0
0 0
0 0
0 0
0 0
0 0
0 0
0 0
0 0
0 0
0 0
0 0
0 0
0 0
0 0
0 0
0 0
0 0
0 0
0 0
0 0
0 0
0 0
0 0
0 0
0 0
0 0
0 0
0 0
0 0
0 0
0 0
0 0
0 0
0 0
0 0
0 0
0 0
0 0
0 0
0 0
0 0
0 0
0 0
0 0
0 0
0 0
0 0
0 0
0 0
0 0
0 0
0 0
0 0
0 0
0 0
0 0
0 0
0 0
0 0
0 0
0 0
0 0
0 0
0 0
0 0
0 0
0 0
0 0
0 0
0 0
0 0
0 0
0 0
0 0
0 0
0 0
0 0
0 0
0 0
0 0
0 0
0 0
0 0
0 0
0 0
0 0
0 0
0 0
0 0
0 0
0 0
0 0
0 0
0 0
0 0
0 0
0 0
0 0
0 0
0 0
0 0
0 0
0 0
0 0
0 0
0 0
0 0
0 0
0 0
0 0
0 0
0 0
0 0
0 0
0 0
0 0
0 0
0 0
0 0
0 0
0 0
0 0
0 0
0 0
0 0
0 0
0 0
0 0
0 0
0 0
0 0
0 0
0 0
0 0
0 0
0 0
0 0
0 0
0 0
0 0
0 0
0 0
0 0
0 0
0 0
0 0
0 0
0 0
0 0
0 0
0 0
0 0
0 0
0 0
0 0
0 0
0 0
0 0
0 0
0 0
0 0
0 0
0 0
0 0
0 0
0 0
0 0
0 0
0 0
0 0
0 0
0 0
0 0
0 0
0 0
0 0
0 0
0 0
0 0
0 0
0 0
0 0
0 0
0 0
0 0
0 0
0 0
0 0
0 0
0 0
0 0
0 0
0 0
0 0
0 0
0 0
0 0
0 0
0 0
0 0
0 0
0 0
0 0
0 0
0 0
0 0
0 0
0 0
0 0
0 0
0 0
0 0
0 0
0 0
0 0
0 0
0 0
0 0
0 0
