4890 8.09812
9779 5.22335
14669 3.83167
19558 3.03882
24448 2.5404
29337 2.19928
34227 1.9579
39116 1.77208
44006 1.63301
48895 1.51586
53785 1.42654
58674 1.34495
63564 1.28339
68453 1.22252
73343 1.1781
78232 1.13026
83122 1.09718
88011 1.05808
92901 1.03296
97790 1.00001
102680 0.98074
107569 0.952306
112459 0.93749
117348 0.912474
122238 0.90115
127127 0.878786
132017 0.870255
136906 0.849993
141796 0.843743
146685 0.825178
151575 0.82082
156464 0.803639
161354 0.800861
166243 0.784828
171133 0.783393
176022 0.768321
180912 0.768037
185801 0.75378
190691 0.754488
195580 0.740923
200470 0.742494
205359 0.729523
210249 0.731848
215138 0.719389
220028 0.722375
224917 0.71036
229807 0.713927
234696 0.702295
239586 0.706374
244475 0.695079
249365 0.699615
254254 0.688616
259144 0.693559
264033 0.68282
268923 0.688125
273812 0.677617
278702 0.683247
283591 0.672943
288481 0.678864
293370 0.668741
298260 0.674925
303149 0.664965
308039 0.671386
312928 0.661571
317818 0.668206
322707 0.65852
327597 0.665349
332486 0.655781
337376 0.662785
342265 0.653323
347155 0.660486
352044 0.651119
356934 0.658427
361823 0.649145
366713 0.656584
371602 0.64738
376492 0.654938
381381 0.645803
386271 0.653469
391160 0.644398
396050 0.652163
400939 0.64315
405829 0.651004
410718 0.642043
415608 0.649978
420497 0.641065
425387 0.649076
430276 0.640205
435166 0.648285
440055 0.639453
444945 0.647595
449834 0.6388
454724 0.646998
459613 0.638236
464503 0.646486
469392 0.637753
474282 0.646051
479171 0.637346
484061 0.645687
488950 0.637006
493840 0.645388
498729 0.63673
503619 0.645147
508508 0.63651
513398 0.64496
518287 0.636341
523177 0.644822
528066 0.63622
532956 0.644728
537845 0.636143
542735 0.644676
547624 0.636106
552514 0.644662
557403 0.636106
562293 0.644682
567182 0.636138
572072 0.644734
576961 0.636201
581851 0.644814
586740 0.636292
591630 0.644921
596519 0.636409
601409 0.645053
606298 0.636549
611188 0.645206
616077 0.636711
620967 0.64538
625856 0.636892
630746 0.645571
635635 0.63709
640525 0.645779
645414 0.637305
650304 0.646003
655193 0.637534
660083 0.64624
664972 0.637777
669862 0.64649
674751 0.638032
679641 0.646751
684530 0.638298
689420 0.647023
694309 0.638574
699199 0.647304
704088 0.63886
708978 0.647594
713867 0.639153
718757 0.647891
723646 0.639454
728536 0.648195
733425 0.639761
738315 0.648505
743204 0.640075
748094 0.648821
752983 0.640393
757873 0.649142
762762 0.640716
767652 0.649467
772541 0.641044
777431 0.649796
782320 0.641375
787210 0.650128
792099 0.64171
796989 0.650464
801878 0.642048
806768 0.650802
811657 0.642388
816547 0.651142
821436 0.64273
826326 0.651485
831215 0.643075
836105 0.651829
840994 0.64342
845884 0.652174
850773 0.643767
855663 0.652521
860552 0.644115
865442 0.652868
870331 0.644464
875221 0.653215
880110 0.644813
885000 0.653564
889889 0.645162
894779 0.653912
899668 0.645512
904558 0.65426
909447 0.645861
914337 0.654608
919226 0.646211
924116 0.654956
929005 0.64656
933895 0.655304
938784 0.646908
943674 0.65565
948563 0.647256
953453 0.655997
958342 0.647604
963232 0.656342
968121 0.64795
973011 0.656686
977900 0.648295
982790 0.65703
987679 0.64864
992569 0.657372
997458 0.648983
1002348 0.657713
1007237 0.649324
1012127 0.658053
1017016 0.649665
1021906 0.658391
1026795 0.650004
1031685 0.658727
1036574 0.650341
1041464 0.659063
1046353 0.650677
1051243 0.659396
1056132 0.651011
1061022 0.659728
1065911 0.651344
1070801 0.660058
1075690 0.651675
1080580 0.660387
1085469 0.652004
1090359 0.660713
1095248 0.652331
1100138 0.661038
1105027 0.652657
1109917 0.661362
1114806 0.652981
1119696 0.661683
1124585 0.653303
1129475 0.662003
1134364 0.653623
1139254 0.662321
1144143 0.653942
1149033 0.662637
1153922 0.654258
1158812 0.662951
1163701 0.654573
1168591 0.663263
1173480 0.654886
1178370 0.663574
1183259 0.655197
1188149 0.663882
1193038 0.655506
1197928 0.664189
1202817 0.655814
1207707 0.664494
1212596 0.656119
1217486 0.664797
1222375 0.656423
1227265 0.665098
1232154 0.656724
1237044 0.665398
1241933 0.657024
1246823 0.665695
1251712 0.657322
1256602 0.665991
1261491 0.657619
1266381 0.666285
1271270 0.657913
1276160 0.666577
1281049 0.658206
1285939 0.666867
1290828 0.658497
1295718 0.667155
1300607 0.658786
1305497 0.667442
1310386 0.659073
1315276 0.667727
1320165 0.659358
1325055 0.66801
1329944 0.659642
1334834 0.668292
1339723 0.659924
1344613 0.668571
1349502 0.660204
1354392 0.668849
1359281 0.660483
1364171 0.669126
1369060 0.66076
1373950 0.669401
1378839 0.661035
1383729 0.669674
1388618 0.661309
1393508 0.669945
1398397 0.661581
1403287 0.670215
1408176 0.661851
1413066 0.670484
1417955 0.66212
1422845 0.67075
1427734 0.662388
1432624 0.671015
1437513 0.662653
1442403 0.671279
1447292 0.662918
1452182 0.671541
1457071 0.66318
1461961 0.671802
1466850 0.663441
1471740 0.672061
1476629 0.663701
1481519 0.672318
1486408 0.663959
1491298 0.672575
1496187 0.664216
1501077 0.672829
1505966 0.664471
1510856 0.673083
1515745 0.664725
1520635 0.673334
1525524 0.664977
1530414 0.673585
1535303 0.665228
1540193 0.673834
1545082 0.665478
1549972 0.674081
1554861 0.665726
1559751 0.674328
1564640 0.665973
1569530 0.674572
1574419 0.666218
1579309 0.674816
1584198 0.666462
1589088 0.675058
1593977 0.666705
1598867 0.675299
1603756 0.666947
1608646 0.675539
1613535 0.667187
1618425 0.675777
1623314 0.667426
1628204 0.676014
1633093 0.667664
1637983 0.67625
1642872 0.6679
1647762 0.676485
1652651 0.668135
1657541 0.676718
1662430 0.668369
1667320 0.676951
1672209 0.668602
1677099 0.677182
1681988 0.668834
1686878 0.677411
1691767 0.669064
1696657 0.67764
1701546 0.669293
1706436 0.677868
1711325 0.669521
1716215 0.678094
1721104 0.669748
1725994 0.678319
1730883 0.669974
1735773 0.678543
1740662 0.670199
1745552 0.678766
1750441 0.670422
1755331 0.678988
1760220 0.670645
1765110 0.679209
1769999 0.670866
1774889 0.679429
1779778 0.671086
1784668 0.679647
1789557 0.671306
1794447 0.679865
1799336 0.671524
1804226 0.680081
1809115 0.671741
1814005 0.680297
1818894 0.671957
1823784 0.680511
1828673 0.672172
1833563 0.680725
1838452 0.672386
1843342 0.680937
1848231 0.672599
1853121 0.681149
1858010 0.672811
1862900 0.681359
1867789 0.673022
1872679 0.681569
1877568 0.673232
1882458 0.681778
1887347 0.673442
1892237 0.681985
1897126 0.67365
1902016 0.682192
1906905 0.673857
1911795 0.682398
1916684 0.674063
1921574 0.682603
1926463 0.674269
1931353 0.682807
1936242 0.674473
1941132 0.68301
1946021 0.674677
1950911 0.683212
1955800 0.67488
1960690 0.683413
1965579 0.675082
1970469 0.683614
1975358 0.675283
1980248 0.683813
1985137 0.675483
1990027 0.684012
1994916 0.675682
1999806 0.68421
2004695 0.675881
2009585 0.684407
2014474 0.676078
2019364 0.684603
2024253 0.676275
2029143 0.684798
2034032 0.676471
2038922 0.684993
2043811 0.676666
2048701 0.685187
2053590 0.67686
2058480 0.68538
2063369 0.677054
2068259 0.685572
2073148 0.677247
2078038 0.685763
2082927 0.677439
2087817 0.685954
2092706 0.67763
2097596 0.686144
2102485 0.67782
2107375 0.686333
2112264 0.67801
2117154 0.686521
2122043 0.678199
2126933 0.686709
2131822 0.678387
2136712 0.686896
2141601 0.678575
2146491 0.687082
2151380 0.678761
2156270 0.687267
2161159 0.678947
2166049 0.687452
2170938 0.679133
2175828 0.687636
2180717 0.679317
2185607 0.687819
2190496 0.679501
2195386 0.688002
2200275 0.679684
2205165 0.688184
2210054 0.679867
2214944 0.688365
2219833 0.680048
2224723 0.688545
2229612 0.68023
2234502 0.688725
2239391 0.68041
2244281 0.688905
2249170 0.68059
2254060 0.689083
2258949 0.680769
2263839 0.689261
2268728 0.680947
2273618 0.689438
2278507 0.681125
2283397 0.689615
2288286 0.681302
2293176 0.689791
2298065 0.681479
2302955 0.689966
2307844 0.681655
2312734 0.690141
2317623 0.68183
2322513 0.690315
2327402 0.682005
2332292 0.690488
2337181 0.682179
2342071 0.690661
2346960 0.682352
2351850 0.690833
2356739 0.682525
2361629 0.691005
2366518 0.682697
2371408 0.691176
2376297 0.682869
2381187 0.691346
2386076 0.68304
2390966 0.691516
2395855 0.68321
2400745 0.691686
2405634 0.68338
2410524 0.691854
2415413 0.683549
2420303 0.692022
2425192 0.683718
2430082 0.69219
2434971 0.683886
2439861 0.692357
2444750 0.684053
2449640 0.692523
2454529 0.68422
2459419 0.692689
2464308 0.684387
2469198 0.692854
2474087 0.684553
2478977 0.693019
2483866 0.684718
2488756 0.693183
2493645 0.684883
2498535 0.693347
2503424 0.685047
2508314 0.69351
2513203 0.685211
2518093 0.693673
2522982 0.685374
2527872 0.693835
2532761 0.685536
2537651 0.693997
2542540 0.685699
2547430 0.694158
2552319 0.68586
2557209 0.694318
2562098 0.686021
2566988 0.694478
2571877 0.686182
2576767 0.694638
2581656 0.686342
2586546 0.694797
2591435 0.686502
2596325 0.694955
2601214 0.686661
2606104 0.695113
2610993 0.686819
2615883 0.695271
2620772 0.686978
2625662 0.695428
2630551 0.687135
2635441 0.695585
2640330 0.687292
2645220 0.695741
2650109 0.687449
2654999 0.695897
2659888 0.687605
2664778 0.696052
2669667 0.687761
2674557 0.696207
2679446 0.687916
2684336 0.696361
2689225 0.688071
2694115 0.696515
2699004 0.688226
2703894 0.696668
2708783 0.68838
2713673 0.696821
2718562 0.688533
2723452 0.696973
2728341 0.688686
2733231 0.697125
2738120 0.688839
2743010 0.697277
2747899 0.688991
2752789 0.697428
2757678 0.689142
2762568 0.697579
2767457 0.689294
2772347 0.697729
2777236 0.689444
2782126 0.697879
2787015 0.689595
2791905 0.698028
2796794 0.689745
2801684 0.698177
2806573 0.689894
2811463 0.698326
2816352 0.690043
2821242 0.698474
2826131 0.690192
2831021 0.698621
2835910 0.69034
2840800 0.698769
2845689 0.690488
2850579 0.698916
2855468 0.690635
2860358 0.699062
2865247 0.690782
2870137 0.699208
2875026 0.690929
2879916 0.699354
2884805 0.691075
2889695 0.699499
2894584 0.691221
2899474 0.699644
2904363 0.691366
2909253 0.699788
2914142 0.691511
2919032 0.699932
2923921 0.691656
2928811 0.700076
2933700 0.6918
2938590 0.700219
2943479 0.691944
2948369 0.700362
2953258 0.692087
2958148 0.700504
2963037 0.69223
2967927 0.700647
2972816 0.692373
2977706 0.700788
2982595 0.692515
2987485 0.70093
2992374 0.692657
2997264 0.701071
3002153 0.692798
3007043 0.701211
3011932 0.692939
3016822 0.701351
3021711 0.69308
3026601 0.701491
3031490 0.69322
3036380 0.701631
3041269 0.69336
3046159 0.70177
3051048 0.6935
3055938 0.701908
3060827 0.693639
3065717 0.702047
3070606 0.693778
3075496 0.702185
3080385 0.693917
3085275 0.702322
3090164 0.694055
3095054 0.70246
3099943 0.694193
3104833 0.702597
3109722 0.69433
3114612 0.702733
3119501 0.694467
3124391 0.702869
3129280 0.694604
3134170 0.703005
3139059 0.69474
3143949 0.703141
3148838 0.694876
3153728 0.703276
3158617 0.695012
3163507 0.703411
3168396 0.695147
3173286 0.703545
3178175 0.695282
3183065 0.703679
3187954 0.695417
3192844 0.703813
3197733 0.695551
3202623 0.703947
3207512 0.695685
3212402 0.70408
3217291 0.695819
3222181 0.704213
3227070 0.695952
3231960 0.704345
3236849 0.696085
3241739 0.704477
3246628 0.696218
3251518 0.704609
3256407 0.69635
3261297 0.70474
3266186 0.696482
3271076 0.704872
3275965 0.696614
3280855 0.705002
3285744 0.696745
3290634 0.705133
3295523 0.696876
3300413 0.705263
3305302 0.697007
3310192 0.705393
3315081 0.697137
3319971 0.705522
3324860 0.697267
3329750 0.705652
3334639 0.697397
3339529 0.70578
3344418 0.697526
3349308 0.705909
3354197 0.697655
3359087 0.706037
3363976 0.697784
3368866 0.706165
3373755 0.697913
3378645 0.706293
3383534 0.698041
3388424 0.70642
3393313 0.698169
3398203 0.706547
3403092 0.698296
3407982 0.706674
3412871 0.698423
3417761 0.7068
3422650 0.69855
3427540 0.706927
3432429 0.698677
3437319 0.707052
3442208 0.698803
3447098 0.707178
3451987 0.698929
3456877 0.707303
3461766 0.699055
3466656 0.707428
3471545 0.69918
3476435 0.707553
3481324 0.699306
3486214 0.707677
3491103 0.69943
3495993 0.707801
3500882 0.699555
3505772 0.707925
3510661 0.699679
3515551 0.708048
3520440 0.699803
3525330 0.708171
3530219 0.699927
3535109 0.708294
3539998 0.70005
3544888 0.708417
3549777 0.700173
3554667 0.708539
3559556 0.700296
3564446 0.708661
3569335 0.700419
3574225 0.708783
3579114 0.700541
3584004 0.708905
3588893 0.700663
3593783 0.709026
3598672 0.700785
3603562 0.709147
3608451 0.700906
3613341 0.709267
3618230 0.701027
3623120 0.709388
3628009 0.701148
3632899 0.709508
3637788 0.701269
3642678 0.709628
3647567 0.701389
3652457 0.709747
3657346 0.701509
3662236 0.709866
3667125 0.701629
3672015 0.709985
3676904 0.701748
3681794 0.710104
3686683 0.701867
3691573 0.710223
3696462 0.701986
3701352 0.710341
3706241 0.702105
3711131 0.710459
3716020 0.702224
3720910 0.710576
3725799 0.702342
3730689 0.710694
3735578 0.70246
3740468 0.710811
3745357 0.702577
3750247 0.710928
3755136 0.702695
3760026 0.711045
3764915 0.702812
3769805 0.711161
3774694 0.702929
3779584 0.711277
3784473 0.703045
3789363 0.711393
3794252 0.703161
3799142 0.711508
3804031 0.703278
3808921 0.711624
3813810 0.703393
3818700 0.711739
3823589 0.703509
3828479 0.711854
3833368 0.703624
3838258 0.711968
3843147 0.703739
3848037 0.712083
3852926 0.703854
3857816 0.712197
3862705 0.703969
3867595 0.712311
3872484 0.704083
3877374 0.712424
3882263 0.704197
3887153 0.712537
3892042 0.704311
3896932 0.712651
3901821 0.704424
3906711 0.712763
3911600 0.704538
3916490 0.712876
3921379 0.704651
3926269 0.712988
3931158 0.704764
3936048 0.7131
3940937 0.704876
3945827 0.713212
3950716 0.704989
3955606 0.713324
3960495 0.705101
3965385 0.713435
3970274 0.705213
3975164 0.713546
3980053 0.705324
3984943 0.713657
3989832 0.705436
3994722 0.713768
3999611 0.705547
4004501 0.713879
4009390 0.705658
4014280 0.713989
4019169 0.705768
4024059 0.714099
4028948 0.705879
4033838 0.714208
4038727 0.705989
4043617 0.714318
4048506 0.706099
4053396 0.714427
4058285 0.706209
4063175 0.714536
4068064 0.706318
4072954 0.714645
4077843 0.706427
4082733 0.714754
4087622 0.706537
4092512 0.714862
4097401 0.706645
4102291 0.71497
4107180 0.706754
4112070 0.715078
4116959 0.706862
4121849 0.715186
4126738 0.70697
4131628 0.715293
4136517 0.707078
4141407 0.7154
4146296 0.707186
4151186 0.715507
4156075 0.707294
4160965 0.715614
4165854 0.707401
4170744 0.715721
4175633 0.707508
4180523 0.715827
4185412 0.707615
4190302 0.715933
4195191 0.707721
4200081 0.716039
4204970 0.707828
4209860 0.716145
4214749 0.707934
4219639 0.71625
4224528 0.70804
4229418 0.716355
4234307 0.708145
4239197 0.71646
4244086 0.708251
4248976 0.716565
4253865 0.708356
4258755 0.71667
4263644 0.708461
4268534 0.716774
4273423 0.708566
4278313 0.716878
4283202 0.708671
4288092 0.716982
4292981 0.708775
4297871 0.717086
4302760 0.708879
4307650 0.71719
4312539 0.708983
4317429 0.717293
4322318 0.709087
4327208 0.717396
4332097 0.70919
4336987 0.717499
4341876 0.709294
4346766 0.717602
4351655 0.709397
4356545 0.717704
4361434 0.7095
4366324 0.717806
4371213 0.709603
4376103 0.717909
4380992 0.709705
4385882 0.71801
4390771 0.709807
4395661 0.718112
4400550 0.70991
4405440 0.718214
4410329 0.710011
4415219 0.718315
4420108 0.710113
4424998 0.718416
4429887 0.710215
4434777 0.718517
4439666 0.710316
4444556 0.718617
4449445 0.710417
4454335 0.718718
4459224 0.710518
4464114 0.718818
4469003 0.710619
4473893 0.718918
4478782 0.710719
4483672 0.719018
4488561 0.710819
4493451 0.719118
4498340 0.71092
4503230 0.719217
4508119 0.711019
4513009 0.719316
4517898 0.711119
4522788 0.719415
4527677 0.711219
4532567 0.719514
4537456 0.711318
4542346 0.719613
4547235 0.711417
4552125 0.719711
4557014 0.711516
4561904 0.71981
4566793 0.711615
4571683 0.719908
4576572 0.711713
4581462 0.720006
4586351 0.711812
4591241 0.720103
4596130 0.71191
4601020 0.720201
4605909 0.712008
4610799 0.720298
4615688 0.712106
4620578 0.720395
4625467 0.712203
4630357 0.720492
4635246 0.7123
4640136 0.720589
4645025 0.712398
4649915 0.720686
4654804 0.712495
4659694 0.720782
4664583 0.712592
4669473 0.720878
4674362 0.712688
4679252 0.720974
4684141 0.712785
4689031 0.72107
4693920 0.712881
4698810 0.721166
4703699 0.712977
4708589 0.721261
4713478 0.713073
4718368 0.721357
4723257 0.713169
4728147 0.721452
4733036 0.713264
4737926 0.721547
4742815 0.713359
4747705 0.721641
4752594 0.713455
4757484 0.721736
4762373 0.71355
4767263 0.72183
4772152 0.713644
4777042 0.721924
4781931 0.713739
4786821 0.722018
4791710 0.713834
4796600 0.722112
4801489 0.713928
4806379 0.722206
4811268 0.714022
4816158 0.722299
4821047 0.714116
4825937 0.722393
4830826 0.714209
4835716 0.722486
4840605 0.714303
4845495 0.722579
4850384 0.714396
4855274 0.722672
4860163 0.71449
4865053 0.722764
4869942 0.714583
4874832 0.722857
4879721 0.714676
4884611 0.722949
4889500 0.714768
4894390 0.723041
4899279 0.714861
4904169 0.723133
4909058 0.714953
4913948 0.723225
4918837 0.715045
4923727 0.723316
4928616 0.715137
4933506 0.723408
4938395 0.715229
4943285 0.723499
4948174 0.715321
4953064 0.72359
4957953 0.715412
4962843 0.723681
4967732 0.715503
4972622 0.723771
4977511 0.715595
4982401 0.723862
4987290 0.715685
4992180 0.723952
4997069 0.715776
5001959 0.724043
5006848 0.715867
5011738 0.724133
5016627 0.715957
5021517 0.724222
5026406 0.716048
5031296 0.724312
5036185 0.716138
5041075 0.724402
5045964 0.716228
5050854 0.724491
5055743 0.716318
5060633 0.72458
5065522 0.716407
5070412 0.724669
5075301 0.716497
5080191 0.724758
5085080 0.716586
5089970 0.724847
5094859 0.716675
5099749 0.724936
5104638 0.716764
5109528 0.725024
5114417 0.716853
5119307 0.725112
5124196 0.716941
5129086 0.7252
5133975 0.71703
5138865 0.725288
5143754 0.717118
5148644 0.725376
5153533 0.717206
5158423 0.725463
5163312 0.717294
5168202 0.725551
5173091 0.717382
5177981 0.725638
5182870 0.71747
5187760 0.725725
5192649 0.717557
5197539 0.725812
5202428 0.717645
5207318 0.725899
5212207 0.717732
5217097 0.725986
5221986 0.717819
5226876 0.726072
5231765 0.717906
5236655 0.726158
5241544 0.717993
5246434 0.726245
5251323 0.718079
5256213 0.726331
5261102 0.718166
5265992 0.726416
5270881 0.718252
5275771 0.726502
5280660 0.718338
5285550 0.726588
5290439 0.718424
5295329 0.726673
5300218 0.71851
5305108 0.726758
5309997 0.718595
5314887 0.726843
5319776 0.718681
5324666 0.726928
5329555 0.718766
5334445 0.727013
5339334 0.718851
5344224 0.727098
5349113 0.718937
5354003 0.727182
5358892 0.719021
5363782 0.727267
5368671 0.719106
5373561 0.727351
5378450 0.719191
5383340 0.727435
5388229 0.719275
5393119 0.727519
5398008 0.719359
5402898 0.727602
5407787 0.719444
5412677 0.727686
5417566 0.719528
5422456 0.72777
5427345 0.719611
5432235 0.727853
5437124 0.719695
5442014 0.727936
5446903 0.719779
5451793 0.728019
5456682 0.719862
5461572 0.728102
5466461 0.719945
5471351 0.728185
5476240 0.720028
5481130 0.728267
5486019 0.720111
5490909 0.728349
5495798 0.720194
5500688 0.728432
5505577 0.720277
5510467 0.728514
5515356 0.720359
5520246 0.728596
5525135 0.720442
5530025 0.728678
5534914 0.720524
5539804 0.728759
5544693 0.720606
5549583 0.728841
5554472 0.720688
5559362 0.728922
5564251 0.72077
5569141 0.729004
5574030 0.720852
5578920 0.729085
5583809 0.720933
5588699 0.729166
5593588 0.721014
5598478 0.729247
5603367 0.721096
5608257 0.729327
5613146 0.721177
5618036 0.729408
5622925 0.721258
5627815 0.729488
5632704 0.721339
5637594 0.729569
5642483 0.721419
5647373 0.729649
5652262 0.7215
5657152 0.729729
5662041 0.72158
5666931 0.729809
5671820 0.72166
5676710 0.729888
5681599 0.721741
5686489 0.729968
5691378 0.721821
5696268 0.730048
5701157 0.7219
5706047 0.730127
5710936 0.72198
5715826 0.730206
5720715 0.72206
5725605 0.730285
5730494 0.722139
5735384 0.730364
5740273 0.722218
5745163 0.730443
5750052 0.722298
5754942 0.730522
5759831 0.722377
5764721 0.7306
5769610 0.722456
5774500 0.730678
5779389 0.722534
5784279 0.730757
5789168 0.722613
5794058 0.730835
5798947 0.722692
5803837 0.730913
5808726 0.72277
5813616 0.730991
5818505 0.722848
5823395 0.731068
5828284 0.722926
5833174 0.731146
5838063 0.723004
5842953 0.731223
5847842 0.723082
5852732 0.731301
5857621 0.72316
5862511 0.731378
5867400 0.723237
5872290 0.731455
5877179 0.723315
5882069 0.731532
5886958 0.723392
5891848 0.731609
5896737 0.723469
5901627 0.731685
5906516 0.723546
5911406 0.731762
5916295 0.723623
5921185 0.731838
5926074 0.7237
5930964 0.731915
5935853 0.723777
5940743 0.731991
5945632 0.723853
5950522 0.732067
5955411 0.72393
5960301 0.732143
5965190 0.724006
5970080 0.732219
5974969 0.724082
5979859 0.732294
5984748 0.724158
5989638 0.73237
5994527 0.724234
5999417 0.732445
6004306 0.72431
6009196 0.732521
6014085 0.724386
6018975 0.732596
6023864 0.724461
6028754 0.732671
6033643 0.724537
6038533 0.732746
6043422 0.724612
6048312 0.732821
6053201 0.724687
6058091 0.732895
6062980 0.724762
6067870 0.73297
6072759 0.724837
6077649 0.733044
6082538 0.724912
6087428 0.733118
6092317 0.724987
6097207 0.733193
6102096 0.725061
6106986 0.733267
6111875 0.725136
6116765 0.733341
6121654 0.72521
6126544 0.733414
6131433 0.725284
6136323 0.733488
6141212 0.725358
6146102 0.733562
6150991 0.725432
6155881 0.733635
6160770 0.725506
6165660 0.733709
6170549 0.72558
6175439 0.733782
6180328 0.725653
6185218 0.733855
6190107 0.725727
6194997 0.733928
6199886 0.7258
6204776 0.734001
6209665 0.725873
6214555 0.734073
6219444 0.725946
6224334 0.734146
6229223 0.726019
6234113 0.734219
6239002 0.726092
6243892 0.734291
6248781 0.726165
6253671 0.734363
6258560 0.726238
6263450 0.734435
6268339 0.72631
6273229 0.734507
6278118 0.726383
6283008 0.734579
6287897 0.726455
6292787 0.734651
6297676 0.726527
6302566 0.734723
6307455 0.726599
6312345 0.734794
6317234 0.726671
6322124 0.734866
6327013 0.726743
6331903 0.734937
6336792 0.726815
6341682 0.735009
6346571 0.726886
6351461 0.73508
6356350 0.726958
6361240 0.735151
6366129 0.727029
6371019 0.735222
6375908 0.7271
6380798 0.735292
6385687 0.727171
6390577 0.735363
6395466 0.727242
6400356 0.735434
6405245 0.727313
6410135 0.735504
6415024 0.727384
6419914 0.735574
6424803 0.727455
6429693 0.735645
6434582 0.727526
6439472 0.735715
6444361 0.727596
6449251 0.735785
6454140 0.727666
6459030 0.735855
6463919 0.727737
6468809 0.735924
6473698 0.727807
6478588 0.735994
6483477 0.727877
6488367 0.736064
6493256 0.727947
6498146 0.736133
6503035 0.728017
6507925 0.736202
6512814 0.728086
6517704 0.736272
6522593 0.728156
6527483 0.736341
6532372 0.728225
6537262 0.73641
6542151 0.728295
6547041 0.736479
6551930 0.728364
6556820 0.736548
6561709 0.728433
6566599 0.736616
6571488 0.728502
6576378 0.736685
6581267 0.728571
6586157 0.736753
6591046 0.72864
6595936 0.736822
6600825 0.728709
6605715 0.73689
6610604 0.728777
6615494 0.736958
6620383 0.728846
6625273 0.737026
6630162 0.728914
6635052 0.737094
6639941 0.728983
6644831 0.737162
6649720 0.729051
6654610 0.73723
6659499 0.729119
6664389 0.737297
6669278 0.729187
6674168 0.737365
6679057 0.729255
6683947 0.737432
6688836 0.729322
6693726 0.7375
6698615 0.72939
6703505 0.737567
6708394 0.729458
6713284 0.737634
6718173 0.729525
6723063 0.737701
6727952 0.729593
6732842 0.737768
6737731 0.72966
6742621 0.737835
6747510 0.729727
6752400 0.737901
6757289 0.729794
6762179 0.737968
6767068 0.729861
6771958 0.738035
6776847 0.729928
6781737 0.738101
6786626 0.729995
6791516 0.738167
6796405 0.730061
6801295 0.738233
6806184 0.730128
6811074 0.7383
6815963 0.730194
6820853 0.738366
6825742 0.730261
6830632 0.738431
6835521 0.730327
6840411 0.738497
6845300 0.730393
6850190 0.738563
6855079 0.730459
6859969 0.738629
6864858 0.730525
6869748 0.738694
6874637 0.730591
6879527 0.738759
6884416 0.730657
6889306 0.738825
6894195 0.730722
6899085 0.73889
6903974 0.730788
6908864 0.738955
6913753 0.730853
6918643 0.73902
6923532 0.730919
6928422 0.739085
6933311 0.730984
6938201 0.73915
6943090 0.731049
6947980 0.739215
6952869 0.731114
6957759 0.739279
6962648 0.731179
6967538 0.739344
6972427 0.731244
6977317 0.739408
6982206 0.731309
6987096 0.739472
6991985 0.731373
6996875 0.739537
7001764 0.731438
7006654 0.739601
7011543 0.731502
7016433 0.739665
7021322 0.731567
7026212 0.739729
7031101 0.731631
7035991 0.739793
7040880 0.731695
7045770 0.739856
7050659 0.731759
7055549 0.73992
7060438 0.731823
7065328 0.739984
7070217 0.731887
7075107 0.740047
7079996 0.731951
7084886 0.740111
7089775 0.732015
7094665 0.740174
7099554 0.732078
7104444 0.740237
7109333 0.732142
7114223 0.7403
7119112 0.732205
7124002 0.740363
7128891 0.732269
7133781 0.740426
7138670 0.732332
7143560 0.740489
7148449 0.732395
7153339 0.740552
7158228 0.732458
7163118 0.740614
7168007 0.732521
7172897 0.740677
7177786 0.732584
7182676 0.740739
7187565 0.732647
7192455 0.740802
7197344 0.73271
7202234 0.740864
7207123 0.732772
7212013 0.740926
7216902 0.732835
7221792 0.740988
7226681 0.732897
7231571 0.74105
7236460 0.732959
7241350 0.741112
7246239 0.733022
7251129 0.741174
7256018 0.733084
7260908 0.741236
7265797 0.733146
7270687 0.741297
7275576 0.733208
7280466 0.741359
7285355 0.73327
7290245 0.74142
7295134 0.733332
7300024 0.741482
7304913 0.733393
7309803 0.741543
7314692 0.733455
7319582 0.741604
7324471 0.733516
7329361 0.741665
7334250 0.733578
7339140 0.741726
7344029 0.733639
7348919 0.741787
7353808 0.7337
7358698 0.741848
7363587 0.733762
7368477 0.741909
7373366 0.733823
7378256 0.741969
7383145 0.733884
7388035 0.74203
7392924 0.733945
7397814 0.74209
7402703 0.734005
7407593 0.742151
7412482 0.734066
7417372 0.742211
7422261 0.734127
7427151 0.742271
7432040 0.734187
7436930 0.742332
7441819 0.734248
7446709 0.742392
7451598 0.734308
7456488 0.742452
7461377 0.734369
7466267 0.742511
7471156 0.734429
7476046 0.742571
7480935 0.734489
7485825 0.742631
7490714 0.734549
7495604 0.742691
7500493 0.734609
7505383 0.74275
7510272 0.734669
7515162 0.74281
7520051 0.734729
7524941 0.742869
7529830 0.734788
7534720 0.742928
7539609 0.734848
7544499 0.742988
7549388 0.734908
7554278 0.743047
7559167 0.734967
7564057 0.743106
7568946 0.735026
7573836 0.743165
7578725 0.735086
7583615 0.743224
7588504 0.735145
7593394 0.743282
7598283 0.735204
7603173 0.743341
7608062 0.735263
7612952 0.7434
7617841 0.735322
7622731 0.743458
7627620 0.735381
7632510 0.743517
7637399 0.73544
7642289 0.743575
7647178 0.735498
7652068 0.743633
7656957 0.735557
7661847 0.743692
7666736 0.735616
7671626 0.74375
7676515 0.735674
7681405 0.743808
7686294 0.735732
7691184 0.743866
7696073 0.735791
7700963 0.743924
7705852 0.735849
7710742 0.743982
7715631 0.735907
7720521 0.744039
7725410 0.735965
7730300 0.744097
7735189 0.736023
7740079 0.744155
7744968 0.736081
7749858 0.744212
7754747 0.736139
7759637 0.744269
7764526 0.736197
7769416 0.744327
7774305 0.736254
7779195 0.744384
7784084 0.736312
7788974 0.744441
7793863 0.736369
7798753 0.744498
7803642 0.736427
7808532 0.744555
7813421 0.736484
7818311 0.744612
7823200 0.736541
7828090 0.744669
7832979 0.736599
7837869 0.744726
7842758 0.736656
7847648 0.744783
7852537 0.736713
7857427 0.744839
7862316 0.73677
7867206 0.744896
7872095 0.736827
7876985 0.744952
7881874 0.736883
7886764 0.745009
7891653 0.73694
7896543 0.745065
7901432 0.736997
7906322 0.745121
7911211 0.737053
7916101 0.745178
7920990 0.73711
7925880 0.745234
7930769 0.737166
7935659 0.74529
7940548 0.737223
7945438 0.745346
7950327 0.737279
7955217 0.745401
7960106 0.737335
7964996 0.745457
7969885 0.737391
7974775 0.745513
7979664 0.737447
7984554 0.745569
7989443 0.737503
7994333 0.745624
7999222 0.737559
8004112 0.74568
8009001 0.737615
8013891 0.745735
8018780 0.737671
8023670 0.74579
8028559 0.737726
8033449 0.745846
8038338 0.737782
8043228 0.745901
8048117 0.737837
8053007 0.745956
8057896 0.737893
8062786 0.746011
8067675 0.737948
8072565 0.746066
8077454 0.738003
8082344 0.746121
8087233 0.738059
8092123 0.746176
8097012 0.738114
8101902 0.746231
8106791 0.738169
8111681 0.746285
8116570 0.738224
8121460 0.74634
8126349 0.738279
8131239 0.746394
8136128 0.738334
8141018 0.746449
8145907 0.738388
8150797 0.746503
8155686 0.738443
8160576 0.746558
8165465 0.738498
8170355 0.746612
8175244 0.738552
8180134 0.746666
8185023 0.738607
8189913 0.74672
8194802 0.738661
8199692 0.746774
8204581 0.738716
8209471 0.746828
8214360 0.73877
8219250 0.746882
8224139 0.738824
8229029 0.746936
8233918 0.738878
8238808 0.74699
8243697 0.738932
8248587 0.747043
8253476 0.738986
8258366 0.747097
8263255 0.73904
8268145 0.74715
8273034 0.739094
8277924 0.747204
8282813 0.739148
8287703 0.747257
8292592 0.739201
8297482 0.747311
8302371 0.739255
8307261 0.747364
8312150 0.739309
8317040 0.747417
8321929 0.739362
8326819 0.74747
8331708 0.739416
8336598 0.747523
8341487 0.739469
8346377 0.747576
8351266 0.739522
8356156 0.747629
8361045 0.739575
8365935 0.747682
8370824 0.739629
8375714 0.747735
8380603 0.739682
8385493 0.747787
8390382 0.739735
8395272 0.74784
8400161 0.739788
8405051 0.747893
8409940 0.73984
8414830 0.747945
8419719 0.739893
8424609 0.747998
8429498 0.739946
8434388 0.74805
8439277 0.739999
8444167 0.748102
8449056 0.740051
8453946 0.748155
8458835 0.740104
8463725 0.748207
8468614 0.740156
8473504 0.748259
8478393 0.740209
8483283 0.748311
8488172 0.740261
8493062 0.748363
8497951 0.740313
8502841 0.748415
8507730 0.740366
8512620 0.748467
8517509 0.740418
8522399 0.748518
8527288 0.74047
8532178 0.74857
8537067 0.740522
8541957 0.748622
8546846 0.740574
8551736 0.748673
8556625 0.740626
8561515 0.748725
8566404 0.740677
8571294 0.748776
8576183 0.740729
8581073 0.748828
8585962 0.740781
8590852 0.748879
8595741 0.740832
8600631 0.74893
8605520 0.740884
8610410 0.748981
8615299 0.740935
8620189 0.749032
8625078 0.740987
8629968 0.749083
8634857 0.741038
8639747 0.749134
8644636 0.741089
8649526 0.749185
8654415 0.741141
8659305 0.749236
8664194 0.741192
8669084 0.749287
8673973 0.741243
8678863 0.749338
8683752 0.741294
8688642 0.749388
8693531 0.741345
8698421 0.749439
8703310 0.741396
8708200 0.749489
8713089 0.741447
8717979 0.74954
8722868 0.741497
8727758 0.74959
8732647 0.741548
8737537 0.749641
8742426 0.741599
8747316 0.749691
8752205 0.741649
8757095 0.749741
8761984 0.7417
8766874 0.749791
8771763 0.74175
8776653 0.749841
8781542 0.741801
8786432 0.749891
8791321 0.741851
8796211 0.749941
8801100 0.741901
8805990 0.749991
8810879 0.741951
8815769 0.750041
8820658 0.742002
8825548 0.750091
8830437 0.742052
8835327 0.750141
8840216 0.742102
8845106 0.75019
8849995 0.742152
8854885 0.75024
8859774 0.742202
8864664 0.750289
8869553 0.742251
8874443 0.750339
8879332 0.742301
8884222 0.750388
8889111 0.742351
8894001 0.750438
8898890 0.742401
8903780 0.750487
8908669 0.74245
8913559 0.750536
8918448 0.7425
8923338 0.750585
8928227 0.742549
8933117 0.750634
8938006 0.742598
8942896 0.750684
8947785 0.742648
8952675 0.750733
8957564 0.742697
8962454 0.750781
8967343 0.742746
8972233 0.75083
8977122 0.742796
8982012 0.750879
8986901 0.742845
8991791 0.750928
8996680 0.742894
9001570 0.750977
9006459 0.742943
9011349 0.751025
9016238 0.742992
9021128 0.751074
9026017 0.74304
9030907 0.751122
9035796 0.743089
9040686 0.751171
9045575 0.743138
9050465 0.751219
9055354 0.743187
9060244 0.751267
9065133 0.743235
9070023 0.751316
9074912 0.743284
9079802 0.751364
9084691 0.743332
9089581 0.751412
9094470 0.743381
9099360 0.75146
9104249 0.743429
9109139 0.751508
9114028 0.743478
9118918 0.751556
9123807 0.743526
9128697 0.751604
9133586 0.743574
9138476 0.751652
9143365 0.743622
9148255 0.7517
9153144 0.74367
9158034 0.751748
9162923 0.743718
9167813 0.751795
9172702 0.743766
9177592 0.751843
9182481 0.743814
9187371 0.751891
9192260 0.743862
9197150 0.751938
9202039 0.74391
9206929 0.751986
9211818 0.743958
9216708 0.752033
9221597 0.744005
9226487 0.75208
9231376 0.744053
9236266 0.752128
9241155 0.744101
9246045 0.752175
9250934 0.744148
9255824 0.752222
9260713 0.744196
9265603 0.752269
9270492 0.744243
9275382 0.752316
9280271 0.74429
9285161 0.752363
9290050 0.744338
9294940 0.75241
9299829 0.744385
9304719 0.752457
9309608 0.744432
9314498 0.752504
9319387 0.744479
9324277 0.752551
9329166 0.744526
9334056 0.752598
9338945 0.744573
9343835 0.752644
9348724 0.74462
9353614 0.752691
9358503 0.744667
9363393 0.752737
9368282 0.744714
9373172 0.752784
9378061 0.744761
9382951 0.75283
9387840 0.744808
9392730 0.752877
9397619 0.744854
9402509 0.752923
9407398 0.744901
9412288 0.75297
9417177 0.744948
9422067 0.753016
9426956 0.744994
9431846 0.753062
9436735 0.745041
9441625 0.753108
9446514 0.745087
9451404 0.753154
9456293 0.745134
9461183 0.7532
9466072 0.74518
9470962 0.753246
9475851 0.745226
9480741 0.753292
9485630 0.745272
9490520 0.753338
9495409 0.745319
9500299 0.753384
9505188 0.745365
9510078 0.75343
9514967 0.745411
9519857 0.753475
9524746 0.745457
9529636 0.753521
9534525 0.745503
9539415 0.753567
9544304 0.745549
9549194 0.753612
9554083 0.745594
9558973 0.753658
9563862 0.74564
9568752 0.753703
9573641 0.745686
9578531 0.753749
9583420 0.745732
9588310 0.753794
9593199 0.745777
9598089 0.753839
9602978 0.745823
9607868 0.753884
9612757 0.745868
9617647 0.75393
9622536 0.745914
9627426 0.753975
9632315 0.745959
9637205 0.75402
9642094 0.746005
9646984 0.754065
9651873 0.74605
9656763 0.75411
9661652 0.746095
9666542 0.754155
9671431 0.74614
9676321 0.7542
9681210 0.746186
9686100 0.754244
9690989 0.746231
9695879 0.754289
9700768 0.746276
9705658 0.754334
9710547 0.746321
9715437 0.754379
9720326 0.746366
9725216 0.754423
9730105 0.746411
9734995 0.754468
9739884 0.746455
9744774 0.754512
9749663 0.7465
9754553 0.754557
9759442 0.746545
9764332 0.754601
9769221 0.74659
9774111 0.754646
9779000 0.746634
9783890 0.75469
9788779 0.746679
9793669 0.754734
9798558 0.746724
9803448 0.754779
9808337 0.746768
9813227 0.754823
9818116 0.746812
9823006 0.754867
9827895 0.746857
9832785 0.754911
9837674 0.746901
9842564 0.754955
9847453 0.746946
9852343 0.754999
9857232 0.74699
9862122 0.755043
9867011 0.747034
9871901 0.755087
9876790 0.747078
9881680 0.755131
9886569 0.747122
9891459 0.755174
9896348 0.747166
9901238 0.755218
9906127 0.74721
9911017 0.755262
9915906 0.747254
9920796 0.755305
9925685 0.747298
9930575 0.755349
9935464 0.747342
9940354 0.755392
9945243 0.747386
9950133 0.755436
9955022 0.74743
9959912 0.755479
9964801 0.747473
9969691 0.755523
9974580 0.747517
9979470 0.755566
9984359 0.747561
9989249 0.755609
9994138 0.747604
9999028 0.755653
0 0
0 0
0 0
0 0
0 0
0 0
0 0
0 0
0 0
0 0
0 0
0 0
0 0
0 0
0 0
0 0
0 0
0 0
0 0
0 0
0 0
0 0
0 0
0 0
0 0
0 0
0 0
0 0
0 0
0 0
0 0
0 0
0 0
0 0
0 0
0 0
0 0
0 0
0 0
0 0
0 0
0 0
0 0
0 0
0 0
0 0
0 0
0 0
0 0
0 0
0 0
0 0
0 0
0 0
0 0
0 0
0 0
0 0
0 0
0 0
0 0
0 0
0 0
0 0
0 0
0 0
0 0
0 0
0 0
0 0
0 0
0 0
0 0
0 0
0 0
0 0
0 0
0 0
0 0
0 0
0 0
0 0
0 0
0 0
0 0
0 0
0 0
0 0
0 0
0 0
0 0
0 0
0 0
0 0
0 0
0 0
0 0
0 0
0 0
0 0
0 0
0 0
0 0
0 0
0 0
0 0
0 0
0 0
0 0
0 0
0 0
0 0
0 0
0 0
0 0
0 0
0 0
0 0
0 0
0 0
0 0
0 0
0 0
0 0
0 0
0 0
0 0
0 0
0 0
0 0
0 0
0 0
0 0
0 0
0 0
0 0
0 0
0 0
0 0
0 0
0 0
0 0
0 0
0 0
0 0
0 0
0 0
0 0
0 0
0 0
0 0
0 0
0 0
0 0
0 0
0 0
0 0
0 0
0 0
0 0
0 0
0 0
0 0
0 0
0 0
0 0
0 0
0 0
0 0
0 0
0 0
0 0
0 0
0 0
0 0
0 0
0 0
0 0
0 0
0 0
0 0
0 0
0 0
0 0
0 0
0 0
0 0
0 0
0 0
0 0
0 0
0 0
0 0
0 0
0 0
0 0
0 0
0 0
0 0
0 0
0 0
0 0
0 0
0 0
0 0
0 0
0 0
0 0
0 0
0 0
0 0
0 0
0 0
0 0
0 0
0 0
0 0
0 0
0 0
0 0
0 0
0 0
0 0
0 0
0 0
0 0
0 0
0 0
0 0
0 0
0 0
0 0
0 0
0 0
0 0
0 0
0 0
0 0
0 0
0 0
0 0
0 0
0 0
0 0
0 0
0 0
0 0
0 0
0 0
0 0
0 0
0 0
0 0
0 0
0 0
0 0
0 0
0 0
0 0
0 0
0 0
0 0
0 0
0 0
0 0
0 0
0 0
0 0
0 0
0 0
0 0
0 0
0 0
0 0
0 0
0 0
0 0
0 0
0 0
0 0
0 0
0 0
0 0
0 0
0 0
0 0
0 0
0 0
0 0
0 0
0 0
0 0
0 0
0 0
0 0
0 0
0 0
0 0
0 0
0 0
0 0
0 0
0 0
0 0
0 0
0 0
0 0
0 0
0 0
0 0
0 0
0 0
0 0
0 0
0 0
0 0
0 0
0 0
0 0
0 0
0 0
0 0
0 0
0 0
0 0
0 0
0 0
0 0
0 0
0 0
0 0
0 0
0 0
0 0
0 0
0 0
0 0
0 0
0 0
0 0
0 0
0 0
0 0
0 0
0 0
0 0
0 0
0 0
0 0
0 0
0 0
0 0
0 0
0 0
0 0
0 0
0 0
0 0
0 0
0 0
0 0
0 0
0 0
0 0
0 0
0 0
0 0
0 0
0 0
0 0
0 0
0 0
0 0
0 0
0 0
0 0
0 0
0 0
0 0
0 0
0 0
0 0
0 0
0 0
0 0
0 0
0 0
0 0
0 0
0 0
0 0
0 0
0 0
0 0
0 0
0 0
0 0
0 0
0 0
0 0
0 0
0 0
0 0
0 0
0 0
0 0
0 0
0 0
0 0
0 0
0 0
0 0
0 0
0 0
0 0
0 0
0 0
0 0
0 0
0 0
0 0
0 0
0 0
0 0
0 0
0 0
0 0
0 0
0 0
0 0
0 0
0 0
0 0
0 0
0 0
0 0
0 0
0 0
0 0
0 0
0 0
0 0
0 0
0 0
0 0
0 0
0 0
0 0
0 0
0 0
0 0
0 0
0 0
0 0
0 0
0 0
0 0
0 0
0 0
0 0
0 0
0 0
0 0
0 0
0 0
0 0
0 0
0 0
0 0
0 0
0 0
0 0
0 0
0 0
0 0
0 0
0 0
0 0
0 0
0 0
0 0
0 0
0 0
0 0
0 0
0 0
0 0
0 0
0 0
0 0
0 0
0 0
0 0
0 0
0 0
0 0
0 0
0 0
0 0
0 0
0 0
0 0
0 0
0 0
0 0
0 0
0 0
0 0
0 0
0 0
0 0
0 0
0 0
0 0
0 0
0 0
0 0
0 0
0 0
0 0
0 0
0 0
0 0
0 0
0 0
0 0
0 0
0 0
0 0
0 0
0 0
0 0
0 0
0 0
0 0
0 0
0 0
0 0
0 0
0 0
0 0
0 0
0 0
0 0
0 0
0 0
0 0
0 0
0 0
0 0
0 0
0 0
0 0
0 0
0 0
0 0
0 0
0 0
0 0
0 0
0 0
0 0
0 0
0 0
0 0
0 0
0 0
0 0
0 0
0 0
0 0
0 0
0 0
0 0
0 0
0 0
0 0
0 0
0 0
0 0
0 0
0 0
0 0
0 0
0 0
0 0
0 0
0 0
0 0
0 0
0 0
0 0
0 0
0 0
0 0
0 0
0 0
0 0
0 0
0 0
0 0
0 0
0 0
0 0
0 0
0 0
0 0
0 0
0 0
0 0
0 0
0 0
0 0
0 0
0 0
0 0
0 0
0 0
0 0
0 0
0 0
0 0
0 0
0 0
0 0
0 0
0 0
0 0
0 0
0 0
0 0
0 0
0 0
0 0
0 0
0 0
0 0
0 0
0 0
0 0
0 0
0 0
0 0
0 0
0 0
0 0
0 0
0 0
0 0
0 0
0 0
0 0
0 0
0 0
0 0
0 0
0 0
0 0
0 0
0 0
0 0
0 0
0 0
0 0
0 0
0 0
0 0
0 0
0 0
0 0
0 0
0 0
0 0
0 0
0 0
0 0
0 0
0 0
0 0
0 0
0 0
0 0
0 0
0 0
0 0
0 0
0 0
0 0
0 0
0 0
0 0
0 0
0 0
0 0
0 0
0 0
0 0
0 0
0 0
0 0
0 0
0 0
0 0
0 0
0 0
0 0
0 0
0 0
0 0
0 0
0 0
0 0
0 0
0 0
0 0
0 0
0 0
0 0
0 0
0 0
0 0
0 0
0 0
0 0
0 0
0 0
0 0
0 0
0 0
0 0
0 0
0 0
0 0
0 0
0 0
0 0
0 0
0 0
0 0
0 0
0 0
0 0
0 0
0 0
0 0
0 0
0 0
0 0
0 0
0 0
0 0
0 0
0 0
0 0
0 0
0 0
0 0
0 0
0 0
0 0
0 0
0 0
0 0
0 0
0 0
0 0
0 0
0 0
0 0
0 0
0 0
0 0
0 0
0 0
0 0
0 0
0 0
0 0
0 0
0 0
0 0
0 0
0 0
0 0
0 0
0 0
0 0
0 0
0 0
0 0
0 0
0 0
0 0
0 0
0 0
0 0
0 0
0 0
0 0
0 0
0 0
0 0
0 0
0 0
0 0
0 0
0 0
0 0
0 0
0 0
0 0
0 0
0 0
0 0
0 0
0 0
0 0
0 0
0 0
0 0
0 0
0 0
0 0
0 0
0 0
0 0
0 0
0 0
0 0
0 0
0 0
0 0
0 0
0 0
0 0
0 0
0 0
0 0
0 0
0 0
0 0
0 0
0 0
0 0
0 0
0 0
0 0
0 0
0 0
0 0
0 0
0 0
0 0
0 0
0 0
0 0
0 0
0 0
0 0
0 0
0 0
0 0
0 0
0 0
0 0
0 0
0 0
0 0
0 0
0 0
0 0
0 0
0 0
0 0
0 0
0 0
0 0
0 0
0 0
0 0
0 0
0 0
0 0
0 0
0 0
0 0
0 0
0 0
0 0
0 0
0 0
0 0
0 0
0 0
0 0
0 0
0 0
0 0
0 0
0 0
0 0
0 0
0 0
0 0
0 0
0 0
0 0
0 0
0 0
0 0
0 0
0 0
0 0
0 0
0 0
0 0
0 0
0 0
0 0
0 0
0 0
0 0
0 0
0 0
0 0
0 0
0 0
0 0
0 0
0 0
0 0
0 0
0 0
0 0
0 0
0 0
0 0
0 0
0 0
0 0
0 0
0 0
0 0
0 0
0 0
0 0
0 0
0 0
0 0
0 0
0 0
0 0
0 0
0 0
0 0
0 0
0 0
0 0
0 0
0 0
0 0
0 0
0 0
0 0
0 0
0 0
0 0
0 0
0 0
0 0
0 0
0 0
0 0
0 0
0 0
0 0
0 0
0 0
0 0
0 0
0 0
0 0
0 0
0 0
0 0
0 0
0 0
0 0
0 0
0 0
0 0
0 0
0 0
0 0
0 0
0 0
0 0
0 0
0 0
0 0
0 0
0 0
0 0
0 0
0 0
0 0
0 0
0 0
0 0
0 0
0 0
0 0
0 0
0 0
0 0
0 0
0 0
0 0
0 0
0 0
0 0
0 0
0 0
0 0
0 0
0 0
0 0
0 0
0 0
0 0
0 0
0 0
0 0
0 0
0 0
0 0
0 0
0 0
0 0
0 0
0 0
0 0
0 0
0 0
0 0
0 0
0 0
0 0
0 0
0 0
0 0
0 0
0 0
0 0
0 0
0 0
0 0
0 0
0 0
0 0
0 0
0 0
0 0
0 0
0 0
0 0
0 0
0 0
0 0
0 0
0 0
0 0
0 0
0 0
0 0
0 0
0 0
0 0
0 0
0 0
0 0
0 0
0 0
0 0
0 0
0 0
0 0
0 0
0 0
0 0
0 0
0 0
0 0
0 0
0 0
0 0
0 0
0 0
0 0
0 0
0 0
0 0
0 0
0 0
0 0
0 0
0 0
0 0
0 0
0 0
0 0
0 0
0 0
0 0
0 0
0 0
0 0
0 0
0 0
0 0
0 0
0 0
0 0
0 0
0 0
0 0
0 0
0 0
0 0
0 0
0 0
0 0
0 0
0 0
0 0
0 0
0 0
0 0
0 0
0 0
0 0
0 0
0 0
0 0
0 0
0 0
0 0
0 0
0 0
0 0
0 0
0 0
0 0
0 0
0 0
0 0
0 0
0 0
0 0
0 0
0 0
0 0
0 0
0 0
0 0
0 0
0 0
0 0
0 0
0 0
0 0
0 0
0 0
0 0
0 0
0 0
0 0
0 0
0 0
0 0
0 0
0 0
0 0
0 0
0 0
0 0
0 0
0 0
0 0
0 0
0 0
0 0
0 0
0 0
0 0
0 0
0 0
0 0
0 0
0 0
0 0
0 0
0 0
0 0
0 0
0 0
0 0
0 0
0 0
0 0
0 0
0 0
0 0
0 0
0 0
0 0
0 0
0 0
0 0
0 0
0 0
0 0
0 0
0 0
0 0
0 0
0 0
0 0
0 0
0 0
0 0
0 0
0 0
0 0
0 0
0 0
0 0
0 0
0 0
0 0
0 0
0 0
0 0
0 0
0 0
0 0
0 0
0 0
0 0
0 0
0 0
0 0
0 0
0 0
0 0
0 0
0 0
0 0
0 0
0 0
0 0
0 0
0 0
0 0
0 0
0 0
0 0
0 0
0 0
0 0
0 0
0 0
0 0
0 0
0 0
0 0
0 0
0 0
0 0
0 0
0 0
0 0
0 0
0 0
0 0
0 0
0 0
0 0
0 0
0 0
0 0
0 0
0 0
0 0
0 0
0 0
0 0
0 0
0 0
0 0
0 0
0 0
0 0
0 0
0 0
0 0
0 0
0 0
0 0
0 0
0 0
0 0
0 0
0 0
0 0
0 0
0 0
0 0
0 0
0 0
0 0
0 0
0 0
0 0
0 0
0 0
0 0
0 0
0 0
0 0
0 0
0 0
0 0
0 0
0 0
0 0
0 0
0 0
0 0
0 0
0 0
0 0
0 0
0 0
0 0
0 0
0 0
0 0
0 0
0 0
0 0
0 0
0 0
0 0
0 0
0 0
0 0
0 0
0 0
0 0
0 0
0 0
0 0
0 0
0 0
0 0
0 0
0 0
0 0
0 0
0 0
0 0
0 0
0 0
0 0
0 0
0 0
0 0
0 0
0 0
0 0
0 0
0 0
0 0
0 0
0 0
0 0
0 0
0 0
0 0
0 0
0 0
0 0
0 0
0 0
0 0
0 0
0 0
0 0
0 0
0 0
0 0
0 0
0 0
0 0
0 0
0 0
0 0
0 0
0 0
0 0
0 0
0 0
0 0
0 0
0 0
0 0
0 0
0 0
0 0
0 0
0 0
0 0
0 0
0 0
0 0
0 0
0 0
0 0
0 0
0 0
0 0
0 0
0 0
0 0
0 0
0 0
0 0
0 0
0 0
0 0
0 0
0 0
0 0
0 0
0 0
0 0
0 0
0 0
0 0
0 0
0 0
0 0
0 0
0 0
0 0
0 0
0 0
0 0
0 0
0 0
0 0
0 0
0 0
0 0
0 0
0 0
0 0
0 0
0 0
0 0
0 0
0 0
0 0
0 0
0 0
0 0
0 0
0 0
0 0
0 0
0 0
0 0
0 0
0 0
0 0
0 0
0 0
0 0
0 0
0 0
0 0
0 0
0 0
0 0
0 0
0 0
0 0
0 0
0 0
0 0
0 0
0 0
0 0
0 0
0 0
0 0
0 0
0 0
0 0
0 0
0 0
0 0
0 0
0 0
0 0
0 0
0 0
0 0
0 0
0 0
0 0
0 0
0 0
0 0
0 0
0 0
0 0
0 0
0 0
0 0
0 0
0 0
0 0
0 0
0 0
0 0
0 0
0 0
0 0
0 0
0 0
0 0
0 0
0 0
0 0
0 0
0 0
0 0
0 0
0 0
0 0
0 0
0 0
0 0
0 0
0 0
0 0
0 0
0 0
0 0
0 0
0 0
0 0
0 0
0 0
0 0
0 0
0 0
0 0
0 0
0 0
0 0
0 0
0 0
0 0
0 0
0 0
0 0
0 0
0 0
0 0
0 0
0 0
0 0
0 0
0 0
0 0
0 0
0 0
0 0
0 0
0 0
0 0
0 0
0 0
0 0
0 0
0 0
0 0
0 0
0 0
0 0
0 0
0 0
0 0
0 0
0 0
0 0
0 0
0 0
0 0
0 0
0 0
0 0
0 0
0 0
0 0
0 0
0 0
0 0
0 0
0 0
0 0
0 0
0 0
0 0
0 0
0 0
0 0
0 0
0 0
0 0
0 0
0 0
0 0
0 0
0 0
0 0
0 0
0 0
0 0
0 0
0 0
0 0
0 0
0 0
0 0
0 0
0 0
0 0
0 0
0 0
0 0
0 0
0 0
0 0
0 0
0 0
0 0
0 0
0 0
0 0
0 0
0 0
0 0
0 0
0 0
0 0
0 0
0 0
0 0
0 0
0 0
0 0
0 0
0 0
0 0
0 0
0 0
0 0
0 0
0 0
0 0
0 0
0 0
0 0
0 0
0 0
0 0
0 0
0 0
0 0
0 0
0 0
0 0
0 0
0 0
0 0
0 0
0 0
0 0
0 0
0 0
0 0
0 0
0 0
0 0
0 0
0 0
0 0
0 0
0 0
0 0
0 0
0 0
0 0
0 0
0 0
0 0
0 0
0 0
0 0
0 0
0 0
0 0
0 0
0 0
0 0
0 0
0 0
0 0
0 0
0 0
0 0
0 0
0 0
0 0
0 0
0 0
0 0
0 0
0 0
0 0
0 0
0 0
0 0
0 0
0 0
0 0
0 0
0 0
0 0
0 0
0 0
0 0
0 0
0 0
0 0
0 0
0 0
0 0
0 0
0 0
0 0
0 0
0 0
0 0
0 0
0 0
0 0
0 0
0 0
0 0
0 0
0 0
0 0
0 0
0 0
0 0
0 0
0 0
0 0
0 0
0 0
0 0
0 0
0 0
0 0
0 0
0 0
0 0
0 0
0 0
0 0
0 0
0 0
0 0
0 0
0 0
0 0
0 0
0 0
0 0
0 0
0 0
0 0
0 0
0 0
0 0
0 0
0 0
0 0
0 0
0 0
0 0
0 0
0 0
0 0
0 0
0 0
0 0
0 0
0 0
0 0
0 0
0 0
0 0
0 0
0 0
0 0
0 0
0 0
0 0
0 0
0 0
0 0
0 0
0 0
0 0
0 0
0 0
0 0
0 0
0 0
0 0
0 0
0 0
0 0
0 0
0 0
0 0
0 0
0 0
0 0
0 0
0 0
0 0
0 0
0 0
0 0
0 0
0 0
0 0
0 0
0 0
0 0
0 0
0 0
0 0
0 0
0 0
0 0
0 0
0 0
0 0
0 0
0 0
0 0
0 0
0 0
0 0
0 0
0 0
0 0
0 0
0 0
0 0
0 0
0 0
0 0
0 0
0 0
0 0
0 0
0 0
0 0
0 0
0 0
0 0
0 0
0 0
0 0
0 0
0 0
0 0
0 0
0 0
0 0
0 0
0 0
0 0
0 0
0 0
0 0
0 0
0 0
0 0
0 0
0 0
0 0
0 0
0 0
0 0
0 0
0 0
0 0
0 0
0 0
0 0
0 0
0 0
0 0
0 0
0 0
0 0
0 0
0 0
0 0
0 0
0 0
0 0
0 0
0 0
0 0
0 0
0 0
0 0
0 0
0 0
0 0
0 0
0 0
0 0
0 0
0 0
0 0
0 0
0 0
0 0
0 0
0 0
0 0
0 0
0 0
0 0
0 0
0 0
0 0
0 0
0 0
0 0
0 0
0 0
0 0
0 0
0 0
0 0
0 0
0 0
0 0
0 0
0 0
0 0
0 0
0 0
0 0
0 0
0 0
0 0
0 0
0 0
0 0
0 0
0 0
0 0
0 0
0 0
0 0
0 0
0 0
0 0
0 0
0 0
0 0
0 0
0 0
0 0
0 0
0 0
0 0
0 0
0 0
0 0
0 0
0 0
0 0
0 0
0 0
0 0
0 0
0 0
0 0
0 0
0 0
0 0
0 0
0 0
0 0
0 0
0 0
0 0
0 0
0 0
0 0
0 0
0 0
0 0
0 0
0 0
0 0
0 0
0 0
