9779 12.3597
19558 8.35636
29337 6.31199
39116 5.11359
48895 4.34263
58674 3.8151
68453 3.43789
78232 3.15877
88011 2.94623
97790 2.7803
107569 2.64781
117348 2.53984
127127 2.45023
136906 2.37463
146685 2.3099
156464 2.25377
166243 2.20454
176022 2.16093
185801 2.12197
195580 2.08692
205359 2.05516
215138 2.02625
224917 1.99979
234696 1.97548
244475 1.95307
254254 1.93234
264033 1.91311
273812 1.89525
283591 1.8786
293370 1.86308
303149 1.84858
312928 1.83501
322707 1.8223
332486 1.81039
342265 1.79921
352044 1.78872
361823 1.77887
371602 1.76961
381381 1.76092
391160 1.75274
400939 1.74505
410718 1.73783
420497 1.73104
430276 1.72466
440055 1.71866
449834 1.71303
459613 1.70775
469392 1.7028
479171 1.69816
488950 1.69381
498729 1.68975
508508 1.68595
518287 1.68241
528066 1.67911
537845 1.67604
547624 1.67319
557403 1.67055
567182 1.66812
576961 1.66587
586740 1.66381
596519 1.66193
606298 1.66021
616077 1.65866
625856 1.65726
635635 1.656
645414 1.65489
655193 1.65392
664972 1.65307
674751 1.65235
684530 1.65175
694309 1.65127
704088 1.6509
713867 1.65063
723646 1.65047
733425 1.65041
743204 1.65044
752983 1.65056
762762 1.65077
772541 1.65106
782320 1.65144
792099 1.65189
801878 1.65242
811657 1.65303
821436 1.6537
831215 1.65444
840994 1.65525
850773 1.65612
860552 1.65705
870331 1.65804
880110 1.65908
889889 1.66018
899668 1.66133
909447 1.66253
919226 1.66378
929005 1.66508
938784 1.66643
948563 1.66781
958342 1.66925
968121 1.67072
977900 1.67223
987679 1.67378
997458 1.67536
1007237 1.67699
1017016 1.67864
1026795 1.68033
1036574 1.68205
1046353 1.68381
1056132 1.68559
1065911 1.6874
1075690 1.68924
1085469 1.69111
1095248 1.693
1105027 1.69492
1114806 1.69687
1124585 1.69883
1134364 1.70082
1144143 1.70283
1153922 1.70487
1163701 1.70692
1173480 1.709
1183259 1.71109
1193038 1.7132
1202817 1.71533
1212596 1.71748
1222375 1.71964
1232154 1.72182
1241933 1.72401
1251712 1.72622
1261491 1.72845
1271270 1.73069
1281049 1.73294
1290828 1.73521
1300607 1.73748
1310386 1.73977
1320165 1.74208
1329944 1.74439
1339723 1.74671
1349502 1.74905
1359281 1.7514
1369060 1.75375
1378839 1.75611
1388618 1.75849
1398397 1.76087
1408176 1.76326
1417955 1.76566
1427734 1.76807
1437513 1.77048
1447292 1.7729
1457071 1.77533
1466850 1.77776
1476629 1.78021
1486408 1.78265
1496187 1.78511
1505966 1.78757
1515745 1.79003
1525524 1.7925
1535303 1.79497
1545082 1.79745
1554861 1.79994
1564640 1.80243
1574419 1.80492
1584198 1.80741
1593977 1.80991
1603756 1.81242
1613535 1.81492
1623314 1.81743
1633093 1.81995
1642872 1.82246
1652651 1.82498
1662430 1.8275
1672209 1.83003
1681988 1.83255
1691767 1.83508
1701546 1.83761
1711325 1.84014
1721104 1.84268
1730883 1.84521
1740662 1.84775
1750441 1.85029
1760220 1.85283
1769999 1.85537
1779778 1.85791
1789557 1.86045
1799336 1.863
1809115 1.86554
1818894 1.86809
1828673 1.87063
1838452 1.87318
1848231 1.87572
1858010 1.87827
1867789 1.88082
1877568 1.88336
1887347 1.88591
1897126 1.88846
1906905 1.891
1916684 1.89355
1926463 1.8961
1936242 1.89864
1946021 1.90119
1955800 1.90373
1965579 1.90628
1975358 1.90882
1985137 1.91136
1994916 1.9139
2004695 1.91644
2014474 1.91898
2024253 1.92152
2034032 1.92406
2043811 1.9266
2053590 1.92914
2063369 1.93167
2073148 1.93421
2082927 1.93674
2092706 1.93927
2102485 1.9418
2112264 1.94433
2122043 1.94686
2131822 1.94938
2141601 1.95191
2151380 1.95443
2161159 1.95695
2170938 1.95947
2180717 1.96199
2190496 1.96451
2200275 1.96702
2210054 1.96953
2219833 1.97205
2229612 1.97455
2239391 1.97706
2249170 1.97957
2258949 1.98207
2268728 1.98457
2278507 1.98707
2288286 1.98957
2298065 1.99207
2307844 1.99456
2317623 1.99706
2327402 1.99955
2337181 2.00203
2346960 2.00452
2356739 2.007
2366518 2.00949
2376297 2.01197
2386076 2.01444
2395855 2.01692
2405634 2.01939
2415413 2.02186
2425192 2.02433
2434971 2.0268
2444750 2.02926
2454529 2.03172
2464308 2.03418
2474087 2.03664
2483866 2.03909
2493645 2.04155
2503424 2.044
2513203 2.04644
2522982 2.04889
2532761 2.05133
2542540 2.05377
2552319 2.05621
2562098 2.05865
2571877 2.06108
2581656 2.06351
2591435 2.06594
2601214 2.06837
2610993 2.07079
2620772 2.07321
2630551 2.07563
2640330 2.07805
2650109 2.08046
2659888 2.08287
2669667 2.08528
2679446 2.08768
2689225 2.09009
2699004 2.09249
2708783 2.09489
2718562 2.09728
2728341 2.09968
2738120 2.10207
2747899 2.10446
2757678 2.10684
2767457 2.10922
2777236 2.1116
2787015 2.11398
2796794 2.11636
2806573 2.11873
2816352 2.1211
2826131 2.12347
2835910 2.12583
2845689 2.1282
2855468 2.13056
2865247 2.13291
2875026 2.13527
2884805 2.13762
2894584 2.13997
2904363 2.14232
2914142 2.14466
2923921 2.147
2933700 2.14934
2943479 2.15168
2953258 2.15401
2963037 2.15634
2972816 2.15867
2982595 2.161
2992374 2.16332
3002153 2.16564
3011932 2.16796
3021711 2.17028
3031490 2.17259
3041269 2.1749
3051048 2.17721
3060827 2.17951
3070606 2.18181
3080385 2.18411
3090164 2.18641
3099943 2.18871
3109722 2.191
3119501 2.19329
3129280 2.19558
3139059 2.19786
3148838 2.20014
3158617 2.20242
3168396 2.2047
3178175 2.20697
3187954 2.20924
3197733 2.21151
3207512 2.21378
3217291 2.21604
3227070 2.21831
3236849 2.22056
3246628 2.22282
3256407 2.22507
3266186 2.22732
3275965 2.22957
3285744 2.23182
3295523 2.23406
3305302 2.2363
3315081 2.23854
3324860 2.24078
3334639 2.24301
3344418 2.24524
3354197 2.24747
3363976 2.2497
3373755 2.25192
3383534 2.25414
3393313 2.25636
3403092 2.25857
3412871 2.26079
3422650 2.263
3432429 2.26521
3442208 2.26741
3451987 2.26961
3461766 2.27182
3471545 2.27401
3481324 2.27621
3491103 2.2784
3500882 2.28059
3510661 2.28278
3520440 2.28497
3530219 2.28715
3539998 2.28933
3549777 2.29151
3559556 2.29369
3569335 2.29586
3579114 2.29803
3588893 2.3002
3598672 2.30237
3608451 2.30453
3618230 2.30669
3628009 2.30885
3637788 2.31101
3647567 2.31316
3657346 2.31531
3667125 2.31746
3676904 2.31961
3686683 2.32175
3696462 2.3239
3706241 2.32604
3716020 2.32817
3725799 2.33031
3735578 2.33244
3745357 2.33457
3755136 2.3367
3764915 2.33882
3774694 2.34095
3784473 2.34307
3794252 2.34519
3804031 2.3473
3813810 2.34942
3823589 2.35153
3833368 2.35364
3843147 2.35574
3852926 2.35785
3862705 2.35995
3872484 2.36205
3882263 2.36415
3892042 2.36624
3901821 2.36834
3911600 2.37043
3921379 2.37252
3931158 2.3746
3940937 2.37669
3950716 2.37877
3960495 2.38085
3970274 2.38293
3980053 2.385
3989832 2.38707
3999611 2.38914
4009390 2.39121
4019169 2.39328
4028948 2.39534
4038727 2.3974
4048506 2.39946
4058285 2.40152
4068064 2.40357
4077843 2.40563
4087622 2.40768
4097401 2.40973
4107180 2.41177
4116959 2.41382
4126738 2.41586
4136517 2.4179
4146296 2.41993
4156075 2.42197
4165854 2.424
4175633 2.42603
4185412 2.42806
4195191 2.43009
4204970 2.43211
4214749 2.43413
4224528 2.43615
4234307 2.43817
4244086 2.44019
4253865 2.4422
4263644 2.44421
4273423 2.44622
4283202 2.44823
4292981 2.45024
4302760 2.45224
4312539 2.45424
4322318 2.45624
4332097 2.45824
4341876 2.46023
4351655 2.46222
4361434 2.46421
4371213 2.4662
4380992 2.46819
4390771 2.47017
4400550 2.47216
4410329 2.47414
4420108 2.47611
4429887 2.47809
4439666 2.48006
4449445 2.48204
4459224 2.48401
4469003 2.48598
4478782 2.48794
4488561 2.48991
4498340 2.49187
4508119 2.49383
4517898 2.49579
4527677 2.49774
4537456 2.4997
4547235 2.50165
4557014 2.5036
4566793 2.50555
4576572 2.50749
4586351 2.50944
4596130 2.51138
4605909 2.51332
4615688 2.51526
4625467 2.51719
4635246 2.51913
4645025 2.52106
4654804 2.52299
4664583 2.52492
4674362 2.52685
4684141 2.52877
4693920 2.53069
4703699 2.53262
4713478 2.53453
4723257 2.53645
4733036 2.53837
4742815 2.54028
4752594 2.54219
4762373 2.5441
4772152 2.54601
4781931 2.54791
4791710 2.54982
4801489 2.55172
4811268 2.55362
4821047 2.55552
4830826 2.55741
4840605 2.55931
4850384 2.5612
4860163 2.56309
4869942 2.56498
4879721 2.56687
4889500 2.56875
4899279 2.57064
4909058 2.57252
4918837 2.5744
4928616 2.57628
4938395 2.57815
4948174 2.58003
4957953 2.5819
4967732 2.58377
4977511 2.58564
4987290 2.58751
4997069 2.58937
5006848 2.59124
5016627 2.5931
5026406 2.59496
5036185 2.59682
5045964 2.59867
5055743 2.60053
5065522 2.60238
5075301 2.60423
5085080 2.60608
5094859 2.60793
5104638 2.60977
5114417 2.61162
5124196 2.61346
5133975 2.6153
5143754 2.61714
5153533 2.61898
5163312 2.62081
5173091 2.62265
5182870 2.62448
5192649 2.62631
5202428 2.62814
5212207 2.62996
5221986 2.63179
5231765 2.63361
5241544 2.63543
5251323 2.63725
5261102 2.63907
5270881 2.64089
5280660 2.6427
5290439 2.64452
5300218 2.64633
5309997 2.64814
5319776 2.64995
5329555 2.65175
5339334 2.65356
5349113 2.65536
5358892 2.65716
5368671 2.65896
5378450 2.66076
5388229 2.66256
5398008 2.66435
5407787 2.66615
5417566 2.66794
5427345 2.66973
5437124 2.67152
5446903 2.67331
5456682 2.67509
5466461 2.67687
5476240 2.67866
5486019 2.68044
5495798 2.68222
5505577 2.68399
5515356 2.68577
5525135 2.68754
5534914 2.68932
5544693 2.69109
5554472 2.69286
5564251 2.69462
5574030 2.69639
5583809 2.69816
5593588 2.69992
5603367 2.70168
5613146 2.70344
5622925 2.7052
5632704 2.70695
5642483 2.70871
5652262 2.71046
5662041 2.71222
5671820 2.71397
5681599 2.71572
5691378 2.71746
5701157 2.71921
5710936 2.72095
5720715 2.7227
5730494 2.72444
5740273 2.72618
5750052 2.72792
5759831 2.72965
5769610 2.73139
5779389 2.73312
5789168 2.73486
5798947 2.73659
5808726 2.73832
5818505 2.74004
5828284 2.74177
5838063 2.7435
5847842 2.74522
5857621 2.74694
5867400 2.74866
5877179 2.75038
5886958 2.7521
5896737 2.75381
5906516 2.75553
5916295 2.75724
5926074 2.75895
5935853 2.76066
5945632 2.76237
5955411 2.76408
5965190 2.76579
5974969 2.76749
5984748 2.76919
5994527 2.77089
6004306 2.77259
6014085 2.77429
6023864 2.77599
6033643 2.77769
6043422 2.77938
6053201 2.78107
6062980 2.78276
6072759 2.78445
6082538 2.78614
6092317 2.78783
6102096 2.78952
6111875 2.7912
6121654 2.79288
6131433 2.79457
6141212 2.79625
6150991 2.79793
6160770 2.7996
6170549 2.80128
6180328 2.80295
6190107 2.80463
6199886 2.8063
6209665 2.80797
6219444 2.80964
6229223 2.81131
6239002 2.81297
6248781 2.81464
6258560 2.8163
6268339 2.81796
6278118 2.81963
6287897 2.82129
6297676 2.82294
6307455 2.8246
6317234 2.82626
6327013 2.82791
6336792 2.82956
6346571 2.83122
6356350 2.83287
6366129 2.83451
6375908 2.83616
6385687 2.83781
6395466 2.83945
6405245 2.8411
6415024 2.84274
6424803 2.84438
6434582 2.84602
6444361 2.84766
6454140 2.8493
6463919 2.85093
6473698 2.85257
6483477 2.8542
6493256 2.85583
6503035 2.85746
6512814 2.85909
6522593 2.86072
6532372 2.86235
6542151 2.86397
6551930 2.8656
6561709 2.86722
6571488 2.86884
6581267 2.87046
6591046 2.87208
6600825 2.8737
6610604 2.87531
6620383 2.87693
6630162 2.87854
6639941 2.88016
6649720 2.88177
6659499 2.88338
6669278 2.88499
6679057 2.88659
6688836 2.8882
6698615 2.88981
6708394 2.89141
6718173 2.89301
6727952 2.89461
6737731 2.89621
6747510 2.89781
6757289 2.89941
6767068 2.90101
6776847 2.9026
6786626 2.9042
6796405 2.90579
6806184 2.90738
6815963 2.90897
6825742 2.91056
6835521 2.91215
6845300 2.91374
6855079 2.91532
6864858 2.91691
6874637 2.91849
6884416 2.92007
6894195 2.92165
6903974 2.92323
6913753 2.92481
6923532 2.92639
6933311 2.92796
6943090 2.92954
6952869 2.93111
6962648 2.93268
6972427 2.93425
6982206 2.93582
6991985 2.93739
7001764 2.93896
7011543 2.94053
7021322 2.94209
7031101 2.94366
7040880 2.94522
7050659 2.94678
7060438 2.94834
7070217 2.9499
7079996 2.95146
7089775 2.95302
7099554 2.95457
7109333 2.95613
7119112 2.95768
7128891 2.95924
7138670 2.96079
7148449 2.96234
7158228 2.96389
7168007 2.96543
7177786 2.96698
7187565 2.96853
7197344 2.97007
7207123 2.97162
7216902 2.97316
7226681 2.9747
7236460 2.97624
7246239 2.97778
7256018 2.97932
7265797 2.98085
7275576 2.98239
7285355 2.98392
7295134 2.98546
7304913 2.98699
7314692 2.98852
7324471 2.99005
7334250 2.99158
7344029 2.99311
7353808 2.99463
7363587 2.99616
7373366 2.99769
7383145 2.99921
7392924 3.00073
7402703 3.00225
7412482 3.00377
7422261 3.00529
7432040 3.00681
7441819 3.00833
7451598 3.00984
7461377 3.01136
7471156 3.01287
7480935 3.01438
7490714 3.0159
7500493 3.01741
7510272 3.01892
7520051 3.02043
7529830 3.02193
7539609 3.02344
7549388 3.02494
7559167 3.02645
7568946 3.02795
7578725 3.02945
7588504 3.03095
7598283 3.03245
7608062 3.03395
7617841 3.03545
7627620 3.03695
7637399 3.03844
7647178 3.03994
7656957 3.04143
7666736 3.04293
7676515 3.04442
7686294 3.04591
7696073 3.0474
7705852 3.04889
7715631 3.05037
7725410 3.05186
7735189 3.05335
7744968 3.05483
7754747 3.05631
7764526 3.0578
7774305 3.05928
7784084 3.06076
7793863 3.06224
7803642 3.06371
7813421 3.06519
7823200 3.06667
7832979 3.06814
7842758 3.06962
7852537 3.07109
7862316 3.07256
7872095 3.07403
7881874 3.0755
7891653 3.07697
7901432 3.07844
7911211 3.07991
7920990 3.08138
7930769 3.08284
7940548 3.08431
7950327 3.08577
7960106 3.08723
7969885 3.08869
7979664 3.09015
7989443 3.09161
7999222 3.09307
8009001 3.09453
8018780 3.09598
8028559 3.09744
8038338 3.09889
8048117 3.10035
8057896 3.1018
8067675 3.10325
8077454 3.1047
8087233 3.10615
8097012 3.1076
8106791 3.10905
8116570 3.1105
8126349 3.11194
8136128 3.11339
8145907 3.11483
8155686 3.11627
8165465 3.11772
8175244 3.11916
8185023 3.1206
8194802 3.12204
8204581 3.12347
8214360 3.12491
8224139 3.12635
8233918 3.12778
8243697 3.12922
8253476 3.13065
8263255 3.13208
8273034 3.13351
8282813 3.13495
8292592 3.13638
8302371 3.1378
8312150 3.13923
8321929 3.14066
8331708 3.14208
8341487 3.14351
8351266 3.14493
8361045 3.14636
8370824 3.14778
8380603 3.1492
8390382 3.15062
8400161 3.15204
8409940 3.15346
8419719 3.15488
8429498 3.15629
8439277 3.15771
8449056 3.15913
8458835 3.16054
8468614 3.16195
8478393 3.16337
8488172 3.16478
8497951 3.16619
8507730 3.1676
8517509 3.16901
8527288 3.17041
8537067 3.17182
8546846 3.17323
8556625 3.17463
8566404 3.17604
8576183 3.17744
8585962 3.17884
8595741 3.18024
8605520 3.18164
8615299 3.18304
8625078 3.18444
8634857 3.18584
8644636 3.18724
8654415 3.18863
8664194 3.19003
8673973 3.19142
8683752 3.19282
8693531 3.19421
8703310 3.1956
8713089 3.19699
8722868 3.19838
8732647 3.19977
8742426 3.20116
8752205 3.20255
8761984 3.20394
8771763 3.20532
8781542 3.20671
8791321 3.20809
8801100 3.20947
8810879 3.21086
8820658 3.21224
8830437 3.21362
8840216 3.215
8849995 3.21638
8859774 3.21776
8869553 3.21913
8879332 3.22051
8889111 3.22188
8898890 3.22326
8908669 3.22463
8918448 3.22601
8928227 3.22738
8938006 3.22875
8947785 3.23012
8957564 3.23149
8967343 3.23286
8977122 3.23423
8986901 3.23559
8996680 3.23696
9006459 3.23833
9016238 3.23969
9026017 3.24105
9035796 3.24242
9045575 3.24378
9055354 3.24514
9065133 3.2465
9074912 3.24786
9084691 3.24922
9094470 3.25058
9104249 3.25194
9114028 3.25329
9123807 3.25465
9133586 3.256
9143365 3.25736
9153144 3.25871
9162923 3.26006
9172702 3.26141
9182481 3.26276
9192260 3.26411
9202039 3.26546
9211818 3.26681
9221597 3.26816
9231376 3.26951
9241155 3.27085
9250934 3.2722
9260713 3.27354
9270492 3.27489
9280271 3.27623
9290050 3.27757
9299829 3.27891
9309608 3.28025
9319387 3.28159
9329166 3.28293
9338945 3.28427
9348724 3.28561
9358503 3.28694
9368282 3.28828
9378061 3.28961
9387840 3.29095
9397619 3.29228
9407398 3.29361
9417177 3.29494
9426956 3.29628
9436735 3.29761
9446514 3.29893
9456293 3.30026
9466072 3.30159
9475851 3.30292
9485630 3.30424
9495409 3.30557
9505188 3.30689
9514967 3.30822
9524746 3.30954
9534525 3.31086
9544304 3.31219
9554083 3.31351
9563862 3.31483
9573641 3.31615
9583420 3.31747
9593199 3.31878
9602978 3.3201
9612757 3.32142
9622536 3.32273
9632315 3.32405
9642094 3.32536
9651873 3.32667
9661652 3.32799
9671431 3.3293
9681210 3.33061
9690989 3.33192
9700768 3.33323
9710547 3.33454
9720326 3.33585
9730105 3.33715
9739884 3.33846
9749663 3.33977
9759442 3.34107
9769221 3.34238
9779000 3.34368
9788779 3.34498
9798558 3.34628
9808337 3.34759
9818116 3.34889
9827895 3.35019
9837674 3.35149
9847453 3.35278
9857232 3.35408
9867011 3.35538
9876790 3.35668
9886569 3.35797
9896348 3.35927
9906127 3.36056
9915906 3.36185
9925685 3.36315
9935464 3.36444
9945243 3.36573
9955022 3.36702
9964801 3.36831
9974580 3.3696
9984359 3.37089
9994138 3.37217
10003917 3.37346
10013696 3.37475
10023475 3.37603
10033254 3.37732
10043033 3.3786
10052812 3.37988
10062591 3.38117
10072370 3.38245
10082149 3.38373
10091928 3.38501
10101707 3.38629
10111486 3.38757
10121265 3.38885
10131044 3.39013
10140823 3.3914
10150602 3.39268
10160381 3.39395
10170160 3.39523
10179939 3.3965
10189718 3.39778
10199497 3.39905
10209276 3.40032
10219055 3.40159
10228834 3.40286
10238613 3.40413
10248392 3.4054
10258171 3.40667
10267950 3.40794
10277729 3.40921
10287508 3.41047
10297287 3.41174
10307066 3.413
10316845 3.41427
10326624 3.41553
10336403 3.41679
10346182 3.41806
10355961 3.41932
10365740 3.42058
10375519 3.42184
10385298 3.4231
10395077 3.42436
10404856 3.42562
10414635 3.42687
10424414 3.42813
10434193 3.42939
10443972 3.43064
10453751 3.4319
10463530 3.43315
10473309 3.43441
10483088 3.43566
10492867 3.43691
10502646 3.43816
10512425 3.43941
10522204 3.44066
10531983 3.44191
10541762 3.44316
10551541 3.44441
10561320 3.44566
10571099 3.44691
10580878 3.44815
10590657 3.4494
10600436 3.45064
10610215 3.45189
10619994 3.45313
10629773 3.45437
10639552 3.45561
10649331 3.45686
10659110 3.4581
10668889 3.45934
10678668 3.46058
10688447 3.46182
10698226 3.46305
10708005 3.46429
10717784 3.46553
10727563 3.46677
10737342 3.468
10747121 3.46924
10756900 3.47047
10766679 3.47171
10776458 3.47294
10786237 3.47417
10796016 3.4754
10805795 3.47663
10815574 3.47786
10825353 3.47909
10835132 3.48032
10844911 3.48155
10854690 3.48278
10864469 3.48401
10874248 3.48523
10884027 3.48646
10893806 3.48769
10903585 3.48891
10913364 3.49014
10923143 3.49136
10932922 3.49258
10942701 3.4938
10952480 3.49503
10962259 3.49625
10972038 3.49747
10981817 3.49869
10991596 3.49991
11001375 3.50113
11011154 3.50234
11020933 3.50356
11030712 3.50478
11040491 3.50599
11050270 3.50721
11060049 3.50842
11069828 3.50964
11079607 3.51085
11089386 3.51206
11099165 3.51328
11108944 3.51449
11118723 3.5157
11128502 3.51691
11138281 3.51812
11148060 3.51933
11157839 3.52054
11167618 3.52175
11177397 3.52295
11187176 3.52416
11196955 3.52537
11206734 3.52657
11216513 3.52778
11226292 3.52898
11236071 3.53018
11245850 3.53139
11255629 3.53259
11265408 3.53379
11275187 3.53499
11284966 3.53619
11294745 3.53739
11304524 3.53859
11314303 3.53979
11324082 3.54099
11333861 3.54219
11343640 3.54339
11353419 3.54458
11363198 3.54578
11372977 3.54697
11382756 3.54817
11392535 3.54936
11402314 3.55056
11412093 3.55175
11421872 3.55294
11431651 3.55413
11441430 3.55532
11451209 3.55651
11460988 3.5577
11470767 3.55889
11480546 3.56008
11490325 3.56127
11500104 3.56246
11509883 3.56364
11519662 3.56483
11529441 3.56602
11539220 3.5672
11548999 3.56839
11558778 3.56957
11568557 3.57075
11578336 3.57194
11588115 3.57312
11597894 3.5743
11607673 3.57548
11617452 3.57666
11627231 3.57784
11637010 3.57902
11646789 3.5802
11656568 3.58138
11666347 3.58256
11676126 3.58373
11685905 3.58491
11695684 3.58609
11705463 3.58726
11715242 3.58844
11725021 3.58961
11734800 3.59079
11744579 3.59196
11754358 3.59313
11764137 3.5943
11773916 3.59547
11783695 3.59665
11793474 3.59782
11803253 3.59899
11813032 3.60015
11822811 3.60132
11832590 3.60249
11842369 3.60366
11852148 3.60483
11861927 3.60599
11871706 3.60716
11881485 3.60832
11891264 3.60949
11901043 3.61065
11910822 3.61181
11920601 3.61298
11930380 3.61414
11940159 3.6153
11949938 3.61646
11959717 3.61762
11969496 3.61878
11979275 3.61994
11989054 3.6211
11998833 3.62226
12008612 3.62342
12018391 3.62458
12028170 3.62573
12037949 3.62689
12047728 3.62804
12057507 3.6292
12067286 3.63035
12077065 3.63151
12086844 3.63266
12096623 3.63382
12106402 3.63497
12116181 3.63612
12125960 3.63727
12135739 3.63842
12145518 3.63957
12155297 3.64072
12165076 3.64187
12174855 3.64302
12184634 3.64417
12194413 3.64532
12204192 3.64646
12213971 3.64761
12223750 3.64875
12233529 3.6499
12243308 3.65104
12253087 3.65219
12262866 3.65333
12272645 3.65448
12282424 3.65562
12292203 3.65676
12301982 3.6579
12311761 3.65904
12321540 3.66018
12331319 3.66132
12341098 3.66246
12350877 3.6636
12360656 3.66474
12370435 3.66588
12380214 3.66702
12389993 3.66815
12399772 3.66929
12409551 3.67043
12419330 3.67156
12429109 3.6727
12438888 3.67383
12448667 3.67496
12458446 3.6761
12468225 3.67723
12478004 3.67836
12487783 3.67949
12497562 3.68062
12507341 3.68175
12517120 3.68288
12526899 3.68401
12536678 3.68514
12546457 3.68627
12556236 3.6874
12566015 3.68853
12575794 3.68965
12585573 3.69078
12595352 3.69191
12605131 3.69303
12614910 3.69416
12624689 3.69528
12634468 3.6964
12644247 3.69753
12654026 3.69865
12663805 3.69977
12673584 3.70089
12683363 3.70201
12693142 3.70314
12702921 3.70426
12712700 3.70538
12722479 3.70649
12732258 3.70761
12742037 3.70873
12751816 3.70985
12761595 3.71097
12771374 3.71208
12781153 3.7132
12790932 3.71431
12800711 3.71543
12810490 3.71654
12820269 3.71766
12830048 3.71877
12839827 3.71989
12849606 3.721
12859385 3.72211
12869164 3.72322
12878943 3.72433
12888722 3.72544
12898501 3.72655
12908280 3.72766
12918059 3.72877
12927838 3.72988
12937617 3.73099
12947396 3.7321
12957175 3.7332
12966954 3.73431
12976733 3.73542
12986512 3.73652
12996291 3.73763
13006070 3.73873
13015849 3.73984
13025628 3.74094
13035407 3.74204
13045186 3.74315
13054965 3.74425
13064744 3.74535
13074523 3.74645
13084302 3.74755
13094081 3.74865
13103860 3.74975
13113639 3.75085
13123418 3.75195
13133197 3.75305
13142976 3.75414
13152755 3.75524
13162534 3.75634
13172313 3.75744
13182092 3.75853
13191871 3.75963
13201650 3.76072
13211429 3.76182
13221208 3.76291
13230987 3.764
13240766 3.7651
13250545 3.76619
13260324 3.76728
13270103 3.76837
13279882 3.76946
13289661 3.77055
13299440 3.77164
13309219 3.77273
13318998 3.77382
13328777 3.77491
13338556 3.776
13348335 3.77709
13358114 3.77817
13367893 3.77926
13377672 3.78035
13387451 3.78143
13397230 3.78252
13407009 3.7836
13416788 3.78469
13426567 3.78577
13436346 3.78685
13446125 3.78794
13455904 3.78902
13465683 3.7901
13475462 3.79118
13485241 3.79226
13495020 3.79334
13504799 3.79443
13514578 3.7955
13524357 3.79658
13534136 3.79766
13543915 3.79874
13553694 3.79982
13563473 3.8009
13573252 3.80197
13583031 3.80305
13592810 3.80413
13602589 3.8052
13612368 3.80628
13622147 3.80735
13631926 3.80842
13641705 3.8095
13651484 3.81057
13661263 3.81164
13671042 3.81272
13680821 3.81379
13690600 3.81486
13700379 3.81593
13710158 3.817
13719937 3.81807
13729716 3.81914
13739495 3.82021
13749274 3.82128
13759053 3.82235
13768832 3.82341
13778611 3.82448
13788390 3.82555
13798169 3.82661
13807948 3.82768
13817727 3.82874
13827506 3.82981
13837285 3.83087
13847064 3.83194
13856843 3.833
13866622 3.83406
13876401 3.83513
13886180 3.83619
13895959 3.83725
13905738 3.83831
13915517 3.83937
13925296 3.84043
13935075 3.84149
13944854 3.84255
13954633 3.84361
13964412 3.84467
13974191 3.84573
13983970 3.84679
13993749 3.84784
14003528 3.8489
14013307 3.84996
14023086 3.85101
14032865 3.85207
14042644 3.85312
14052423 3.85418
14062202 3.85523
14071981 3.85629
14081760 3.85734
14091539 3.85839
14101318 3.85945
14111097 3.8605
14120876 3.86155
14130655 3.8626
14140434 3.86365
14150213 3.8647
14159992 3.86575
14169771 3.8668
14179550 3.86785
14189329 3.8689
14199108 3.86995
14208887 3.87099
14218666 3.87204
14228445 3.87309
14238224 3.87413
14248003 3.87518
14257782 3.87623
14267561 3.87727
14277340 3.87832
14287119 3.87936
14296898 3.8804
14306677 3.88145
14316456 3.88249
14326235 3.88353
14336014 3.88457
14345793 3.88562
14355572 3.88666
14365351 3.8877
14375130 3.88874
14384909 3.88978
14394688 3.89082
14404467 3.89186
14414246 3.89289
14424025 3.89393
14433804 3.89497
14443583 3.89601
14453362 3.89704
14463141 3.89808
14472920 3.89912
14482699 3.90015
14492478 3.90119
14502257 3.90222
14512036 3.90326
14521815 3.90429
14531594 3.90532
14541373 3.90636
14551152 3.90739
14560931 3.90842
14570710 3.90945
14580489 3.91049
14590268 3.91152
14600047 3.91255
14609826 3.91358
14619605 3.91461
14629384 3.91564
14639163 3.91666
14648942 3.91769
14658721 3.91872
14668500 3.91975
14678279 3.92078
14688058 3.9218
14697837 3.92283
14707616 3.92386
14717395 3.92488
14727174 3.92591
14736953 3.92693
14746732 3.92796
14756511 3.92898
14766290 3.93
14776069 3.93103
14785848 3.93205
14795627 3.93307
14805406 3.93409
14815185 3.93511
14824964 3.93613
14834743 3.93716
14844522 3.93818
14854301 3.9392
14864080 3.94022
14873859 3.94123
14883638 3.94225
14893417 3.94327
14903196 3.94429
14912975 3.94531
14922754 3.94632
14932533 3.94734
14942312 3.94836
14952091 3.94937
14961870 3.95039
14971649 3.9514
14981428 3.95242
14991207 3.95343
15000986 3.95444
15010765 3.95546
15020544 3.95647
15030323 3.95748
15040102 3.95849
15049881 3.95951
15059660 3.96052
15069439 3.96153
15079218 3.96254
15088997 3.96355
15098776 3.96456
15108555 3.96557
15118334 3.96658
15128113 3.96759
15137892 3.96859
15147671 3.9696
15157450 3.97061
15167229 3.97162
15177008 3.97262
15186787 3.97363
15196566 3.97463
15206345 3.97564
15216124 3.97664
15225903 3.97765
15235682 3.97865
15245461 3.97966
15255240 3.98066
15265019 3.98166
15274798 3.98267
15284577 3.98367
15294356 3.98467
15304135 3.98567
15313914 3.98667
15323693 3.98767
15333472 3.98867
15343251 3.98967
15353030 3.99067
15362809 3.99167
15372588 3.99267
15382367 3.99367
15392146 3.99467
15401925 3.99566
15411704 3.99666
15421483 3.99766
15431262 3.99865
15441041 3.99965
15450820 4.00065
15460599 4.00164
15470378 4.00264
15480157 4.00363
15489936 4.00462
15499715 4.00562
15509494 4.00661
15519273 4.0076
15529052 4.0086
15538831 4.00959
15548610 4.01058
15558389 4.01157
15568168 4.01256
15577947 4.01355
15587726 4.01454
15597505 4.01553
15607284 4.01652
15617063 4.01751
15626842 4.0185
15636621 4.01949
15646400 4.02048
15656179 4.02146
15665958 4.02245
15675737 4.02344
15685516 4.02443
15695295 4.02541
15705074 4.0264
15714853 4.02738
15724632 4.02837
15734411 4.02935
15744190 4.03034
15753969 4.03132
15763748 4.0323
15773527 4.03329
15783306 4.03427
15793085 4.03525
15802864 4.03623
15812643 4.03721
15822422 4.0382
15832201 4.03918
15841980 4.04016
15851759 4.04114
15861538 4.04212
15871317 4.0431
15881096 4.04407
15890875 4.04505
15900654 4.04603
15910433 4.04701
15920212 4.04799
15929991 4.04896
15939770 4.04994
15949549 4.05092
15959328 4.05189
15969107 4.05287
15978886 4.05384
15988665 4.05482
15998444 4.05579
16008223 4.05677
16018002 4.05774
16027781 4.05871
16037560 4.05969
16047339 4.06066
16057118 4.06163
16066897 4.0626
16076676 4.06358
16086455 4.06455
16096234 4.06552
16106013 4.06649
16115792 4.06746
16125571 4.06843
16135350 4.0694
16145129 4.07037
16154908 4.07134
16164687 4.0723
16174466 4.07327
16184245 4.07424
16194024 4.07521
16203803 4.07617
16213582 4.07714
16223361 4.07811
16233140 4.07907
16242919 4.08004
16252698 4.081
16262477 4.08197
16272256 4.08293
16282035 4.0839
16291814 4.08486
16301593 4.08582
16311372 4.08679
16321151 4.08775
16330930 4.08871
16340709 4.08967
16350488 4.09063
16360267 4.09159
16370046 4.09256
16379825 4.09352
16389604 4.09448
16399383 4.09544
16409162 4.0964
16418941 4.09735
16428720 4.09831
16438499 4.09927
16448278 4.10023
16458057 4.10119
16467836 4.10214
16477615 4.1031
16487394 4.10406
16497173 4.10501
16506952 4.10597
16516731 4.10692
16526510 4.10788
16536289 4.10883
16546068 4.10979
16555847 4.11074
16565626 4.1117
16575405 4.11265
16585184 4.1136
16594963 4.11456
16604742 4.11551
16614521 4.11646
16624300 4.11741
16634079 4.11836
16643858 4.11931
16653637 4.12026
16663416 4.12122
16673195 4.12216
16682974 4.12311
16692753 4.12406
16702532 4.12501
16712311 4.12596
16722090 4.12691
16731869 4.12786
16741648 4.1288
16751427 4.12975
16761206 4.1307
16770985 4.13165
16780764 4.13259
16790543 4.13354
16800322 4.13448
16810101 4.13543
16819880 4.13637
16829659 4.13732
16839438 4.13826
16849217 4.1392
16858996 4.14015
16868775 4.14109
16878554 4.14203
16888333 4.14298
16898112 4.14392
16907891 4.14486
16917670 4.1458
16927449 4.14674
16937228 4.14768
16947007 4.14862
16956786 4.14956
16966565 4.1505
16976344 4.15144
16986123 4.15238
16995902 4.15332
17005681 4.15426
17015460 4.1552
17025239 4.15613
17035018 4.15707
17044797 4.15801
17054576 4.15894
17064355 4.15988
17074134 4.16082
17083913 4.16175
17093692 4.16269
17103471 4.16362
17113250 4.16456
17123029 4.16549
17132808 4.16643
17142587 4.16736
17152366 4.16829
17162145 4.16923
17171924 4.17016
17181703 4.17109
17191482 4.17202
17201261 4.17295
17211040 4.17389
17220819 4.17482
17230598 4.17575
17240377 4.17668
17250156 4.17761
17259935 4.17854
17269714 4.17947
17279493 4.1804
17289272 4.18132
17299051 4.18225
17308830 4.18318
17318609 4.18411
17328388 4.18504
17338167 4.18596
17347946 4.18689
17357725 4.18782
17367504 4.18874
17377283 4.18967
17387062 4.19059
17396841 4.19152
17406620 4.19244
17416399 4.19337
17426178 4.19429
17435957 4.19521
17445736 4.19614
17455515 4.19706
17465294 4.19798
17475073 4.19891
17484852 4.19983
17494631 4.20075
17504410 4.20167
17514189 4.20259
17523968 4.20351
17533747 4.20443
17543526 4.20535
17553305 4.20627
17563084 4.20719
17572863 4.20811
17582642 4.20903
17592421 4.20995
17602200 4.21087
17611979 4.21179
17621758 4.2127
17631537 4.21362
17641316 4.21454
17651095 4.21546
17660874 4.21637
17670653 4.21729
17680432 4.2182
17690211 4.21912
17699990 4.22003
17709769 4.22095
17719548 4.22186
17729327 4.22278
17739106 4.22369
17748885 4.22461
17758664 4.22552
17768443 4.22643
17778222 4.22734
17788001 4.22826
17797780 4.22917
17807559 4.23008
17817338 4.23099
17827117 4.2319
17836896 4.23281
17846675 4.23372
17856454 4.23463
17866233 4.23554
17876012 4.23645
17885791 4.23736
17895570 4.23827
17905349 4.23918
17915128 4.24009
17924907 4.24099
17934686 4.2419
17944465 4.24281
17954244 4.24372
17964023 4.24462
17973802 4.24553
17983581 4.24644
17993360 4.24734
18003139 4.24825
18012918 4.24915
18022697 4.25006
18032476 4.25096
18042255 4.25187
18052034 4.25277
18061813 4.25367
18071592 4.25458
18081371 4.25548
18091150 4.25638
18100929 4.25728
18110708 4.25819
18120487 4.25909
18130266 4.25999
18140045 4.26089
18149824 4.26179
18159603 4.26269
18169382 4.26359
18179161 4.26449
18188940 4.26539
18198719 4.26629
18208498 4.26719
18218277 4.26809
18228056 4.26899
18237835 4.26988
18247614 4.27078
18257393 4.27168
18267172 4.27258
18276951 4.27347
18286730 4.27437
18296509 4.27527
18306288 4.27616
18316067 4.27706
18325846 4.27795
18335625 4.27885
18345404 4.27974
18355183 4.28064
18364962 4.28153
18374741 4.28242
18384520 4.28332
18394299 4.28421
18404078 4.2851
18413857 4.286
18423636 4.28689
18433415 4.28778
18443194 4.28867
18452973 4.28956
18462752 4.29045
18472531 4.29135
18482310 4.29224
18492089 4.29313
18501868 4.29402
18511647 4.29491
18521426 4.29579
18531205 4.29668
18540984 4.29757
18550763 4.29846
18560542 4.29935
18570321 4.30024
18580100 4.30112
18589879 4.30201
18599658 4.3029
18609437 4.30379
18619216 4.30467
18628995 4.30556
18638774 4.30644
18648553 4.30733
18658332 4.30821
18668111 4.3091
18677890 4.30998
18687669 4.31087
18697448 4.31175
18707227 4.31264
18717006 4.31352
18726785 4.3144
18736564 4.31528
18746343 4.31617
18756122 4.31705
18765901 4.31793
18775680 4.31881
18785459 4.31969
18795238 4.32058
18805017 4.32146
18814796 4.32234
18824575 4.32322
18834354 4.3241
18844133 4.32498
18853912 4.32586
18863691 4.32673
18873470 4.32761
18883249 4.32849
18893028 4.32937
18902807 4.33025
18912586 4.33113
18922365 4.332
18932144 4.33288
18941923 4.33376
18951702 4.33463
18961481 4.33551
18971260 4.33638
18981039 4.33726
18990818 4.33814
19000597 4.33901
19010376 4.33989
19020155 4.34076
19029934 4.34163
19039713 4.34251
19049492 4.34338
19059271 4.34425
19069050 4.34513
19078829 4.346
19088608 4.34687
19098387 4.34774
19108166 4.34862
19117945 4.34949
19127724 4.35036
19137503 4.35123
19147282 4.3521
19157061 4.35297
19166840 4.35384
19176619 4.35471
19186398 4.35558
19196177 4.35645
19205956 4.35732
19215735 4.35819
19225514 4.35906
19235293 4.35992
19245072 4.36079
19254851 4.36166
19264630 4.36253
19274409 4.36339
19284188 4.36426
19293967 4.36513
19303746 4.36599
19313525 4.36686
19323304 4.36773
19333083 4.36859
19342862 4.36946
19352641 4.37032
19362420 4.37119
19372199 4.37205
19381978 4.37291
19391757 4.37378
19401536 4.37464
19411315 4.3755
19421094 4.37637
19430873 4.37723
19440652 4.37809
19450431 4.37895
19460210 4.37982
19469989 4.38068
19479768 4.38154
19489547 4.3824
19499326 4.38326
19509105 4.38412
19518884 4.38498
19528663 4.38584
19538442 4.3867
19548221 4.38756
19558000 4.38842
19567779 4.38928
19577558 4.39013
19587337 4.39099
19597116 4.39185
19606895 4.39271
19616674 4.39357
19626453 4.39442
19636232 4.39528
19646011 4.39614
19655790 4.39699
19665569 4.39785
19675348 4.3987
19685127 4.39956
19694906 4.40041
19704685 4.40127
19714464 4.40212
19724243 4.40298
19734022 4.40383
19743801 4.40469
19753580 4.40554
19763359 4.40639
19773138 4.40725
19782917 4.4081
19792696 4.40895
19802475 4.4098
19812254 4.41066
19822033 4.41151
19831812 4.41236
19841591 4.41321
19851370 4.41406
19861149 4.41491
19870928 4.41576
19880707 4.41661
19890486 4.41746
19900265 4.41831
19910044 4.41916
19919823 4.42001
19929602 4.42086
19939381 4.42171
19949160 4.42255
19958939 4.4234
19968718 4.42425
19978497 4.4251
19988276 4.42594
19998055 4.42679
20007834 4.42764
20017613 4.42848
20027392 4.42933
20037171 4.43018
20046950 4.43102
20056729 4.43187
20066508 4.43271
20076287 4.43356
20086066 4.4344
20095845 4.43524
20105624 4.43609
20115403 4.43693
20125182 4.43778
20134961 4.43862
20144740 4.43946
20154519 4.4403
20164298 4.44115
20174077 4.44199
20183856 4.44283
20193635 4.44367
20203414 4.44451
20213193 4.44535
20222972 4.44619
20232751 4.44704
20242530 4.44788
20252309 4.44872
20262088 4.44956
20271867 4.45039
20281646 4.45123
20291425 4.45207
20301204 4.45291
20310983 4.45375
20320762 4.45459
20330541 4.45543
20340320 4.45626
20350099 4.4571
20359878 4.45794
20369657 4.45877
20379436 4.45961
20389215 4.46045
20398994 4.46128
20408773 4.46212
20418552 4.46296
20428331 4.46379
20438110 4.46463
20447889 4.46546
20457668 4.46629
20467447 4.46713
20477226 4.46796
20487005 4.4688
20496784 4.46963
20506563 4.47046
20516342 4.4713
20526121 4.47213
20535900 4.47296
20545679 4.47379
20555458 4.47463
20565237 4.47546
20575016 4.47629
20584795 4.47712
20594574 4.47795
20604353 4.47878
20614132 4.47961
20623911 4.48044
20633690 4.48127
20643469 4.4821
20653248 4.48293
20663027 4.48376
20672806 4.48459
20682585 4.48542
20692364 4.48625
20702143 4.48707
20711922 4.4879
20721701 4.48873
20731480 4.48956
20741259 4.49038
20751038 4.49121
20760817 4.49204
20770596 4.49286
20780375 4.49369
20790154 4.49452
20799933 4.49534
20809712 4.49617
20819491 4.49699
20829270 4.49782
20839049 4.49864
20848828 4.49947
20858607 4.50029
20868386 4.50111
20878165 4.50194
20887944 4.50276
20897723 4.50358
20907502 4.50441
20917281 4.50523
20927060 4.50605
20936839 4.50687
20946618 4.5077
20956397 4.50852
20966176 4.50934
20975955 4.51016
20985734 4.51098
20995513 4.5118
21005292 4.51262
21015071 4.51344
21024850 4.51426
21034629 4.51508
21044408 4.5159
21054187 4.51672
21063966 4.51754
21073745 4.51836
21083524 4.51918
21093303 4.51999
21103082 4.52081
21112861 4.52163
21122640 4.52245
21132419 4.52326
21142198 4.52408
21151977 4.5249
21161756 4.52571
21171535 4.52653
21181314 4.52735
21191093 4.52816
21200872 4.52898
21210651 4.52979
21220430 4.53061
21230209 4.53142
21239988 4.53224
21249767 4.53305
21259546 4.53387
21269325 4.53468
21279104 4.53549
21288883 4.53631
21298662 4.53712
21308441 4.53793
21318220 4.53874
21327999 4.53956
21337778 4.54037
21347557 4.54118
21357336 4.54199
21367115 4.5428
21376894 4.54361
21386673 4.54443
21396452 4.54524
21406231 4.54605
21416010 4.54686
21425789 4.54767
21435568 4.54848
21445347 4.54929
21455126 4.55009
21464905 4.5509
21474684 4.55171
21484463 4.55252
21494242 4.55333
21504021 4.55414
21513800 4.55494
21523579 4.55575
21533358 4.55656
21543137 4.55737
21552916 4.55817
21562695 4.55898
21572474 4.55979
21582253 4.56059
21592032 4.5614
21601811 4.5622
21611590 4.56301
21621369 4.56381
21631148 4.56462
21640927 4.56542
21650706 4.56623
21660485 4.56703
21670264 4.56784
21680043 4.56864
21689822 4.56944
21699601 4.57025
21709380 4.57105
21719159 4.57185
21728938 4.57265
21738717 4.57346
21748496 4.57426
21758275 4.57506
21768054 4.57586
21777833 4.57666
21787612 4.57746
21797391 4.57827
21807170 4.57907
21816949 4.57987
21826728 4.58067
21836507 4.58147
21846286 4.58227
21856065 4.58307
21865844 4.58386
21875623 4.58466
21885402 4.58546
21895181 4.58626
21904960 4.58706
21914739 4.58786
21924518 4.58866
21934297 4.58945
21944076 4.59025
21953855 4.59105
21963634 4.59184
21973413 4.59264
21983192 4.59344
21992971 4.59423
22002750 4.59503
22012529 4.59582
22022308 4.59662
22032087 4.59742
22041866 4.59821
22051645 4.59901
22061424 4.5998
22071203 4.60059
22080982 4.60139
22090761 4.60218
22100540 4.60298
22110319 4.60377
22120098 4.60456
22129877 4.60536
22139656 4.60615
22149435 4.60694
22159214 4.60773
22168993 4.60853
22178772 4.60932
22188551 4.61011
22198330 4.6109
22208109 4.61169
22217888 4.61248
22227667 4.61327
22237446 4.61406
22247225 4.61485
22257004 4.61564
22266783 4.61643
22276562 4.61722
22286341 4.61801
22296120 4.6188
22305899 4.61959
22315678 4.62038
22325457 4.62117
22335236 4.62195
22345015 4.62274
22354794 4.62353
22364573 4.62432
22374352 4.62511
22384131 4.62589
22393910 4.62668
22403689 4.62747
22413468 4.62825
22423247 4.62904
22433026 4.62982
22442805 4.63061
22452584 4.6314
22462363 4.63218
22472142 4.63297
22481921 4.63375
22491700 4.63454
22501479 4.63532
22511258 4.6361
22521037 4.63689
22530816 4.63767
22540595 4.63845
22550374 4.63924
22560153 4.64002
22569932 4.6408
22579711 4.64159
22589490 4.64237
22599269 4.64315
22609048 4.64393
22618827 4.64471
22628606 4.6455
22638385 4.64628
22648164 4.64706
22657943 4.64784
22667722 4.64862
22677501 4.6494
22687280 4.65018
22697059 4.65096
22706838 4.65174
22716617 4.65252
22726396 4.6533
22736175 4.65408
22745954 4.65486
22755733 4.65563
22765512 4.65641
22775291 4.65719
22785070 4.65797
22794849 4.65875
22804628 4.65952
22814407 4.6603
22824186 4.66108
22833965 4.66185
22843744 4.66263
22853523 4.66341
22863302 4.66418
22873081 4.66496
22882860 4.66574
22892639 4.66651
22902418 4.66729
22912197 4.66806
22921976 4.66884
22931755 4.66961
22941534 4.67039
22951313 4.67116
22961092 4.67193
22970871 4.67271
22980650 4.67348
22990429 4.67425
23000208 4.67503
23009987 4.6758
23019766 4.67657
23029545 4.67734
23039324 4.67812
23049103 4.67889
23058882 4.67966
23068661 4.68043
23078440 4.6812
23088219 4.68198
23097998 4.68275
23107777 4.68352
23117556 4.68429
23127335 4.68506
23137114 4.68583
23146893 4.6866
23156672 4.68737
23166451 4.68814
23176230 4.68891
23186009 4.68967
23195788 4.69044
23205567 4.69121
23215346 4.69198
23225125 4.69275
23234904 4.69352
23244683 4.69428
23254462 4.69505
23264241 4.69582
23274020 4.69659
23283799 4.69735
23293578 4.69812
23303357 4.69889
23313136 4.69965
23322915 4.70042
23332694 4.70118
23342473 4.70195
23352252 4.70272
23362031 4.70348
23371810 4.70425
23381589 4.70501
23391368 4.70577
23401147 4.70654
23410926 4.7073
23420705 4.70807
23430484 4.70883
23440263 4.70959
23450042 4.71036
23459821 4.71112
23469600 4.71188
23479379 4.71265
23489158 4.71341
23498937 4.71417
23508716 4.71493
23518495 4.71569
23528274 4.71646
23538053 4.71722
23547832 4.71798
23557611 4.71874
23567390 4.7195
23577169 4.72026
23586948 4.72102
23596727 4.72178
23606506 4.72254
23616285 4.7233
23626064 4.72406
23635843 4.72482
23645622 4.72558
23655401 4.72634
23665180 4.7271
23674959 4.72785
23684738 4.72861
23694517 4.72937
23704296 4.73013
23714075 4.73089
23723854 4.73164
23733633 4.7324
23743412 4.73316
23753191 4.73391
23762970 4.73467
23772749 4.73543
23782528 4.73618
23792307 4.73694
23802086 4.7377
23811865 4.73845
23821644 4.73921
23831423 4.73996
23841202 4.74072
23850981 4.74147
23860760 4.74223
23870539 4.74298
23880318 4.74373
23890097 4.74449
23899876 4.74524
23909655 4.746
23919434 4.74675
23929213 4.7475
23938992 4.74825
23948771 4.74901
23958550 4.74976
23968329 4.75051
23978108 4.75126
23987887 4.75202
23997666 4.75277
24007445 4.75352
24017224 4.75427
24027003 4.75502
24036782 4.75577
24046561 4.75652
24056340 4.75727
24066119 4.75802
24075898 4.75877
24085677 4.75952
24095456 4.76027
24105235 4.76102
24115014 4.76177
24124793 4.76252
24134572 4.76327
24144351 4.76402
24154130 4.76477
24163909 4.76551
24173688 4.76626
24183467 4.76701
24193246 4.76776
24203025 4.76851
24212804 4.76925
24222583 4.77
24232362 4.77075
24242141 4.77149
24251920 4.77224
24261699 4.77299
24271478 4.77373
24281257 4.77448
24291036 4.77522
24300815 4.77597
24310594 4.77671
24320373 4.77746
24330152 4.7782
24339931 4.77895
24349710 4.77969
24359489 4.78044
24369268 4.78118
24379047 4.78192
24388826 4.78267
24398605 4.78341
24408384 4.78415
24418163 4.7849
24427942 4.78564
24437721 4.78638
24447500 4.78713
24457279 4.78787
24467058 4.78861
24476837 4.78935
24486616 4.79009
24496395 4.79083
24506174 4.79158
24515953 4.79232
24525732 4.79306
24535511 4.7938
24545290 4.79454
24555069 4.79528
24564848 4.79602
24574627 4.79676
24584406 4.7975
24594185 4.79824
24603964 4.79898
24613743 4.79972
24623522 4.80046
24633301 4.80119
24643080 4.80193
24652859 4.80267
24662638 4.80341
24672417 4.80415
24682196 4.80488
24691975 4.80562
24701754 4.80636
24711533 4.8071
24721312 4.80783
24731091 4.80857
24740870 4.80931
24750649 4.81004
24760428 4.81078
24770207 4.81151
24779986 4.81225
24789765 4.81299
24799544 4.81372
24809323 4.81446
24819102 4.81519
24828881 4.81593
24838660 4.81666
24848439 4.8174
24858218 4.81813
24867997 4.81886
24877776 4.8196
24887555 4.82033
24897334 4.82106
24907113 4.8218
24916892 4.82253
24926671 4.82326
24936450 4.824
24946229 4.82473
24956008 4.82546
24965787 4.82619
24975566 4.82692
24985345 4.82766
24995124 4.82839
25004903 4.82912
25014682 4.82985
25024461 4.83058
25034240 4.83131
25044019 4.83204
25053798 4.83277
25063577 4.8335
25073356 4.83423
25083135 4.83496
25092914 4.83569
25102693 4.83642
25112472 4.83715
25122251 4.83788
25132030 4.83861
25141809 4.83934
25151588 4.84007
25161367 4.84079
25171146 4.84152
25180925 4.84225
25190704 4.84298
25200483 4.8437
25210262 4.84443
25220041 4.84516
25229820 4.84589
25239599 4.84661
25249378 4.84734
25259157 4.84807
25268936 4.84879
25278715 4.84952
25288494 4.85024
25298273 4.85097
25308052 4.85169
25317831 4.85242
25327610 4.85315
25337389 4.85387
25347168 4.85459
25356947 4.85532
25366726 4.85604
25376505 4.85677
25386284 4.85749
25396063 4.85822
25405842 4.85894
25415621 4.85966
25425400 4.86039
25435179 4.86111
25444958 4.86183
25454737 4.86255
25464516 4.86328
25474295 4.864
25484074 4.86472
25493853 4.86544
25503632 4.86616
25513411 4.86689
25523190 4.86761
25532969 4.86833
25542748 4.86905
25552527 4.86977
25562306 4.87049
25572085 4.87121
25581864 4.87193
25591643 4.87265
25601422 4.87337
25611201 4.87409
25620980 4.87481
25630759 4.87553
25640538 4.87625
25650317 4.87697
25660096 4.87768
25669875 4.8784
25679654 4.87912
25689433 4.87984
25699212 4.88056
25708991 4.88128
25718770 4.88199
25728549 4.88271
25738328 4.88343
25748107 4.88414
25757886 4.88486
25767665 4.88558
25777444 4.88629
25787223 4.88701
25797002 4.88773
25806781 4.88844
25816560 4.88916
25826339 4.88987
25836118 4.89059
25845897 4.89131
25855676 4.89202
25865455 4.89274
25875234 4.89345
25885013 4.89416
25894792 4.89488
25904571 4.89559
25914350 4.89631
25924129 4.89702
25933908 4.89773
25943687 4.89845
25953466 4.89916
25963245 4.89987
25973024 4.90059
25982803 4.9013
25992582 4.90201
26002361 4.90272
26012140 4.90344
26021919 4.90415
26031698 4.90486
26041477 4.90557
26051256 4.90628
26061035 4.90699
26070814 4.9077
26080593 4.90842
26090372 4.90913
26100151 4.90984
26109930 4.91055
26119709 4.91126
26129488 4.91197
26139267 4.91268
26149046 4.91339
26158825 4.9141
26168604 4.91481
26178383 4.91551
26188162 4.91622
26197941 4.91693
26207720 4.91764
26217499 4.91835
26227278 4.91906
26237057 4.91977
26246836 4.92047
26256615 4.92118
26266394 4.92189
26276173 4.9226
26285952 4.9233
26295731 4.92401
26305510 4.92472
26315289 4.92542
26325068 4.92613
26334847 4.92684
26344626 4.92754
26354405 4.92825
26364184 4.92895
26373963 4.92966
26383742 4.93036
26393521 4.93107
26403300 4.93177
26413079 4.93248
26422858 4.93318
26432637 4.93389
26442416 4.93459
26452195 4.9353
26461974 4.936
26471753 4.9367
26481532 4.93741
26491311 4.93811
26501090 4.93881
26510869 4.93952
26520648 4.94022
26530427 4.94092
26540206 4.94162
26549985 4.94233
26559764 4.94303
26569543 4.94373
26579322 4.94443
26589101 4.94513
26598880 4.94584
26608659 4.94654
26618438 4.94724
26628217 4.94794
26637996 4.94864
26647775 4.94934
26657554 4.95004
26667333 4.95074
26677112 4.95144
26686891 4.95214
26696670 4.95284
26706449 4.95354
26716228 4.95424
26726007 4.95494
26735786 4.95564
26745565 4.95634
26755344 4.95704
26765123 4.95773
26774902 4.95843
26784681 4.95913
26794460 4.95983
26804239 4.96053
26814018 4.96122
26823797 4.96192
26833576 4.96262
26843355 4.96332
26853134 4.96401
26862913 4.96471
26872692 4.96541
26882471 4.9661
26892250 4.9668
26902029 4.96749
26911808 4.96819
26921587 4.96889
26931366 4.96958
26941145 4.97028
26950924 4.97097
26960703 4.97167
26970482 4.97236
26980261 4.97306
26990040 4.97375
26999819 4.97445
27009598 4.97514
27019377 4.97583
27029156 4.97653
27038935 4.97722
27048714 4.97792
27058493 4.97861
27068272 4.9793
27078051 4.97999
27087830 4.98069
27097609 4.98138
27107388 4.98207
27117167 4.98277
27126946 4.98346
27136725 4.98415
27146504 4.98484
27156283 4.98553
27166062 4.98622
27175841 4.98692
27185620 4.98761
27195399 4.9883
27205178 4.98899
27214957 4.98968
27224736 4.99037
27234515 4.99106
27244294 4.99175
27254073 4.99244
27263852 4.99313
27273631 4.99382
27283410 4.99451
27293189 4.9952
27302968 4.99589
27312747 4.99658
27322526 4.99726
27332305 4.99795
27342084 4.99864
27351863 4.99933
27361642 5.00002
27371421 5.00071
27381200 5.00139
27390979 5.00208
27400758 5.00277
27410537 5.00346
27420316 5.00414
27430095 5.00483
27439874 5.00552
27449653 5.0062
27459432 5.00689
27469211 5.00758
27478990 5.00826
27488769 5.00895
27498548 5.00963
27508327 5.01032
27518106 5.011
27527885 5.01169
27537664 5.01238
27547443 5.01306
27557222 5.01374
27567001 5.01443
27576780 5.01511
27586559 5.0158
27596338 5.01648
27606117 5.01717
27615896 5.01785
27625675 5.01853
27635454 5.01922
27645233 5.0199
27655012 5.02058
27664791 5.02127
27674570 5.02195
27684349 5.02263
27694128 5.02331
27703907 5.024
27713686 5.02468
27723465 5.02536
27733244 5.02604
27743023 5.02672
27752802 5.02741
27762581 5.02809
27772360 5.02877
27782139 5.02945
27791918 5.03013
27801697 5.03081
27811476 5.03149
27821255 5.03217
27831034 5.03285
27840813 5.03353
27850592 5.03421
27860371 5.03489
27870150 5.03557
27879929 5.03625
27889708 5.03693
27899487 5.03761
27909266 5.03829
27919045 5.03897
27928824 5.03964
27938603 5.04032
27948382 5.041
27958161 5.04168
27967940 5.04236
27977719 5.04303
27987498 5.04371
27997277 5.04439
28007056 5.04507
28016835 5.04574
28026614 5.04642
28036393 5.0471
28046172 5.04777
28055951 5.04845
28065730 5.04913
28075509 5.0498
28085288 5.05048
28095067 5.05115
28104846 5.05183
28114625 5.0525
28124404 5.05318
28134183 5.05386
28143962 5.05453
28153741 5.0552
28163520 5.05588
28173299 5.05655
28183078 5.05723
28192857 5.0579
28202636 5.05858
28212415 5.05925
28222194 5.05992
28231973 5.0606
28241752 5.06127
28251531 5.06194
28261310 5.06262
28271089 5.06329
28280868 5.06396
28290647 5.06464
28300426 5.06531
28310205 5.06598
28319984 5.06665
28329763 5.06732
28339542 5.068
28349321 5.06867
28359100 5.06934
28368879 5.07001
28378658 5.07068
28388437 5.07135
28398216 5.07202
28407995 5.07269
28417774 5.07336
28427553 5.07403
28437332 5.0747
28447111 5.07537
28456890 5.07604
28466669 5.07671
28476448 5.07738
28486227 5.07805
28496006 5.07872
28505785 5.07939
28515564 5.08006
28525343 5.08073
28535122 5.0814
28544901 5.08207
28554680 5.08273
28564459 5.0834
28574238 5.08407
28584017 5.08474
28593796 5.08541
28603575 5.08607
28613354 5.08674
28623133 5.08741
28632912 5.08808
28642691 5.08874
28652470 5.08941
28662249 5.09008
28672028 5.09074
28681807 5.09141
28691586 5.09207
28701365 5.09274
28711144 5.09341
28720923 5.09407
28730702 5.09474
28740481 5.0954
28750260 5.09607
28760039 5.09673
28769818 5.0974
28779597 5.09806
28789376 5.09873
28799155 5.09939
28808934 5.10005
28818713 5.10072
28828492 5.10138
28838271 5.10205
28848050 5.10271
28857829 5.10337
28867608 5.10404
28877387 5.1047
28887166 5.10536
28896945 5.10603
28906724 5.10669
28916503 5.10735
28926282 5.10801
28936061 5.10868
28945840 5.10934
28955619 5.11
28965398 5.11066
28975177 5.11132
28984956 5.11198
28994735 5.11265
29004514 5.11331
29014293 5.11397
29024072 5.11463
29033851 5.11529
29043630 5.11595
29053409 5.11661
29063188 5.11727
29072967 5.11793
29082746 5.11859
29092525 5.11925
29102304 5.11991
29112083 5.12057
29121862 5.12123
29131641 5.12189
29141420 5.12255
29151199 5.12321
29160978 5.12386
29170757 5.12452
29180536 5.12518
29190315 5.12584
29200094 5.1265
29209873 5.12716
29219652 5.12781
29229431 5.12847
29239210 5.12913
29248989 5.12979
29258768 5.13044
29268547 5.1311
29278326 5.13176
29288105 5.13241
29297884 5.13307
29307663 5.13373
29317442 5.13438
29327221 5.13504
29337000 5.13569
29346779 5.13635
29356558 5.13701
29366337 5.13766
29376116 5.13832
29385895 5.13897
29395674 5.13963
29405453 5.14028
29415232 5.14094
29425011 5.14159
29434790 5.14225
29444569 5.1429
29454348 5.14355
29464127 5.14421
29473906 5.14486
29483685 5.14552
29493464 5.14617
29503243 5.14682
29513022 5.14748
29522801 5.14813
29532580 5.14878
29542359 5.14943
29552138 5.15009
29561917 5.15074
29571696 5.15139
29581475 5.15204
29591254 5.1527
29601033 5.15335
29610812 5.154
29620591 5.15465
29630370 5.1553
29640149 5.15595
29649928 5.15661
29659707 5.15726
29669486 5.15791
29679265 5.15856
29689044 5.15921
29698823 5.15986
29708602 5.16051
29718381 5.16116
29728160 5.16181
29737939 5.16246
29747718 5.16311
29757497 5.16376
29767276 5.16441
29777055 5.16506
29786834 5.16571
29796613 5.16636
29806392 5.167
29816171 5.16765
29825950 5.1683
29835729 5.16895
29845508 5.1696
29855287 5.17025
29865066 5.17089
29874845 5.17154
29884624 5.17219
29894403 5.17284
29904182 5.17348
29913961 5.17413
29923740 5.17478
29933519 5.17543
29943298 5.17607
29953077 5.17672
29962856 5.17737
29972635 5.17801
29982414 5.17866
29992193 5.1793
0 0
0 0
0 0
0 0
0 0
0 0
0 0
0 0
0 0
0 0
0 0
0 0
0 0
0 0
0 0
0 0
0 0
0 0
0 0
0 0
0 0
0 0
0 0
0 0
0 0
0 0
0 0
0 0
0 0
0 0
0 0
0 0
0 0
0 0
0 0
0 0
0 0
0 0
0 0
0 0
0 0
0 0
0 0
0 0
0 0
0 0
0 0
0 0
0 0
0 0
0 0
0 0
0 0
0 0
0 0
0 0
0 0
0 0
0 0
0 0
0 0
0 0
0 0
0 0
0 0
0 0
0 0
0 0
0 0
0 0
0 0
0 0
0 0
0 0
0 0
0 0
0 0
0 0
0 0
0 0
0 0
0 0
0 0
0 0
0 0
0 0
0 0
0 0
0 0
0 0
0 0
0 0
0 0
0 0
0 0
0 0
0 0
0 0
0 0
0 0
0 0
0 0
0 0
0 0
0 0
0 0
0 0
0 0
0 0
0 0
0 0
0 0
0 0
0 0
0 0
0 0
0 0
0 0
0 0
0 0
0 0
0 0
0 0
0 0
0 0
0 0
0 0
0 0
0 0
0 0
0 0
0 0
0 0
0 0
0 0
0 0
0 0
0 0
0 0
0 0
0 0
0 0
0 0
0 0
0 0
0 0
0 0
0 0
0 0
0 0
0 0
0 0
0 0
0 0
0 0
0 0
0 0
0 0
0 0
0 0
0 0
0 0
0 0
0 0
0 0
0 0
0 0
0 0
0 0
0 0
0 0
0 0
0 0
0 0
0 0
0 0
0 0
0 0
0 0
0 0
0 0
0 0
0 0
0 0
0 0
0 0
0 0
0 0
0 0
0 0
0 0
0 0
0 0
0 0
0 0
0 0
0 0
0 0
0 0
0 0
0 0
0 0
0 0
0 0
0 0
0 0
0 0
0 0
0 0
0 0
0 0
0 0
0 0
0 0
0 0
0 0
0 0
0 0
0 0
0 0
0 0
0 0
0 0
0 0
0 0
0 0
0 0
0 0
0 0
0 0
0 0
0 0
0 0
0 0
0 0
0 0
0 0
0 0
0 0
0 0
0 0
0 0
0 0
0 0
0 0
0 0
0 0
0 0
0 0
0 0
0 0
0 0
0 0
0 0
0 0
0 0
0 0
0 0
0 0
0 0
0 0
0 0
0 0
0 0
0 0
0 0
0 0
0 0
0 0
0 0
0 0
0 0
0 0
0 0
0 0
0 0
0 0
0 0
0 0
0 0
0 0
0 0
0 0
0 0
0 0
0 0
0 0
0 0
0 0
0 0
0 0
0 0
0 0
0 0
0 0
0 0
0 0
0 0
0 0
0 0
0 0
0 0
0 0
0 0
0 0
0 0
0 0
0 0
0 0
0 0
0 0
0 0
0 0
0 0
0 0
0 0
0 0
0 0
0 0
0 0
0 0
0 0
0 0
0 0
0 0
0 0
0 0
0 0
0 0
0 0
0 0
0 0
0 0
0 0
0 0
0 0
0 0
0 0
0 0
0 0
0 0
0 0
0 0
0 0
0 0
0 0
0 0
0 0
0 0
0 0
0 0
0 0
0 0
0 0
0 0
0 0
0 0
0 0
0 0
0 0
0 0
0 0
0 0
0 0
0 0
0 0
0 0
0 0
0 0
0 0
0 0
0 0
0 0
0 0
0 0
0 0
0 0
0 0
0 0
0 0
0 0
0 0
0 0
0 0
0 0
0 0
0 0
0 0
0 0
0 0
0 0
0 0
0 0
0 0
0 0
0 0
0 0
0 0
0 0
0 0
0 0
0 0
0 0
0 0
0 0
0 0
0 0
0 0
0 0
0 0
0 0
0 0
0 0
0 0
0 0
0 0
0 0
0 0
0 0
0 0
0 0
0 0
0 0
0 0
0 0
0 0
0 0
0 0
0 0
0 0
0 0
0 0
0 0
0 0
0 0
0 0
0 0
0 0
0 0
0 0
0 0
0 0
0 0
0 0
0 0
0 0
0 0
0 0
0 0
0 0
0 0
0 0
0 0
0 0
0 0
0 0
0 0
0 0
0 0
0 0
0 0
0 0
0 0
0 0
0 0
0 0
0 0
0 0
0 0
0 0
0 0
0 0
0 0
0 0
0 0
0 0
0 0
0 0
0 0
0 0
0 0
0 0
0 0
0 0
0 0
0 0
0 0
0 0
0 0
0 0
0 0
0 0
0 0
0 0
0 0
0 0
0 0
0 0
0 0
0 0
0 0
0 0
0 0
0 0
0 0
0 0
0 0
0 0
0 0
0 0
0 0
0 0
0 0
0 0
0 0
0 0
0 0
0 0
0 0
0 0
0 0
0 0
0 0
0 0
0 0
0 0
0 0
0 0
0 0
0 0
0 0
0 0
0 0
0 0
0 0
0 0
0 0
0 0
0 0
0 0
0 0
0 0
0 0
0 0
0 0
0 0
0 0
0 0
0 0
0 0
0 0
0 0
0 0
0 0
0 0
0 0
0 0
0 0
0 0
0 0
0 0
0 0
0 0
0 0
0 0
0 0
0 0
0 0
0 0
0 0
0 0
0 0
0 0
0 0
0 0
0 0
0 0
0 0
0 0
0 0
0 0
0 0
0 0
0 0
0 0
0 0
0 0
0 0
0 0
0 0
0 0
0 0
0 0
0 0
0 0
0 0
0 0
0 0
0 0
0 0
0 0
0 0
0 0
0 0
0 0
0 0
0 0
0 0
0 0
0 0
0 0
0 0
0 0
0 0
0 0
0 0
0 0
0 0
0 0
0 0
0 0
0 0
0 0
0 0
0 0
0 0
0 0
0 0
0 0
0 0
0 0
0 0
0 0
0 0
0 0
0 0
0 0
0 0
0 0
0 0
0 0
0 0
0 0
0 0
0 0
0 0
0 0
0 0
0 0
0 0
0 0
0 0
0 0
0 0
0 0
0 0
0 0
0 0
0 0
0 0
0 0
0 0
0 0
0 0
0 0
0 0
0 0
0 0
0 0
0 0
0 0
0 0
0 0
0 0
0 0
0 0
0 0
0 0
0 0
0 0
0 0
0 0
0 0
0 0
0 0
0 0
0 0
0 0
0 0
0 0
0 0
0 0
0 0
0 0
0 0
0 0
0 0
0 0
0 0
0 0
0 0
0 0
0 0
0 0
0 0
0 0
0 0
0 0
0 0
0 0
0 0
0 0
0 0
0 0
0 0
0 0
0 0
0 0
0 0
0 0
0 0
0 0
0 0
0 0
0 0
0 0
0 0
0 0
0 0
0 0
0 0
0 0
0 0
0 0
0 0
0 0
0 0
0 0
0 0
0 0
0 0
0 0
0 0
0 0
0 0
0 0
0 0
0 0
0 0
0 0
0 0
0 0
0 0
0 0
0 0
0 0
0 0
0 0
0 0
0 0
0 0
0 0
0 0
0 0
0 0
0 0
0 0
0 0
0 0
0 0
0 0
0 0
0 0
0 0
0 0
0 0
0 0
0 0
0 0
0 0
0 0
0 0
0 0
0 0
0 0
0 0
0 0
0 0
0 0
0 0
0 0
0 0
0 0
0 0
0 0
0 0
0 0
0 0
0 0
0 0
0 0
0 0
0 0
0 0
0 0
0 0
0 0
0 0
0 0
0 0
0 0
0 0
0 0
0 0
0 0
0 0
0 0
0 0
0 0
0 0
0 0
0 0
0 0
0 0
0 0
0 0
0 0
0 0
0 0
0 0
0 0
0 0
0 0
0 0
0 0
0 0
0 0
0 0
0 0
0 0
0 0
0 0
0 0
0 0
0 0
0 0
0 0
0 0
0 0
0 0
0 0
0 0
0 0
0 0
0 0
0 0
0 0
0 0
0 0
0 0
0 0
0 0
0 0
0 0
0 0
0 0
0 0
0 0
0 0
0 0
0 0
0 0
0 0
0 0
0 0
0 0
0 0
0 0
0 0
0 0
0 0
0 0
0 0
0 0
0 0
0 0
0 0
0 0
0 0
0 0
0 0
0 0
0 0
0 0
0 0
0 0
0 0
0 0
0 0
0 0
0 0
0 0
0 0
0 0
0 0
0 0
0 0
0 0
0 0
0 0
0 0
0 0
0 0
0 0
0 0
0 0
0 0
0 0
0 0
0 0
0 0
0 0
0 0
0 0
0 0
0 0
0 0
0 0
0 0
0 0
0 0
0 0
0 0
0 0
0 0
0 0
0 0
0 0
0 0
0 0
0 0
0 0
0 0
0 0
0 0
0 0
0 0
0 0
0 0
0 0
0 0
0 0
0 0
0 0
0 0
0 0
0 0
0 0
0 0
0 0
0 0
0 0
0 0
0 0
0 0
0 0
0 0
0 0
0 0
0 0
0 0
0 0
0 0
0 0
0 0
0 0
0 0
0 0
0 0
0 0
0 0
0 0
0 0
0 0
0 0
0 0
0 0
0 0
0 0
0 0
0 0
0 0
0 0
0 0
0 0
0 0
0 0
0 0
0 0
0 0
0 0
0 0
0 0
0 0
0 0
0 0
0 0
0 0
0 0
0 0
0 0
0 0
0 0
0 0
0 0
0 0
0 0
0 0
0 0
0 0
0 0
0 0
0 0
0 0
0 0
0 0
0 0
0 0
0 0
0 0
0 0
0 0
0 0
0 0
0 0
0 0
0 0
0 0
0 0
0 0
0 0
0 0
0 0
0 0
0 0
0 0
0 0
0 0
0 0
0 0
0 0
0 0
0 0
0 0
0 0
0 0
0 0
0 0
0 0
0 0
0 0
0 0
0 0
0 0
0 0
0 0
0 0
0 0
0 0
0 0
0 0
0 0
0 0
0 0
0 0
0 0
0 0
0 0
0 0
0 0
0 0
0 0
0 0
0 0
0 0
0 0
0 0
0 0
0 0
0 0
0 0
0 0
0 0
0 0
0 0
0 0
0 0
0 0
0 0
0 0
0 0
0 0
0 0
0 0
0 0
0 0
0 0
0 0
0 0
0 0
0 0
0 0
0 0
0 0
0 0
0 0
0 0
0 0
0 0
0 0
0 0
0 0
0 0
0 0
0 0
0 0
0 0
0 0
0 0
0 0
0 0
0 0
0 0
0 0
0 0
0 0
0 0
0 0
0 0
0 0
0 0
0 0
0 0
0 0
0 0
0 0
0 0
0 0
0 0
0 0
0 0
0 0
0 0
0 0
0 0
0 0
0 0
0 0
0 0
0 0
0 0
0 0
0 0
0 0
0 0
0 0
0 0
0 0
0 0
0 0
0 0
0 0
0 0
0 0
0 0
0 0
0 0
0 0
0 0
0 0
0 0
0 0
0 0
0 0
0 0
0 0
0 0
0 0
0 0
0 0
0 0
0 0
0 0
0 0
0 0
0 0
0 0
0 0
0 0
0 0
0 0
0 0
0 0
0 0
0 0
0 0
0 0
0 0
0 0
0 0
0 0
0 0
0 0
0 0
0 0
0 0
0 0
0 0
0 0
0 0
0 0
0 0
0 0
0 0
0 0
0 0
0 0
0 0
0 0
0 0
0 0
0 0
0 0
0 0
0 0
0 0
0 0
0 0
0 0
0 0
0 0
0 0
0 0
0 0
0 0
0 0
0 0
0 0
0 0
0 0
0 0
0 0
0 0
0 0
0 0
0 0
0 0
0 0
0 0
0 0
0 0
0 0
0 0
0 0
0 0
0 0
0 0
0 0
0 0
0 0
0 0
0 0
0 0
0 0
0 0
0 0
0 0
0 0
0 0
0 0
0 0
0 0
0 0
0 0
0 0
0 0
0 0
0 0
0 0
0 0
0 0
0 0
0 0
0 0
0 0
0 0
0 0
0 0
0 0
0 0
0 0
0 0
0 0
0 0
0 0
0 0
0 0
0 0
0 0
0 0
0 0
0 0
0 0
0 0
0 0
0 0
0 0
0 0
0 0
0 0
0 0
0 0
0 0
0 0
0 0
0 0
0 0
0 0
0 0
0 0
0 0
0 0
0 0
0 0
0 0
0 0
0 0
0 0
0 0
0 0
0 0
0 0
0 0
0 0
0 0
0 0
0 0
0 0
0 0
0 0
0 0
0 0
0 0
0 0
0 0
0 0
0 0
0 0
0 0
0 0
0 0
0 0
0 0
0 0
0 0
0 0
0 0
0 0
0 0
0 0
0 0
0 0
0 0
0 0
0 0
0 0
0 0
0 0
0 0
0 0
0 0
0 0
0 0
0 0
0 0
0 0
0 0
0 0
0 0
0 0
0 0
0 0
0 0
0 0
0 0
0 0
0 0
0 0
0 0
0 0
0 0
0 0
0 0
0 0
0 0
0 0
0 0
0 0
0 0
0 0
0 0
0 0
0 0
0 0
0 0
0 0
0 0
0 0
0 0
0 0
0 0
0 0
0 0
0 0
0 0
0 0
0 0
0 0
0 0
0 0
0 0
0 0
0 0
0 0
0 0
0 0
0 0
0 0
0 0
0 0
0 0
0 0
0 0
0 0
0 0
0 0
0 0
0 0
0 0
0 0
0 0
0 0
0 0
0 0
0 0
0 0
0 0
0 0
0 0
0 0
0 0
0 0
0 0
0 0
0 0
0 0
0 0
0 0
0 0
0 0
0 0
0 0
0 0
0 0
0 0
0 0
0 0
0 0
0 0
0 0
0 0
0 0
0 0
0 0
0 0
0 0
0 0
0 0
0 0
0 0
0 0
0 0
0 0
0 0
0 0
0 0
0 0
0 0
0 0
0 0
0 0
0 0
0 0
0 0
0 0
0 0
0 0
0 0
0 0
0 0
0 0
0 0
0 0
0 0
0 0
0 0
0 0
0 0
0 0
0 0
0 0
0 0
0 0
0 0
0 0
0 0
0 0
0 0
0 0
0 0
0 0
0 0
0 0
0 0
0 0
0 0
0 0
0 0
0 0
0 0
0 0
0 0
0 0
0 0
0 0
0 0
0 0
0 0
0 0
0 0
0 0
0 0
0 0
0 0
0 0
0 0
0 0
0 0
0 0
0 0
0 0
0 0
0 0
0 0
0 0
0 0
0 0
0 0
0 0
0 0
0 0
0 0
0 0
0 0
0 0
0 0
0 0
0 0
0 0
0 0
0 0
0 0
0 0
0 0
0 0
0 0
0 0
0 0
0 0
0 0
0 0
0 0
0 0
0 0
0 0
0 0
0 0
0 0
0 0
0 0
0 0
0 0
0 0
0 0
0 0
0 0
0 0
0 0
0 0
0 0
0 0
0 0
0 0
0 0
0 0
0 0
0 0
0 0
0 0
0 0
0 0
0 0
0 0
0 0
0 0
0 0
0 0
0 0
0 0
0 0
0 0
0 0
0 0
0 0
0 0
0 0
0 0
0 0
0 0
0 0
0 0
0 0
0 0
0 0
0 0
0 0
0 0
0 0
0 0
0 0
0 0
0 0
0 0
0 0
0 0
0 0
0 0
0 0
0 0
0 0
0 0
0 0
0 0
0 0
0 0
0 0
0 0
0 0
0 0
0 0
0 0
0 0
0 0
0 0
0 0
0 0
0 0
0 0
0 0
0 0
0 0
0 0
0 0
0 0
0 0
0 0
0 0
0 0
0 0
0 0
0 0
0 0
0 0
0 0
0 0
0 0
0 0
0 0
0 0
0 0
0 0
0 0
0 0
0 0
0 0
0 0
0 0
0 0
0 0
0 0
0 0
0 0
0 0
0 0
0 0
0 0
0 0
0 0
0 0
0 0
0 0
0 0
0 0
0 0
0 0
0 0
0 0
0 0
0 0
0 0
0 0
0 0
0 0
0 0
0 0
0 0
0 0
0 0
0 0
0 0
0 0
0 0
0 0
0 0
0 0
0 0
0 0
0 0
0 0
0 0
0 0
0 0
0 0
0 0
0 0
0 0
0 0
0 0
0 0
0 0
0 0
0 0
0 0
0 0
0 0
0 0
0 0
0 0
0 0
0 0
0 0
0 0
0 0
0 0
0 0
0 0
0 0
0 0
0 0
0 0
0 0
0 0
0 0
0 0
0 0
0 0
0 0
0 0
0 0
0 0
0 0
0 0
0 0
0 0
0 0
0 0
0 0
0 0
0 0
0 0
0 0
0 0
0 0
0 0
0 0
0 0
0 0
0 0
0 0
0 0
0 0
0 0
0 0
0 0
0 0
0 0
0 0
0 0
0 0
0 0
0 0
0 0
0 0
0 0
0 0
0 0
0 0
0 0
0 0
0 0
0 0
0 0
0 0
0 0
0 0
0 0
0 0
0 0
0 0
0 0
0 0
0 0
0 0
0 0
0 0
0 0
0 0
0 0
0 0
0 0
0 0
0 0
0 0
0 0
0 0
0 0
0 0
0 0
0 0
0 0
0 0
0 0
0 0
0 0
0 0
0 0
0 0
0 0
0 0
0 0
0 0
0 0
0 0
0 0
0 0
0 0
0 0
0 0
0 0
0 0
0 0
0 0
0 0
0 0
0 0
0 0
0 0
0 0
0 0
0 0
0 0
0 0
0 0
0 0
0 0
0 0
0 0
0 0
0 0
0 0
0 0
0 0
0 0
0 0
0 0
0 0
0 0
0 0
0 0
0 0
0 0
0 0
0 0
0 0
0 0
0 0
0 0
0 0
0 0
0 0
0 0
0 0
0 0
0 0
0 0
0 0
0 0
0 0
0 0
0 0
0 0
0 0
0 0
0 0
0 0
0 0
0 0
0 0
0 0
0 0
0 0
0 0
0 0
0 0
0 0
0 0
0 0
0 0
0 0
0 0
0 0
0 0
0 0
0 0
0 0
0 0
0 0
0 0
0 0
0 0
0 0
0 0
0 0
0 0
0 0
0 0
0 0
0 0
0 0
0 0
0 0
0 0
0 0
0 0
0 0
0 0
0 0
0 0
0 0
0 0
0 0
0 0
0 0
0 0
0 0
0 0
0 0
0 0
0 0
0 0
0 0
0 0
0 0
0 0
0 0
0 0
0 0
0 0
0 0
0 0
0 0
0 0
0 0
0 0
0 0
0 0
0 0
0 0
0 0
0 0
0 0
0 0
0 0
0 0
0 0
0 0
0 0
0 0
0 0
0 0
0 0
0 0
0 0
0 0
0 0
0 0
0 0
0 0
0 0
0 0
0 0
0 0
0 0
0 0
0 0
0 0
0 0
0 0
0 0
0 0
0 0
0 0
0 0
0 0
0 0
0 0
0 0
0 0
0 0
0 0
0 0
0 0
0 0
0 0
0 0
0 0
0 0
0 0
0 0
0 0
0 0
0 0
0 0
0 0
0 0
0 0
0 0
0 0
0 0
0 0
0 0
0 0
0 0
0 0
0 0
0 0
0 0
0 0
0 0
0 0
0 0
0 0
0 0
0 0
0 0
0 0
0 0
0 0
0 0
0 0
0 0
0 0
0 0
0 0
0 0
0 0
0 0
0 0
0 0
0 0
0 0
0 0
0 0
0 0
0 0
0 0
0 0
0 0
0 0
0 0
0 0
0 0
0 0
0 0
0 0
0 0
0 0
0 0
0 0
0 0
0 0
0 0
0 0
0 0
0 0
0 0
0 0
0 0
0 0
0 0
0 0
0 0
0 0
0 0
0 0
0 0
0 0
0 0
0 0
0 0
0 0
0 0
0 0
0 0
0 0
0 0
0 0
0 0
0 0
0 0
0 0
0 0
0 0
0 0
0 0
0 0
0 0
0 0
0 0
0 0
0 0
0 0
0 0
0 0
0 0
0 0
0 0
0 0
0 0
0 0
0 0
0 0
0 0
0 0
0 0
0 0
0 0
0 0
0 0
0 0
0 0
0 0
0 0
0 0
0 0
0 0
0 0
0 0
0 0
0 0
0 0
0 0
0 0
0 0
0 0
0 0
0 0
0 0
0 0
0 0
0 0
0 0
0 0
0 0
0 0
0 0
0 0
0 0
0 0
0 0
0 0
0 0
0 0
0 0
0 0
0 0
0 0
0 0
0 0
0 0
0 0
0 0
0 0
0 0
0 0
0 0
0 0
0 0
0 0
0 0
0 0
0 0
0 0
0 0
0 0
0 0
0 0
0 0
0 0
0 0
0 0
0 0
0 0
0 0
0 0
0 0
0 0
0 0
0 0
0 0
0 0
0 0
0 0
0 0
0 0
0 0
0 0
0 0
0 0
0 0
0 0
0 0
0 0
0 0
0 0
0 0
0 0
0 0
0 0
0 0
0 0
0 0
0 0
0 0
0 0
0 0
0 0
0 0
0 0
0 0
0 0
0 0
0 0
0 0
0 0
0 0
0 0
0 0
0 0
0 0
0 0
0 0
0 0
0 0
0 0
0 0
0 0
0 0
0 0
0 0
0 0
0 0
0 0
0 0
0 0
0 0
0 0
0 0
0 0
0 0
0 0
0 0
0 0
0 0
0 0
0 0
0 0
0 0
0 0
0 0
0 0
0 0
0 0
0 0
0 0
0 0
0 0
0 0
0 0
0 0
0 0
0 0
0 0
0 0
0 0
0 0
0 0
0 0
0 0
0 0
0 0
0 0
0 0
0 0
0 0
0 0
0 0
0 0
0 0
0 0
0 0
0 0
0 0
0 0
0 0
0 0
0 0
0 0
0 0
0 0
0 0
0 0
0 0
0 0
0 0
0 0
0 0
0 0
0 0
0 0
0 0
0 0
0 0
0 0
0 0
0 0
0 0
0 0
0 0
0 0
0 0
0 0
0 0
0 0
0 0
0 0
0 0
0 0
0 0
0 0
0 0
0 0
0 0
0 0
0 0
0 0
0 0
0 0
0 0
0 0
0 0
0 0
0 0
0 0
0 0
0 0
0 0
0 0
0 0
0 0
0 0
0 0
0 0
0 0
0 0
0 0
0 0
0 0
0 0
0 0
0 0
0 0
0 0
0 0
0 0
0 0
0 0
0 0
0 0
0 0
0 0
0 0
0 0
0 0
0 0
0 0
0 0
0 0
0 0
0 0
0 0
0 0
0 0
0 0
0 0
0 0
0 0
0 0
0 0
0 0
0 0
0 0
0 0
0 0
0 0
0 0
0 0
0 0
0 0
0 0
0 0
0 0
0 0
0 0
0 0
0 0
0 0
0 0
0 0
0 0
0 0
0 0
0 0
0 0
0 0
0 0
0 0
0 0
0 0
0 0
0 0
0 0
0 0
0 0
0 0
0 0
0 0
0 0
0 0
0 0
0 0
0 0
0 0
0 0
0 0
0 0
0 0
0 0
0 0
0 0
0 0
0 0
0 0
0 0
0 0
0 0
0 0
0 0
0 0
0 0
0 0
0 0
0 0
0 0
0 0
0 0
0 0
0 0
0 0
0 0
0 0
0 0
0 0
0 0
0 0
0 0
0 0
0 0
0 0
0 0
0 0
0 0
0 0
0 0
0 0
0 0
0 0
0 0
0 0
0 0
0 0
0 0
0 0
0 0
0 0
0 0
0 0
0 0
0 0
0 0
0 0
0 0
0 0
0 0
0 0
0 0
0 0
0 0
0 0
0 0
0 0
0 0
0 0
0 0
0 0
0 0
0 0
0 0
0 0
0 0
0 0
0 0
0 0
0 0
0 0
0 0
0 0
0 0
0 0
0 0
0 0
0 0
0 0
0 0
0 0
0 0
0 0
0 0
0 0
0 0
0 0
0 0
0 0
0 0
0 0
0 0
0 0
0 0
0 0
0 0
0 0
0 0
0 0
0 0
0 0
0 0
0 0
0 0
0 0
0 0
0 0
0 0
0 0
0 0
0 0
0 0
0 0
0 0
0 0
0 0
0 0
0 0
0 0
0 0
0 0
0 0
0 0
0 0
0 0
0 0
0 0
0 0
0 0
0 0
0 0
0 0
0 0
0 0
0 0
0 0
0 0
0 0
0 0
0 0
0 0
0 0
0 0
0 0
0 0
0 0
0 0
0 0
0 0
0 0
0 0
0 0
0 0
0 0
0 0
0 0
0 0
0 0
0 0
0 0
0 0
0 0
0 0
0 0
0 0
0 0
0 0
0 0
0 0
0 0
0 0
0 0
0 0
0 0
0 0
0 0
0 0
0 0
0 0
0 0
0 0
0 0
0 0
0 0
0 0
0 0
0 0
0 0
0 0
0 0
0 0
0 0
0 0
0 0
0 0
0 0
0 0
0 0
0 0
0 0
0 0
0 0
0 0
0 0
0 0
0 0
0 0
0 0
0 0
0 0
0 0
0 0
0 0
0 0
0 0
0 0
0 0
0 0
0 0
0 0
0 0
0 0
0 0
0 0
0 0
0 0
0 0
0 0
0 0
0 0
0 0
0 0
0 0
0 0
0 0
0 0
0 0
0 0
0 0
0 0
0 0
0 0
0 0
0 0
0 0
0 0
0 0
0 0
0 0
0 0
0 0
0 0
0 0
0 0
0 0
0 0
0 0
0 0
0 0
0 0
0 0
0 0
0 0
0 0
0 0
0 0
0 0
0 0
0 0
0 0
0 0
0 0
0 0
0 0
0 0
0 0
0 0
0 0
0 0
0 0
0 0
0 0
0 0
0 0
0 0
0 0
0 0
0 0
0 0
0 0
0 0
0 0
0 0
0 0
0 0
0 0
0 0
0 0
0 0
0 0
0 0
0 0
0 0
0 0
0 0
0 0
0 0
0 0
0 0
0 0
0 0
0 0
0 0
0 0
0 0
0 0
0 0
0 0
0 0
0 0
0 0
0 0
0 0
0 0
0 0
0 0
0 0
0 0
0 0
0 0
0 0
0 0
0 0
0 0
0 0
0 0
0 0
0 0
0 0
0 0
0 0
0 0
0 0
0 0
0 0
0 0
0 0
0 0
0 0
0 0
0 0
0 0
0 0
0 0
0 0
0 0
0 0
0 0
0 0
0 0
0 0
0 0
0 0
0 0
0 0
0 0
0 0
0 0
0 0
0 0
0 0
0 0
0 0
0 0
0 0
0 0
0 0
0 0
0 0
0 0
0 0
0 0
0 0
0 0
0 0
0 0
0 0
0 0
0 0
0 0
0 0
0 0
0 0
0 0
0 0
0 0
0 0
0 0
0 0
0 0
0 0
0 0
0 0
0 0
0 0
0 0
0 0
0 0
0 0
0 0
0 0
0 0
0 0
0 0
0 0
0 0
0 0
0 0
0 0
0 0
0 0
0 0
0 0
0 0
0 0
0 0
0 0
0 0
0 0
0 0
0 0
0 0
0 0
0 0
0 0
0 0
0 0
0 0
0 0
0 0
0 0
0 0
0 0
0 0
0 0
0 0
0 0
0 0
0 0
0 0
0 0
0 0
0 0
0 0
0 0
0 0
0 0
0 0
0 0
0 0
0 0
0 0
0 0
0 0
0 0
0 0
0 0
0 0
0 0
0 0
0 0
0 0
0 0
0 0
0 0
0 0
0 0
0 0
0 0
0 0
0 0
0 0
0 0
0 0
0 0
0 0
0 0
0 0
0 0
0 0
0 0
0 0
0 0
0 0
0 0
0 0
0 0
0 0
0 0
0 0
0 0
0 0
0 0
0 0
0 0
0 0
0 0
0 0
0 0
0 0
0 0
0 0
0 0
0 0
0 0
0 0
0 0
0 0
0 0
0 0
0 0
0 0
0 0
0 0
0 0
0 0
0 0
0 0
0 0
0 0
0 0
0 0
0 0
0 0
0 0
0 0
0 0
0 0
0 0
0 0
0 0
0 0
0 0
0 0
0 0
0 0
0 0
0 0
0 0
0 0
0 0
0 0
0 0
0 0
0 0
0 0
0 0
0 0
0 0
0 0
0 0
