4890 7.85655
9779 5.33243
14669 4.01176
19558 3.21398
24448 2.69018
29337 2.32486
34227 2.06051
39116 1.85775
44006 1.70252
48895 1.5748
53785 1.47432
58674 1.38656
63564 1.31701
68453 1.2526
73343 1.20201
78232 1.15233
83122 1.11421
88011 1.0744
92901 1.04496
97790 1.01205
102680 0.988901
107569 0.961009
112459 0.942563
117348 0.918422
122238 0.903611
127127 0.882359
132017 0.87043
136906 0.851451
141796 0.841845
146685 0.824694
151575 0.817016
156464 0.801357
161354 0.795283
166243 0.780856
171133 0.776135
176022 0.762737
180912 0.759177
185801 0.74665
190691 0.744094
195580 0.732314
200470 0.730628
205359 0.719485
210249 0.71856
215138 0.70797
220028 0.707717
224917 0.697608
229807 0.697948
234696 0.688258
239586 0.689127
244475 0.679809
249365 0.681151
254254 0.672163
259144 0.673931
264033 0.665235
268923 0.667384
273812 0.658945
278702 0.661437
283591 0.653228
288481 0.65603
293370 0.648025
298260 0.651107
303149 0.643284
308039 0.646621
312928 0.638962
317818 0.64253
322707 0.63502
327597 0.638798
332486 0.631421
337376 0.635393
342265 0.628138
347155 0.632286
352044 0.625142
356934 0.629452
361823 0.622408
366713 0.626867
371602 0.619914
376492 0.624509
381381 0.617639
386271 0.62236
391160 0.615564
396050 0.620401
400939 0.613675
405829 0.618619
410718 0.611956
415608 0.616998
420497 0.610392
425387 0.615523
430276 0.60897
435166 0.614185
440055 0.607681
444945 0.612973
449834 0.606514
454724 0.611879
459613 0.605461
464503 0.610891
469392 0.604511
474282 0.610002
479171 0.603656
484061 0.609203
488950 0.602888
493840 0.608487
498729 0.602201
503619 0.607848
508508 0.60159
513398 0.607282
518287 0.601049
523177 0.606781
528066 0.600571
532956 0.606342
537845 0.600153
542735 0.605959
547624 0.59979
552514 0.605629
557403 0.599478
562293 0.605348
567182 0.599214
572072 0.605112
576961 0.598995
581851 0.604919
586740 0.598816
591630 0.604765
596519 0.598676
601409 0.604647
606298 0.598571
611188 0.604563
616077 0.598499
620967 0.604511
625856 0.598457
630746 0.604487
635635 0.598443
640525 0.60449
645414 0.598455
650304 0.604517
655193 0.598491
660083 0.604567
664972 0.59855
669862 0.604639
674751 0.598629
679641 0.604731
684530 0.598728
689420 0.604842
694309 0.598845
699199 0.604969
704088 0.598979
708978 0.605113
713867 0.599129
718757 0.605271
723646 0.599292
728536 0.605443
733425 0.599468
738315 0.605627
743204 0.599657
748094 0.605822
752983 0.599856
757873 0.606027
762762 0.600065
767652 0.606242
772541 0.600284
777431 0.606466
782320 0.600511
787210 0.606698
792099 0.600746
796989 0.606937
801878 0.600989
806768 0.607184
811657 0.601238
816547 0.607437
821436 0.601494
826326 0.607696
831215 0.601755
836105 0.60796
840994 0.602021
845884 0.608229
850773 0.602293
855663 0.608503
860552 0.602568
865442 0.608781
870331 0.602848
875221 0.609062
880110 0.603131
885000 0.609347
889889 0.603418
894779 0.609635
899668 0.603707
904558 0.609925
909447 0.604
914337 0.610218
919226 0.604294
924116 0.610514
929005 0.604591
933895 0.610811
938784 0.604889
943674 0.61111
948563 0.605189
953453 0.61141
958342 0.60549
963232 0.611711
968121 0.605793
973011 0.612014
977900 0.606096
982790 0.612317
987679 0.6064
992569 0.612621
997458 0.606705
1002348 0.612925
1007237 0.60701
1012127 0.61323
1017016 0.607315
1021906 0.613535
1026795 0.607621
1031685 0.61384
1036574 0.607927
1041464 0.614145
1046353 0.608233
1051243 0.61445
1056132 0.608538
1061022 0.614755
1065911 0.608843
1070801 0.615059
1075690 0.609148
1080580 0.615363
1085469 0.609453
1090359 0.615667
1095248 0.609757
1100138 0.61597
1105027 0.610061
1109917 0.616272
1114806 0.610364
1119696 0.616574
1124585 0.610666
1129475 0.616875
1134364 0.610968
1139254 0.617175
1144143 0.611268
1149033 0.617475
1153922 0.611568
1158812 0.617773
1163701 0.611867
1168591 0.618071
1173480 0.612165
1178370 0.618367
1183259 0.612462
1188149 0.618663
1193038 0.612758
1197928 0.618957
1202817 0.613052
1207707 0.619251
1212596 0.613346
1217486 0.619543
1222375 0.613638
1227265 0.619834
1232154 0.61393
1237044 0.620123
1241933 0.61422
1246823 0.620412
1251712 0.614508
1256602 0.620699
1261491 0.614796
1266381 0.620985
1271270 0.615082
1276160 0.62127
1281049 0.615367
1285939 0.621553
1290828 0.615651
1295718 0.621835
1300607 0.615933
1305497 0.622115
1310386 0.616214
1315276 0.622395
1320165 0.616493
1325055 0.622672
1329944 0.616771
1334834 0.622949
1339723 0.617048
1344613 0.623224
1349502 0.617323
1354392 0.623497
1359281 0.617597
1364171 0.62377
1369060 0.617869
1373950 0.62404
1378839 0.618141
1383729 0.62431
1388618 0.61841
1393508 0.624578
1398397 0.618679
1403287 0.624845
1408176 0.618946
1413066 0.62511
1417955 0.619211
1422845 0.625374
1427734 0.619475
1432624 0.625637
1437513 0.619738
1442403 0.625898
1447292 0.62
1452182 0.626158
1457071 0.62026
1461961 0.626416
1466850 0.620518
1471740 0.626673
1476629 0.620776
1481519 0.626929
1486408 0.621031
1491298 0.627183
1496187 0.621286
1501077 0.627436
1505966 0.621539
1510856 0.627688
1515745 0.621791
1520635 0.627938
1525524 0.622041
1530414 0.628187
1535303 0.62229
1540193 0.628434
1545082 0.622538
1549972 0.62868
1554861 0.622784
1559751 0.628925
1564640 0.623029
1569530 0.629168
1574419 0.623273
1579309 0.629411
1584198 0.623515
1589088 0.629651
1593977 0.623756
1598867 0.629891
1603756 0.623996
1608646 0.630129
1613535 0.624234
1618425 0.630366
1623314 0.624471
1628204 0.630601
1633093 0.624707
1637983 0.630835
1642872 0.624942
1647762 0.631068
1652651 0.625175
1657541 0.6313
1662430 0.625407
1667320 0.631531
1672209 0.625637
1677099 0.63176
1681988 0.625867
1686878 0.631988
1691767 0.626095
1696657 0.632215
1701546 0.626322
1706436 0.63244
1711325 0.626548
1716215 0.632665
1721104 0.626772
1725994 0.632888
1730883 0.626996
1735773 0.63311
1740662 0.627218
1745552 0.633331
1750441 0.627439
1755331 0.63355
1760220 0.627659
1765110 0.633769
1769999 0.627878
1774889 0.633986
1779778 0.628095
1784668 0.634202
1789557 0.628312
1794447 0.634417
1799336 0.628527
1804226 0.634631
1809115 0.628741
1814005 0.634844
1818894 0.628954
1823784 0.635056
1828673 0.629166
1833563 0.635267
1838452 0.629377
1843342 0.635477
1848231 0.629587
1853121 0.635685
1858010 0.629796
1862900 0.635893
1867789 0.630004
1872679 0.636099
1877568 0.630211
1882458 0.636305
1887347 0.630417
1892237 0.636509
1897126 0.630621
1902016 0.636713
1906905 0.630825
1911795 0.636915
1916684 0.631028
1921574 0.637117
1926463 0.63123
1931353 0.637318
1936242 0.63143
1941132 0.637517
1946021 0.63163
1950911 0.637716
1955800 0.631829
1960690 0.637913
1965579 0.632027
1970469 0.63811
1975358 0.632224
1980248 0.638306
1985137 0.63242
1990027 0.638501
1994916 0.632615
1999806 0.638695
2004695 0.632809
2009585 0.638888
2014474 0.633003
2019364 0.63908
2024253 0.633195
2029143 0.639271
2034032 0.633387
2038922 0.639462
2043811 0.633577
2048701 0.639651
2053590 0.633767
2058480 0.63984
2063369 0.633956
2068259 0.640028
2073148 0.634144
2078038 0.640215
2082927 0.634331
2087817 0.640401
2092706 0.634518
2097596 0.640586
2102485 0.634703
2107375 0.64077
2112264 0.634888
2117154 0.640954
2122043 0.635072
2126933 0.641137
2131822 0.635255
2136712 0.641319
2141601 0.635437
2146491 0.6415
2151380 0.635618
2156270 0.641681
2161159 0.635799
2166049 0.64186
2170938 0.635979
2175828 0.642039
2180717 0.636158
2185607 0.642217
2190496 0.636336
2195386 0.642394
2200275 0.636514
2205165 0.642571
2210054 0.636691
2214944 0.642747
2219833 0.636867
2224723 0.642922
2229612 0.637042
2234502 0.643096
2239391 0.637217
2244281 0.64327
2249170 0.63739
2254060 0.643443
2258949 0.637564
2263839 0.643615
2268728 0.637736
2273618 0.643786
2278507 0.637908
2283397 0.643957
2288286 0.638079
2293176 0.644127
2298065 0.638249
2302955 0.644296
2307844 0.638419
2312734 0.644465
2317623 0.638588
2322513 0.644633
2327402 0.638756
2332292 0.644801
2337181 0.638924
2342071 0.644967
2346960 0.639091
2351850 0.645133
2356739 0.639257
2361629 0.645299
2366518 0.639423
2371408 0.645464
2376297 0.639588
2381187 0.645628
2386076 0.639752
2390966 0.645791
2395855 0.639916
2400745 0.645954
2405634 0.640079
2410524 0.646116
2415413 0.640241
2420303 0.646278
2425192 0.640403
2430082 0.646439
2434971 0.640565
2439861 0.646599
2444750 0.640725
2449640 0.646759
2454529 0.640885
2459419 0.646918
2464308 0.641045
2469198 0.647077
2474087 0.641204
2478977 0.647235
2483866 0.641362
2488756 0.647393
2493645 0.64152
2498535 0.64755
2503424 0.641677
2508314 0.647706
2513203 0.641834
2518093 0.647862
2522982 0.64199
2527872 0.648017
2532761 0.642145
2537651 0.648172
2542540 0.6423
2547430 0.648326
2552319 0.642455
2557209 0.648479
2562098 0.642609
2566988 0.648632
2571877 0.642762
2576767 0.648785
2581656 0.642915
2586546 0.648937
2591435 0.643067
2596325 0.649088
2601214 0.643219
2606104 0.649239
2610993 0.64337
2615883 0.64939
2620772 0.643521
2625662 0.64954
2630551 0.643671
2635441 0.649689
2640330 0.64382
2645220 0.649838
2650109 0.64397
2654999 0.649986
2659888 0.644118
2664778 0.650134
2669667 0.644266
2674557 0.650282
2679446 0.644414
2684336 0.650428
2689225 0.644561
2694115 0.650575
2699004 0.644708
2703894 0.650721
2708783 0.644854
2713673 0.650866
2718562 0.645
2723452 0.651011
2728341 0.645145
2733231 0.651156
2738120 0.64529
2743010 0.6513
2747899 0.645434
2752789 0.651444
2757678 0.645578
2762568 0.651587
2767457 0.645722
2772347 0.651729
2777236 0.645865
2782126 0.651872
2787015 0.646007
2791905 0.652014
2796794 0.646149
2801684 0.652155
2806573 0.646291
2811463 0.652296
2816352 0.646432
2821242 0.652436
2826131 0.646573
2831021 0.652576
2835910 0.646713
2840800 0.652716
2845689 0.646853
2850579 0.652855
2855468 0.646993
2860358 0.652994
2865247 0.647132
2870137 0.653132
2875026 0.64727
2879916 0.65327
2884805 0.647409
2889695 0.653408
2894584 0.647546
2899474 0.653545
2904363 0.647684
2909253 0.653682
2914142 0.647821
2919032 0.653818
2923921 0.647957
2928811 0.653954
2933700 0.648094
2938590 0.65409
2943479 0.648229
2948369 0.654225
2953258 0.648365
2958148 0.65436
2963037 0.6485
2967927 0.654494
2972816 0.648635
2977706 0.654628
2982595 0.648769
2987485 0.654761
2992374 0.648903
2997264 0.654895
3002153 0.649036
3007043 0.655027
3011932 0.649169
3016822 0.65516
3021711 0.649302
3026601 0.655292
3031490 0.649434
3036380 0.655424
3041269 0.649566
3046159 0.655555
3051048 0.649698
3055938 0.655686
3060827 0.649829
3065717 0.655817
3070606 0.64996
3075496 0.655947
3080385 0.650091
3085275 0.656077
3090164 0.650221
3095054 0.656206
3099943 0.650351
3104833 0.656336
3109722 0.65048
3114612 0.656464
3119501 0.650609
3124391 0.656593
3129280 0.650738
3134170 0.656721
3139059 0.650866
3143949 0.656849
3148838 0.650994
3153728 0.656976
3158617 0.651122
3163507 0.657103
3168396 0.651249
3173286 0.65723
3178175 0.651377
3183065 0.657357
3187954 0.651503
3192844 0.657483
3197733 0.65163
3202623 0.657609
3207512 0.651756
3212402 0.657734
3217291 0.651881
3222181 0.657859
3227070 0.652007
3231960 0.657984
3236849 0.652132
3241739 0.658108
3246628 0.652257
3251518 0.658233
3256407 0.652381
3261297 0.658357
3266186 0.652505
3271076 0.65848
3275965 0.652629
3280855 0.658603
3285744 0.652753
3290634 0.658726
3295523 0.652876
3300413 0.658849
3305302 0.652999
3310192 0.658971
3315081 0.653121
3319971 0.659093
3324860 0.653243
3329750 0.659215
3334639 0.653365
3339529 0.659336
3344418 0.653487
3349308 0.659457
3354197 0.653608
3359087 0.659578
3363976 0.653729
3368866 0.659698
3373755 0.65385
3378645 0.659819
3383534 0.653971
3388424 0.659938
3393313 0.654091
3398203 0.660058
3403092 0.654211
3407982 0.660177
3412871 0.65433
3417761 0.660296
3422650 0.654449
3427540 0.660415
3432429 0.654568
3437319 0.660534
3442208 0.654687
3447098 0.660652
3451987 0.654806
3456877 0.66077
3461766 0.654924
3466656 0.660887
3471545 0.655042
3476435 0.661004
3481324 0.655159
3486214 0.661122
3491103 0.655276
3495993 0.661238
3500882 0.655393
3505772 0.661355
3510661 0.65551
3515551 0.661471
3520440 0.655627
3525330 0.661587
3530219 0.655743
3535109 0.661703
3539998 0.655859
3544888 0.661818
3549777 0.655975
3554667 0.661933
3559556 0.65609
3564446 0.662048
3569335 0.656205
3574225 0.662163
3579114 0.65632
3584004 0.662277
3588893 0.656435
3593783 0.662391
3598672 0.656549
3603562 0.662505
3608451 0.656663
3613341 0.662618
3618230 0.656777
3623120 0.662732
3628009 0.65689
3632899 0.662845
3637788 0.657004
3642678 0.662958
3647567 0.657117
3652457 0.66307
3657346 0.65723
3662236 0.663182
3667125 0.657342
3672015 0.663294
3676904 0.657454
3681794 0.663406
3686683 0.657567
3691573 0.663518
3696462 0.657678
3701352 0.663629
3706241 0.65779
3711131 0.66374
3716020 0.657901
3720910 0.663851
3725799 0.658012
3730689 0.663962
3735578 0.658123
3740468 0.664072
3745357 0.658234
3750247 0.664182
3755136 0.658344
3760026 0.664292
3764915 0.658454
3769805 0.664401
3774694 0.658564
3779584 0.664511
3784473 0.658674
3789363 0.66462
3794252 0.658783
3799142 0.664729
3804031 0.658892
3808921 0.664838
3813810 0.659001
3818700 0.664946
3823589 0.65911
3828479 0.665054
3833368 0.659218
3838258 0.665162
3843147 0.659327
3848037 0.66527
3852926 0.659435
3857816 0.665377
3862705 0.659542
3867595 0.665485
3872484 0.65965
3877374 0.665592
3882263 0.659757
3887153 0.665699
3892042 0.659864
3896932 0.665805
3901821 0.659971
3906711 0.665912
3911600 0.660078
3916490 0.666018
3921379 0.660184
3926269 0.666124
3931158 0.66029
3936048 0.66623
3940937 0.660396
3945827 0.666335
3950716 0.660502
3955606 0.66644
3960495 0.660608
3965385 0.666545
3970274 0.660713
3975164 0.66665
3980053 0.660818
3984943 0.666755
3989832 0.660923
3994722 0.666859
3999611 0.661028
4004501 0.666964
4009390 0.661132
4014280 0.667068
4019169 0.661237
4024059 0.667171
4028948 0.661341
4033838 0.667275
4038727 0.661445
4043617 0.667378
4048506 0.661548
4053396 0.667482
4058285 0.661652
4063175 0.667585
4068064 0.661755
4072954 0.667687
4077843 0.661858
4082733 0.66779
4087622 0.661961
4092512 0.667892
4097401 0.662063
4102291 0.667994
4107180 0.662166
4112070 0.668096
4116959 0.662268
4121849 0.668198
4126738 0.66237
4131628 0.6683
4136517 0.662472
4141407 0.668401
4146296 0.662573
4151186 0.668502
4156075 0.662675
4160965 0.668603
4165854 0.662776
4170744 0.668704
4175633 0.662877
4180523 0.668804
4185412 0.662978
4190302 0.668905
4195191 0.663078
4200081 0.669005
4204970 0.663179
4209860 0.669105
4214749 0.663279
4219639 0.669205
4224528 0.663379
4229418 0.669304
4234307 0.663479
4239197 0.669404
4244086 0.663579
4248976 0.669503
4253865 0.663678
4258755 0.669602
4263644 0.663777
4268534 0.669701
4273423 0.663876
4278313 0.6698
4283202 0.663975
4288092 0.669898
4292981 0.664074
4297871 0.669996
4302760 0.664173
4307650 0.670094
4312539 0.664271
4317429 0.670192
4322318 0.664369
4327208 0.67029
4332097 0.664467
4336987 0.670387
4341876 0.664565
4346766 0.670485
4351655 0.664662
4356545 0.670582
4361434 0.66476
4366324 0.670679
4371213 0.664857
4376103 0.670776
4380992 0.664954
4385882 0.670872
4390771 0.665051
4395661 0.670969
4400550 0.665148
4405440 0.671065
4410329 0.665244
4415219 0.671161
4420108 0.665341
4424998 0.671257
4429887 0.665437
4434777 0.671353
4439666 0.665533
4444556 0.671448
4449445 0.665628
4454335 0.671544
4459224 0.665724
4464114 0.671639
4469003 0.66582
4473893 0.671734
4478782 0.665915
4483672 0.671829
4488561 0.66601
4493451 0.671924
4498340 0.666105
4503230 0.672018
4508119 0.6662
4513009 0.672112
4517898 0.666294
4522788 0.672207
4527677 0.666389
4532567 0.6723
4537456 0.666483
4542346 0.672394
4547235 0.666577
4552125 0.672488
4557014 0.666671
4561904 0.672581
4566793 0.666764
4571683 0.672675
4576572 0.666858
4581462 0.672768
4586351 0.666951
4591241 0.672861
4596130 0.667045
4601020 0.672954
4605909 0.667138
4610799 0.673046
4615688 0.667231
4620578 0.673139
4625467 0.667323
4630357 0.673231
4635246 0.667416
4640136 0.673323
4645025 0.667508
4649915 0.673415
4654804 0.667601
4659694 0.673507
4664583 0.667693
4669473 0.673599
4674362 0.667785
4679252 0.67369
4684141 0.667876
4689031 0.673782
4693920 0.667968
4698810 0.673873
4703699 0.668059
4708589 0.673964
4713478 0.668151
4718368 0.674055
4723257 0.668242
4728147 0.674145
4733036 0.668333
4737926 0.674236
4742815 0.668423
4747705 0.674326
4752594 0.668514
4757484 0.674417
4762373 0.668604
4767263 0.674507
4772152 0.668695
4777042 0.674597
4781931 0.668785
4786821 0.674686
4791710 0.668875
4796600 0.674776
4801489 0.668965
4806379 0.674865
4811268 0.669054
4816158 0.674955
4821047 0.669144
4825937 0.675044
4830826 0.669233
4835716 0.675133
4840605 0.669323
4845495 0.675222
4850384 0.669412
4855274 0.67531
4860163 0.6695
4865053 0.675399
4869942 0.669589
4874832 0.675487
4879721 0.669678
4884611 0.675575
4889500 0.669766
4894390 0.675663
4899279 0.669855
4904169 0.675751
4909058 0.669943
4913948 0.675839
4918837 0.670031
4923727 0.675927
4928616 0.670119
4933506 0.676014
4938395 0.670206
4943285 0.676101
4948174 0.670294
4953064 0.676189
4957953 0.670381
4962843 0.676276
4967732 0.670468
4972622 0.676362
4977511 0.670556
4982401 0.676449
4987290 0.670643
4992180 0.676536
4997069 0.670729
5001959 0.676622
5006848 0.670816
5011738 0.676708
5016627 0.670903
5021517 0.676795
5026406 0.670989
5031296 0.676881
5036185 0.671075
5041075 0.676966
5045964 0.671161
5050854 0.677052
5055743 0.671247
5060633 0.677138
5065522 0.671333
5070412 0.677223
5075301 0.671419
5080191 0.677308
5085080 0.671504
5089970 0.677394
5094859 0.67159
5099749 0.677479
5104638 0.671675
5109528 0.677563
5114417 0.67176
5119307 0.677648
5124196 0.671845
5129086 0.677733
5133975 0.67193
5138865 0.677817
5143754 0.672014
5148644 0.677901
5153533 0.672099
5158423 0.677986
5163312 0.672183
5168202 0.67807
5173091 0.672267
5177981 0.678154
5182870 0.672352
5187760 0.678237
5192649 0.672436
5197539 0.678321
5202428 0.672519
5207318 0.678404
5212207 0.672603
5217097 0.678488
5221986 0.672687
5226876 0.678571
5231765 0.67277
5236655 0.678654
5241544 0.672853
5246434 0.678737
5251323 0.672937
5256213 0.67882
5261102 0.67302
5265992 0.678902
5270881 0.673102
5275771 0.678985
5280660 0.673185
5285550 0.679067
5290439 0.673268
5295329 0.679149
5300218 0.67335
5305108 0.679232
5309997 0.673433
5314887 0.679314
5319776 0.673515
5324666 0.679395
5329555 0.673597
5334445 0.679477
5339334 0.673679
5344224 0.679559
5349113 0.673761
5354003 0.67964
5358892 0.673842
5363782 0.679722
5368671 0.673924
5373561 0.679803
5378450 0.674005
5383340 0.679884
5388229 0.674087
5393119 0.679965
5398008 0.674168
5402898 0.680046
5407787 0.674249
5412677 0.680126
5417566 0.67433
5422456 0.680207
5427345 0.674411
5432235 0.680287
5437124 0.674491
5442014 0.680368
5446903 0.674572
5451793 0.680448
5456682 0.674652
5461572 0.680528
5466461 0.674732
5471351 0.680608
5476240 0.674813
5481130 0.680688
5486019 0.674893
5490909 0.680767
5495798 0.674973
5500688 0.680847
5505577 0.675052
5510467 0.680926
5515356 0.675132
5520246 0.681006
5525135 0.675212
5530025 0.681085
5534914 0.675291
5539804 0.681164
5544693 0.67537
5549583 0.681243
5554472 0.675449
5559362 0.681321
5564251 0.675528
5569141 0.6814
5574030 0.675607
5578920 0.681479
5583809 0.675686
5588699 0.681557
5593588 0.675765
5598478 0.681635
5603367 0.675843
5608257 0.681714
5613146 0.675922
5618036 0.681792
5622925 0.676
5627815 0.68187
5632704 0.676078
5637594 0.681947
5642483 0.676156
5647373 0.682025
5652262 0.676234
5657152 0.682103
5662041 0.676312
5666931 0.68218
5671820 0.67639
5676710 0.682258
5681599 0.676467
5686489 0.682335
5691378 0.676545
5696268 0.682412
5701157 0.676622
5706047 0.682489
5710936 0.676699
5715826 0.682566
5720715 0.676776
5725605 0.682642
5730494 0.676853
5735384 0.682719
5740273 0.67693
5745163 0.682796
5750052 0.677007
5754942 0.682872
5759831 0.677083
5764721 0.682948
5769610 0.67716
5774500 0.683025
5779389 0.677236
5784279 0.683101
5789168 0.677313
5794058 0.683176
5798947 0.677389
5803837 0.683252
5808726 0.677465
5813616 0.683328
5818505 0.677541
5823395 0.683404
5828284 0.677616
5833174 0.683479
5838063 0.677692
5842953 0.683554
5847842 0.677768
5852732 0.68363
5857621 0.677843
5862511 0.683705
5867400 0.677919
5872290 0.68378
5877179 0.677994
5882069 0.683855
5886958 0.678069
5891848 0.68393
5896737 0.678144
5901627 0.684004
5906516 0.678219
5911406 0.684079
5916295 0.678294
5921185 0.684153
5926074 0.678368
5930964 0.684228
5935853 0.678443
5940743 0.684302
5945632 0.678517
5950522 0.684376
5955411 0.678592
5960301 0.68445
5965190 0.678666
5970080 0.684524
5974969 0.67874
5979859 0.684598
5984748 0.678814
5989638 0.684671
5994527 0.678888
5999417 0.684745
6004306 0.678962
6009196 0.684818
6014085 0.679035
6018975 0.684892
6023864 0.679109
6028754 0.684965
6033643 0.679182
6038533 0.685038
6043422 0.679256
6048312 0.685111
6053201 0.679329
6058091 0.685184
6062980 0.679402
6067870 0.685257
6072759 0.679475
6077649 0.68533
6082538 0.679548
6087428 0.685402
6092317 0.679621
6097207 0.685475
6102096 0.679694
6106986 0.685547
6111875 0.679766
6116765 0.685619
6121654 0.679839
6126544 0.685692
6131433 0.679911
6136323 0.685764
6141212 0.679983
6146102 0.685836
6150991 0.680056
6155881 0.685907
6160770 0.680128
6165660 0.685979
6170549 0.6802
6175439 0.686051
6180328 0.680271
6185218 0.686122
6190107 0.680343
6194997 0.686194
6199886 0.680415
6204776 0.686265
6209665 0.680486
6214555 0.686336
6219444 0.680558
6224334 0.686407
6229223 0.680629
6234113 0.686478
6239002 0.6807
6243892 0.686549
6248781 0.680772
6253671 0.68662
6258560 0.680843
6263450 0.686691
6268339 0.680913
6273229 0.686762
6278118 0.680984
6283008 0.686832
6287897 0.681055
6292787 0.686902
6297676 0.681126
6302566 0.686973
6307455 0.681196
6312345 0.687043
6317234 0.681267
6322124 0.687113
6327013 0.681337
6331903 0.687183
6336792 0.681407
6341682 0.687253
6346571 0.681477
6351461 0.687323
6356350 0.681547
6361240 0.687392
6366129 0.681617
6371019 0.687462
6375908 0.681687
6380798 0.687532
6385687 0.681757
6390577 0.687601
6395466 0.681826
6400356 0.68767
6405245 0.681896
6410135 0.687739
6415024 0.681965
6419914 0.687809
6424803 0.682034
6429693 0.687878
6434582 0.682104
6439472 0.687946
6444361 0.682173
6449251 0.688015
6454140 0.682242
6459030 0.688084
6463919 0.682311
6468809 0.688153
6473698 0.68238
6478588 0.688221
6483477 0.682448
6488367 0.688289
6493256 0.682517
6498146 0.688358
6503035 0.682585
6507925 0.688426
6512814 0.682654
6517704 0.688494
6522593 0.682722
6527483 0.688562
6532372 0.68279
6537262 0.68863
6542151 0.682859
6547041 0.688698
6551930 0.682927
6556820 0.688766
6561709 0.682995
6566599 0.688833
6571488 0.683062
6576378 0.688901
6581267 0.68313
6586157 0.688968
6591046 0.683198
6595936 0.689036
6600825 0.683265
6605715 0.689103
6610604 0.683333
6615494 0.68917
6620383 0.6834
6625273 0.689237
6630162 0.683468
6635052 0.689304
6639941 0.683535
6644831 0.689371
6649720 0.683602
6654610 0.689438
6659499 0.683669
6664389 0.689505
6669278 0.683736
6674168 0.689571
6679057 0.683803
6683947 0.689638
6688836 0.683869
6693726 0.689704
6698615 0.683936
6703505 0.689771
6708394 0.684003
6713284 0.689837
6718173 0.684069
6723063 0.689903
6727952 0.684135
6732842 0.689969
6737731 0.684202
6742621 0.690035
6747510 0.684268
6752400 0.690101
6757289 0.684334
6762179 0.690167
6767068 0.6844
6771958 0.690232
6776847 0.684466
6781737 0.690298
6786626 0.684532
6791516 0.690364
6796405 0.684597
6801295 0.690429
6806184 0.684663
6811074 0.690494
6815963 0.684728
6820853 0.69056
6825742 0.684794
6830632 0.690625
6835521 0.684859
6840411 0.69069
6845300 0.684925
6850190 0.690755
6855079 0.68499
6859969 0.69082
6864858 0.685055
6869748 0.690884
6874637 0.68512
6879527 0.690949
6884416 0.685185
6889306 0.691014
6894195 0.68525
6899085 0.691078
6903974 0.685314
6908864 0.691143
6913753 0.685379
6918643 0.691207
6923532 0.685444
6928422 0.691271
6933311 0.685508
6938201 0.691336
6943090 0.685572
6947980 0.6914
6952869 0.685637
6957759 0.691464
6962648 0.685701
6967538 0.691528
6972427 0.685765
6977317 0.691592
6982206 0.685829
6987096 0.691655
6991985 0.685893
6996875 0.691719
7001764 0.685957
7006654 0.691783
7011543 0.686021
7016433 0.691846
7021322 0.686084
7026212 0.69191
7031101 0.686148
7035991 0.691973
7040880 0.686212
7045770 0.692036
7050659 0.686275
7055549 0.692099
7060438 0.686338
7065328 0.692162
7070217 0.686402
7075107 0.692225
7079996 0.686465
7084886 0.692288
7089775 0.686528
7094665 0.692351
7099554 0.686591
7104444 0.692414
7109333 0.686654
7114223 0.692476
7119112 0.686717
7124002 0.692539
7128891 0.68678
7133781 0.692602
7138670 0.686842
7143560 0.692664
7148449 0.686905
7153339 0.692726
7158228 0.686967
7163118 0.692788
7168007 0.68703
7172897 0.692851
7177786 0.687092
7182676 0.692913
7187565 0.687154
7192455 0.692975
7197344 0.687217
7202234 0.693037
7207123 0.687279
7212013 0.693098
7216902 0.687341
7221792 0.69316
7226681 0.687403
7231571 0.693222
7236460 0.687465
7241350 0.693283
7246239 0.687526
7251129 0.693345
7256018 0.687588
7260908 0.693406
7265797 0.68765
7270687 0.693468
7275576 0.687711
7280466 0.693529
7285355 0.687773
7290245 0.69359
7295134 0.687834
7300024 0.693651
7304913 0.687895
7309803 0.693712
7314692 0.687957
7319582 0.693773
7324471 0.688018
7329361 0.693834
7334250 0.688079
7339140 0.693895
7344029 0.68814
7348919 0.693956
7353808 0.688201
7358698 0.694016
7363587 0.688261
7368477 0.694077
7373366 0.688322
7378256 0.694137
7383145 0.688383
7388035 0.694198
7392924 0.688443
7397814 0.694258
7402703 0.688504
7407593 0.694318
7412482 0.688564
7417372 0.694378
7422261 0.688625
7427151 0.694438
7432040 0.688685
7436930 0.694498
7441819 0.688745
7446709 0.694558
7451598 0.688805
7456488 0.694618
7461377 0.688865
7466267 0.694678
7471156 0.688925
7476046 0.694738
7480935 0.688985
7485825 0.694797
7490714 0.689045
7495604 0.694857
7500493 0.689105
7505383 0.694916
7510272 0.689164
7515162 0.694976
7520051 0.689224
7524941 0.695035
7529830 0.689283
7534720 0.695094
7539609 0.689343
7544499 0.695153
7549388 0.689402
7554278 0.695212
7559167 0.689461
7564057 0.695271
7568946 0.689521
7573836 0.69533
7578725 0.68958
7583615 0.695389
7588504 0.689639
7593394 0.695448
7598283 0.689698
7603173 0.695507
7608062 0.689757
7612952 0.695565
7617841 0.689815
7622731 0.695624
7627620 0.689874
7632510 0.695682
7637399 0.689933
7642289 0.695741
7647178 0.689991
7652068 0.695799
7656957 0.69005
7661847 0.695857
7666736 0.690108
7671626 0.695915
7676515 0.690167
7681405 0.695974
7686294 0.690225
7691184 0.696032
7696073 0.690283
7700963 0.69609
7705852 0.690341
7710742 0.696147
7715631 0.6904
7720521 0.696205
7725410 0.690458
7730300 0.696263
7735189 0.690515
7740079 0.696321
7744968 0.690573
7749858 0.696378
7754747 0.690631
7759637 0.696436
7764526 0.690689
7769416 0.696493
7774305 0.690746
7779195 0.696551
7784084 0.690804
7788974 0.696608
7793863 0.690861
7798753 0.696665
7803642 0.690919
7808532 0.696722
7813421 0.690976
7818311 0.696779
7823200 0.691034
7828090 0.696836
7832979 0.691091
7837869 0.696893
7842758 0.691148
7847648 0.69695
7852537 0.691205
7857427 0.697007
7862316 0.691262
7867206 0.697064
7872095 0.691319
7876985 0.69712
7881874 0.691376
7886764 0.697177
7891653 0.691432
7896543 0.697233
7901432 0.691489
7906322 0.69729
7911211 0.691546
7916101 0.697346
7920990 0.691602
7925880 0.697403
7930769 0.691659
7935659 0.697459
7940548 0.691715
7945438 0.697515
7950327 0.691772
7955217 0.697571
7960106 0.691828
7964996 0.697627
7969885 0.691884
7974775 0.697683
7979664 0.69194
7984554 0.697739
7989443 0.691996
7994333 0.697795
7999222 0.692052
8004112 0.69785
8009001 0.692108
8013891 0.697906
8018780 0.692164
8023670 0.697962
8028559 0.69222
8033449 0.698017
8038338 0.692276
8043228 0.698073
8048117 0.692331
8053007 0.698128
8057896 0.692387
8062786 0.698184
8067675 0.692442
8072565 0.698239
8077454 0.692498
8082344 0.698294
8087233 0.692553
8092123 0.698349
8097012 0.692609
8101902 0.698404
8106791 0.692664
8111681 0.698459
8116570 0.692719
8121460 0.698514
8126349 0.692774
8131239 0.698569
8136128 0.692829
8141018 0.698624
8145907 0.692884
8150797 0.698678
8155686 0.692939
8160576 0.698733
8165465 0.692994
8170355 0.698788
8175244 0.693049
8180134 0.698842
8185023 0.693103
8189913 0.698897
8194802 0.693158
8199692 0.698951
8204581 0.693213
8209471 0.699005
8214360 0.693267
8219250 0.69906
8224139 0.693322
8229029 0.699114
8233918 0.693376
8238808 0.699168
8243697 0.69343
8248587 0.699222
8253476 0.693485
8258366 0.699276
8263255 0.693539
8268145 0.69933
8273034 0.693593
8277924 0.699384
8282813 0.693647
8287703 0.699438
8292592 0.693701
8297482 0.699491
8302371 0.693755
8307261 0.699545
8312150 0.693809
8317040 0.699599
8321929 0.693862
8326819 0.699652
8331708 0.693916
8336598 0.699706
8341487 0.69397
8346377 0.699759
8351266 0.694023
8356156 0.699813
8361045 0.694077
8365935 0.699866
8370824 0.69413
8375714 0.699919
8380603 0.694184
8385493 0.699972
8390382 0.694237
8395272 0.700025
8400161 0.69429
8405051 0.700078
8409940 0.694344
8414830 0.700131
8419719 0.694397
8424609 0.700184
8429498 0.69445
8434388 0.700237
8439277 0.694503
8444167 0.70029
8449056 0.694556
8453946 0.700343
8458835 0.694609
8463725 0.700395
8468614 0.694662
8473504 0.700448
8478393 0.694714
8483283 0.7005
8488172 0.694767
8493062 0.700553
8497951 0.69482
8502841 0.700605
8507730 0.694872
8512620 0.700658
8517509 0.694925
8522399 0.70071
8527288 0.694977
8532178 0.700762
8537067 0.69503
8541957 0.700814
8546846 0.695082
8551736 0.700866
8556625 0.695134
8561515 0.700918
8566404 0.695186
8571294 0.70097
8576183 0.695239
8581073 0.701022
8585962 0.695291
8590852 0.701074
8595741 0.695343
8600631 0.701126
8605520 0.695395
8610410 0.701178
8615299 0.695447
8620189 0.701229
8625078 0.695498
8629968 0.701281
8634857 0.69555
8639747 0.701332
8644636 0.695602
8649526 0.701384
8654415 0.695654
8659305 0.701435
8664194 0.695705
8669084 0.701487
8673973 0.695757
8678863 0.701538
8683752 0.695808
8688642 0.701589
8693531 0.69586
8698421 0.70164
8703310 0.695911
8708200 0.701691
8713089 0.695962
8717979 0.701742
8722868 0.696013
8727758 0.701793
8732647 0.696065
8737537 0.701844
8742426 0.696116
8747316 0.701895
8752205 0.696167
8757095 0.701946
8761984 0.696218
8766874 0.701997
8771763 0.696269
8776653 0.702048
8781542 0.69632
8786432 0.702098
8791321 0.69637
8796211 0.702149
8801100 0.696421
8805990 0.702199
8810879 0.696472
8815769 0.70225
8820658 0.696523
8825548 0.7023
8830437 0.696573
8835327 0.702351
8840216 0.696624
8845106 0.702401
8849995 0.696674
8854885 0.702451
8859774 0.696725
8864664 0.702501
8869553 0.696775
8874443 0.702551
8879332 0.696825
8884222 0.702601
8889111 0.696875
8894001 0.702651
8898890 0.696926
8903780 0.702701
8908669 0.696976
8913559 0.702751
8918448 0.697026
8923338 0.702801
8928227 0.697076
8933117 0.702851
8938006 0.697126
8942896 0.702901
8947785 0.697176
8952675 0.70295
8957564 0.697225
8962454 0.703
8967343 0.697275
8972233 0.703049
8977122 0.697325
8982012 0.703099
8986901 0.697375
8991791 0.703148
8996680 0.697424
9001570 0.703198
9006459 0.697474
9011349 0.703247
9016238 0.697523
9021128 0.703296
9026017 0.697573
9030907 0.703345
9035796 0.697622
9040686 0.703395
9045575 0.697671
9050465 0.703444
9055354 0.697721
9060244 0.703493
9065133 0.69777
9070023 0.703542
9074912 0.697819
9079802 0.703591
9084691 0.697868
9089581 0.70364
9094470 0.697917
9099360 0.703688
9104249 0.697966
9109139 0.703737
9114028 0.698015
9118918 0.703786
9123807 0.698064
9128697 0.703834
9133586 0.698113
9138476 0.703883
9143365 0.698162
9148255 0.703932
9153144 0.69821
9158034 0.70398
9162923 0.698259
9167813 0.704028
9172702 0.698308
9177592 0.704077
9182481 0.698356
9187371 0.704125
9192260 0.698405
9197150 0.704173
9202039 0.698453
9206929 0.704222
9211818 0.698501
9216708 0.70427
9221597 0.69855
9226487 0.704318
9231376 0.698598
9236266 0.704366
9241155 0.698646
9246045 0.704414
9250934 0.698694
9255824 0.704462
9260713 0.698742
9265603 0.70451
9270492 0.698791
9275382 0.704558
9280271 0.698839
9285161 0.704605
9290050 0.698886
9294940 0.704653
9299829 0.698934
9304719 0.704701
9309608 0.698982
9314498 0.704748
9319387 0.69903
9324277 0.704796
9329166 0.699078
9334056 0.704844
9338945 0.699125
9343835 0.704891
9348724 0.699173
9353614 0.704938
9358503 0.699221
9363393 0.704986
9368282 0.699268
9373172 0.705033
9378061 0.699316
9382951 0.70508
9387840 0.699363
9392730 0.705128
9397619 0.69941
9402509 0.705175
9407398 0.699458
9412288 0.705222
9417177 0.699505
9422067 0.705269
9426956 0.699552
9431846 0.705316
9436735 0.699599
9441625 0.705363
9446514 0.699646
9451404 0.70541
9456293 0.699694
9461183 0.705456
9466072 0.699741
9470962 0.705503
9475851 0.699788
9480741 0.70555
9485630 0.699834
9490520 0.705597
9495409 0.699881
9500299 0.705643
9505188 0.699928
9510078 0.70569
9514967 0.699975
9519857 0.705736
9524746 0.700021
9529636 0.705783
9534525 0.700068
9539415 0.705829
9544304 0.700115
9549194 0.705876
9554083 0.700161
9558973 0.705922
9563862 0.700208
9568752 0.705968
9573641 0.700254
9578531 0.706014
9583420 0.700301
9588310 0.706061
9593199 0.700347
9598089 0.706107
9602978 0.700393
9607868 0.706153
9612757 0.700439
9617647 0.706199
9622536 0.700486
9627426 0.706245
9632315 0.700532
9637205 0.706291
9642094 0.700578
9646984 0.706337
9651873 0.700624
9656763 0.706382
9661652 0.70067
9666542 0.706428
9671431 0.700716
9676321 0.706474
9681210 0.700762
9686100 0.70652
9690989 0.700808
9695879 0.706565
9700768 0.700853
9705658 0.706611
9710547 0.700899
9715437 0.706656
9720326 0.700945
9725216 0.706702
9730105 0.70099
9734995 0.706747
9739884 0.701036
9744774 0.706793
9749663 0.701082
9754553 0.706838
9759442 0.701127
9764332 0.706883
9769221 0.701172
9774111 0.706928
9779000 0.701218
9783890 0.706974
9788779 0.701263
9793669 0.707019
9798558 0.701308
9803448 0.707064
9808337 0.701354
9813227 0.707109
9818116 0.701399
9823006 0.707154
9827895 0.701444
9832785 0.707199
9837674 0.701489
9842564 0.707244
9847453 0.701534
9852343 0.707288
9857232 0.701579
9862122 0.707333
9867011 0.701624
9871901 0.707378
9876790 0.701669
9881680 0.707423
9886569 0.701714
9891459 0.707467
9896348 0.701759
9901238 0.707512
9906127 0.701804
9911017 0.707557
9915906 0.701848
9920796 0.707601
9925685 0.701893
9930575 0.707645
9935464 0.701938
9940354 0.70769
9945243 0.701982
9950133 0.707734
9955022 0.702027
9959912 0.707779
9964801 0.702071
9969691 0.707823
9974580 0.702116
9979470 0.707867
9984359 0.70216
9989249 0.707911
9994138 0.702204
9999028 0.707955
0 0
0 0
0 0
0 0
0 0
0 0
0 0
0 0
0 0
0 0
0 0
0 0
0 0
0 0
0 0
0 0
0 0
0 0
0 0
0 0
0 0
0 0
0 0
0 0
0 0
0 0
0 0
0 0
0 0
0 0
0 0
0 0
0 0
0 0
0 0
0 0
0 0
0 0
0 0
0 0
0 0
0 0
0 0
0 0
0 0
0 0
0 0
0 0
0 0
0 0
0 0
0 0
0 0
0 0
0 0
0 0
0 0
0 0
0 0
0 0
0 0
0 0
0 0
0 0
0 0
0 0
0 0
0 0
0 0
0 0
0 0
0 0
0 0
0 0
0 0
0 0
0 0
0 0
0 0
0 0
0 0
0 0
0 0
0 0
0 0
0 0
0 0
0 0
0 0
0 0
0 0
0 0
0 0
0 0
0 0
0 0
0 0
0 0
0 0
0 0
0 0
0 0
0 0
0 0
0 0
0 0
0 0
0 0
0 0
0 0
0 0
0 0
0 0
0 0
0 0
0 0
0 0
0 0
0 0
0 0
0 0
0 0
0 0
0 0
0 0
0 0
0 0
0 0
0 0
0 0
0 0
0 0
0 0
0 0
0 0
0 0
0 0
0 0
0 0
0 0
0 0
0 0
0 0
0 0
0 0
0 0
0 0
0 0
0 0
0 0
0 0
0 0
0 0
0 0
0 0
0 0
0 0
0 0
0 0
0 0
0 0
0 0
0 0
0 0
0 0
0 0
0 0
0 0
0 0
0 0
0 0
0 0
0 0
0 0
0 0
0 0
0 0
0 0
0 0
0 0
0 0
0 0
0 0
0 0
0 0
0 0
0 0
0 0
0 0
0 0
0 0
0 0
0 0
0 0
0 0
0 0
0 0
0 0
0 0
0 0
0 0
0 0
0 0
0 0
0 0
0 0
0 0
0 0
0 0
0 0
0 0
0 0
0 0
0 0
0 0
0 0
0 0
0 0
0 0
0 0
0 0
0 0
0 0
0 0
0 0
0 0
0 0
0 0
0 0
0 0
0 0
0 0
0 0
0 0
0 0
0 0
0 0
0 0
0 0
0 0
0 0
0 0
0 0
0 0
0 0
0 0
0 0
0 0
0 0
0 0
0 0
0 0
0 0
0 0
0 0
0 0
0 0
0 0
0 0
0 0
0 0
0 0
0 0
0 0
0 0
0 0
0 0
0 0
0 0
0 0
0 0
0 0
0 0
0 0
0 0
0 0
0 0
0 0
0 0
0 0
0 0
0 0
0 0
0 0
0 0
0 0
0 0
0 0
0 0
0 0
0 0
0 0
0 0
0 0
0 0
0 0
0 0
0 0
0 0
0 0
0 0
0 0
0 0
0 0
0 0
0 0
0 0
0 0
0 0
0 0
0 0
0 0
0 0
0 0
0 0
0 0
0 0
0 0
0 0
0 0
0 0
0 0
0 0
0 0
0 0
0 0
0 0
0 0
0 0
0 0
0 0
0 0
0 0
0 0
0 0
0 0
0 0
0 0
0 0
0 0
0 0
0 0
0 0
0 0
0 0
0 0
0 0
0 0
0 0
0 0
0 0
0 0
0 0
0 0
0 0
0 0
0 0
0 0
0 0
0 0
0 0
0 0
0 0
0 0
0 0
0 0
0 0
0 0
0 0
0 0
0 0
0 0
0 0
0 0
0 0
0 0
0 0
0 0
0 0
0 0
0 0
0 0
0 0
0 0
0 0
0 0
0 0
0 0
0 0
0 0
0 0
0 0
0 0
0 0
0 0
0 0
0 0
0 0
0 0
0 0
0 0
0 0
0 0
0 0
0 0
0 0
0 0
0 0
0 0
0 0
0 0
0 0
0 0
0 0
0 0
0 0
0 0
0 0
0 0
0 0
0 0
0 0
0 0
0 0
0 0
0 0
0 0
0 0
0 0
0 0
0 0
0 0
0 0
0 0
0 0
0 0
0 0
0 0
0 0
0 0
0 0
0 0
0 0
0 0
0 0
0 0
0 0
0 0
0 0
0 0
0 0
0 0
0 0
0 0
0 0
0 0
0 0
0 0
0 0
0 0
0 0
0 0
0 0
0 0
0 0
0 0
0 0
0 0
0 0
0 0
0 0
0 0
0 0
0 0
0 0
0 0
0 0
0 0
0 0
0 0
0 0
0 0
0 0
0 0
0 0
0 0
0 0
0 0
0 0
0 0
0 0
0 0
0 0
0 0
0 0
0 0
0 0
0 0
0 0
0 0
0 0
0 0
0 0
0 0
0 0
0 0
0 0
0 0
0 0
0 0
0 0
0 0
0 0
0 0
0 0
0 0
0 0
0 0
0 0
0 0
0 0
0 0
0 0
0 0
0 0
0 0
0 0
0 0
0 0
0 0
0 0
0 0
0 0
0 0
0 0
0 0
0 0
0 0
0 0
0 0
0 0
0 0
0 0
0 0
0 0
0 0
0 0
0 0
0 0
0 0
0 0
0 0
0 0
0 0
0 0
0 0
0 0
0 0
0 0
0 0
0 0
0 0
0 0
0 0
0 0
0 0
0 0
0 0
0 0
0 0
0 0
0 0
0 0
0 0
0 0
0 0
0 0
0 0
0 0
0 0
0 0
0 0
0 0
0 0
0 0
0 0
0 0
0 0
0 0
0 0
0 0
0 0
0 0
0 0
0 0
0 0
0 0
0 0
0 0
0 0
0 0
0 0
0 0
0 0
0 0
0 0
0 0
0 0
0 0
0 0
0 0
0 0
0 0
0 0
0 0
0 0
0 0
0 0
0 0
0 0
0 0
0 0
0 0
0 0
0 0
0 0
0 0
0 0
0 0
0 0
0 0
0 0
0 0
0 0
0 0
0 0
0 0
0 0
0 0
0 0
0 0
0 0
0 0
0 0
0 0
0 0
0 0
0 0
0 0
0 0
0 0
0 0
0 0
0 0
0 0
0 0
0 0
0 0
0 0
0 0
0 0
0 0
0 0
0 0
0 0
0 0
0 0
0 0
0 0
0 0
0 0
0 0
0 0
0 0
0 0
0 0
0 0
0 0
0 0
0 0
0 0
0 0
0 0
0 0
0 0
0 0
0 0
0 0
0 0
0 0
0 0
0 0
0 0
0 0
0 0
0 0
0 0
0 0
0 0
0 0
0 0
0 0
0 0
0 0
0 0
0 0
0 0
0 0
0 0
0 0
0 0
0 0
0 0
0 0
0 0
0 0
0 0
0 0
0 0
0 0
0 0
0 0
0 0
0 0
0 0
0 0
0 0
0 0
0 0
0 0
0 0
0 0
0 0
0 0
0 0
0 0
0 0
0 0
0 0
0 0
0 0
0 0
0 0
0 0
0 0
0 0
0 0
0 0
0 0
0 0
0 0
0 0
0 0
0 0
0 0
0 0
0 0
0 0
0 0
0 0
0 0
0 0
0 0
0 0
0 0
0 0
0 0
0 0
0 0
0 0
0 0
0 0
0 0
0 0
0 0
0 0
0 0
0 0
0 0
0 0
0 0
0 0
0 0
0 0
0 0
0 0
0 0
0 0
0 0
0 0
0 0
0 0
0 0
0 0
0 0
0 0
0 0
0 0
0 0
0 0
0 0
0 0
0 0
0 0
0 0
0 0
0 0
0 0
0 0
0 0
0 0
0 0
0 0
0 0
0 0
0 0
0 0
0 0
0 0
0 0
0 0
0 0
0 0
0 0
0 0
0 0
0 0
0 0
0 0
0 0
0 0
0 0
0 0
0 0
0 0
0 0
0 0
0 0
0 0
0 0
0 0
0 0
0 0
0 0
0 0
0 0
0 0
0 0
0 0
0 0
0 0
0 0
0 0
0 0
0 0
0 0
0 0
0 0
0 0
0 0
0 0
0 0
0 0
0 0
0 0
0 0
0 0
0 0
0 0
0 0
0 0
0 0
0 0
0 0
0 0
0 0
0 0
0 0
0 0
0 0
0 0
0 0
0 0
0 0
0 0
0 0
0 0
0 0
0 0
0 0
0 0
0 0
0 0
0 0
0 0
0 0
0 0
0 0
0 0
0 0
0 0
0 0
0 0
0 0
0 0
0 0
0 0
0 0
0 0
0 0
0 0
0 0
0 0
0 0
0 0
0 0
0 0
0 0
0 0
0 0
0 0
0 0
0 0
0 0
0 0
0 0
0 0
0 0
0 0
0 0
0 0
0 0
0 0
0 0
0 0
0 0
0 0
0 0
0 0
0 0
0 0
0 0
0 0
0 0
0 0
0 0
0 0
0 0
0 0
0 0
0 0
0 0
0 0
0 0
0 0
0 0
0 0
0 0
0 0
0 0
0 0
0 0
0 0
0 0
0 0
0 0
0 0
0 0
0 0
0 0
0 0
0 0
0 0
0 0
0 0
0 0
0 0
0 0
0 0
0 0
0 0
0 0
0 0
0 0
0 0
0 0
0 0
0 0
0 0
0 0
0 0
0 0
0 0
0 0
0 0
0 0
0 0
0 0
0 0
0 0
0 0
0 0
0 0
0 0
0 0
0 0
0 0
0 0
0 0
0 0
0 0
0 0
0 0
0 0
0 0
0 0
0 0
0 0
0 0
0 0
0 0
0 0
0 0
0 0
0 0
0 0
0 0
0 0
0 0
0 0
0 0
0 0
0 0
0 0
0 0
0 0
0 0
0 0
0 0
0 0
0 0
0 0
0 0
0 0
0 0
0 0
0 0
0 0
0 0
0 0
0 0
0 0
0 0
0 0
0 0
0 0
0 0
0 0
0 0
0 0
0 0
0 0
0 0
0 0
0 0
0 0
0 0
0 0
0 0
0 0
0 0
0 0
0 0
0 0
0 0
0 0
0 0
0 0
0 0
0 0
0 0
0 0
0 0
0 0
0 0
0 0
0 0
0 0
0 0
0 0
0 0
0 0
0 0
0 0
0 0
0 0
0 0
0 0
0 0
0 0
0 0
0 0
0 0
0 0
0 0
0 0
0 0
0 0
0 0
0 0
0 0
0 0
0 0
0 0
0 0
0 0
0 0
0 0
0 0
0 0
0 0
0 0
0 0
0 0
0 0
0 0
0 0
0 0
0 0
0 0
0 0
0 0
0 0
0 0
0 0
0 0
0 0
0 0
0 0
0 0
0 0
0 0
0 0
0 0
0 0
0 0
0 0
0 0
0 0
0 0
0 0
0 0
0 0
0 0
0 0
0 0
0 0
0 0
0 0
0 0
0 0
0 0
0 0
0 0
0 0
0 0
0 0
0 0
0 0
0 0
0 0
0 0
0 0
0 0
0 0
0 0
0 0
0 0
0 0
0 0
0 0
0 0
0 0
0 0
0 0
0 0
0 0
0 0
0 0
0 0
0 0
0 0
0 0
0 0
0 0
0 0
0 0
0 0
0 0
0 0
0 0
0 0
0 0
0 0
0 0
0 0
0 0
0 0
0 0
0 0
0 0
0 0
0 0
0 0
0 0
0 0
0 0
0 0
0 0
0 0
0 0
0 0
0 0
0 0
0 0
0 0
0 0
0 0
0 0
0 0
0 0
0 0
0 0
0 0
0 0
0 0
0 0
0 0
0 0
0 0
0 0
0 0
0 0
0 0
0 0
0 0
0 0
0 0
0 0
0 0
0 0
0 0
0 0
0 0
0 0
0 0
0 0
0 0
0 0
0 0
0 0
0 0
0 0
0 0
0 0
0 0
0 0
0 0
0 0
0 0
0 0
0 0
0 0
0 0
0 0
0 0
0 0
0 0
0 0
0 0
0 0
0 0
0 0
0 0
0 0
0 0
0 0
0 0
0 0
0 0
0 0
0 0
0 0
0 0
0 0
0 0
0 0
0 0
0 0
0 0
0 0
0 0
0 0
0 0
0 0
0 0
0 0
0 0
0 0
0 0
0 0
0 0
0 0
0 0
0 0
0 0
0 0
0 0
0 0
0 0
0 0
0 0
0 0
0 0
0 0
0 0
0 0
0 0
0 0
0 0
0 0
0 0
0 0
0 0
0 0
0 0
0 0
0 0
0 0
0 0
0 0
0 0
0 0
0 0
0 0
0 0
0 0
0 0
0 0
0 0
0 0
0 0
0 0
0 0
0 0
0 0
0 0
0 0
0 0
0 0
0 0
0 0
0 0
0 0
0 0
0 0
0 0
0 0
0 0
0 0
0 0
0 0
0 0
0 0
0 0
0 0
0 0
0 0
0 0
0 0
0 0
0 0
0 0
0 0
0 0
0 0
0 0
0 0
0 0
0 0
0 0
0 0
0 0
0 0
0 0
0 0
0 0
0 0
0 0
0 0
0 0
0 0
0 0
0 0
0 0
0 0
0 0
0 0
0 0
0 0
0 0
0 0
0 0
0 0
0 0
0 0
0 0
0 0
0 0
0 0
0 0
0 0
0 0
0 0
0 0
0 0
0 0
0 0
0 0
0 0
0 0
0 0
0 0
0 0
0 0
0 0
0 0
0 0
0 0
0 0
0 0
0 0
0 0
0 0
0 0
0 0
0 0
0 0
0 0
0 0
0 0
0 0
0 0
0 0
0 0
0 0
0 0
0 0
0 0
0 0
0 0
0 0
0 0
0 0
0 0
0 0
0 0
0 0
0 0
0 0
0 0
0 0
0 0
0 0
0 0
0 0
0 0
0 0
0 0
0 0
0 0
0 0
0 0
0 0
0 0
0 0
0 0
0 0
0 0
0 0
0 0
0 0
0 0
0 0
0 0
0 0
0 0
0 0
0 0
0 0
0 0
0 0
0 0
0 0
0 0
0 0
0 0
0 0
0 0
0 0
0 0
0 0
0 0
0 0
0 0
0 0
0 0
0 0
0 0
0 0
0 0
0 0
0 0
0 0
0 0
0 0
0 0
0 0
0 0
0 0
0 0
0 0
0 0
0 0
0 0
0 0
0 0
0 0
0 0
0 0
0 0
0 0
0 0
0 0
0 0
0 0
0 0
0 0
0 0
0 0
0 0
0 0
0 0
0 0
0 0
0 0
0 0
0 0
0 0
0 0
0 0
0 0
0 0
0 0
0 0
0 0
0 0
0 0
0 0
0 0
0 0
0 0
0 0
0 0
0 0
0 0
0 0
0 0
0 0
0 0
0 0
0 0
0 0
0 0
0 0
0 0
0 0
0 0
0 0
0 0
0 0
0 0
0 0
0 0
0 0
0 0
0 0
0 0
0 0
0 0
0 0
0 0
0 0
0 0
0 0
0 0
0 0
0 0
0 0
0 0
0 0
0 0
0 0
0 0
0 0
0 0
0 0
0 0
0 0
0 0
0 0
0 0
0 0
0 0
0 0
0 0
0 0
0 0
0 0
0 0
0 0
0 0
0 0
0 0
0 0
0 0
0 0
0 0
0 0
0 0
0 0
0 0
0 0
0 0
0 0
0 0
0 0
0 0
0 0
0 0
0 0
0 0
0 0
0 0
0 0
0 0
0 0
0 0
0 0
0 0
0 0
0 0
0 0
0 0
0 0
0 0
0 0
0 0
0 0
0 0
0 0
0 0
0 0
0 0
0 0
0 0
0 0
0 0
0 0
0 0
0 0
0 0
0 0
0 0
0 0
0 0
0 0
0 0
0 0
0 0
0 0
0 0
0 0
0 0
0 0
0 0
0 0
0 0
0 0
0 0
0 0
0 0
0 0
0 0
0 0
0 0
0 0
0 0
0 0
0 0
0 0
0 0
0 0
0 0
0 0
0 0
0 0
0 0
0 0
0 0
0 0
0 0
0 0
0 0
0 0
0 0
0 0
0 0
0 0
0 0
0 0
0 0
0 0
0 0
0 0
0 0
0 0
0 0
0 0
0 0
0 0
0 0
0 0
0 0
0 0
0 0
0 0
0 0
0 0
0 0
0 0
0 0
0 0
0 0
0 0
0 0
0 0
0 0
0 0
0 0
0 0
0 0
0 0
0 0
0 0
0 0
0 0
0 0
0 0
0 0
0 0
0 0
0 0
0 0
0 0
0 0
0 0
0 0
0 0
0 0
0 0
0 0
0 0
0 0
0 0
0 0
0 0
0 0
0 0
0 0
0 0
0 0
0 0
0 0
0 0
0 0
0 0
0 0
0 0
0 0
0 0
0 0
0 0
0 0
0 0
0 0
0 0
0 0
0 0
0 0
0 0
0 0
0 0
0 0
0 0
0 0
0 0
0 0
0 0
0 0
0 0
0 0
0 0
0 0
0 0
0 0
0 0
0 0
0 0
0 0
0 0
0 0
0 0
0 0
0 0
0 0
0 0
0 0
0 0
0 0
0 0
0 0
0 0
0 0
0 0
0 0
0 0
0 0
0 0
0 0
0 0
0 0
0 0
0 0
0 0
0 0
0 0
0 0
0 0
0 0
0 0
0 0
0 0
0 0
0 0
0 0
0 0
0 0
0 0
0 0
0 0
0 0
0 0
0 0
0 0
0 0
0 0
0 0
0 0
0 0
0 0
0 0
0 0
0 0
0 0
0 0
0 0
0 0
0 0
0 0
0 0
0 0
0 0
0 0
0 0
0 0
0 0
0 0
0 0
0 0
0 0
0 0
0 0
0 0
0 0
0 0
0 0
0 0
0 0
0 0
0 0
0 0
0 0
0 0
0 0
0 0
0 0
0 0
0 0
0 0
0 0
0 0
0 0
0 0
0 0
0 0
0 0
0 0
0 0
0 0
0 0
0 0
0 0
0 0
0 0
0 0
0 0
0 0
0 0
0 0
0 0
0 0
0 0
0 0
0 0
0 0
0 0
0 0
0 0
0 0
0 0
0 0
0 0
0 0
0 0
0 0
0 0
0 0
0 0
0 0
0 0
0 0
0 0
0 0
0 0
0 0
0 0
0 0
0 0
0 0
0 0
0 0
0 0
0 0
0 0
0 0
0 0
0 0
0 0
0 0
0 0
0 0
0 0
0 0
0 0
0 0
0 0
0 0
0 0
0 0
0 0
0 0
0 0
0 0
0 0
0 0
0 0
0 0
0 0
0 0
0 0
0 0
0 0
0 0
0 0
0 0
0 0
0 0
0 0
0 0
0 0
0 0
0 0
0 0
0 0
0 0
0 0
0 0
0 0
0 0
0 0
0 0
0 0
0 0
0 0
0 0
0 0
0 0
0 0
0 0
0 0
0 0
0 0
0 0
0 0
0 0
0 0
0 0
0 0
0 0
0 0
0 0
0 0
