1 46.7573
2 31.2232
3 25.372
4 22.067
5 19.8845
6 18.3133
7 17.1186
8 16.1753
9 15.4088
10 14.7715
11 14.2328
12 13.7704
13 13.3685
14 13.0151
15 12.701
16 12.4194
17 12.1651
18 11.9339
19 11.7225
20 11.5283
21 11.3492
22 11.1835
23 11.0298
24 10.8868
25 10.7536
26 10.6292
27 10.5127
28 10.4036
29 10.301
30 10.2046
31 10.1137
32 10.0278
33 9.94651
34 9.86945
35 9.79627
36 9.72664
37 9.6603
38 9.59698
39 9.53647
40 9.47853
41 9.42299
42 9.36966
43 9.31841
44 9.2691
45 9.22159
46 9.1758
47 9.1316
48 9.08891
49 9.04764
50 9.00771
51 8.96906
52 8.93162
53 8.89532
54 8.86013
55 8.82596
56 8.79279
57 8.76056
58 8.72924
59 8.69877
60 8.66914
61 8.6403
62 8.61221
63 8.58486
64 8.55821
65 8.53222
66 8.50688
67 8.48215
68 8.45801
69 8.43445
70 8.41143
71 8.38894
72 8.36696
73 8.34547
74 8.32445
75 8.30389
76 8.28378
77 8.26409
78 8.24482
79 8.22594
80 8.20745
81 8.18934
82 8.17159
83 8.15419
84 8.13714
85 8.12042
86 8.10402
87 8.08794
88 8.07216
89 8.05668
90 8.04149
91 8.02658
92 8.01194
93 7.99756
94 7.98345
95 7.96958
96 7.95596
97 7.94259
98 7.92945
99 7.91653
100 7.90384
101 7.89137
102 7.87912
103 7.86707
104 7.85523
105 7.84358
106 7.83214
107 7.82088
108 7.80981
109 7.79893
110 7.78822
111 7.77769
112 7.76733
113 7.75714
114 7.74711
115 7.73724
116 7.72753
117 7.71797
118 7.70856
119 7.6993
120 7.69019
121 7.68122
122 7.67238
123 7.66368
124 7.65511
125 7.64668
126 7.63837
127 7.63019
128 7.62213
129 7.61419
130 7.60637
131 7.59866
132 7.59107
133 7.58358
134 7.57621
135 7.56894
136 7.56177
137 7.55471
138 7.54775
139 7.54088
140 7.53412
141 7.52744
142 7.52086
143 7.51437
144 7.50797
145 7.50165
146 7.49542
147 7.48928
148 7.48321
149 7.47723
150 7.47132
151 7.46549
152 7.45974
153 7.45406
154 7.44845
155 7.44291
156 7.43745
157 7.43205
158 7.42671
159 7.42145
160 7.41624
161 7.4111
162 7.40602
163 7.401
164 7.39604
165 7.39113
166 7.38628
167 7.38149
168 7.37675
169 7.37207
170 7.36743
171 7.36285
172 7.35831
173 7.35383
174 7.34939
175 7.345
176 7.34065
177 7.33635
178 7.3321
179 7.32788
180 7.32371
181 7.31958
182 7.3155
183 7.31145
184 7.30743
185 7.30346
186 7.29952
187 7.29562
188 7.29176
189 7.28792
190 7.28413
191 7.28036
192 7.27663
193 7.27293
194 7.26926
195 7.26562
196 7.26202
197 7.25844
198 7.25489
199 7.25137
200 7.24788
201 7.24442
202 7.24098
203 7.23757
204 7.23418
205 7.23082
206 7.22749
207 7.22418
208 7.22089
209 7.21763
210 7.21439
211 7.21118
212 7.20798
213 7.20481
214 7.20166
215 7.19854
216 7.19543
217 7.19234
218 7.18928
219 7.18623
220 7.18321
221 7.1802
222 7.17722
223 7.17425
224 7.1713
225 7.16837
226 7.16546
227 7.16256
228 7.15969
229 7.15683
230 7.15399
231 7.15116
232 7.14836
233 7.14557
234 7.14279
235 7.14003
236 7.13729
237 7.13457
238 7.13186
239 7.12916
240 7.12648
241 7.12382
242 7.12117
243 7.11853
244 7.11591
245 7.11331
246 7.11072
247 7.10814
248 7.10558
249 7.10303
250 7.10049
251 7.09797
252 7.09546
253 7.09297
254 7.09049
255 7.08802
256 7.08557
257 7.08313
258 7.0807
259 7.07829
260 7.07588
261 7.07349
262 7.07112
263 7.06875
264 7.0664
265 7.06406
266 7.06173
267 7.05941
268 7.05711
269 7.05482
270 7.05254
271 7.05027
272 7.04801
273 7.04577
274 7.04354
275 7.04131
276 7.0391
277 7.0369
278 7.03471
279 7.03254
280 7.03037
281 7.02822
282 7.02607
283 7.02394
284 7.02182
285 7.01971
286 7.01761
287 7.01552
288 7.01344
289 7.01137
290 7.00932
291 7.00727
292 7.00524
293 7.00321
294 7.00119
295 6.99919
296 6.99719
297 6.99521
298 6.99324
299 6.99127
300 6.98932
301 6.98737
302 6.98544
303 6.98352
304 6.9816
305 6.9797
306 6.9778
307 6.97592
308 6.97404
309 6.97218
310 6.97032
311 6.96847
312 6.96663
313 6.96481
314 6.96299
315 6.96118
316 6.95938
317 6.95759
318 6.9558
319 6.95403
320 6.95227
321 6.95051
322 6.94877
323 6.94703
324 6.9453
325 6.94359
326 6.94188
327 6.94017
328 6.93848
329 6.9368
330 6.93512
331 6.93346
332 6.9318
333 6.93015
334 6.92851
335 6.92688
336 6.92526
337 6.92364
338 6.92204
339 6.92044
340 6.91885
341 6.91727
342 6.91569
343 6.91413
344 6.91257
345 6.91102
346 6.90948
347 6.90795
348 6.90642
349 6.9049
350 6.9034
351 6.90189
352 6.9004
353 6.89891
354 6.89744
355 6.89597
356 6.8945
357 6.89305
358 6.8916
359 6.89016
360 6.88873
361 6.88731
362 6.88589
363 6.88448
364 6.88307
365 6.88168
366 6.88029
367 6.87891
368 6.87754
369 6.87617
370 6.87481
371 6.87345
372 6.87211
373 6.87077
374 6.86944
375 6.86811
376 6.86679
377 6.86548
378 6.86417
379 6.86287
380 6.86158
381 6.8603
382 6.85902
383 6.85774
384 6.85648
385 6.85522
386 6.85396
387 6.85272
388 6.85148
389 6.85024
390 6.84901
391 6.84779
392 6.84658
393 6.84537
394 6.84416
395 6.84297
396 6.84177
397 6.84059
398 6.83941
399 6.83824
400 6.83707
401 6.83591
402 6.83475
403 6.8336
404 6.83246
405 6.83132
406 6.83019
407 6.82906
408 6.82794
409 6.82683
410 6.82572
411 6.82461
412 6.82351
413 6.82242
414 6.82133
415 6.82025
416 6.81917
417 6.8181
418 6.81703
419 6.81597
420 6.81491
421 6.81386
422 6.81282
423 6.81178
424 6.81074
425 6.80971
426 6.80869
427 6.80767
428 6.80665
429 6.80564
430 6.80463
431 6.80363
432 6.80264
433 6.80165
434 6.80066
435 6.79968
436 6.79871
437 6.79774
438 6.79677
439 6.79581
440 6.79485
441 6.7939
442 6.79295
443 6.79201
444 6.79107
445 6.79014
446 6.78921
447 6.78828
448 6.78736
449 6.78645
450 6.78554
451 6.78463
452 6.78373
453 6.78283
454 6.78193
455 6.78104
456 6.78016
457 6.77928
458 6.7784
459 6.77753
460 6.77666
461 6.7758
462 6.77494
463 6.77408
464 6.77323
465 6.77238
466 6.77154
467 6.7707
468 6.76986
469 6.76903
470 6.7682
471 6.76737
472 6.76655
473 6.76573
474 6.76492
475 6.76411
476 6.76331
477 6.7625
478 6.76171
479 6.76091
480 6.76012
481 6.75933
482 6.75855
483 6.75777
484 6.75699
485 6.75622
486 6.75545
487 6.75468
488 6.75392
489 6.75316
490 6.75241
491 6.75166
492 6.75091
493 6.75016
494 6.74942
495 6.74868
496 6.74795
497 6.74721
498 6.74649
499 6.74576
500 6.74504
501 6.74432
502 6.7436
503 6.74289
504 6.74218
505 6.74148
506 6.74077
507 6.74007
508 6.73938
509 6.73868
510 6.73799
511 6.73731
512 6.73662
513 6.73594
514 6.73526
515 6.73459
516 6.73392
517 6.73325
518 6.73258
519 6.73192
520 6.73126
521 6.7306
522 6.72994
523 6.72929
524 6.72864
525 6.728
526 6.72735
527 6.72671
528 6.72608
529 6.72544
530 6.72481
531 6.72418
532 6.72355
533 6.72293
534 6.72231
535 6.72169
536 6.72107
537 6.72046
538 6.71985
539 6.71924
540 6.71864
541 6.71803
542 6.71743
543 6.71683
544 6.71624
545 6.71565
546 6.71506
547 6.71447
548 6.71388
549 6.7133
550 6.71272
551 6.71214
552 6.71157
553 6.711
554 6.71042
555 6.70986
556 6.70929
557 6.70873
558 6.70817
559 6.70761
560 6.70705
561 6.7065
562 6.70595
563 6.7054
564 6.70485
565 6.70431
566 6.70377
567 6.70323
568 6.70269
569 6.70215
570 6.70162
571 6.70109
572 6.70056
573 6.70003
574 6.69951
575 6.69899
576 6.69847
577 6.69795
578 6.69743
579 6.69692
580 6.69641
581 6.6959
582 6.69539
583 6.69489
584 6.69438
585 6.69388
586 6.69338
587 6.69289
588 6.69239
589 6.6919
590 6.69141
591 6.69092
592 6.69043
593 6.68995
594 6.68947
595 6.68899
596 6.68851
597 6.68803
598 6.68755
599 6.68708
600 6.68661
601 6.68614
602 6.68567
603 6.68521
604 6.68475
605 6.68428
606 6.68382
607 6.68337
608 6.68291
609 6.68246
610 6.68201
611 6.68155
612 6.68111
613 6.68066
614 6.68021
615 6.67977
616 6.67933
617 6.67889
618 6.67845
619 6.67802
620 6.67758
621 6.67715
622 6.67672
623 6.67629
624 6.67586
625 6.67544
626 6.67501
627 6.67459
628 6.67417
629 6.67375
630 6.67333
631 6.67292
632 6.6725
633 6.67209
634 6.67168
635 6.67127
636 6.67086
637 6.67046
638 6.67005
639 6.66965
640 6.66925
641 6.66885
642 6.66845
643 6.66806
644 6.66766
645 6.66727
646 6.66688
647 6.66649
648 6.6661
649 6.66571
650 6.66533
651 6.66494
652 6.66456
653 6.66418
654 6.6638
655 6.66342
656 6.66305
657 6.66267
658 6.6623
659 6.66193
660 6.66156
661 6.66119
662 6.66082
663 6.66045
664 6.66009
665 6.65973
666 6.65936
667 6.659
668 6.65864
669 6.65829
670 6.65793
671 6.65758
672 6.65722
673 6.65687
674 6.65652
675 6.65617
676 6.65582
677 6.65548
678 6.65513
679 6.65479
680 6.65444
681 6.6541
682 6.65376
683 6.65342
684 6.65309
685 6.65275
686 6.65242
687 6.65208
688 6.65175
689 6.65142
690 6.65109
691 6.65076
692 6.65043
693 6.65011
694 6.64978
695 6.64946
696 6.64914
697 6.64882
698 6.6485
699 6.64818
700 6.64786
701 6.64755
702 6.64723
703 6.64692
704 6.64661
705 6.6463
706 6.64599
707 6.64568
708 6.64537
709 6.64506
710 6.64476
711 6.64446
712 6.64415
713 6.64385
714 6.64355
715 6.64325
716 6.64295
717 6.64266
718 6.64236
719 6.64207
720 6.64177
721 6.64148
722 6.64119
723 6.6409
724 6.64061
725 6.64032
726 6.64004
727 6.63975
728 6.63946
729 6.63918
730 6.6389
731 6.63862
732 6.63834
733 6.63806
734 6.63778
735 6.6375
736 6.63723
737 6.63695
738 6.63668
739 6.6364
740 6.63613
741 6.63586
742 6.63559
743 6.63532
744 6.63505
745 6.63479
746 6.63452
747 6.63425
748 6.63399
749 6.63373
750 6.63347
751 6.6332
752 6.63294
753 6.63269
754 6.63243
755 6.63217
756 6.63191
757 6.63166
758 6.63141
759 6.63115
760 6.6309
761 6.63065
762 6.6304
763 6.63015
764 6.6299
765 6.62965
766 6.62941
767 6.62916
768 6.62892
769 6.62867
770 6.62843
771 6.62819
772 6.62795
773 6.62771
774 6.62747
775 6.62723
776 6.62699
777 6.62675
778 6.62652
779 6.62628
780 6.62605
781 6.62582
782 6.62559
783 6.62535
784 6.62512
785 6.62489
786 6.62467
787 6.62444
788 6.62421
789 6.62399
790 6.62376
791 6.62354
792 6.62331
793 6.62309
794 6.62287
795 6.62265
796 6.62243
797 6.62221
798 6.62199
799 6.62177
800 6.62156
801 6.62134
802 6.62112
803 6.62091
804 6.6207
805 6.62048
806 6.62027
807 6.62006
808 6.61985
809 6.61964
810 6.61943
811 6.61923
812 6.61902
813 6.61881
814 6.61861
815 6.6184
816 6.6182
817 6.618
818 6.61779
819 6.61759
820 6.61739
821 6.61719
822 6.61699
823 6.61679
824 6.61659
825 6.6164
826 6.6162
827 6.61601
828 6.61581
829 6.61562
830 6.61542
831 6.61523
832 6.61504
833 6.61485
834 6.61466
835 6.61447
836 6.61428
837 6.61409
838 6.6139
839 6.61372
840 6.61353
841 6.61334
842 6.61316
843 6.61298
844 6.61279
845 6.61261
846 6.61243
847 6.61225
848 6.61207
849 6.61189
850 6.61171
851 6.61153
852 6.61135
853 6.61117
854 6.611
855 6.61082
856 6.61065
857 6.61047
858 6.6103
859 6.61013
860 6.60996
861 6.60978
862 6.60961
863 6.60944
864 6.60927
865 6.6091
866 6.60894
867 6.60877
868 6.6086
869 6.60844
870 6.60827
871 6.60811
872 6.60794
873 6.60778
874 6.60761
875 6.60745
876 6.60729
877 6.60713
878 6.60697
879 6.60681
880 6.60665
881 6.60649
882 6.60633
883 6.60618
884 6.60602
885 6.60586
886 6.60571
887 6.60555
888 6.6054
889 6.60525
890 6.60509
891 6.60494
892 6.60479
893 6.60464
894 6.60449
895 6.60434
896 6.60419
897 6.60404
898 6.60389
899 6.60374
900 6.60359
901 6.60345
902 6.6033
903 6.60316
904 6.60301
905 6.60287
906 6.60272
907 6.60258
908 6.60244
909 6.6023
910 6.60215
911 6.60201
912 6.60187
913 6.60173
914 6.60159
915 6.60146
916 6.60132
917 6.60118
918 6.60104
919 6.60091
920 6.60077
921 6.60064
922 6.6005
923 6.60037
924 6.60023
925 6.6001
926 6.59997
927 6.59984
928 6.59971
929 6.59957
930 6.59944
931 6.59931
932 6.59918
933 6.59906
934 6.59893
935 6.5988
936 6.59867
937 6.59855
938 6.59842
939 6.59829
940 6.59817
941 6.59804
942 6.59792
943 6.5978
944 6.59767
945 6.59755
946 6.59743
947 6.59731
948 6.59718
949 6.59706
950 6.59694
951 6.59682
952 6.5967
953 6.59659
954 6.59647
955 6.59635
956 6.59623
957 6.59612
958 6.596
959 6.59588
960 6.59577
961 6.59565
962 6.59554
963 6.59542
964 6.59531
965 6.5952
966 6.59509
967 6.59497
968 6.59486
969 6.59475
970 6.59464
971 6.59453
972 6.59442
973 6.59431
974 6.5942
975 6.59409
976 6.59399
977 6.59388
978 6.59377
979 6.59367
980 6.59356
981 6.59345
982 6.59335
983 6.59324
984 6.59314
985 6.59304
986 6.59293
987 6.59283
988 6.59273
989 6.59263
990 6.59253
991 6.59242
992 6.59232
993 6.59222
994 6.59212
995 6.59202
996 6.59193
997 6.59183
998 6.59173
999 6.59163
1000 6.59154
1001 6.59144
1002 6.59134
1003 6.59125
1004 6.59115
1005 6.59106
1006 6.59096
1007 6.59087
1008 6.59077
1009 6.59068
1010 6.59059
1011 6.5905
1012 6.5904
1013 6.59031
1014 6.59022
1015 6.59013
1016 6.59004
1017 6.58995
1018 6.58986
1019 6.58977
1020 6.58968
1021 6.58959
1022 6.58951
1023 6.58942
1024 6.58933
1025 6.58924
1026 6.58916
1027 6.58907
1028 6.58899
1029 6.5889
1030 6.58882
1031 6.58873
1032 6.58865
1033 6.58856
1034 6.58848
1035 6.5884
1036 6.58832
1037 6.58823
1038 6.58815
1039 6.58807
1040 6.58799
1041 6.58791
1042 6.58783
1043 6.58775
1044 6.58767
1045 6.58759
1046 6.58751
1047 6.58743
1048 6.58736
1049 6.58728
1050 6.5872
1051 6.58713
1052 6.58705
1053 6.58697
1054 6.5869
1055 6.58682
1056 6.58675
1057 6.58667
1058 6.5866
1059 6.58653
1060 6.58645
1061 6.58638
1062 6.58631
1063 6.58623
1064 6.58616
1065 6.58609
1066 6.58602
1067 6.58595
1068 6.58588
1069 6.58581
1070 6.58574
1071 6.58567
1072 6.5856
1073 6.58553
1074 6.58546
1075 6.58539
1076 6.58533
1077 6.58526
1078 6.58519
1079 6.58513
1080 6.58506
1081 6.58499
1082 6.58493
1083 6.58486
1084 6.5848
1085 6.58473
1086 6.58467
1087 6.58461
1088 6.58454
1089 6.58448
1090 6.58442
1091 6.58435
1092 6.58429
1093 6.58423
1094 6.58417
1095 6.58411
1096 6.58405
1097 6.58399
1098 6.58393
1099 6.58387
1100 6.58381
1101 6.58375
1102 6.58369
1103 6.58363
1104 6.58357
1105 6.58351
1106 6.58346
1107 6.5834
1108 6.58334
1109 6.58328
1110 6.58323
1111 6.58317
1112 6.58312
1113 6.58306
1114 6.58301
1115 6.58295
1116 6.5829
1117 6.58284
1118 6.58279
1119 6.58274
1120 6.58268
1121 6.58263
1122 6.58258
1123 6.58253
1124 6.58247
1125 6.58242
1126 6.58237
1127 6.58232
1128 6.58227
1129 6.58222
1130 6.58217
1131 6.58212
1132 6.58207
1133 6.58202
1134 6.58197
1135 6.58193
1136 6.58188
1137 6.58183
1138 6.58178
1139 6.58174
1140 6.58169
1141 6.58164
1142 6.5816
1143 6.58155
1144 6.58151
1145 6.58146
1146 6.58142
1147 6.58137
1148 6.58133
1149 6.58128
1150 6.58124
1151 6.5812
1152 6.58115
1153 6.58111
1154 6.58107
1155 6.58102
1156 6.58098
1157 6.58094
1158 6.5809
1159 6.58086
1160 6.58082
1161 6.58078
1162 6.58074
1163 6.5807
1164 6.58066
1165 6.58062
1166 6.58058
1167 6.58054
1168 6.5805
1169 6.58046
1170 6.58043
1171 6.58039
1172 6.58035
1173 6.58032
1174 6.58028
1175 6.58024
1176 6.58021
1177 6.58017
1178 6.58013
1179 6.5801
1180 6.58006
1181 6.58003
1182 6.57999
1183 6.57996
1184 6.57993
1185 6.57989
1186 6.57986
1187 6.57983
1188 6.57979
1189 6.57976
1190 6.57973
1191 6.5797
1192 6.57966
1193 6.57963
1194 6.5796
1195 6.57957
1196 6.57954
1197 6.57951
1198 6.57948
1199 6.57945
1200 6.57942
1201 6.57939
1202 6.57936
1203 6.57933
1204 6.5793
1205 6.57927
1206 6.57925
1207 6.57922
1208 6.57919
1209 6.57916
1210 6.57914
1211 6.57911
1212 6.57908
1213 6.57906
1214 6.57903
1215 6.579
1216 6.57898
1217 6.57895
1218 6.57893
1219 6.5789
1220 6.57888
1221 6.57885
1222 6.57883
1223 6.57881
1224 6.57878
1225 6.57876
1226 6.57873
1227 6.57871
1228 6.57869
1229 6.57867
1230 6.57864
1231 6.57862
1232 6.5786
1233 6.57858
1234 6.57856
1235 6.57854
1236 6.57852
1237 6.57849
1238 6.57847
1239 6.57845
1240 6.57843
1241 6.57841
1242 6.57839
1243 6.57838
1244 6.57836
1245 6.57834
1246 6.57832
1247 6.5783
1248 6.57828
1249 6.57826
1250 6.57825
1251 6.57823
1252 6.57821
1253 6.57819
1254 6.57818
1255 6.57816
1256 6.57815
1257 6.57813
1258 6.57811
1259 6.5781
1260 6.57808
1261 6.57807
1262 6.57805
1263 6.57804
1264 6.57802
1265 6.57801
1266 6.57799
1267 6.57798
1268 6.57797
1269 6.57795
1270 6.57794
1271 6.57793
1272 6.57791
1273 6.5779
1274 6.57789
1275 6.57788
1276 6.57786
1277 6.57785
1278 6.57784
1279 6.57783
1280 6.57782
1281 6.57781
1282 6.5778
1283 6.57779
1284 6.57778
1285 6.57777
1286 6.57776
1287 6.57775
1288 6.57774
1289 6.57773
1290 6.57772
1291 6.57771
1292 6.5777
1293 6.57769
1294 6.57768
1295 6.57768
1296 6.57767
1297 6.57766
1298 6.57765
1299 6.57765
1300 6.57764
1301 6.57763
1302 6.57762
1303 6.57762
1304 6.57761
1305 6.57761
1306 6.5776
1307 6.57759
1308 6.57759
1309 6.57758
1310 6.57758
1311 6.57757
1312 6.57757
1313 6.57756
1314 6.57756
1315 6.57756
1316 6.57755
1317 6.57755
1318 6.57755
1319 6.57754
1320 6.57754
1321 6.57754
1322 6.57753
1323 6.57753
1324 6.57753
1325 6.57753
1326 6.57752
1327 6.57752
1328 6.57752
1329 6.57752
1330 6.57752
1331 6.57752
1332 6.57752
1333 6.57752
1334 6.57752
1335 6.57752
1336 6.57752
1337 6.57752
1338 6.57752
1339 6.57752
1340 6.57752
1341 6.57752
1342 6.57752
1343 6.57752
1344 6.57752
1345 6.57752
1346 6.57753
1347 6.57753
1348 6.57753
1349 6.57753
1350 6.57753
1351 6.57754
1352 6.57754
1353 6.57754
1354 6.57755
1355 6.57755
1356 6.57755
1357 6.57756
1358 6.57756
1359 6.57757
1360 6.57757
1361 6.57757
1362 6.57758
1363 6.57758
1364 6.57759
1365 6.57759
1366 6.5776
1367 6.5776
1368 6.57761
1369 6.57762
1370 6.57762
1371 6.57763
1372 6.57763
1373 6.57764
1374 6.57765
1375 6.57765
1376 6.57766
1377 6.57767
1378 6.57768
1379 6.57768
1380 6.57769
1381 6.5777
1382 6.57771
1383 6.57772
1384 6.57772
1385 6.57773
1386 6.57774
1387 6.57775
1388 6.57776
1389 6.57777
1390 6.57778
1391 6.57779
1392 6.5778
1393 6.57781
1394 6.57782
1395 6.57783
1396 6.57784
1397 6.57785
1398 6.57786
1399 6.57787
1400 6.57788
1401 6.57789
1402 6.5779
1403 6.57791
1404 6.57793
1405 6.57794
1406 6.57795
1407 6.57796
1408 6.57797
1409 6.57799
1410 6.578
1411 6.57801
1412 6.57802
1413 6.57804
1414 6.57805
1415 6.57806
1416 6.57808
1417 6.57809
1418 6.5781
1419 6.57812
1420 6.57813
1421 6.57815
1422 6.57816
1423 6.57817
1424 6.57819
1425 6.5782
1426 6.57822
1427 6.57823
1428 6.57825
1429 6.57826
1430 6.57828
1431 6.5783
1432 6.57831
1433 6.57833
1434 6.57834
1435 6.57836
1436 6.57838
1437 6.57839
1438 6.57841
1439 6.57843
1440 6.57844
1441 6.57846
1442 6.57848
1443 6.57849
1444 6.57851
1445 6.57853
1446 6.57855
1447 6.57857
1448 6.57858
1449 6.5786
1450 6.57862
1451 6.57864
1452 6.57866
1453 6.57868
1454 6.57869
1455 6.57871
1456 6.57873
1457 6.57875
1458 6.57877
1459 6.57879
1460 6.57881
1461 6.57883
1462 6.57885
1463 6.57887
1464 6.57889
1465 6.57891
1466 6.57893
1467 6.57895
1468 6.57897
1469 6.579
1470 6.57902
1471 6.57904
1472 6.57906
1473 6.57908
1474 6.5791
1475 6.57912
1476 6.57915
1477 6.57917
1478 6.57919
1479 6.57921
1480 6.57924
1481 6.57926
1482 6.57928
1483 6.5793
1484 6.57933
1485 6.57935
1486 6.57937
1487 6.5794
1488 6.57942
1489 6.57944
1490 6.57947
1491 6.57949
1492 6.57952
1493 6.57954
1494 6.57956
1495 6.57959
1496 6.57961
1497 6.57964
1498 6.57966
1499 6.57969
1500 6.57971
1501 6.57974
1502 6.57976
1503 6.57979
1504 6.57981
1505 6.57984
1506 6.57986
1507 6.57989
1508 6.57992
1509 6.57994
1510 6.57997
1511 6.58
1512 6.58002
1513 6.58005
1514 6.58008
1515 6.5801
1516 6.58013
1517 6.58016
1518 6.58018
1519 6.58021
1520 6.58024
1521 6.58027
1522 6.58029
1523 6.58032
1524 6.58035
1525 6.58038
1526 6.5804
1527 6.58043
1528 6.58046
1529 6.58049
1530 6.58052
1531 6.58055
1532 6.58058
1533 6.5806
1534 6.58063
1535 6.58066
1536 6.58069
1537 6.58072
1538 6.58075
1539 6.58078
1540 6.58081
1541 6.58084
1542 6.58087
1543 6.5809
1544 6.58093
1545 6.58096
1546 6.58099
1547 6.58102
1548 6.58105
1549 6.58108
1550 6.58111
1551 6.58115
1552 6.58118
1553 6.58121
1554 6.58124
1555 6.58127
1556 6.5813
1557 6.58133
1558 6.58137
1559 6.5814
1560 6.58143
1561 6.58146
1562 6.58149
1563 6.58153
1564 6.58156
1565 6.58159
1566 6.58162
1567 6.58166
1568 6.58169
1569 6.58172
1570 6.58175
1571 6.58179
1572 6.58182
1573 6.58185
1574 6.58189
1575 6.58192
1576 6.58196
1577 6.58199
1578 6.58202
1579 6.58206
1580 6.58209
1581 6.58212
1582 6.58216
1583 6.58219
1584 6.58223
1585 6.58226
1586 6.5823
1587 6.58233
1588 6.58237
1589 6.5824
1590 6.58244
1591 6.58247
1592 6.58251
1593 6.58254
1594 6.58258
1595 6.58261
1596 6.58265
1597 6.58268
1598 6.58272
1599 6.58276
1600 6.58279
1601 6.58283
1602 6.58286
1603 6.5829
1604 6.58294
1605 6.58297
1606 6.58301
1607 6.58305
1608 6.58308
1609 6.58312
1610 6.58316
1611 6.5832
1612 6.58323
1613 6.58327
1614 6.58331
1615 6.58335
1616 6.58338
1617 6.58342
1618 6.58346
1619 6.5835
1620 6.58353
1621 6.58357
1622 6.58361
1623 6.58365
1624 6.58369
1625 6.58373
1626 6.58377
1627 6.5838
1628 6.58384
1629 6.58388
1630 6.58392
1631 6.58396
1632 6.584
1633 6.58404
1634 6.58408
1635 6.58412
1636 6.58416
1637 6.5842
1638 6.58424
1639 6.58428
1640 6.58432
1641 6.58436
1642 6.5844
1643 6.58444
1644 6.58448
1645 6.58452
1646 6.58456
1647 6.5846
1648 6.58464
1649 6.58468
1650 6.58472
1651 6.58476
1652 6.5848
1653 6.58484
1654 6.58488
1655 6.58493
1656 6.58497
1657 6.58501
1658 6.58505
1659 6.58509
1660 6.58513
1661 6.58518
1662 6.58522
1663 6.58526
1664 6.5853
1665 6.58534
1666 6.58539
1667 6.58543
1668 6.58547
1669 6.58551
1670 6.58556
1671 6.5856
1672 6.58564
1673 6.58568
1674 6.58573
1675 6.58577
1676 6.58581
1677 6.58586
1678 6.5859
1679 6.58594
1680 6.58599
1681 6.58603
1682 6.58607
1683 6.58612
1684 6.58616
1685 6.58621
1686 6.58625
1687 6.58629
1688 6.58634
1689 6.58638
1690 6.58643
1691 6.58647
1692 6.58652
1693 6.58656
1694 6.58661
1695 6.58665
1696 6.5867
1697 6.58674
1698 6.58679
1699 6.58683
1700 6.58688
1701 6.58692
1702 6.58697
1703 6.58701
1704 6.58706
1705 6.5871
1706 6.58715
1707 6.5872
1708 6.58724
1709 6.58729
1710 6.58733
1711 6.58738
1712 6.58743
1713 6.58747
1714 6.58752
1715 6.58757
1716 6.58761
1717 6.58766
1718 6.58771
1719 6.58775
1720 6.5878
1721 6.58785
1722 6.58789
1723 6.58794
1724 6.58799
1725 6.58804
1726 6.58808
1727 6.58813
1728 6.58818
1729 6.58823
1730 6.58827
1731 6.58832
1732 6.58837
1733 6.58842
1734 6.58847
1735 6.58851
1736 6.58856
1737 6.58861
1738 6.58866
1739 6.58871
1740 6.58876
1741 6.5888
1742 6.58885
1743 6.5889
1744 6.58895
1745 6.589
1746 6.58905
1747 6.5891
1748 6.58915
1749 6.5892
1750 6.58924
1751 6.58929
1752 6.58934
1753 6.58939
1754 6.58944
1755 6.58949
1756 6.58954
1757 6.58959
1758 6.58964
1759 6.58969
1760 6.58974
1761 6.58979
1762 6.58984
1763 6.58989
1764 6.58994
1765 6.58999
1766 6.59004
1767 6.59009
1768 6.59015
1769 6.5902
1770 6.59025
1771 6.5903
1772 6.59035
1773 6.5904
1774 6.59045
1775 6.5905
1776 6.59055
1777 6.5906
1778 6.59066
1779 6.59071
1780 6.59076
1781 6.59081
1782 6.59086
1783 6.59091
1784 6.59096
1785 6.59102
1786 6.59107
1787 6.59112
1788 6.59117
1789 6.59122
1790 6.59128
1791 6.59133
1792 6.59138
1793 6.59143
1794 6.59149
1795 6.59154
1796 6.59159
1797 6.59164
1798 6.5917
1799 6.59175
1800 6.5918
1801 6.59186
1802 6.59191
1803 6.59196
1804 6.59201
1805 6.59207
1806 6.59212
1807 6.59217
1808 6.59223
1809 6.59228
1810 6.59233
1811 6.59239
1812 6.59244
1813 6.5925
1814 6.59255
1815 6.5926
1816 6.59266
1817 6.59271
1818 6.59277
1819 6.59282
1820 6.59287
1821 6.59293
1822 6.59298
1823 6.59304
1824 6.59309
1825 6.59315
1826 6.5932
1827 6.59326
1828 6.59331
1829 6.59337
1830 6.59342
1831 6.59348
1832 6.59353
1833 6.59359
1834 6.59364
1835 6.5937
1836 6.59375
1837 6.59381
1838 6.59386
1839 6.59392
1840 6.59397
1841 6.59403
1842 6.59408
1843 6.59414
1844 6.5942
1845 6.59425
1846 6.59431
1847 6.59436
1848 6.59442
1849 6.59448
1850 6.59453
1851 6.59459
1852 6.59465
1853 6.5947
1854 6.59476
1855 6.59481
1856 6.59487
1857 6.59493
1858 6.59498
1859 6.59504
1860 6.5951
1861 6.59516
1862 6.59521
1863 6.59527
1864 6.59533
1865 6.59538
1866 6.59544
1867 6.5955
1868 6.59556
1869 6.59561
1870 6.59567
1871 6.59573
1872 6.59579
1873 6.59584
1874 6.5959
1875 6.59596
1876 6.59602
1877 6.59607
1878 6.59613
1879 6.59619
1880 6.59625
1881 6.59631
1882 6.59636
1883 6.59642
1884 6.59648
1885 6.59654
1886 6.5966
1887 6.59666
1888 6.59672
1889 6.59677
1890 6.59683
1891 6.59689
1892 6.59695
1893 6.59701
1894 6.59707
1895 6.59713
1896 6.59719
1897 6.59724
1898 6.5973
1899 6.59736
1900 6.59742
1901 6.59748
1902 6.59754
1903 6.5976
1904 6.59766
1905 6.59772
1906 6.59778
1907 6.59784
1908 6.5979
1909 6.59796
1910 6.59802
1911 6.59808
1912 6.59814
1913 6.5982
1914 6.59826
1915 6.59832
1916 6.59838
1917 6.59844
1918 6.5985
1919 6.59856
1920 6.59862
1921 6.59868
1922 6.59874
1923 6.5988
1924 6.59886
1925 6.59892
1926 6.59898
1927 6.59904
1928 6.5991
1929 6.59916
1930 6.59923
1931 6.59929
1932 6.59935
1933 6.59941
1934 6.59947
1935 6.59953
1936 6.59959
1937 6.59965
1938 6.59971
1939 6.59978
1940 6.59984
1941 6.5999
1942 6.59996
1943 6.60002
1944 6.60008
1945 6.60015
1946 6.60021
1947 6.60027
1948 6.60033
1949 6.60039
1950 6.60045
1951 6.60052
1952 6.60058
1953 6.60064
1954 6.6007
1955 6.60076
1956 6.60083
1957 6.60089
1958 6.60095
1959 6.60101
1960 6.60108
1961 6.60114
1962 6.6012
1963 6.60126
1964 6.60133
1965 6.60139
1966 6.60145
1967 6.60151
1968 6.60158
1969 6.60164
1970 6.6017
1971 6.60177
1972 6.60183
1973 6.60189
1974 6.60196
1975 6.60202
1976 6.60208
1977 6.60215
1978 6.60221
1979 6.60227
1980 6.60234
1981 6.6024
1982 6.60246
1983 6.60253
1984 6.60259
1985 6.60265
1986 6.60272
1987 6.60278
1988 6.60284
1989 6.60291
1990 6.60297
1991 6.60304
1992 6.6031
1993 6.60316
1994 6.60323
1995 6.60329
1996 6.60336
1997 6.60342
1998 6.60349
1999 6.60355
2000 6.60361
2001 6.60368
2002 6.60374
2003 6.60381
2004 6.60387
2005 6.60394
2006 6.604
2007 6.60407
2008 6.60413
2009 6.6042
2010 6.60426
2011 6.60432
2012 6.60439
2013 6.60445
2014 6.60452
2015 6.60458
2016 6.60465
2017 6.60471
2018 6.60478
2019 6.60485
2020 6.60491
2021 6.60498
2022 6.60504
2023 6.60511
2024 6.60517
2025 6.60524
2026 6.6053
2027 6.60537
2028 6.60543
2029 6.6055
2030 6.60557
2031 6.60563
2032 6.6057
2033 6.60576
2034 6.60583
2035 6.60589
2036 6.60596
2037 6.60603
2038 6.60609
2039 6.60616
2040 6.60622
2041 6.60629
2042 6.60636
2043 6.60642
2044 6.60649
2045 6.60656
2046 6.60662
2047 6.60669
2048 6.60675
2049 6.60682
2050 6.60689
2051 6.60695
2052 6.60702
2053 6.60709
2054 6.60715
2055 6.60722
2056 6.60729
2057 6.60735
2058 6.60742
2059 6.60749
2060 6.60756
2061 6.60762
2062 6.60769
2063 6.60776
2064 6.60782
2065 6.60789
2066 6.60796
2067 6.60802
2068 6.60809
2069 6.60816
2070 6.60823
2071 6.60829
2072 6.60836
2073 6.60843
2074 6.6085
2075 6.60856
2076 6.60863
2077 6.6087
2078 6.60877
2079 6.60883
2080 6.6089
2081 6.60897
2082 6.60904
2083 6.60911
2084 6.60917
2085 6.60924
2086 6.60931
2087 6.60938
2088 6.60945
2089 6.60951
2090 6.60958
2091 6.60965
2092 6.60972
2093 6.60979
2094 6.60985
2095 6.60992
2096 6.60999
2097 6.61006
2098 6.61013
2099 6.6102
2100 6.61026
2101 6.61033
2102 6.6104
2103 6.61047
2104 6.61054
2105 6.61061
2106 6.61068
2107 6.61074
2108 6.61081
2109 6.61088
2110 6.61095
2111 6.61102
2112 6.61109
2113 6.61116
2114 6.61123
2115 6.6113
2116 6.61136
2117 6.61143
2118 6.6115
2119 6.61157
2120 6.61164
2121 6.61171
2122 6.61178
2123 6.61185
2124 6.61192
2125 6.61199
2126 6.61206
2127 6.61213
2128 6.6122
2129 6.61227
2130 6.61234
2131 6.61241
2132 6.61248
2133 6.61254
2134 6.61261
2135 6.61268
2136 6.61275
2137 6.61282
2138 6.61289
2139 6.61296
2140 6.61303
2141 6.6131
2142 6.61317
2143 6.61324
2144 6.61331
2145 6.61338
2146 6.61345
2147 6.61352
2148 6.61359
2149 6.61366
2150 6.61374
2151 6.61381
2152 6.61388
2153 6.61395
2154 6.61402
2155 6.61409
2156 6.61416
2157 6.61423
2158 6.6143
2159 6.61437
2160 6.61444
2161 6.61451
2162 6.61458
2163 6.61465
2164 6.61472
2165 6.61479
2166 6.61486
2167 6.61494
2168 6.61501
2169 6.61508
2170 6.61515
2171 6.61522
2172 6.61529
2173 6.61536
2174 6.61543
2175 6.6155
2176 6.61558
2177 6.61565
2178 6.61572
2179 6.61579
2180 6.61586
2181 6.61593
2182 6.616
2183 6.61607
2184 6.61615
2185 6.61622
2186 6.61629
2187 6.61636
2188 6.61643
2189 6.6165
2190 6.61657
2191 6.61665
2192 6.61672
2193 6.61679
2194 6.61686
2195 6.61693
2196 6.61701
2197 6.61708
2198 6.61715
2199 6.61722
2200 6.61729
2201 6.61736
2202 6.61744
2203 6.61751
2204 6.61758
2205 6.61765
2206 6.61773
2207 6.6178
2208 6.61787
2209 6.61794
2210 6.61801
2211 6.61809
2212 6.61816
2213 6.61823
2214 6.6183
2215 6.61838
2216 6.61845
2217 6.61852
2218 6.61859
2219 6.61867
2220 6.61874
2221 6.61881
2222 6.61888
2223 6.61896
2224 6.61903
2225 6.6191
2226 6.61917
2227 6.61925
2228 6.61932
2229 6.61939
2230 6.61946
2231 6.61954
2232 6.61961
2233 6.61968
2234 6.61976
2235 6.61983
2236 6.6199
2237 6.61998
2238 6.62005
2239 6.62012
2240 6.62019
2241 6.62027
2242 6.62034
2243 6.62041
2244 6.62049
2245 6.62056
2246 6.62063
2247 6.62071
2248 6.62078
2249 6.62085
2250 6.62093
2251 6.621
2252 6.62107
2253 6.62115
2254 6.62122
2255 6.6213
2256 6.62137
2257 6.62144
2258 6.62152
2259 6.62159
2260 6.62166
2261 6.62174
2262 6.62181
2263 6.62189
2264 6.62196
2265 6.62203
2266 6.62211
2267 6.62218
2268 6.62225
2269 6.62233
2270 6.6224
2271 6.62248
2272 6.62255
2273 6.62262
2274 6.6227
2275 6.62277
2276 6.62285
2277 6.62292
2278 6.623
2279 6.62307
2280 6.62314
2281 6.62322
2282 6.62329
2283 6.62337
2284 6.62344
2285 6.62352
2286 6.62359
2287 6.62367
2288 6.62374
2289 6.62381
2290 6.62389
2291 6.62396
2292 6.62404
2293 6.62411
2294 6.62419
2295 6.62426
2296 6.62434
2297 6.62441
2298 6.62449
2299 6.62456
2300 6.62464
2301 6.62471
2302 6.62479
2303 6.62486
2304 6.62494
2305 6.62501
2306 6.62509
2307 6.62516
2308 6.62524
2309 6.62531
2310 6.62539
2311 6.62546
2312 6.62554
2313 6.62561
2314 6.62569
2315 6.62576
2316 6.62584
2317 6.62591
2318 6.62599
2319 6.62606
2320 6.62614
2321 6.62621
2322 6.62629
2323 6.62636
2324 6.62644
2325 6.62652
2326 6.62659
2327 6.62667
2328 6.62674
2329 6.62682
2330 6.62689
2331 6.62697
2332 6.62704
2333 6.62712
2334 6.6272
2335 6.62727
2336 6.62735
2337 6.62742
2338 6.6275
2339 6.62757
2340 6.62765
2341 6.62773
2342 6.6278
2343 6.62788
2344 6.62795
2345 6.62803
2346 6.62811
2347 6.62818
2348 6.62826
2349 6.62833
2350 6.62841
2351 6.62849
2352 6.62856
2353 6.62864
2354 6.62871
2355 6.62879
2356 6.62887
2357 6.62894
2358 6.62902
2359 6.6291
2360 6.62917
2361 6.62925
2362 6.62932
2363 6.6294
2364 6.62948
2365 6.62955
2366 6.62963
2367 6.62971
2368 6.62978
2369 6.62986
2370 6.62994
2371 6.63001
2372 6.63009
2373 6.63017
2374 6.63024
2375 6.63032
2376 6.6304
2377 6.63047
2378 6.63055
2379 6.63063
2380 6.6307
2381 6.63078
2382 6.63086
2383 6.63093
2384 6.63101
2385 6.63109
2386 6.63116
2387 6.63124
2388 6.63132
2389 6.63139
2390 6.63147
2391 6.63155
2392 6.63163
2393 6.6317
2394 6.63178
2395 6.63186
2396 6.63193
2397 6.63201
2398 6.63209
2399 6.63216
2400 6.63224
2401 6.63232
2402 6.6324
2403 6.63247
2404 6.63255
2405 6.63263
2406 6.63271
2407 6.63278
2408 6.63286
2409 6.63294
2410 6.63302
2411 6.63309
2412 6.63317
2413 6.63325
2414 6.63333
2415 6.6334
2416 6.63348
2417 6.63356
2418 6.63364
2419 6.63371
2420 6.63379
2421 6.63387
2422 6.63395
2423 6.63402
2424 6.6341
2425 6.63418
2426 6.63426
2427 6.63434
2428 6.63441
2429 6.63449
2430 6.63457
2431 6.63465
2432 6.63472
2433 6.6348
2434 6.63488
2435 6.63496
2436 6.63504
2437 6.63511
2438 6.63519
2439 6.63527
2440 6.63535
2441 6.63543
2442 6.6355
2443 6.63558
2444 6.63566
2445 6.63574
2446 6.63582
2447 6.6359
2448 6.63597
2449 6.63605
2450 6.63613
2451 6.63621
2452 6.63629
2453 6.63637
2454 6.63644
2455 6.63652
2456 6.6366
2457 6.63668
2458 6.63676
2459 6.63684
2460 6.63691
2461 6.63699
2462 6.63707
2463 6.63715
2464 6.63723
2465 6.63731
2466 6.63739
2467 6.63746
2468 6.63754
2469 6.63762
2470 6.6377
2471 6.63778
2472 6.63786
2473 6.63794
2474 6.63802
2475 6.63809
2476 6.63817
2477 6.63825
2478 6.63833
2479 6.63841
2480 6.63849
2481 6.63857
2482 6.63865
2483 6.63873
2484 6.6388
2485 6.63888
2486 6.63896
2487 6.63904
2488 6.63912
2489 6.6392
2490 6.63928
2491 6.63936
2492 6.63944
2493 6.63952
2494 6.63959
2495 6.63967
2496 6.63975
2497 6.63983
2498 6.63991
2499 6.63999
2500 6.64007
