1 1.83627
19559 8.25291
39117 4.73424
58675 3.3797
78233 2.69139
97791 2.2793
117349 2.00408
136907 1.80609
156465 1.6559
176023 1.53755
195581 1.44158
215139 1.362
234697 1.29486
254255 1.23745
273813 1.1878
293371 1.14446
312929 1.10635
332487 1.07264
352045 1.04264
371603 1.01582
391161 0.991738
410719 0.97004
430277 0.950427
449835 0.932647
469393 0.91649
488951 0.901771
508509 0.888334
528067 0.876046
547625 0.864791
567183 0.854468
586741 0.844988
606299 0.836271
625857 0.828244
645415 0.820847
664973 0.814023
684531 0.807723
704089 0.801902
723647 0.796521
743205 0.791543
762763 0.786936
782321 0.782671
801879 0.778721
821437 0.775064
840995 0.771678
860553 0.768541
880111 0.765635
899669 0.762943
919227 0.76045
938785 0.758141
958343 0.756003
977901 0.754023
997459 0.75219
1017017 0.750495
1036575 0.748928
1056133 0.74748
1075691 0.746143
1095249 0.744909
1114807 0.743772
1134365 0.742724
1153923 0.74176
1173481 0.740875
1193039 0.740062
1212597 0.739317
1232155 0.738635
1251713 0.738013
1271271 0.737447
1290829 0.736932
1310387 0.736467
1329945 0.736047
1349503 0.735669
1369061 0.735332
1388619 0.735031
1408177 0.734766
1427735 0.734532
1447293 0.734329
1466851 0.734155
1486409 0.734008
1505967 0.733885
1525525 0.733787
1545083 0.733711
1564641 0.733656
1584199 0.73362
1603757 0.733602
1623315 0.733602
1642873 0.733618
1662431 0.733649
1681989 0.733695
1701547 0.733754
1721105 0.733825
1740663 0.733908
1760221 0.734002
1779779 0.734107
1799337 0.734221
1818895 0.734344
1838453 0.734476
1858011 0.734616
1877569 0.734763
1897127 0.734917
1916685 0.735078
1936243 0.735245
1955801 0.735418
1975359 0.735596
1994917 0.735779
2014475 0.735967
2034033 0.73616
2053591 0.736356
2073149 0.736556
2092707 0.73676
2112265 0.736967
2131823 0.737177
2151381 0.73739
2170939 0.737606
2190497 0.737824
2210055 0.738045
2229613 0.738268
2249171 0.738492
2268729 0.738718
2288287 0.738946
2307845 0.739176
2327403 0.739406
2346961 0.739638
2366519 0.739871
2386077 0.740105
2405635 0.74034
2425193 0.740576
2444751 0.740812
2464309 0.741049
2483867 0.741287
2503425 0.741525
2522983 0.741763
2542541 0.742002
2562099 0.742241
2581657 0.74248
2601215 0.742719
2620773 0.742958
2640331 0.743197
2659889 0.743436
2679447 0.743675
2699005 0.743914
2718563 0.744152
2738121 0.74439
2757679 0.744628
2777237 0.744866
2796795 0.745104
2816353 0.745341
2835911 0.745577
2855469 0.745813
2875027 0.746049
2894585 0.746285
2914143 0.746519
2933701 0.746754
2953259 0.746987
2972817 0.747221
2992375 0.747453
3011933 0.747686
3031491 0.747917
3051049 0.748148
3070607 0.748378
3090165 0.748608
3109723 0.748837
3129281 0.749066
3148839 0.749293
3168397 0.749521
3187955 0.749747
3207513 0.749973
3227071 0.750198
3246629 0.750423
3266187 0.750646
3285745 0.750869
3305303 0.751092
3324861 0.751313
3344419 0.751534
3363977 0.751755
3383535 0.751974
3403093 0.752193
3422651 0.752411
3442209 0.752629
3461767 0.752846
3481325 0.753062
3500883 0.753277
3520441 0.753492
3539999 0.753705
3559557 0.753919
3579115 0.754131
3598673 0.754343
3618231 0.754554
3637789 0.754765
3657347 0.754974
3676905 0.755183
3696463 0.755392
3716021 0.755599
3735579 0.755806
3755137 0.756012
3774695 0.756218
3794253 0.756423
3813811 0.756627
3833369 0.75683
3852927 0.757033
3872485 0.757235
3892043 0.757437
3911601 0.757637
3931159 0.757838
3950717 0.758037
3970275 0.758236
3989833 0.758434
4009391 0.758632
4028949 0.758828
4048507 0.759025
4068065 0.75922
4087623 0.759415
4107181 0.759609
4126739 0.759803
4146297 0.759996
4165855 0.760188
4185413 0.76038
4204971 0.760571
4224529 0.760762
4244087 0.760952
4263645 0.761141
4283203 0.76133
4302761 0.761518
4322319 0.761706
4341877 0.761893
4361435 0.762079
4380993 0.762265
4400551 0.76245
4420109 0.762635
4439667 0.762819
4459225 0.763002
4478783 0.763185
4498341 0.763368
4517899 0.76355
4537457 0.763731
4557015 0.763912
4576573 0.764092
4596131 0.764272
4615689 0.764451
4635247 0.764629
4654805 0.764808
4674363 0.764985
4693921 0.765162
4713479 0.765339
4733037 0.765515
4752595 0.76569
4772153 0.765865
4791711 0.76604
4811269 0.766214
4830827 0.766387
4850385 0.76656
4869943 0.766732
4889501 0.766904
4909059 0.767076
4928617 0.767247
4948175 0.767417
4967733 0.767588
4987291 0.767757
5006849 0.767926
5026407 0.768095
5045965 0.768263
5065523 0.768431
5085081 0.768598
5104639 0.768765
5124197 0.768931
5143755 0.769097
5163313 0.769262
5182871 0.769427
5202429 0.769592
5221987 0.769756
5241545 0.769919
5261103 0.770083
5280661 0.770245
5300219 0.770408
5319777 0.77057
5339335 0.770731
5358893 0.770892
5378451 0.771053
5398009 0.771213
5417567 0.771373
5437125 0.771532
5456683 0.771691
5476241 0.771849
5495799 0.772008
5515357 0.772165
5534915 0.772323
5554473 0.77248
5574031 0.772636
5593589 0.772792
5613147 0.772948
5632705 0.773103
5652263 0.773258
5671821 0.773413
5691379 0.773567
5710937 0.773721
5730495 0.773874
5750053 0.774027
5769611 0.77418
5789169 0.774332
5808727 0.774484
5828285 0.774635
5847843 0.774786
5867401 0.774937
5886959 0.775087
5906517 0.775237
5926075 0.775387
5945633 0.775536
5965191 0.775685
5984749 0.775834
6004307 0.775982
6023865 0.77613
6043423 0.776277
6062981 0.776424
6082539 0.776571
6102097 0.776718
6121655 0.776864
6141213 0.777009
6160771 0.777155
6180329 0.7773
6199887 0.777445
6219445 0.777589
6239003 0.777733
6258561 0.777877
6278119 0.77802
6297677 0.778163
6317235 0.778306
6336793 0.778448
6356351 0.77859
6375909 0.778732
6395467 0.778873
6415025 0.779014
6434583 0.779155
6454141 0.779295
6473699 0.779435
6493257 0.779575
6512815 0.779715
6532373 0.779854
6551931 0.779992
6571489 0.780131
6591047 0.780269
6610605 0.780407
6630163 0.780545
6649721 0.780682
6669279 0.780819
6688837 0.780955
6708395 0.781092
6727953 0.781228
6747511 0.781364
6767069 0.781499
6786627 0.781634
6806185 0.781769
6825743 0.781903
6845301 0.782038
6864859 0.782172
6884417 0.782305
6903975 0.782439
6923533 0.782572
6943091 0.782704
6962649 0.782837
6982207 0.782969
7001765 0.783101
7021323 0.783233
7040881 0.783364
7060439 0.783495
7079997 0.783626
7099555 0.783756
7119113 0.783886
7138671 0.784016
7158229 0.784146
7177787 0.784275
7197345 0.784405
7216903 0.784533
7236461 0.784662
7256019 0.78479
7275577 0.784918
7295135 0.785046
7314693 0.785173
7334251 0.785301
7353809 0.785427
7373367 0.785554
7392925 0.785681
7412483 0.785807
7432041 0.785933
7451599 0.786058
7471157 0.786183
7490715 0.786309
7510273 0.786433
7529831 0.786558
7549389 0.786682
7568947 0.786806
7588505 0.78693
7608063 0.787054
7627621 0.787177
7647179 0.7873
7666737 0.787423
7686295 0.787545
7705853 0.787667
7725411 0.787789
7744969 0.787911
7764527 0.788033
7784085 0.788154
7803643 0.788275
7823201 0.788396
7842759 0.788516
7862317 0.788636
7881875 0.788757
7901433 0.788876
7920991 0.788996
7940549 0.789115
7960107 0.789234
7979665 0.789353
7999223 0.789472
8018781 0.78959
8038339 0.789708
8057897 0.789826
8077455 0.789944
8097013 0.790061
8116571 0.790178
8136129 0.790295
8155687 0.790412
8175245 0.790528
8194803 0.790644
8214361 0.79076
8233919 0.790876
8253477 0.790992
8273035 0.791107
8292593 0.791222
8312151 0.791337
8331709 0.791451
8351267 0.791566
8370825 0.79168
8390383 0.791794
8409941 0.791908
8429499 0.792021
8449057 0.792134
8468615 0.792247
8488173 0.79236
8507731 0.792473
8527289 0.792585
8546847 0.792697
8566405 0.792809
8585963 0.792921
8605521 0.793032
8625079 0.793144
8644637 0.793255
8664195 0.793365
8683753 0.793476
8703311 0.793587
8722869 0.793697
8742427 0.793807
8761985 0.793916
8781543 0.794026
8801101 0.794135
8820659 0.794244
8840217 0.794353
8859775 0.794462
8879333 0.794571
8898891 0.794679
8918449 0.794787
8938007 0.794895
8957565 0.795003
8977123 0.79511
8996681 0.795217
9016239 0.795324
9035797 0.795431
9055355 0.795538
9074913 0.795644
9094471 0.795751
9114029 0.795857
9133587 0.795962
9153145 0.796068
9172703 0.796174
9192261 0.796279
9211819 0.796384
9231377 0.796489
9250935 0.796593
9270493 0.796698
9290051 0.796802
9309609 0.796906
9329167 0.79701
9348725 0.797114
9368283 0.797217
9387841 0.79732
9407399 0.797424
9426957 0.797526
9446515 0.797629
9466073 0.797732
9485631 0.797834
9505189 0.797936
9524747 0.798038
9544305 0.79814
9563863 0.798241
9583421 0.798343
9602979 0.798444
9622537 0.798545
9642095 0.798646
9661653 0.798747
9681211 0.798847
9700769 0.798947
9720327 0.799047
9739885 0.799147
9759443 0.799247
9779001 0.799346
9798559 0.799446
9818117 0.799545
9837675 0.799644
9857233 0.799743
9876791 0.799841
9896349 0.79994
9915907 0.800038
9935465 0.800136
9955023 0.800234
9974581 0.800332
9994139 0.80043
