1 1.34128
2 1.07024
3 0.967517
4 0.914652
5 0.882428
6 0.860571
7 0.844677
8 0.832555
9 0.822984
10 0.815242
11 0.808861
12 0.803521
13 0.798999
14 0.795135
15 0.791806
16 0.788921
17 0.786405
18 0.784202
19 0.782268
20 0.780565
21 0.779062
22 0.777735
23 0.776561
24 0.775523
25 0.774605
26 0.773794
27 0.773077
28 0.772447
29 0.771892
30 0.771407
31 0.770983
32 0.770615
33 0.770297
34 0.770026
35 0.769796
36 0.769604
37 0.769447
38 0.769322
39 0.769225
40 0.769155
41 0.769109
42 0.769084
43 0.769079
44 0.769093
45 0.769123
46 0.769168
47 0.769228
48 0.7693
49 0.769384
50 0.769479
51 0.769584
52 0.769697
53 0.769819
54 0.769949
55 0.770085
56 0.770228
57 0.770377
58 0.770532
59 0.770691
60 0.770855
61 0.771023
62 0.771195
63 0.77137
64 0.771549
65 0.77173
66 0.771914
67 0.7721
68 0.772288
69 0.772478
70 0.77267
71 0.772864
72 0.773058
73 0.773254
74 0.773451
75 0.773649
76 0.773848
77 0.774047
78 0.774247
79 0.774448
80 0.774649
81 0.77485
82 0.775051
83 0.775253
84 0.775455
85 0.775657
86 0.775858
87 0.77606
88 0.776262
89 0.776463
90 0.776665
91 0.776866
92 0.777067
93 0.777267
94 0.777468
95 0.777667
96 0.777867
97 0.778066
98 0.778264
99 0.778463
100 0.77866
