1 1.83627
19559 8.25285
39117 4.73421
58675 3.37969
78233 2.69138
97791 2.27929
117349 2.00407
136907 1.80608
156465 1.65588
176023 1.53754
195581 1.44156
215139 1.36197
234697 1.29484
254255 1.23742
273813 1.18776
293371 1.14442
312929 1.10631
332487 1.0726
352045 1.0426
371603 1.01577
391161 0.991689
410719 0.969989
430277 0.950373
449835 0.932591
469393 0.916431
488951 0.90171
508509 0.888271
528067 0.875981
547625 0.864724
567183 0.854399
586741 0.844917
606299 0.836198
625857 0.82817
645415 0.82077
664973 0.813945
684531 0.807643
704089 0.801822
723647 0.796439
743205 0.791459
762763 0.786851
782321 0.782585
801879 0.778634
821437 0.774976
840995 0.771588
860553 0.76845
880111 0.765543
899669 0.762851
919227 0.760357
938785 0.758047
958343 0.755908
977901 0.753927
997459 0.752094
1017017 0.750398
1036575 0.74883
1056133 0.747382
1075691 0.746044
1095249 0.74481
1114807 0.743672
1134365 0.742624
1153923 0.741659
1173481 0.740773
1193039 0.73996
1212597 0.739215
1232155 0.738533
1251713 0.73791
1271271 0.737344
1290829 0.736829
1310387 0.736363
1329945 0.735943
1349503 0.735565
1369061 0.735227
1388619 0.734926
1408177 0.734661
1427735 0.734427
1447293 0.734224
1466851 0.73405
1486409 0.733902
1505967 0.73378
1525525 0.733681
1545083 0.733605
1564641 0.733549
1584199 0.733514
1603757 0.733496
1623315 0.733496
1642873 0.733512
1662431 0.733543
1681989 0.733588
1701547 0.733647
1721105 0.733718
1740663 0.733802
1760221 0.733896
1779779 0.734
1799337 0.734114
1818895 0.734237
1838453 0.734369
1858011 0.734509
1877569 0.734656
1897127 0.73481
1916685 0.734971
1936243 0.735138
1955801 0.735311
1975359 0.735489
1994917 0.735672
2014475 0.73586
2034033 0.736053
2053591 0.736249
2073149 0.736449
2092707 0.736653
2112265 0.73686
2131823 0.73707
2151381 0.737284
2170939 0.737499
2190497 0.737718
2210055 0.737938
2229613 0.738161
2249171 0.738385
2268729 0.738612
2288287 0.73884
2307845 0.739069
2327403 0.7393
2346961 0.739532
2366519 0.739765
2386077 0.739999
2405635 0.740234
2425193 0.74047
2444751 0.740706
2464309 0.740943
2483867 0.741181
2503425 0.741419
2522983 0.741657
2542541 0.741896
2562099 0.742135
2581657 0.742374
2601215 0.742613
2620773 0.742852
2640331 0.743091
2659889 0.74333
2679447 0.743569
2699005 0.743808
2718563 0.744046
2738121 0.744285
2757679 0.744523
2777237 0.744761
2796795 0.744998
2816353 0.745235
2835911 0.745472
2855469 0.745708
2875027 0.745944
2894585 0.746179
2914143 0.746414
2933701 0.746649
2953259 0.746882
2972817 0.747116
2992375 0.747349
3011933 0.747581
3031491 0.747812
3051049 0.748043
3070607 0.748274
3090165 0.748504
3109723 0.748733
3129281 0.748961
3148839 0.749189
3168397 0.749416
3187955 0.749643
3207513 0.749869
3227071 0.750094
3246629 0.750319
3266187 0.750543
3285745 0.750766
3305303 0.750988
3324861 0.75121
3344419 0.751431
3363977 0.751651
3383535 0.751871
3403093 0.75209
3422651 0.752308
3442209 0.752526
3461767 0.752742
3481325 0.752959
3500883 0.753174
3520441 0.753389
3539999 0.753603
3559557 0.753816
3579115 0.754029
3598673 0.75424
3618231 0.754452
3637789 0.754662
3657347 0.754872
3676905 0.755081
3696463 0.755289
3716021 0.755497
3735579 0.755704
3755137 0.75591
3774695 0.756116
3794253 0.756321
3813811 0.756525
3833369 0.756729
3852927 0.756932
3872485 0.757134
3892043 0.757335
3911601 0.757536
3931159 0.757736
3950717 0.757936
3970275 0.758135
3989833 0.758333
4009391 0.758531
4028949 0.758728
4048507 0.758924
4068065 0.75912
4087623 0.759315
4107181 0.759509
4126739 0.759703
4146297 0.759896
4165855 0.760088
4185413 0.76028
4204971 0.760471
4224529 0.760662
4244087 0.760852
4263645 0.761042
4283203 0.76123
4302761 0.761419
4322319 0.761606
4341877 0.761793
4361435 0.76198
4380993 0.762166
4400551 0.762351
4420109 0.762536
4439667 0.76272
4459225 0.762904
4478783 0.763087
4498341 0.763269
4517899 0.763451
4537457 0.763633
4557015 0.763813
4576573 0.763994
4596131 0.764173
4615689 0.764353
4635247 0.764531
4654805 0.76471
4674363 0.764887
4693921 0.765064
4713479 0.765241
4733037 0.765417
4752595 0.765593
4772153 0.765768
4791711 0.765942
4811269 0.766116
4830827 0.76629
4850385 0.766463
4869943 0.766635
4889501 0.766807
4909059 0.766979
4928617 0.76715
4948175 0.767321
4967733 0.767491
4987291 0.76766
5006849 0.76783
5026407 0.767998
5045965 0.768167
5065523 0.768334
5085081 0.768502
5104639 0.768669
5124197 0.768835
5143755 0.769001
5163313 0.769166
5182871 0.769331
5202429 0.769496
5221987 0.76966
5241545 0.769824
5261103 0.769987
5280661 0.77015
5300219 0.770312
5319777 0.770474
5339335 0.770636
5358893 0.770797
5378451 0.770958
5398009 0.771118
5417567 0.771278
5437125 0.771437
5456683 0.771596
5476241 0.771755
5495799 0.771913
5515357 0.772071
5534915 0.772228
5554473 0.772385
5574031 0.772542
5593589 0.772698
5613147 0.772854
5632705 0.773009
5652263 0.773164
5671821 0.773319
5691379 0.773473
5710937 0.773627
5730495 0.77378
5750053 0.773933
5769611 0.774086
5789169 0.774238
5808727 0.77439
5828285 0.774542
5847843 0.774693
5867401 0.774844
5886959 0.774994
5906517 0.775144
5926075 0.775294
5945633 0.775443
5965191 0.775592
5984749 0.775741
6004307 0.775889
6023865 0.776037
6043423 0.776185
6062981 0.776332
6082539 0.776479
6102097 0.776625
6121655 0.776772
6141213 0.776917
6160771 0.777063
6180329 0.777208
6199887 0.777353
6219445 0.777497
6239003 0.777641
6258561 0.777785
6278119 0.777928
6297677 0.778072
6317235 0.778214
6336793 0.778357
6356351 0.778499
6375909 0.778641
6395467 0.778782
6415025 0.778923
6434583 0.779064
6454141 0.779204
6473699 0.779345
6493257 0.779484
6512815 0.779624
6532373 0.779763
6551931 0.779902
6571489 0.780041
6591047 0.780179
6610605 0.780317
6630163 0.780454
6649721 0.780592
6669279 0.780729
6688837 0.780865
6708395 0.781002
6727953 0.781138
6747511 0.781274
6767069 0.781409
6786627 0.781544
6806185 0.781679
6825743 0.781814
6845301 0.781948
6864859 0.782082
6884417 0.782216
6903975 0.782349
6923533 0.782482
6943091 0.782615
6962649 0.782748
6982207 0.78288
7001765 0.783012
7021323 0.783144
7040881 0.783275
7060439 0.783406
7079997 0.783537
7099555 0.783668
7119113 0.783798
7138671 0.783928
7158229 0.784058
7177787 0.784187
7197345 0.784316
7216903 0.784445
7236461 0.784574
7256019 0.784702
7275577 0.78483
7295135 0.784958
7314693 0.785086
7334251 0.785213
7353809 0.78534
7373367 0.785467
7392925 0.785593
7412483 0.785719
7432041 0.785845
7451599 0.785971
7471157 0.786096
7490715 0.786221
7510273 0.786346
7529831 0.786471
7549389 0.786595
7568947 0.786719
7588505 0.786843
7608063 0.786967
7627621 0.78709
7647179 0.787213
7666737 0.787336
7686295 0.787459
7705853 0.787581
7725411 0.787703
7744969 0.787825
7764527 0.787947
7784085 0.788068
7803643 0.788189
7823201 0.78831
7842759 0.78843
7862317 0.788551
7881875 0.788671
7901433 0.788791
7920991 0.78891
7940549 0.78903
7960107 0.789149
7979665 0.789268
7999223 0.789386
8018781 0.789505
8038339 0.789623
8057897 0.789741
8077455 0.789859
8097013 0.789976
8116571 0.790093
8136129 0.79021
8155687 0.790327
8175245 0.790443
8194803 0.79056
8214361 0.790676
8233919 0.790792
8253477 0.790907
8273035 0.791023
8292593 0.791138
8312151 0.791253
8331709 0.791367
8351267 0.791482
8370825 0.791596
8390383 0.79171
8409941 0.791824
8429499 0.791937
8449057 0.79205
8468615 0.792164
8488173 0.792276
8507731 0.792389
8527289 0.792502
8546847 0.792614
8566405 0.792726
8585963 0.792838
8605521 0.792949
8625079 0.79306
8644637 0.793172
8664195 0.793282
8683753 0.793393
8703311 0.793504
8722869 0.793614
8742427 0.793724
8761985 0.793834
8781543 0.793943
8801101 0.794053
8820659 0.794162
8840217 0.794271
8859775 0.79438
8879333 0.794488
8898891 0.794597
8918449 0.794705
8938007 0.794813
8957565 0.79492
8977123 0.795028
8996681 0.795135
9016239 0.795242
9035797 0.795349
9055355 0.795456
9074913 0.795563
9094471 0.795669
9114029 0.795775
9133587 0.795881
9153145 0.795987
9172703 0.796092
9192261 0.796197
9211819 0.796303
9231377 0.796407
9250935 0.796512
9270493 0.796617
9290051 0.796721
9309609 0.796825
9329167 0.796929
9348725 0.797033
9368283 0.797136
9387841 0.79724
9407399 0.797343
9426957 0.797446
9446515 0.797549
9466073 0.797651
9485631 0.797754
9505189 0.797856
9524747 0.797958
9544305 0.79806
9563863 0.798161
9583421 0.798263
9602979 0.798364
9622537 0.798465
9642095 0.798566
9661653 0.798667
9681211 0.798767
9700769 0.798867
9720327 0.798968
9739885 0.799068
9759443 0.799167
9779001 0.799267
9798559 0.799366
9818117 0.799466
9837675 0.799565
9857233 0.799664
9876791 0.799762
9896349 0.799861
9915907 0.799959
9935465 0.800057
9955023 0.800155
9974581 0.800253
