1 0.55088
19559 7.02718
39117 5.27634
58675 4.2162
78233 3.50743
97791 2.99918
117349 2.61953
136907 2.32648
156465 2.09539
176023 1.90984
195581 1.75808
215139 1.63211
234697 1.52607
254255 1.4358
273813 1.35817
293371 1.29073
312929 1.23169
332487 1.17962
352045 1.1334
371603 1.0921
391161 1.05501
410719 1.02155
430277 0.991222
449835 0.963585
469393 0.938307
488951 0.915092
508509 0.893705
528067 0.873956
547625 0.85566
567183 0.83866
586741 0.822821
606299 0.808027
625857 0.794174
645415 0.781177
664973 0.768961
684531 0.757457
704089 0.746603
723647 0.736347
743205 0.726641
762763 0.717441
782321 0.708711
801879 0.700418
821437 0.692532
840995 0.685022
860553 0.677863
880111 0.671029
899669 0.664499
919227 0.658255
938785 0.652281
958343 0.646561
977901 0.641082
997459 0.635829
1017017 0.630789
1036575 0.62595
1056133 0.621302
1075691 0.616835
1095249 0.612538
1114807 0.608406
1134365 0.604427
1153923 0.600594
1173481 0.5969
1193039 0.593338
1212597 0.589903
1232155 0.586589
1251713 0.58339
1271271 0.5803
1290829 0.577316
1310387 0.574433
1329945 0.571647
1349503 0.568953
1369061 0.566349
1388619 0.563831
1408177 0.561395
1427735 0.559038
1447293 0.556758
1466851 0.55455
1486409 0.552413
1505967 0.550344
1525525 0.548339
1545083 0.546397
1564641 0.544516
1584199 0.542692
1603757 0.540925
1623315 0.539211
1642873 0.537549
1662431 0.535938
1681989 0.534375
1701547 0.53286
1721105 0.53139
1740663 0.529965
1760221 0.528582
1779779 0.527241
1799337 0.52594
1818895 0.524677
1838453 0.523451
1858011 0.522261
1877569 0.521106
1897127 0.519985
1916685 0.518896
1936243 0.517838
1955801 0.516811
1975359 0.515813
1994917 0.514845
2014475 0.513904
2034033 0.51299
2053591 0.512103
2073149 0.511241
2092707 0.510405
2112265 0.509592
2131823 0.508803
2151381 0.508037
2170939 0.507293
2190497 0.50657
2210055 0.505869
2229613 0.505188
2249171 0.504526
2268729 0.503885
2288287 0.503262
2307845 0.502657
2327403 0.502071
2346961 0.501501
2366519 0.500947
2386077 0.50041
2405635 0.499889
2425193 0.499383
2444751 0.498892
2464309 0.498416
2483867 0.497953
2503425 0.497504
2522983 0.497068
2542541 0.496645
2562099 0.496235
2581657 0.495836
2601215 0.49545
2620773 0.495075
2640331 0.494711
2659889 0.494359
2679447 0.494017
2699005 0.493686
2718563 0.493364
2738121 0.493053
2757679 0.492752
2777237 0.49246
2796795 0.492177
2816353 0.491903
2835911 0.491637
2855469 0.491381
2875027 0.491132
2894585 0.490892
2914143 0.49066
2933701 0.490436
2953259 0.490219
2972817 0.49001
2992375 0.489808
3011933 0.489613
3031491 0.489425
3051049 0.489244
3070607 0.489069
3090165 0.488901
3109723 0.488739
3129281 0.488582
3148839 0.488432
3168397 0.488288
3187955 0.488149
3207513 0.488016
3227071 0.487888
3246629 0.487765
3266187 0.487648
3285745 0.487535
3305303 0.487427
3324861 0.487323
3344419 0.487224
3363977 0.48713
3383535 0.48704
3403093 0.486954
3422651 0.486872
3442209 0.486795
3461767 0.486721
3481325 0.486651
3500883 0.486585
3520441 0.486523
3539999 0.486464
3559557 0.486409
3579115 0.486357
3598673 0.486308
3618231 0.486263
3637789 0.48622
3657347 0.486181
3676905 0.486145
3696463 0.486112
3716021 0.486082
3735579 0.486055
3755137 0.486031
3774695 0.486009
3794253 0.48599
3813811 0.485974
3833369 0.48596
3852927 0.485949
3872485 0.48594
3892043 0.485934
3911601 0.48593
3931159 0.485928
3950717 0.485928
3970275 0.485931
3989833 0.485936
4009391 0.485943
4028949 0.485951
4048507 0.485962
4068065 0.485975
4087623 0.485989
4107181 0.486005
4126739 0.486023
4146297 0.486043
4165855 0.486064
4185413 0.486087
4204971 0.486112
4224529 0.486138
4244087 0.486166
4263645 0.486196
4283203 0.486227
4302761 0.486259
4322319 0.486293
4341877 0.486328
4361435 0.486364
4380993 0.486402
4400551 0.486441
4420109 0.486481
4439667 0.486523
4459225 0.486566
4478783 0.48661
4498341 0.486655
4517899 0.486701
4537457 0.486748
4557015 0.486797
4576573 0.486846
4596131 0.486896
4615689 0.486947
4635247 0.487
4654805 0.487053
4674363 0.487107
4693921 0.487162
4713479 0.487217
4733037 0.487274
4752595 0.487331
4772153 0.48739
4791711 0.487448
4811269 0.487508
4830827 0.487569
4850385 0.48763
4869943 0.487691
4889501 0.487754
4909059 0.487817
4928617 0.487881
4948175 0.487946
4967733 0.488011
4987291 0.488077
5006849 0.488143
5026407 0.48821
5045965 0.488277
5065523 0.488345
5085081 0.488413
5104639 0.488482
5124197 0.488552
5143755 0.488622
5163313 0.488692
5182871 0.488763
5202429 0.488834
5221987 0.488906
5241545 0.488978
5261103 0.48905
5280661 0.489123
5300219 0.489196
5319777 0.489269
5339335 0.489343
5358893 0.489417
5378451 0.489491
5398009 0.489566
5417567 0.489641
5437125 0.489717
5456683 0.489792
5476241 0.489868
5495799 0.489945
5515357 0.490021
5534915 0.490098
5554473 0.490175
5574031 0.490252
5593589 0.49033
5613147 0.490408
5632705 0.490486
5652263 0.490564
5671821 0.490642
5691379 0.490721
5710937 0.4908
5730495 0.490879
5750053 0.490958
5769611 0.491037
5789169 0.491117
5808727 0.491196
5828285 0.491276
5847843 0.491356
5867401 0.491436
5886959 0.491517
5906517 0.491597
5926075 0.491677
5945633 0.491758
5965191 0.491839
5984749 0.49192
6004307 0.492
6023865 0.492082
6043423 0.492163
6062981 0.492244
6082539 0.492325
6102097 0.492407
6121655 0.492488
6141213 0.492569
6160771 0.492651
6180329 0.492733
6199887 0.492814
6219445 0.492896
6239003 0.492978
6258561 0.493059
6278119 0.493141
6297677 0.493223
6317235 0.493304
6336793 0.493386
6356351 0.493468
6375909 0.49355
6395467 0.493632
6415025 0.493714
6434583 0.493795
6454141 0.493877
6473699 0.493959
6493257 0.494041
6512815 0.494123
6532373 0.494204
6551931 0.494286
6571489 0.494368
6591047 0.49445
6610605 0.494531
6630163 0.494613
6649721 0.494695
6669279 0.494777
6688837 0.494858
6708395 0.49494
6727953 0.495021
6747511 0.495103
6767069 0.495184
6786627 0.495266
6806185 0.495347
6825743 0.495428
6845301 0.49551
6864859 0.495591
6884417 0.495672
6903975 0.495753
6923533 0.495834
6943091 0.495915
6962649 0.495995
6982207 0.496076
7001765 0.496157
7021323 0.496237
7040881 0.496318
7060439 0.496398
7079997 0.496478
7099555 0.496559
7119113 0.496639
7138671 0.496719
7158229 0.496799
7177787 0.496879
7197345 0.496959
7216903 0.497039
7236461 0.497118
7256019 0.497198
7275577 0.497277
7295135 0.497357
7314693 0.497436
7334251 0.497515
7353809 0.497594
7373367 0.497673
7392925 0.497752
7412483 0.497831
7432041 0.49791
7451599 0.497988
7471157 0.498067
7490715 0.498145
7510273 0.498223
7529831 0.498301
7549389 0.49838
7568947 0.498457
7588505 0.498535
7608063 0.498613
7627621 0.498691
7647179 0.498768
7666737 0.498846
7686295 0.498923
7705853 0.499
7725411 0.499077
7744969 0.499154
7764527 0.499231
7784085 0.499308
7803643 0.499384
7823201 0.499461
7842759 0.499537
7862317 0.499613
7881875 0.499689
7901433 0.499765
7920991 0.499841
7940549 0.499917
7960107 0.499993
7979665 0.500068
7999223 0.500144
8018781 0.500219
8038339 0.500294
8057897 0.500369
8077455 0.500444
8097013 0.500519
8116571 0.500594
8136129 0.500669
8155687 0.500743
8175245 0.500817
8194803 0.500892
8214361 0.500966
8233919 0.50104
8253477 0.501113
8273035 0.501187
8292593 0.501261
8312151 0.501334
8331709 0.501407
8351267 0.501481
8370825 0.501554
8390383 0.501627
8409941 0.501699
8429499 0.501772
8449057 0.501845
8468615 0.501917
8488173 0.501989
8507731 0.502062
8527289 0.502134
8546847 0.502206
8566405 0.502277
8585963 0.502349
8605521 0.502421
8625079 0.502492
8644637 0.502563
8664195 0.502634
8683753 0.502706
8703311 0.502776
8722869 0.502847
8742427 0.502918
8761985 0.502988
8781543 0.503059
8801101 0.503129
8820659 0.503199
8840217 0.503269
8859775 0.503339
8879333 0.503409
8898891 0.503479
8918449 0.503548
8938007 0.503618
8957565 0.503687
8977123 0.503756
8996681 0.503825
9016239 0.503894
9035797 0.503963
9055355 0.504032
9074913 0.5041
9094471 0.504169
9114029 0.504237
9133587 0.504305
9153145 0.504373
9172703 0.504441
9192261 0.504509
9211819 0.504577
9231377 0.504645
9250935 0.504712
9270493 0.504779
9290051 0.504847
9309609 0.504914
9329167 0.504981
9348725 0.505048
9368283 0.505114
9387841 0.505181
9407399 0.505247
9426957 0.505314
9446515 0.50538
9466073 0.505446
9485631 0.505512
9505189 0.505578
9524747 0.505644
9544305 0.50571
9563863 0.505775
9583421 0.505841
9602979 0.505906
9622537 0.505971
9642095 0.506036
9661653 0.506101
9681211 0.506166
9700769 0.506231
9720327 0.506295
9739885 0.50636
9759443 0.506424
9779001 0.506488
9798559 0.506553
9818117 0.506617
9837675 0.506681
9857233 0.506744
9876791 0.506808
9896349 0.506872
9915907 0.506935
9935465 0.506998
9955023 0.507062
9974581 0.507125
9994139 0.507188
