1 33.0937
2 17.4534
3 12.4914
4 10.1188
5 8.73881
6 7.83412
7 7.19103
8 6.70705
9 6.32735
10 6.02013
11 5.7656
12 5.5507
13 5.36646
14 5.20655
15 5.06635
16 4.94241
17 4.83204
18 4.73317
19 4.64414
20 4.56361
21 4.49051
22 4.42394
23 4.36314
24 4.30749
25 4.25645
26 4.20954
27 4.16638
28 4.12662
29 4.08996
30 4.05614
31 4.0249
32 3.99606
33 3.96941
34 3.9448
35 3.92206
36 3.90107
37 3.8817
38 3.86384
39 3.84738
40 3.83223
41 3.81831
42 3.80553
43 3.79383
44 3.78315
45 3.77341
46 3.76456
47 3.75655
48 3.74933
49 3.74286
50 3.73709
51 3.73198
52 3.7275
53 3.7236
54 3.72026
55 3.71744
56 3.71512
57 3.71328
58 3.71187
59 3.71088
60 3.71029
61 3.71008
62 3.71022
63 3.7107
64 3.71151
65 3.71261
66 3.71401
67 3.71568
68 3.71761
69 3.71978
70 3.7222
71 3.72484
72 3.72769
73 3.73075
74 3.73399
75 3.73742
76 3.74103
77 3.74479
78 3.74872
79 3.75279
80 3.757
81 3.76134
82 3.76581
83 3.7704
84 3.77511
85 3.77992
86 3.78484
87 3.78985
88 3.79496
89 3.80016
90 3.80544
91 3.81079
92 3.81623
93 3.82173
94 3.8273
95 3.83294
96 3.83864
97 3.84439
98 3.8502
99 3.85606
100 3.86196
