1 13.1785
2 6.76031
3 4.53537
4 3.47305
5 2.87093
6 2.49538
7 2.24802
8 2.07988
9 1.96333
10 1.88151
11 1.82355
12 1.78223
13 1.75265
14 1.73143
15 1.7162
16 1.70532
17 1.69761
18 1.6922
19 1.68849
20 1.68604
21 1.68451
22 1.68366
23 1.68332
24 1.68336
25 1.68367
26 1.68417
27 1.68482
28 1.68557
29 1.68638
30 1.68724
31 1.68812
32 1.68901
33 1.6899
34 1.69079
35 1.69167
36 1.69252
37 1.69336
38 1.69418
39 1.69497
40 1.69574
41 1.69649
42 1.69722
43 1.69792
44 1.6986
45 1.69925
46 1.69989
47 1.7005
48 1.7011
49 1.70167
50 1.70223
51 1.70277
52 1.70329
53 1.7038
54 1.70429
55 1.70476
56 1.70522
57 1.70567
58 1.70611
59 1.70653
60 1.70694
61 1.70734
62 1.70772
63 1.7081
64 1.70847
65 1.70882
66 1.70917
67 1.70951
68 1.70984
69 1.71017
70 1.71048
71 1.71079
72 1.71109
73 1.71139
74 1.71167
75 1.71195
76 1.71223
77 1.7125
78 1.71276
79 1.71302
80 1.71328
81 1.71352
82 1.71377
83 1.71401
84 1.71424
85 1.71447
86 1.7147
87 1.71492
88 1.71514
89 1.71535
90 1.71557
91 1.71577
92 1.71598
93 1.71618
94 1.71638
95 1.71657
96 1.71677
97 1.71695
98 1.71714
99 1.71733
100 1.71751
101 1.71769
102 1.71786
103 1.71804
104 1.71821
105 1.71838
106 1.71855
107 1.71871
108 1.71887
109 1.71904
110 1.7192
111 1.71935
112 1.71951
113 1.71966
114 1.71982
115 1.71997
116 1.72011
117 1.72026
118 1.72041
119 1.72055
120 1.7207
121 1.72084
122 1.72098
123 1.72112
124 1.72125
125 1.72139
126 1.72152
127 1.72166
128 1.72179
129 1.72192
130 1.72205
131 1.72218
132 1.72231
133 1.72243
134 1.72256
135 1.72268
136 1.72281
137 1.72293
138 1.72305
139 1.72317
140 1.72329
141 1.72341
142 1.72353
143 1.72364
144 1.72376
145 1.72387
146 1.72399
147 1.7241
148 1.72421
149 1.72432
150 1.72444
151 1.72455
152 1.72465
153 1.72476
154 1.72487
155 1.72498
156 1.72508
157 1.72519
158 1.72529
159 1.7254
160 1.7255
161 1.72561
162 1.72571
163 1.72581
164 1.72591
165 1.72601
166 1.72611
167 1.72621
168 1.72631
169 1.72641
170 1.7265
171 1.7266
172 1.7267
173 1.72679
174 1.72689
175 1.72698
176 1.72708
177 1.72717
178 1.72726
179 1.72736
180 1.72745
181 1.72754
182 1.72763
183 1.72772
184 1.72781
185 1.7279
186 1.72799
187 1.72808
188 1.72817
189 1.72825
190 1.72834
191 1.72843
192 1.72851
193 1.7286
194 1.72869
195 1.72877
196 1.72886
197 1.72894
198 1.72902
199 1.72911
200 1.72919
