1 2195.6
10001 347.521
20001 134.849
30001 89.5172
40001 52.1173
50001 31.9495
60001 24.3194
70001 16.0967
80001 17.2015
90001 10.3726
100001 14.1498
110001 8.12979
120001 7.42639
130001 7.08475
140001 6.8532
150001 6.65656
160001 6.52639
170001 6.41069
180001 6.35482
190001 6.33547
200001 6.20298
210001 6.10645
220001 6.0515
230001 5.98974
240001 5.98897
250001 5.97835
260001 5.92875
270001 5.87141
280001 5.9053
290001 5.95447
300001 6.99541
310001 5.74851
320001 5.67724
330001 5.57642
340001 5.5136
350001 5.48723
360001 5.37384
370001 5.30891
380001 5.43467
390001 5.25157
400001 5.22036
410001 5.09721
420001 4.90712
430001 4.83454
440001 4.62407
450001 4.52703
460001 4.50152
470001 4.47731
480001 4.53376
490001 4.54425
500001 4.51642
510001 4.53079
520001 11.8292
530001 4.63778
540001 4.71765
550001 4.65594
560001 4.66575
570001 4.58732
580001 5.04106
590001 4.81666
600001 5.07305
610001 4.84819
620001 5.01542
630001 4.9473
640001 5.05814
650001 5.04228
660001 5.07401
670001 5.12262
680001 5.22803
690001 5.25208
700001 5.29859
710001 5.32658
720001 5.2924
730001 5.45073
740001 8.49611
750001 5.30398
760001 5.28974
770001 5.23549
780001 5.26615
790001 5.27102
800001 5.17444
810001 5.13577
820001 5.23361
830001 5.05462
840001 4.96422
850001 4.82173
860001 4.73901
870001 4.67733
880001 4.51451
890001 4.43189
900001 4.38801
910001 4.42465
920001 4.3156
930001 4.42826
940001 4.4271
950001 4.42239
960001 4.49181
970001 4.73223
980001 4.63899
990001 4.57038
1000001 4.63146
1010001 4.63747
1020001 4.91842
1030001 4.83954
1040001 4.95619
1050001 4.86866
1060001 4.88674
1070001 4.91621
1080001 5.01066
1090001 4.97254
1100001 5.02642
1110001 5.0551
1120001 5.15409
1130001 5.23272
1140001 5.23639
1150001 5.27582
1160001 5.35232
1170001 5.26253
1180001 8.44644
1190001 5.42119
1200001 5.30576
1210001 5.2266
1220001 5.22618
1230001 5.19191
1240001 5.12792
1250001 5.16319
1260001 7.34646
1270001 5.01979
1280001 5.02867
1290001 4.89745
1300001 4.74806
1310001 4.678
1320001 4.50609
1330001 4.41175
1340001 4.40639
1350001 4.4492
1360001 4.33957
1370001 4.35842
1380001 4.35531
1390001 4.42079
1400001 4.53897
1410001 4.6846
1420001 4.40986
1430001 4.55994
1440001 4.44689
1450001 4.62159
1460001 11.7497
1470001 4.73704
1480001 11.9346
1490001 4.80655
1500001 4.85437
1510001 4.87675
1520001 4.95049
1530001 4.97899
1540001 5.00478
1550001 5.03734
1560001 5.09086
1570001 5.21245
1580001 5.23503
1590001 5.24465
1600001 5.34632
1610001 5.31697
1620001 5.30404
1630001 6.63881
1640001 5.28168
1650001 5.24363
1660001 5.26737
1670001 5.14485
1680001 5.10978
1690001 5.07538
1700001 7.28699
1710001 5.19196
1720001 5.02021
1730001 4.93587
1740001 4.85071
1750001 4.68619
1760001 4.55631
1770001 4.43382
1780001 4.39371
1790001 4.39772
1800001 4.31168
1810001 4.40341
1820001 4.36768
1830001 4.41491
1840001 4.49928
1850001 11.7678
1860001 4.41399
1870001 11.6864
1880001 4.52003
1890001 4.4932
1900001 4.50603
1910001 4.70606
1920001 4.73245
1930001 4.82145
1940001 4.84819
1950001 4.93277
1960001 5.03342
1970001 4.99866
1980001 5.01393
1990001 5.04738
2000001 5.07847
2010001 5.18258
2020001 5.22926
2030001 5.23275
2040001 5.23701
2050001 5.31732
2060001 5.40741
2070001 6.58357
2080001 5.27265
2090001 5.24799
2100001 5.1858
2110001 5.16167
2120001 5.15699
2130001 5.07653
2140001 5.01553
2150001 5.18956
2160001 4.99323
2170001 4.99607
2180001 4.8808
2190001 4.70855
2200001 4.64992
2210001 4.45438
2220001 4.36784
2230001 4.3592
2240001 4.34632
2250001 4.41142
2260001 4.42942
2270001 4.40338
2280001 4.43446
2290001 11.7757
2300001 4.5325
2310001 4.60578
2320001 4.55714
2330001 4.57166
2340001 4.49776
2350001 4.96813
2360001 4.7371
2370001 4.99395
2380001 4.7773
2390001 4.89912
2400001 4.88119
2410001 4.99921
2420001 4.97908
2430001 5.01955
2440001 5.06226
2450001 5.17494
2460001 5.19825
2470001 5.24979
2480001 5.26424
2490001 5.23843
2500001 5.40073
2510001 8.46324
2520001 5.25766
2530001 5.24447
2540001 5.19453
2550001 5.23062
2560001 5.23648
2570001 5.14376
2580001 5.08904
2590001 5.19688
2600001 5.01317
2610001 4.93618
2620001 4.79272
2630001 4.71459
2640001 4.66591
2650001 4.4936
2660001 4.40851
2670001 4.36154
2680001 4.38382
2690001 4.30561
2700001 4.41744
2710001 4.418
2720001 4.40387
2730001 4.47365
2740001 4.71389
2750001 4.63207
2760001 4.55423
2770001 4.60953
2780001 4.62534
2790001 4.91258
2800001 4.83231
2810001 4.96611
2820001 4.85765
2830001 4.88068
2840001 4.90293
2850001 5.00126
2860001 4.96625
2870001 5.01566
2880001 5.04593
2890001 5.14597
2900001 5.2232
2910001 5.22634
2920001 5.26573
2930001 5.34115
2940001 5.2538
2950001 8.44827
2960001 5.41179
2970001 5.29847
2980001 5.21934
2990001 5.2255
3000001 5.18943
3010001 5.11218
3020001 5.16281
3030001 7.33704
3040001 5.03083
3050001 5.00222
3060001 4.89619
3070001 4.74438
3080001 4.67717
3090001 4.49894
3100001 4.40602
3110001 4.40426
3120001 4.44514
3130001 4.33488
3140001 4.34999
3150001 4.35113
3160001 4.41133
3170001 4.53821
3180001 4.67988
3190001 4.40421
3200001 4.5538
3210001 4.44256
3220001 4.63231
3230001 11.7514
3240001 4.7492
3250001 11.9326
3260001 4.82633
3270001 4.85825
3280001 4.87811
3290001 4.95134
3300001 4.97712
3310001 5.00642
3320001 5.03666
3330001 5.09347
3340001 5.21111
3350001 5.23415
3360001 5.2446
3370001 5.33909
3380001 5.32187
3390001 5.29879
3400001 6.63628
3410001 5.27747
3420001 5.23241
3430001 5.26514
3440001 5.13431
3450001 5.10528
3460001 5.07272
3470001 7.28217
3480001 5.19362
3490001 5.01724
3500001 4.95146
3510001 4.84093
3520001 4.6913
3530001 4.55379
3540001 4.43013
3550001 4.39115
3560001 4.3949
3570001 4.31031
3580001 4.40548
3590001 4.34539
3600001 4.4096
3610001 4.49151
3620001 11.7654
3630001 4.40794
3640001 11.6848
3650001 4.51313
3660001 4.49078
3670001 4.4906
3680001 4.70629
3690001 4.73804
3700001 4.8201
3710001 4.84319
3720001 4.93097
3730001 5.03502
3740001 5.00241
3750001 5.01632
3760001 5.04833
3770001 5.08005
3780001 5.18577
3790001 5.23288
3800001 5.22554
3810001 5.23733
3820001 5.31709
3830001 5.40245
3840001 6.58288
3850001 5.26841
3860001 5.2482
3870001 5.18344
3880001 5.15733
3890001 5.15582
3900001 5.06742
3910001 5.01545
3920001 5.21119
3930001 4.99327
3940001 4.99591
3950001 4.88102
3960001 4.71262
3970001 4.61812
3980001 4.45273
3990001 4.36707
4000001 4.35794
4010001 4.34466
4020001 4.42002
4030001 4.41764
4040001 4.39228
4050001 4.43527
4060001 11.7643
4070001 4.52969
4080001 4.62702
4090001 4.56404
4100001 4.57565
4110001 4.49974
4120001 4.97022
4130001 4.72678
4140001 4.99209
4150001 4.78177
4160001 4.9047
4170001 4.88145
4180001 5.00104
4190001 4.98122
4200001 5.02096
4210001 5.06398
4220001 5.18498
4230001 5.19947
4240001 5.25127
4250001 5.25973
4260001 5.23832
4270001 5.39806
4280001 8.46296
4290001 5.26577
4300001 5.24268
4310001 5.19404
4320001 5.23036
4330001 5.20277
4340001 5.14068
4350001 5.07485
4360001 5.19476
4370001 5.00799
4380001 4.93574
4390001 4.79255
4400001 4.71425
4410001 4.67356
4420001 4.49465
4430001 4.40716
4440001 4.36051
4450001 4.3765
4460001 4.3119
4470001 4.41919
4480001 4.41768
4490001 4.38654
4500001 4.47745
4510001 4.71
4520001 4.63317
4530001 4.55493
4540001 4.60997
4550001 4.62973
4560001 4.9298
4570001 4.82878
4580001 4.96723
4590001 4.8588
4600001 4.88175
4610001 4.89853
4620001 5.00347
4630001 4.96809
4640001 5.01169
4650001 5.04772
4660001 5.14771
4670001 5.2329
4680001 5.2268
4690001 5.2653
4700001 5.33379
4710001 5.25562
4720001 8.45054
4730001 5.41175
4740001 5.32215
4750001 5.22077
4760001 5.23064
4770001 5.18813
4780001 5.10041
4790001 5.16518
4800001 7.33521
4810001 5.02592
4820001 4.96921
4830001 4.89257
4840001 4.73749
4850001 4.68057
4860001 4.49784
4870001 4.40517
4880001 4.40303
4890001 4.44345
4900001 4.33417
4910001 4.36573
4920001 4.35112
4930001 4.4139
4940001 4.54709
4950001 4.68002
4960001 4.407
4970001 4.55457
4980001 4.44312
4990001 4.62578
5000001 11.7514
5010001 4.75349
5020001 11.9333
5030001 4.82342
5040001 4.86276
5050001 4.88265
5060001 4.95448
5070001 4.97787
5080001 5.01112
5090001 5.04124
5100001 5.09402
5110001 5.21171
5120001 5.2354
5130001 5.24671
5140001 5.33879
5150001 5.32209
5160001 5.2999
5170001 6.63348
5180001 5.27694
5190001 5.23939
5200001 5.26492
5210001 5.12751
5220001 5.1046
5230001 5.07317
5240001 7.27813
5250001 5.19047
5260001 5.01612
5270001 4.93679
5280001 4.83766
5290001 4.70103
5300001 4.55378
5310001 4.42828
5320001 4.38707
5330001 4.39456
5340001 4.31017
5350001 4.41392
5360001 4.3525
5370001 4.41069
5380001 4.49523
5390001 11.7679
5400001 4.40664
5410001 11.6876
5420001 4.52287
5430001 4.49283
5440001 4.49125
5450001 4.70649
5460001 4.732
5470001 4.82127
5480001 4.84239
5490001 4.93197
5500001 5.03373
5510001 5.0071
5520001 5.01312
5530001 5.05091
5540001 5.09269
5550001 5.18659
5560001 5.22815
5570001 5.22778
5580001 5.23677
5590001 5.31435
5600001 5.39986
5610001 6.58691
5620001 5.26611
5630001 5.24973
5640001 5.1838
5650001 5.15217
5660001 5.1557
5670001 5.07092
5680001 5.02049
5690001 5.20417
5700001 4.99534
5710001 4.99658
5720001 4.87968
5730001 4.70853
5740001 4.62437
5750001 4.45254
5760001 4.36804
5770001 4.35951
5780001 4.3441
5790001 4.41692
5800001 4.41525
5810001 4.38886
5820001 4.43804
5830001 11.7646
5840001 4.52851
5850001 11.7776
5860001 4.56584
5870001 4.57263
5880001 4.5029
5890001 4.98207
5900001 4.72639
5910001 4.99492
5920001 4.77984
5930001 4.94086
5940001 4.88167
5950001 5.0093
5960001 4.9864
5970001 5.02055
5980001 5.06732
5990001 5.19771
6000001 5.19998
6010001 5.24869
6020001 5.25273
6030001 5.24058
6040001 5.39784
6050001 8.46281
6060001 5.25899
6070001 5.24296
6080001 5.1905
6090001 5.23182
6100001 5.19791
6110001 5.13749
6120001 5.0799
6130001 5.19385
6140001 5.00632
6150001 4.93374
6160001 4.79243
6170001 4.71356
6180001 4.67516
6190001 4.49392
6200001 4.40893
6210001 4.34143
6220001 4.3684
6230001 4.32369
6240001 4.41128
6250001 4.41632
6260001 4.37782
6270001 4.47503
6280001 4.70626
6290001 4.63831
6300001 4.556
6310001 4.61048
6320001 4.62822
6330001 4.92799
6340001 4.82911
6350001 4.97113
6360001 4.85969
6370001 4.8974
6380001 4.89862
6390001 5.0056
6400001 4.96867
6410001 5.00792
6420001 5.04738
6430001 5.1479
6440001 5.2354
6450001 5.22747
6460001 5.26343
6470001 5.32953
6480001 5.2599
6490001 8.46384
6500001 5.4123
6510001 5.29247
6520001 5.22292
6530001 5.23781
6540001 5.18506
6550001 5.11816
6560001 5.16362
6570001 7.33434
6580001 5.01769
6590001 4.94447
6600001 4.88799
6610001 4.7343
6620001 4.68304
6630001 4.49653
6640001 4.40356
6650001 4.40311
6660001 4.44233
6670001 4.33777
6680001 4.35887
6690001 4.35107
6700001 4.41299
6710001 4.5543
6720001 4.68023
6730001 4.40625
6740001 4.55465
6750001 4.44478
6760001 4.62541
6770001 11.7485
6780001 4.7765
6790001 11.9338
6800001 4.81748
6810001 4.86553
6820001 4.887
6830001 4.95446
6840001 4.97865
6850001 5.0148
6860001 5.04245
6870001 5.09464
6880001 5.21314
6890001 5.2362
6900001 5.2467
6910001 5.34054
6920001 5.31172
6930001 5.29725
6940001 6.57218
6950001 5.27699
6960001 5.23783
6970001 5.2645
6980001 5.1257
6990001 5.10383
7000001 5.07297
7010001 7.27282
7020001 5.19262
7030001 5.01533
7040001 4.9059
7050001 4.83557
7060001 4.70927
7070001 4.55117
7080001 4.43306
7090001 4.38787
7100001 4.39452
7110001 4.31277
7120001 4.41795
7130001 4.34577
7140001 4.40859
7150001 4.49503
7160001 11.767
7170001 4.40775
7180001 11.6902
7190001 4.51816
7200001 4.49855
7210001 4.50659
7220001 4.70702
7230001 4.73362
7240001 4.82106
7250001 4.84635
7260001 4.93348
7270001 5.03554
7280001 5.00784
7290001 5.00957
7300001 5.05138
7310001 5.09247
7320001 5.18696
7330001 5.22253
7340001 5.22273
7350001 5.23677
7360001 5.31435
7370001 5.39685
7380001 6.58652
7390001 5.26534
7400001 5.25049
7410001 5.18489
7420001 5.15125
7430001 5.15592
7440001 5.08801
7450001 5.023
7460001 5.20301
7470001 4.99462
7480001 4.99354
7490001 4.87863
7500001 4.69899
7510001 4.62322
7520001 4.45297
7530001 4.36646
7540001 4.36165
7550001 4.35049
7560001 4.41109
7570001 4.4197
7580001 4.3844
7590001 4.44087
7600001 11.7713
7610001 4.52727
7620001 11.6694
7630001 4.56519
7640001 4.56435
7650001 4.5027
7660001 5.00094
7670001 4.73033
7680001 4.99918
7690001 4.78305
7700001 4.95763
7710001 4.88392
7720001 5.01005
7730001 4.98554
7740001 5.02431
7750001 5.06726
7760001 5.20344
7770001 5.19986
7780001 5.2462
7790001 5.25417
7800001 5.24065
7810001 5.39878
7820001 8.46282
7830001 5.25809
7840001 5.24367
7850001 5.20969
7860001 5.23052
7870001 5.18725
7880001 5.13775
7890001 5.08812
7900001 5.19434
7910001 5.00158
7920001 4.93267
7930001 4.79053
7940001 4.71304
7950001 4.6859
7960001 4.49347
7970001 4.41169
7980001 4.35055
7990001 4.36637
8000001 4.324
8010001 4.41082
8020001 4.41958
8030001 4.37644
8040001 4.47178
8050001 4.68526
8060001 4.63372
8070001 4.55975
8080001 4.61235
8090001 4.62909
8100001 4.92474
8110001 4.82608
8120001 4.96641
8130001 4.86039
8140001 4.89798
8150001 4.89736
8160001 5.00719
8170001 4.96931
8180001 5.00908
8190001 5.04738
8200001 5.14871
8210001 5.23448
8220001 5.22789
8230001 5.26219
8240001 5.32953
8250001 5.26031
8260001 8.46084
8270001 5.41274
8280001 5.28001
8290001 5.22438
8300001 5.23662
8310001 5.18666
8320001 5.10266
8330001 5.16268
8340001 7.33164
8350001 5.01372
8360001 4.93372
8370001 4.88459
8380001 4.73485
8390001 4.6797
8400001 4.4959
8410001 4.40177
8420001 4.40097
8430001 4.44375
8440001 4.33005
8450001 4.38413
8460001 4.35154
8470001 4.41432
8480001 4.56551
8490001 4.68068
8500001 4.41013
8510001 4.55547
8520001 4.44559
8530001 4.62061
8540001 11.7479
8550001 4.76858
8560001 11.9337
8570001 4.82494
8580001 4.85983
8590001 4.88786
8600001 4.95391
8610001 4.98049
8620001 5.01553
8630001 5.04866
8640001 5.098
8650001 5.21328
8660001 5.23836
8670001 5.2466
8680001 5.34138
8690001 5.32039
8700001 5.2978
8710001 5.44753
8720001 5.27733
8730001 5.23445
8740001 5.26627
8750001 5.12378
8760001 5.10403
8770001 5.07436
8780001 7.27306
8790001 5.18691
8800001 5.01496
8810001 4.90919
8820001 4.83524
8830001 4.71516
8840001 4.54001
8850001 4.43333
8860001 4.39046
8870001 4.39426
8880001 4.31506
8890001 4.41913
8900001 4.34184
8910001 4.4092
8920001 4.50103
8930001 11.7661
8940001 4.41028
8950001 11.6894
8960001 4.51571
8970001 4.4999
8980001 4.48894
8990001 4.70745
9000001 4.69807
9010001 4.82105
9020001 4.84252
9030001 4.93495
9040001 5.03636
9050001 5.00539
9060001 5.00969
9070001 5.0474
9080001 5.09196
9090001 5.1853
9100001 5.2225
9110001 5.22102
9120001 5.2374
9130001 5.31563
9140001 5.39507
9150001 6.58868
9160001 5.26913
9170001 5.2496
9180001 5.18531
9190001 5.15368
9200001 5.15509
9210001 5.08123
9220001 5.02155
9230001 5.1934
9240001 4.99366
9250001 4.99115
9260001 4.87466
9270001 4.69042
9280001 4.62564
9290001 4.45117
9300001 4.3662
9310001 4.36462
9320001 4.35037
9330001 4.40977
9340001 4.4308
9350001 4.4041
9360001 4.44356
9370001 11.7723
9380001 4.52671
9390001 11.6684
9400001 4.56549
9410001 4.56086
9420001 4.50144
9430001 4.99968
9440001 4.74171
9450001 4.99953
9460001 4.78429
9470001 4.94419
9480001 4.87961
9490001 5.01142
9500001 4.98655
9510001 5.02468
9520001 5.06957
9530001 5.2039
9540001 5.20117
9550001 5.2456
9560001 5.24016
9570001 5.24049
9580001 5.40044
9590001 8.46365
9600001 5.25837
9610001 5.24348
9620001 5.19091
9630001 5.22961
9640001 5.19411
9650001 5.14005
9660001 5.0904
9670001 5.1971
9680001 4.99526
9690001 4.93039
9700001 4.78902
9710001 4.71241
9720001 4.6957
9730001 4.49538
9740001 4.42263
9750001 4.34513
9760001 4.36528
9770001 4.33296
9780001 4.41262
9790001 4.42132
9800001 4.38487
9810001 4.4727
9820001 4.6932
9830001 4.63276
9840001 4.57237
9850001 4.61326
9860001 4.62956
9870001 4.92963
9880001 4.8269
9890001 4.96587
9900001 4.86076
9910001 4.89476
9920001 4.89506
9930001 5.00949
9940001 4.97495
9950001 5.00855
9960001 5.04803
9970001 5.14851
9980001 5.23223
9990001 5.22909
