19558 16384 1.966e-05 0 4.82065e+06 983.61 0.615259 0
19558 16384 0.320021 50000 414.024 30.2448 0.952798 0
19558 16384 0.597524 100000 97.7207 24.4175 1.23866 0
19558 16384 0.931031 150000 54.1015 22.1477 1.5545 0
19558 16384 1.16942 200000 49.7826 20.7548 1.78451 0
19558 16384 1.49148 250000 39.8124 19.6345 2.12816 0
19558 16384 1.76216 300000 35.825 18.7612 2.40328 0
19558 16384 2.06483 350000 26.3056 17.9458 2.70447 0
19558 16384 2.45184 400000 23.0821 17.2224 3.06564 0
19558 16384 2.66848 450000 20.5864 16.6296 3.28385 0
19558 16384 2.97686 500000 27.7632 16.3477 3.59244 0
19558 16384 3.18026 550000 19.7863 15.8303 3.79554 0
19558 16384 3.56619 600000 18.6066 15.4351 4.18041 0
19558 16384 3.88183 650000 30.7427 15.2115 4.5226 0
19558 16384 4.10004 700000 27.0003 14.9276 4.73511 0
19558 16384 4.44118 750000 24.7748 14.6504 5.07905 0
19558 16384 4.82991 800000 16.7126 14.1978 5.45831 0
19558 16384 5.03058 850000 15.8385 13.9971 5.66132 0
19558 16384 5.41763 900000 15.8615 13.7785 6.05045 0
19558 16384 5.47455 950000 22.7176 13.6641 6.10281 0
19558 16384 5.91225 1000000 17.5051 13.4114 6.5468 0
19558 16384 6.14616 1050000 16.4648 13.282 6.78092 0
19558 16384 6.43288 1100000 25.3019 13.1925 7.06806 0
19558 16384 6.76146 1150000 23.1579 13.0198 7.39466 0
19558 16384 7.54482 1200000 20.0238 12.9125 8.16087 0
19558 16384 7.39307 1250000 13.6779 12.6375 8.0269 0
19558 16384 7.73764 1300000 14.5857 12.4986 8.37628 0
19558 16384 8.13297 1350000 16.342 12.4482 8.74164 0
19558 16384 8.194 1400000 41.7058 12.6726 8.83535 0
19558 16384 8.645 1450000 17.0898 12.2422 9.27974 0
19558 16384 8.8294 1500000 14.8221 12.0972 9.46694 0
19558 16384 9.09002 1550000 23.9123 12.0914 9.72682 0
19558 16384 9.50559 1600000 21.8888 12.0372 10.1211 0
19558 16384 10.453 1650000 19.4898 11.9599 11.092 0
19558 16384 10.3117 1700000 21.1731 11.6785 10.9464 0
19558 16384 10.501 1750000 15.3283 11.5729 11.1422 0
19558 16384 10.7041 1800000 13.9046 11.6073 11.3701 0
19558 16384 11.0505 1850000 18.8071 11.5711 11.667 0
19558 16384 11.3753 1900000 13.7374 11.4478 11.9909 0
19558 16384 11.7616 1950000 14.0015 11.3684 12.3709 0
19558 16384 11.8372 2000000 26.4016 11.5313 12.4562 0
19558 16384 12.2676 2050000 23.0394 11.2885 12.8867 0
19558 16384 12.5105 2100000 20.7979 11.3089 13.1278 0
19558 16384 12.6911 2150000 19.6955 11.1261 13.3191 0
19558 16384 13.0917 2200000 15.0288 11.1134 13.7253 0
19558 16384 13.4044 2250000 12.8685 11.0011 14.0395 0
19558 16384 13.5346 2300000 18.2248 11.0617 14.1753 0
19558 16384 14.0508 2350000 14.163 10.9018 14.6546 0
19558 16384 13.9096 2400000 37.8387 11.1023 14.5254 0
19558 16384 14.5806 2450000 21.775 11.0032 15.1956 0
19558 16384 14.8478 2500000 21.144 10.9248 15.4831 0
19558 16384 15.0269 2550000 22.715 10.9601 15.6505 0
19558 16384 15.1358 2600000 14.9813 10.6758 15.7736 0
19558 16384 15.7753 2650000 11.8227 10.6239 16.4156 0
19558 16384 16.2451 2700000 16.3319 10.6726 16.8869 0
19558 16384 16.1316 2750000 18.4361 10.6512 16.7487 0
19558 16384 16.7788 2800000 13.1554 10.5958 17.3883 0
19558 16384 16.8958 2850000 27.2421 10.7845 17.5213 0
19558 16384 17.2657 2900000 23.1331 10.7087 17.8817 0
19558 16384 17.4885 2950000 21.2048 10.6377 18.1052 0
19558 16384 18.0508 3000000 18.953 10.6364 18.686 0
19558 16384 18.3292 3050000 15.7911 10.4145 18.9576 0
19558 16384 18.3298 3100000 15.2979 10.3911 18.9691 0
19558 16384 20.7504 3150000 28.3596 10.7134 21.3748 0
19558 16384 19.1366 3200000 18.5528 10.4628 19.7715 0
19558 16384 19.241 3250000 16.0402 10.4568 19.8822 0
19558 16384 19.744 3300000 27.462 10.518 20.3612 0
19558 16384 20.0418 3350000 23.2548 10.5112 20.6698 0
19558 16384 20.1648 3400000 22.1489 10.4697 20.7933 0
19558 16384 20.4622 3450000 14.7374 10.3255 21.1036 0
19558 16384 21.1918 3500000 14.8239 10.4608 22.118 0
19558 16384 21.1675 3550000 21.4728 10.4151 21.8018 0
19558 16384 21.3791 3600000 25.6553 10.3338 22.0086 0
19558 16384 21.7397 3650000 9.38857 10.3753 22.3807 0
19558 16384 21.9491 3700000 10.2994 10.3743 22.8815 0
19558 16384 22.2443 3750000 22.0279 10.369 23.1714 0
19558 16384 22.5201 3800000 31.4081 10.498 23.4304 0
19558 16384 22.8748 3850000 20.5926 10.4702 23.8113 0
19558 16384 23.176 3900000 10.201 10.1489 23.8006 0
19558 16384 23.3603 3950000 11.8681 10.3205 24.2914 0
19558 16384 22.4999 4000000 8.95613 10.3515 23.1469 0
19558 16384 24.2177 4050000 42.0926 10.4735 24.8473 0
19558 16384 24.5759 4100000 16.2099 10.192 25.2112 0
19558 16384 23.6791 4150000 15.7568 10.1118 24.3937 0
19558 16384 24.3156 4200000 13.1703 10.1437 25.039 0
19558 16384 31.3947 4250000 15.6684 10.3463 32.1354 0
19558 16384 27.4533 4300000 10.8335 10.1564 28.1951 0
19558 16384 25.4249 4350000 16.2784 10.1174 26.0353 0
19558 16384 25.8284 4400000 16.6228 10.0976 26.4623 0
19558 16384 25.7882 4450000 14.7934 10.0529 26.4224 0
19558 16384 26.7142 4500000 33.3434 10.2281 27.3305 0
19558 16384 27.3456 4550000 15.8742 10.1203 27.9812 0
19558 16384 27.4218 4600000 14.56 10.1086 28.056 0
19558 16384 27.8486 4650000 25.5514 10.2277 28.4619 0
19558 16384 27.8031 4700000 22.7635 10.1942 28.4228 0
19558 16384 28.4937 4750000 24.3357 10.2337 29.128 0
19558 16384 28.6131 4800000 23.2722 10.1179 29.2325 0
19558 16384 29.1137 4850000 16.5521 10.0745 29.7286 0
19558 16384 29.0894 4900000 10.5868 9.96824 29.7197 0
19558 16384 29.5316 4950000 20.5059 10.1809 30.1478 0
19558 16384 29.9189 5000000 20.2001 10.092 30.5578 0
19558 16384 30.2145 5050000 18.7296 10.1167 30.8503 0
19558 16384 30.1433 5100000 26.1767 10.151 30.7773 0
19558 16384 30.7062 5150000 26.3086 10.1886 31.3296 0
19558 16384 29.5799 5200000 11.1924 9.99437 30.3129 0
19558 16384 29.9484 5250000 9.76265 10.0566 30.6677 0
19558 16384 38.8935 5300000 9.53346 10.2879 39.6303 0
19558 16384 30.5918 5350000 64.5562 10.88 31.3182 0
19558 16384 31.2329 5400000 12.28 10.0985 31.969 0
19558 16384 31.3938 5450000 9.68776 9.92567 32.1244 0
19558 16384 31.3672 5500000 8.27568 10.0695 32.0981 0
19558 16384 31.6242 5550000 9.40701 10.212 32.3658 0
19558 16384 31.6694 5600000 11.0968 10.1351 32.4063 0
19558 16384 32.1736 5650000 10.038 10.2833 32.9023 0
19558 16384 32.3373 5700000 8.05195 9.93946 33.0728 0
19558 16384 32.7114 5750000 9.00917 10.2653 33.4365 0
19558 16384 33.0822 5800000 45.0533 10.7123 33.805 0
19558 16384 33.1953 5850000 8.95325 10.0796 33.9373 0
19558 16384 33.5984 5900000 8.13822 9.9419 34.3288 0
19558 16384 34.218 5950000 12.1662 9.9671 34.9404 0
19558 16384 33.9778 6000000 9.23235 10.0407 34.7078 0
19558 16384 34.4717 6050000 33.3248 10.1901 35.2091 0
19558 16384 34.4083 6100000 8.64019 9.99501 35.1331 0
19558 16384 34.917 6150000 10.0673 10.1407 35.652 0
19558 16384 34.9891 6200000 7.19672 10.0241 35.7253 0
19558 16384 35.2704 6250000 14.5382 10.0709 36.0292 0
19558 16384 35.8397 6300000 8.41818 10.0209 36.5732 0
19558 16384 36.0474 6350000 10.3011 10.1244 36.7685 0
19558 16384 36.1301 6400000 11.891 10.2303 36.8449 0
19558 16384 37.0055 6450000 10.2581 9.92283 37.7296 0
19558 16384 37.2175 6500000 15.1244 10.1378 37.956 0
19558 16384 37.2416 6550000 8.56212 10.0427 37.979 0
19558 16384 37.4487 6600000 8.117 10.0357 38.1863 0
19558 16384 37.8929 6650000 7.03468 10.0128 38.6087 0
19558 16384 49.0859 6700000 9.1235 10.4141 49.8158 0
19558 16384 48.8295 6750000 9.28636 10.4459 49.5778 0
19558 16384 49.06 6800000 9.04028 10.4685 49.6917 0
19558 16384 49.7723 6850000 9.34023 10.4559 50.5083 0
19558 16384 50.334 6900000 15.8794 10.6232 50.9681 0
19558 16384 50.5416 6950000 9.96946 10.5027 51.2669 0
19558 16384 51.3325 7000000 8.09208 10.486 51.9609 0
19558 16384 51.543 7050000 21.2132 10.6375 52.2863 0
19558 16384 51.3552 7100000 9.43798 10.5366 52.0989 0
19558 16384 51.9409 7150000 18.849 10.6734 52.6801 0
19558 16384 52.9186 7200000 8.46571 10.4977 53.5522 0
19558 16384 52.7596 7250000 10.1017 10.5709 53.4967 0
19558 16384 52.8731 7300000 8.79897 10.5574 53.5097 0
19558 16384 53.88 7350000 28.3461 10.8531 54.5942 0
19558 16384 53.9346 7400000 9.78728 10.6285 54.5733 0
19558 16384 54.4731 7450000 16.8723 10.588 55.2167 0
19558 16384 55.0254 7500000 12.1163 10.6531 55.6514 0
19558 16384 55.0941 7550000 9.41432 10.6523 55.8283 0
19558 16384 55.0429 7600000 13.2136 10.6983 55.7865 0
19558 16384 53.9928 7650000 7.30997 10.4067 54.733 0
19558 16384 43.9604 7700000 18.3853 10.7284 44.6988 0
19558 16384 43.9358 7750000 7.96122 10.2578 44.6848 0
19558 16384 43.6545 7800000 19.5996 10.5834 44.4583 0
19558 16384 44.0144 7850000 9.49376 10.2697 44.7591 0
19558 16384 44.5175 7900000 8.26674 10.2691 45.2725 0
19558 16384 44.6667 7950000 11.2093 10.4173 45.359 0
19558 16384 45.8114 8000000 19.3164 10.4748 46.606 0
19558 16384 42.2936 8050000 12.1274 10.2616 42.925 0
19558 16384 43.5323 8100000 9.27944 10.1932 44.1665 0
19558 16384 45.3006 8150000 33.9966 10.4411 45.9368 0
19558 16384 59.8085 8200000 8.73352 10.7186 60.4874 0
19558 16384 46.1009 8250000 17.2261 10.7207 46.8254 0
19558 16384 46.7874 8300000 8.55698 10.3027 47.5013 0
19558 16384 46.5912 8350000 10.3768 10.4443 47.2264 0
19558 16384 47.2631 8400000 8.13651 10.3971 47.8974 0
19558 16384 62.0199 8450000 15.6388 10.8573 62.6963 0
19558 16384 45.942 8500000 8.39329 10.2623 46.5801 0
19558 16384 46.2491 8550000 12.769 10.4097 46.8714 0
19558 16384 53.9435 8600000 25.4934 10.8892 54.567 0
19558 16384 57.2005 8650000 11.495 10.7911 57.8151 0
19558 16384 48.361 8700000 18.1963 10.4331 49.0043 0
19558 16384 48.4148 8750000 13.6358 10.4937 49.0299 0
19558 16384 54.9466 8800000 9.70308 10.7762 55.5885 0
19558 16384 49.328 8850000 8.63217 10.4023 49.9559 0
19558 16384 49.2711 8900000 28.2524 10.7246 49.9057 0
19558 16384 59.9005 8950000 10.6573 10.9408 60.5396 0
19558 16384 49.099 9000000 19.367 10.5664 49.7232 0
19558 16384 49.4402 9050000 25.3557 10.8676 50.0737 0
19558 16384 49.3947 9100000 18.8845 10.7612 50.031 0
19558 16384 50.1169 9150000 19.5089 10.7613 50.7253 0
19558 16384 61.5276 9200000 7.85658 10.4896 62.1457 0
19558 16384 51.0514 9250000 12.1187 10.647 51.6783 0
19558 16384 50.5768 9300000 7.02075 10.5209 51.2016 0
19558 16384 51.1378 9350000 16.1156 10.6496 51.7736 0
19558 16384 53.265 9400000 11.1282 10.7376 53.8993 0
19558 16384 53.1475 9450000 9.29752 10.9766 53.7659 0
19558 16384 54.3731 9500000 24.8177 10.849 55.0014 0
19558 16384 52.5309 9550000 18.2404 11.0374 53.1608 0
19558 16384 57.6104 9600000 15.8089 10.8216 58.2272 0
19558 16384 59.7424 9650000 8.17598 10.812 60.3814 0
19558 16384 55.7819 9700000 9.42435 10.7012 56.4007 0
19558 16384 52.5068 9750000 9.23648 10.5615 53.1367 0
19558 16384 54.4803 9800000 15.3371 10.7765 55.0904 0
19558 16384 53.7456 9850000 10.3756 10.6582 54.3612 0
19558 16384 55.9546 9900000 13.6523 11.3207 56.575 0
19558 16384 57.0708 9950000 9.33951 10.613 57.7126 0
19558 16384 0.00013633 0 4.82065e+06 983.61 0.608832 4.15838e-06
19558 16384 2.95269 50000 213.97 28.9606 3.56961 0.00228237
19558 16384 5.81115 100000 77.8159 23.9953 6.44592 0.0046731
19558 16384 8.60639 150000 39.875 21.7474 9.24214 0.00428375
19558 16384 11.5077 200000 30.169 20.3729 12.1245 0.00961668
19558 16384 14.2814 250000 26.2504 19.3251 14.9159 0.00791861
19558 16384 17.0987 300000 25.9189 18.4888 17.7337 0.0091315
19558 16384 19.9559 350000 20.5245 17.7238 20.5731 0.0105407
19558 16384 22.8466 400000 18.414 17.0765 23.4686 0.0134857
19558 16384 25.673 450000 16.3274 16.5208 26.3093 0.0177193
19558 16384 29.154 500000 20.253 16.1442 29.7782 0.11147
19558 16384 32.982 550000 16.3252 15.7454 33.6108 0.257702
19558 16384 36.9913 600000 16.2236 15.3805 37.6141 0.228539
19558 16384 39.0894 650000 22.8748 15.1125 39.7253 0.260289
19558 16384 42.3291 700000 16.363 14.7276 42.9646 0.270202
19558 16384 48.034 750000 20.1344 14.5529 48.6699 0.268116
19558 16384 45.6161 800000 13.1953 14.1605 46.2466 0.317203
19558 16384 51.9094 850000 13.8464 13.9599 52.5508 0.0953089
19558 16384 51.793 900000 11.8527 13.7018 52.4291 0.497554
19558 16384 57.476 950000 20.1578 13.619 58.1112 0.37776
19558 16384 60.8485 1000000 11.3507 13.3672 61.4824 0.401323
19558 16384 64.1951 1050000 12.6254 13.2179 64.8321 0.387002
19558 16384 65.9184 1100000 14.0549 13.0211 66.5614 0.506884
19558 16384 72.8771 1150000 17.1756 13.0257 73.5048 0.134346
19558 16384 73.3365 1200000 15.5754 12.838 73.9549 0.508766
19558 16384 74.8673 1250000 9.85174 12.5611 75.5043 0.719623
19558 16384 76.6935 1300000 10.4952 12.4677 77.3382 0.537518
19558 16384 77.5051 1350000 10.0703 12.2951 78.1293 0.288956
19558 16384 83.0471 1400000 16.6744 12.3184 83.6853 0.704374
19558 16384 79.2181 1450000 11.0795 12.1246 79.8466 0.190401
19558 16384 94.3517 1500000 10.8008 12.0717 94.9669 0.572037
19558 16384 101.789 1550000 21.0352 12.1526 102.439 0.0822714
19558 16384 98.5241 1600000 15.1713 11.928 99.1672 0.48696
19558 16384 101.549 1650000 13.3762 11.8417 102.192 0.748293
19558 16384 107.487 1700000 13.8581 11.7124 108.131 0.598727
19558 16384 99.2041 1750000 10.7907 11.5897 99.8267 0.866154
19558 16384 109.963 1800000 8.75787 11.5148 110.613 0.740012
19558 16384 99.6305 1850000 13.6419 11.4496 100.263 0.104002
19558 16384 102.905 1900000 9.87059 11.3735 103.544 0.178299
19558 16384 103.946 1950000 12.546 11.3417 104.572 0.100821
19558 16384 106.451 2000000 11.1549 11.2673 107.103 0.127375
19558 16384 109.298 2050000 12.9434 11.2206 109.943 0.163567
19558 16384 112.018 2100000 10.1896 11.1221 112.662 0.128119
19558 16384 115.778 2150000 8.72756 11.0605 116.424 0.129954
19558 16384 119.706 2200000 7.8858 10.9645 120.351 0.222062
19558 16384 120.313 2250000 16.5351 11.0277 120.959 0.17806
19558 16384 123.024 2300000 12.6181 11.0212 123.644 0.166559
19558 16384 127.176 2350000 9.96223 10.9038 127.802 0.233484
19558 16384 142.881 2400000 25.6875 11.0648 143.528 1.19669
19558 16384 148.168 2450000 10.2538 10.8003 148.812 0.748516
19558 16384 145.568 2500000 9.67849 10.7669 146.205 0.815516
19558 16384 155.487 2550000 10.1294 10.7975 156.132 1.00064
19558 16384 157.658 2600000 8.00351 10.6657 158.283 1.05094
19558 16384 161.292 2650000 8.1567 10.6657 161.93 1.28727
19558 16384 156.914 2700000 8.03264 10.5835 157.549 1.0757
19558 16384 147.233 2750000 11.0268 10.6113 147.879 0.156397
19558 16384 150.72 2800000 9.96004 10.5802 151.351 0.169101
19558 16384 153.713 2850000 17.5937 10.6583 154.338 0.160272
19558 16384 155.7 2900000 12.4441 10.515 156.326 0.159275
19558 16384 159.596 2950000 18.0709 10.5735 160.24 0.122294
19558 16384 159.425 3000000 9.67212 10.4518 160.068 0.0772784
19558 16384 164.214 3050000 7.64868 10.3996 164.846 0.126055
19558 16384 166.954 3100000 6.97612 10.3574 167.603 0.162815
19558 16384 170.904 3150000 23.2895 10.5465 171.531 0.0872018
19558 16384 171.324 3200000 9.03968 10.3808 171.949 0.17578
19558 16384 174.947 3250000 8.77168 10.3279 175.573 0.120456
19558 16384 176.058 3300000 14.275 10.3957 176.696 0.157654
19558 16384 182.013 3350000 16.188 10.3878 182.658 0.233929
19558 16384 179.61 3400000 11.4214 10.2695 180.229 0.0917177
19558 16384 182.223 3450000 7.71094 10.2369 182.858 0.0713714
19558 16384 198.071 3500000 10.0715 10.3198 198.714 0.0284922
19558 16384 189.127 3550000 7.06907 10.1905 189.765 0.133164
19558 16384 195.405 3600000 14.6812 10.2315 196.043 0.425966
19558 16384 196.138 3650000 9.31121 10.1643 196.789 0.111965
19558 16384 197.648 3700000 10.0425 10.2176 198.28 0.128798
19558 16384 205.915 3750000 17.8654 10.3065 206.555 0.163702
19558 16384 205.015 3800000 18.4932 10.3174 205.644 0.22645
19558 16384 205.383 3850000 9.33414 10.1174 206.034 0.17376
19558 16384 207.502 3900000 7.19197 10.1147 208.127 0.0659057
19558 16384 211.331 3950000 7.3467 10.0854 211.964 0.104353
19558 16384 212.288 4000000 6.57781 10.0416 212.939 0.0831601
19558 16384 221.954 4050000 25.7357 10.2895 222.58 0.195516
19558 16384 224.169 4100000 8.97262 10.0816 224.816 0.586587
19558 16384 259.37 4150000 9.52953 10.1551 260.004 1.9585
19558 16384 275.841 4200000 16.2797 10.3885 276.476 0.1117
19558 16384 270.768 4250000 16.0156 10.3231 271.388 1.45
19558 16384 280.55 4300000 17.0871 10.4164 281.182 0.177315
19558 16384 268.005 4350000 7.15595 10.0372 268.657 2.40324
19558 16384 266.311 4400000 7.48152 10.016 266.937 2.02214
19558 16384 276.551 4450000 7.0734 10.0275 277.171 1.83543
19558 16384 269.956 4500000 9.23148 10.0447 270.601 2.5462
19558 16384 263.003 4550000 6.89424 9.96601 263.628 2.42741
19558 16384 277.984 4600000 9.48632 10.1762 278.613 1.65625
19558 16384 305.035 4650000 14.3464 10.2431 305.678 0.975757
19558 16384 298.742 4700000 13.9443 10.2515 299.371 1.63935
19558 16384 289.936 4750000 11.693 10.0537 290.568 1.93288
19558 16384 285.285 4800000 14.4229 10.0628 285.922 1.59975
19558 16384 284.933 4850000 7.64068 10.0535 285.567 1.7558
19558 16384 315.717 4900000 7.21562 10.1159 316.349 0.198338
19558 16384 303.058 4950000 11.7691 10.1059 303.708 1.07521
19558 16384 307.175 5000000 7.19753 10.0361 307.8 1.37379
19558 16384 270.423 5050000 9.51796 9.92991 271.061 0.243976
19558 16384 271.069 5100000 11.8873 10.0739 271.699 0.173203
19558 16384 275.483 5150000 10.4683 9.95648 276.108 0.170501
19558 16384 279.481 5200000 9.41295 10.0278 280.125 0.205675
19558 16384 281.069 5250000 7.34843 9.89009 281.714 0.155997
19558 16384 282.582 5300000 5.97932 9.94159 283.208 0.169362
19558 16384 285.99 5350000 17.4338 10.0957 286.623 0.187335
19558 16384 286.691 5400000 8.64713 9.93121 287.317 0.240353
19558 16384 289.412 5450000 8.1575 9.93672 290.056 0.213242
19558 16384 298.041 5500000 15.1045 10.0841 298.673 0.205211
19558 16384 307.169 5550000 8.20638 10.0061 307.818 0.609311
19558 16384 315.245 5600000 7.88371 10.0519 315.877 0.783968
19558 16384 320.385 5650000 7.10192 10.0179 321.032 1.26979
19558 16384 383.578 5700000 6.70795 10.1011 384.201 3.36223
19558 16384 400.705 5750000 8.11659 10.1923 401.36 0.37406
19558 16384 399.994 5800000 11.7192 10.2617 400.637 0.0393945
19558 16384 408.849 5850000 7.94544 10.2252 409.474 0.0337631
19558 16384 410.473 5900000 13.8741 10.2531 411.104 0.0485475
19558 16384 413.771 5950000 9.78679 10.2639 414.398 0.0262708
19558 16384 412.74 6000000 7.48027 10.1358 413.364 0.59698
19558 16384 389.424 6050000 13.8794 10.1332 390.049 4.40221
19558 16384 382.202 6100000 7.38816 10.0001 382.838 0.285442
19558 16384 383.768 6150000 8.10723 10.0752 384.41 0.307561
19558 16384 381.91 6200000 7.59067 10.0362 382.565 0.406005
19558 16384 337.573 6250000 22.3296 10.2458 338.199 0.209422
19558 16384 344.718 6300000 10.2366 10.0279 345.356 0.238665
19558 16384 345.142 6350000 9.80309 10.0236 345.784 0.179585
19558 16384 356.365 6400000 11.5609 10.079 357.009 0.849378
19558 16384 392.963 6450000 6.923 9.93628 393.588 1.86334
19558 16384 391.834 6500000 11.5078 10.081 392.458 2.21855
19558 16384 353.551 6550000 7.94421 10.0196 354.201 0.165073
19558 16384 354.101 6600000 8.92905 10.0189 354.746 0.234234
19558 16384 412.049 6650000 7.87922 10.0407 412.69 0.449027
19558 16384 410.117 6700000 11.1751 10.0974 410.734 0.835117
19558 16384 392.794 6750000 6.35027 9.98992 393.438 2.07238
19558 16384 380.421 6800000 7.20177 9.99738 381.045 1.20205
19558 16384 396.577 6850000 7.01664 9.9812 397.211 1.52409
19558 16384 385.106 6900000 15.6141 10.1715 385.737 0.651716
19558 16384 408.431 6950000 8.82261 10.0708 409.068 1.49446
19558 16384 406.831 7000000 7.92648 10.0338 407.456 1.86124
19558 16384 400.636 7050000 19.9831 10.2023 401.286 1.361
19558 16384 381.594 7100000 11.4846 10.1957 382.232 0.220502
19558 16384 439.128 7150000 9.31244 10.1398 439.777 0.583847
19558 16384 411.435 7200000 7.49025 10.0689 412.06 0.852903
19558 16384 420.83 7250000 10.3524 10.0319 421.472 0.585435
19558 16384 400.879 7300000 7.219 10.2652 401.513 0.223566
19558 16384 401.881 7350000 16.9104 10.4705 402.505 0.0481963
19558 16384 404.137 7400000 8.18798 10.3293 404.759 0.0170413
19558 16384 412.683 7450000 9.31193 10.3155 413.319 0.28466
19558 16384 409.174 7500000 6.94594 10.3521 409.817 0.0147921
19558 16384 414.958 7550000 6.75003 10.1834 415.601 0.233256
19558 16384 416.453 7600000 9.55904 10.4144 417.076 0.0313933
19558 16384 425.798 7650000 6.41699 10.2449 426.441 0.176114
19558 16384 424.597 7700000 6.1719 10.2065 425.214 0.368053
19558 16384 423.786 7750000 6.1207 10.3464 424.423 0.0439761
19558 16384 431.852 7800000 12.9213 10.2969 432.479 0.472496
19558 16384 430.023 7850000 6.72183 10.4645 430.667 0.0458162
19558 16384 437.745 7900000 8.65402 10.286 438.368 0.374586
19558 16384 436.759 7950000 6.00191 10.3748 437.389 0.0463189
19558 16384 442.253 8000000 6.41088 10.4055 442.896 0.321387
19558 16384 440.676 8050000 9.9909 10.51 441.301 0.0291132
19558 16384 442.571 8100000 6.20712 10.3596 443.218 0.0527279
19558 16384 449.411 8150000 26.58 10.5006 450.055 0.26559
19558 16384 448.152 8200000 8.61243 10.4469 448.79 0.0568412
19558 16384 454.952 8250000 12.6081 10.6239 455.602 0.279276
19558 16384 460.728 8300000 6.85845 10.4602 461.347 0.0447194
19558 16384 457.993 8350000 6.17768 10.5133 458.63 0.0304717
19558 16384 463.944 8400000 8.04286 10.3941 464.571 0.0541519
19558 16384 470.753 8450000 11.0863 10.29 471.391 0.361274
19558 16384 464.544 8500000 7.34109 10.6215 465.181 0.0179387
19558 16384 473.325 8550000 6.69943 10.4291 473.98 0.489533
19558 16384 469.876 8600000 15.5678 10.597 470.525 0.161962
19558 16384 480.26 8650000 8.02927 10.2838 480.892 0.494576
19558 16384 474.759 8700000 8.90342 10.6722 475.403 0.0210964
19558 16384 487.025 8750000 7.7003 10.4514 487.655 0.445446
19558 16384 486.201 8800000 7.6233 10.455 486.832 0.131905
19558 16384 488.926 8850000 6.63973 10.4709 489.55 0.194687
19558 16384 495.827 8900000 22.6575 10.6346 496.47 0.262741
19558 16384 502.384 8950000 6.86814 10.3425 503.017 0.516198
19558 16384 499.409 9000000 8.22824 10.4623 500.034 0.411706
19558 16384 496.47 9050000 6.99035 10.77 497.107 0.0210792
19558 16384 497.469 9100000 7.06549 10.6858 498.106 0.0296895
19558 16384 503.494 9150000 12.1172 10.5467 504.136 0.401969
19558 16384 510.77 9200000 7.22692 10.5079 511.393 0.34434
19558 16384 509.901 9250000 7.05922 10.6014 510.545 0.144001
19558 16384 512.079 9300000 8.95778 10.6744 512.716 0.0600533
19558 16384 518.821 9350000 13.0824 10.7447 519.445 0.447056
19558 16384 520.523 9400000 6.99296 10.5753 521.166 0.554456
19558 16384 524.332 9450000 6.45852 10.5689 524.962 0.391865
19558 16384 524.001 9500000 6.69007 10.6436 524.731 0.440769
19558 16384 526.149 9550000 5.72182 10.5117 526.792 0.148898
19558 16384 530.623 9600000 8.12736 10.5911 531.272 0.257376
19558 16384 532.099 9650000 6.45966 10.6928 532.748 0.256129
19558 16384 533.746 9700000 7.26803 10.804 534.396 0.0663522
19558 16384 535.037 9750000 6.76012 10.8654 535.668 0.0574647
19558 16384 541.093 9800000 9.92932 10.9749 541.74 0.0233001
19558 16384 542.301 9850000 8.01003 10.7776 542.926 0.336525
19558 16384 546.159 9900000 6.96428 10.6722 546.809 0.560522
19558 16384 544.634 9950000 6.39648 10.73 545.257 0.27652