1 31.3626
10001 6.59949
20001 3.14946
30001 2.17739
40001 2.02693
50001 1.82601
60001 1.36978
70001 1.25384
80001 1.1678
90001 1.09082
100001 1.03133
110001 0.981727
120001 0.9396
130001 0.903591
140001 0.873646
150001 0.916279
160001 0.822224
170001 0.800475
180001 0.779973
190001 0.764937
200001 0.747693
210001 0.732664
220001 0.71934
230001 0.707791
240001 0.698046
250001 0.688988
260001 1.2099
270001 0.701505
280001 0.667463
290001 0.681001
300001 0.671548
310001 0.652771
320001 0.649254
330001 0.644861
340001 0.643017
350001 0.639753
360001 0.636973
370001 0.879904
380001 0.633404
390001 0.635145
400001 0.629338
410001 0.633126
420001 0.624281
430001 0.622222
440001 0.619938
450001 0.618172
460001 0.616732
470001 0.616003
480001 0.615584
490001 0.627506
500001 0.614093
510001 0.634264
520001 0.629362
530001 0.614903
540001 0.615779
550001 0.613939
560001 0.615707
570001 0.614699
580001 0.615593
590001 1.05705
600001 0.616751
610001 0.616376
620001 0.616141
630001 0.776642
640001 0.61524
650001 0.614599
660001 0.613638
670001 0.613179
680001 0.612875
690001 0.612437
700001 0.614061
710001 0.61294
720001 0.613482
730001 1.17366
740001 1.1747
750001 0.616742
760001 0.618145
770001 0.616814
780001 0.617726
790001 0.619587
800001 0.619892
810001 0.622511
820001 0.620892
830001 0.621842
840001 0.621747
850001 0.781187
860001 0.62279
870001 0.621251
880001 0.620694
890001 0.619629
900001 0.619387
910001 0.619696
920001 0.621514
930001 0.620323
940001 0.621209
950001 0.621516
960001 0.624198
970001 0.624533
980001 0.627724
990001 0.624704
1000001 0.625689
1010001 0.627612
1020001 0.627433
1030001 0.639122
1040001 0.632438
1050001 0.629676
1060001 0.630161
1070001 0.629913
1080001 0.630258
1090001 0.629676
1100001 0.629202
1110001 0.627843
1120001 0.628319
1130001 0.628187
1140001 0.629083
1150001 0.636828
1160001 0.630512
1170001 0.629519
1180001 0.632549
1190001 0.631324
1200001 0.632658
1210001 0.632836
1220001 0.633816
1230001 0.634824
1240001 0.63579
1250001 0.6468
1260001 0.640308
1270001 0.637537
1280001 0.638072
1290001 0.638864
1300001 0.638278
1310001 0.637551
1320001 0.637716
1330001 0.636028
1340001 0.63622
1350001 0.636187
1360001 0.637725
1370001 0.651697
1380001 0.64032
1390001 0.642287
1400001 0.640518
1410001 0.641199
1420001 0.640265
1430001 0.640265
1440001 0.641311
1450001 0.642157
1460001 0.643288
1470001 0.643624
1480001 0.654839
1490001 0.644657
1500001 0.646588
1510001 0.64631
1520001 0.645538
1530001 0.644836
1540001 0.643735
1550001 0.643247
1560001 0.643903
1570001 0.643428
1580001 0.644993
1590001 0.658483
1600001 0.644578
1610001 0.649085
1620001 0.647204
1630001 0.647702
1640001 0.646483
1650001 0.646939
1660001 0.648028
1670001 0.648736
1680001 0.649598
1690001 0.652014
1700001 0.737696
1710001 0.653902
1720001 0.653283
1730001 0.651829
1740001 0.654419
1750001 0.651342
1760001 0.650538
1770001 0.649728
1780001 0.650936
1790001 0.649776
1800001 0.651351
1810001 1.19296
1820001 1.19294
1830001 0.650671
1840001 0.652166
1850001 0.660771
1860001 0.653224
1870001 0.653673
1880001 0.654296
1890001 0.654783
1900001 0.65562
1910001 0.658071
1920001 0.746637
1930001 0.659453
1940001 0.659208
1950001 0.657822
1960001 0.660373
1970001 0.658119
1980001 0.656474
1990001 0.655643
2000001 0.655273
2010001 0.655627
2020001 0.65562
2030001 1.19607
2040001 1.19581
2050001 0.656458
2060001 0.676272
2070001 0.672255
2080001 0.658716
2090001 0.659451
2100001 0.659203
2110001 0.661038
2120001 0.661175
2130001 0.661548
2140001 0.899923
2150001 0.663387
2160001 0.667325
2170001 0.663822
2180001 0.669286
2190001 0.662555
2200001 0.662153
2210001 0.661357
2220001 0.660581
2230001 0.660808
2240001 0.661136
2250001 0.661733
2260001 0.673644
2270001 0.661895
2280001 0.681262
2290001 0.677301
2300001 0.664465
2310001 0.665728
2320001 0.66437
2330001 0.666448
2340001 0.66584
2350001 0.666942
2360001 1.08797
2370001 0.668449
2380001 0.668473
2390001 0.668393
2400001 0.818822
2410001 0.667547
2420001 0.66729
2430001 0.666481
2440001 0.666099
2450001 0.66584
2460001 0.665502
2470001 0.667042
2480001 0.665973
2490001 0.666437
2500001 1.20216
2510001 1.20313
2520001 0.669257
2530001 0.670452
2540001 0.669182
2550001 0.669933
2560001 0.671554
2570001 0.671736
2580001 0.674064
2590001 0.67244
2600001 0.673212
2610001 0.673005
2620001 0.822451
2630001 0.673687
2640001 0.672123
2650001 0.671442
2660001 0.670352
2670001 0.669971
2680001 0.669967
2690001 0.671703
2700001 0.670453
2710001 0.671087
2720001 0.671167
2730001 0.6734
2740001 0.673668
2750001 0.676491
2760001 0.673531
2770001 0.674285
2780001 0.675899
2790001 0.675612
2800001 0.686335
2810001 0.679959
2820001 0.677284
2830001 0.677509
2840001 0.677156
2850001 0.677283
2860001 0.676585
2870001 0.675993
2880001 0.674574
2890001 0.674876
2900001 0.674582
2910001 0.675288
2920001 0.682359
2930001 0.676313
2940001 0.675203
2950001 0.677872
2960001 0.676588
2970001 0.677662
2980001 0.677671
2990001 0.678448
3000001 0.679247
3010001 0.679754
3020001 0.690187
3030001 0.683954
3040001 0.681255
3050001 0.681537
3060001 0.682339
3070001 0.68142
3080001 0.680643
3090001 0.680703
3100001 0.678936
3110001 0.678978
3120001 0.678797
3130001 0.680176
3140001 0.693104
3150001 0.682333
3160001 0.684014
3170001 0.682227
3180001 0.682702
3190001 0.681661
3200001 0.681591
3210001 0.682405
3220001 0.683077
3230001 0.684008
3240001 0.684227
3250001 0.694666
3260001 0.684945
3270001 0.686635
3280001 0.686249
3290001 0.68539
3300001 0.68462
3310001 0.683451
3320001 0.682866
3330001 0.683357
3340001 0.682933
3350001 0.684197
3360001 0.696795
3370001 0.683568
3380001 0.687666
3390001 0.685773
3400001 0.686171
3410001 0.684881
3420001 0.685177
3430001 0.686116
3440001 0.686658
3450001 0.687376
3460001 0.689725
3470001 0.696771
3480001 0.691125
3490001 0.690435
3500001 0.688953
3510001 0.691263
3520001 0.688279
3530001 0.68741
3540001 0.686545
3550001 0.68758
3560001 0.686392
3570001 0.687787
3580001 1.21319
3590001 1.2131
3600001 0.686835
3610001 0.688155
3620001 0.696212
3630001 0.688921
3640001 0.689255
3650001 0.689763
3660001 0.690133
3670001 0.690829
3680001 0.693081
3690001 0.777574
3700001 0.694201
3710001 0.693864
3720001 0.692443
3730001 0.694759
3740001 0.692547
3750001 0.690796
3760001 0.690048
3770001 0.689578
3780001 0.689835
3790001 0.691083
3800001 1.21508
3810001 1.21491
3820001 0.6903
3830001 0.70908
3840001 0.705127
3850001 0.6921
3860001 0.692742
3870001 0.692434
3880001 0.694104
3890001 0.694156
3900001 0.694433
3910001 0.924293
3920001 0.696001
3930001 0.699694
3940001 0.696257
3950001 0.701394
3960001 0.69489
3970001 0.694423
3980001 0.693596
3990001 0.692776
4000001 0.692967
4010001 0.693145
4020001 0.693639
4030001 0.704938
4040001 0.693645
4050001 0.712078
4060001 0.708216
4070001 0.695849
4080001 0.697034
4090001 0.695576
4100001 0.697518
4110001 0.69686
4120001 0.697837
4130001 1.10713
4140001 0.699142
4150001 0.702931
4160001 0.698912
4170001 0.843897
4180001 0.697967
4190001 0.69768
4200001 0.696804
4210001 0.696352
4220001 0.696066
4230001 0.695673
4240001 0.697066
4250001 0.69607
4260001 0.696354
4270001 1.21896
4280001 1.21988
4290001 0.698847
4300001 0.69992
4310001 0.698639
4320001 0.699282
4330001 0.700731
4340001 0.700872
4350001 0.70305
4360001 0.701429
4370001 0.702101
4380001 0.701859
4390001 0.846138
4400001 0.70234
4410001 0.700767
4420001 0.700046
4430001 0.698951
4440001 0.698531
4450001 0.698451
4460001 0.700103
4470001 0.698789
4480001 0.699327
4490001 0.699551
4500001 0.701425
4510001 0.701522
4520001 0.70427
4530001 0.701374
4540001 0.702002
4550001 0.703526
4560001 0.703189
4570001 0.713407
4580001 0.707231
4590001 0.704616
4600001 0.704773
4610001 0.704385
4620001 0.704447
4630001 0.703724
4640001 0.703084
4650001 0.701657
4660001 0.701879
4670001 0.701537
4680001 0.702171
4690001 0.708927
4700001 0.703039
4710001 0.701918
4720001 0.704429
4730001 0.703136
4740001 0.70411
4750001 0.704078
4760001 0.704745
4770001 0.705454
4780001 0.705791
4790001 0.715925
4800001 0.709831
4810001 0.70715
4820001 0.707515
4830001 0.707069
4840001 0.707217
4850001 0.706364
4860001 0.706374
4870001 0.704558
4880001 0.704593
4890001 0.704382
4900001 0.705644
4910001 0.718102
4920001 0.707583
4930001 0.709201
4940001 0.707424
4950001 0.707839
4960001 0.706697
4970001 0.706614
4980001 0.707394
4990001 0.707971
5000001 0.70883
5010001 0.709003
5020001 0.719031
5030001 0.709585
5040001 0.711186
5050001 0.710737
5060001 0.709862
5070001 0.709035
5080001 0.707899
5090001 0.70732
5100001 0.707692
5110001 0.70685
5120001 0.708425
5130001 0.720549
5140001 0.707722
5150001 0.711628
5160001 0.709925
5170001 0.710099
5180001 0.708783
5190001 0.709025
5200001 0.709913
5210001 0.710333
5220001 0.71103
5230001 0.713367
5240001 0.719752
5250001 0.714532
5260001 0.713807
5270001 0.712329
5280001 0.714476
5290001 0.711598
5300001 0.710694
5310001 0.709758
5320001 0.710767
5330001 0.709585
5340001 0.710888
5350001 1.2264
5360001 1.22629
5370001 0.709814
5380001 0.711065
5390001 0.718809
5400001 0.711697
5410001 0.71196
5420001 0.712423
5430001 0.712734
5440001 0.713299
5450001 0.715521
5460001 0.797599
5470001 0.71654
5480001 0.716198
5490001 0.714751
5500001 0.71693
5510001 0.714758
5520001 0.713001
5530001 0.712242
5540001 0.711729
5550001 0.711943
5560001 0.713453
5570001 1.22773
5580001 1.22754
5590001 0.712116
5600001 0.730449
5610001 0.726565
5620001 0.713901
5630001 0.714439
5640001 0.714114
5650001 0.715701
5660001 0.715688
5670001 0.715943
5680001 0.940533
5690001 0.717387
5700001 0.720931
5710001 0.717553
5720001 0.722495
5730001 0.716142
5740001 0.71566
5750001 0.714812
5760001 0.713983
5770001 0.714084
5780001 0.714251
5790001 0.714703
5800001 0.725641
5810001 0.714619
5820001 0.732509
5830001 0.728702
5840001 0.716623
5850001 0.717766
5860001 0.716305
5870001 0.71817
5880001 0.717495
5890001 0.718264
5900001 1.12019
5910001 0.719654
5920001 0.723321
5930001 0.719319
5940001 0.860874
5950001 0.718365
5960001 0.718005
5970001 0.71712
5980001 0.71663
5990001 0.716345
6000001 0.715922
6010001 0.717219
6020001 0.716243
6030001 0.71649
6040001 1.23055
6050001 1.23143
6060001 0.718782
6070001 0.719798
6080001 0.718544
6090001 0.719118
6100001 0.720474
6110001 0.720597
6120001 0.722681
6130001 0.721081
6140001 0.7217
6150001 0.721438
6160001 0.862423
6170001 0.721853
6180001 0.720241
6190001 0.719531
6200001 0.718439
6210001 0.717982
6220001 0.717854
6230001 0.719437
6240001 0.718108
6250001 0.71865
6260001 1.23153
6270001 0.720836
6280001 0.720715
6290001 0.723327
6300001 0.720471
6310001 0.721053
6320001 0.722504
6330001 0.722161
6340001 0.732084
6350001 0.726089
6360001 0.723454
6370001 0.723582
6380001 0.723166
6390001 0.723174
6400001 0.722438
6410001 0.721796
6420001 0.72039
6430001 0.720549
6440001 0.720204
6450001 0.720795
6460001 0.727369
6470001 0.721601
6480001 0.720473
6490001 0.722893
6500001 0.721585
6510001 0.722588
6520001 0.722478
6530001 0.72308
6540001 0.723737
6550001 0.724017
6560001 0.733886
6570001 0.727925
6580001 0.72527
6590001 0.725638
6600001 0.725235
6610001 0.725268
6620001 0.724402
6630001 0.724378
6640001 0.722589
6650001 0.722588
6660001 0.722359
6670001 0.723665
6680001 0.735447
6690001 0.725412
6700001 0.726953
6710001 0.725193
6720001 0.725612
6730001 0.724436
6740001 0.724337
6750001 0.725056
6760001 0.725608
6770001 0.726418
6780001 0.726557
6790001 0.73631
6800001 0.727081
6810001 0.728603
6820001 0.72813
6830001 0.727261
6840001 0.726439
6850001 0.725297
6860001 0.724702
6870001 0.72505
6880001 0.724251
6890001 0.725706
6900001 0.737535
6910001 0.724978
6920001 0.728772
6930001 0.727114
6940001 0.727215
6950001 0.725923
6960001 0.726122
6970001 0.726971
6980001 0.72718
6990001 0.728019
7000001 0.72863
7010001 0.736609
7020001 0.731281
7030001 0.730608
7040001 0.729095
7050001 0.731216
7060001 0.728407
7070001 0.72743
7080001 0.726565
7090001 0.727519
7100001 0.726322
7110001 0.727594
7120001 1.23614
7130001 1.23602
7140001 0.726477
7150001 0.727669
7160001 0.735231
7170001 0.728241
7180001 0.728466
7190001 0.728906
7200001 0.729193
7210001 0.729688
7220001 0.731857
7230001 0.812273
7240001 0.732824
7250001 0.732477
7260001 0.731025
7270001 0.733156
7280001 0.731003
7290001 0.729326
7300001 0.728519
7310001 0.727964
7320001 0.72816
7330001 0.729433
7340001 1.23719
7350001 1.23705
7360001 0.728176
7370001 0.746136
7380001 0.742345
7390001 0.729892
7400001 0.730415
7410001 0.73011
7420001 0.731627
7430001 0.731591
7440001 0.731806
7450001 0.952657
7460001 0.733209
7470001 0.736645
7480001 0.733312
7490001 0.738132
7500001 0.731852
7510001 0.731346
7520001 0.730532
7530001 0.729727
7540001 0.729796
7550001 0.729949
7560001 0.730362
7570001 0.741061
7580001 0.730237
7590001 0.747747
7600001 0.744006
7610001 0.732159
7620001 0.733426
7630001 0.731812
7640001 0.733604
7650001 0.732926
7660001 0.73351
7670001 1.13012
7680001 0.734968
7690001 0.738585
7700001 0.734632
7710001 0.873709
7720001 0.733632
7730001 0.733278
7740001 0.732366
7750001 0.731889
7760001 0.731583
7770001 0.731148
7780001 0.732463
7790001 0.731441
7800001 0.731696
7810001 1.23943
7820001 1.24031
7830001 0.733845
7840001 0.734827
7850001 0.733602
7860001 0.734124
7870001 0.735441
7880001 0.735576
7890001 0.737569
7900001 0.735995
7910001 0.736576
7920001 0.736313
7930001 0.874898
7940001 0.736694
7950001 0.735111
7960001 0.734359
7970001 0.733279
7980001 0.732819
7990001 0.732795
8000001 0.734189
8010001 0.732891
8020001 0.733351
8030001 1.24029
8040001 0.735527
8050001 0.735365
8060001 0.737911
8070001 0.735107
8080001 0.735651
8090001 0.737067
8100001 0.736703
8110001 0.746385
8120001 0.740519
8130001 0.737931
8140001 0.738051
8150001 0.737621
8160001 0.737584
8170001 0.736834
8180001 0.73622
8190001 0.73484
8200001 0.734992
8210001 0.734601
8220001 0.735197
8230001 0.741618
8240001 0.735951
8250001 0.734823
8260001 0.737172
8270001 0.735895
8280001 0.736822
8290001 0.736729
8300001 0.737304
8310001 0.737939
8320001 0.738183
8330001 0.747856
8340001 0.742002
8350001 0.739353
8360001 0.739712
8370001 0.739298
8380001 0.739334
8390001 0.738466
8400001 0.738438
8410001 0.736649
8420001 0.736639
8430001 0.736415
8440001 0.737908
8450001 0.743235
8460001 0.739288
8470001 0.740899
8480001 0.739104
8490001 0.739547
8500001 0.73835
8510001 0.73823
8520001 0.738936
8530001 0.739458
8540001 0.740235
8550001 0.740367
8560001 0.749924
8570001 0.740847
8580001 0.742322
8590001 0.74185
8600001 0.740994
8610001 0.740164
8620001 0.739026
8630001 0.73844
8640001 0.73878
8650001 0.737985
8660001 0.739384
8670001 0.750973
8680001 0.738639
8690001 0.742363
8700001 0.740698
8710001 0.740836
8720001 0.739513
8730001 0.739711
8740001 0.74051
8750001 0.740999
8760001 0.741523
8770001 0.742123
8780001 0.749944
8790001 0.742365
8800001 0.743954
8810001 0.742524
8820001 0.744565
8830001 0.741809
8840001 0.740867
8850001 0.739996
8860001 0.740902
8870001 0.739721
8880001 0.740955
8890001 1.24406
8900001 1.24393
8910001 0.739829
8920001 0.740981
8930001 0.748389
8940001 0.741568
8950001 0.741722
8960001 0.742162
8970001 0.742423
8980001 0.742877
8990001 0.74501
9000001 0.824128
9010001 0.745928
9020001 0.745556
9030001 0.744139
9040001 0.746197
9050001 0.744101
9060001 0.742441
9070001 0.741656
9080001 0.741098
9090001 0.741261
9100001 0.742503
9110001 1.24493
9120001 1.24478
9130001 0.741259
9140001 0.758863
9150001 0.755137
9160001 0.74285
9170001 0.743398
9180001 0.743053
9190001 0.744554
9200001 0.744502
9210001 0.744716
9220001 0.962605
9230001 0.746071
9240001 0.749437
9250001 0.746149
9260001 0.750888
9270001 0.744677
9280001 0.744209
9290001 0.743382
9300001 0.742547
9310001 0.742522
9320001 0.742746
9330001 0.743164
9340001 0.753675
9350001 0.74301
9360001 0.760279
9370001 0.756547
9380001 0.744869
9390001 0.744908
9400001 0.744528
9410001 0.746281
9420001 0.745567
9430001 0.746092
9440001 1.13837
9450001 0.747572
9460001 0.751108
9470001 0.747294
9480001 0.884266
9490001 0.746211
9500001 0.745858
9510001 0.744979
9520001 0.744469
9530001 0.744164
9540001 0.743738
9550001 0.745028
9560001 0.743983
9570001 0.744223
9580001 1.24687
9590001 1.24775
9600001 0.746367
9610001 0.747282
9620001 0.746058
9630001 0.746566
9640001 0.74788
9650001 0.747975
9660001 0.749922
9670001 0.748375
9680001 0.74893
9690001 0.748659
9700001 0.885316
9710001 0.749022
9720001 0.747459
9730001 0.7467
9740001 0.745627
9750001 0.745175
9760001 0.745105
9770001 0.746507
9780001 0.745259
9790001 0.745671
9800001 1.24762
9810001 1.24852
9820001 0.747603
9830001 0.750152
9840001 0.747334
9850001 0.747882
9860001 0.749244
9870001 0.748904
9880001 0.758415
9890001 0.752608
9900001 0.750103
9910001 0.750212
9920001 0.749751
9930001 0.749728
9940001 0.748936
9950001 0.748338
9960001 0.746987
9970001 0.747142
9980001 0.746736
9990001 0.747305
