1 31.3626
10001 12.0327
20001 9.01139
30001 7.6187
40001 6.8525
50001 6.37426
60001 6.03966
70001 5.81248
80001 5.64774
90001 5.51096
100001 5.40524
110001 5.31848
120001 5.24531
130001 5.18395
140001 5.13057
150001 5.08438
160001 5.0419
170001 5.00308
180001 4.96865
190001 4.94127
200001 4.90931
210001 4.88091
220001 4.85492
230001 4.83031
240001 4.80634
250001 4.78426
260001 4.77919
270001 4.74872
280001 4.72886
290001 4.71173
300001 4.69964
310001 4.67352
320001 4.65549
330001 4.63932
340001 4.62337
350001 4.60751
360001 4.59258
370001 4.57884
380001 4.5649
390001 4.5499
400001 4.53677
410001 4.53085
420001 4.51363
430001 4.50044
440001 4.48827
450001 4.4761
460001 4.46377
470001 4.45197
480001 4.44508
490001 4.43555
500001 4.42399
510001 4.41482
520001 4.4106
530001 4.39103
540001 4.38024
550001 4.36919
560001 4.35916
570001 4.34881
580001 4.33918
590001 4.33078
600001 4.32148
610001 4.3114
620001 4.30263
630001 4.3021
640001 4.28796
650001 4.27875
660001 4.27034
670001 4.26197
680001 4.25297
690001 4.2446
700001 4.23627
710001 4.23807
720001 4.22935
730001 4.22294
740001 4.22404
750001 4.20291
760001 4.19441
770001 4.186
780001 4.17879
790001 4.17096
800001 4.16362
810001 4.15638
820001 4.14989
830001 4.14303
840001 4.13657
850001 4.13905
860001 4.12641
870001 4.11961
880001 4.11266
890001 4.10632
900001 4.09955
910001 4.09273
920001 4.08622
930001 4.09024
940001 4.08332
950001 4.07138
960001 4.06626
970001 4.06197
980001 4.05539
990001 4.04823
1000001 4.04257
1010001 4.03625
1020001 4.03049
1030001 4.02479
1040001 4.02015
1050001 4.0146
1060001 4.00958
1070001 4.0147
1080001 4.00233
1090001 3.99662
1100001 3.99097
1110001 3.98606
1120001 3.98042
1130001 3.97474
1140001 3.96948
1150001 3.97874
1160001 3.97222
1170001 3.95834
1180001 3.95438
1190001 3.9523
1200001 3.94578
1210001 3.93959
1220001 3.93504
1230001 3.92998
1240001 3.92501
1250001 3.92027
1260001 3.91656
1270001 3.91211
1280001 3.90807
1290001 3.90328
1300001 3.90282
1310001 3.89803
1320001 3.89311
1330001 3.8891
1340001 3.88427
1350001 3.87947
1360001 3.87517
1370001 3.88709
1380001 3.88476
1390001 3.86665
1400001 3.86515
1410001 3.86508
1420001 3.85639
1430001 3.85109
1440001 3.84724
1450001 3.84278
1460001 3.83851
1470001 3.83449
1480001 3.83199
1490001 3.82797
1500001 3.82347
1510001 3.82042
1520001 3.82155
1530001 3.81672
1540001 3.81241
1550001 3.80906
1560001 3.80498
1570001 3.80072
1580001 3.79697
1590001 3.80984
1600001 3.80814
1610001 3.79037
1620001 3.78955
1630001 3.79011
1640001 3.78198
1650001 3.77715
1660001 3.77389
1670001 3.77003
1680001 3.76629
1690001 3.76277
1700001 3.76081
1710001 3.75753
1720001 3.75344
1730001 3.75108
1740001 3.75436
1750001 3.74811
1760001 3.74439
1770001 3.74137
1780001 3.73801
1790001 3.73397
1800001 3.73087
1810001 3.74834
1820001 3.75005
1830001 3.72695
1840001 3.72558
1850001 3.7304
1860001 3.71871
1870001 3.71418
1880001 3.71134
1890001 3.70786
1900001 3.70458
1910001 3.70144
1920001 3.70013
1930001 3.69705
1940001 3.69339
1950001 3.69144
1960001 3.69505
1970001 3.68945
1980001 3.68609
1990001 3.68346
2000001 3.68049
2010001 3.67687
2020001 3.6742
2030001 3.6922
2040001 3.69433
2050001 3.67322
2060001 3.67268
2070001 3.67789
2080001 3.66414
2090001 3.65993
2100001 3.65742
2110001 3.65467
2120001 3.65135
2130001 3.64876
2140001 3.6474
2150001 3.64542
2160001 3.64161
2170001 3.63981
2180001 3.64644
2190001 3.63854
2200001 3.63535
2210001 3.63301
2220001 3.63033
2230001 3.62727
2240001 3.62462
2250001 3.62775
2260001 3.62755
2270001 3.62462
2280001 3.62438
2290001 3.63005
2300001 3.61672
2310001 3.61374
2320001 3.61021
2330001 3.60775
2340001 3.6047
2350001 3.6024
2360001 3.60152
2370001 3.5995
2380001 3.59633
2390001 3.59458
2400001 3.60245
2410001 3.59382
2420001 3.59095
2430001 3.58886
2440001 3.58665
2450001 3.58359
2460001 3.58121
2470001 3.57877
2480001 3.58826
2490001 3.58524
2500001 3.58484
2510001 3.59321
2520001 3.57526
2530001 3.572
2540001 3.56869
2550001 3.5667
2560001 3.56387
2570001 3.56157
2580001 3.55937
2590001 3.55806
2600001 3.55615
2610001 3.55461
2620001 3.56338
2630001 3.55441
2640001 3.55215
2650001 3.54961
2660001 3.54767
2670001 3.54518
2680001 3.54256
2690001 3.54032
2700001 3.55014
2710001 3.54732
2720001 3.53869
2730001 3.53788
2740001 3.5379
2750001 3.53518
2760001 3.53168
2770001 3.52986
2780001 3.5272
2790001 3.52515
2800001 3.52318
2810001 3.52244
2820001 3.52054
2830001 3.5192
2840001 3.52935
2850001 3.51947
2860001 3.51713
2870001 3.51477
2880001 3.51321
2890001 3.51075
2900001 3.50826
2910001 3.50619
2920001 3.52051
2930001 3.51699
2940001 3.50512
2950001 3.50442
2960001 3.50582
2970001 3.50211
2980001 3.4987
2990001 3.49709
3000001 3.49486
3010001 3.49266
3020001 3.49082
3030001 3.49012
3040001 3.48851
3050001 3.48731
3060001 3.48526
3070001 3.48795
3080001 3.48577
3090001 3.4834
3100001 3.48199
3110001 3.47964
3120001 3.47732
3130001 3.47551
3140001 3.49177
3150001 3.49215
3160001 3.47494
3170001 3.47621
3180001 3.47904
3190001 3.47222
3200001 3.46911
3210001 3.46759
3220001 3.46535
3230001 3.46329
3240001 3.46154
3250001 3.46148
3260001 3.45968
3270001 3.45733
3280001 3.45656
3290001 3.46035
3300001 3.45752
3310001 3.45524
3320001 3.45398
3330001 3.45188
3340001 3.44954
3350001 3.44786
3360001 3.46437
3370001 3.46488
3380001 3.44768
3390001 3.44912
3400001 3.45206
3410001 3.44542
3420001 3.44234
3430001 3.44096
3440001 3.4389
3450001 3.43696
3460001 3.43526
3470001 3.43514
3480001 3.43385
3490001 3.43149
3500001 3.431
3510001 3.43665
3520001 3.43185
3530001 3.42979
3540001 3.42848
3550001 3.42676
3560001 3.4243
3570001 3.42287
3580001 3.44381
3590001 3.4476
3600001 3.42435
3610001 3.42478
3620001 3.43192
3630001 3.42108
3640001 3.41797
3650001 3.41668
3660001 3.41469
3670001 3.41289
3680001 3.41126
3690001 3.41162
3700001 3.41005
3710001 3.40783
3720001 3.40744
3730001 3.41305
3740001 3.40866
3750001 3.40668
3760001 3.40548
3770001 3.40388
3780001 3.40157
3790001 3.40013
3800001 3.42132
3810001 3.42521
3820001 3.40401
3830001 3.40502
3840001 3.41222
3850001 3.39894
3860001 3.39593
3870001 3.39472
3880001 3.39325
3890001 3.39115
3900001 3.38984
3910001 3.38987
3920001 3.38921
3930001 3.38658
3940001 3.38609
3950001 3.39464
3960001 3.38756
3970001 3.38552
3980001 3.38439
3990001 3.38287
4000001 3.38094
4010001 3.37946
4020001 3.38415
4030001 3.38528
4040001 3.38348
4050001 3.38455
4060001 3.39196
4070001 3.379
4080001 3.37711
4090001 3.3746
4100001 3.37323
4110001 3.37121
4120001 3.36991
4130001 3.37032
4140001 3.36943
4150001 3.36695
4160001 3.36664
4170001 3.37625
4180001 3.36823
4190001 3.36636
4200001 3.3653
4210001 3.3641
4220001 3.362
4230001 3.36062
4240001 3.35917
4250001 3.37043
4260001 3.36834
4270001 3.36906
4280001 3.3791
4290001 3.36113
4300001 3.35877
4310001 3.35634
4320001 3.35531
4330001 3.35337
4340001 3.352
4350001 3.35074
4360001 3.35043
4370001 3.34946
4380001 3.34889
4390001 3.35924
4400001 3.35075
4410001 3.34938
4420001 3.3477
4430001 3.34664
4440001 3.34499
4450001 3.34321
4460001 3.34183
4470001 3.35322
4480001 3.35122
4490001 3.34307
4500001 3.34319
4510001 3.34419
4520001 3.34227
4530001 3.33952
4540001 3.33853
4550001 3.33664
4560001 3.33541
4570001 3.33426
4580001 3.33442
4590001 3.33334
4600001 3.33284
4610001 3.34446
4620001 3.33493
4630001 3.33335
4640001 3.33174
4650001 3.33097
4660001 3.32923
4670001 3.32747
4680001 3.32616
4690001 3.34211
4700001 3.33926
4710001 3.32761
4720001 3.32774
4730001 3.33007
4740001 3.32701
4750001 3.32424
4760001 3.32337
4770001 3.32182
4780001 3.32033
4790001 3.31921
4800001 3.3193
4810001 3.31842
4820001 3.31796
4830001 3.3305
4840001 3.32021
4850001 3.31871
4860001 3.31699
4870001 3.31628
4880001 3.31456
4890001 3.31289
4900001 3.31175
4910001 3.32956
4920001 3.33072
4930001 3.31342
4940001 3.31551
4950001 3.31923
4960001 3.31283
4970001 3.3103
4980001 3.30943
4990001 3.30779
5000001 3.30635
5010001 3.30524
5020001 3.3059
5030001 3.30473
5040001 3.30298
5050001 3.30289
5060001 3.30754
5070001 3.30528
5080001 3.30358
5090001 3.30293
5100001 3.30141
5110001 3.29963
5120001 3.29855
5130001 3.31647
5140001 3.31767
5150001 3.30038
5160001 3.30254
5170001 3.30628
5180001 3.3
5190001 3.29744
5200001 3.29664
5210001 3.29513
5220001 3.29374
5230001 3.29261
5240001 3.29313
5250001 3.29241
5260001 3.29058
5270001 3.2907
5280001 3.29721
5290001 3.29282
5300001 3.29129
5310001 3.29053
5320001 3.28933
5330001 3.28737
5340001 3.28648
5350001 3.30887
5360001 3.31341
5370001 3.28981
5380001 3.29085
5390001 3.29888
5400001 3.28818
5410001 3.28554
5420001 3.28477
5430001 3.28326
5440001 3.28196
5450001 3.28084
5460001 3.28179
5470001 3.28073
5480001 3.27898
5490001 3.27914
5500001 3.28551
5510001 3.28151
5520001 3.28
5530001 3.27929
5540001 3.27817
5550001 3.27631
5560001 3.27536
5570001 3.29787
5580001 3.30244
5590001 3.28098
5600001 3.28256
5610001 3.29057
5620001 3.27732
5630001 3.27472
5640001 3.27399
5650001 3.27297
5660001 3.2713
5670001 3.27046
5680001 3.27101
5690001 3.27083
5700001 3.26862
5710001 3.26861
5720001 3.27796
5730001 3.27113
5740001 3.26951
5750001 3.26883
5760001 3.26773
5770001 3.26622
5780001 3.26517
5790001 3.27051
5800001 3.27216
5810001 3.27078
5820001 3.27236
5830001 3.28051
5840001 3.26758
5850001 3.2661
5860001 3.26397
5870001 3.26302
5880001 3.26139
5890001 3.26051
5900001 3.2614
5910001 3.26094
5920001 3.25882
5930001 3.25898
5940001 3.26935
5950001 3.26152
5960001 3.26003
5970001 3.25939
5980001 3.25858
5990001 3.25684
6000001 3.25586
6010001 3.2548
6020001 3.26685
6030001 3.26514
6040001 3.26631
6050001 3.2771
6060001 3.25899
6070001 3.257
6080001 3.25491
6090001 3.25427
6100001 3.25269
6110001 3.25169
6120001 3.25082
6130001 3.25092
6140001 3.25034
6150001 3.25016
6160001 3.26123
6170001 3.25289
6180001 3.25189
6190001 3.25056
6200001 3.24986
6210001 3.24856
6220001 3.24713
6230001 3.2461
6240001 3.25822
6250001 3.25656
6260001 3.25799
6270001 3.2491
6280001 3.25051
6290001 3.24893
6300001 3.24648
6310001 3.24585
6320001 3.24428
6330001 3.2434
6340001 3.2426
6350001 3.24315
6360001 3.24242
6370001 3.24228
6380001 3.25459
6390001 3.24517
6400001 3.24392
6410001 3.24263
6420001 3.24221
6430001 3.24078
6440001 3.23934
6450001 3.23835
6460001 3.25509
6470001 3.25252
6480001 3.24092
6490001 3.24142
6500001 3.24416
6510001 3.24138
6520001 3.23889
6530001 3.23835
6540001 3.23711
6550001 3.23592
6560001 3.23513
6570001 3.23556
6580001 3.23501
6590001 3.23489
6600001 3.24809
6610001 3.23788
6620001 3.23668
6630001 3.23525
6640001 3.23486
6650001 3.23342
6660001 3.23204
6670001 3.23121
6680001 3.24973
6690001 3.2513
6700001 3.23391
6710001 3.23638
6720001 3.24052
6730001 3.23429
6740001 3.23202
6750001 3.23145
6760001 3.23009
6770001 3.22894
6780001 3.22812
6790001 3.22912
6800001 3.22824
6810001 3.22677
6820001 3.22698
6830001 3.23206
6840001 3.23005
6850001 3.22862
6860001 3.22827
6870001 3.22701
6880001 3.22549
6890001 3.22469
6900001 3.24333
6910001 3.24485
6920001 3.22747
6930001 3.22999
6940001 3.23412
6950001 3.228
6960001 3.22568
6970001 3.22516
6980001 3.22384
6990001 3.22277
7000001 3.2219
7010001 3.22274
7020001 3.2223
7030001 3.22073
7040001 3.22114
7050001 3.22807
7060001 3.22387
7070001 3.2226
7080001 3.2221
7090001 3.22115
7100001 3.21943
7110001 3.2188
7120001 3.24194
7130001 3.24685
7140001 3.22304
7150001 3.22438
7160001 3.23286
7170001 3.22222
7180001 3.21979
7190001 3.21929
7200001 3.21801
7210001 3.2169
7220001 3.21609
7230001 3.21732
7240001 3.21651
7250001 3.215
7260001 3.21543
7270001 3.2222
7280001 3.21838
7290001 3.2171
7300001 3.21664
7310001 3.21575
7320001 3.21412
7330001 3.21341
7340001 3.2366
7350001 3.24152
7360001 3.21991
7370001 3.22178
7380001 3.23019
7390001 3.21695
7400001 3.21456
7410001 3.21406
7420001 3.21328
7430001 3.21182
7440001 3.21122
7450001 3.21203
7460001 3.2121
7470001 3.21009
7480001 3.21034
7490001 3.2201
7500001 3.21339
7510001 3.21199
7520001 3.21153
7530001 3.21065
7540001 3.20936
7550001 3.20852
7560001 3.2142
7570001 3.21612
7580001 3.21495
7590001 3.2168
7600001 3.22532
7610001 3.21241
7620001 3.21105
7630001 3.20921
7640001 3.20848
7650001 3.20705
7660001 3.20639
7670001 3.20752
7680001 3.20729
7690001 3.20537
7700001 3.20576
7710001 3.21652
7720001 3.20879
7730001 3.20751
7740001 3.20707
7750001 3.20648
7760001 3.20493
7770001 3.20416
7780001 3.2033
7790001 3.21576
7800001 3.21425
7810001 3.21566
7820001 3.22684
7830001 3.20867
7840001 3.20686
7850001 3.20496
7860001 3.20453
7870001 3.20313
7880001 3.20234
7890001 3.20166
7900001 3.20198
7910001 3.20161
7920001 3.20164
7930001 3.21309
7940001 3.20483
7950001 3.20403
7960001 3.20289
7970001 3.20238
7980001 3.20127
7990001 3.20003
8000001 3.19919
8010001 3.21169
8020001 3.21021
8030001 3.21157
8040001 3.20295
8050001 3.20469
8060001 3.2033
8070001 3.20102
8080001 3.20058
8090001 3.19918
8100001 3.19849
8110001 3.19788
8120001 3.19864
8130001 3.1981
8140001 3.19815
8150001 3.21083
8160001 3.20148
8170001 3.20041
8180001 3.1993
8190001 3.19906
8200001 3.1978
8210001 3.19653
8220001 3.19572
8230001 3.21288
8240001 3.21047
8250001 3.19891
8260001 3.1996
8270001 3.20257
8280001 3.19995
8290001 3.19762
8300001 3.19725
8310001 3.19619
8320001 3.19517
8330001 3.19455
8340001 3.19518
8350001 3.19481
8360001 3.19487
8370001 3.20842
8380001 3.19826
8390001 3.19723
8400001 3.19597
8410001 3.19575
8420001 3.19447
8430001 3.19326
8440001 3.1926
8450001 3.20962
8460001 3.21329
8470001 3.19587
8480001 3.19855
8490001 3.20291
8500001 3.19678
8510001 3.19467
8520001 3.19427
8530001 3.19306
8540001 3.19208
8550001 3.19142
8560001 3.19261
8570001 3.19189
8580001 3.19058
8590001 3.19097
8600001 3.19627
8610001 3.19441
8620001 3.19314
8630001 3.19295
8640001 3.19184
8650001 3.19048
8660001 3.18984
8670001 3.20884
8680001 3.21055
8690001 3.19315
8700001 3.19587
8710001 3.20021
8720001 3.19419
8730001 3.19201
8740001 3.19165
8750001 3.19048
8760001 3.18956
8770001 3.18884
8780001 3.18986
8790001 3.18935
8800001 3.18815
8810001 3.18873
8820001 3.19589
8830001 3.19181
8840001 3.19068
8850001 3.19034
8860001 3.18953
8870001 3.18796
8880001 3.18748
8890001 3.211
8900001 3.21611
8910001 3.19223
8920001 3.19374
8930001 3.20245
8940001 3.19187
8950001 3.18958
8960001 3.18922
8970001 3.18809
8980001 3.18712
8990001 3.18645
9000001 3.18785
9010001 3.18719
9020001 3.18581
9030001 3.1864
9040001 3.19338
9050001 3.18968
9060001 3.18854
9070001 3.18822
9080001 3.18747
9090001 3.18597
9100001 3.1854
9110001 3.20894
9120001 3.21405
9130001 3.19239
9140001 3.19443
9150001 3.20306
9160001 3.18986
9170001 3.18759
9180001 3.18724
9190001 3.18659
9200001 3.18527
9210001 3.1848
9220001 3.18576
9230001 3.18598
9240001 3.1841
9250001 3.18449
9260001 3.19447
9270001 3.18784
9280001 3.18658
9290001 3.18626
9300001 3.18551
9310001 3.18403
9320001 3.18364
9330001 3.18949
9340001 3.19157
9350001 3.19053
9360001 3.19254
9370001 3.20126
9380001 3.18839
9390001 3.18578
9400001 3.18544
9410001 3.18483
9420001 3.18353
9430001 3.18301
9440001 3.18428
9450001 3.18418
9460001 3.18238
9470001 3.18291
9480001 3.19388
9490001 3.18623
9500001 3.18507
9510001 3.18476
9520001 3.18429
9530001 3.18286
9540001 3.18222
9550001 3.18148
9560001 3.19416
9570001 3.19276
9580001 3.19431
9590001 3.20571
9600001 3.18754
9610001 3.18585
9620001 3.18407
9630001 3.18376
9640001 3.18248
9650001 3.18181
9660001 3.18126
9670001 3.18171
9680001 3.18146
9690001 3.18162
9700001 3.19326
9710001 3.18508
9720001 3.1844
9730001 3.18338
9740001 3.18299
9750001 3.18199
9760001 3.18087
9770001 3.18014
9780001 3.19284
9790001 3.19147
9800001 3.19297
9810001 3.20448
9820001 3.18629
9830001 3.18501
9840001 3.18284
9850001 3.18252
9860001 3.18124
9870001 3.18066
9880001 3.18017
9890001 3.18105
9900001 3.18063
9910001 3.1808
9920001 3.19367
9930001 3.18438
9940001 3.18342
9950001 3.18243
9960001 3.1823
9970001 3.18115
9980001 3.17999
9990001 3.1793
10000001 3.19665
10010001 3.19435
10020001 3.18285
10030001 3.18366
10040001 3.18676
10050001 3.18424
10060001 3.18201
10070001 3.18176
10080001 3.1808
10090001 3.17989
10100001 3.17939
10110001 3.18013
10120001 3.17988
10130001 3.18004
10140001 3.19377
10150001 3.18368
10160001 3.18275
10170001 3.1816
10180001 3.18149
10190001 3.18031
10200001 3.1792
10210001 3.17847
10220001 3.19585
10230001 3.19965
10240001 3.18226
10250001 3.18506
10260001 3.18956
10270001 3.18351
10280001 3.18129
10290001 3.18121
10300001 3.1801
10310001 3.17921
10320001 3.17866
10330001 3.17997
10340001 3.17935
10350001 3.17814
10360001 3.17863
10370001 3.18407
10380001 3.18231
10390001 3.18113
10400001 3.18105
10410001 3.18004
10420001 3.17878
10430001 3.17824
10440001 3.19741
10450001 3.19923
10460001 3.18187
10470001 3.1847
10480001 3.18916
10490001 3.18322
10500001 3.18114
10510001 3.18088
10520001 3.1798
10530001 3.17899
10540001 3.17836
10550001 3.17949
10560001 3.17908
10570001 3.17798
10580001 3.17866
10590001 3.18594
10600001 3.18195
10610001 3.18092
10620001 3.18067
10630001 3.17996
10640001 3.17848
10650001 3.1781
10660001 3.20178
10670001 3.20701
10680001 3.18316
10690001 3.18477
10700001 3.1936
10710001 3.18309
10720001 3.18089
10730001 3.18063
10740001 3.17959
10750001 3.17871
10760001 3.17814
10770001 3.17964
10780001 3.17907
10790001 3.17779
10800001 3.17847
10810001 3.18556
10820001 3.18195
10830001 3.1809
10840001 3.18068
10850001 3.18001
10860001 3.1786
10870001 3.17813
10880001 3.20182
10890001 3.20702
10900001 3.18321
10910001 3.18755
10920001 3.19629
10930001 3.18315
10940001 3.18098
10950001 3.18072
10960001 3.18015
10970001 3.17892
10980001 3.17855
10990001 3.1796
11000001 3.17991
11010001 3.17812
11020001 3.17859
11030001 3.18869
11040001 3.18214
11050001 3.18096
11060001 3.18073
11070001 3.18006
11080001 3.17867
11090001 3.17837
11100001 3.18432
11110001 3.18649
11120001 3.18554
11130001 3.18763
11140001 3.19646
11150001 3.18365
11160001 3.18114
11170001 3.18088
11180001 3.18036
11190001 3.17914
11200001 3.1787
11210001 3.18006
11220001 3.18005
11230001 3.17833
11240001 3.17895
11250001 3.19002
11260001 3.18244
11270001 3.18137
11280001 3.18115
11290001 3.18076
11300001 3.17941
11310001 3.17885
11320001 3.1782
11330001 3.19097
11340001 3.18966
11350001 3.19129
11360001 3.20278
11370001 3.18468
11380001 3.18307
11390001 3.18138
11400001 3.18115
11410001 3.17994
11420001 3.17936
11430001 3.17889
11440001 3.17942
11450001 3.17926
11460001 3.1795
11470001 3.19123
11480001 3.18312
11490001 3.18252
11500001 3.18158
11510001 3.18127
11520001 3.18036
11530001 3.17931
11540001 3.17867
11550001 3.19145
11560001 3.19016
11570001 3.19174
11580001 3.20332
11590001 3.18521
11600001 3.18401
11610001 3.18193
11620001 3.18168
11630001 3.18047
11640001 3.17997
11650001 3.17957
11660001 3.18052
11670001 3.18018
11680001 3.18043
11690001 3.19338
11700001 3.18416
11710001 3.18329
11720001 3.18237
11730001 3.18232
11740001 3.18124
11750001 3.18016
11760001 3.17954
11770001 3.19697
11780001 3.19474
11790001 3.18332
11800001 3.1842
11810001 3.18738
11820001 3.18493
11830001 3.18279
11840001 3.18261
11850001 3.18172
11860001 3.18089
11870001 3.18046
11880001 3.18128
11890001 3.1811
11900001 3.18134
11910001 3.19513
11920001 3.18512
11930001 3.18427
11940001 3.18319
11950001 3.18315
11960001 3.18204
11970001 3.18101
11980001 3.18035
11990001 3.19779
12000001 3.20166
12010001 3.18436
12020001 3.18722
12030001 3.19179
12040001 3.18582
12050001 3.18367
12060001 3.18366
12070001 3.18262
12080001 3.18181
12090001 3.18133
12100001 3.18271
12110001 3.18216
12120001 3.18102
12130001 3.18159
12140001 3.18709
12150001 3.1854
12160001 3.1843
12170001 3.18428
12180001 3.18334
12190001 3.18215
12200001 3.18168
12210001 3.20089
12220001 3.20278
12230001 3.18551
12240001 3.18841
12250001 3.19293
12260001 3.18707
12270001 3.18506
12280001 3.18487
12290001 3.18386
12300001 3.18312
12310001 3.18256
12320001 3.18375
12330001 3.18341
12340001 3.18238
12350001 3.18312
12360001 3.19046
12370001 3.18654
12380001 3.18558
12390001 3.1854
12400001 3.18475
12410001 3.18334
12420001 3.18303
12430001 3.20674
12440001 3.21202
12450001 3.18827
12460001 3.18995
12470001 3.19884
12480001 3.18841
12490001 3.18628
12500001 3.18608
12510001 3.1851
12520001 3.1843
12530001 3.18379
12540001 3.18535
12550001 3.18485
12560001 3.18363
12570001 3.18438
12580001 3.19152
12590001 3.18797
12600001 3.187
12610001 3.18684
12620001 3.18623
12630001 3.18489
12640001 3.18448
12650001 3.20818
12660001 3.21344
12670001 3.18973
12680001 3.19413
12690001 3.20292
12700001 3.18987
12710001 3.18776
12720001 3.18757
12730001 3.18706
12740001 3.18589
12750001 3.18558
12760001 3.1867
12770001 3.18707
12780001 3.18534
12790001 3.18588
12800001 3.19601
12810001 3.18953
12820001 3.18842
12830001 3.18825
12840001 3.18765
12850001 3.18631
12860001 3.18608
12870001 3.19207
12880001 3.19429
12890001 3.19341
12900001 3.19556
12910001 3.20442
12920001 3.19171
12930001 3.18926
12940001 3.18906
12950001 3.1886
12960001 3.18744
12970001 3.18706
12980001 3.18848
12990001 3.18853
13000001 3.18687
13010001 3.18741
13020001 3.19715
13030001 3.19115
13040001 3.19014
13050001 3.18998
13060001 3.18964
13070001 3.18836
13080001 3.18785
13090001 3.18726
13100001 3.20005
13110001 3.1988
13120001 3.20049
13130001 3.212
13140001 3.19401
13150001 3.19247
13160001 3.19083
13170001 3.1904
13180001 3.18925
13190001 3.18899
13200001 3.18858
13210001 3.18917
13220001 3.18906
13230001 3.18935
13240001 3.2011
13250001 3.19308
13260001 3.1919
13270001 3.19166
13280001 3.1914
13290001 3.19054
13300001 3.18955
13310001 3.18897
13320001 3.20176
13330001 3.20053
13340001 3.20216
13350001 3.21377
13360001 3.19577
13370001 3.19463
13380001 3.1926
13390001 3.19241
13400001 3.19126
13410001 3.19082
13420001 3.19037
13430001 3.19107
13440001 3.19118
13450001 3.19149
13460001 3.20444
13470001 3.19531
13480001 3.19449
13490001 3.19363
13500001 3.19364
13510001 3.19261
13520001 3.19159
13530001 3.19102
13540001 3.20844
13550001 3.20627
13560001 3.19494
13570001 3.19588
13580001 3.1991
13590001 3.19671
13600001 3.19462
13610001 3.1945
13620001 3.19366
13630001 3.19289
13640001 3.19251
13650001 3.19338
13660001 3.19325
13670001 3.19355
13680001 3.20734
13690001 3.19741
13700001 3.19662
13710001 3.19559
13720001 3.19557
13730001 3.19455
13740001 3.19357
13750001 3.19297
13760001 3.21038
13770001 3.21426
13780001 3.19711
13790001 3.20001
13800001 3.20461
13810001 3.19871
13820001 3.19663
13830001 3.19667
13840001 3.19568
13850001 3.19492
13860001 3.1945
13870001 3.19591
13880001 3.19542
13890001 3.19434
13900001 3.19495
13910001 3.20047
13920001 3.19884
13930001 3.19779
13940001 3.19782
13950001 3.19693
13960001 3.1958
13970001 3.19537
13980001 3.21456
13990001 3.21649
14000001 3.19934
14010001 3.20227
14020001 3.20682
14030001 3.20103
14040001 3.19908
14050001 3.19894
14060001 3.19798
14070001 3.19729
14080001 3.19678
14090001 3.19802
14100001 3.19773
14110001 3.19674
14120001 3.19753
14130001 3.20488
14140001 3.20103
14150001 3.20012
14160001 3.19999
14170001 3.19939
14180001 3.19803
14190001 3.19776
14200001 3.22141
14210001 3.22671
14220001 3.20312
14230001 3.20484
14240001 3.21373
14250001 3.2034
14260001 3.20132
14270001 3.20117
14280001 3.20024
14290001 3.19949
14300001 3.19903
14310001 3.20063
14320001 3.20017
14330001 3.19901
14340001 3.1998
14350001 3.20695
14360001 3.20346
14370001 3.20254
14380001 3.20242
14390001 3.20185
14400001 3.20057
14410001 3.20021
14420001 3.22384
14430001 3.22912
14440001 3.20556
14450001 3.20999
14460001 3.21877
14470001 3.20584
14480001 3.20379
14490001 3.20364
14500001 3.20318
14510001 3.20206
14520001 3.20179
14530001 3.20294
14540001 3.20336
14550001 3.20168
14560001 3.20226
14570001 3.21238
14580001 3.20598
14590001 3.20492
14600001 3.2048
14610001 3.20423
14620001 3.20295
14630001 3.20276
14640001 3.20877
14650001 3.21102
14660001 3.21018
14670001 3.21236
14680001 3.22121
14690001 3.20861
14700001 3.20622
14710001 3.20607
14720001 3.20565
14730001 3.20454
14740001 3.20421
14750001 3.20566
14760001 3.20574
14770001 3.20414
14780001 3.20472
14790001 3.21442
14800001 3.20852
14810001 3.20756
14820001 3.20744
14830001 3.20715
14840001 3.20591
14850001 3.20545
14860001 3.2049
14870001 3.21766
14880001 3.21646
14890001 3.21818
14900001 3.22967
14910001 3.21181
14920001 3.21032
14930001 3.20874
14940001 3.20834
14950001 3.20725
14960001 3.20703
14970001 3.20666
14980001 3.20728
14990001 3.20721
15000001 3.20755
15010001 3.21927
15020001 3.21133
15030001 3.21012
15040001 3.21
15050001 3.20978
15060001 3.20897
15070001 3.20802
15080001 3.20748
15090001 3.22024
15100001 3.21906
15110001 3.22072
15120001 3.2323
15130001 3.21444
15140001 3.21334
15150001 3.21137
15160001 3.21122
15170001 3.21011
15180001 3.20971
15190001 3.2093
15200001 3.21002
15210001 3.21019
15220001 3.21053
15230001 3.22345
15240001 3.21441
15250001 3.21364
15260001 3.21282
15270001 3.21286
15280001 3.21188
15290001 3.2109
15300001 3.21037
15310001 3.22772
15320001 3.22561
15330001 3.21438
15340001 3.21535
15350001 3.21859
15360001 3.21626
15370001 3.21422
15380001 3.21413
15390001 3.21334
15400001 3.21261
15410001 3.21227
15420001 3.21317
15430001 3.21308
15440001 3.21341
15450001 3.22716
15460001 3.21732
15470001 3.21657
15480001 3.21559
15490001 3.2156
15500001 3.21463
15510001 3.21369
15520001 3.21313
15530001 3.23047
15540001 3.22837
15550001 3.21735
15560001 3.22027
15570001 3.22488
15580001 3.21905
15590001 3.21702
15600001 3.2171
15610001 3.21615
15620001 3.21543
15630001 3.21504
15640001 3.21649
15650001 3.21603
15660001 3.21499
15670001 3.21563
15680001 3.22116
15690001 3.21957
15700001 3.21857
15710001 3.21864
15720001 3.21778
15730001 3.21669
15740001 3.21631
15750001 3.2354
15760001 3.23735
15770001 3.22035
15780001 3.22329
15790001 3.22785
15800001 3.22214
15810001 3.22023
15820001 3.22013
15830001 3.21921
15840001 3.21855
15850001 3.21808
15860001 3.21935
15870001 3.21909
15880001 3.21815
15890001 3.21897
15900001 3.22631
15910001 3.22251
15920001 3.22164
15930001 3.22155
15940001 3.22098
15950001 3.21967
15960001 3.21943
15970001 3.24295
15980001 3.24826
15990001 3.22486
16000001 3.2266
16010001 3.23546
16020001 3.22523
16030001 3.22321
16040001 3.22309
16050001 3.2222
16060001 3.22148
16070001 3.22106
16080001 3.22269
16090001 3.22226
16100001 3.22114
16110001 3.22196
16120001 3.22909
16130001 3.22566
16140001 3.22478
16150001 3.2247
16160001 3.22413
16170001 3.22292
16180001 3.22259
16190001 3.24609
16200001 3.25136
16210001 3.22801
16220001 3.23243
16230001 3.23858
16240001 3.22838
16250001 3.22637
16260001 3.22626
16270001 3.22583
16280001 3.22475
16290001 3.22452
16300001 3.2257
16310001 3.22614
16320001 3.22451
16330001 3.22511
16340001 3.2352
16350001 3.22887
16360001 3.22785
16370001 3.22776
16380001 3.22723
16390001 3.22599
16400001 3.22583
16410001 3.23182
16420001 3.23409
16430001 3.23329
16440001 3.23548
16450001 3.24431
16460001 3.23183
16470001 3.22948
16480001 3.22937
16490001 3.22898
16500001 3.22791
16510001 3.22761
16520001 3.22908
16530001 3.2292
16540001 3.22764
16550001 3.22824
16560001 3.2379
16570001 3.23207
16580001 3.23115
16590001 3.23106
16600001 3.2308
16610001 3.2296
16620001 3.22918
16630001 3.22841
16640001 3.24136
16650001 3.2402
16660001 3.24193
16670001 3.25336
16680001 3.23567
16690001 3.23423
16700001 3.23268
16710001 3.23232
16720001 3.23126
16730001 3.23107
16740001 3.23073
16750001 3.23138
16760001 3.23135
16770001 3.23171
16780001 3.24337
16790001 3.23552
16800001 3.23435
16810001 3.23426
16820001 3.23407
16830001 3.23329
16840001 3.23238
16850001 3.23187
16860001 3.24457
16870001 3.24342
16880001 3.2451
16890001 3.25662
16900001 3.23892
16910001 3.23787
16920001 3.23594
16930001 3.23582
16940001 3.23475
16950001 3.23437
16960001 3.23399
16970001 3.23474
16980001 3.23494
16990001 3.23531
17000001 3.24815
17010001 3.23921
17020001 3.23847
17030001 3.23769
17040001 3.23776
17050001 3.23673
17060001 3.23587
17070001 3.23537
17080001 3.25262
17090001 3.25054
17100001 3.23944
17110001 3.24042
17120001 3.24366
17130001 3.24128
17140001 3.23939
17150001 3.23933
17160001 3.23856
17170001 3.23787
17180001 3.23756
17190001 3.23849
17200001 3.23842
17210001 3.23877
17220001 3.25244
17230001 3.24271
17240001 3.24199
17250001 3.24105
17260001 3.24109
17270001 3.24014
17280001 3.23924
17290001 3.23871
17300001 3.25595
17310001 3.25389
17320001 3.24298
17330001 3.24591
17340001 3.2505
17350001 3.24475
17360001 3.24276
17370001 3.24286
17380001 3.24195
17390001 3.24126
17400001 3.24091
17410001 3.24237
17420001 3.24194
17430001 3.24094
17440001 3.2416
17450001 3.2471
17460001 3.24556
17470001 3.24459
17480001 3.24468
17490001 3.24386
17500001 3.2428
17510001 3.24245
17520001 3.26141
17530001 3.26338
17540001 3.24653
17550001 3.24948
17560001 3.25403
17570001 3.24839
17580001 3.24653
17590001 3.24645
17600001 3.24556
17610001 3.24494
17620001 3.2445
17630001 3.24578
17640001 3.24555
17650001 3.24453
17660001 3.24548
17670001 3.25278
17680001 3.24904
17690001 3.2482
17700001 3.24814
17710001 3.2476
17720001 3.24632
17730001 3.24612
17740001 3.26947
17750001 3.27476
17760001 3.25157
17770001 3.25332
17780001 3.26214
17790001 3.25202
17800001 3.25003
17810001 3.24995
17820001 3.24909
17830001 3.2484
17840001 3.24801
17850001 3.24964
17860001 3.24925
17870001 3.24816
17880001 3.24899
17890001 3.25609
17900001 3.25272
17910001 3.25186
17920001 3.25181
17930001 3.25127
17940001 3.2501
17950001 3.24979
17960001 3.27312
17970001 3.27837
17980001 3.25524
17990001 3.25706
18000001 3.26577
18010001 3.25568
18020001 3.25371
18030001 3.25362
18040001 3.25322
18050001 3.25218
18060001 3.25197
18070001 3.25316
18080001 3.25362
18090001 3.25203
18100001 3.25265
18110001 3.26267
18120001 3.25643
18130001 3.25544
18140001 3.25537
18150001 3.25487
18160001 3.25366
18170001 3.25353
18180001 3.25949
18190001 3.26176
18200001 3.26099
18210001 3.26319
18220001 3.27196
18230001 3.25962
18240001 3.25732
18250001 3.25722
18260001 3.25686
18270001 3.25582
18280001 3.25555
18290001 3.25703
18300001 3.25717
18310001 3.25565
18320001 3.25627
18330001 3.26586
18340001 3.26011
18350001 3.25922
18360001 3.25916
18370001 3.25892
18380001 3.25775
18390001 3.25735
18400001 3.26328
18410001 3.26944
18420001 3.26835
18430001 3.27009
18440001 3.28145
18450001 3.26393
18460001 3.26252
18470001 3.26101
18480001 3.26067
18490001 3.25964
18500001 3.25948
18510001 3.25917
18520001 3.25984
18530001 3.25982
18540001 3.2602
18550001 3.27178
18560001 3.26403
18570001 3.26288
18580001 3.26281
18590001 3.26266
18600001 3.2619
18610001 3.26103
18620001 3.26054
18630001 3.27314
18640001 3.27203
18650001 3.27371
18660001 3.28516
18670001 3.26764
18680001 3.26661
18690001 3.26472
18700001 3.26462
18710001 3.26358
18720001 3.26324
18730001 3.26288
18740001 3.26365
18750001 3.26386
18760001 3.26425
18770001 3.277
18780001 3.26816
18790001 3.26745
18800001 3.26669
18810001 3.26679
18820001 3.26577
18830001 3.26495
18840001 3.26448
18850001 3.28159
18860001 3.27956
18870001 3.26857
18880001 3.26957
18890001 3.2728
18900001 3.27047
18910001 3.26861
18920001 3.26857
18930001 3.26783
18940001 3.26717
18950001 3.26688
18960001 3.26782
18970001 3.26777
18980001 3.26815
18990001 3.28171
19000001 3.27209
19010001 3.2714
19020001 3.27048
19030001 3.27054
19040001 3.26963
19050001 3.26875
19060001 3.26825
19070001 3.28535
19080001 3.28333
19090001 3.27254
19100001 3.27546
19110001 3.28003
19120001 3.27436
19130001 3.2724
19140001 3.27253
19150001 3.27164
19160001 3.27098
19170001 3.27065
19180001 3.27212
19190001 3.27171
19200001 3.27074
19210001 3.27141
19220001 3.27689
19230001 3.27537
19240001 3.27444
19250001 3.27455
19260001 3.27375
19270001 3.27272
19280001 3.27239
19290001 3.2912
19300001 3.29317
19310001 3.2765
19320001 3.27944
19330001 3.28397
19340001 3.2784
19350001 3.27657
19360001 3.27652
19370001 3.27565
19380001 3.27506
19390001 3.27464
19400001 3.27593
19410001 3.27572
19420001 3.27471
19430001 3.27569
19440001 3.28102
19450001 3.27926
19460001 3.27828
19470001 3.2784
19480001 3.27788
19490001 3.27664
19500001 3.27645
19510001 3.29961
19520001 3.30487
19530001 3.28192
19540001 3.28367
19550001 3.29242
19560001 3.28242
19570001 3.28047
19580001 3.2804
19590001 3.27957
19600001 3.27891
19610001 3.27854
19620001 3.28017
19630001 3.2798
19640001 3.27874
19650001 3.27959
19660001 3.28664
19670001 3.28332
19680001 3.28249
19690001 3.28245
19700001 3.28193
19710001 3.28079
19720001 3.28051
19730001 3.30364
19740001 3.30886
19750001 3.28596
19760001 3.28774
19770001 3.29642
19780001 3.28645
19790001 3.28452
19800001 3.28446
19810001 3.28407
19820001 3.28306
19830001 3.28287
19840001 3.28407
19850001 3.28454
19860001 3.28299
19870001 3.28362
19880001 3.29356
19890001 3.2874
19900001 3.28644
19910001 3.28639
19920001 3.28591
19930001 3.28473
19940001 3.28461
19950001 3.29054
19960001 3.29281
19970001 3.29206
19980001 3.29426
19990001 3.30296
20000001 3.29075
20010001 3.28849
20020001 3.28841
20030001 3.28808
20040001 3.28706
20050001 3.28681
20060001 3.2883
20070001 3.28845
20080001 3.28696
20090001 3.28759
20100001 3.29712
20110001 3.29144
20120001 3.29057
20130001 3.29052
20140001 3.29031
20150001 3.28917
20160001 3.28879
20170001 3.29467
20180001 3.2969
20190001 3.29973
20200001 3.30147
20210001 3.31274
20220001 3.2954
20230001 3.29403
20240001 3.29255
20250001 3.29223
20260001 3.29123
20270001 3.29109
20280001 3.29079
20290001 3.29147
20300001 3.29147
20310001 3.29186
20320001 3.30336
20330001 3.29569
20340001 3.29457
20350001 3.29452
20360001 3.29438
20370001 3.29365
20380001 3.2928
20390001 3.29234
20400001 3.30483
20410001 3.30375
20420001 3.30543
20430001 3.31678
20440001 3.29945
20450001 3.29845
20460001 3.29659
20470001 3.29651
20480001 3.2955
20490001 3.29517
20500001 3.29483
20510001 3.29561
20520001 3.29584
20530001 3.29624
20540001 3.30889
20550001 3.30015
20560001 3.29946
20570001 3.29873
20580001 3.29884
20590001 3.29785
20600001 3.29705
20610001 3.2966
20620001 3.31356
20630001 3.31157
20640001 3.3007
20650001 3.30171
20660001 3.30492
20670001 3.30263
20680001 3.3008
20690001 3.30078
20700001 3.30007
20710001 3.29942
20720001 3.29916
20730001 3.3001
20740001 3.30007
20750001 3.30046
20760001 3.31391
20770001 3.30439
20780001 3.30373
20790001 3.30283
20800001 3.30291
20810001 3.30202
20820001 3.30117
20830001 3.30069
20840001 3.31763
20850001 3.31565
20860001 3.30498
20870001 3.30788
20880001 3.31236
20890001 3.30683
20900001 3.30491
20910001 3.30505
20920001 3.30418
20930001 3.30354
20940001 3.30323
20950001 3.3047
20960001 3.30432
20970001 3.30337
20980001 3.30405
20990001 3.30949
21000001 3.30796
21010001 3.30709
21020001 3.30722
21030001 3.30644
21040001 3.30544
21050001 3.30513
21060001 3.32377
21070001 3.32573
21080001 3.30924
21090001 3.31217
21100001 3.31666
21110001 3.31116
21120001 3.30937
21130001 3.30933
21140001 3.30849
21150001 3.30792
21160001 3.30752
21170001 3.30881
21180001 3.30862
21190001 3.30763
21200001 3.30861
21210001 3.31388
21220001 3.31218
21230001 3.31123
21240001 3.31136
21250001 3.31086
21260001 3.30965
21270001 3.30948
21280001 3.33242
21290001 3.33764
21300001 3.31493
21310001 3.31668
21320001 3.32536
21330001 3.31547
21340001 3.31356
21350001 3.3135
21360001 3.31269
21370001 3.31205
21380001 3.3117
21390001 3.31334
21400001 3.31298
21410001 3.31195
21420001 3.3128
21430001 3.31979
21440001 3.31652
21450001 3.31571
21460001 3.3157
21470001 3.31519
21480001 3.31408
21490001 3.31381
21500001 3.33672
21510001 3.34191
21520001 3.31925
21530001 3.32103
21540001 3.32964
21550001 3.31978
21560001 3.31788
21570001 3.31783
21580001 3.31747
21590001 3.31647
21600001 3.31631
21610001 3.31791
21620001 3.31799
21630001 3.31646
21640001 3.3171
21650001 3.32696
21660001 3.32088
21670001 3.31993
21680001 3.3199
21690001 3.31944
21700001 3.31828
21710001 3.31818
21720001 3.32406
21730001 3.32632
21740001 3.32559
21750001 3.32778
21760001 3.33642
21770001 3.32434
21780001 3.32212
21790001 3.32206
21800001 3.32173
21810001 3.32075
21820001 3.32051
21830001 3.322
21840001 3.32216
21850001 3.3207
21860001 3.32134
21870001 3.33078
21880001 3.32517
21890001 3.32432
21900001 3.32429
21910001 3.32409
21920001 3.32298
21930001 3.32262
21940001 3.32845
21950001 3.33067
21960001 3.33348
21970001 3.33522
21980001 3.34639
21990001 3.32924
22000001 3.32789
22010001 3.32645
22020001 3.32614
22030001 3.32516
22040001 3.32504
22050001 3.32476
22060001 3.32544
22070001 3.32546
22080001 3.32586
22090001 3.33725
22100001 3.32967
22110001 3.32858
22120001 3.32854
22130001 3.32842
22140001 3.3277
22150001 3.32688
22160001 3.32643
22170001 3.33881
22180001 3.33775
22190001 3.33943
22200001 3.35068
22210001 3.33353
22220001 3.33256
22230001 3.33073
22240001 3.33067
22250001 3.32968
22260001 3.32937
22270001 3.32904
22280001 3.32983
22290001 3.32974
22300001 3.33048
22310001 3.34301
22320001 3.33437
22330001 3.3337
22340001 3.33299
22350001 3.33311
22360001 3.33214
22370001 3.33136
22380001 3.33093
22390001 3.34773
22400001 3.34577
22410001 3.33503
22420001 3.33603
22430001 3.33923
22440001 3.33698
22450001 3.33518
22460001 3.33517
22470001 3.33447
22480001 3.33385
22490001 3.3336
22500001 3.33455
22510001 3.33453
22520001 3.33492
22530001 3.34824
22540001 3.33884
22550001 3.33819
22560001 3.33732
22570001 3.33741
22580001 3.33654
22590001 3.33571
22600001 3.33525
22610001 3.35203
22620001 3.35008
22630001 3.33953
22640001 3.34242
22650001 3.34357
22660001 3.3414
22670001 3.33951
22680001 3.33966
22690001 3.33882
22700001 3.3382
22710001 3.3379
22720001 3.33937
22730001 3.339
22740001 3.33807
22750001 3.33876
22760001 3.34415
22770001 3.34265
22780001 3.3418
22790001 3.34194
22800001 3.34119
22810001 3.3402
22820001 3.33991
22830001 3.35836
22840001 3.36032
22850001 3.34401
22860001 3.34692
22870001 3.35138
22880001 3.34595
22890001 3.34419
22900001 3.34416
22910001 3.34334
22920001 3.34278
22930001 3.3424
22940001 3.34369
22950001 3.34352
22960001 3.34255
22970001 3.34353
22980001 3.34875
22990001 3.34709
23000001 3.34615
23010001 3.3463
23020001 3.34582
23030001 3.34462
23040001 3.34447
23050001 3.36718
23060001 3.37236
23070001 3.3499
23080001 3.35164
23090001 3.36024
23100001 3.35034
23110001 3.34858
23120001 3.34854
23130001 3.34775
23140001 3.34713
23150001 3.34679
23160001 3.34842
23170001 3.34808
23180001 3.34707
23190001 3.34792
23200001 3.35486
23210001 3.35163
23220001 3.35084
23230001 3.35084
23240001 3.35035
23250001 3.34926
23260001 3.34901
23270001 3.37168
23280001 3.37683
23290001 3.35442
23300001 3.35619
23310001 3.36472
23320001 3.35497
23330001 3.35311
23340001 3.35307
23350001 3.35272
23360001 3.35175
23370001 3.35159
23380001 3.35276
23390001 3.35328
23400001 3.35178
23410001 3.35243
23420001 3.36219
23430001 3.35608
23440001 3.35526
23450001 3.35523
23460001 3.35479
23470001 3.35365
23480001 3.35357
23490001 3.3594
23500001 3.36164
23510001 3.36093
23520001 3.36311
23530001 3.37167
23540001 3.35973
23550001 3.35754
23560001 3.35749
23570001 3.35718
23580001 3.35621
23590001 3.35599
23600001 3.35747
23610001 3.35764
23620001 3.35621
23630001 3.35685
23640001 3.3662
23650001 3.36066
23660001 3.35984
23670001 3.35982
23680001 3.35963
23690001 3.35853
23700001 3.35819
23710001 3.36397
23720001 3.36618
23730001 3.36897
23740001 3.3707
23750001 3.38176
23760001 3.36427
23770001 3.36348
23780001 3.36206
23790001 3.36177
23800001 3.36081
23810001 3.3607
23820001 3.36043
23830001 3.36112
23840001 3.36114
23850001 3.36155
23860001 3.37283
23870001 3.36535
23880001 3.36428
23890001 3.36425
23900001 3.36413
23910001 3.36344
23920001 3.36263
23930001 3.3622
23940001 3.37446
23950001 3.37342
23960001 3.37509
23970001 3.38623
23980001 3.36928
23990001 3.36832
24000001 3.36653
24010001 3.36647
24020001 3.3655
24030001 3.3652
24040001 3.3649
24050001 3.36568
24060001 3.3656
24070001 3.36634
24080001 3.37875
24090001 3.36984
24100001 3.36956
24110001 3.36886
24120001 3.36875
24130001 3.36805
24140001 3.36729
24150001 3.36687
24160001 3.3835
24170001 3.38157
24180001 3.37095
24190001 3.37196
24200001 3.37513
24210001 3.37291
24220001 3.37113
24230001 3.37114
24240001 3.37046
24250001 3.36986
24260001 3.36962
24270001 3.37057
24280001 3.37056
24290001 3.37096
24300001 3.38415
24310001 3.37485
24320001 3.37422
24330001 3.37337
24340001 3.37347
24350001 3.37261
24360001 3.3718
24370001 3.37135
24380001 3.38796
24390001 3.38605
24400001 3.37552
24410001 3.37849
24420001 3.37964
24430001 3.3775
24440001 3.37564
24450001 3.3758
24460001 3.37493
24470001 3.37437
24480001 3.37408
24490001 3.37554
24500001 3.37519
24510001 3.37428
24520001 3.37497
24530001 3.38031
24540001 3.37884
24550001 3.37801
24560001 3.37816
24570001 3.37742
24580001 3.37645
24590001 3.37617
24600001 3.39444
24610001 3.39638
24620001 3.38026
24630001 3.38314
24640001 3.38756
24650001 3.3822
24660001 3.38047
24670001 3.38045
24680001 3.37965
24690001 3.37911
24700001 3.37874
24710001 3.38002
24720001 3.37986
24730001 3.37891
24740001 3.37961
24750001 3.38506
24760001 3.38343
24770001 3.38251
24780001 3.38267
24790001 3.3822
24800001 3.38103
24810001 3.38088
24820001 3.40336
24830001 3.4085
24840001 3.38628
24850001 3.38801
24860001 3.39653
24870001 3.38674
24880001 3.38502
24890001 3.38498
24900001 3.38421
24910001 3.3836
24920001 3.38328
24930001 3.3849
24940001 3.38457
24950001 3.38358
24960001 3.38443
24970001 3.3913
24980001 3.38812
24990001 3.38735
25000001 3.38735
25010001 3.38688
25020001 3.38581
25030001 3.38557
25040001 3.40801
25050001 3.41311
25060001 3.39094
25070001 3.39271
25080001 3.40115
25090001 3.39152
25100001 3.38969
25110001 3.38966
25120001 3.38932
25130001 3.38836
25140001 3.38822
25150001 3.38938
25160001 3.38988
25170001 3.38843
25180001 3.38908
25190001 3.39875
25200001 3.3927
25210001 3.39191
25220001 3.39189
25230001 3.39146
25240001 3.39034
25250001 3.39027
25260001 3.39604
25270001 3.39827
25280001 3.39758
25290001 3.39974
25300001 3.40821
25310001 3.39641
25320001 3.39425
25330001 3.39421
25340001 3.39385
25350001 3.39297
25360001 3.39275
25370001 3.39423
25380001 3.39441
25390001 3.393
25400001 3.39364
25410001 3.4029
25420001 3.39743
25430001 3.39662
25440001 3.39661
25450001 3.39643
25460001 3.39535
25470001 3.39503
25480001 3.40075
25490001 3.40293
25500001 3.40571
25510001 3.40743
25520001 3.41838
25530001 3.40109
25540001 3.40031
25550001 3.39892
25560001 3.39864
25570001 3.3977
25580001 3.39759
25590001 3.39734
25600001 3.39803
25610001 3.39806
25620001 3.39847
25630001 3.40963
25640001 3.40224
25650001 3.40119
25660001 3.40117
25670001 3.40106
25680001 3.40038
25690001 3.39959
25700001 3.39917
25710001 3.41131
25720001 3.41029
25730001 3.41195
25740001 3.42298
25750001 3.40621
25760001 3.40528
25770001 3.40351
25780001 3.40346
25790001 3.40251
25800001 3.40222
25810001 3.40193
25820001 3.40271
25830001 3.40264
25840001 3.40338
25850001 3.41566
25860001 3.40686
25870001 3.40659
25880001 3.40591
25890001 3.4058
25900001 3.40512
25910001 3.40437
25920001 3.40397
25930001 3.42043
25940001 3.41852
25950001 3.40803
25960001 3.40903
25970001 3.41218
25980001 3.40999
25990001 3.40824
26000001 3.40825
26010001 3.40759
26020001 3.407
26030001 3.40677
26040001 3.40771
26050001 3.40771
26060001 3.40812
26070001 3.42117
26080001 3.41199
26090001 3.41137
26100001 3.41053
26110001 3.41064
26120001 3.4098
26130001 3.40899
26140001 3.40857
26150001 3.42501
26160001 3.42312
26170001 3.41256
26180001 3.41565
26190001 3.4168
26200001 3.41469
26210001 3.41286
26220001 3.41302
26230001 3.41216
26240001 3.41162
26250001 3.41135
26260001 3.4128
26270001 3.41246
26280001 3.41156
26290001 3.41225
26300001 3.41755
26310001 3.4161
26320001 3.41528
26330001 3.41544
26340001 3.41471
26350001 3.41377
26360001 3.41349
26370001 3.43157
26380001 3.4335
26390001 3.41756
26400001 3.42042
26410001 3.4248
26420001 3.4195
26430001 3.4178
26440001 3.41779
26450001 3.417
26460001 3.41647
26470001 3.41611
26480001 3.41739
26490001 3.41724
26500001 3.41631
26510001 3.417
26520001 3.42241
26530001 3.4208
26540001 3.4199
26550001 3.42006
26560001 3.4196
26570001 3.41845
26580001 3.41831
26590001 3.43647
26600001 3.44564
26610001 3.42367
26620001 3.42539
26630001 3.43382
26640001 3.42415
26650001 3.42245
26660001 3.42242
26670001 3.42167
26680001 3.42107
26690001 3.42076
26700001 3.42237
26710001 3.42205
26720001 3.42108
26730001 3.42193
26740001 3.42873
26750001 3.42559
26760001 3.42483
26770001 3.42484
26780001 3.42438
26790001 3.42333
26800001 3.4231
26810001 3.4453
26820001 3.45035
26830001 3.42844
26840001 3.43018
26850001 3.43855
26860001 3.42903
26870001 3.42722
26880001 3.4272
26890001 3.42687
26900001 3.42593
26910001 3.4258
26920001 3.42695
26930001 3.42687
26940001 3.42603
26950001 3.42667
26960001 3.43624
26970001 3.43027
26980001 3.42949
26990001 3.42948
27000001 3.42906
27010001 3.42797
27020001 3.4279
27030001 3.43361
27040001 3.43582
27050001 3.43515
27060001 3.43729
27070001 3.44568
27080001 3.43401
27090001 3.43188
27100001 3.43185
27110001 3.4315
27120001 3.43063
27130001 3.43042
27140001 3.43189
27150001 3.43207
27160001 3.43069
27170001 3.43133
27180001 3.44049
27190001 3.43509
27200001 3.43429
27210001 3.43429
27220001 3.43412
27230001 3.43306
27240001 3.4327
27250001 3.43841
27260001 3.44058
27270001 3.44332
27280001 3.44504
27290001 3.45588
27300001 3.43879
27310001 3.43802
27320001 3.43665
27330001 3.43638
27340001 3.43545
27350001 3.43535
27360001 3.43511
27370001 3.4358
27380001 3.43584
27390001 3.43625
27400001 3.4473
27410001 3.43999
27420001 3.43895
27430001 3.43894
27440001 3.43885
27450001 3.43818
27460001 3.4374
27470001 3.43699
27480001 3.449
27490001 3.448
27500001 3.44965
27510001 3.46056
27520001 3.44399
27530001 3.44307
27540001 3.44133
27550001 3.44129
27560001 3.44035
27570001 3.44
27580001 3.43979
27590001 3.44057
27600001 3.44051
27610001 3.44124
27620001 3.45339
27630001 3.44469
27640001 3.44443
27650001 3.44377
27660001 3.44367
27670001 3.44299
27680001 3.44227
27690001 3.44188
27700001 3.45816
27710001 3.45628
27720001 3.4459
27730001 3.4469
27740001 3.45002
27750001 3.44786
27760001 3.44613
27770001 3.44616
27780001 3.44551
27790001 3.44493
27800001 3.44471
27810001 3.44565
27820001 3.44565
27830001 3.44606
27840001 3.45897
27850001 3.4499
27860001 3.44929
27870001 3.44847
27880001 3.44858
27890001 3.44776
27900001 3.44695
27910001 3.44655
27920001 3.46281
27930001 3.46096
27940001 3.45051
27950001 3.45176
27960001 3.45472
27970001 3.45264
27980001 3.45084
27990001 3.451
28000001 3.45016
28010001 3.44963
28020001 3.44937
28030001 3.45081
28040001 3.45048
28050001 3.4496
28060001 3.45029
28070001 3.45553
28080001 3.4541
28090001 3.4533
28100001 3.45346
28110001 3.45274
28120001 3.45182
28130001 3.45155
28140001 3.46944
28150001 3.47135
28160001 3.45559
28170001 3.45842
28180001 3.46276
28190001 3.45753
28200001 3.45585
28210001 3.45584
28220001 3.45507
28230001 3.45451
28240001 3.4542
28250001 3.45548
28260001 3.45533
28270001 3.45442
28280001 3.45511
28290001 3.46046
28300001 3.45887
28310001 3.45798
28320001 3.45815
28330001 3.4577
28340001 3.45657
28350001 3.45644
28360001 3.47411
28370001 3.48348
28380001 3.46176
28390001 3.46346
28400001 3.47181
28410001 3.46224
28420001 3.46057
28430001 3.46055
28440001 3.45981
28450001 3.45923
28460001 3.45892
28470001 3.46052
28480001 3.46021
28490001 3.45926
28500001 3.4601
28510001 3.46683
28520001 3.46373
28530001 3.46299
28540001 3.463
28550001 3.46255
28560001 3.46151
28570001 3.46129
28580001 3.48326
28590001 3.48826
28600001 3.46659
28610001 3.46832
28620001 3.4766
28630001 3.46719
28640001 3.46541
28650001 3.46539
28660001 3.46507
28670001 3.46415
28680001 3.46391
28690001 3.46517
28700001 3.46509
28710001 3.46427
28720001 3.46491
28730001 3.47438
28740001 3.46849
28750001 3.46771
28760001 3.46771
28770001 3.4673
28780001 3.46622
28790001 3.46616
28800001 3.47182
28810001 3.47401
28820001 3.47334
28830001 3.47547
28840001 3.48377
28850001 3.47223
28860001 3.47014
28870001 3.47011
28880001 3.46976
28890001 3.46891
28900001 3.46871
28910001 3.47017
28920001 3.47036
28930001 3.46899
28940001 3.46963
28950001 3.4787
28960001 3.47336
28970001 3.47258
28980001 3.47258
28990001 3.47242
29000001 3.47138
29010001 3.47102
29020001 3.47668
29030001 3.47882
29040001 3.47819
29050001 3.48324
29060001 3.49397
29070001 3.47707
29080001 3.47632
29090001 3.47496
29100001 3.4747
29110001 3.47379
29120001 3.4737
29130001 3.47346
29140001 3.47415
29150001 3.47419
29160001 3.47461
29170001 3.48554
29180001 3.47831
29190001 3.4773
29200001 3.47729
29210001 3.4772
29220001 3.47654
29230001 3.47578
29240001 3.47538
29250001 3.48726
29260001 3.48628
29270001 3.48791
29280001 3.49871
29290001 3.48232
29300001 3.48142
29310001 3.4797
29320001 3.47967
29330001 3.47874
29340001 3.4784
29350001 3.4782
29360001 3.47898
29370001 3.47892
29380001 3.47965
29390001 3.49168
29400001 3.48308
29410001 3.48282
29420001 3.48217
29430001 3.48207
29440001 3.48141
29450001 3.4807
29460001 3.48032
29470001 3.49643
29480001 3.49457
29490001 3.48431
29500001 3.4853
29510001 3.48839
29520001 3.48627
29530001 3.48456
29540001 3.48459
29550001 3.48395
29560001 3.48338
29570001 3.48317
29580001 3.48411
29590001 3.48412
29600001 3.48452
29610001 3.4973
29620001 3.48833
29630001 3.48773
29640001 3.48693
29650001 3.48704
29660001 3.48623
29670001 3.48543
29680001 3.48505
29690001 3.50113
29700001 3.4993
29710001 3.48898
29720001 3.49003
29730001 3.49315
29740001 3.49109
29750001 3.48932
29760001 3.48949
29770001 3.48866
29780001 3.48814
29790001 3.48788
29800001 3.48931
29810001 3.48899
29820001 3.48812
29830001 3.48881
29840001 3.49399
29850001 3.49259
29860001 3.4918
29870001 3.49196
29880001 3.49126
29890001 3.49035
29900001 3.49009
29910001 3.50778
29920001 3.50968
29930001 3.49409
29940001 3.4969
29950001 3.5012
29960001 3.49603
29970001 3.49437
29980001 3.49436
29990001 3.49361
