1 2195.56
10001 203.894
20001 102.773
30001 61.8233
40001 38.7594
50001 25.6357
60001 17.1674
70001 12.0245
80001 9.84287
90001 6.62382
100001 5.37697
110001 4.46975
120001 4.08002
130001 17.6588
140001 3.87678
150001 6.10128
160001 3.63804
170001 3.50409
180001 3.43191
190001 8.8026
200001 3.43009
210001 3.48086
220001 3.23892
230001 3.21583
240001 11.2408
250001 3.37292
260001 5.86903
270001 3.26449
280001 3.15453
290001 3.12515
300001 8.66453
310001 3.28317
320001 3.59737
330001 3.2686
340001 3.23281
350001 3.25956
360001 3.49704
370001 13.3684
380001 3.27718
390001 3.08815
400001 3.03836
410001 3.23468
420001 3.32073
430001 3.42315
440001 3.0369
450001 3.04109
460001 3.05219
470001 3.29672
480001 3.04414
490001 3.1259
500001 2.88912
510001 2.92061
520001 3.12833
530001 4.69936
540001 3.0611
550001 2.8723
560001 2.84457
570001 2.84359
580001 3.25224
590001 2.85289
600001 2.91
610001 2.72629
620001 2.79117
630001 3.01207
640001 4.64776
650001 2.99019
660001 2.8232
670001 2.73522
680001 2.82291
690001 4.77609
700001 2.9403
710001 2.90222
720001 2.69078
730001 2.72657
740001 3.53039
750001 2.80399
760001 3.56873
770001 3.00386
780001 2.98342
790001 3.03942
800001 4.80361
810001 3.12367
820001 3.01542
830001 2.86146
840001 2.77929
850001 3.68525
860001 2.86801
870001 3.60033
880001 2.87464
890001 2.82245
900001 2.83516
910001 13.0101
920001 3.02177
930001 2.93063
940001 2.76657
950001 2.76561
960001 4.63191
970001 2.78442
980001 3.34527
990001 2.70925
1000001 2.67132
1010001 2.65438
1020001 12.9791
1030001 4.00056
1040001 2.79833
1050001 2.6373
1060001 2.65891
1070001 7.37844
1080001 2.74303
1090001 4.25569
1100001 2.66201
1110001 2.64446
1120001 2.61962
1130001 2.90996
1140001 3.9896
1150001 2.73909
1160001 2.60256
1170001 2.67493
1180001 7.3633
1190001 2.73226
1200001 6.17851
1210001 2.97573
1220001 2.88903
1230001 2.86756
1240001 3.35857
1250001 8.90978
1260001 2.96259
1270001 2.788
1280001 2.73474
1290001 2.68152
1300001 2.76252
1310001 7.1465
1320001 3.0706
1330001 2.72109
1340001 2.73046
1350001 3.25168
1360001 9.69052
1370001 2.87206
1380001 2.73633
1390001 2.68563
1400001 2.69928
1410001 2.80014
1420001 14.0566
1430001 2.80904
1440001 2.58274
1450001 2.62117
1460001 5.21432
1470001 5.05406
1480001 2.91356
1490001 2.60609
1500001 2.587
1510001 2.64679
1520001 2.72909
1530001 14.0453
1540001 2.71304
1550001 2.53388
1560001 2.57959
1570001 7.25392
1580001 2.83288
1590001 2.99154
1600001 2.58135
1610001 2.54994
1620001 2.54998
1630001 3.05933
1640001 2.59023
1650001 3.1402
1660001 2.83077
1670001 2.83575
1680001 7.53998
1690001 3.06682
1700001 3.17112
1710001 2.78377
1720001 2.7427
1730001 2.68619
1740001 5.30886
1750001 2.89947
1760001 2.98292
1770001 2.71255
1780001 2.72457
1790001 17.4892
1800001 2.94085
1810001 3.79508
1820001 2.76744
1830001 2.67722
1840001 2.70536
1850001 5.25228
1860001 2.71807
1870001 2.75858
1880001 2.55263
1890001 2.55771
1900001 17.4665
1910001 2.80583
1920001 5.59678
1930001 2.71968
1940001 2.64023
1950001 2.5459
1960001 8.48613
1970001 2.63104
1980001 2.72761
1990001 2.52414
2000001 2.50822
2010001 11.0561
2020001 2.73721
2030001 5.58099
2040001 2.66174
2050001 2.59511
2060001 2.52024
2070001 8.49191
2080001 2.78281
2090001 3.13623
2100001 2.80519
2110001 2.78288
2120001 2.82855
2130001 3.07706
2140001 13.3164
2150001 2.8754
2160001 2.70057
2170001 2.67258
2180001 2.85753
2190001 2.95505
2200001 3.06285
2210001 2.67727
2220001 2.69778
2230001 2.6985
2240001 2.9633
2250001 2.72401
2260001 2.81854
2270001 2.5768
2280001 2.63042
2290001 2.85562
2300001 4.54031
2310001 2.7704
2320001 2.59077
2330001 2.55637
2340001 2.55552
2350001 3.007
2360001 2.57993
2370001 2.66325
2380001 2.46312
2390001 2.53899
2400001 2.78565
2410001 4.51788
2420001 2.77038
2430001 2.59317
2440001 2.50819
2450001 2.55654
2460001 4.65457
2470001 2.73889
2480001 2.65724
2490001 2.4674
2500001 2.51766
2510001 3.36316
2520001 2.56691
2530001 3.41039
2540001 2.80456
2550001 2.79436
2560001 2.86198
2570001 4.69143
2580001 2.96042
2590001 2.82984
2600001 2.67955
2610001 2.59691
2620001 3.54223
2630001 2.6931
2640001 3.45765
2650001 2.7173
2660001 2.66126
2670001 2.66779
2680001 13.0001
2690001 2.87888
2700001 2.77082
2710001 2.61858
2720001 2.59243
2730001 4.51953
2740001 2.61676
2750001 3.19435
2760001 2.55205
2770001 2.51287
2780001 2.51111
2790001 12.9784
2800001 3.92021
2810001 2.65543
2820001 2.49307
2830001 2.52285
2840001 7.31921
2850001 2.59276
2860001 4.15303
2870001 2.51877
2880001 2.51236
2890001 2.49465
2900001 2.78292
2910001 3.91658
2920001 2.62412
2930001 2.46891
2940001 2.57167
2950001 7.30754
2960001 2.59841
2970001 6.11389
2980001 2.85781
2990001 2.78436
3000001 2.75787
3010001 3.26655
3020001 8.90188
3030001 2.84281
3040001 2.66829
3050001 2.63405
3060001 2.58301
3070001 2.66356
3080001 7.10699
3090001 2.95826
3100001 2.61101
3110001 2.62242
3120001 3.16539
3130001 8.89934
3140001 2.78128
3150001 2.62272
3160001 2.59402
3170001 2.61253
3180001 2.71054
3190001 14.0566
3200001 2.70175
3210001 2.48587
3220001 2.52675
3230001 5.17581
3240001 4.9768
3250001 2.83565
3260001 2.50065
3270001 2.49249
3280001 2.55745
3290001 2.64625
3300001 14.0598
3310001 2.63106
3320001 2.46605
3330001 2.49613
3340001 5.16651
3350001 2.74491
3360001 2.92366
3370001 2.47426
3380001 2.46607
3390001 2.47346
3400001 2.98593
3410001 2.49877
3420001 3.06978
3430001 2.75939
3440001 2.77842
3450001 7.53795
3460001 2.99255
3470001 3.10511
3480001 2.69876
3490001 2.64049
3500001 2.5745
3510001 3.02564
3520001 2.83265
3530001 2.91134
3540001 2.63701
3550001 2.66974
3560001 17.4908
3570001 2.86948
3580001 3.74711
3590001 2.7038
3600001 2.61276
3610001 2.62393
3620001 5.22775
3630001 2.65325
3640001 2.67738
3650001 2.4845
3660001 2.48661
3670001 17.467
3680001 2.76138
3690001 5.5901
3700001 2.66916
3710001 2.58802
3720001 2.47784
3730001 8.47112
3740001 2.56482
3750001 2.67129
3760001 2.45687
3770001 2.45272
3780001 11.0344
3790001 2.67857
3800001 5.56942
3810001 2.59705
3820001 2.53929
3830001 2.47388
3840001 8.48317
3850001 2.71435
3860001 3.08711
3870001 2.75213
3880001 2.72698
3890001 2.79132
3900001 3.01299
3910001 13.323
3920001 2.82992
3930001 2.65476
3940001 2.66824
3950001 2.79996
3960001 2.90075
3970001 3.01006
3980001 2.62706
3990001 2.64584
4000001 2.65144
4010001 2.91282
4020001 13.2698
4030001 2.77467
4040001 2.53226
4050001 2.60116
4060001 2.80565
4070001 4.51701
4080001 2.72463
4090001 2.5353
4100001 2.51104
4110001 2.51783
4120001 2.96947
4130001 2.55041
4140001 2.61931
4150001 2.40881
4160001 2.49182
4170001 2.74188
4180001 4.50262
4190001 2.72377
4200001 2.53846
4210001 2.46893
4220001 2.45479
4230001 4.63395
4240001 2.70997
4250001 2.58812
4260001 2.41372
4270001 2.47115
4280001 3.33327
4290001 2.52022
4300001 3.37487
4310001 2.7652
4320001 2.74716
4330001 2.82136
4340001 4.66942
4350001 2.93407
4360001 2.78685
4370001 2.64976
4380001 2.55588
4390001 3.50333
4400001 2.65587
4410001 3.43005
4420001 2.68637
4430001 2.62724
4440001 2.62958
4450001 12.9985
4460001 2.84598
4470001 2.72594
4480001 2.58711
4490001 2.55323
4500001 4.49123
4510001 2.57344
4520001 3.15673
4530001 2.51353
4540001 2.47171
4550001 2.4746
4560001 12.9824
4570001 3.90441
4580001 2.61004
4590001 2.45206
4600001 2.50448
4610001 7.30327
4620001 2.55454
4630001 4.12441
4640001 2.48064
4650001 2.47567
4660001 2.46543
4670001 2.74678
4680001 3.89591
4690001 2.57295
4700001 2.43033
4710001 2.54466
4720001 7.29136
4730001 2.54908
4740001 4.73064
4750001 2.8215
4760001 2.7555
4770001 2.72636
4780001 3.24542
4790001 8.90132
4800001 2.80384
4810001 2.62751
4820001 2.61544
4830001 2.5464
4840001 2.62848
4850001 7.09497
4860001 2.90506
4870001 2.57848
4880001 2.58752
4890001 3.14043
4900001 8.87353
4910001 2.75728
4920001 2.58405
4930001 2.56545
4940001 2.55437
4950001 2.68533
4960001 14.058
4970001 2.66981
4980001 2.45276
4990001 2.49092
5000001 5.16236
5010001 4.94697
5020001 2.79133
5030001 2.46682
5040001 2.46124
5050001 2.52625
5060001 2.61323
5070001 14.0634
5080001 2.60771
5090001 2.42475
5100001 2.4636
5110001 5.15535
5120001 2.71326
5130001 2.90251
5140001 2.43981
5150001 2.43843
5160001 2.4475
5170001 2.95901
5180001 2.46722
5190001 3.04688
5200001 2.7318
5210001 2.75912
5220001 7.54209
5230001 2.9665
5240001 3.07732
5250001 2.6702
5260001 2.61496
5270001 2.52687
5280001 3.00637
5290001 2.81638
5300001 2.88933
5310001 2.60944
5320001 2.63676
5330001 17.4904
5340001 2.83944
5350001 3.73572
5360001 2.67046
5370001 2.59903
5380001 2.59292
5390001 5.2224
5400001 2.6309
5410001 2.64284
5420001 2.45937
5430001 2.46771
5440001 17.4693
5450001 2.72081
5460001 5.61552
5470001 2.65001
5480001 2.56957
5490001 2.45253
5500001 8.46714
5510001 2.54242
5520001 2.63367
5530001 2.43398
5540001 2.43047
5550001 11.0255
5560001 2.65699
5570001 5.56838
5580001 2.57425
5590001 2.51727
5600001 2.4558
5610001 8.48248
5620001 2.54691
5630001 3.07117
5640001 2.73039
5650001 2.70843
5660001 2.75774
5670001 2.98893
5680001 13.3292
5690001 2.81199
5700001 2.71444
5710001 2.67469
5720001 2.78659
5730001 2.87824
5740001 2.99807
5750001 2.60742
5760001 2.62723
5770001 2.63406
5780001 2.88965
5790001 13.2749
5800001 2.75615
5810001 2.51488
5820001 2.60145
5830001 2.61623
5840001 4.5083
5850001 2.70661
5860001 2.49491
5870001 2.48443
5880001 2.50605
5890001 2.95115
5900001 2.54402
5910001 2.59686
5920001 2.38629
5930001 2.47831
5940001 2.72277
5950001 4.49668
5960001 2.70181
5970001 2.50882
5980001 2.45977
5990001 2.43646
6000001 2.92158
6010001 2.69929
6020001 2.56152
6030001 2.39277
6040001 2.45445
6050001 3.32003
6060001 2.50068
6070001 3.35894
6080001 2.74273
6090001 2.72763
6100001 2.80571
6110001 4.66027
6120001 2.92765
6130001 2.76587
6140001 2.62055
6150001 2.53095
6160001 3.48637
6170001 2.63897
6180001 3.40047
6190001 2.68346
6200001 2.61624
6210001 2.61174
6220001 12.9998
6230001 2.83113
6240001 2.70442
6250001 2.55862
6260001 2.53481
6270001 4.47974
6280001 2.55598
6290001 3.13244
6300001 2.49814
6310001 2.46748
6320001 2.45725
6330001 12.9867
6340001 3.91004
6350001 2.58424
6360001 2.42591
6370001 2.48982
6380001 7.29767
6390001 2.53725
6400001 4.10874
6410001 2.46229
6420001 2.46404
6430001 2.44033
6440001 2.73482
6450001 3.8877
6460001 2.54912
6470001 2.41211
6480001 2.52629
6490001 7.28526
6500001 2.52854
6510001 4.73008
6520001 2.80364
6530001 2.74104
6540001 2.70963
6550001 3.23598
6560001 8.90009
6570001 2.78685
6580001 2.61186
6590001 2.60793
6600001 2.52334
6610001 2.60876
6620001 7.08846
6630001 2.74005
6640001 2.56242
6650001 2.57013
6660001 3.12863
6670001 8.8748
6680001 2.73876
6690001 2.56514
6700001 2.55767
6710001 2.54666
6720001 2.66666
6730001 14.0589
6740001 2.64738
6750001 2.4315
6760001 2.47322
6770001 5.15569
6780001 4.92554
6790001 2.77976
6800001 2.44919
6810001 2.44321
6820001 2.51058
6830001 2.59757
6840001 14.0627
6850001 2.59243
6860001 2.41
6870001 2.44826
6880001 5.15088
6890001 2.69651
6900001 2.8905
6910001 2.42369
6920001 2.42677
6930001 2.43196
6940001 2.94418
6950001 2.45005
6960001 3.03688
6970001 2.71973
6980001 2.74565
6990001 7.54594
7000001 2.95053
7010001 3.06045
7020001 2.65669
7030001 2.6025
7040001 2.49951
7050001 2.99058
7060001 2.79119
7070001 2.87682
7080001 2.58705
7090001 2.62403
7100001 17.5029
7110001 2.82882
7120001 3.72645
7130001 2.66259
7140001 2.58284
7150001 2.58303
7160001 5.22423
7170001 2.62237
7180001 2.62599
7190001 2.44625
7200001 2.45256
7210001 17.4718
7220001 2.71355
7230001 3.64466
7240001 2.63648
7250001 2.56229
7260001 2.43953
7270001 8.46427
7280001 2.5315
7290001 2.61751
7300001 2.42112
7310001 2.41669
7320001 11.0213
7330001 2.64583
7340001 5.56892
7350001 2.57191
7360001 2.50548
7370001 2.44163
7380001 8.47964
7390001 2.53385
7400001 3.06307
7410001 2.71887
7420001 2.69978
7430001 11.0684
7440001 2.96791
7450001 13.3332
7460001 2.80234
7470001 2.70297
7480001 2.65149
7490001 2.77504
7500001 2.86609
7510001 2.98617
7520001 2.60012
7530001 2.61446
7540001 2.62191
7550001 2.87843
7560001 13.2819
7570001 2.74702
7580001 2.50662
7590001 2.60172
7600001 2.60535
7610001 4.50292
7620001 2.6965
7630001 2.47717
7640001 2.47188
7650001 2.49563
7660001 2.93571
7670001 2.54411
7680001 2.63232
7690001 2.37614
7700001 2.47308
7710001 2.70854
7720001 4.49125
7730001 2.69888
7740001 2.49769
7750001 2.45042
7760001 2.42706
7770001 2.90756
7780001 2.70427
7790001 2.54749
7800001 2.3842
7810001 2.44267
7820001 3.30419
7830001 2.49048
7840001 3.35129
7850001 2.72339
7860001 2.71709
7870001 2.80819
7880001 4.6525
7890001 2.92564
7900001 2.75397
7910001 2.60459
7920001 2.51807
7930001 3.47575
7940001 2.63232
7950001 3.3434
7960001 2.62141
7970001 2.61601
7980001 2.60034
7990001 12.9986
8000001 2.82305
8010001 2.68788
8020001 2.54007
8030001 2.52781
8040001 4.47281
8050001 2.54334
8060001 3.12804
8070001 2.49083
8080001 2.4551
8090001 2.44528
8100001 12.9885
8110001 2.7087
8120001 2.57356
8130001 2.41429
8140001 2.47474
8150001 7.30937
8160001 2.5272
8170001 4.09488
8180001 2.45101
8190001 2.45664
8200001 2.43164
8210001 2.72725
8220001 3.88488
8230001 2.53614
8240001 2.40623
8250001 2.51671
8260001 7.2821
8270001 2.52243
8280001 4.72086
8290001 2.78926
8300001 2.73618
8310001 2.69935
8320001 3.27234
8330001 8.89866
8340001 2.7714
8350001 2.60176
8360001 2.59816
8370001 2.51022
8380001 2.59648
8390001 7.08434
8400001 2.72914
8410001 2.55266
8420001 2.56025
8430001 3.12156
8440001 8.87609
8450001 2.7301
8460001 2.54594
8470001 2.55107
8480001 2.53277
8490001 2.65464
8500001 14.0588
8510001 2.63957
8520001 2.42011
8530001 2.46234
8540001 5.15171
8550001 4.90972
8560001 2.77484
8570001 2.43855
8580001 2.43438
8590001 2.50209
8600001 2.58707
8610001 14.0631
8620001 2.58117
8630001 2.40226
8640001 2.44129
8650001 5.14903
8660001 2.68632
8670001 2.7303
8680001 2.41303
8690001 2.42139
8700001 2.42294
8710001 2.93457
8720001 2.43967
8730001 3.03848
8740001 2.71135
8750001 2.72502
8760001 7.55088
8770001 2.94092
8780001 3.04123
8790001 2.6454
8800001 2.6077
8810001 2.4828
8820001 2.97941
8830001 2.79376
8840001 2.8694
8850001 2.57668
8860001 2.62836
8870001 17.525
8880001 2.82043
8890001 3.72109
8900001 2.65232
8910001 2.60739
8920001 2.57454
8930001 5.21971
8940001 2.61262
8950001 2.61897
8960001 2.43774
8970001 2.43925
8980001 17.4744
8990001 2.70815
9000001 3.64197
9010001 2.62771
9020001 2.55873
9030001 2.43031
9040001 8.46268
9050001 2.52398
9060001 2.60792
9070001 2.41133
9080001 2.40835
9090001 11.0185
9100001 2.6387
9110001 5.56932
9120001 2.58175
9130001 2.49848
9140001 2.44186
9150001 8.47635
9160001 2.52676
9170001 3.05667
9180001 2.71024
9190001 2.69569
9200001 11.0776
9210001 2.93652
9220001 13.3369
9230001 2.7957
9240001 2.69441
9250001 2.63831
9260001 2.76813
9270001 2.85938
9280001 2.9793
9290001 2.59406
9300001 2.60465
9310001 2.60592
9320001 2.86478
9330001 13.2837
9340001 2.73639
9350001 2.50292
9360001 2.60107
9370001 2.57153
9380001 4.49937
9390001 2.67162
9400001 2.46956
9410001 2.46687
9420001 2.48868
9430001 2.9257
9440001 2.53752
9450001 2.62588
9460001 2.36801
9470001 2.4664
9480001 2.69868
9490001 4.48789
9500001 2.69531
9510001 2.49276
9520001 2.43849
9530001 2.4192
9540001 2.89815
9550001 2.75903
9560001 2.54013
9570001 2.38266
9580001 2.43266
9590001 3.29715
9600001 2.48505
9610001 3.33401
9620001 2.70552
9630001 2.70437
9640001 2.79121
9650001 4.64644
9660001 2.91894
9670001 2.74769
9680001 2.59412
9690001 2.50934
9700001 3.46842
9710001 2.61189
9720001 3.00057
9730001 2.6048
9740001 2.6092
9750001 2.59041
9760001 12.9953
9770001 2.81679
9780001 2.65517
9790001 2.52468
9800001 2.51603
9810001 4.4676
9820001 2.53333
9830001 3.11367
9840001 2.48137
9850001 2.44813
9860001 2.43855
9870001 12.9895
9880001 2.70194
9890001 2.56453
9900001 2.40373
9910001 2.47306
9920001 4.39447
9930001 2.52131
9940001 4.09289
9950001 2.44309
9960001 2.45304
9970001 2.42311
9980001 2.72435
9990001 3.88291
10000001 2.52737
10010001 2.3999
10020001 2.51156
10030001 7.27988
10040001 2.51528
10050001 4.71813
10060001 2.77737
10070001 2.73111
10080001 2.68538
10090001 3.27128
10100001 8.89855
10110001 2.75506
10120001 2.59834
10130001 2.59019
10140001 2.5013
10150001 2.58812
10160001 7.08129
10170001 2.72318
10180001 2.5469
10190001 2.55338
10200001 3.11709
10210001 8.87737
10220001 2.71615
10230001 2.54001
10240001 2.5478
10250001 2.52369
10260001 2.47842
10270001 14.0587
10280001 2.62506
10290001 2.41961
10300001 2.45483
10310001 5.15025
10320001 4.90129
10330001 2.76489
10340001 2.41524
10350001 2.42736
10360001 2.49639
10370001 2.57974
10380001 14.0647
10390001 2.57219
10400001 2.40057
10410001 2.46032
10420001 5.14799
10430001 4.87106
10440001 2.74259
10450001 2.40684
10460001 2.43011
10470001 2.41744
10480001 2.92716
10490001 2.43113
10500001 3.03852
10510001 2.70548
10520001 2.72169
10530001 7.55108
10540001 2.9366
10550001 3.03804
10560001 2.63823
10570001 2.59644
10580001 2.47375
10590001 2.97308
10600001 2.65012
10610001 2.86212
10620001 2.56986
10630001 2.62723
10640001 17.5361
10650001 2.81735
10660001 3.71929
10670001 2.64193
10680001 2.61699
10690001 2.56801
10700001 5.21382
10710001 2.61073
10720001 2.59701
10730001 2.43822
10740001 2.43137
10750001 17.4754
10760001 2.6979
10770001 3.6357
10780001 2.62098
10790001 2.55178
10800001 2.42311
10810001 8.45541
10820001 2.51781
10830001 2.5972
10840001 2.4103
10850001 2.39968
10860001 11.0168
10870001 2.63399
10880001 5.57
10890001 2.58077
10900001 2.53259
10910001 2.4397
10920001 8.47142
10930001 2.51706
10940001 3.05482
10950001 2.70032
10960001 2.69422
10970001 11.0712
10980001 2.93729
10990001 13.3378
11000001 2.7913
11010001 2.68895
11020001 2.61104
11030001 2.76012
11040001 2.8541
11050001 2.97454
11060001 2.58155
11070001 2.5977
11080001 2.58985
11090001 2.85808
11100001 13.287
11110001 2.72481
11120001 2.50403
11130001 2.61541
11140001 2.56389
11150001 4.49676
11160001 2.67588
11170001 2.46312
11180001 2.47289
11190001 2.48274
11200001 2.92121
11210001 2.53645
11220001 2.62091
11230001 2.36441
11240001 2.46591
11250001 2.68866
11260001 4.48563
11270001 2.68528
11280001 2.50855
11290001 2.42333
11300001 2.41595
11310001 2.89111
11320001 2.73491
11330001 2.53643
11340001 2.37413
11350001 2.43189
11360001 3.29163
11370001 2.4794
11380001 3.32447
11390001 2.69732
11400001 2.70302
11410001 2.7784
11420001 4.64682
11430001 2.91332
11440001 2.73981
11450001 2.58744
11460001 2.51735
11470001 3.466
11480001 2.60359
11490001 3.00636
11500001 2.60071
11510001 2.60304
11520001 2.58342
11530001 12.9935
11540001 2.81326
11550001 2.66659
11560001 2.51395
11570001 2.50965
11580001 4.46562
11590001 2.52747
11600001 3.10022
11610001 2.47482
11620001 2.44802
11630001 2.43057
11640001 12.9896
11650001 2.70006
11660001 2.55836
11670001 2.39944
11680001 2.45204
11690001 4.41768
11700001 2.51304
11710001 4.08308
11720001 2.43705
11730001 2.43789
11740001 2.41229
11750001 2.7225
11760001 3.88139
11770001 2.51933
11780001 2.38997
11790001 2.50941
11800001 7.28099
11810001 2.50796
11820001 4.70967
11830001 2.76198
11840001 2.73284
11850001 2.69641
11860001 3.26688
11870001 8.89665
11880001 2.75283
11890001 2.59737
11900001 2.58418
11910001 2.49456
11920001 2.58004
11930001 7.07858
11940001 2.71712
11950001 2.54372
11960001 2.54807
11970001 3.11492
11980001 8.87811
11990001 2.71657
12000001 2.53981
12010001 2.54109
12020001 2.51727
12030001 2.47311
12040001 14.0584
12050001 2.61794
12060001 2.41622
12070001 2.45073
12080001 5.14673
12090001 4.89523
12100001 2.77199
12110001 2.41757
12120001 2.4285
12130001 2.49198
12140001 2.57492
12150001 14.0645
12160001 2.56774
12170001 2.39412
12180001 2.46508
12190001 5.14729
12200001 3.51156
12210001 2.738
12220001 2.39594
12230001 2.43112
12240001 2.41389
12250001 2.9243
12260001 2.42691
12270001 3.0319
12280001 2.70585
12290001 2.72897
12300001 7.54998
12310001 2.93495
12320001 3.04814
12330001 2.63212
12340001 2.59982
12350001 2.46694
12360001 2.969
12370001 2.63924
12380001 2.85898
12390001 2.56385
12400001 2.62809
12410001 7.51488
12420001 2.81352
12430001 3.71789
12440001 2.63627
12450001 2.60136
12460001 2.55775
12470001 5.2067
12480001 2.60032
12490001 2.58806
12500001 2.44895
12510001 2.43715
12520001 17.4763
12530001 2.69571
12540001 3.63382
12550001 2.57905
12560001 2.55217
12570001 2.49913
12580001 5.15074
12590001 2.51269
12600001 2.59123
12610001 2.40556
12620001 2.39701
12630001 11.0157
12640001 2.6304
12650001 5.57207
12660001 2.58234
12670001 2.53389
12680001 2.44015
12690001 8.46731
12700001 2.51231
12710001 3.0493
12720001 2.69694
12730001 2.69079
12740001 11.0769
12750001 2.87819
12760001 13.3303
12770001 2.78846
12780001 2.69208
12790001 2.59414
12800001 2.75592
12810001 2.84788
12820001 2.98035
12830001 2.58382
12840001 2.59135
12850001 2.58011
12860001 2.85497
12870001 13.2876
12880001 2.72161
12890001 2.49877
12900001 2.61508
12910001 2.55999
12920001 4.49985
12930001 2.68859
12940001 2.45957
12950001 2.46404
12960001 2.47784
12970001 2.91372
12980001 2.53043
12990001 2.61785
13000001 2.35591
13010001 2.45968
13020001 2.68802
13030001 4.4837
13040001 2.67782
13050001 2.51172
13060001 2.41599
13070001 2.40752
13080001 2.88831
13090001 2.53745
13100001 2.53323
13110001 2.36729
13120001 2.42879
13130001 3.28505
13140001 2.47594
13150001 3.318
13160001 2.69648
13170001 2.69525
13180001 2.77185
13190001 4.64386
13200001 2.90641
13210001 2.73747
13220001 2.58319
13230001 2.5288
13240001 3.46001
13250001 2.60671
13260001 2.99555
13270001 2.59515
13280001 2.57654
13290001 2.59974
13300001 13.0436
13310001 2.81037
13320001 2.65948
13330001 2.50764
13340001 2.51854
13350001 4.46335
13360001 2.52332
13370001 3.09787
13380001 2.47164
13390001 2.43645
13400001 2.42403
13410001 12.9884
13420001 2.69266
13430001 2.55115
13440001 2.39755
13450001 2.437
13460001 4.41468
13470001 2.50883
13480001 4.0805
13490001 2.43311
13500001 2.43466
13510001 2.4074
13520001 2.71774
13530001 3.87833
13540001 2.5139
13550001 2.39249
13560001 2.50763
13570001 7.28049
13580001 2.50423
13590001 4.70334
13600001 2.75581
13610001 2.72978
13620001 2.7075
13630001 3.26377
13640001 8.89309
13650001 2.74787
13660001 2.59488
13670001 2.57672
13680001 2.48865
13690001 2.57345
13700001 7.07675
13710001 2.71306
13720001 2.53957
13730001 2.54329
13740001 3.1121
13750001 8.87877
13760001 2.70217
13770001 2.53586
13780001 2.53674
13790001 2.5112
13800001 2.51346
13810001 14.058
13820001 2.60734
13830001 2.4119
13840001 2.44409
13850001 5.15681
13860001 4.88875
13870001 2.77078
13880001 2.41657
13890001 2.43386
13900001 2.48865
13910001 2.57036
13920001 14.0658
13930001 2.56723
13940001 2.3897
13950001 2.4581
13960001 5.14711
13970001 3.56032
13980001 2.73722
13990001 2.38879
14000001 2.43292
14010001 2.41194
14020001 2.91869
14030001 2.42174
14040001 3.02737
14050001 2.70217
14060001 2.73323
14070001 7.55551
14080001 2.93262
14090001 3.03294
14100001 2.62809
14110001 2.60224
14120001 2.46189
14130001 2.96499
14140001 2.63446
14150001 2.85162
14160001 2.56064
14170001 2.61573
14180001 7.51737
14190001 2.80599
14200001 3.71628
14210001 2.63414
14220001 2.60942
14230001 2.55242
14240001 5.20159
14250001 2.59642
14260001 2.58765
14270001 2.4427
14280001 2.44636
14290001 17.4769
14300001 2.69372
14310001 3.63306
14320001 2.5665
14330001 2.55126
14340001 2.49699
14350001 5.14738
14360001 2.50952
14370001 2.584
14380001 2.40292
14390001 2.38769
14400001 11.015
14410001 2.62914
14420001 5.57293
14430001 2.56942
14440001 2.53377
14450001 2.42906
14460001 8.46483
14470001 2.50855
14480001 3.03741
14490001 2.69203
14500001 2.69094
14510001 11.0743
14520001 2.88029
14530001 13.3358
14540001 2.78549
14550001 2.68453
14560001 2.60227
14570001 2.74714
14580001 2.84334
14590001 2.96618
14600001 2.58204
14610001 2.58833
14620001 2.57528
14630001 2.85186
14640001 13.2873
14650001 2.71499
14660001 2.49644
14670001 2.64432
14680001 2.55464
14690001 2.68872
14700001 2.67268
14710001 2.4576
14720001 2.46217
14730001 2.47509
14740001 2.90906
14750001 2.52966
14760001 2.61772
14770001 2.35818
14780001 2.4579
14790001 2.68219
14800001 4.48095
14810001 2.67261
14820001 2.51146
14830001 2.4107
14840001 2.41001
14850001 2.88593
14860001 2.51577
14870001 2.53141
14880001 2.36682
14890001 2.42944
14900001 2.64967
14910001 2.47223
14920001 3.31176
14930001 2.69853
14940001 2.68092
14950001 2.76264
14960001 4.64066
14970001 2.9068
14980001 2.73379
14990001 2.5791
15000001 2.52408
15010001 3.45635
15020001 2.60473
15030001 2.99776
15040001 2.59117
15050001 2.5662
15060001 2.64246
15070001 4.57484
15080001 2.80805
15090001 2.65433
15100001 2.51417
15110001 2.5008
15120001 4.4609
15130001 2.52009
15140001 3.09594
15150001 2.46765
15160001 2.43308
15170001 2.42472
15180001 12.9886
15190001 2.68851
15200001 2.55019
15210001 2.402
15220001 2.44405
15230001 4.40992
15240001 2.50651
15250001 4.07586
15260001 2.432
15270001 2.43757
15280001 2.40372
15290001 2.7173
15300001 3.8767
15310001 2.50914
15320001 2.37983
15330001 2.43172
15340001 7.27871
15350001 2.50097
15360001 4.70384
15370001 2.72662
15380001 2.72948
15390001 2.69946
15400001 3.26164
15410001 8.87519
15420001 2.74254
15430001 2.59539
15440001 2.57547
15450001 2.48467
15460001 2.57129
15470001 7.07527
15480001 2.71072
15490001 2.54792
15500001 2.53951
15510001 3.11074
15520001 8.87965
15530001 2.70204
15540001 2.53295
15550001 2.55345
15560001 2.50961
15570001 2.51277
15580001 7.06533
15590001 2.60556
15600001 2.40936
15610001 2.43988
15620001 5.13995
15630001 4.88495
15640001 2.76566
15650001 2.41649
15660001 2.42783
15670001 2.48719
15680001 2.56756
15690001 14.0651
15700001 2.56456
15710001 2.38643
15720001 2.44776
15730001 5.14651
15740001 3.5591
15750001 2.73559
15760001 2.38506
15770001 2.41924
15780001 2.47235
15790001 2.91542
15800001 2.41834
15810001 3.02406
15820001 2.70324
15830001 2.72612
15840001 7.55984
15850001 2.9305
15860001 3.02698
15870001 2.6225
15880001 2.56295
15890001 2.4622
15900001 2.96208
15910001 2.63057
15920001 2.85151
15930001 2.55684
15940001 2.60474
15950001 7.51469
15960001 2.78766
15970001 3.71664
15980001 2.63029
15990001 2.63098
16000001 2.55001
16010001 5.19719
16020001 2.59762
16030001 2.59491
16040001 2.43156
16050001 2.43607
16060001 17.4769
16070001 2.69153
16080001 3.63411
16090001 2.53085
16100001 2.55043
16110001 2.4984
16120001 5.14655
16130001 2.50287
16140001 2.57173
16150001 2.40169
16160001 2.38415
16170001 11.0135
16180001 2.62682
16190001 5.57412
16200001 2.56804
16210001 2.53108
16220001 2.42559
16230001 8.46357
16240001 2.50514
16250001 3.02561
16260001 2.6921
16270001 2.68889
16280001 11.074
16290001 2.8823
16300001 13.2984
16310001 2.78374
16320001 2.68437
16330001 2.6067
16340001 2.74266
16350001 2.84186
16360001 2.96808
16370001 2.57774
16380001 2.54393
16390001 2.5717
16400001 2.84983
16410001 13.2864
16420001 2.71769
16430001 2.49216
16440001 2.65965
16450001 2.55142
16460001 2.68716
16470001 2.66491
16480001 2.45193
16490001 2.45224
16500001 2.48086
16510001 2.90627
16520001 2.52883
16530001 2.61197
16540001 2.35222
16550001 2.45446
16560001 2.67794
16570001 4.48066
16580001 2.67132
16590001 2.50627
16600001 2.40688
16610001 2.40654
16620001 2.88259
16630001 2.51031
16640001 2.52861
16650001 2.36201
16660001 2.4218
16670001 2.66191
16680001 2.47364
16690001 3.30857
16700001 2.75535
16710001 2.67317
16720001 2.75931
16730001 4.63782
16740001 2.90826
16750001 2.73161
16760001 2.57621
16770001 2.51852
16780001 3.45356
16790001 2.60216
16800001 2.99118
16810001 2.58922
16820001 2.56299
16830001 2.63182
16840001 4.56235
16850001 2.80565
16860001 2.65126
16870001 2.51212
16880001 2.50582
16890001 4.45789
16900001 2.51694
16910001 3.10504
16920001 2.46673
16930001 2.43343
16940001 2.42051
16950001 12.988
16960001 2.68712
16970001 2.54706
16980001 2.40236
16990001 2.4439
17000001 4.40808
17010001 2.50328
17020001 4.0479
17030001 2.43327
17040001 2.43915
17050001 2.39681
17060001 2.71579
17070001 3.87717
17080001 2.50487
17090001 2.38057
17100001 2.44979
17110001 7.27829
17120001 2.49892
17130001 4.70235
17140001 2.73357
17150001 2.73269
17160001 2.69708
17170001 3.26015
17180001 4.0391
17190001 2.7426
17200001 2.59346
17210001 2.5732
17220001 2.48416
17230001 2.56121
17240001 7.07468
17250001 2.70989
17260001 2.57382
17270001 2.53589
17280001 3.11053
17290001 8.88062
17300001 2.69006
17310001 2.52016
17320001 2.56089
17330001 2.50489
17340001 2.50522
17350001 7.02702
17360001 2.60407
17370001 2.40352
17380001 2.43865
17390001 2.99656
17400001 4.88202
17410001 2.76378
17420001 2.41147
17430001 2.42663
17440001 2.48805
17450001 2.56528
17460001 14.0624
17470001 2.56584
17480001 2.38362
17490001 2.44866
17500001 5.14677
17510001 3.56034
17520001 2.73394
17530001 2.384
17540001 2.4116
17550001 2.47743
17560001 2.97606
17570001 2.41501
17580001 3.01931
17590001 2.70295
17600001 2.74041
17610001 7.55862
17620001 2.92852
17630001 3.03626
17640001 2.61867
17650001 2.55575
17660001 2.4609
17670001 2.95977
17680001 2.62732
17690001 2.84141
17700001 2.54765
17710001 2.59445
17720001 7.51515
17730001 2.77241
17740001 3.69351
17750001 2.63255
17760001 2.64258
17770001 2.5478
17780001 5.1941
17790001 2.5945
17800001 2.59655
17810001 2.42624
17820001 2.43471
17830001 17.4774
17840001 2.68938
17850001 3.63694
17860001 2.51604
17870001 2.54492
17880001 2.49718
17890001 5.14575
17900001 2.51456
17910001 2.56906
17920001 2.3696
17930001 2.38157
17940001 11.011
17950001 2.62568
17960001 5.5765
17970001 2.56851
17980001 2.52917
17990001 2.42717
18000001 8.46181
18010001 2.50321
18020001 3.02149
18030001 2.68991
18040001 2.68482
18050001 11.0725
18060001 2.88388
18070001 5.68761
18080001 2.77917
18090001 2.67925
18100001 2.60362
18110001 2.74184
18120001 2.84
18130001 2.96378
18140001 2.56656
18150001 2.56147
18160001 2.5694
18170001 2.84592
18180001 13.2845
18190001 2.68082
18200001 2.48582
18210001 2.63563
18220001 2.54783
18230001 2.68672
18240001 2.66468
18250001 2.42864
18260001 2.45139
18270001 2.48231
18280001 2.91661
18290001 2.52896
18300001 2.61066
18310001 2.34921
18320001 2.46379
18330001 2.67209
18340001 4.47899
18350001 2.66335
18360001 2.50883
18370001 2.40444
18380001 2.3993
18390001 2.88012
18400001 2.51142
18410001 2.52958
18420001 2.35285
18430001 2.41914
18440001 2.66397
18450001 2.45512
18460001 3.30102
18470001 2.75356
18480001 2.67036
18490001 2.75627
18500001 4.63588
18510001 2.90923
18520001 2.73526
18530001 2.56625
18540001 2.51522
18550001 3.45155
18560001 2.59996
18570001 2.98233
18580001 2.58246
18590001 2.55615
18600001 2.62932
18610001 4.56062
18620001 2.80264
18630001 2.64421
18640001 2.50163
18650001 2.4995
18660001 4.45572
18670001 2.51418
18680001 3.1045
18690001 2.46655
18700001 2.44446
18710001 2.42115
18720001 12.9879
18730001 2.69025
18740001 2.53924
18750001 2.39196
18760001 2.44154
18770001 4.40616
18780001 2.48287
18790001 3.11416
18800001 2.4317
18810001 2.42543
18820001 2.39164
18830001 2.71701
18840001 3.87495
18850001 2.50264
18860001 2.37693
18870001 2.44527
18880001 7.2794
18890001 2.49753
18900001 4.703
18910001 2.72919
18920001 2.73242
18930001 2.69456
18940001 3.25763
18950001 4.03608
18960001 2.73688
18970001 2.57779
18980001 2.571
18990001 7.38294
19000001 2.55262
19010001 7.0746
19020001 2.71437
19030001 2.57231
19040001 2.53434
19050001 3.10951
19060001 8.88036
19070001 2.67332
19080001 2.51116
19090001 2.56133
19100001 2.50186
19110001 2.50012
19120001 7.02763
19130001 2.60733
19140001 2.40939
19150001 2.43307
19160001 3.00739
19170001 4.88168
19180001 2.76553
19190001 2.40968
19200001 2.47093
19210001 2.48797
19220001 2.56383
19230001 14.0617
19240001 2.58031
19250001 2.38259
19260001 2.44688
19270001 5.14583
19280001 3.55943
19290001 2.73438
19300001 2.38156
19310001 2.40829
19320001 2.47895
19330001 2.57488
19340001 2.41319
19350001 3.01779
19360001 2.6991
19370001 2.73109
19380001 7.55911
19390001 2.92741
19400001 3.0537
19410001 2.6167
19420001 2.55488
19430001 2.45978
19440001 2.9582
19450001 2.62427
19460001 2.83722
19470001 2.55994
19480001 2.59051
19490001 7.51494
19500001 2.81867
19510001 3.69042
19520001 2.63274
19530001 2.63994
19540001 2.54682
19550001 5.19322
19560001 2.59002
19570001 2.59288
19580001 2.42441
19590001 2.43092
19600001 17.4773
19610001 2.68874
19620001 3.6388
19630001 2.54099
19640001 2.46956
19650001 2.49201
19660001 5.14413
19670001 2.56051
19680001 2.56486
19690001 2.37217
19700001 2.38149
19710001 11.0105
19720001 2.62425
19730001 5.57694
19740001 2.57393
19750001 2.52669
19760001 2.43157
19770001 8.4594
19780001 2.50222
19790001 3.01893
19800001 2.6942
19810001 2.67997
19820001 11.0702
19830001 2.89102
19840001 5.68822
19850001 2.77501
19860001 2.6762
19870001 2.60373
19880001 2.75995
19890001 2.8414
19900001 2.96364
19910001 2.56547
19920001 2.5412
19930001 2.56867
19940001 2.846
19950001 13.2842
19960001 2.6881
19970001 2.48378
19980001 2.63123
19990001 2.54596
20000001 2.67765
20010001 2.65219
20020001 2.42111
20030001 2.44591
20040001 2.47496
20050001 2.92065
20060001 2.52879
20070001 2.60655
20080001 2.34742
20090001 2.46912
20100001 2.66745
20110001 4.47481
20120001 2.65763
20130001 2.49501
20140001 2.4009
20150001 2.40948
20160001 2.87984
20170001 2.5077
20180001 2.52433
20190001 2.35098
20200001 2.4153
20210001 2.6536
20220001 2.45153
20230001 3.29854
20240001 2.75142
20250001 2.66968
20260001 2.75349
20270001 4.6329
20280001 2.90951
20290001 2.75636
20300001 2.55984
20310001 2.5158
20320001 3.4502
20330001 2.59848
20340001 2.97911
20350001 2.57818
20360001 2.55541
20370001 2.625
20380001 4.5596
20390001 2.80549
20400001 2.64627
20410001 2.50133
20420001 2.49343
20430001 4.45481
20440001 2.51226
20450001 3.10547
20460001 2.46961
20470001 2.43853
20480001 2.42077
20490001 12.987
20500001 2.68837
20510001 2.53799
20520001 2.39556
20530001 2.43723
20540001 4.40932
20550001 2.4545
20560001 3.04823
20570001 2.43087
20580001 2.42293
20590001 2.39187
20600001 2.72459
20610001 3.87452
20620001 2.50062
20630001 2.37032
20640001 2.43934
20650001 7.27973
20660001 2.49489
20670001 4.7018
20680001 2.72588
20690001 2.73026
20700001 2.69203
20710001 3.25643
20720001 4.03412
20730001 2.73086
20740001 2.57696
20750001 2.57045
20760001 5.5623
20770001 2.55162
20780001 7.07674
20790001 2.71382
20800001 2.57307
20810001 2.53162
20820001 3.10833
20830001 8.88052
20840001 2.66147
20850001 2.50939
20860001 2.5628
20870001 2.49624
20880001 2.49468
20890001 7.02897
20900001 2.60633
20910001 2.39848
20920001 2.42764
20930001 2.9962
20940001 4.88039
20950001 2.7806
20960001 2.41111
20970001 2.45388
20980001 2.48651
20990001 2.56349
21000001 14.0604
21010001 2.58908
21020001 2.37977
21030001 2.44376
21040001 5.14622
21050001 3.55917
21060001 2.73377
21070001 2.37926
21080001 2.41482
21090001 2.47801
21100001 2.57359
21110001 2.40957
21120001 3.01637
21130001 2.70176
21140001 2.71599
21150001 7.55114
21160001 2.92501
21170001 3.0564
21180001 2.61512
21190001 2.54655
21200001 2.46012
21210001 2.95749
21220001 2.62216
21230001 2.83142
21240001 2.5545
21250001 2.58748
21260001 7.51495
21270001 2.81114
21280001 2.95511
21290001 2.57364
21300001 2.62406
21310001 2.54563
21320001 5.19141
21330001 2.5894
21340001 2.58816
21350001 2.42152
21360001 2.42963
21370001 17.4774
21380001 2.68845
21390001 3.63727
21400001 2.51905
21410001 2.47633
21420001 2.49587
21430001 5.14382
21440001 2.56025
21450001 2.5638
21460001 2.37364
21470001 2.37955
21480001 17.4636
21490001 2.624
21500001 5.57758
21510001 2.58146
21520001 2.52517
21530001 2.41887
21540001 8.45814
21550001 2.50065
21560001 3.02028
21570001 2.69333
21580001 2.67874
21590001 11.0705
21600001 2.88933
21610001 5.68575
21620001 2.77384
21630001 2.67433
21640001 2.59509
21650001 8.44263
21660001 2.84343
21670001 2.95636
21680001 2.56714
21690001 2.52781
21700001 2.56897
21710001 2.84395
21720001 13.2832
21730001 2.69537
21740001 2.48423
21750001 2.63007
21760001 2.54455
21770001 2.67219
21780001 2.64541
21790001 2.41825
21800001 2.44417
21810001 2.4696
21820001 2.72938
21830001 2.53142
21840001 2.60486
21850001 2.34249
21860001 2.47161
21870001 2.66299
21880001 4.4734
21890001 2.65291
21900001 2.48229
21910001 2.39886
21920001 2.40625
21930001 2.87554
21940001 2.5116
21950001 2.52218
21960001 2.35223
21970001 2.41573
21980001 2.6511
21990001 2.45375
22000001 3.33336
22010001 2.75047
22020001 2.69233
22030001 2.7508
22040001 4.63147
22050001 2.91033
22060001 2.74521
22070001 2.55893
22080001 2.51508
22090001 3.44752
22100001 2.59711
22110001 2.96905
22120001 2.58356
22130001 2.54919
22140001 2.61906
22150001 4.55904
22160001 2.7522
22170001 2.64563
22180001 2.49722
22190001 2.48935
22200001 4.46046
22210001 2.51083
22220001 3.10175
22230001 2.47657
22240001 2.43673
22250001 2.41502
22260001 12.9875
22270001 2.68712
22280001 2.53579
22290001 2.399
22300001 2.43639
22310001 4.40889
22320001 2.44556
22330001 3.04861
22340001 2.43032
22350001 2.41987
22360001 2.39147
22370001 2.73172
22380001 3.87407
22390001 2.51614
22400001 2.36206
22410001 2.43995
22420001 7.27953
22430001 2.49392
22440001 4.69647
22450001 2.72373
22460001 2.73052
22470001 2.68872
22480001 3.25955
22490001 4.03216
22500001 2.72886
22510001 2.57359
22520001 2.571
22530001 5.55004
22540001 2.55229
22550001 7.07937
22560001 2.71578
22570001 2.58925
22580001 2.53083
22590001 3.10912
22600001 8.88099
22610001 2.65149
22620001 2.50678
22630001 2.53851
22640001 2.49476
22650001 2.49299
22660001 7.02728
22670001 2.59256
22680001 2.39773
22690001 2.40383
22700001 3.0006
22710001 4.88244
22720001 2.61274
22730001 2.42404
22740001 2.45428
22750001 2.48705
22760001 2.56441
22770001 14.0602
22780001 2.58541
22790001 2.375
22800001 2.43486
22810001 5.14709
22820001 3.55968
22830001 2.74041
22840001 2.37739
22850001 2.40592
22860001 2.47533
22870001 2.57269
22880001 2.39206
22890001 3.01526
22900001 2.68667
22910001 2.71621
22920001 7.51789
22930001 2.92183
22940001 3.04918
22950001 2.61372
22960001 2.544
22970001 2.45978
22980001 2.95653
22990001 2.61929
23000001 2.82866
23010001 2.55042
23020001 2.59511
23030001 7.51496
23040001 2.81521
23050001 2.95401
23060001 2.56204
23070001 2.61732
23080001 2.54499
23090001 5.18615
23100001 2.5885
23110001 2.57149
23120001 2.41934
23130001 2.43321
23140001 17.4753
23150001 2.6885
23160001 3.63946
23170001 2.53916
23180001 2.48275
23190001 2.49224
23200001 5.14343
23210001 2.54751
23220001 2.56392
23230001 2.37799
23240001 2.37714
23250001 17.4783
23260001 2.624
23270001 5.57944
23280001 2.58956
23290001 2.53499
23300001 2.41579
23310001 8.45658
23320001 2.49925
23330001 3.0191
23340001 2.69052
23350001 2.67771
23360001 11.0699
23370001 2.8896
23380001 5.68718
23390001 2.77218
23400001 2.67336
23410001 2.5893
23420001 8.41925
23430001 2.84139
23440001 2.85779
23450001 2.56431
23460001 2.52418
23470001 2.57096
23480001 2.84252
23490001 13.2825
23500001 2.69282
23510001 2.48493
23520001 2.623
23530001 2.53875
23540001 2.67182
23550001 2.64128
23560001 2.41776
23570001 2.44368
23580001 2.46347
23590001 2.73089
23600001 2.5317
23610001 2.60252
23620001 2.39094
23630001 2.47704
23640001 2.66123
23650001 4.4728
23660001 2.64917
23670001 2.43715
23680001 2.3941
23690001 2.41035
23700001 2.87607
23710001 2.50691
23720001 2.52336
23730001 2.35143
23740001 2.412
23750001 2.64808
23760001 4.47679
23770001 3.31126
23780001 2.76134
23790001 2.69121
23800001 2.74907
23810001 4.6309
23820001 2.90743
23830001 2.7449
23840001 2.55077
23850001 2.50844
23860001 3.44564
23870001 2.59578
23880001 2.96241
23890001 2.58072
23900001 2.54937
23910001 2.61891
23920001 4.55849
23930001 2.77471
23940001 2.64578
23950001 2.51629
23960001 2.47544
23970001 3.37207
23980001 2.50951
23990001 3.0944
24000001 2.48633
24010001 2.42957
24020001 2.41644
24030001 12.9848
24040001 2.6893
24050001 2.53165
24060001 2.39558
24070001 2.42734
24080001 4.40799
24090001 2.44897
24100001 3.04872
24110001 2.43007
24120001 2.40847
24130001 2.36404
24140001 12.9822
24150001 3.87376
24160001 2.5049
24170001 2.36005
24180001 2.43602
24190001 7.27886
24200001 2.49367
24210001 4.69198
24220001 2.72331
24230001 2.7238
24240001 2.68709
24250001 3.26046
24260001 4.03249
24270001 2.72582
24280001 2.56646
24290001 2.57338
24300001 5.55253
24310001 2.55497
24320001 7.07881
24330001 2.71765
24340001 2.58211
24350001 2.53044
24360001 3.10782
24370001 8.87948
24380001 2.64558
24390001 2.50892
24400001 2.52962
24410001 2.49326
24420001 2.49073
24430001 7.02554
24440001 2.59232
24450001 2.39578
24460001 2.39569
24470001 2.99986
24480001 4.88367
24490001 2.60955
24500001 2.41248
24510001 2.46538
24520001 2.48735
24530001 2.56481
24540001 14.0601
24550001 2.58592
24560001 2.37426
24570001 2.41432
24580001 5.14605
24590001 3.55942
24600001 2.74576
24610001 2.37749
24620001 2.41398
24630001 2.46857
24640001 2.57429
24650001 13.6611
24660001 3.01427
24670001 2.67004
24680001 2.71147
24690001 7.52277
24700001 2.92034
24710001 3.04807
24720001 2.61272
24730001 2.53875
24740001 2.46005
24750001 2.95568
24760001 2.61913
24770001 2.83427
24780001 2.55396
24790001 2.56577
24800001 7.51423
24810001 2.81998
24820001 2.95242
24830001 2.55911
24840001 2.61904
24850001 2.54828
24860001 5.19476
24870001 2.58815
24880001 2.57205
24890001 2.42401
24900001 2.43275
24910001 17.4761
24920001 2.69079
24930001 3.64547
24940001 2.54442
24950001 2.49267
24960001 2.49572
24970001 5.14299
24980001 2.54152
24990001 2.55725
25000001 2.3744
25010001 2.37694
25020001 17.4763
25030001 2.62106
25040001 5.58034
25050001 2.58673
25060001 2.53718
25070001 2.41607
25080001 8.45421
25090001 2.49753
25100001 3.02659
25110001 2.69242
25120001 2.68056
25130001 11.0688
25140001 2.88925
25150001 5.68723
25160001 2.7659
25170001 2.67422
25180001 2.53865
25190001 8.42392
25200001 2.84189
25210001 2.8544
25220001 2.56351
25230001 2.52539
25240001 2.57098
25250001 2.84527
25260001 13.2829
25270001 2.69447
25280001 2.48476
25290001 2.61881
25300001 2.53126
25310001 2.67097
25320001 2.64028
25330001 2.41679
25340001 2.4427
25350001 2.45883
25360001 2.72805
25370001 2.52344
25380001 2.60254
25390001 2.38921
25400001 2.47102
25410001 2.65899
25420001 4.47195
25430001 2.6466
25440001 2.4327
25450001 2.39176
25460001 2.42033
25470001 2.87574
25480001 2.50928
25490001 2.52824
25500001 2.35065
25510001 2.40228
25520001 2.64651
25530001 4.47115
25540001 3.30976
25550001 2.76837
25560001 2.69002
25570001 2.75388
25580001 4.62962
25590001 2.90684
25600001 2.75389
25610001 2.54955
25620001 2.50888
25630001 3.44437
25640001 2.59491
25650001 2.96585
25660001 2.57859
25670001 2.5426
25680001 2.61715
25690001 4.55801
25700001 2.81421
25710001 2.64446
25720001 2.50095
25730001 2.46939
25740001 3.34446
25750001 2.50907
25760001 3.09591
25770001 2.47141
25780001 2.42439
25790001 2.41795
25800001 12.9832
25810001 2.68833
25820001 2.53057
25830001 2.39326
25840001 2.42986
25850001 4.40415
25860001 2.44807
25870001 3.04868
25880001 2.43409
25890001 2.40002
25900001 2.37492
25910001 12.9837
25920001 3.87223
25930001 2.50239
25940001 2.35918
25950001 2.43602
25960001 7.27867
25970001 2.49368
25980001 4.69013
25990001 2.72208
26000001 2.72388
26010001 2.68579
26020001 3.26467
26030001 4.0301
26040001 2.72485
26050001 2.56352
26060001 2.57662
26070001 5.55582
26080001 2.64598
26090001 7.08044
26100001 2.70919
26110001 2.57855
26120001 2.52813
26130001 3.10444
26140001 8.87943
26150001 2.64405
26160001 2.50223
26170001 2.52396
26180001 2.49165
26190001 2.48737
26200001 7.0242
26210001 2.59844
26220001 2.38878
26230001 2.39388
26240001 2.99933
26250001 8.88121
26260001 2.61112
26270001 2.41024
26280001 2.46048
26290001 2.48846
26300001 2.56606
26310001 14.0602
26320001 2.58701
26330001 2.36901
26340001 2.403
26350001 5.14675
26360001 3.5579
26370001 2.74195
26380001 2.3817
26390001 2.41235
26400001 2.4686
26410001 2.57455
26420001 10.0839
26430001 3.01409
26440001 2.67506
26450001 2.71355
26460001 5.32036
26470001 2.92121
26480001 3.05318
26490001 2.61827
26500001 2.53909
26510001 2.45972
26520001 2.95515
26530001 2.61653
26540001 2.8246
26550001 2.55559
26560001 2.5684
26570001 7.51342
26580001 2.81934
26590001 2.95225
26600001 2.55435
26610001 2.55319
26620001 2.48386
26630001 3.32134
26640001 2.58863
26650001 2.57245
26660001 2.42142
26670001 2.45094
26680001 17.4797
26690001 2.6913
26700001 3.64128
26710001 2.55261
26720001 2.50626
26730001 2.49803
26740001 5.142
26750001 2.54045
26760001 2.56047
26770001 2.37927
26780001 2.3722
26790001 17.4766
26800001 2.66736
26810001 5.57836
26820001 2.59948
26830001 2.52944
26840001 2.40584
26850001 8.45258
26860001 2.49623
26870001 3.02884
26880001 2.69243
26890001 2.68692
26900001 11.0686
26910001 2.8888
26920001 5.68647
26930001 2.72521
26940001 2.67243
26950001 2.52339
26960001 8.42212
26970001 2.83001
26980001 2.85425
26990001 2.56111
27000001 2.5269
27010001 2.58426
27020001 2.85349
27030001 13.2836
27040001 2.70261
27050001 2.48424
27060001 2.63231
27070001 2.52786
27080001 2.67076
27090001 2.6505
27100001 2.41576
27110001 2.44094
27120001 2.45491
27130001 2.72823
27140001 13.3075
27150001 2.60204
27160001 2.38808
27170001 2.47866
27180001 2.65886
27190001 4.47131
27200001 2.64835
27210001 2.44506
27220001 2.39365
27230001 2.41424
27240001 2.87913
27250001 2.50843
27260001 2.54731
27270001 2.35147
27280001 2.40122
27290001 2.64464
27300001 4.47552
27310001 3.30847
27320001 2.7727
27330001 2.68894
27340001 2.70561
27350001 4.62934
27360001 2.90662
27370001 2.74806
27380001 2.55128
27390001 2.50638
27400001 3.44614
27410001 2.595
27420001 2.95687
27430001 2.56901
27440001 2.54027
27450001 2.6142
27460001 4.55853
27470001 2.80056
27480001 2.64401
27490001 2.49974
27500001 2.46792
27510001 3.34044
27520001 2.52021
27530001 3.09384
27540001 2.47739
27550001 2.42834
27560001 2.41591
27570001 12.9842
27580001 2.68725
27590001 2.52932
27600001 2.41165
27610001 2.42078
27620001 4.40441
27630001 2.44735
27640001 3.05043
27650001 2.433
27660001 2.3883
27670001 2.37272
27680001 12.9819
27690001 3.87214
27700001 2.50263
27710001 2.35973
27720001 2.43937
27730001 7.27824
27740001 2.49624
27750001 4.68596
27760001 2.72122
27770001 2.71858
27780001 2.68545
27790001 3.26233
27800001 4.03003
27810001 2.72257
27820001 2.55925
27830001 2.58522
27840001 5.55802
27850001 2.6433
27860001 7.09856
27870001 2.70553
27880001 2.5774
27890001 2.52716
27900001 3.10249
27910001 8.8815
27920001 2.64322
27930001 2.49377
27940001 2.54183
27950001 2.49075
27960001 2.48605
27970001 7.02365
27980001 2.59933
27990001 2.38667
28000001 2.39044
28010001 2.9976
28020001 8.8505
28030001 2.61043
28040001 2.40382
28050001 2.45883
28060001 2.5194
28070001 2.57148
28080001 14.0595
28090001 2.58624
28100001 2.3649
28110001 2.40826
28120001 5.14507
28130001 3.55759
28140001 2.74556
28150001 2.37991
28160001 2.40744
28170001 2.47575
28180001 2.57449
28190001 10.0849
28200001 3.01745
28210001 2.68067
28220001 2.7114
28230001 5.27583
28240001 2.9194
28250001 3.05159
28260001 2.59868
28270001 2.53935
28280001 2.45957
28290001 2.95436
28300001 2.61548
28310001 2.82397
28320001 2.55164
28330001 2.57742
28340001 7.51592
28350001 2.81899
28360001 2.95467
28370001 2.5404
28380001 2.5442
28390001 2.4669
28400001 2.9131
28410001 2.58873
28420001 2.57869
28430001 2.41837
28440001 2.46675
28450001 17.4798
28460001 2.69195
28470001 3.63978
28480001 2.52977
28490001 2.51797
28500001 2.49466
28510001 5.14231
28520001 2.53916
28530001 2.55597
28540001 2.3769
28550001 2.37108
28560001 17.4768
28570001 2.65819
28580001 5.58553
28590001 2.60935
28600001 2.52914
28610001 2.40588
28620001 8.45149
28630001 2.49588
28640001 3.03672
28650001 2.68734
28660001 2.68926
28670001 11.0691
28680001 2.88899
28690001 5.68663
28700001 2.73495
28710001 2.67066
28720001 2.53036
28730001 8.42061
28740001 2.83379
28750001 2.84619
28760001 2.56206
28770001 2.53435
28780001 2.59742
28790001 2.85017
28800001 13.282
28810001 2.70857
28820001 2.57003
28830001 2.64463
28840001 2.52361
28850001 2.67035
28860001 2.65445
28870001 2.41967
28880001 2.44008
28890001 2.44953
28900001 2.72692
28910001 13.3082
28920001 2.60121
28930001 2.38804
28940001 2.48712
28950001 2.68304
28960001 4.47089
28970001 2.64754
28980001 2.42822
28990001 2.39073
29000001 2.41174
29010001 2.87602
29020001 2.51403
29030001 2.5398
29040001 2.34727
29050001 2.40618
29060001 2.64299
29070001 4.47646
29080001 3.30213
29090001 2.76662
29100001 2.69021
29110001 2.67621
29120001 4.62814
29130001 2.90677
29140001 2.7396
29150001 2.54311
29160001 2.50132
29170001 3.44762
29180001 2.59616
29190001 2.95711
29200001 2.57985
29210001 2.5385
29220001 2.61237
29230001 4.55898
29240001 2.80402
29250001 2.64332
29260001 2.49869
29270001 2.46975
29280001 3.33807
29290001 2.5289
29300001 3.08381
29310001 2.4786
29320001 2.42823
29330001 2.41367
29340001 12.9826
29350001 2.68624
29360001 2.53062
29370001 2.41939
29380001 2.42439
29390001 4.40485
29400001 2.44768
29410001 3.05127
29420001 2.4359
29430001 2.38235
29440001 2.37231
29450001 12.9822
29460001 3.88286
29470001 2.50333
29480001 2.35973
29490001 2.44178
29500001 7.27878
29510001 2.49411
29520001 4.68715
29530001 2.71904
29540001 2.71673
29550001 2.6844
29560001 3.26685
29570001 4.03055
29580001 2.72077
29590001 2.55907
29600001 2.58446
29610001 5.55852
29620001 2.61238
29630001 4.35101
29640001 2.70565
29650001 2.57795
29660001 2.52742
29670001 3.1107
29680001 8.88166
29690001 2.64223
29700001 2.49164
29710001 2.54308
29720001 2.48993
29730001 2.48513
29740001 7.022
29750001 2.49489
29760001 2.38678
29770001 2.3897
29780001 2.99636
29790001 8.84333
29800001 2.60941
29810001 2.40088
29820001 2.4583
29830001 2.49499
29840001 2.57996
29850001 14.0588
29860001 2.58484
29870001 2.35922
29880001 2.40174
29890001 5.13977
29900001 3.55771
29910001 2.72038
29920001 2.38063
29930001 2.40619
29940001 2.46883
29950001 2.57509
29960001 10.0877
29970001 3.01821
29980001 2.67219
29990001 2.71136
