1 2195.6
10001 80.2467
20001 37.8217
30001 23.9138
40001 17.6186
50001 13.7185
60001 11.4289
70001 9.92774
80001 9.74187
90001 8.98945
100001 7.97919
110001 7.40479
120001 7.00298
130001 6.69295
140001 6.46153
150001 7.22197
160001 8.11408
170001 6.67599
180001 5.92775
190001 6.25809
200001 7.39415
210001 6.28105
220001 5.62772
230001 5.3947
240001 5.28419
250001 5.23784
260001 5.24571
270001 5.49645
280001 5.04006
290001 4.97518
300001 6.27486
310001 6.83218
320001 5.38798
330001 5.03817
340001 4.89836
350001 4.78405
360001 4.75464
370001 6.44836
380001 7.06834
390001 5.48792
400001 4.7033
410001 5.19271
420001 6.50175
430001 5.30763
440001 4.6076
450001 4.571
460001 4.38133
470001 4.37309
480001 4.42968
490001 5.17794
500001 4.49344
510001 4.2616
520001 5.75576
530001 6.38935
540001 5.26831
550001 4.50914
560001 4.42247
570001 4.31385
580001 4.2963
590001 6.07773
600001 7.81298
610001 5.02186
620001 4.21533
630001 4.4835
640001 5.55607
650001 4.63085
660001 4.10793
670001 4.09476
680001 3.95983
690001 3.96384
700001 4.19996
710001 4.86702
720001 4.13236
730001 3.90453
740001 6.05865
750001 6.90642
760001 5.24779
770001 4.33307
780001 4.02768
790001 3.93668
800001 3.91992
810001 5.38229
820001 6.65807
830001 5.11719
840001 3.95379
850001 4.61073
860001 5.37126
870001 4.47066
880001 3.89316
890001 3.88256
900001 3.74118
910001 3.74548
920001 3.7387
930001 4.66978
940001 3.92303
950001 3.67625
960001 3.62896
970001 6.8006
980001 5.12683
990001 4.17511
1000001 3.88404
1010001 3.76117
1020001 3.73739
1030001 5.73112
1040001 6.57148
1050001 4.99049
1060001 3.7972
1070001 4.45452
1080001 6.22198
1090001 4.34278
1100001 3.73463
1110001 3.74
1120001 3.60054
1130001 3.61078
1140001 3.61927
1150001 3.77892
1160001 3.90173
1170001 3.57713
1180001 3.49857
1190001 5.22771
1200001 5.03147
1210001 4.03658
1220001 3.72791
1230001 3.63766
1240001 3.6154
1250001 5.66416
1260001 7.61448
1270001 4.92
1280001 3.86038
1290001 4.20973
1300001 5.72674
1310001 4.25477
1320001 3.88429
1330001 3.68607
1340001 3.62612
1350001 3.54951
1360001 3.53759
1370001 3.81125
1380001 4.24101
1390001 3.49954
1400001 3.43819
1410001 5.21026
1420001 6.52904
1430001 4.02911
1440001 3.65186
1450001 3.56369
1460001 3.55298
1470001 5.10045
1480001 7.44199
1490001 4.98211
1500001 3.81323
1510001 4.38857
1520001 5.73803
1530001 4.27377
1540001 3.85471
1550001 3.64891
1560001 3.59548
1570001 3.46743
1580001 3.47928
1590001 3.73917
1600001 4.17129
1610001 3.51586
1620001 3.36241
1630001 5.72408
1640001 6.63824
1650001 4.31746
1660001 3.56392
1670001 3.48682
1680001 3.4776
1690001 5.4975
1700001 6.46621
1710001 4.90969
1720001 3.70138
1730001 4.29727
1740001 6.11485
1750001 4.16932
1760001 3.73664
1770001 3.5225
1780001 3.48959
1790001 3.38173
1800001 3.37468
1810001 3.63338
1820001 4.12858
1830001 3.44642
1840001 3.28276
1850001 3.27667
1860001 6.62517
1870001 4.30762
1880001 3.64071
1890001 3.43685
1900001 3.41898
1910001 5.47255
1920001 7.5155
1930001 4.90253
1940001 4.31812
1950001 4.1042
1960001 6.04661
1970001 4.14602
1980001 3.72701
1990001 3.51168
2000001 3.47743
2010001 3.35051
2020001 3.33931
2030001 3.38346
2040001 3.51128
2050001 3.51165
2060001 3.29256
2070001 3.27275
2080001 5.08412
2090001 4.25106
2100001 3.61628
2110001 3.41402
2120001 3.40476
2130001 5.45106
2140001 7.46737
2150001 4.8662
2160001 4.2605
2170001 4.27238
2180001 5.67765
2190001 4.36189
2200001 3.64557
2210001 3.43245
2220001 3.3941
2230001 3.29976
2240001 3.30155
2250001 3.31993
2260001 3.45076
2270001 3.7307
2280001 3.2373
2290001 3.20816
2300001 5.66841
2310001 5.29869
2320001 3.61157
2330001 3.30583
2340001 3.34267
2350001 4.82535
2360001 6.31008
2370001 4.81858
2380001 4.12267
2390001 4.25047
2400001 5.98023
2410001 4.35623
2420001 3.65433
2430001 3.41508
2440001 3.38547
2450001 3.33813
2460001 3.25119
2470001 3.25978
2480001 3.40014
2490001 3.69492
2500001 3.21336
2510001 3.16406
2520001 5.61905
2530001 5.60376
2540001 3.91241
2550001 3.27716
2560001 3.31545
2570001 5.45762
2580001 6.29931
2590001 4.79418
2600001 4.21211
2610001 4.1877
2620001 5.95511
2630001 4.3175
2640001 3.56292
2650001 3.34231
2660001 3.34062
2670001 3.30082
2680001 3.21304
2690001 3.2233
2700001 3.3673
2710001 4.15097
2720001 3.32401
2730001 3.15013
2740001 5.63348
2750001 6.49012
2760001 3.94842
2770001 3.40858
2780001 3.32968
2790001 5.43795
2800001 7.41744
2810001 4.74711
2820001 4.19424
2830001 4.15934
2840001 4.76299
2850001 3.82909
2860001 3.36074
2870001 3.2078
2880001 3.1946
2890001 3.17464
2900001 3.13217
2910001 3.14127
2920001 3.1668
2930001 4.14075
2940001 3.28348
2950001 3.08344
2960001 3.08505
2970001 6.51776
2980001 3.9007
2990001 3.35071
3000001 3.28026
3010001 5.42836
3020001 7.395
3030001 5.14523
3040001 4.20765
3050001 4.16489
3060001 6.1355
3070001 3.80518
3080001 3.36919
3090001 3.16651
3100001 3.16628
3110001 3.1455
3120001 3.08929
3130001 3.10878
3140001 3.13802
3150001 3.28761
3160001 3.23736
3170001 3.03471
3180001 3.04378
3190001 5.5544
3200001 5.09258
3210001 3.37733
3220001 3.14448
3230001 5.31047
3240001 6.02424
3250001 4.52841
3260001 4.03318
3270001 4.08243
3280001 6.05244
3290001 3.76752
3300001 3.35529
3310001 3.14166
3320001 3.12151
3330001 3.11559
3340001 3.11342
3350001 3.11028
3360001 3.13401
3370001 3.2745
3380001 3.57436
3390001 3.1167
3400001 3.09243
3410001 5.57109
3420001 5.0919
3430001 3.72751
3440001 3.20882
3450001 5.31958
3460001 7.39821
3470001 4.52237
3480001 4.03688
3490001 4.04612
3500001 5.99096
3510001 3.81677
3520001 3.33854
3530001 3.21601
3540001 3.16947
3550001 3.17069
3560001 3.14794
3570001 3.12689
3580001 3.16769
3590001 3.44834
3600001 4.07316
3610001 3.17236
3620001 3.05553
3630001 5.59638
3640001 5.10172
3650001 3.71201
3660001 3.27246
3670001 5.24704
3680001 7.37443
3690001 4.95998
3700001 4.04287
3710001 4.46425
3720001 5.16329
3730001 3.62079
3740001 3.34025
3750001 3.18597
3760001 3.15974
3770001 3.14573
3780001 3.13391
3790001 3.10197
3800001 3.11826
3810001 3.11215
3820001 4.07812
3830001 3.169
3840001 3.05259
3850001 3.03331
3860001 5.09974
3870001 4.1121
3880001 3.36151
3890001 3.14324
3900001 7.2152
3910001 4.18799
3920001 3.73208
3930001 3.29589
3940001 6.06014
3950001 3.53859
3960001 3.24649
3970001 3.11734
3980001 3.09491
3990001 3.07335
4000001 3.0813
4010001 3.05888
4020001 3.07633
4030001 3.08341
4040001 3.25887
4050001 3.14899
4060001 3.03799
4070001 3.0203
4080001 4.46472
4090001 4.20335
4100001 3.387
4110001 3.14082
4120001 7.31881
4130001 4.19676
4140001 3.74328
4150001 3.30446
4160001 6.03616
4170001 4.03561
4180001 3.26689
4190001 3.14745
4200001 3.12948
4210001 3.12149
4220001 3.11424
4230001 3.11259
4240001 3.12301
4250001 3.1273
4260001 3.28423
4270001 3.6425
4280001 3.08198
4290001 3.04785
4300001 4.49735
4310001 5.00139
4320001 3.41831
4330001 3.16731
4340001 7.30745
4350001 4.82243
4360001 3.77106
4370001 3.332
4380001 5.42091
4390001 3.95407
4400001 3.36668
4410001 3.19341
4420001 3.1819
4430001 3.14003
4440001 3.11224
4450001 3.10722
4460001 3.09737
4470001 3.09493
4480001 3.37027
4490001 3.62697
4500001 3.16231
4510001 3.01467
4520001 4.52759
4530001 5.01323
4540001 3.651
4550001 3.12385
4560001 7.26435
4570001 4.77929
4580001 3.7255
4590001 3.27694
4600001 6.08385
4610001 3.92485
4620001 3.2887
4630001 3.15492
4640001 3.14446
4650001 3.10323
4660001 3.10321
4670001 3.0834
4680001 3.08065
4690001 3.07125
4700001 3.37275
4710001 3.623
4720001 3.1632
4730001 3.02128
4740001 6.06641
4750001 6.25371
4760001 4.12188
4770001 3.41832
4780001 5.68964
4790001 4.06177
4800001 3.50685
4810001 3.10325
4820001 5.96367
4830001 4.15267
4840001 3.20824
4850001 3.08415
4860001 3.09038
4870001 3.08869
4880001 3.07705
4890001 3.05718
4900001 3.04918
4910001 3.04639
4920001 3.04988
4930001 4.03373
4940001 3.16439
4950001 3.0179
4960001 2.9971
4970001 4.28099
4980001 4.13091
4990001 3.42557
5000001 7.56907
5010001 4.07221
5020001 3.5003
5030001 3.1466
5040001 5.94528
5050001 4.15625
5060001 3.40535
5070001 3.17551
5080001 3.15765
5090001 3.1776
5100001 3.14775
5110001 3.11291
5120001 3.10999
5130001 3.09227
5140001 3.09325
5150001 3.38606
5160001 3.68099
5170001 3.04201
5180001 2.99767
5190001 4.28835
5200001 4.82607
5210001 3.42952
5220001 7.57379
5230001 4.71898
5240001 3.50418
5250001 3.13059
5260001 6.03696
5270001 4.01004
5280001 3.39031
5290001 3.12631
5300001 3.06689
5310001 3.08353
5320001 3.06403
5330001 3.03819
5340001 3.05263
5350001 3.02949
5360001 3.02538
5370001 3.3477
5380001 3.67133
5390001 3.11272
5400001 2.95234
5410001 4.31684
5420001 4.82893
5430001 3.67347
5440001 7.54778
5450001 4.67925
5460001 3.77235
5470001 3.10252
5480001 6.03077
5490001 4.16738
5500001 3.36276
5510001 3.08109
5520001 3.06043
5530001 3.09898
5540001 3.05113
5550001 3.05494
5560001 3.04615
5570001 3.02396
5580001 3.00867
5590001 3.3098
5600001 3.66023
5610001 3.08588
5620001 2.92699
5630001 5.45315
5640001 6.4369
5650001 4.37112
5660001 8.20268
5670001 3.77887
5680001 3.38284
5690001 3.03787
5700001 3.67076
5710001 4.11171
5720001 3.44088
5730001 3.05148
5740001 3.036
5750001 3.06262
5760001 3.05295
5770001 3.02023
5780001 3.01643
5790001 2.99113
5800001 3.00502
5810001 3.00026
5820001 4.01681
5830001 3.19565
5840001 2.95423
5850001 2.90294
5860001 6.4463
5870001 4.35867
5880001 4.11547
5890001 4.61625
5900001 3.39089
5910001 3.03662
5920001 3.67534
5930001 3.96731
5940001 3.46371
5950001 3.1453
5960001 3.07133
5970001 3.06479
5980001 3.07095
5990001 3.02445
6000001 3.02637
6010001 2.99836
6020001 3.00717
6030001 3.00172
6040001 3.19003
6050001 3.2203
6060001 2.96947
6070001 2.90314
6080001 4.67773
6090001 4.37034
6100001 4.09758
6110001 4.60333
6120001 3.64784
6130001 3.01959
6140001 3.68669
6150001 4.13354
6160001 3.42715
6170001 3.14342
6180001 3.06249
6190001 3.04254
6200001 3.05321
6210001 3.01781
6220001 3.01196
6230001 2.97047
6240001 3.01718
6250001 3.00869
6260001 3.20954
6270001 3.60895
6280001 2.97138
6290001 2.91147
6300001 4.72654
6310001 5.21972
6320001 4.08592
6330001 4.59096
6340001 3.63792
6350001 3.10456
6360001 3.70461
6370001 4.13532
6380001 3.45079
6390001 3.14328
6400001 3.09553
6410001 3.05013
6420001 3.10878
6430001 3.03315
6440001 3.02322
6450001 3.02821
6460001 3.0291
6470001 3.03627
6480001 3.24365
6490001 3.60744
6500001 3.08143
6510001 2.95574
6520001 5.52338
6530001 6.29053
6540001 4.86813
6550001 4.14762
6560001 3.42916
6570001 3.07851
6580001 3.72314
6590001 4.17999
6600001 3.52779
6610001 3.23751
6620001 3.12538
6630001 3.10448
6640001 3.10182
6650001 3.03884
6660001 3.06579
6670001 3.05877
6680001 3.04119
6690001 3.06306
6700001 3.35628
6710001 4.00982
6720001 3.17823
6730001 2.94618
6740001 2.94091
6750001 6.32569
6760001 4.86168
6770001 5.59239
6780001 3.44207
6790001 3.0941
6800001 3.73451
6810001 4.16413
6820001 3.49531
6830001 3.27438
6840001 3.14806
6850001 3.10222
6860001 3.10421
6870001 3.07907
6880001 3.05321
6890001 3.05598
6900001 3.03808
6910001 3.0624
6920001 3.05059
6930001 3.22667
6940001 3.17402
6950001 2.92319
6960001 2.9035
6970001 4.44723
6980001 4.84356
6990001 5.58793
7000001 3.97194
7010001 3.07385
7020001 3.73213
7030001 4.16597
7040001 3.48821
7050001 3.24971
7060001 3.19154
7070001 3.08611
7080001 3.06535
7090001 3.06067
7100001 3.0395
7110001 3.02669
7120001 3.00461
7130001 3.0333
7140001 3.02189
7150001 3.20414
7160001 3.51326
7170001 2.96579
7180001 2.90273
7190001 4.44247
7200001 5.81934
7210001 5.60164
7220001 3.97708
7230001 3.14205
7240001 3.73245
7250001 4.21407
7260001 3.56168
7270001 3.24556
7280001 3.17047
7290001 3.10126
7300001 3.07668
7310001 3.09905
7320001 3.06435
7330001 3.05202
7340001 3.00358
7350001 3.035
7360001 3.01615
7370001 3.18511
7380001 3.53267
7390001 3.16984
7400001 2.89095
7410001 5.38916
7420001 6.32479
7430001 6.20132
7440001 3.71674
7450001 3.07363
7460001 3.63828
7470001 4.64919
7480001 3.38554
7490001 3.17454
7500001 3.15224
7510001 3.10332
7520001 3.0544
7530001 3.08298
7540001 3.02191
7550001 3.0213
7560001 2.97212
7570001 2.99864
7580001 3.00589
7590001 3.31591
7600001 4.01672
7610001 3.17962
7620001 2.87863
7630001 5.39558
7640001 6.32302
7650001 6.20524
7660001 4.62721
7670001 3.07729
7680001 3.64156
7690001 5.14507
7700001 3.37028
7710001 3.15509
7720001 3.14061
7730001 3.10143
7740001 3.08704
7750001 3.08046
7760001 3.06342
7770001 3.04493
7780001 2.99537
7790001 3.009
7800001 2.97195
7810001 2.97103
7820001 4.02891
7830001 3.18837
7840001 2.88278
7850001 2.89219
7860001 6.3471
7870001 7.91555
7880001 4.63667
7890001 3.29152
7900001 3.69322
7910001 5.16863
7920001 3.43783
7930001 3.18596
7940001 3.17633
7950001 3.16092
7960001 3.11865
7970001 3.08402
7980001 3.09363
7990001 3.07317
8000001 3.02465
8010001 3.04171
8020001 3.04993
8030001 3.02815
8040001 3.21499
8050001 3.23043
8060001 2.92115
8070001 2.92678
8080001 4.70182
8090001 10.3965
8100001 4.65841
8110001 3.33959
8120001 4.12873
8130001 5.25354
8140001 3.55064
8150001 3.26785
8160001 3.25572
8170001 3.21407
8180001 3.13973
8190001 3.09337
8200001 3.09396
8210001 3.07219
8220001 3.00876
8230001 3.02033
8240001 3.06408
8250001 3.0484
8260001 3.22471
8270001 4.11028
8280001 2.97414
8290001 2.89461
8300001 4.85343
8310001 9.90081
8320001 5.25832
8330001 3.28297
8340001 3.65382
8350001 4.90286
8360001 3.31053
8370001 3.11703
8380001 3.11727
8390001 3.09557
8400001 3.08144
8410001 3.01353
8420001 3.03876
8430001 2.99405
8440001 2.95809
8450001 2.96556
8460001 3.00117
8470001 2.99862
8480001 3.34313
8490001 4.10658
8500001 2.95299
8510001 2.86386
8520001 4.84037
8530001 9.89821
8540001 5.25844
8550001 3.77813
8560001 3.6631
8570001 4.90947
8580001 3.35575
8590001 3.11577
8600001 3.11066
8610001 3.11715
8620001 3.0821
8630001 3.05516
8640001 3.0445
8650001 3.01964
8660001 2.97462
8670001 2.98932
8680001 3.01076
8690001 2.99716
8700001 2.98398
8710001 4.09506
8720001 2.94926
8730001 2.8649
8740001 5.26322
8750001 9.88272
8760001 5.2451
8770001 3.77551
8780001 4.22214
8790001 4.9069
8800001 3.35745
8810001 3.13762
8820001 3.12533
8830001 3.11863
8840001 3.10692
8850001 3.09137
8860001 3.07783
8870001 3.07274
8880001 3.01785
8890001 3.04252
8900001 3.05822
8910001 3.04376
8920001 3.0325
8930001 3.1879
8940001 2.98799
8950001 2.90871
8960001 5.28894
8970001 7.57762
8980001 5.78108
8990001 3.82722
9000001 4.33791
9010001 6.02581
9020001 3.34701
9030001 3.10756
9040001 3.08377
9050001 3.10186
9060001 3.10351
9070001 3.11121
9080001 3.07386
9090001 3.09065
9100001 3.01063
9110001 3.00079
9120001 2.97192
9130001 2.98508
9140001 2.97721
9150001 3.33244
9160001 3.33856
9170001 2.88751
9180001 4.42465
9190001 6.85588
9200001 7.13685
9210001 3.91035
9220001 3.85596
9230001 4.81934
9240001 3.50197
9250001 2.98546
9260001 2.95895
9270001 2.9947
9280001 3.0169
9290001 3.03999
9300001 2.99157
9310001 3.02763
9320001 2.95728
9330001 2.96577
9340001 2.95572
9350001 2.96372
9360001 2.97649
9370001 3.33205
9380001 4.11355
9390001 2.95316
9400001 4.42184
9410001 6.86729
9420001 7.14006
9430001 4.50752
9440001 3.86613
9450001 4.82629
9460001 3.49843
9470001 3.00066
9480001 2.97238
9490001 2.98628
9500001 3.03091
9510001 3.06958
9520001 3.03011
9530001 3.06011
9540001 2.98631
9550001 3.00012
9560001 2.98908
9570001 2.98745
9580001 3.00678
9590001 3.36813
9600001 4.1062
9610001 2.99282
9620001 5.26102
9630001 7.19301
9640001 7.15252
9650001 4.53329
9660001 4.68301
9670001 4.8438
9680001 3.54971
9690001 3.08897
9700001 3.05626
9710001 3.06459
9720001 3.09713
9730001 3.15145
9740001 3.1015
9750001 3.10917
9760001 3.05624
9770001 3.05499
9780001 3.04868
9790001 3.0427
9800001 3.05433
9810001 3.0575
9820001 4.12992
9830001 3.01702
9840001 5.26988
9850001 6.65348
9860001 5.80251
9870001 4.79475
9880001 4.78803
9890001 6.37583
9900001 3.52921
9910001 3.07661
9920001 3.0493
9930001 3.03824
9940001 3.03531
9950001 3.04035
9960001 3.03783
9970001 3.01636
9980001 2.98862
9990001 2.98035
10000001 2.97585
10010001 2.98852
10020001 2.99325
10030001 3.00687
10040001 3.36887
10050001 3.55018
10060001 4.78748
10070001 6.80976
10080001 5.87336
10090001 5.95065
10100001 4.28417
10110001 4.96623
10120001 3.44126
10130001 2.99076
10140001 2.98195
10150001 2.96133
10160001 3.00115
10170001 3.00993
10180001 3.01524
10190001 3.00566
10200001 2.97422
10210001 2.9673
10220001 2.95483
10230001 2.93938
10240001 3.01121
10250001 3.02272
10260001 3.37811
10270001 3.56706
10280001 5.29998
10290001 6.81987
10300001 5.87917
10310001 5.9627
10320001 5.26864
10330001 4.98205
10340001 3.46231
10350001 3.02035
10360001 2.97659
10370001 2.95271
10380001 2.97187
10390001 3.01063
10400001 3.03508
10410001 2.99212
10420001 2.97431
10430001 2.95719
10440001 2.96004
10450001 2.92892
10460001 2.96337
10470001 2.97922
10480001 3.35505
10490001 3.55658
10500001 5.2624
10510001 7.92236
10520001 5.92118
10530001 5.97305
10540001 5.2956
10550001 6.87705
10560001 3.47991
10570001 3.02187
10580001 3.01384
10590001 2.99334
10600001 2.99954
10610001 3.01633
10620001 3.06247
10630001 3.05078
10640001 3.0021
10650001 2.99766
10660001 2.98773
10670001 2.95612
10680001 2.97877
10690001 2.99381
10700001 2.95586
10710001 3.56164
10720001 5.21029
10730001 6.25997
10740001 4.64144
10750001 7.08761
10760001 5.51532
10770001 7.11615
10780001 4.06452
10790001 3.06238
10800001 3.03306
10810001 3.02835
10820001 3.01276
10830001 3.02498
10840001 3.0655
10850001 3.05202
10860001 3.01045
10870001 3.00004
10880001 2.97517
10890001 2.95296
10900001 2.96757
10910001 2.9959
10920001 2.96068
10930001 3.09721
10940001 4.54236
10950001 6.43285
10960001 4.65287
10970001 4.57569
10980001 5.50898
10990001 6.2567
11000001 3.90899
11010001 3.09634
11020001 3.0055
11030001 3.00808
11040001 2.99685
11050001 3.00976
11060001 3.03088
11070001 3.05097
11080001 3.00054
11090001 3.0062
11100001 2.97537
11110001 2.94432
11120001 2.95022
11130001 3.00784
11140001 2.97686
11150001 3.11102
11160001 5.72586
11170001 6.43952
11180001 4.65847
11190001 4.5807
11200001 6.73698
11210001 6.26973
11220001 3.91383
11230001 3.20796
11240001 3.04388
11250001 3.0555
11260001 3.05777
11270001 3.0666
11280001 3.11281
11290001 3.13486
11300001 3.07443
11310001 3.09395
11320001 3.04868
11330001 3.02637
11340001 3.03981
11350001 3.05475
11360001 3.05863
11370001 3.2135
11380001 5.7328
11390001 8.25168
11400001 5.2564
11410001 4.67919
11420001 6.78044
11430001 7.7036
11440001 3.97626
11450001 3.28633
11460001 3.10144
11470001 3.08562
11480001 3.07882
11490001 3.0754
11500001 3.11208
11510001 3.14178
11520001 3.08798
11530001 3.08234
11540001 3.0396
11550001 3.01924
11560001 3.02142
11570001 3.03353
11580001 3.01521
11590001 3.36317
11600001 5.231
11610001 6.89899
11620001 4.52875
11630001 3.43675
11640001 7.57698
11650001 7.04511
11660001 4.47308
11670001 3.18346
11680001 3.02533
11690001 3.00539
11700001 3.02581
11710001 3.01186
11720001 3.02208
11730001 3.07991
11740001 3.02421
11750001 3.00869
11760001 2.98492
11770001 2.94747
11780001 2.94856
11790001 2.98122
11800001 2.9769
11810001 2.97046
11820001 5.59974
11830001 6.92074
11840001 4.52558
11850001 3.84494
11860001 6.33136
11870001 7.05348
11880001 4.51752
11890001 3.35544
11900001 3.00905
11910001 2.99804
11920001 3.01725
11930001 3.00531
11940001 3.02373
11950001 3.03619
11960001 3.02188
11970001 3.01117
11980001 2.99551
11990001 2.95506
12000001 2.95122
12010001 2.98246
12020001 2.98822
12030001 2.98406
12040001 5.59986
12050001 9.18415
12060001 4.53469
12070001 3.85939
12080001 6.34525
12090001 9.09431
12100001 4.5213
12110001 3.38343
12120001 3.09028
12130001 3.06661
12140001 3.11018
12150001 3.0959
12160001 3.12479
12170001 3.15505
12180001 3.16496
12190001 3.15835
12200001 3.14934
12210001 3.10677
12220001 3.10382
12230001 3.097
12240001 3.12134
12250001 3.1374
12260001 5.676
12270001 9.20316
12280001 5.58117
12290001 3.95392
12300001 6.43659
12310001 9.12061
12320001 5.33716
12330001 3.48728
12340001 3.17605
12350001 3.16091
12360001 3.16707
12370001 3.15313
12380001 3.14593
12390001 3.18008
12400001 3.18537
12410001 3.16628
12420001 3.15484
12430001 3.1086
12440001 3.11111
12450001 3.09819
12460001 3.10464
12470001 3.13647
12480001 5.24837
12490001 7.78027
12500001 4.88553
12510001 3.84369
12520001 7.13414
12530001 9.40411
12540001 5.51275
12550001 3.85497
12560001 3.20358
12570001 3.17789
12580001 3.14532
12590001 3.12978
12600001 3.12538
12610001 3.13996
12620001 3.16168
12630001 3.13337
12640001 3.11932
12650001 3.0824
12660001 3.07093
12670001 3.06126
12680001 3.0959
12690001 3.10888
12700001 5.38877
12710001 7.78556
12720001 4.88581
12730001 3.84269
12740001 4.07528
12750001 9.40642
12760001 5.51485
12770001 3.98478
12780001 3.29276
12790001 3.17778
12800001 3.15098
12810001 3.15364
12820001 3.12577
12830001 3.13569
12840001 3.12018
12850001 3.12339
12860001 3.1149
12870001 3.09339
12880001 3.07414
12890001 3.06257
12900001 3.09694
12910001 3.12382
12920001 5.37477
12930001 7.39364
12940001 4.89586
12950001 3.84805
12960001 4.08904
12970001 7.55354
12980001 6.96795
12990001 3.99079
13000001 3.28877
13010001 3.17662
13020001 3.14744
13030001 3.14679
13040001 3.12339
13050001 3.13678
13060001 3.09443
13070001 3.09073
13080001 3.08077
13090001 3.05016
13100001 3.02501
13110001 3.00607
13120001 2.9967
13130001 3.05614
13140001 5.30587
13150001 7.33828
13160001 6.12231
13170001 4.42555
13180001 4.07283
13190001 7.55948
13200001 6.86673
13210001 4.41687
13220001 3.2591
13230001 3.1412
13240001 3.12224
13250001 3.11219
13260001 3.07273
13270001 3.07136
13280001 3.06481
13290001 3.08315
13300001 3.06137
13310001 3.04332
13320001 3.00981
13330001 3.0022
13340001 2.99405
13350001 3.05254
13360001 5.28664
13370001 5.67298
13380001 6.01159
13390001 4.33517
13400001 4.14246
13410001 7.41971
13420001 7.86583
13430001 4.86549
13440001 3.6139
13450001 3.06799
13460001 3.04393
13470001 3.02918
13480001 3.00646
13490001 3.00701
13500001 3.013
13510001 3.03118
13520001 3.01217
13530001 2.98186
13540001 2.96589
13550001 2.93902
13560001 2.92536
13570001 2.97799
13580001 2.99425
13590001 7.30431
13600001 6.00574
13610001 4.32822
13620001 3.31018
13630001 6.37107
13640001 7.8592
13650001 4.86081
13660001 3.60845
13670001 3.18699
13680001 3.03578
13690001 3.00969
13700001 3.02275
13710001 3.0103
13720001 2.99259
13730001 3.03852
13740001 3.00914
13750001 2.98703
13760001 2.97901
13770001 2.94859
13780001 2.93673
13790001 2.98509
13800001 3.00633
13810001 7.30676
13820001 4.7742
13830001 4.28656
13840001 3.26754
13850001 6.32707
13860001 5.7111
13870001 4.84024
13880001 3.60503
13890001 3.20461
13900001 3.08825
13910001 3.0457
13920001 3.04456
13930001 3.02741
13940001 2.99666
13950001 2.9895
13960001 2.99882
13970001 2.97102
13980001 2.96198
13990001 2.92488
14000001 2.90626
14010001 2.91719
14020001 2.97901
14030001 7.21688
14040001 4.70461
14050001 5.24152
14060001 3.25095
14070001 6.31451
14080001 5.72713
14090001 5.93209
14100001 3.59061
14110001 3.16686
14120001 3.03173
14130001 3.02212
14140001 3.00857
14150001 2.99131
14160001 2.9644
14170001 2.97602
14180001 3.00418
14190001 2.96494
14200001 2.96222
14210001 2.92436
14220001 2.89747
14230001 2.91421
14240001 2.95664
14250001 5.81278
14260001 4.09461
14270001 5.1332
14280001 3.52273
14290001 5.64615
14300001 6.4457
14310001 7.16949
14320001 4.59491
14330001 3.32381
14340001 3.06948
14350001 3.04301
14360001 3.00678
14370001 2.9938
14380001 2.93146
14390001 2.9544
14400001 2.98288
14410001 2.94498
14420001 2.94267
14430001 2.8952
14440001 2.8767
14450001 2.88473
14460001 2.95164
14470001 7.21741
14480001 4.08717
14490001 5.12574
14500001 3.51611
14510001 6.41886
14520001 6.96937
14530001 7.15808
14540001 4.59223
14550001 3.87346
14560001 3.07055
14570001 3.0507
14580001 2.98314
14590001 2.99763
14600001 2.93799
14610001 2.94887
14620001 2.99471
14630001 2.95561
14640001 2.95065
14650001 2.90976
14660001 2.88528
14670001 2.89
14680001 2.95733
14690001 7.21435
14700001 4.62091
14710001 5.1249
14720001 3.49807
14730001 6.4108
14740001 4.32307
14750001 5.16384
14760001 4.59611
14770001 3.87302
14780001 3.23501
14790001 3.05346
14800001 2.97101
14810001 2.99708
14820001 2.90792
14830001 2.91098
14840001 2.91521
14850001 2.91186
14860001 2.89512
14870001 2.89979
14880001 2.83233
14890001 2.83749
14900001 2.89997
14910001 7.20015
14920001 4.60422
14930001 3.64777
14940001 4.10593
14950001 6.41639
14960001 4.31016
14970001 5.15872
14980001 5.57971
14990001 3.85608
15000001 3.21135
15010001 3.04106
15020001 2.94373
15030001 2.97535
15040001 2.89565
15050001 2.90329
15060001 2.91482
15070001 2.92133
15080001 2.91037
15090001 2.889
15100001 2.80976
15110001 2.8091
15120001 2.81992
15130001 5.81225
15140001 3.81856
15150001 3.48446
15160001 4.53389
15170001 6.7479
15180001 3.78039
15190001 5.89444
15200001 6.71996
15210001 5.18555
15220001 3.38522
15230001 3.10499
15240001 2.96581
15250001 2.98806
15260001 2.8866
15270001 2.86855
15280001 2.90538
15290001 2.90416
15300001 2.88849
15310001 2.89592
15320001 2.81796
15330001 2.82893
15340001 2.82158
15350001 7.23198
15360001 4.61975
15370001 3.48758
15380001 4.53005
15390001 3.79706
15400001 4.08089
15410001 5.8909
15420001 6.71614
15430001 5.185
15440001 4.07608
15450001 3.12326
15460001 2.97829
15470001 2.9741
15480001 2.90863
15490001 2.88796
15500001 2.90987
15510001 2.93041
15520001 2.91676
15530001 2.91004
15540001 2.84719
15550001 2.8505
15560001 2.85467
15570001 4.5054
15580001 4.61561
15590001 3.54113
15600001 4.57587
15610001 4.00111
15620001 4.18065
15630001 3.38704
15640001 6.78388
15650001 5.28157
15660001 4.211
15670001 3.51633
15680001 3.15911
15690001 3.14724
15700001 3.06773
15710001 3.03965
15720001 3.0734
15730001 3.09514
15740001 3.07555
15750001 3.05889
15760001 2.99495
15770001 2.99555
15780001 2.99469
15790001 4.52934
15800001 4.65434
15810001 3.59835
15820001 3.28152
15830001 4.04445
15840001 4.20323
15850001 3.41045
15860001 4.83136
15870001 5.29823
15880001 4.2942
15890001 3.52042
15900001 3.17246
15910001 3.141
15920001 3.08386
15930001 3.03288
15940001 3.06955
15950001 3.04668
15960001 3.05191
15970001 3.01495
15980001 2.95608
15990001 2.95148
16000001 2.93624
16010001 5.18948
16020001 4.0475
16030001 3.32547
16040001 3.38036
16050001 4.8613
16060001 3.85558
16070001 3.26093
16080001 5.7084
16090001 6.89453
16100001 4.46771
16110001 3.64431
16120001 3.23719
16130001 3.19882
16140001 3.13767
16150001 3.02953
16160001 3.03587
16170001 3.03364
16180001 3.04707
16190001 3.02391
16200001 2.96672
16210001 2.95298
16220001 2.94009
16230001 5.18973
16240001 4.90157
16250001 3.32957
16260001 3.38244
16270001 4.85645
16280001 4.48193
16290001 3.37724
16300001 5.72121
16310001 6.88984
16320001 5.3227
16330001 3.6626
16340001 3.26993
16350001 3.23981
16360001 3.149
16370001 3.05765
16380001 3.05839
16390001 3.06747
16400001 3.07671
16410001 3.06931
16420001 2.98939
16430001 2.9787
16440001 2.98589
16450001 5.21724
16460001 4.87834
16470001 3.66507
16480001 3.41459
16490001 4.80692
16500001 4.41361
16510001 3.34769
16520001 3.04642
16530001 6.88347
16540001 5.31681
16550001 4.23881
16560001 3.35953
16570001 3.26975
16580001 3.1674
16590001 3.10499
16600001 3.10848
16610001 3.09818
16620001 3.14898
16630001 3.12233
16640001 3.06364
16650001 3.05272
16660001 3.02744
16670001 5.26183
16680001 4.8876
16690001 3.70214
16700001 3.15242
16710001 4.3846
16720001 4.43871
16730001 3.38736
16740001 3.09449
16750001 5.35151
16760001 5.32129
16770001 4.2733
16780001 3.60546
16790001 3.33572
16800001 3.22819
16810001 3.1557
16820001 3.14914
16830001 3.16187
16840001 3.11418
16850001 3.13347
16860001 3.07175
16870001 3.05903
16880001 3.04106
16890001 5.25884
16900001 4.8359
16910001 3.68182
16920001 3.17808
16930001 4.14528
16940001 5.08871
16950001 3.32773
16960001 3.10406
16970001 5.3762
16980001 6.5012
16990001 4.29096
17000001 3.61729
17010001 3.36825
17020001 3.24461
17030001 3.16228
17040001 3.1565
17050001 3.14466
17060001 3.13398
17070001 3.15659
17080001 3.09538
17090001 3.08678
17100001 3.05508
17110001 5.26159
17120001 6.00119
17130001 4.22359
17140001 3.1833
17150001 4.16036
17160001 5.15304
17170001 3.57866
17180001 3.11306
17190001 5.38277
17200001 6.8365
17210001 5.0369
17220001 3.61968
17230001 3.3338
17240001 3.22711
17250001 3.16933
17260001 3.16445
17270001 3.1621
17280001 3.16323
17290001 3.19768
17300001 3.12606
17310001 3.09377
17320001 3.03899
17330001 5.05975
17340001 5.93834
17350001 4.19738
17360001 3.30215
17370001 4.11109
17380001 6.89394
17390001 3.57519
17400001 3.14582
17410001 5.67167
17420001 6.96431
17430001 5.02924
17440001 4.13177
17450001 3.27963
17460001 3.18787
17470001 3.10015
17480001 3.13574
17490001 3.12764
17500001 3.1295
17510001 3.15827
17520001 3.09403
17530001 3.06558
17540001 3.04719
17550001 5.04588
17560001 7.00922
17570001 4.09975
17580001 3.29925
17590001 3.79097
17600001 6.88979
17610001 3.60557
17620001 3.1764
17630001 3.0895
17640001 6.94398
17650001 5.01926
17660001 4.13307
17670001 3.40446
17680001 3.19842
17690001 3.10637
17700001 3.14879
17710001 3.14068
17720001 3.13699
17730001 3.10991
17740001 3.10481
17750001 3.02817
17760001 3.0335
17770001 5.01082
17780001 6.97677
17790001 4.06238
17800001 3.26245
17810001 3.32406
17820001 5.03806
17830001 3.63456
17840001 3.1314
17850001 3.05197
17860001 5.47874
17870001 6.30459
17880001 4.15012
17890001 3.42805
17900001 3.20709
17910001 3.11636
17920001 3.15296
17930001 3.14647
17940001 3.14618
17950001 3.12271
17960001 3.11136
17970001 3.03989
17980001 3.0356
17990001 5.1518
18000001 6.9538
18010001 4.91443
18020001 3.27355
18030001 3.34429
18040001 5.05081
18050001 4.23983
18060001 3.31898
18070001 3.19905
18080001 5.70247
18090001 6.28406
18100001 4.87034
18110001 3.54171
18120001 3.33326
18130001 3.2296
18140001 3.26277
18150001 3.26679
18160001 3.23896
18170001 3.24672
18180001 3.25643
18190001 3.14744
18200001 3.18807
18210001 5.22783
18220001 7.16964
18230001 4.91234
18240001 3.62846
18250001 3.49393
18260001 5.10292
18270001 4.30048
18280001 3.41485
18290001 3.25682
18300001 5.71304
18310001 6.2541
18320001 4.84447
18330001 3.9008
18340001 3.4005
18350001 3.29669
18360001 3.29025
18370001 3.33071
18380001 3.29399
18390001 3.31308
18400001 3.31113
18410001 3.22919
18420001 3.23308
18430001 5.36029
18440001 7.13047
18450001 4.88486
18460001 3.6024
18470001 3.8691
18480001 5.97425
18490001 4.28032
18500001 3.40662
18510001 3.24842
18520001 3.16017
18530001 6.25156
18540001 4.84254
18550001 3.92156
18560001 3.44928
18570001 3.27061
18580001 3.26189
18590001 3.29173
18600001 3.26072
18610001 3.22706
18620001 3.24403
18630001 3.17406
18640001 3.17223
18650001 4.93751
18660001 7.00947
18670001 4.79937
18680001 3.52063
18690001 3.44681
18700001 4.8128
18710001 3.51713
18720001 3.48385
18730001 3.27201
18740001 3.15375
18750001 5.42391
18760001 5.12803
18770001 3.85283
18780001 3.3606
18790001 3.16683
18800001 3.16225
18810001 3.21001
18820001 3.1739
18830001 3.17864
18840001 3.16427
18850001 3.12706
18860001 3.11146
18870001 4.88014
18880001 6.57285
18890001 4.57392
18900001 3.85794
18910001 3.45543
18920001 4.78047
18930001 3.4752
18940001 3.90554
18950001 3.24785
18960001 3.12296
18970001 5.40011
18980001 6.2516
18990001 3.82016
19000001 3.36385
19010001 3.16305
19020001 3.15329
19030001 3.20296
19040001 3.17314
19050001 3.17911
19060001 3.16395
19070001 3.14678
19080001 3.10746
19090001 5.31555
19100001 6.54284
19110001 4.54299
19120001 3.82557
19130001 3.8288
19140001 4.73001
19150001 3.83146
19160001 3.88282
19170001 3.43176
19180001 3.10717
19190001 5.3971
19200001 6.26327
19210001 4.31088
19220001 3.36574
19230001 3.16633
19240001 3.14528
19250001 3.17061
19260001 3.17061
19270001 3.15594
19280001 3.17354
19290001 3.14973
19300001 3.1219
19310001 5.12238
19320001 6.52028
19330001 4.61946
19340001 3.83587
19350001 3.83761
19360001 5.922
19370001 3.8485
19380001 3.90814
19390001 3.4626
19400001 3.17786
19410001 6.1899
19420001 6.57104
19430001 4.38174
19440001 3.72298
19450001 3.24989
19460001 3.24208
19470001 3.24731
19480001 3.25354
19490001 3.24051
19500001 3.21535
19510001 3.2092
19520001 3.19302
19530001 5.12498
19540001 6.81874
19550001 5.1622
19560001 3.8721
19570001 3.52224
19580001 4.85329
19590001 3.51076
19600001 4.4205
19610001 3.76295
19620001 3.33177
19630001 3.25425
19640001 4.77687
19650001 4.47168
19660001 3.74927
19670001 3.2621
19680001 3.23841
19690001 3.24082
19700001 3.25713
19710001 3.2192
19720001 3.20032
19730001 3.14871
19740001 3.20467
19750001 5.30802
19760001 6.79089
19770001 5.18271
19780001 3.82861
19790001 3.48347
19800001 4.80777
19810001 3.45181
19820001 3.34238
19830001 4.34595
19840001 3.30096
19850001 3.21969
19860001 4.77008
19870001 5.55592
19880001 3.75901
19890001 3.25359
19900001 3.22652
19910001 3.23401
19920001 3.2514
19930001 3.20351
19940001 3.18302
19950001 3.13529
19960001 3.1902
19970001 5.30892
19980001 6.60124
19990001 4.98156
20000001 3.71286
20010001 4.05354
20020001 4.75955
20030001 3.40512
20040001 3.29679
20050001 4.28413
20060001 3.51906
20070001 3.19958
20080001 4.74892
20090001 6.44153
20100001 4.52869
20110001 3.28976
20120001 3.25082
20130001 3.20113
20140001 3.22088
20150001 3.15853
20160001 3.09427
20170001 3.07788
20180001 3.14734
20190001 4.49116
20200001 5.67519
20210001 4.36083
20220001 3.44451
20230001 3.91304
20240001 5.84583
20250001 3.66023
20260001 3.20689
20270001 4.24346
20280001 3.44463
20290001 3.15522
20300001 5.55069
20310001 6.68873
20320001 4.5713
20330001 3.47692
20340001 3.13341
20350001 3.13731
20360001 3.13564
20370001 3.12806
20380001 3.07074
20390001 3.00982
20400001 3.09037
20410001 5.20884
20420001 5.6616
20430001 4.49333
20440001 3.41169
20450001 3.87199
20460001 4.73023
20470001 3.2759
20480001 2.95552
20490001 4.20664
20500001 3.41541
20510001 3.14349
20520001 3.02239
20530001 6.70464
20540001 4.59101
20550001 3.5034
20560001 3.15712
20570001 3.14569
20580001 3.13607
20590001 3.11522
20600001 3.07739
20610001 3.03598
20620001 3.10539
20630001 5.22444
20640001 7.07061
20650001 4.50133
20660001 3.40646
20670001 3.86595
20680001 4.74075
20690001 3.27945
20700001 2.95944
20710001 3.32723
20720001 3.45568
20730001 3.18039
20740001 3.04269
20750001 5.1894
20760001 4.83083
20770001 3.6107
20780001 3.16947
20790001 3.15347
20800001 3.14211
20810001 3.1222
20820001 3.0962
20830001 3.08377
20840001 3.12089
20850001 4.91809
20860001 6.28477
20870001 4.40608
20880001 3.55483
20890001 3.95624
20900001 6.19814
20910001 3.41342
20920001 3.17502
20930001 3.48918
20940001 4.06216
20950001 3.27412
20960001 3.14301
20970001 5.60678
20980001 5.90968
20990001 3.59462
21000001 3.16687
21010001 3.16145
21020001 3.14354
21030001 3.16608
21040001 3.14062
21050001 3.09901
21060001 3.17635
21070001 5.37202
21080001 6.29358
21090001 4.49293
21100001 3.53443
21110001 3.92555
21120001 6.17981
21130001 3.80829
21140001 3.1803
21150001 3.50794
21160001 4.05243
21170001 3.4824
21180001 3.16619
21190001 5.59382
21200001 5.91786
21210001 4.02144
21220001 3.20093
21230001 3.21013
21240001 3.18548
21250001 3.16521
21260001 3.18424
21270001 3.14431
21280001 3.20365
21290001 5.39654
21300001 7.19885
21310001 4.47003
21320001 3.49937
21330001 3.95625
21340001 6.1454
21350001 3.7848
21360001 3.19554
21370001 3.44561
21380001 4.05204
21390001 3.49525
21400001 3.17395
21410001 3.0685
21420001 5.94828
21430001 4.03922
21440001 3.30907
21450001 3.20015
21460001 3.18064
21470001 3.15592
21480001 3.17019
21490001 3.14568
21500001 3.18975
21510001 5.11767
21520001 7.08852
21530001 4.48078
21540001 4.04742
21550001 3.82726
21560001 6.15954
21570001 3.83415
21580001 3.27524
21590001 3.18529
21600001 3.42211
21610001 3.59907
21620001 3.19934
21630001 3.09096
21640001 4.5104
21650001 4.2061
21660001 3.43025
21670001 3.19285
21680001 3.1806
21690001 3.16383
21700001 3.16886
21710001 3.11977
21720001 3.1576
21730001 5.24683
21740001 6.53856
21750001 4.88658
21760001 3.98411
21770001 4.01251
21780001 5.97384
21790001 3.79808
21800001 3.28956
21810001 3.2144
21820001 3.4803
21830001 4.15936
21840001 3.22991
21850001 3.11762
21860001 4.52309
21870001 5.01263
21880001 3.45877
21890001 3.20729
21900001 3.2004
21910001 3.17758
21920001 3.19165
21930001 3.13302
21940001 3.18955
21950001 5.26997
21960001 7.21666
21970001 4.9188
21980001 3.98761
21990001 3.99644
22000001 5.93233
22010001 4.53002
22020001 3.37244
22030001 3.137
22040001 3.4646
22050001 4.10589
22060001 3.35373
22070001 3.05228
22080001 4.50091
22090001 5.01122
22100001 3.73517
22110001 3.21058
22120001 3.20326
22130001 3.18751
22140001 3.17762
22150001 3.1327
22160001 3.14426
22170001 5.21516
22180001 7.15351
22190001 4.84735
22200001 3.80315
22210001 3.94525
22220001 6.08505
22230001 4.47717
22240001 3.29333
22250001 3.06792
22260001 3.41934
22270001 4.1406
22280001 3.30654
22290001 3.02744
22300001 5.43112
22310001 6.26279
22320001 4.28106
22330001 3.48108
22340001 3.21426
22350001 3.19408
22360001 3.12587
22370001 3.10371
22380001 3.1224
22390001 5.23311
22400001 5.45479
22410001 4.27312
22420001 3.4738
22430001 3.86051
22440001 5.76939
22450001 4.32728
22460001 3.25212
22470001 3.06573
22480001 3.0639
22490001 4.14624
22500001 3.32029
22510001 3.02874
22520001 3.00371
22530001 6.29566
22540001 4.32325
22550001 3.52415
22560001 3.30468
22570001 3.24659
22580001 3.17432
22590001 3.13918
22600001 3.17038
22610001 5.25086
22620001 7.0734
22630001 4.28945
22640001 3.70098
22650001 3.86275
22660001 5.75186
22670001 4.31097
22680001 3.19501
22690001 3.00251
22700001 3.00372
22710001 3.18241
22720001 3.27159
22730001 2.99377
22740001 2.9813
22750001 4.56015
22760001 5.21349
22770001 3.522
22780001 3.32572
22790001 3.28162
22800001 3.179
22810001 3.15167
22820001 3.15808
22830001 5.24407
22840001 7.06951
22850001 4.27397
22860001 3.68829
22870001 3.85847
22880001 5.92128
22890001 4.30489
22900001 3.63341
22910001 2.99558
22920001 2.97782
22930001 3.1594
22940001 4.04088
22950001 3.14126
22960001 2.96103
22970001 4.56995
22980001 6.05923
22990001 4.0687
23000001 3.31813
23010001 3.25082
23020001 3.14228
23030001 3.14448
23040001 3.14748
23050001 5.30559
23060001 6.75713
23070001 3.87914
23080001 3.42575
23090001 3.88232
23100001 5.33809
23110001 4.13497
23120001 3.55253
23130001 3.04513
23140001 3.03688
23150001 3.29709
23160001 4.04426
23170001 3.10843
23180001 2.94253
23190001 5.42475
23200001 6.30294
23210001 4.10109
23220001 3.5586
23230001 3.18972
23240001 3.08548
23250001 3.03868
23260001 3.07864
23270001 5.93046
23280001 5.52867
23290001 3.82626
23300001 3.45537
23310001 3.0501
23320001 5.77031
23330001 4.09863
23340001 3.50755
23350001 2.99836
23360001 2.97549
23370001 2.98351
23380001 4.02006
23390001 3.08331
23400001 2.91751
23410001 2.86555
23420001 6.30365
23430001 4.09897
23440001 3.55252
23450001 3.26083
23460001 3.0815
23470001 3.01501
23480001 3.06173
23490001 3.06528
23500001 7.05884
23510001 3.79996
23520001 3.43744
23530001 3.05379
23540001 5.77867
23550001 4.09303
23560001 3.50784
23570001 2.95709
23580001 2.93396
23590001 2.9367
23600001 3.17345
23610001 3.10888
23620001 2.90774
23630001 2.84573
23640001 4.75911
23650001 4.13547
23660001 3.59024
23670001 3.34336
23680001 3.20147
23690001 3.10283
23700001 3.14007
23710001 3.12435
23720001 7.03315
23730001 4.51529
23740001 3.4643
23750001 3.11613
23760001 5.75812
23770001 4.13721
23780001 3.51207
23790001 3.19316
23800001 2.99755
23810001 2.99652
23820001 3.28561
23830001 3.4975
23840001 2.96063
23850001 2.90178
23860001 5.44474
23870001 5.41184
23880001 3.70042
23890001 3.3137
23900001 3.14711
23910001 3.05522
23920001 3.11416
23930001 3.10436
23940001 5.96533
23950001 4.13202
23960001 3.44471
23970001 3.12365
23980001 5.79847
23990001 4.12247
24000001 3.52881
24010001 3.21095
24020001 3.00161
24030001 2.9834
24040001 3.26486
24050001 3.47209
24060001 3.0314
24070001 2.86422
24080001 5.42179
24090001 5.43991
24100001 4.20001
24110001 3.31936
24120001 3.14527
24130001 3.06018
24140001 3.10949
24150001 3.09371
24160001 7.19306
24170001 4.13121
24180001 3.45228
24190001 3.135
24200001 5.77719
24210001 4.10374
24220001 3.5048
24230001 3.19283
24240001 2.97936
24250001 2.95527
24260001 3.24908
24270001 3.48322
24280001 3.03804
24290001 2.85486
24300001 5.96455
24310001 5.6495
24320001 4.22359
24330001 3.6067
24340001 3.12355
24350001 3.05362
24360001 3.0451
24370001 3.07273
24380001 7.1851
24390001 4.85336
24400001 3.42994
24410001 3.11704
24420001 5.68025
24430001 4.13944
24440001 3.43015
24450001 3.1516
24460001 2.9497
24470001 2.93147
24480001 2.94203
24490001 3.97806
24500001 3.20823
24510001 2.86004
24520001 2.82508
24530001 4.87477
24540001 4.46763
24550001 3.68921
24560001 3.3174
24570001 3.07761
24580001 3.05772
24590001 3.09483
24600001 7.04652
24610001 4.429
24620001 3.77026
24630001 3.1766
24640001 5.78765
24650001 3.80584
24660001 3.36922
24670001 3.14328
24680001 2.99186
24690001 2.99148
24700001 2.9826
24710001 3.17352
24720001 3.65091
24730001 2.86576
24740001 2.82767
24750001 5.44271
24760001 5.48215
24770001 3.66913
24780001 3.28087
24790001 3.07114
24800001 3.04724
24810001 3.0792
24820001 7.22679
24830001 4.41898
24840001 3.73758
24850001 3.14792
24860001 5.77664
24870001 3.75888
24880001 3.29283
24890001 3.07788
24900001 3.06372
24910001 2.94519
24920001 2.95557
24930001 3.15062
24940001 3.66877
24950001 2.92988
24960001 2.82394
24970001 5.45153
24980001 5.50977
24990001 4.14851
25000001 3.30018
25010001 3.10002
25020001 3.07388
25030001 3.0897
25040001 7.24812
25050001 5.00054
25060001 3.76747
25070001 3.1743
25080001 5.78061
25090001 3.84023
25100001 3.32185
25110001 3.10953
25120001 3.0902
25130001 2.95258
25140001 2.96595
25150001 3.18372
25160001 3.96529
25170001 3.01734
25180001 2.85483
25190001 5.48036
25200001 5.51477
25210001 4.10708
25220001 3.47279
25230001 3.12701
25240001 3.10194
25250001 3.0772
25260001 7.21833
25270001 4.97656
25280001 4.09722
25290001 3.15124
25300001 3.73865
25310001 3.77748
25320001 3.3606
25330001 3.17776
25340001 3.15067
25350001 2.9946
25360001 3.00697
25370001 3.0131
25380001 3.97662
25390001 3.01698
25400001 2.87246
25410001 2.86513
25420001 6.33475
25430001 4.42731
25440001 3.51842
25450001 3.06089
25460001 3.06017
25470001 3.02958
25480001 4.75107
25490001 4.56667
25500001 3.96512
25510001 3.17935
25520001 3.76523
25530001 4.18473
25540001 3.40023
25550001 3.16673
25560001 3.13616
25570001 2.98847
25580001 2.99351
25590001 2.99682
25600001 3.21061
25610001 3.01869
25620001 2.85388
25630001 2.84827
25640001 4.82062
25650001 4.43883
25660001 3.52627
25670001 3.06055
25680001 3.08207
25690001 3.02482
25700001 4.74675
25710001 5.04522
25720001 3.95038
25730001 3.29277
25740001 3.72614
25750001 4.16519
25760001 3.35725
25770001 3.12194
25780001 3.10454
25790001 3.07565
25800001 2.99516
25810001 2.99894
25820001 3.21241
25830001 3.89122
25840001 2.87845
25850001 2.87689
25860001 4.82207
25870001 5.35944
25880001 3.5272
25890001 3.0783
25900001 3.10318
25910001 3.05344
25920001 4.75244
25930001 5.05659
25940001 4.20127
25950001 3.33749
25960001 3.7913
25970001 4.1469
25980001 3.46997
25990001 3.18661
26000001 3.14572
26010001 3.09614
26020001 2.98589
26030001 3.01247
26040001 3.31658
26050001 3.92787
26060001 2.92169
26070001 2.87247
26080001 4.85296
26090001 5.36416
26100001 3.94739
26110001 3.1035
26120001 3.14814
26130001 3.02235
26140001 4.59537
26150001 4.96279
26160001 4.14902
26170001 3.32423
26180001 3.78391
26190001 4.2262
26200001 3.44232
26210001 3.19511
26220001 3.1652
26230001 3.0954
26240001 2.97404
26250001 2.96556
26260001 3.2676
26270001 3.90641
26280001 2.88026
26290001 2.82957
26300001 2.85784
26310001 6.2178
26320001 4.19771
26330001 3.06923
26340001 3.04401
26350001 2.99956
26360001 4.5793
26370001 4.95145
26380001 3.94657
26390001 3.3394
26400001 3.77161
26410001 4.19404
26420001 3.35716
26430001 3.12794
26440001 3.07405
26450001 3.03533
26460001 2.9193
26470001 2.92607
26480001 2.95938
26490001 3.07583
26500001 2.87138
26510001 2.82651
26520001 2.84777
26530001 4.65391
26540001 4.27059
26550001 3.1335
26560001 3.05808
26570001 3.0501
26580001 4.59308
26590001 4.95146
26600001 3.95088
26610001 3.33537
26620001 3.57736
26630001 4.10569
26640001 3.44909
26650001 3.09238
26660001 3.05601
26670001 3.01314
26680001 2.89252
26690001 2.90391
26700001 2.9331
26710001 3.2113
26720001 3.2851
26730001 2.80645
26740001 2.80649
26750001 4.68862
26760001 5.16257
26770001 3.30508
26780001 3.00947
26790001 3.0158
26800001 4.53678
26810001 4.94214
26820001 4.1195
26830001 3.33487
26840001 3.5728
26850001 3.64834
26860001 3.15634
26870001 2.95532
26880001 2.91111
26890001 2.8951
26900001 2.91403
26910001 2.86354
26920001 2.8928
26930001 3.19734
26940001 3.29463
26950001 2.8557
26960001 2.78264
26970001 4.68353
26980001 5.99451
26990001 3.93242
27000001 2.93915
27010001 2.94689
27020001 4.44799
27030001 4.32303
27040001 3.83214
27050001 3.28895
27060001 3.53044
27070001 4.48996
27080001 3.11528
27090001 2.92173
27100001 2.87493
27110001 2.87319
27120001 2.87134
27130001 2.81514
27140001 2.86469
27150001 3.16769
27160001 3.29261
27170001 2.84435
27180001 2.77538
27190001 5.4291
27200001 6.20641
27210001 4.03507
27220001 3.04099
27230001 2.97354
27240001 4.46233
27250001 4.77924
27260001 3.81733
27270001 3.25568
27280001 3.88151
27290001 4.48793
27300001 3.17561
27310001 2.95556
27320001 2.9161
27330001 2.90826
27340001 2.92006
27350001 2.8881
27360001 2.92508
27370001 2.93357
27380001 3.82521
27390001 3.03255
27400001 2.84973
27410001 2.85294
27420001 6.26347
27430001 4.09025
27440001 3.08566
27450001 2.97351
27460001 4.47195
27470001 5.84398
27480001 3.97679
27490001 3.29607
27500001 3.56247
27510001 4.96797
27520001 3.12596
27530001 2.96881
27540001 2.95525
27550001 2.93478
27560001 2.95302
27570001 2.89744
27580001 2.91925
27590001 2.92596
27600001 3.10202
27610001 3.03348
27620001 2.83321
27630001 2.82338
27640001 4.59407
27650001 4.97767
27660001 3.07535
27670001 2.94621
27680001 5.13926
27690001 5.84416
27700001 3.97744
27710001 3.31222
27720001 3.58604
27730001 4.98826
27740001 3.13977
27750001 2.98593
27760001 2.95331
27770001 2.9295
27780001 2.9485
27790001 2.94294
27800001 2.92917
27810001 2.92601
27820001 3.10336
27830001 3.39442
27840001 2.90596
27850001 2.79988
27860001 5.47625
27870001 6.19404
27880001 3.4448
27890001 2.9387
27900001 4.26983
27910001 5.6344
27920001 3.5283
27930001 3.09493
27940001 3.79585
27950001 4.84702
27960001 3.08364
27970001 2.93505
27980001 2.93354
27990001 2.8939
28000001 2.91255
28010001 2.90235
28020001 2.88146
28030001 2.9098
28040001 3.08638
28050001 3.43887
28060001 2.94294
28070001 2.84408
28080001 5.5052
28090001 6.23337
28100001 3.47966
28110001 3.06904
28120001 4.29759
28130001 5.64479
28140001 3.73694
28150001 3.13319
28160001 3.55361
28170001 4.85104
28180001 3.10729
28190001 2.97455
28200001 3.04627
28210001 3.04481
28220001 3.02009
28230001 3.00672
28240001 2.98961
28250001 3.00275
28260001 2.97438
28270001 3.89188
28280001 3.09132
28290001 2.86803
28300001 2.86667
28310001 6.25334
28320001 3.49065
28330001 3.07496
28340001 5.02622
28350001 5.65677
28360001 3.7313
28370001 3.14232
28380001 3.54632
28390001 5.25954
28400001 3.13912
28410001 2.99834
28420001 3.01435
28430001 2.9933
28440001 2.95781
28450001 2.94623
28460001 2.92619
28470001 2.94185
28480001 2.92014
28490001 3.13738
28500001 3.05873
28510001 2.82813
28520001 2.82341
28530001 4.40836
28540001 3.47708
28550001 3.05443
28560001 5.00406
28570001 7.12044
28580001 3.71035
28590001 3.12245
28600001 3.80359
28610001 5.25917
28620001 3.33348
28630001 2.99964
28640001 2.98879
28650001 2.9396
28660001 2.92196
28670001 2.89578
28680001 2.90122
28690001 2.90105
28700001 2.88006
28710001 3.09165
28720001 3.46011
28730001 2.81873
28740001 2.81395
28750001 5.33645
28760001 4.6791
28770001 3.27106
28780001 4.1523
28790001 5.56898
28800001 3.66246
28810001 2.97621
28820001 3.769
28830001 5.09639
28840001 3.64363
28850001 2.93587
28860001 2.93454
28870001 2.96476
28880001 2.95129
28890001 2.92404
28900001 2.92677
28910001 2.92713
28920001 2.91254
28930001 3.11227
28940001 3.84853
28950001 2.96627
28960001 2.83347
28970001 5.37443
28980001 6.16972
28990001 3.53961
29000001 4.14488
29010001 5.56494
29020001 3.66547
29030001 3.00251
29040001 3.54535
29050001 5.18881
29060001 3.65735
29070001 3.04054
29080001 3.03523
29090001 3.01909
29100001 2.98194
29110001 2.9739
29120001 2.95845
29130001 2.94765
29140001 2.92171
29150001 3.21965
29160001 3.88628
29170001 2.96745
29180001 2.81348
29190001 5.93442
29200001 6.19047
29210001 3.52246
29220001 4.97168
29230001 5.54058
29240001 3.66434
29250001 3.00321
29260001 3.54669
29270001 5.17076
29280001 3.85802
29290001 2.95831
29300001 2.95009
29310001 2.96404
29320001 2.95023
29330001 2.91705
29340001 2.89781
29350001 2.88913
29360001 2.87308
29370001 2.88182
29380001 3.86457
29390001 2.94701
29400001 2.80796
29410001 2.79329
29420001 4.20305
29430001 3.53471
29440001 4.97386
29450001 7.4483
29460001 3.84618
29470001 2.99213
29480001 3.81568
29490001 5.11508
29500001 3.8208
29510001 2.98414
29520001 2.90554
29530001 2.88212
29540001 2.9002
29550001 2.87774
29560001 2.84733
29570001 2.86684
29580001 2.85529
29590001 2.86201
29600001 3.05108
29610001 3.49282
29620001 2.81371
29630001 2.80723
29640001 5.37484
29650001 5.12034
29660001 4.01628
29670001 5.49138
29680001 3.64518
29690001 2.8793
29700001 3.54606
29710001 5.79442
29720001 3.822
29730001 2.99704
29740001 2.92826
29750001 2.90835
29760001 2.90816
29770001 2.91545
29780001 2.87903
29790001 2.91509
29800001 2.89504
29810001 2.89687
29820001 3.19932
29830001 3.90663
29840001 2.92208
29850001 2.80171
29860001 5.38603
29870001 5.11484
29880001 5.16537
29890001 5.51488
29900001 3.65505
29910001 2.96421
29920001 3.56758
29930001 5.16961
29940001 3.83619
29950001 3.01842
29960001 2.97234
29970001 2.92602
29980001 2.94689
29990001 2.89602
