1 2195.59
10001 151.642
20001 89.5043
30001 63.4913
40001 49.0814
50001 39.5431
60001 32.705
70001 27.7309
80001 23.9707
90001 21.0163
100001 18.6376
110001 16.6504
120001 15.0272
130001 13.8874
140001 12.8014
150001 12.054
160001 11.0198
170001 10.3091
180001 9.71661
190001 9.21444
200001 8.74981
210001 8.34097
220001 7.9482
230001 7.57938
240001 7.25179
250001 7.27698
260001 7.32066
270001 6.73965
280001 6.46581
290001 6.29292
300001 6.1516
310001 5.99379
320001 5.86245
330001 5.7138
340001 5.54326
350001 5.39031
360001 5.70931
370001 5.98537
380001 5.34786
390001 5.16703
400001 5.09905
410001 5.08209
420001 4.9735
430001 4.92321
440001 4.8427
450001 4.73949
460001 4.61884
470001 5.04488
480001 4.87228
490001 4.77705
500001 4.58778
510001 4.5531
520001 4.58889
530001 4.4954
540001 4.47406
550001 4.42272
560001 4.34243
570001 4.23491
580001 4.78376
590001 4.55279
600001 4.49265
610001 4.28542
620001 4.26517
630001 4.31847
640001 4.23849
650001 4.22877
660001 4.18985
670001 4.1196
680001 4.02434
690001 4.70556
700001 4.42478
710001 4.31514
720001 4.10914
730001 4.09531
740001 4.16622
750001 4.08561
760001 4.08254
770001 4.04676
780001 3.98864
790001 3.89363
800001 4.59303
810001 4.30946
820001 4.23785
830001 3.99818
840001 3.98603
850001 4.05862
860001 3.98158
870001 3.99524
880001 3.95491
890001 3.91078
900001 3.81144
910001 4.65745
920001 4.24879
930001 4.19567
940001 3.92351
950001 3.91185
960001 3.99447
970001 3.91299
980001 3.92891
990001 3.89021
1000001 3.8508
1010001 3.75104
1020001 4.60751
1030001 4.26276
1040001 4.14215
1050001 3.87171
1060001 3.85904
1070001 3.93525
1080001 3.86484
1090001 3.87908
1100001 3.84618
1110001 3.80536
1120001 3.70947
1130001 4.00504
1140001 4.22121
1150001 4.14119
1160001 3.8319
1170001 3.81926
1180001 3.89845
1190001 3.82739
1200001 3.8435
1210001 3.81371
1220001 3.78283
1230001 3.68191
1240001 4.02509
1250001 4.26952
1260001 4.15199
1270001 3.80641
1280001 3.79274
1290001 3.79485
1300001 3.80018
1310001 3.81262
1320001 3.79132
1330001 3.75674
1340001 3.65518
1350001 4.00085
1360001 4.24561
1370001 4.12944
1380001 3.79196
1390001 3.77069
1400001 3.7732
1410001 3.77428
1420001 3.77001
1430001 3.77394
1440001 3.74208
1450001 3.64518
1460001 4.05232
1470001 3.90099
1480001 4.16597
1490001 3.77792
1500001 3.75039
1510001 3.7552
1520001 3.75633
1530001 3.75485
1540001 3.75668
1550001 3.7291
1560001 3.6312
1570001 4.06079
1580001 3.94904
1590001 4.2648
1600001 3.79274
1610001 3.73591
1620001 3.73969
1630001 3.74321
1640001 3.74308
1650001 3.74868
1660001 3.71646
1670001 3.61598
1680001 4.05607
1690001 3.93718
1700001 4.25304
1710001 3.78112
1720001 3.7224
1730001 3.72821
1740001 3.73116
1750001 3.72798
1760001 3.73904
1770001 3.70796
1780001 3.61467
1790001 4.11676
1800001 3.97776
1810001 4.39253
1820001 3.78589
1830001 3.7159
1840001 3.71957
1850001 3.72169
1860001 3.71937
1870001 3.7328
1880001 3.69983
1890001 3.6137
1900001 4.11124
1910001 4.03527
1920001 4.46632
1930001 3.78766
1940001 3.71022
1950001 3.70972
1960001 3.72763
1970001 3.71398
1980001 3.72449
1990001 3.69686
2000001 3.61854
2010001 3.54511
2020001 4.03346
2030001 4.46129
2040001 3.84469
2050001 3.70435
2060001 3.70374
2070001 3.72207
2080001 3.70974
2090001 3.71928
2100001 3.69191
2110001 3.6126
2120001 3.54799
2130001 4.1111
2140001 4.57339
2150001 3.83773
2160001 3.69745
2170001 3.70243
2180001 3.76286
2190001 3.70388
2200001 3.71724
2210001 3.68942
2220001 3.62771
2230001 3.54024
2240001 4.10724
2250001 3.92777
2260001 3.87506
2270001 3.69261
2280001 3.6936
2290001 3.77234
2300001 3.70164
2310001 3.71194
2320001 3.68852
2330001 3.63066
2340001 3.53828
2350001 4.18558
2360001 3.94337
2370001 3.89868
2380001 3.68978
2390001 3.68887
2400001 3.76783
2410001 3.69856
2420001 3.7098
2430001 3.68748
2440001 3.62744
2450001 3.54511
2460001 4.29515
2470001 4.00259
2480001 3.89631
2490001 3.68698
2500001 3.6858
2510001 3.77362
2520001 3.69796
2530001 3.7087
2540001 3.68294
2550001 3.63153
2560001 3.5418
2570001 4.29411
2580001 3.99816
2590001 3.93096
2600001 3.68544
2610001 3.68165
2620001 3.76851
2630001 3.69137
2640001 3.71493
2650001 3.68148
2660001 3.64191
2670001 3.54638
2680001 4.43656
2690001 4.01285
2700001 3.96231
2710001 3.68475
2720001 3.67865
2730001 3.7703
2740001 3.68981
2750001 3.71321
2760001 3.67965
2770001 3.64343
2780001 3.54462
2790001 4.43539
2800001 4.08078
2810001 3.95965
2820001 3.68486
2830001 3.67624
2840001 3.75962
2850001 3.68918
2860001 3.70931
2870001 3.67946
2880001 3.64082
2890001 3.54652
2900001 3.85399
2910001 4.07714
2920001 3.99657
2930001 3.68243
2940001 3.67371
2950001 3.7581
2960001 3.68723
2970001 3.70788
2980001 3.67994
2990001 3.65122
3000001 3.55117
3010001 3.90333
3020001 4.15489
3030001 4.03616
3040001 3.68564
3050001 3.67504
3060001 3.67803
3070001 3.68562
3080001 3.7019
3090001 3.68271
3100001 3.64938
3110001 3.54885
3120001 3.90265
3130001 4.15132
3140001 4.03375
3150001 3.69285
3160001 3.67376
3170001 3.67678
3180001 3.68016
3190001 3.67838
3200001 3.68481
3210001 3.65412
3220001 3.55706
3230001 3.97222
3240001 3.81829
3250001 4.08755
3260001 3.69579
3270001 3.67028
3280001 3.67587
3290001 3.67735
3300001 3.67802
3310001 3.6826
3320001 3.6546
3330001 3.5585
3340001 3.9702
3350001 3.88054
3360001 4.20077
3370001 3.69403
3380001 3.66875
3390001 3.6729
3400001 3.67749
3410001 3.67975
3420001 3.68674
3430001 3.65507
3440001 3.55658
3450001 4.00034
3460001 3.88054
3470001 4.19916
3480001 3.72391
3490001 3.66703
3500001 3.6715
3510001 3.67508
3520001 3.67479
3530001 3.68665
3540001 3.65567
3550001 3.56298
3560001 4.06877
3570001 3.92944
3580001 4.34713
3590001 3.73753
3600001 3.66818
3610001 3.67243
3620001 3.67475
3630001 3.67319
3640001 3.68878
3650001 3.65595
3660001 3.56976
3670001 4.071
3680001 3.92743
3690001 4.42628
3700001 3.74618
3710001 3.6693
3720001 3.66925
3730001 3.6873
3740001 3.67483
3750001 3.68551
3760001 3.65907
3770001 3.56533
3780001 3.50881
3790001 3.99902
3800001 4.42759
3810001 3.747
3820001 3.66888
3830001 3.66867
3840001 3.68718
3850001 3.67661
3860001 3.68679
3870001 3.66016
3880001 3.58047
3890001 3.5183
3900001 4.08204
3910001 4.54522
3920001 3.8071
3930001 3.6674
3940001 3.67198
3950001 3.7332
3960001 3.6748
3970001 3.68925
3980001 3.66073
3990001 3.59983
4000001 3.51388
4010001 4.08132
4020001 4.5462
4030001 3.84935
4040001 3.66673
4050001 3.66784
4060001 3.74718
4070001 3.67612
4080001 3.68797
4090001 3.66393
4100001 3.60718
4110001 3.51457
4120001 4.16387
4130001 3.91999
4140001 3.87535
4150001 3.66669
4160001 3.6663
4170001 3.74564
4180001 3.6769
4190001 3.68806
4200001 3.6664
4210001 3.60567
4220001 3.51289
4230001 4.27722
4240001 3.98185
4250001 3.87594
4260001 3.66675
4270001 3.66585
4280001 3.75445
4290001 3.67845
4300001 3.69003
4310001 3.66484
4320001 3.61256
4330001 3.5239
4340001 4.27774
4350001 3.97998
4360001 3.91349
4370001 3.66814
4380001 3.66421
4390001 3.75099
4400001 3.67385
4410001 3.69776
4420001 3.66527
4430001 3.6256
4440001 3.53059
4450001 4.42256
4460001 3.99701
4470001 3.94759
4480001 3.66941
4490001 3.66325
4500001 3.75499
4510001 3.67442
4520001 3.6989
4530001 3.66427
4540001 3.62947
4550001 3.53049
4560001 4.42256
4570001 4.06931
4580001 3.94532
4590001 3.66778
4600001 3.66305
4610001 3.74638
4620001 3.67577
4630001 3.69694
4640001 3.66647
4650001 3.62753
4660001 3.53342
4670001 3.84232
4680001 4.06531
4690001 3.98453
4700001 3.67005
4710001 3.66192
4720001 3.74656
4730001 3.67518
4740001 3.69625
4750001 3.66875
4760001 3.63967
4770001 3.54034
4780001 3.89179
4790001 4.1439
4800001 4.02575
4810001 3.67462
4820001 3.66114
4830001 3.66707
4840001 3.67407
4850001 3.69157
4860001 3.67179
4870001 3.63938
4880001 3.539
4890001 3.89301
4900001 4.14265
4910001 4.0238
4920001 3.68312
4930001 3.66416
4940001 3.6694
4950001 3.67082
4960001 3.66888
4970001 3.67636
4980001 3.6453
4990001 3.5483
5000001 3.96384
5010001 3.80896
5020001 4.079
5030001 3.68706
5040001 3.66165
5050001 3.66722
5060001 3.66904
5070001 3.66854
5080001 3.67499
5090001 3.64505
5100001 3.55031
5110001 3.96319
5120001 3.87237
5130001 4.19129
5140001 3.68641
5150001 3.66069
5160001 3.66533
5170001 3.66973
5180001 3.67215
5190001 3.6779
5200001 3.64741
5210001 3.54959
5220001 3.99397
5230001 3.87309
5240001 4.19218
5250001 3.71679
5260001 3.66038
5270001 3.66381
5280001 3.66818
5290001 3.66725
5300001 3.67937
5310001 3.64948
5320001 3.55612
5330001 4.0614
5340001 3.92289
5350001 4.34072
5360001 3.7312
5370001 3.66162
5380001 3.66584
5390001 3.66817
5400001 3.66717
5410001 3.6829
5420001 3.65008
5430001 3.56473
5440001 4.06526
5450001 3.92182
5460001 4.42184
5470001 3.74019
5480001 3.66328
5490001 3.66348
5500001 3.68228
5510001 3.6689
5520001 3.68019
5530001 3.65385
5540001 3.5613
5550001 3.50398
5560001 3.99295
5570001 4.42181
5580001 3.74125
5590001 3.66404
5600001 3.6633
5610001 3.68193
5620001 3.67236
5630001 3.6814
5640001 3.65548
5650001 3.57534
5660001 3.51227
5670001 4.07821
5680001 4.54007
5690001 3.8021
5700001 3.66367
5710001 3.66676
5720001 3.72816
5730001 3.67002
5740001 3.68475
5750001 3.65604
5760001 3.59593
5770001 3.51006
5780001 4.07671
5790001 4.54119
5800001 3.84529
5810001 3.66225
5820001 3.6636
5830001 3.7279
5840001 3.67222
5850001 3.68317
5860001 3.65955
5870001 3.60331
5880001 3.51061
5890001 4.16
5900001 3.91553
5910001 3.86982
5920001 3.66227
5930001 3.66228
5940001 3.74197
5950001 3.67259
5960001 3.68399
5970001 3.66244
5980001 3.60115
5990001 3.50985
6000001 4.15642
6010001 3.9781
6020001 3.87233
6030001 3.6627
6040001 3.66247
6050001 3.75081
6060001 3.67499
6070001 3.68648
6080001 3.66169
6090001 3.60927
6100001 3.52028
6110001 4.27408
6120001 3.97658
6130001 3.91013
6140001 3.6645
6150001 3.66092
6160001 3.74736
6170001 3.67052
6180001 3.69238
6190001 3.6626
6200001 3.62346
6210001 3.52729
6220001 4.41985
6230001 3.99402
6240001 3.94425
6250001 3.66617
6260001 3.66066
6270001 3.75213
6280001 3.67148
6290001 3.69561
6300001 3.66117
6310001 3.62437
6320001 3.52779
6330001 4.4201
6340001 4.06798
6350001 3.94237
6360001 3.66431
6370001 3.66023
6380001 3.74383
6390001 3.67323
6400001 3.69405
6410001 3.66366
6420001 3.62525
6430001 3.531
6440001 3.83929
6450001 4.063
6460001 3.98222
6470001 3.66761
6480001 3.65899
6490001 3.7437
6500001 3.67267
6510001 3.69345
6520001 3.66587
6530001 3.63677
6540001 3.53743
6550001 3.89032
6560001 4.14122
6570001 4.02242
6580001 3.67221
6590001 3.65879
6600001 3.66474
6610001 3.6714
6620001 3.68947
6630001 3.66887
6640001 3.63701
6650001 3.53742
6660001 3.89076
6670001 4.14119
6680001 4.02194
6690001 3.68075
6700001 3.66214
6710001 3.66627
6720001 3.66809
6730001 3.66625
6740001 3.67465
6750001 3.64369
6760001 3.54631
6770001 3.96175
6780001 3.80653
6790001 4.07663
6800001 3.68452
6810001 3.65962
6820001 3.66482
6830001 3.66702
6840001 3.66601
6850001 3.67291
6860001 3.64222
6870001 3.5496
6880001 3.9617
6890001 3.86944
6900001 4.189
6910001 3.68411
6920001 3.659
6930001 3.66342
6940001 3.66759
6950001 3.67006
6960001 3.6747
6970001 3.64564
6980001 3.54722
6990001 3.9926
7000001 3.87092
7010001 4.1901
7020001 3.71481
7030001 3.65851
7040001 3.66183
7050001 3.6666
7060001 3.66692
7070001 3.67728
7080001 3.64732
7090001 3.5544
7100001 4.05971
7110001 3.9205
7120001 4.33901
7130001 3.72921
7140001 3.65982
7150001 3.66405
7160001 3.66575
7170001 3.66551
7180001 3.68118
7190001 3.64847
7200001 3.56227
7210001 4.06361
7220001 3.92112
7230001 4.33963
7240001 3.73891
7250001 3.6615
7260001 3.66175
7270001 3.68234
7280001 3.66742
7290001 3.67853
7300001 3.65206
7310001 3.56077
7320001 3.502
7330001 3.99117
7340001 4.41995
7350001 3.73921
7360001 3.66217
7370001 3.66226
7380001 3.68059
7390001 3.67001
7400001 3.67998
7410001 3.65385
7420001 3.57337
7430001 3.5031
7440001 4.07644
7450001 4.53754
7460001 3.80037
7470001 3.66187
7480001 3.6648
7490001 3.72694
7500001 3.66825
7510001 3.68329
7520001 3.6531
7530001 3.5947
7540001 3.50852
7550001 4.07591
7560001 4.54078
7570001 3.84369
7580001 3.66096
7590001 3.66186
7600001 3.72681
7610001 3.67111
7620001 3.68099
7630001 3.65808
7640001 3.59429
7650001 3.50952
7660001 4.15846
7670001 3.91418
7680001 3.84341
7690001 3.66102
7700001 3.66116
7710001 3.74031
7720001 3.67132
7730001 3.68285
7740001 3.66106
7750001 3.59966
7760001 3.50803
7770001 4.1556
7780001 3.97689
7790001 3.87105
7800001 3.6618
7810001 3.66117
7820001 3.74946
7830001 3.67358
7840001 3.68516
7850001 3.66044
7860001 3.60808
7870001 3.51849
7880001 4.27285
7890001 3.97607
7900001 3.9091
7910001 3.66322
7920001 3.65974
7930001 3.74622
7940001 3.67133
7950001 3.68628
7960001 3.66097
7970001 3.62334
7980001 3.52534
7990001 4.41811
8000001 3.99299
8010001 3.94415
8020001 3.66402
8030001 3.65995
8040001 3.75107
8050001 3.67061
8060001 3.69449
8070001 3.65969
8080001 3.62248
8090001 3.52616
8100001 4.41902
8110001 3.9937
8120001 3.94203
8130001 3.66332
8140001 3.65904
8150001 3.74157
8160001 3.67261
8170001 3.6927
8180001 3.66252
8190001 3.62377
8200001 3.53016
8210001 3.83804
8220001 4.0619
8230001 3.98139
8240001 3.66671
8250001 3.65778
8260001 3.7426
8270001 3.67182
8280001 3.69143
8290001 3.66461
8300001 3.63611
8310001 3.53632
8320001 3.84027
8330001 4.14002
8340001 4.02197
8350001 3.67128
8360001 3.65817
8370001 3.66383
8380001 3.67058
8390001 3.68847
8400001 3.66665
8410001 3.6364
8420001 3.53721
8430001 3.88986
8440001 4.14001
8450001 4.02087
8460001 3.67963
8470001 3.66107
8480001 3.66533
8490001 3.66651
8500001 3.66482
8510001 3.67389
8520001 3.64264
8530001 3.54625
8540001 3.95989
8550001 3.80567
8560001 4.07565
8570001 3.68296
8580001 3.6587
8590001 3.66392
8600001 3.66581
8610001 3.66537
8620001 3.67217
8630001 3.64075
8640001 3.54967
8650001 3.96074
8660001 3.87021
8670001 4.18578
8680001 3.68303
8690001 3.65759
8700001 3.66245
8710001 3.66653
8720001 3.66918
8730001 3.67269
8740001 3.64477
8750001 3.54606
8760001 3.99225
8770001 3.87037
8780001 4.18914
8790001 3.71399
8800001 3.65758
8810001 3.66105
8820001 3.66698
8830001 3.66784
8840001 3.67661
8850001 3.6462
8860001 3.55401
8870001 4.05921
8880001 3.91934
8890001 4.33799
8900001 3.72869
8910001 3.65858
8920001 3.66278
8930001 3.66456
8940001 3.66485
8950001 3.68063
8960001 3.64762
8970001 3.56191
8980001 4.06307
8990001 3.92079
9000001 4.33848
9010001 3.73775
9020001 3.66058
9030001 3.66099
9040001 3.68084
9050001 3.66648
9060001 3.67938
9070001 3.65132
9080001 3.56054
9090001 3.50144
9100001 3.98995
9110001 4.4189
9120001 3.7383
9130001 3.6612
9140001 3.66147
9150001 3.68002
9160001 3.66861
9170001 3.67899
9180001 3.65275
9190001 3.57245
9200001 3.50322
9210001 4.07735
9220001 4.53736
9230001 3.79972
9240001 3.66135
9250001 3.66408
9260001 3.72632
9270001 3.66777
9280001 3.68266
9290001 3.65192
9300001 3.59395
9310001 3.50831
9320001 4.07486
9330001 4.53958
9340001 3.84347
9350001 3.66059
9360001 3.66131
9370001 3.72951
9380001 3.67076
9390001 3.68036
9400001 3.65752
9410001 3.59375
9420001 3.50946
9430001 4.1579
9440001 3.91329
9450001 3.84333
9460001 3.65988
9470001 3.66037
9480001 3.73954
9490001 3.67049
9500001 3.68229
9510001 3.66067
9520001 3.59927
9530001 3.50876
9540001 4.15433
9550001 3.97882
9560001 3.87045
9570001 3.66124
9580001 3.66043
9590001 3.74879
9600001 3.67293
9610001 3.68435
9620001 3.65896
9630001 3.60721
9640001 3.51792
9650001 4.27138
9660001 3.97543
9670001 3.90848
9680001 3.6626
9690001 3.65876
9700001 3.74597
9710001 3.66992
9720001 3.68526
9730001 3.66068
9740001 3.62296
9750001 3.52609
9760001 4.41729
9770001 3.99259
9780001 3.91099
9790001 3.66191
9800001 3.65902
9810001 3.75041
9820001 3.66999
9830001 3.69415
9840001 3.65929
9850001 3.62195
9860001 3.52557
9870001 4.41832
9880001 3.99248
9890001 3.94179
9900001 3.66262
9910001 3.65853
9920001 3.74764
9930001 3.67136
9940001 3.69245
9950001 3.66209
9960001 3.6231
9970001 3.52975
9980001 3.83744
9990001 4.06131
