1 2195.61
10001 419.739
20001 292.661
30001 205.785
40001 152.354
50001 120.66
60001 98.1126
70001 80.7761
80001 68.5134
90001 57.1316
100001 50.032
110001 42.2942
120001 36.4593
130001 31.6979
140001 27.4089
150001 23.7685
160001 20.9784
170001 18.2883
180001 16.1413
190001 14.3033
200001 12.6277
210001 11.283
220001 10.0672
230001 9.09452
240001 8.25143
250001 7.59938
260001 6.98352
270001 6.55199
280001 6.17226
290001 5.83339
300001 6.38373
310001 5.55032
320001 6.54816
330001 5.12858
340001 4.8939
350001 5.5202
360001 4.79501
370001 9.5554
380001 5.25499
390001 4.85374
400001 4.73592
410001 4.67217
420001 4.41763
430001 4.38036
440001 4.28916
450001 4.25904
460001 4.24756
470001 4.2148
480001 4.19769
490001 4.19362
500001 4.14614
510001 4.14729
520001 14.5972
530001 6.57648
540001 4.34174
550001 4.57088
560001 4.13925
570001 4.8117
580001 5.13965
590001 4.03433
600001 6.56848
610001 4.16648
620001 4.02629
630001 3.98962
640001 3.97274
650001 3.88887
660001 3.85527
670001 3.77124
680001 3.86325
690001 3.80109
700001 3.74691
710001 3.76808
720001 3.72466
730001 3.70927
740001 5.76658
750001 3.98507
760001 7.34255
770001 3.96848
780001 3.7098
790001 3.73245
800001 3.7385
810001 3.71373
820001 5.35617
830001 4.09295
840001 3.97017
850001 3.92072
860001 3.7021
870001 3.67942
880001 3.62153
890001 3.61321
900001 3.61446
910001 3.58778
920001 3.58225
930001 3.60394
940001 3.5846
950001 3.61581
960001 9.38755
970001 8.22883
980001 3.86278
990001 5.64007
1000001 3.66749
1010001 3.73682
1020001 4.77926
1030001 3.7736
1040001 6.32957
1050001 3.89618
1060001 3.59772
1070001 3.60449
1080001 3.59204
1090001 3.49687
1100001 3.47307
1110001 3.43231
1120001 3.4698
1130001 3.40436
1140001 3.4093
1150001 3.40052
1160001 3.40788
1170001 3.3563
1180001 5.52529
1190001 4.16838
1200001 7.17491
1210001 3.908
1220001 3.40281
1230001 3.42884
1240001 3.56581
1250001 3.39789
1260001 6.2627
1270001 3.80907
1280001 3.81297
1290001 3.67172
1300001 3.48441
1310001 3.40141
1320001 3.36322
1330001 3.35626
1340001 3.35583
1350001 3.34506
1360001 3.32269
1370001 3.34949
1380001 3.34505
1390001 3.37544
1400001 3.33224
1410001 8.15661
1420001 4.20184
1430001 5.51419
1440001 3.61279
1450001 3.47254
1460001 7.48293
1470001 3.5692
1480001 10.9761
1490001 3.66388
1500001 3.42388
1510001 3.38839
1520001 3.40762
1530001 3.31661
1540001 3.29031
1550001 3.2681
1560001 3.21504
1570001 3.2781
1580001 3.23717
1590001 3.20735
1600001 3.22109
1610001 3.27145
1620001 3.18653
1630001 4.44104
1640001 3.34277
1650001 5.13516
1660001 3.22601
1670001 3.22078
1680001 3.39839
1690001 3.31113
1700001 6.15269
1710001 4.14638
1720001 3.67842
1730001 3.53961
1740001 3.53857
1750001 3.25077
1760001 3.21982
1770001 3.21884
1780001 3.19802
1790001 3.21559
1800001 3.22256
1810001 3.2201
1820001 3.21434
1830001 3.21765
1840001 3.22386
1850001 14.3975
1860001 4.09086
1870001 10.7822
1880001 3.4997
1890001 3.34251
1900001 4.03319
1910001 3.57236
1920001 3.26117
1930001 4.47997
1940001 3.32221
1950001 3.29743
1960001 3.29552
1970001 3.23723
1980001 3.19839
1990001 3.16276
2000001 3.07259
2010001 3.15655
2020001 3.12382
2030001 3.11342
2040001 3.1122
2050001 3.13103
2060001 3.07514
2070001 4.35663
2080001 3.42112
2090001 5.03557
2100001 3.33035
2110001 3.12103
2120001 4.19676
2130001 3.21623
2140001 8.93059
2150001 4.07581
2160001 3.6001
2170001 3.48684
2180001 3.45465
2190001 3.19787
2200001 3.18527
2210001 3.11808
2220001 3.11517
2230001 3.13921
2240001 3.13106
2250001 3.11696
2260001 3.14705
2270001 3.11695
2280001 3.12107
2290001 14.3863
2300001 6.02942
2310001 3.44968
2320001 3.75626
2330001 3.24285
2340001 3.97392
2350001 4.46578
2360001 3.16578
2370001 6.11956
2380001 3.32157
2390001 3.22569
2400001 3.20665
2410001 3.2007
2420001 3.10718
2430001 3.08338
2440001 3.00636
2450001 3.15529
2460001 3.07926
2470001 3.02489
2480001 3.04886
2490001 3.00909
2500001 3.0112
2510001 5.32265
2520001 3.357
2530001 7.01396
2540001 3.26623
2550001 3.06569
2560001 3.09815
2570001 3.11351
2580001 3.04307
2590001 4.95803
2600001 3.54694
2610001 3.41086
2620001 3.37927
2630001 3.1316
2640001 3.12085
2650001 3.06129
2660001 3.05774
2670001 3.0732
2680001 3.0517
2690001 3.04656
2700001 3.07185
2710001 3.0581
2720001 3.09067
2730001 9.20351
2740001 8.04405
2750001 3.38896
2760001 5.34789
2770001 3.19341
2780001 3.22675
2790001 4.42972
2800001 3.33507
2810001 6.10107
2820001 3.44082
2830001 3.14809
2840001 3.17283
2850001 3.16502
2860001 3.05815
2870001 3.03812
2880001 2.99677
2890001 3.0599
2900001 2.99038
2910001 3.00194
2920001 2.99004
2930001 2.99162
2940001 2.93831
2950001 5.28039
2960001 3.83941
2970001 6.98484
2980001 3.53642
2990001 3.01385
3000001 3.03431
3010001 3.20345
3020001 2.99338
3030001 6.07005
3040001 3.48391
3050001 3.39028
3060001 3.33771
3070001 3.13651
3080001 3.05092
3090001 3.01793
3100001 3.01255
3110001 3.01849
3120001 3.00725
3130001 2.98524
3140001 3.01584
3150001 3.00986
3160001 3.03929
3170001 3.00437
3180001 8.05014
3190001 3.94928
3200001 5.33033
3210001 3.32464
3220001 3.16048
3230001 7.36975
3240001 3.27646
3250001 10.9106
3260001 3.38364
3270001 3.12979
3280001 3.10465
3290001 3.12782
3300001 3.02991
3310001 3.0051
3320001 2.98352
3330001 2.93723
3340001 3.01208
3350001 2.96365
3360001 2.93125
3370001 2.947
3380001 2.99442
3390001 2.91296
3400001 4.23958
3410001 3.08702
3420001 4.9534
3430001 2.96109
3440001 2.95956
3450001 3.15935
3460001 3.06319
3470001 6.02046
3480001 3.94813
3490001 3.45214
3500001 3.31633
3510001 3.31177
3520001 3.01131
3530001 2.98223
3540001 2.98068
3550001 2.9604
3560001 2.98257
3570001 2.99199
3580001 2.9818
3590001 2.97194
3600001 2.97805
3610001 2.98769
3620001 14.3659
3630001 3.92217
3640001 10.7391
3650001 3.2924
3660001 3.12964
3670001 3.8448
3680001 3.38529
3690001 3.04986
3700001 4.34562
3710001 3.10583
3720001 3.08909
3730001 3.09489
3740001 3.03508
3750001 2.99431
3760001 2.95744
3770001 2.93305
3780001 2.96668
3790001 2.92678
3800001 2.91627
3810001 2.9195
3820001 2.93677
3830001 2.87518
3840001 4.2145
3850001 3.25552
3860001 4.91835
3870001 3.13696
3880001 2.93016
3890001 4.07153
3900001 3.04155
3910001 8.87169
3920001 3.93312
3930001 3.43543
3940001 3.31207
3950001 3.28468
3960001 3.02043
3970001 3.0071
3980001 2.94169
3990001 2.93929
4000001 2.96452
4010001 2.95776
4020001 2.94296
4030001 2.97217
4040001 2.94625
4050001 2.94533
4060001 14.3668
4070001 5.95104
4080001 3.29316
4090001 3.6173
4100001 3.08505
4110001 3.8113
4120001 4.36004
4130001 3.00781
4140001 6.05533
4150001 3.1553
4160001 3.06126
4170001 3.04903
4180001 3.05068
4190001 2.94961
4200001 2.92782
4210001 2.85078
4220001 3.01857
4230001 2.93223
4240001 2.87726
4250001 2.9009
4260001 2.85901
4270001 2.85892
4280001 5.23166
4290001 3.22919
4300001 6.95102
4310001 3.10797
4320001 2.91692
4330001 4.06664
4340001 2.97404
4350001 2.88311
4360001 4.86835
4370001 3.42459
4380001 3.27956
4390001 3.25377
4400001 2.99202
4410001 2.98903
4420001 2.92538
4430001 2.91929
4440001 2.93808
4450001 2.92174
4460001 2.9102
4470001 2.9376
4480001 2.92419
4490001 2.9541
4500001 9.16047
4510001 8.00714
4520001 3.27021
4530001 5.27899
4540001 3.06734
4550001 3.08932
4560001 4.34822
4570001 3.2196
4580001 6.05011
4590001 3.31694
4600001 3.02539
4610001 3.05008
4620001 3.04626
4630001 2.93472
4640001 2.91676
4650001 2.87289
4660001 2.94774
4670001 2.87453
4680001 2.88717
4690001 2.87161
4700001 2.87141
4710001 2.81705
4720001 5.21336
4730001 3.74704
4740001 6.92672
4750001 3.42664
4760001 2.89427
4770001 2.90992
4780001 3.09869
4790001 2.8737
4800001 6.00669
4810001 3.38122
4820001 3.26317
4830001 3.23357
4840001 3.02424
4850001 2.94175
4860001 2.90835
4870001 2.90263
4880001 2.9103
4890001 2.89936
4900001 2.87443
4910001 2.91
4920001 2.89969
4930001 2.93071
4940001 2.89847
4950001 8.02274
4960001 3.87205
4970001 5.27281
4980001 3.22788
4990001 3.0594
5000001 7.34064
5010001 3.18745
5020001 10.895
5030001 3.2911
5040001 3.02711
5050001 3.00485
5060001 3.03069
5070001 2.92944
5080001 2.90833
5090001 2.88893
5100001 2.84439
5110001 2.92322
5120001 2.86824
5130001 2.8357
5140001 2.85647
5150001 2.89875
5160001 2.81757
5170001 4.16518
5180001 2.99599
5190001 4.89078
5200001 2.86591
5210001 2.86177
5220001 3.076
5230001 2.97609
5240001 5.97261
5250001 3.869
5260001 3.36565
5270001 3.22173
5280001 3.22715
5290001 2.92285
5300001 2.89274
5310001 2.89088
5320001 2.87065
5330001 2.89424
5340001 2.90486
5350001 2.89201
5360001 2.88158
5370001 2.88568
5380001 2.89663
5390001 14.358
5400001 3.86063
5410001 10.7281
5420001 3.2112
5430001 3.04525
5440001 3.76804
5450001 3.31446
5460001 2.95961
5470001 4.29795
5480001 3.01769
5490001 3.00456
5500001 3.01439
5510001 2.95785
5520001 2.9069
5530001 2.8739
5540001 2.8267
5550001 2.89236
5560001 2.84741
5570001 2.83646
5580001 2.84271
5590001 2.86041
5600001 2.79391
5610001 4.15623
5620001 3.18868
5630001 4.8758
5640001 3.0584
5650001 2.84814
5660001 4.02333
5670001 2.96432
5680001 8.85098
5690001 3.86643
5700001 3.36458
5710001 3.23591
5720001 3.21221
5730001 2.94294
5740001 2.91301
5750001 2.86786
5760001 2.86394
5770001 2.88612
5780001 2.883
5790001 2.86647
5800001 2.89618
5810001 2.87503
5820001 2.87029
5830001 14.3606
5840001 5.91995
5850001 10.7393
5860001 3.55801
5870001 3.01542
5880001 3.74303
5890001 4.31658
5900001 2.93977
5910001 6.03204
5920001 3.0833
5930001 2.99252
5940001 2.97892
5950001 2.98345
5960001 2.87706
5970001 2.85757
5980001 2.78185
5990001 2.96214
6000001 2.86671
6010001 2.81199
6020001 2.84139
6030001 2.7904
6040001 2.79007
6050001 5.18938
6060001 3.16987
6070001 6.92566
6080001 3.04177
6090001 2.8468
6100001 3.99904
6110001 2.91047
6120001 2.81607
6130001 4.82235
6140001 3.36552
6150001 3.21753
6160001 3.19512
6170001 2.9251
6180001 2.92642
6190001 2.86116
6200001 2.85254
6210001 2.87489
6220001 2.85764
6230001 2.84401
6240001 2.87299
6250001 2.86077
6260001 2.89192
6270001 9.13983
6280001 7.99092
6290001 3.21305
6300001 5.24798
6310001 3.00566
6320001 3.02554
6330001 4.31141
6340001 3.16583
6350001 6.02839
6360001 3.25954
6370001 2.96519
6380001 2.9854
6390001 2.98815
6400001 2.87366
6410001 2.85651
6420001 2.81157
6430001 2.8944
6440001 2.82032
6450001 2.831
6460001 2.81309
6470001 2.81414
6480001 2.75756
6490001 5.18144
6500001 3.70075
6510001 6.91237
6520001 3.37553
6530001 2.83262
6540001 2.84771
6550001 3.04879
6560001 2.81425
6570001 5.97658
6580001 3.32819
6590001 3.20014
6600001 3.18
6610001 2.96581
6620001 2.8836
6630001 2.85227
6640001 2.84649
6650001 2.85565
6660001 2.84479
6670001 2.81686
6680001 2.85589
6690001 2.84458
6700001 2.87617
6710001 2.84534
6720001 8.01188
6730001 3.83339
6740001 5.24426
6750001 3.17625
6760001 3.00796
6770001 7.32807
6780001 3.14666
6790001 10.8888
6800001 3.2439
6810001 2.97104
6820001 2.95317
6830001 2.97863
6840001 2.8786
6850001 2.85835
6860001 2.84138
6870001 2.79695
6880001 2.8774
6890001 2.8193
6900001 2.78657
6910001 2.81181
6920001 2.85033
6930001 2.76845
6940001 4.12275
6950001 2.9454
6960001 4.86059
6970001 2.81623
6980001 2.80853
6990001 3.03124
7000001 2.93003
7010001 5.94693
7020001 3.82558
7030001 3.31687
7040001 3.17277
7050001 3.1805
7060001 2.87594
7070001 2.84379
7080001 2.84219
7090001 2.82204
7100001 2.84568
7110001 2.85739
7120001 2.84316
7130001 2.83343
7140001 2.83666
7150001 2.84776
7160001 14.3552
7170001 3.82683
7180001 10.7237
7190001 3.16557
7200001 2.99833
7210001 3.71521
7220001 3.27646
7230001 2.91533
7240001 4.27347
7250001 2.96884
7260001 2.9583
7270001 2.96958
7280001 2.91472
7290001 2.85576
7300001 2.82773
7310001 2.78657
7320001 2.85147
7330001 2.80341
7340001 2.79183
7350001 2.80054
7360001 2.81816
7370001 2.74978
7380001 4.12195
7390001 3.14941
7400001 4.85496
7410001 3.0157
7420001 2.80125
7430001 3.99697
7440001 2.91887
7450001 8.84023
7460001 3.82693
7470001 3.32327
7480001 3.19144
7490001 3.16805
7500001 2.85516
7510001 2.87064
7520001 2.82352
7530001 2.82059
7540001 2.84157
7550001 2.83945
7560001 2.82236
7570001 2.85291
7580001 2.83538
7590001 2.82773
7600001 14.3566
7610001 5.9029
7620001 10.721
7630001 3.52467
7640001 2.97521
7650001 3.70577
7660001 4.29253
7670001 2.90148
7680001 6.02017
7690001 3.03973
7700001 2.95357
7710001 2.93804
7720001 2.94377
7730001 2.83436
7740001 2.81628
7750001 2.74292
7760001 2.9325
7770001 2.82904
7780001 2.77341
7790001 2.79454
7800001 2.74686
7810001 2.75018
7820001 5.16482
7830001 3.13395
7840001 6.91187
7850001 3.00361
7860001 2.80535
7870001 3.98846
7880001 2.87318
7890001 2.77612
7900001 4.79304
7910001 3.32789
7920001 3.17987
7930001 3.15954
7940001 2.88415
7950001 2.89364
7960001 2.82244
7970001 2.80997
7980001 2.83829
7990001 2.81841
8000001 2.8035
8010001 2.83504
8020001 2.82268
8030001 2.85216
8040001 9.12615
8050001 7.97584
8060001 3.17798
8070001 5.23045
8080001 2.96863
8090001 2.9877
8100001 4.28999
8110001 3.13467
8120001 6.01596
8130001 3.22607
8140001 2.92917
8150001 2.94449
8160001 2.95187
8170001 2.83624
8180001 2.81993
8190001 2.77277
8200001 2.86262
8210001 2.78584
8220001 2.7955
8230001 2.7779
8240001 2.77309
8250001 2.72342
8260001 5.15669
8270001 3.67255
8280001 6.91045
8290001 3.34573
8300001 2.79557
8310001 2.80992
8320001 3.01547
8330001 2.77825
8340001 5.95268
8350001 3.29673
8360001 3.16421
8370001 3.14707
8380001 2.92952
8390001 2.84746
8400001 2.8172
8410001 2.81377
8420001 2.82145
8430001 2.81149
8440001 2.78241
8450001 2.81434
8460001 2.81062
8470001 2.84275
8480001 2.8104
8490001 8.00678
8500001 3.80981
8510001 5.22782
8520001 3.14316
8530001 2.9755
8540001 7.32125
8550001 3.1177
8560001 10.886
8570001 3.21427
8580001 2.93472
8590001 2.91934
8600001 2.9452
8610001 2.8434
8620001 2.82699
8630001 2.81518
8640001 2.76752
8650001 2.84944
8660001 2.78784
8670001 2.75586
8680001 2.78584
8690001 2.81725
8700001 2.73652
8710001 3.68828
8720001 2.9113
8730001 4.84407
8740001 2.78648
8750001 2.77425
8760001 3.00229
8770001 2.9007
8780001 5.93055
8790001 3.79847
8800001 3.28534
8810001 3.14242
8820001 3.14895
8830001 2.84517
8840001 2.81205
8850001 2.81097
8860001 2.79104
8870001 2.81491
8880001 2.82674
8890001 2.81081
8900001 2.79742
8910001 2.80524
8920001 2.81709
8930001 14.3538
8940001 3.80555
8950001 10.7212
8960001 3.13594
8970001 2.96782
8980001 3.69373
8990001 3.25234
9000001 2.88009
9010001 4.25794
9020001 2.9376
9030001 2.9282
9040001 2.94054
9050001 2.88581
9060001 2.82519
9070001 2.79903
9080001 2.75894
9090001 2.82647
9100001 2.7751
9110001 2.76201
9120001 2.77579
9130001 2.78947
9140001 2.72169
9150001 4.09856
9160001 3.12049
9170001 4.84211
9180001 2.98841
9190001 2.77079
9200001 3.97997
9210001 2.89321
9220001 8.83303
9230001 3.79848
9240001 3.29559
9250001 3.16146
9260001 3.14053
9270001 2.83154
9280001 2.84571
9290001 2.79287
9300001 2.79188
9310001 2.81136
9320001 2.81067
9330001 2.79295
9340001 2.82182
9350001 2.79105
9360001 2.80176
9370001 14.3557
9380001 5.89223
9390001 10.7199
9400001 3.50154
9410001 2.94718
9420001 3.6826
9430001 4.27698
9440001 2.87764
9450001 6.0133
9460001 3.00787
9470001 2.92399
9480001 2.90932
9490001 2.91823
9500001 2.80593
9510001 2.78834
9520001 2.71679
9530001 2.9136
9540001 2.80416
9550001 2.74827
9560001 2.75687
9570001 2.71755
9580001 2.72341
9590001 5.14878
9600001 3.10985
9610001 6.90322
9620001 2.98048
9630001 2.77768
9640001 3.96742
9650001 2.84871
9660001 2.74741
9670001 4.77398
9680001 3.30163
9690001 3.15565
9700001 3.13421
9710001 2.85581
9720001 2.87146
9730001 2.7966
9740001 2.7824
9750001 2.81315
9760001 2.79282
9770001 2.77648
9780001 2.80915
9790001 2.7964
9800001 2.82482
9810001 9.11553
9820001 7.97379
9830001 3.15391
9840001 5.21935
9850001 2.94369
9860001 2.96186
9870001 4.2757
9880001 3.11421
9890001 6.00935
9900001 3.20223
9910001 2.90389
9920001 2.91682
9930001 2.92547
9940001 2.81144
9950001 2.79383
9960001 2.74606
9970001 2.84159
9980001 2.76256
9990001 2.77314
10000001 2.75563
10010001 2.72963
10020001 2.70028
10030001 5.14184
10040001 3.65276
10050001 6.90035
10060001 3.32563
10070001 2.77606
10080001 2.78447
10090001 2.99293
10100001 2.75196
10110001 5.93895
10120001 3.27437
10130001 3.13698
10140001 3.12464
10150001 2.90442
10160001 2.82205
10170001 2.79278
10180001 2.79206
10190001 2.79575
10200001 2.78607
10210001 2.75888
10220001 2.79055
10230001 2.78477
10240001 2.82113
10250001 2.78468
10260001 8.00406
10270001 3.79388
10280001 5.2168
10290001 3.11923
10300001 2.95464
10310001 7.31683
10320001 3.09957
10330001 10.8853
10340001 3.1931
10350001 2.9089
10360001 2.8943
10370001 2.92274
10380001 2.81909
10390001 2.80046
10400001 2.79131
10410001 2.74758
10420001 2.8309
10430001 2.76478
10440001 2.73283
10450001 2.77026
10460001 2.79296
10470001 2.71364
10480001 3.65924
10490001 2.88867
10500001 4.83053
10510001 2.76583
10520001 2.749
10530001 2.98204
10540001 2.88005
10550001 5.91891
10560001 3.77814
10570001 3.26242
10580001 3.12111
10590001 3.12696
10600001 2.82288
10610001 2.78977
10620001 2.79205
10630001 2.76781
10640001 2.79328
10650001 2.80514
10660001 2.78823
10670001 2.77488
10680001 2.78238
10690001 2.79569
10700001 14.3521
10710001 3.79069
10720001 10.719
10730001 3.11471
10740001 2.94606
10750001 3.67301
10760001 3.2358
10770001 2.86047
10780001 4.24625
10790001 2.91607
10800001 2.90666
10810001 2.92003
10820001 2.86752
10830001 2.80459
10840001 2.77673
10850001 2.73943
10860001 2.80909
10870001 2.75561
10880001 2.74228
10890001 2.76011
10900001 2.76857
10910001 2.70195
10920001 4.08108
10930001 3.10028
10940001 4.83366
10950001 2.96929
10960001 2.74948
10970001 3.96799
10980001 2.87515
10990001 8.82831
11000001 3.77671
11010001 3.27554
11020001 3.13954
11030001 3.12324
11040001 2.81042
11050001 2.82471
11060001 2.77286
11070001 2.77131
11080001 2.78844
11090001 2.78957
11100001 2.77169
11110001 2.79634
11120001 2.77303
11130001 2.78384
11140001 14.3536
11150001 5.88499
11160001 10.7195
11170001 3.4854
11180001 2.9286
11190001 3.662
11200001 4.26605
11210001 2.86192
11220001 6.0092
11230001 2.98568
11240001 2.90329
11250001 2.88869
11260001 2.89932
11270001 2.78642
11280001 2.76823
11290001 2.69758
11300001 2.89819
11310001 2.78639
11320001 2.73021
11330001 2.73067
11340001 2.69601
11350001 2.70368
11360001 5.13744
11370001 3.0927
11380001 6.89653
11390001 2.96335
11400001 2.7577
11410001 3.96408
11420001 2.8304
11430001 11.106
11440001 4.75926
11450001 3.28273
11460001 3.13752
11470001 3.11599
11480001 2.83559
11490001 2.85212
11500001 2.77826
11510001 2.76362
11520001 2.79504
11530001 2.77407
11540001 2.75906
11550001 2.79013
11560001 2.77725
11570001 2.80718
11580001 9.10773
11590001 7.98655
11600001 3.13663
11610001 5.21098
11620001 2.92561
11630001 2.94313
11640001 4.26546
11650001 3.10009
11660001 6.00553
11670001 3.18516
11680001 2.88466
11690001 2.89736
11700001 2.90622
11710001 2.79163
11720001 2.78273
11730001 2.72755
11740001 2.82592
11750001 2.74541
11760001 2.75492
11770001 2.73955
11780001 2.70677
11790001 2.68056
11800001 5.1328
11810001 3.63812
11820001 6.89838
11830001 3.31101
11840001 2.74963
11850001 2.76587
11860001 2.9766
11870001 2.73239
11880001 5.92825
11890001 3.25758
11900001 3.11851
11910001 3.10793
11920001 2.88453
11930001 2.80309
11940001 2.77488
11950001 2.77235
11960001 2.77663
11970001 2.76644
11980001 2.74199
11990001 2.76772
12000001 2.76467
12010001 2.80413
12020001 2.7669
12030001 8.00258
12040001 3.78217
12050001 5.20891
12060001 3.10177
12070001 2.93749
12080001 7.31366
12090001 3.08485
12100001 10.8853
12110001 3.1772
12120001 2.88979
12130001 2.87604
12140001 2.90575
12150001 2.80236
12160001 2.77903
12170001 2.76987
12180001 2.73334
12190001 2.81763
12200001 2.7484
12210001 2.71662
12220001 2.76013
12230001 2.77535
12240001 2.69637
12250001 3.63868
12260001 2.87047
12270001 4.83312
12280001 2.74937
12290001 2.73107
12300001 2.96666
12310001 2.86475
12320001 5.9102
12330001 3.76443
12340001 3.24384
12350001 3.10542
12360001 3.11161
12370001 2.80507
12380001 2.77304
12390001 2.77686
12400001 2.75004
12410001 2.7767
12420001 2.78883
12430001 2.77209
12440001 2.75835
12450001 2.76615
12460001 2.77984
12470001 14.3502
12480001 3.77983
12490001 10.718
12500001 3.10005
12510001 2.93024
12520001 3.64869
12530001 3.22362
12540001 2.84497
12550001 4.23734
12560001 2.90021
12570001 2.89039
12580001 2.90475
12590001 2.85633
12600001 2.78829
12610001 2.76127
12620001 2.72713
12630001 2.79628
12640001 2.74166
12650001 2.72877
12660001 2.74609
12670001 2.75211
12680001 2.68702
12690001 4.06779
12700001 3.08563
12710001 4.82852
12720001 2.95513
12730001 2.73298
12740001 3.95922
12750001 2.86013
12760001 8.82493
12770001 3.76274
12780001 3.26062
12790001 3.12268
12800001 3.11093
12810001 2.79562
12820001 2.80799
12830001 2.75813
12840001 2.75582
12850001 2.77107
12860001 2.77371
12870001 2.75603
12880001 2.77772
12890001 2.75299
12900001 2.77165
12910001 14.3525
12920001 5.88
12930001 10.7208
12940001 3.47441
12950001 2.91467
12960001 3.64264
12970001 4.25799
12980001 2.8508
12990001 6.00551
13000001 2.97267
13010001 2.88754
13020001 2.87416
13030001 2.88343
13040001 2.77248
13050001 2.75349
13060001 2.68497
13070001 2.885
13080001 2.77268
13090001 2.71658
13100001 2.72806
13110001 2.68078
13120001 2.68848
13130001 5.12891
13140001 3.07968
13150001 6.89132
13160001 2.95116
13170001 2.74245
13180001 3.9522
13190001 2.81521
13200001 8.82258
13210001 4.74716
13220001 3.26945
13230001 3.12344
13240001 3.10231
13250001 2.82017
13260001 2.83558
13270001 2.76479
13280001 2.74984
13290001 2.78272
13300001 2.76103
13310001 2.7434
13320001 2.77543
13330001 2.76264
13340001 2.79813
13350001 9.10206
13360001 7.95312
13370001 3.12346
13380001 5.2061
13390001 2.91207
13400001 2.92874
13410001 4.25796
13420001 3.0896
13430001 6.00255
13440001 3.1727
13450001 2.87046
13460001 2.88326
13470001 2.89247
13480001 2.77596
13490001 2.75946
13500001 2.71584
13510001 2.8148
13520001 2.73415
13530001 2.74125
13540001 2.72647
13550001 2.68314
13560001 2.66662
13570001 5.12459
13580001 3.62583
13590001 6.89408
13600001 3.29979
13610001 2.74533
13620001 2.75139
13630001 2.96543
13640001 2.71833
13650001 5.92492
13660001 3.24553
13670001 3.1039
13680001 3.09476
13690001 2.86736
13700001 2.78951
13710001 2.76098
13720001 2.75833
13730001 2.76265
13740001 2.75185
13750001 2.72993
13760001 2.7586
13770001 2.74974
13780001 2.79179
13790001 2.75645
13800001 8.00184
13810001 3.77361
13820001 5.20302
13830001 3.08862
13840001 2.92314
13850001 7.31157
13860001 3.08546
13870001 10.8859
13880001 3.16469
13890001 2.87431
13900001 2.86212
13910001 2.89274
13920001 2.78615
13930001 2.76287
13940001 2.75464
13950001 2.72229
13960001 2.81094
13970001 2.73743
13980001 2.70279
13990001 2.74995
14000001 2.75314
14010001 2.683
14020001 3.62133
14030001 2.85749
14040001 4.81598
14050001 2.73639
14060001 2.7177
14070001 2.95507
14080001 2.85279
14090001 5.9034
14100001 3.75512
14110001 3.22901
14120001 3.09403
14130001 3.0999
14140001 2.79123
14150001 2.75997
14160001 2.76325
14170001 2.73746
14180001 2.76322
14190001 2.77613
14200001 2.76055
14210001 2.74588
14220001 2.75499
14230001 2.76805
14240001 14.3501
14250001 3.77176
14260001 10.7179
14270001 3.08784
14280001 2.918
14290001 3.61495
14300001 3.21405
14310001 2.84127
14320001 4.23132
14330001 2.8881
14340001 2.87741
14350001 2.89291
14360001 2.84584
14370001 2.77689
14380001 2.75004
14390001 2.71563
14400001 2.78786
14410001 2.73088
14420001 2.72226
14430001 2.7343
14440001 2.7398
14450001 2.67398
14460001 4.05748
14470001 3.0734
14480001 4.82339
14490001 2.94426
14500001 2.72026
14510001 3.95237
14520001 2.84944
14530001 8.82199
14540001 3.74961
14550001 3.24895
14560001 3.10937
14570001 3.09899
14580001 2.78307
14590001 2.79362
14600001 2.74964
14610001 2.74344
14620001 2.75878
14630001 2.76123
14640001 2.74337
14650001 2.76419
14660001 2.7412
14670001 2.76268
14680001 14.3515
14690001 5.87648
14700001 10.7198
14710001 3.46592
14720001 2.90524
14730001 3.62911
14740001 4.25167
14750001 2.84182
14760001 6.00258
14770001 2.96245
14780001 2.87456
14790001 2.86279
14800001 2.87105
14810001 2.76412
14820001 2.74158
14830001 2.67415
14840001 2.87583
14850001 2.76236
14860001 2.7063
14870001 2.71745
14880001 2.66981
14890001 2.6766
14900001 5.12243
14910001 3.06921
14920001 6.88754
14930001 2.94124
14940001 2.7307
14950001 3.94716
14960001 2.8035
14970001 8.80478
14980001 4.7378
14990001 3.25997
15000001 3.1108
15010001 3.09153
15020001 2.80745
15030001 2.82217
15040001 2.75376
15050001 2.73814
15060001 2.77101
15070001 2.75345
15080001 2.73082
15090001 2.76385
15100001 2.75109
15110001 2.78829
15120001 9.09751
15130001 7.9386
15140001 3.11309
15150001 5.20187
15160001 2.90132
15170001 2.91762
15180001 4.25286
15190001 3.08148
15200001 6.00044
15210001 3.1624
15220001 2.85851
15230001 2.87139
15240001 2.88273
15250001 2.76421
15260001 2.74587
15270001 2.70355
15280001 2.80649
15290001 2.72664
15300001 2.7318
15310001 2.71627
15320001 2.67606
15330001 2.65701
15340001 5.11925
15350001 3.61634
15360001 6.89051
15370001 3.29077
15380001 2.733
15390001 2.74015
15400001 2.95214
15410001 2.70692
15420001 5.92157
15430001 3.2375
15440001 3.0941
15450001 3.08349
15460001 2.85462
15470001 2.77819
15480001 2.75005
15490001 2.74888
15500001 2.75283
15510001 2.74087
15520001 2.71903
15530001 2.74629
15540001 2.73845
15550001 2.78191
15560001 2.74416
15570001 8.00148
15580001 3.76677
15590001 5.19877
15600001 3.07864
15610001 2.91297
15620001 7.31038
15630001 3.08632
15640001 10.8867
15650001 3.15465
15660001 2.86194
15670001 2.8515
15680001 2.88257
15690001 2.77409
15700001 2.75294
15710001 2.74366
15720001 2.71368
15730001 2.80017
15740001 2.72959
15750001 2.69161
15760001 2.74394
15770001 2.72868
15780001 2.67284
15790001 3.61605
15800001 2.84945
15810001 4.79674
15820001 2.72578
15830001 2.70779
15840001 2.94592
15850001 2.84337
15860001 5.89761
15870001 3.74515
15880001 3.21646
15890001 3.08377
15900001 3.08987
15910001 2.78098
15920001 2.74961
15930001 2.75257
15940001 2.72745
15950001 2.75267
15960001 2.76579
15970001 2.75276
15980001 2.7352
15990001 2.74767
16000001 2.75924
16010001 14.3499
16020001 3.76514
16030001 10.7181
16040001 3.07835
16050001 2.90809
16060001 7.53673
16070001 3.20642
16080001 2.83249
16090001 4.22731
16100001 2.87832
16110001 2.86668
16120001 2.88375
16130001 2.83479
16140001 2.76828
16150001 2.73856
16160001 2.7065
16170001 2.78268
16180001 2.72151
16190001 2.69752
16200001 2.72641
16210001 2.73065
16220001 2.66417
16230001 4.04981
16240001 3.06369
16250001 4.81855
16260001 2.93576
16270001 2.71001
16280001 3.94691
16290001 2.84249
16300001 8.81949
16310001 3.73878
16320001 3.24016
16330001 3.09832
16340001 3.08918
16350001 2.77285
16360001 2.78207
16370001 2.74142
16380001 2.73251
16390001 2.75047
16400001 2.75104
16410001 2.73253
16420001 2.75408
16430001 2.73054
16440001 2.75416
16450001 14.3512
16460001 5.8739
16470001 10.7204
16480001 3.45916
16490001 2.89871
16500001 3.62079
16510001 4.24682
16520001 2.83458
16530001 6.00092
16540001 2.95063
16550001 2.86383
16560001 2.85451
16570001 2.8628
16580001 2.75663
16590001 2.73178
16600001 2.66556
16610001 2.86927
16620001 2.75408
16630001 2.69809
16640001 2.70921
16650001 2.66134
16660001 2.66698
16670001 5.11745
16680001 3.06066
16690001 6.88429
16700001 2.93219
16710001 2.72128
16720001 3.94025
16730001 2.79454
16740001 8.81012
16750001 4.72904
16760001 3.25335
16770001 3.09963
16780001 3.08278
16790001 2.7974
16800001 2.81402
16810001 2.74645
16820001 2.73047
16830001 2.76408
16840001 2.74515
16850001 2.72124
16860001 2.75473
16870001 2.74177
16880001 2.77002
16890001 9.09406
16900001 7.83763
16910001 3.10543
16920001 5.19618
16930001 2.89252
16940001 2.90864
16950001 4.24832
16960001 3.07505
16970001 5.99914
16980001 3.15439
16990001 2.84852
17000001 2.86128
17010001 2.86533
17020001 2.75459
17030001 2.73898
17040001 2.69458
17050001 2.79815
17060001 2.7189
17070001 2.72511
17080001 2.70927
17090001 2.67323
17100001 2.64919
17110001 5.11559
17120001 3.60899
17130001 6.88963
17140001 3.28336
17150001 2.72947
17160001 2.73128
17170001 2.94484
17180001 2.69595
17190001 5.91171
17200001 3.22999
17210001 3.08614
17220001 3.07308
17230001 2.84462
17240001 2.76728
17250001 2.74101
17260001 2.73984
17270001 2.74513
17280001 2.73148
17290001 2.71106
17300001 2.73694
17310001 2.7299
17320001 2.77388
17330001 2.73635
17340001 8.00133
17350001 3.76133
17360001 5.19565
17370001 3.07092
17380001 2.90418
17390001 7.3102
17400001 3.07506
17410001 10.8881
17420001 3.14643
17430001 2.85214
17440001 2.84227
17450001 2.8749
17460001 2.76568
17470001 2.74464
17480001 2.73206
17490001 2.70735
17500001 2.75768
17510001 2.72258
17520001 2.68331
17530001 2.74298
17540001 2.69153
17550001 2.66538
17560001 3.61091
17570001 2.84111
17580001 4.84045
17590001 2.71742
17600001 2.69962
17610001 2.93847
17620001 2.83592
17630001 5.89286
17640001 3.73736
17650001 3.20765
17660001 3.07446
17670001 3.08116
17680001 2.77351
17690001 2.74121
17700001 2.74553
17710001 2.71662
17720001 2.74495
17730001 2.75732
17740001 2.74615
17750001 2.72602
17760001 2.74089
17770001 2.75252
17780001 14.3505
17790001 3.76004
17800001 10.7178
17810001 3.07052
17820001 2.89952
17830001 7.33792
17840001 3.20022
17850001 2.85138
17860001 4.22297
17870001 2.87085
17880001 2.85773
17890001 2.87619
17900001 2.82904
17910001 2.75741
17920001 2.73249
17930001 2.69978
17940001 2.77563
17950001 2.7146
17960001 2.69372
17970001 2.72134
17980001 2.72227
17990001 2.6579
18000001 4.04407
18010001 3.05583
18020001 4.81467
18030001 2.92886
18040001 2.70188
18050001 3.94252
18060001 2.83539
18070001 8.81769
18080001 3.7314
18090001 3.23277
18100001 3.08943
18110001 3.08133
18120001 2.76473
18130001 2.78106
18140001 2.73184
18150001 2.72364
18160001 2.74
18170001 2.74261
18180001 2.72311
18190001 2.7452
18200001 2.72234
18210001 2.74632
18220001 14.351
18230001 5.87193
18240001 10.7203
18250001 3.45288
18260001 2.89601
18270001 3.61293
18280001 4.24303
18290001 2.82877
18300001 5.99657
18310001 2.94205
18320001 2.85476
18330001 2.84911
18340001 2.85748
18350001 2.74651
18360001 2.7253
18370001 2.6598
18380001 2.86409
18390001 2.74654
18400001 2.69093
18410001 2.70098
18420001 2.65433
18430001 2.65894
18440001 5.11355
18450001 3.05353
18460001 6.88154
18470001 2.92462
18480001 2.71371
18490001 3.93804
18500001 2.78719
18510001 8.81382
18520001 4.72066
18530001 3.24527
18540001 3.09036
18550001 3.07611
18560001 2.78938
18570001 2.8057
18580001 2.73913
18590001 2.72583
18600001 2.75589
18610001 2.73824
18620001 2.71447
18630001 2.74758
18640001 2.73404
18650001 2.76168
18660001 9.09109
18670001 5.85621
18680001 3.09876
18690001 5.19365
18700001 2.88533
18710001 2.90083
18720001 4.24387
18730001 3.06993
18740001 5.99807
18750001 3.14791
18760001 2.84021
18770001 2.85462
18780001 2.84581
18790001 2.74777
18800001 2.73019
18810001 2.68918
18820001 2.79205
18830001 2.7114
18840001 2.71967
18850001 2.70372
18860001 2.65881
18870001 2.643
18880001 5.11132
18890001 3.60357
18900001 6.89
18910001 3.27706
18920001 2.71892
18930001 2.7241
18940001 2.93825
18950001 2.68799
18960001 5.91517
18970001 3.22276
18980001 3.07975
18990001 3.06538
19000001 2.83608
19010001 2.75979
19020001 2.73359
19030001 2.73325
19040001 2.73808
19050001 2.72371
19060001 2.705
19070001 2.73231
19080001 2.72308
19090001 2.76634
19100001 2.73584
19110001 8.0012
19120001 3.7568
19130001 5.1934
19140001 3.06383
19150001 2.89656
19160001 7.31006
19170001 3.06684
19180001 10.8895
19190001 3.1395
19200001 2.84426
19210001 2.83441
19220001 2.86834
19230001 2.75772
19240001 2.7345
19250001 2.72305
19260001 2.7016
19270001 2.73377
19280001 2.71573
19290001 2.67629
19300001 2.74415
19310001 2.66927
19320001 2.65769
19330001 3.60583
19340001 2.83112
19350001 3.82025
19360001 2.71072
19370001 2.69266
19380001 2.93226
19390001 2.83018
19400001 5.889
19410001 3.73054
19420001 3.20102
19430001 3.06715
19440001 3.07182
19450001 2.76723
19460001 2.7337
19470001 2.73875
19480001 2.70843
19490001 2.73901
19500001 2.7502
19510001 2.73887
19520001 2.71935
19530001 2.73419
19540001 2.74737
19550001 14.3523
19560001 3.75606
19570001 10.7177
19580001 3.06407
19590001 2.89256
19600001 7.32188
19610001 3.19513
19620001 2.81978
19630001 4.21849
19640001 2.86448
19650001 2.85037
19660001 2.86977
19670001 2.82596
19680001 2.74717
19690001 2.72856
19700001 2.69401
19710001 2.76953
19720001 2.70903
19730001 2.68667
19740001 2.71709
19750001 2.71547
19760001 2.65242
19770001 4.03891
19780001 3.04933
19790001 4.81194
19800001 2.92265
19810001 2.69471
19820001 3.9389
19830001 2.82929
19840001 8.81576
19850001 3.72547
19860001 3.22687
19870001 3.08146
19880001 3.07605
19890001 2.75806
19900001 2.77484
19910001 2.72477
19920001 2.71599
19930001 2.72971
19940001 2.73568
19950001 2.71553
19960001 2.73793
19970001 2.71481
19980001 2.7388
19990001 14.3509
20000001 5.87049
20010001 10.7202
20020001 3.44898
20030001 2.90405
20040001 3.6059
20050001 4.23989
20060001 2.82433
20070001 5.99862
20080001 2.93842
20090001 2.84676
20100001 2.84605
20110001 2.85482
20120001 2.73791
20130001 2.71869
20140001 2.65414
20150001 2.85971
20160001 2.74045
20170001 2.6851
20180001 2.69452
20190001 2.64863
20200001 2.65289
20210001 5.1102
20220001 3.04705
20230001 6.87891
20240001 2.91879
20250001 2.70731
20260001 3.93943
20270001 2.78115
20280001 8.81554
20290001 4.715
20300001 3.2381
20310001 3.08346
20320001 3.07127
20330001 2.78252
20340001 2.80091
20350001 2.73178
20360001 2.72201
20370001 2.74858
20380001 2.73091
20390001 2.71222
20400001 2.74197
20410001 2.72767
20420001 2.74782
20430001 9.08853
20440001 5.86625
20450001 3.0923
20460001 5.18865
20470001 2.87932
20480001 2.89403
20490001 4.24054
20500001 3.0658
20510001 5.99733
20520001 3.14185
20530001 2.8335
20540001 2.84849
20550001 2.81514
20560001 2.73862
20570001 2.72073
20580001 2.68345
20590001 2.78769
20600001 2.70493
20610001 2.7178
20620001 2.69774
20630001 2.65199
20640001 2.63807
20650001 5.10743
20660001 3.59936
20670001 6.88757
20680001 3.27199
20690001 2.70949
20700001 2.71788
20710001 2.92735
20720001 2.68153
20730001 5.91015
20740001 3.21643
20750001 3.07464
20760001 3.05925
20770001 2.82918
20780001 2.7508
20790001 2.72766
20800001 2.72778
20810001 2.73232
20820001 2.71745
20830001 2.69786
20840001 2.72457
20850001 2.71692
20860001 2.7611
20870001 2.73148
20880001 8.00111
20890001 3.75302
20900001 5.19129
20910001 3.05847
20920001 2.89062
20930001 7.31021
20940001 3.06142
20950001 10.89
20960001 3.13363
20970001 2.83668
20980001 2.82781
20990001 2.86292
21000001 2.74787
21010001 2.72455
21020001 2.72041
21030001 2.69713
21040001 2.727
21050001 2.70992
21060001 2.66941
21070001 2.74303
21080001 2.65288
21090001 2.65115
21100001 3.59981
21110001 2.82348
21120001 3.26449
21130001 2.70534
21140001 2.69256
21150001 2.9271
21160001 2.82606
21170001 5.88584
21180001 3.72445
21190001 3.19741
21200001 3.06098
21210001 3.06482
21220001 2.76223
21230001 2.72748
21240001 2.73175
21250001 2.70119
21260001 2.73402
21270001 2.74411
21280001 2.73586
21290001 2.71189
21300001 2.72673
21310001 2.74145
21320001 14.353
21330001 3.75274
21340001 10.717
21350001 3.05859
21360001 2.88698
21370001 7.32515
21380001 3.19088
21390001 10.8976
21400001 4.21469
21410001 2.85892
21420001 2.84417
21430001 2.86403
21440001 2.81967
21450001 2.73912
21460001 2.72608
21470001 2.68966
21480001 2.76506
21490001 2.70428
21500001 2.67766
21510001 2.71361
21520001 2.71013
21530001 2.64509
21540001 4.03466
21550001 3.04415
21560001 4.80991
21570001 2.91715
21580001 2.68875
21590001 3.93588
21600001 2.82437
21610001 8.81426
21620001 3.71796
21630001 3.22251
21640001 3.07448
21650001 3.06692
21660001 2.75219
21670001 2.76924
21680001 2.71882
21690001 2.70985
21700001 2.72288
21710001 2.73015
21720001 2.7094
21730001 2.73286
21740001 2.70909
21750001 2.73471
21760001 14.3509
21770001 5.86892
21780001 10.7199
21790001 3.44575
21800001 2.8883
21810001 3.59971
21820001 4.2374
21830001 2.82002
21840001 6.00296
21850001 2.93583
21860001 2.83991
21870001 2.8415
21880001 2.85018
21890001 2.73188
21900001 2.71264
21910001 2.64871
21920001 2.85667
21930001 2.73441
21940001 2.68056
21950001 2.68908
21960001 2.64359
21970001 2.64808
21980001 5.10747
21990001 3.0418
22000001 6.87695
22010001 2.91377
22020001 2.70195
22030001 3.93787
22040001 2.77609
22050001 8.81574
22060001 4.71103
22070001 3.23209
22080001 3.07857
22090001 3.06618
22100001 2.77663
22110001 2.7947
22120001 2.72542
22130001 2.72071
22140001 2.74196
22150001 2.72529
22160001 2.71407
22170001 2.73556
22180001 2.72255
22190001 2.7287
22200001 9.08678
22210001 5.86701
22220001 3.08715
22230001 5.18732
22240001 2.87417
22250001 2.88805
22260001 4.23743
22270001 3.06226
22280001 5.99679
22290001 3.1368
22300001 2.82715
22310001 2.83766
22320001 2.80772
22330001 2.73184
22340001 2.71242
22350001 2.67838
22360001 2.78143
22370001 2.70055
22380001 2.71551
22390001 2.69125
22400001 2.64991
22410001 2.6329
22420001 5.10482
22430001 3.5952
22440001 6.88574
22450001 3.26747
22460001 2.70621
22470001 2.7126
22480001 2.92249
22490001 2.67566
22500001 5.90919
22510001 3.21001
22520001 3.07043
22530001 3.05409
22540001 2.82314
22550001 2.74137
22560001 2.7224
22570001 2.7223
22580001 2.72743
22590001 2.7111
22600001 2.69126
22610001 2.72129
22620001 2.71126
22630001 2.75526
22640001 2.72709
22650001 8.0012
22660001 3.74926
22670001 5.18924
22680001 3.05378
22690001 2.88519
22700001 7.31063
22710001 3.0587
22720001 10.8906
22730001 3.12885
22740001 2.83035
22750001 2.8222
22760001 2.85836
22770001 2.73917
22780001 2.71827
22790001 2.71659
22800001 2.69272
22810001 2.72376
22820001 2.70773
22830001 2.66401
22840001 2.74259
22850001 2.64261
22860001 2.64703
22870001 3.59249
22880001 2.81783
22890001 3.26107
22900001 2.69995
22910001 2.68969
22920001 2.92272
22930001 2.82172
22940001 5.88283
22950001 3.72138
22960001 3.19444
22970001 3.05561
22980001 3.05928
22990001 2.7593
23000001 2.72208
23010001 2.72438
23020001 2.69552
23030001 2.73018
23040001 2.73867
23050001 2.73453
23060001 2.70599
23070001 2.72047
23080001 2.7362
23090001 14.3525
23100001 3.74982
23110001 10.7172
23120001 3.05394
23130001 2.88182
23140001 7.32345
23150001 3.18733
23160001 10.8932
23170001 4.21118
23180001 2.85371
23190001 2.83832
23200001 2.85943
23210001 2.81211
23220001 2.73309
23230001 2.72224
23240001 2.68629
23250001 2.76182
23260001 2.70022
23270001 2.67278
23280001 2.71126
23290001 2.70561
23300001 2.64125
23310001 4.03175
23320001 3.03983
23330001 4.80877
23340001 2.91307
23350001 2.68328
23360001 3.93328
23370001 2.82035
23380001 8.81327
23390001 3.71114
23400001 3.21919
23410001 3.06838
23420001 3.06113
23430001 2.74722
23440001 2.76576
23450001 2.71334
23460001 2.70502
23470001 2.71726
23480001 2.7267
23490001 2.70378
23500001 2.7295
23510001 2.70401
23520001 2.73256
23530001 14.3509
23540001 5.86775
23550001 10.7201
23560001 3.44163
23570001 2.89422
23580001 3.59298
23590001 4.23518
23600001 2.81574
23610001 5.99296
23620001 2.92925
23630001 2.83398
23640001 2.83502
23650001 2.84521
23660001 2.72599
23670001 2.7076
23680001 2.64345
23690001 2.85351
23700001 2.72929
23710001 2.67754
23720001 2.68486
23730001 2.63936
23740001 2.64386
23750001 5.10538
23760001 3.03692
23770001 6.87541
23780001 2.9093
23790001 2.69741
23800001 3.93619
23810001 2.77192
23820001 8.81201
23830001 4.70573
23840001 3.22704
23850001 3.07409
23860001 3.06195
23870001 2.77165
23880001 2.78866
23890001 2.71927
23900001 2.71703
23910001 2.73679
23920001 2.72122
23930001 2.70812
23940001 2.72974
23950001 2.71874
23960001 2.71042
23970001 9.0853
23980001 5.86777
23990001 3.08306
24000001 5.18891
24010001 2.86979
24020001 2.88254
24030001 4.23494
24040001 3.05921
24050001 5.99638
24060001 3.13232
24070001 2.8201
24080001 2.83085
24090001 2.80236
24100001 2.72559
24110001 2.70766
24120001 2.67289
24130001 2.77736
24140001 2.69722
24150001 2.7119
24160001 2.68489
24170001 2.64899
24180001 2.62835
24190001 5.10342
24200001 3.59171
24210001 6.88372
24220001 3.26325
24230001 2.70609
24240001 2.70836
24250001 2.9177
24260001 2.67083
24270001 5.91276
24280001 3.20377
24290001 3.06661
24300001 3.04935
24310001 2.81783
24320001 2.73499
24330001 2.71772
24340001 2.71755
24350001 2.72311
24360001 2.70589
24370001 2.68674
24380001 2.72141
24390001 2.70602
24400001 2.74935
24410001 2.72642
24420001 8.00139
24430001 3.74618
24440001 5.18716
24450001 3.04993
24460001 2.88038
24470001 7.31066
24480001 3.05694
24490001 10.8915
24500001 3.12495
24510001 2.82485
24520001 2.81713
24530001 2.85556
24540001 2.73305
24550001 2.71092
24560001 2.71259
24570001 2.68954
24580001 2.71994
24590001 2.70872
24600001 2.66058
24610001 2.74652
24620001 2.63781
24630001 2.64311
24640001 3.5882
24650001 2.81293
24660001 3.25444
24670001 2.69565
24680001 2.68631
24690001 2.91889
24700001 2.81815
24710001 5.88008
24720001 3.72237
24730001 3.19075
24740001 3.05095
24750001 3.05614
24760001 2.75498
24770001 2.717
24780001 2.71921
24790001 2.69131
24800001 2.72713
24810001 2.73404
24820001 2.73121
24830001 2.70076
24840001 2.71457
24850001 2.7324
24860001 14.3516
24870001 3.74727
24880001 10.7174
24890001 3.04893
24900001 2.87737
24910001 7.31472
24920001 3.18433
24930001 10.8955
24940001 4.20905
24950001 2.84979
24960001 2.83309
24970001 2.8556
24980001 2.80549
24990001 2.72798
25000001 2.71897
25010001 2.68288
25020001 2.75889
25030001 2.69635
25040001 2.66888
25050001 2.7092
25060001 2.70182
25070001 2.65171
25080001 4.02938
25090001 3.03526
25100001 4.8067
25110001 2.90949
25120001 2.67849
25130001 3.93097
25140001 2.81735
25150001 8.81204
25160001 3.70735
25170001 3.21624
25180001 3.06299
25190001 3.0586
25200001 2.74317
25210001 2.76009
25220001 2.70891
25230001 2.7005
25240001 2.71136
25250001 2.72431
25260001 2.69843
25270001 2.72539
25280001 2.69928
25290001 2.72833
25300001 14.351
25310001 5.86673
25320001 10.7203
25330001 3.43697
25340001 2.88013
25350001 3.58837
25360001 4.23488
25370001 2.81458
25380001 6.00187
25390001 2.92148
25400001 2.82881
25410001 2.82885
25420001 2.84138
25430001 2.72
25440001 2.70373
25450001 2.63678
25460001 2.85127
25470001 2.7255
25480001 2.6761
25490001 2.68121
25500001 2.63578
25510001 2.64052
25520001 5.10364
25530001 3.0321
25540001 6.87383
25550001 2.90498
25560001 2.69328
25570001 3.9342
25580001 2.76851
25590001 8.80997
25600001 4.70209
25610001 3.2212
25620001 3.06917
25630001 3.05904
25640001 2.76726
25650001 2.78363
25660001 2.71433
25670001 2.70848
25680001 2.73245
25690001 2.71756
25700001 2.70463
25710001 2.72463
25720001 2.71551
25730001 2.70572
25740001 9.0838
25750001 5.86607
25760001 3.08013
25770001 5.18202
25780001 2.86597
25790001 2.87798
25800001 4.23277
25810001 3.05669
25820001 5.99614
25830001 3.12843
25840001 2.81407
25850001 2.82592
25860001 2.80202
25870001 2.7206
25880001 2.7023
25890001 2.66513
25900001 2.7743
25910001 2.69393
25920001 2.70809
25930001 2.6796
25940001 2.64911
25950001 2.62499
25960001 5.1018
25970001 3.58945
25980001 6.8824
25990001 3.25954
26000001 2.70511
26010001 2.70494
26020001 2.91316
26030001 2.66672
26040001 5.91286
26050001 3.19782
26060001 3.06254
26070001 3.04495
26080001 2.81322
26090001 2.73434
26100001 2.71367
26110001 2.71278
26120001 2.71929
26130001 2.70282
26140001 2.68331
26150001 2.72045
26160001 2.70146
26170001 2.74422
26180001 2.72338
26190001 8.00162
26200001 3.74342
26210001 5.1855
26220001 3.04455
26230001 2.87624
26240001 7.31022
26250001 3.05422
26260001 10.8915
26270001 3.12085
26280001 2.82016
26290001 2.81332
26300001 2.85342
26310001 2.72844
26320001 2.70479
26330001 2.71149
26340001 2.68679
26350001 2.71436
26360001 2.69944
26370001 2.65765
26380001 2.74699
26390001 2.63292
26400001 2.63939
26410001 3.58509
26420001 2.80773
26430001 3.26556
26440001 2.69197
26450001 2.68681
26460001 2.9155
26470001 2.81556
26480001 5.87766
26490001 3.71854
26500001 3.18765
26510001 3.04691
26520001 3.05279
26530001 2.75158
26540001 2.71299
26550001 2.71781
26560001 2.68712
26570001 2.7251
26580001 2.73004
26590001 2.72569
26600001 2.69649
26610001 2.71148
26620001 2.72867
26630001 14.3518
26640001 3.74504
26650001 10.7166
26660001 3.04461
26670001 2.87365
26680001 7.31043
26690001 3.1816
26700001 10.8961
26710001 4.20818
26720001 2.84636
26730001 2.82892
26740001 2.85222
26750001 2.79865
26760001 2.72341
26770001 2.71501
26780001 2.68034
26790001 2.7586
26800001 2.69328
26810001 2.66604
26820001 2.70712
26830001 2.69817
26840001 2.64645
26850001 4.02722
26860001 3.03181
26870001 4.80556
26880001 2.90582
26890001 2.67443
26900001 3.92884
26910001 2.81452
26920001 8.81077
26930001 3.70551
26940001 3.21285
26950001 3.05829
26960001 3.05676
26970001 2.73904
26980001 2.75254
26990001 2.70506
27000001 2.69636
27010001 2.70613
27020001 2.71958
27030001 2.69418
27040001 2.72006
27050001 2.69574
27060001 2.72521
27070001 14.3511
27080001 5.86516
27090001 10.7205
27100001 3.43252
27110001 2.87423
27120001 3.58509
27130001 4.23735
27140001 2.81309
27150001 6.00026
27160001 2.91589
27170001 2.82396
27180001 2.82785
27190001 2.83769
27200001 2.7158
27210001 2.69643
27220001 2.63217
27230001 2.8485
27240001 2.72247
27250001 2.67599
27260001 2.67834
27270001 2.63293
27280001 2.63719
27290001 5.10224
27300001 3.02851
27310001 6.87242
27320001 2.9009
27330001 2.68973
27340001 3.93245
27350001 2.76575
27360001 8.81222
27370001 4.69989
27380001 3.21572
27390001 3.06445
27400001 3.05649
27410001 2.7633
27420001 2.77705
27430001 2.70954
27440001 2.70683
27450001 2.72855
27460001 2.71642
27470001 2.7
27480001 2.72039
27490001 2.7125
27500001 2.70218
27510001 9.08194
27520001 5.86505
27530001 3.0773
27540001 5.18393
27550001 2.86258
27560001 2.87469
27570001 4.23095
27580001 3.0543
27590001 5.99549
27600001 3.12513
27610001 2.81014
27620001 2.8216
27630001 2.79902
27640001 2.71659
27650001 2.69821
27660001 2.66028
27670001 2.77149
27680001 2.69129
27690001 2.70643
27700001 2.67592
27710001 2.64595
27720001 2.62301
27730001 5.09966
27740001 3.58804
27750001 6.88137
27760001 3.25627
27770001 2.6974
27780001 2.70185
27790001 2.90497
27800001 2.66357
27810001 5.89535
27820001 3.19593
27830001 3.05937
27840001 3.04153
27850001 2.80931
27860001 2.73452
27870001 2.71037
27880001 2.70713
27890001 2.71596
27900001 2.69972
27910001 2.67966
27920001 2.72009
27930001 2.69786
27940001 2.74185
27950001 2.72283
27960001 8.00184
27970001 3.74121
27980001 5.1841
27990001 3.04055
28000001 2.87276
28010001 7.30923
28020001 3.05212
28030001 10.8912
28040001 3.11682
28050001 2.81584
28060001 2.80944
28070001 2.85224
28080001 2.72471
28090001 2.69987
28100001 2.71114
28110001 2.77642
28120001 2.71134
28130001 2.74027
28140001 2.65479
28150001 2.74238
28160001 2.62944
28170001 2.63539
28180001 3.58232
28190001 2.80466
28200001 3.25961
28210001 2.6883
28220001 2.68149
28230001 2.9126
28240001 2.81427
28250001 5.87532
28260001 3.70962
28270001 3.18644
28280001 3.0444
28290001 3.04885
28300001 2.74854
28310001 2.70964
28320001 2.71767
28330001 2.68334
28340001 2.7221
28350001 2.72668
28360001 2.7221
28370001 2.69281
28380001 2.70903
28390001 2.72519
28400001 14.352
28410001 3.74315
28420001 10.7156
28430001 3.04108
28440001 2.86951
28450001 7.3085
28460001 3.17903
28470001 10.8976
28480001 4.20633
28490001 2.84292
28500001 2.82484
28510001 2.84896
28520001 2.79339
28530001 2.71847
28540001 2.71425
28550001 2.67882
28560001 2.75881
28570001 2.69064
28580001 2.66252
28590001 2.70681
28600001 2.69475
28610001 2.60363
28620001 4.02512
28630001 3.04325
28640001 4.80499
28650001 2.90357
28660001 2.67083
28670001 3.92704
28680001 2.81139
28690001 8.80995
28700001 3.70102
28710001 3.20928
28720001 3.05406
28730001 3.05223
28740001 2.73526
28750001 2.74362
28760001 2.70168
28770001 2.69236
28780001 2.70284
28790001 2.71254
28800001 2.69091
28810001 2.71497
28820001 2.6917
28830001 2.72226
28840001 14.3513
28850001 5.86373
28860001 10.7207
28870001 3.42936
28880001 2.88094
28890001 3.58101
28900001 4.23593
28910001 2.81317
28920001 5.98816
28930001 2.91034
28940001 2.81956
28950001 2.82524
28960001 2.83541
28970001 2.71277
28980001 2.6933
28990001 2.62902
29000001 2.84689
29010001 2.72041
29020001 2.67491
29030001 2.67677
29040001 2.63036
29050001 2.63363
29060001 5.1006
29070001 3.02571
29080001 6.87107
29090001 2.897
29100001 2.68655
29110001 3.93109
29120001 2.76364
29130001 8.81231
29140001 4.69627
29150001 3.21152
29160001 3.05922
29170001 3.05461
29180001 2.75979
29190001 2.77298
29200001 2.7066
29210001 2.69609
29220001 2.72579
29230001 2.71503
29240001 2.69662
29250001 2.71674
29260001 2.70808
29270001 2.69768
29280001 9.08044
29290001 5.86353
29300001 3.07439
29310001 5.18656
29320001 2.85959
29330001 2.87195
29340001 4.22943
29350001 3.05222
29360001 5.99521
29370001 3.12247
29380001 2.8058
29390001 2.81912
29400001 2.7953
29410001 2.71224
29420001 2.69477
29430001 2.65621
29440001 2.76915
29450001 2.68884
29460001 2.70481
29470001 2.67323
29480001 2.64106
29490001 2.62148
29500001 5.09812
29510001 3.58681
29520001 6.88039
29530001 3.25332
29540001 2.68825
29550001 2.69889
29560001 2.75275
29570001 2.66099
29580001 4.70265
29590001 3.19534
29600001 3.05656
29610001 3.03884
29620001 2.80556
29630001 2.73414
29640001 2.70712
29650001 2.70456
29660001 2.71299
29670001 2.69586
29680001 2.67663
29690001 2.71772
29700001 2.69495
29710001 2.73855
29720001 2.72303
29730001 8.00204
29740001 3.73901
29750001 5.18268
29760001 3.03792
29770001 2.86976
29780001 7.30961
29790001 3.0511
29800001 10.8917
29810001 3.11436
29820001 2.81195
29830001 2.80543
29840001 2.8502
29850001 2.72118
29860001 2.69717
29870001 2.70215
29880001 2.76931
29890001 2.71
29900001 2.68724
29910001 2.65415
29920001 2.74151
29930001 2.62379
29940001 2.63096
29950001 3.57954
29960001 2.80355
29970001 3.25516
29980001 2.68531
29990001 2.68014
