1 2195.55
10001 252.135
20001 139.788
30001 91.8289
40001 61.0597
50001 43.3072
60001 30.9021
70001 22.9264
80001 18.0056
90001 13.0066
100001 9.95546
110001 7.68318
120001 6.18955
130001 21.113
140001 4.67294
150001 5.68738
160001 3.85844
170001 3.58688
180001 3.45356
190001 10.2978
200001 3.37256
210001 3.39856
220001 3.15908
230001 3.15072
240001 13.2455
250001 3.34934
260001 5.08653
270001 3.20572
280001 3.09904
290001 3.09483
300001 10.1652
310001 3.168
320001 3.75561
330001 3.37943
340001 3.34959
350001 3.39352
360001 3.61698
370001 15.9478
380001 3.33179
390001 3.13248
400001 3.05899
410001 3.33486
420001 3.38013
430001 3.4774
440001 3.08104
450001 3.07398
460001 3.10833
470001 3.32532
480001 3.05877
490001 3.15137
500001 2.89994
510001 2.9299
520001 3.0617
530001 5.41873
540001 3.00397
550001 2.86661
560001 2.84719
570001 2.86513
580001 3.16679
590001 2.8385
600001 2.89289
610001 2.69973
620001 2.77281
630001 2.92636
640001 5.36126
650001 2.92129
660001 2.81405
670001 2.71131
680001 2.83659
690001 4.3509
700001 2.8653
710001 2.90307
720001 2.65849
730001 2.70661
740001 3.26584
750001 2.79003
760001 3.8764
770001 3.16848
780001 3.16469
790001 3.23112
800001 4.5014
810001 3.20104
820001 3.11655
830001 2.91163
840001 2.81948
850001 3.67053
860001 2.9453
870001 3.56574
880001 2.95667
890001 2.89023
900001 2.92131
910001 15.5058
920001 2.91394
930001 2.97323
940001 2.7803
950001 2.80653
960001 4.7542
970001 2.82967
980001 3.22574
990001 2.73339
1000001 2.67571
1010001 2.67756
1020001 15.4757
1030001 3.59132
1040001 2.8163
1050001 2.62311
1060001 2.6629
1070001 8.54207
1080001 2.79125
1090001 3.75854
1100001 2.64599
1110001 2.64151
1120001 2.61969
1130001 2.88431
1140001 3.62848
1150001 2.74256
1160001 2.575
1170001 2.70081
1180001 8.52686
1190001 2.79241
1200001 6.5636
1210001 3.16616
1220001 3.0674
1230001 3.03509
1240001 3.22161
1250001 10.4943
1260001 3.06962
1270001 2.85649
1280001 2.796
1290001 2.76003
1300001 2.87356
1310001 6.96189
1320001 3.17538
1330001 2.7907
1340001 2.80408
1350001 3.01083
1360001 11.5191
1370001 2.90123
1380001 2.76807
1390001 2.7359
1400001 2.79718
1410001 2.79193
1420001 16.8622
1430001 2.80662
1440001 2.59337
1450001 2.65278
1460001 4.40156
1470001 5.82755
1480001 2.96264
1490001 2.60254
1500001 2.57445
1510001 2.71888
1520001 2.68183
1530001 16.8474
1540001 2.67352
1550001 2.5187
1560001 2.58238
1570001 5.97752
1580001 2.90207
1590001 2.96541
1600001 2.57729
1610001 2.53966
1620001 2.54986
1630001 2.87975
1640001 2.63038
1650001 3.35776
1660001 3.00734
1670001 3.02949
1680001 6.37497
1690001 3.28428
1700001 3.26328
1710001 2.88049
1720001 2.83954
1730001 2.78116
1740001 6.0414
1750001 3.06121
1760001 3.07282
1770001 2.79479
1780001 2.82146
1790001 20.6495
1800001 3.04083
1810001 3.48161
1820001 2.80999
1830001 2.73803
1840001 2.78467
1850001 5.9336
1860001 2.75512
1870001 2.7603
1880001 2.57415
1890001 2.59126
1900001 20.6328
1910001 2.87436
1920001 4.80639
1930001 2.77138
1940001 2.6472
1950001 2.57186
1960001 10.0335
1970001 2.62459
1980001 2.72235
1990001 2.52485
2000001 2.51425
2010001 13.1002
2020001 2.77677
2030001 4.7711
2040001 2.67221
2050001 2.60675
2060001 2.53947
2070001 10.0466
2080001 2.72075
2090001 3.36994
2100001 2.98888
2110001 2.97518
2120001 3.0459
2130001 3.24878
2140001 15.9126
2150001 2.98315
2160001 2.80649
2170001 2.77251
2180001 3.01839
2190001 3.05504
2200001 3.1539
2210001 2.76711
2220001 2.78529
2230001 2.80534
2240001 3.03318
2250001 2.79143
2260001 2.88961
2270001 2.63316
2280001 2.69344
2290001 2.81842
2300001 5.30523
2310001 2.74378
2320001 2.62706
2330001 2.59859
2340001 2.61898
2350001 2.94981
2360001 2.60457
2370001 2.68519
2380001 2.47289
2390001 2.55212
2400001 2.72714
2410001 5.2712
2420001 2.73926
2430001 2.61905
2440001 2.519
2450001 2.59996
2460001 4.23378
2470001 2.69067
2480001 2.6746
2490001 2.46547
2500001 2.52286
2510001 3.11694
2520001 2.58109
2530001 3.76113
2540001 2.99521
2550001 3.00819
2560001 3.08811
2570001 4.37974
2580001 3.0605
2590001 2.95495
2600001 2.75627
2610001 2.66402
2620001 3.5433
2630001 2.80447
2640001 3.46078
2650001 2.83389
2660001 2.75652
2670001 2.77831
2680001 15.4991
2690001 2.78613
2700001 2.83085
2710001 2.6621
2720001 2.64982
2730001 4.65505
2740001 2.68583
2750001 3.08926
2760001 2.59737
2770001 2.53885
2780001 2.55944
2790001 15.4801
2800001 3.51924
2810001 2.69173
2820001 2.49907
2830001 2.54796
2840001 8.494
2850001 2.65463
2860001 3.64971
2870001 2.52043
2880001 2.52727
2890001 2.52371
2900001 2.77338
2910001 3.56145
2920001 2.65661
2930001 2.46114
2940001 2.62044
2950001 8.48157
2960001 2.67167
2970001 6.50619
2980001 3.06872
2990001 2.98547
3000001 2.9501
3010001 3.13605
3020001 10.4963
3030001 2.96823
3040001 2.7519
3050001 2.72053
3060001 2.68424
3070001 2.80098
3080001 6.92495
3090001 3.07418
3100001 2.69739
3110001 2.71143
3120001 2.92604
3130001 10.473
3140001 2.84437
3150001 2.6695
3160001 2.66294
3170001 2.73373
3180001 2.72569
3190001 16.8697
3200001 2.70992
3210001 2.51395
3220001 2.56895
3230001 4.35693
3240001 5.75919
3250001 2.91883
3260001 2.5111
3270001 2.49209
3280001 2.64842
3290001 2.61218
3300001 16.8751
3310001 2.60915
3320001 2.47177
3330001 2.51038
3340001 4.32827
3350001 2.8254
3360001 2.91841
3370001 2.47362
3380001 2.4686
3390001 2.49203
3400001 2.80403
3410001 2.55072
3420001 3.30462
3430001 2.95168
3440001 2.99141
3450001 6.37876
3460001 3.22012
3470001 3.21346
3480001 2.80848
3490001 2.72336
3500001 2.67876
3510001 2.96923
3520001 3.01155
3530001 3.01609
3540001 2.73288
3550001 2.79034
3560001 20.6552
3570001 2.97907
3580001 3.42981
3590001 2.7571
3600001 2.68241
3610001 2.70271
3620001 5.91481
3630001 2.70278
3640001 2.68547
3650001 2.51802
3660001 2.53208
3670001 20.637
3680001 2.83816
3690001 4.80011
3700001 2.74047
3710001 2.60463
3720001 2.51451
3730001 10.0271
3740001 2.56408
3750001 2.69113
3760001 2.46568
3770001 2.46271
3780001 13.0812
3790001 2.72937
3800001 4.75952
3810001 2.64629
3820001 2.55918
3830001 2.50756
3840001 10.0453
3850001 2.64729
3860001 3.3361
3870001 2.9495
3880001 2.93224
3890001 3.02827
3900001 3.18983
3910001 15.9232
3920001 2.9505
3930001 2.77131
3940001 2.79674
3950001 2.97067
3960001 3.00504
3970001 3.11382
3980001 2.73188
3990001 2.74477
4000001 2.7704
4010001 2.99397
4020001 15.8004
4030001 2.85771
4040001 2.59756
4050001 2.68295
4060001 2.77549
4070001 5.29248
4080001 2.71108
4090001 2.57729
4100001 2.56327
4110001 2.59493
4120001 2.92436
4130001 2.5885
4140001 2.65174
4150001 2.42796
4160001 2.51115
4170001 2.69105
4180001 5.26818
4190001 2.70422
4200001 2.56877
4210001 2.4896
4220001 2.49683
4230001 4.20696
4240001 2.6703
4250001 2.60302
4260001 2.41986
4270001 2.48474
4280001 3.09613
4290001 2.54414
4300001 3.73522
4310001 2.96263
4320001 2.96317
4330001 3.05488
4340001 4.35537
4350001 3.04318
4360001 2.91903
4370001 2.73785
4380001 2.62946
4390001 3.51068
4400001 2.77682
4410001 3.4474
4420001 2.81629
4430001 2.72983
4440001 2.74892
4450001 15.4983
4460001 2.7582
4470001 2.79134
4480001 2.64298
4490001 2.61676
4500001 4.63061
4510001 2.64743
4520001 3.0629
4530001 2.56768
4540001 2.50693
4550001 2.53288
4560001 15.4856
4570001 3.4967
4580001 2.6496
4590001 2.46804
4600001 2.54292
4610001 8.47936
4620001 2.62232
4630001 3.62142
4640001 2.49017
4650001 2.49652
4660001 2.50652
4670001 2.74366
4680001 3.53781
4690001 2.59979
4700001 2.43115
4710001 2.60025
4720001 8.46655
4730001 2.61449
4740001 4.92476
4750001 3.03895
4760001 2.96491
4770001 2.92762
4780001 3.12387
4790001 10.4991
4800001 2.93544
4810001 2.71737
4820001 2.71806
4830001 2.65612
4840001 2.77145
4850001 6.91464
4860001 3.04544
4870001 2.67163
4880001 2.68258
4890001 2.90178
4900001 10.4513
4910001 2.83466
4920001 2.6348
4930001 2.64121
4940001 2.65024
4950001 2.71073
4960001 16.8741
4970001 2.68122
4980001 2.4877
4990001 2.53969
5000001 4.34034
5010001 5.73199
5020001 2.87705
5030001 2.48459
5040001 2.46431
5050001 2.62362
5060001 2.58151
5070001 16.8847
5080001 2.59484
5090001 2.43565
5100001 2.48457
5110001 4.31503
5120001 2.79652
5130001 2.90777
5140001 2.44094
5150001 2.44441
5160001 2.47421
5170001 2.77792
5180001 2.52497
5190001 3.28932
5200001 2.93
5210001 2.98018
5220001 6.38773
5230001 3.19914
5240001 3.19113
5250001 2.78517
5260001 2.7023
5270001 2.62686
5280001 2.94774
5290001 3.00649
5300001 3.00552
5310001 2.70999
5320001 2.76039
5330001 20.6563
5340001 2.95026
5350001 3.42114
5360001 2.72424
5370001 2.67806
5380001 2.67174
5390001 5.91212
5400001 2.68708
5410001 2.65301
5420001 2.49862
5430001 2.5242
5440001 20.641
5450001 2.79595
5460001 4.83113
5470001 2.7338
5480001 2.58991
5490001 2.49232
5500001 10.0277
5510001 2.54693
5520001 2.65743
5530001 2.44858
5540001 2.45258
5550001 13.0742
5560001 2.71362
5570001 4.75968
5580001 2.62499
5590001 2.54014
5600001 2.4957
5610001 10.0488
5620001 2.56354
5630001 3.32866
5640001 2.93354
5650001 2.92295
5660001 2.99394
5670001 3.16923
5680001 15.9303
5690001 2.93812
5700001 2.82825
5710001 2.81078
5720001 2.96736
5730001 2.98543
5740001 3.10975
5750001 2.72011
5760001 2.73271
5770001 2.75857
5780001 2.9743
5790001 15.8068
5800001 2.84481
5810001 2.58483
5820001 2.6972
5830001 2.70549
5840001 5.28935
5850001 2.69906
5860001 2.53413
5870001 2.53775
5880001 2.58862
5890001 2.90737
5900001 2.58824
5910001 2.62931
5920001 2.4101
5930001 2.5027
5940001 2.67649
5950001 5.26846
5960001 2.68475
5970001 2.5424
5980001 2.48856
5990001 2.48232
6000001 2.83494
6010001 2.66284
6020001 2.57852
6030001 2.40527
6040001 2.47063
6050001 3.08542
6060001 2.53022
6070001 3.72382
6080001 2.93844
6090001 2.94902
6100001 3.04215
6110001 4.34471
6120001 3.04223
6130001 2.90143
6140001 2.70906
6150001 2.60819
6160001 3.49612
6170001 2.7647
6180001 3.42158
6190001 2.82387
6200001 2.72933
6210001 2.73512
6220001 15.4993
6230001 2.74548
6240001 2.77341
6250001 2.61331
6260001 2.60144
6270001 4.62135
6280001 2.635
6290001 3.04287
6300001 2.55985
6310001 2.5139
6320001 2.52118
6330001 15.4906
6340001 3.50444
6350001 2.62431
6360001 2.44668
6370001 2.53166
6380001 8.47437
6390001 2.60849
6400001 3.60625
6410001 2.47608
6420001 2.48896
6430001 2.48145
6440001 2.74135
6450001 3.52697
6460001 2.57554
6470001 2.41479
6480001 2.58483
6490001 8.46058
6500001 2.59549
6510001 4.94871
6520001 3.02428
6530001 2.9553
6540001 2.9143
6550001 3.10989
6560001 10.4989
6570001 2.92335
6580001 2.70526
6590001 2.71838
6600001 2.63402
6610001 2.75422
6620001 6.90964
6630001 2.86828
6640001 2.65963
6650001 2.66857
6660001 2.89232
6670001 10.458
6680001 2.81797
6690001 2.61833
6700001 2.64199
6710001 2.64626
6720001 2.69215
6730001 16.8771
6740001 2.65952
6750001 2.4706
6760001 2.52458
6770001 4.33252
6780001 5.70963
6790001 2.87083
6800001 2.47081
6810001 2.451
6820001 2.60987
6830001 2.56689
6840001 16.8856
6850001 2.58081
6860001 2.42401
6870001 2.47303
6880001 4.30856
6890001 2.77937
6900001 2.89997
6910001 2.4292
6920001 2.43484
6930001 2.46114
6940001 2.76416
6950001 2.5102
6960001 3.28481
6970001 2.92169
6980001 2.97254
6990001 6.39526
7000001 3.18478
7010001 3.17644
7020001 2.77458
7030001 2.69265
7040001 2.59655
7050001 2.93377
7060001 2.97632
7070001 2.99953
7080001 2.68795
7090001 2.75175
7100001 20.6732
7110001 2.94365
7120001 3.40957
7130001 2.72122
7140001 2.65832
7150001 2.66819
7160001 5.91621
7170001 2.68221
7180001 2.63861
7190001 2.48842
7200001 2.51436
7210001 20.6448
7220001 2.7898
7230001 3.28798
7240001 2.72427
7250001 2.5851
7260001 2.48103
7270001 10.027
7280001 2.53903
7290001 2.64834
7300001 2.43932
7310001 2.44557
7320001 13.071
7330001 2.70641
7340001 4.76093
7350001 2.63014
7360001 2.53056
7370001 2.48226
7380001 10.0484
7390001 2.55112
7400001 3.32568
7410001 2.92584
7420001 2.92023
7430001 13.1402
7440001 3.14433
7450001 15.935
7460001 2.93212
7470001 2.81923
7480001 2.78531
7490001 2.96003
7500001 2.97663
7510001 3.09963
7520001 2.72063
7530001 2.72303
7540001 2.74847
7550001 2.9671
7560001 15.8141
7570001 2.83964
7580001 2.57952
7590001 2.70475
7600001 2.68637
7610001 5.28724
7620001 2.69211
7630001 2.51931
7640001 2.52478
7650001 2.58199
7660001 2.89206
7670001 2.5926
7680001 2.69536
7690001 2.40178
7700001 2.50393
7710001 2.66417
7720001 5.26535
7730001 2.68838
7740001 2.5358
7750001 2.4821
7760001 2.47603
7770001 2.8174
7780001 2.6743
7790001 2.56709
7800001 2.39977
7810001 2.46122
7820001 3.06609
7830001 2.52388
7840001 3.71638
7850001 2.91942
7860001 2.94052
7870001 3.04821
7880001 4.33557
7890001 3.04294
7900001 2.89282
7910001 2.69364
7920001 2.59807
7930001 3.48691
7940001 2.76325
7950001 3.43838
7960001 2.73311
7970001 2.73493
7980001 2.72475
7990001 15.4979
8000001 2.73885
8010001 2.75651
8020001 2.59408
8030001 2.59877
8040001 4.61505
8050001 2.62319
8060001 3.04038
8070001 2.5573
8080001 2.50256
8090001 2.51123
8100001 15.4921
8110001 2.58184
8120001 2.61436
8130001 2.43703
8140001 2.51639
8150001 8.48936
8160001 2.60066
8170001 3.59032
8180001 2.46693
8190001 2.48566
8200001 2.47637
8210001 2.73785
8220001 3.52297
8230001 2.56742
8240001 2.41212
8250001 2.58023
8260001 8.45763
8270001 2.5921
8280001 4.94233
8290001 3.01406
8300001 2.95399
8310001 2.90647
8320001 3.52352
8330001 10.4979
8340001 2.90945
8350001 2.69741
8360001 2.71083
8370001 2.62271
8380001 2.74254
8390001 6.90704
8400001 2.86099
8410001 2.65239
8420001 2.66074
8430001 2.88412
8440001 10.4604
8450001 2.81336
8460001 2.59785
8470001 2.63982
8480001 2.63392
8490001 2.67857
8500001 16.8785
8510001 2.65315
8520001 2.46146
8530001 2.51422
8540001 4.32851
8550001 5.69339
8560001 2.86784
8570001 2.46308
8580001 2.44642
8590001 2.60326
8600001 2.55763
8610001 16.8879
8620001 2.57109
8630001 2.42041
8640001 2.47179
8650001 4.30775
8660001 2.7729
8670001 2.77059
8680001 2.42106
8690001 2.43091
8700001 2.45262
8710001 2.75482
8720001 2.50131
8730001 3.29817
8740001 2.91652
8750001 2.94691
8760001 6.4048
8770001 3.17579
8780001 3.1526
8790001 2.76629
8800001 2.70377
8810001 2.57841
8820001 2.92181
8830001 2.98544
8840001 2.99686
8850001 2.68177
8860001 2.76625
8870001 20.6998
8880001 2.93841
8890001 3.40374
8900001 2.71303
8910001 2.69945
8920001 2.66225
8930001 5.91312
8940001 2.67207
8950001 2.63472
8960001 2.48164
8970001 2.49988
8980001 20.6486
8990001 2.7881
9000001 3.28735
9010001 2.7183
9020001 2.58578
9030001 2.47237
9040001 10.0268
9050001 2.53269
9060001 2.64025
9070001 2.4313
9080001 2.4404
9090001 13.069
9100001 2.70206
9110001 4.76238
9120001 2.64722
9130001 2.52541
9140001 2.48714
9150001 10.0468
9160001 2.54633
9170001 3.32152
9180001 2.91889
9190001 2.92063
9200001 13.1555
9210001 3.1031
9220001 15.9388
9230001 2.92891
9240001 2.8111
9250001 2.76907
9260001 2.95551
9270001 2.97573
9280001 3.09368
9290001 2.72111
9300001 2.71767
9310001 2.73416
9320001 2.95361
9330001 15.8158
9340001 2.83075
9350001 2.5775
9360001 2.70857
9370001 2.64926
9380001 5.28624
9390001 2.65429
9400001 2.51403
9410001 2.52467
9420001 2.57757
9430001 2.88286
9440001 2.58826
9450001 2.69209
9460001 2.39702
9470001 2.50005
9480001 2.65552
9490001 5.26409
9500001 2.6858
9510001 2.53548
9520001 2.47533
9530001 2.47103
9540001 2.80852
9550001 2.75961
9560001 2.56235
9570001 2.40095
9580001 2.4542
9590001 3.0593
9600001 2.52153
9610001 3.69908
9620001 2.90356
9630001 2.92605
9640001 3.02815
9650001 4.32874
9660001 3.0373
9670001 2.89001
9680001 2.68442
9690001 2.59138
9700001 3.47989
9710001 2.7425
9720001 3.14459
9730001 2.71935
9740001 2.7274
9750001 2.71548
9760001 15.4923
9770001 2.73428
9780001 2.71842
9790001 2.5815
9800001 2.58848
9810001 4.61066
9820001 2.61309
9830001 3.02536
9840001 2.54884
9850001 2.49707
9860001 2.50682
9870001 15.4924
9880001 2.5722
9890001 2.60572
9900001 2.42787
9910001 2.51689
9920001 4.5246
9930001 2.59656
9940001 3.59283
9950001 2.46123
9960001 2.48595
9970001 2.469
9980001 2.73879
9990001 3.52055
10000001 2.56176
10010001 2.4095
10020001 2.57457
10030001 8.45518
10040001 2.58796
10050001 4.94502
10060001 3.00466
10070001 2.95182
10080001 2.89375
10090001 3.52963
10100001 10.4983
10110001 2.91167
10120001 2.69666
10130001 2.70444
10140001 2.61463
10150001 2.73729
10160001 6.90544
10170001 2.85695
10180001 2.64977
10190001 2.65583
10200001 2.88054
10210001 10.4622
10220001 2.79524
10230001 2.59418
10240001 2.64258
10250001 2.62626
10260001 2.57623
10270001 16.8798
10280001 2.63998
10290001 2.46281
10300001 2.51111
10310001 4.3275
10320001 5.68584
10330001 2.85756
10340001 2.44055
10350001 2.43913
10360001 2.59875
10370001 2.55199
10380001 16.8909
10390001 2.56283
10400001 2.42389
10410001 2.5016
10420001 4.30736
10430001 5.64392
10440001 2.82613
10450001 2.41794
10460001 2.43503
10470001 2.44849
10480001 2.74605
10490001 2.49448
10500001 3.2969
10510001 2.91211
10520001 2.94551
10530001 6.40484
10540001 3.17369
10550001 3.1541
10560001 2.76156
10570001 2.68959
10580001 2.56797
10590001 2.9166
10600001 2.86932
10610001 2.99185
10620001 2.67507
10630001 2.77052
10640001 20.7087
10650001 2.93941
10660001 3.40433
10670001 2.70447
10680001 2.71913
10690001 2.65516
10700001 5.90846
10710001 2.67235
10720001 2.60553
10730001 2.4854
10740001 2.49124
10750001 20.6496
10760001 2.77711
10770001 3.28248
10780001 2.71432
10790001 2.57701
10800001 2.46571
10810001 10.0197
10820001 2.52721
10830001 2.62013
10840001 2.43508
10850001 2.43348
10860001 13.0679
10870001 2.69979
10880001 4.76388
10890001 2.6525
10900001 2.5418
10910001 2.48523
10920001 10.0431
10930001 2.53541
10940001 3.3197
10950001 2.90917
10960001 2.92227
10970001 13.1465
10980001 3.11141
10990001 15.9391
11000001 2.92662
11010001 2.80616
11020001 2.73822
11030001 2.94764
11040001 2.97451
11050001 3.08863
11060001 2.70439
11070001 2.71331
11080001 2.72099
11090001 2.94736
11100001 15.8193
11110001 2.81864
11120001 2.58256
11130001 2.73658
11140001 2.64299
11150001 5.28658
11160001 2.67534
11170001 2.51042
11180001 2.53467
11190001 2.57346
11200001 2.87928
11210001 2.58974
11220001 2.68903
11230001 2.39491
11240001 2.50241
11250001 2.64468
11260001 5.26348
11270001 2.67502
11280001 2.55869
11290001 2.45941
11300001 2.46935
11310001 2.8022
11320001 2.72761
11330001 2.56238
11340001 2.39425
11350001 2.45557
11360001 3.05496
11370001 2.51757
11380001 3.68918
11390001 2.8964
11400001 2.93026
11410001 3.01514
11420001 4.33086
11430001 3.03151
11440001 2.88331
11450001 2.68147
11460001 2.61273
11470001 3.47742
11480001 2.7348
11490001 3.15245
11500001 2.71702
11510001 2.7214
11520001 2.70851
11530001 15.4882
11540001 2.73136
11550001 2.7425
11560001 2.56992
11570001 2.58262
11580001 4.60984
11590001 2.60764
11600001 3.009
11610001 2.54431
11620001 2.50006
11630001 2.50037
11640001 15.4922
11650001 2.57084
11660001 2.6015
11670001 2.42602
11680001 2.49125
11690001 4.54282
11700001 2.59066
11710001 3.58072
11720001 2.45534
11730001 2.4685
11740001 2.458
11750001 2.73911
11760001 3.51876
11770001 2.55125
11780001 2.40093
11790001 2.5756
11800001 8.45679
11810001 2.57993
11820001 4.93544
11830001 2.99151
11840001 2.95749
11850001 2.92278
11860001 3.5255
11870001 10.4959
11880001 2.91562
11890001 2.69863
11900001 2.69874
11910001 2.60813
11920001 2.72969
11930001 6.90318
11940001 2.85525
11950001 2.64916
11960001 2.65245
11970001 2.88086
11980001 10.4632
11990001 2.8011
12000001 2.59788
12010001 2.63537
12020001 2.62041
12030001 2.5715
12040001 16.8801
12050001 2.63687
12060001 2.46382
12070001 2.50663
12080001 4.327
12090001 5.67996
12100001 2.86857
12110001 2.44225
12120001 2.4466
12130001 2.5944
12140001 2.54766
12150001 16.8918
12160001 2.56073
12170001 2.41844
12180001 2.51455
12190001 4.30738
12200001 3.73775
12210001 2.82202
12220001 2.4071
12230001 2.43539
12240001 2.44635
12250001 2.74688
12260001 2.49227
12270001 3.29159
12280001 2.9162
12290001 2.95893
12300001 6.40226
12310001 3.17465
12320001 3.17548
12330001 2.75533
12340001 2.694
12350001 2.56107
12360001 2.91408
12370001 2.85963
12380001 2.99351
12390001 2.67177
12400001 2.77565
12410001 6.3188
12420001 2.93803
12430001 3.40395
12440001 2.70079
12450001 2.70075
12460001 2.64181
12470001 5.90172
12480001 2.6624
12490001 2.59413
12500001 2.50345
12510001 2.50122
12520001 20.6503
12530001 2.77764
12540001 3.28221
12550001 2.63902
12560001 2.58216
12570001 2.54499
12580001 5.80774
12590001 2.52333
12600001 2.61935
12610001 2.43045
12620001 2.43185
12630001 13.0672
12640001 2.69827
12650001 4.77083
12660001 2.65647
12670001 2.54956
12680001 2.48762
12690001 10.0399
12700001 2.53322
12710001 3.31535
12720001 2.90482
12730001 2.92079
12740001 13.1549
12750001 3.09347
12760001 15.9286
12770001 2.92579
12780001 2.81323
12790001 2.72043
12800001 2.94413
12810001 2.96718
12820001 3.0988
12830001 2.71073
12840001 2.70921
12850001 2.71453
12860001 2.94679
12870001 15.8198
12880001 2.8162
12890001 2.57821
12900001 2.74059
12910001 2.64173
12920001 5.2913
12930001 2.69776
12940001 2.50859
12950001 2.52613
12960001 2.57066
12970001 2.87379
12980001 2.58554
12990001 2.68677
13000001 2.38605
13010001 2.4985
13020001 2.64861
13030001 5.26287
13040001 2.66805
13050001 2.56488
13060001 2.45339
13070001 2.46215
13080001 2.80126
13090001 2.583
13100001 2.56123
13110001 2.38994
13120001 2.45467
13130001 3.04732
13140001 2.51539
13150001 3.68302
13160001 2.89689
13170001 2.92228
13180001 3.00981
13190001 4.32588
13200001 3.02179
13210001 2.88296
13220001 2.68905
13230001 2.61184
13240001 3.47248
13250001 2.74066
13260001 3.13951
13270001 2.71332
13280001 2.69624
13290001 2.73058
13300001 15.5573
13310001 2.72835
13320001 2.733
13330001 2.56413
13340001 2.59665
13350001 4.60807
13360001 2.60415
13370001 3.00918
13380001 2.54356
13390001 2.48658
13400001 2.49381
13410001 15.4904
13420001 2.56303
13430001 2.5948
13440001 2.42453
13450001 2.47453
13460001 4.53918
13470001 2.58752
13480001 3.57937
13490001 2.45269
13500001 2.46706
13510001 2.45433
13520001 2.73372
13530001 3.51604
13540001 2.54668
13550001 2.40677
13560001 2.57487
13570001 8.4561
13580001 2.57813
13590001 4.92911
13600001 2.98732
13610001 2.95542
13620001 2.94047
13630001 3.52449
13640001 10.493
13650001 2.91201
13660001 2.69954
13670001 2.68951
13680001 2.60153
13690001 2.72215
13700001 6.90274
13710001 2.85229
13720001 2.64786
13730001 2.64752
13740001 2.87829
13750001 10.4641
13760001 2.78003
13770001 2.5942
13780001 2.6295
13790001 2.61517
13800001 2.63186
13810001 16.8804
13820001 2.6283
13830001 2.46051
13840001 2.50265
13850001 4.33183
13860001 5.6731
13870001 2.86977
13880001 2.4455
13890001 2.45771
13900001 2.5905
13910001 2.54531
13920001 16.8939
13930001 2.56459
13940001 2.4147
13950001 2.50946
13960001 4.30867
13970001 3.79104
13980001 2.82219
13990001 2.40084
14000001 2.44034
14010001 2.44658
14020001 2.73509
14030001 2.48792
14040001 3.28835
14050001 2.91405
14060001 2.96604
14070001 6.40963
14080001 3.17327
14090001 3.1526
14100001 2.75267
14110001 2.69543
14120001 2.55476
14130001 2.91036
14140001 2.85583
14150001 2.98381
14160001 2.66892
14170001 2.76264
14180001 6.32675
14190001 2.92988
14200001 3.40312
14210001 2.70274
14220001 2.71584
14230001 2.63514
14240001 5.89753
14250001 2.65938
14260001 2.59696
14270001 2.49763
14280001 2.51461
14290001 20.6509
14300001 2.77799
14310001 3.28159
14320001 2.62712
14330001 2.58366
14340001 2.54215
14350001 5.81006
14360001 2.52118
14370001 2.6135
14380001 2.42919
14390001 2.423
14400001 13.0668
14410001 2.69931
14420001 4.77281
14430001 2.64629
14440001 2.55201
14450001 2.47545
14460001 10.0378
14470001 2.53165
14480001 3.30179
14490001 2.90126
14500001 2.92423
14510001 13.1525
14520001 3.0978
14530001 15.9331
14540001 2.92409
14550001 2.80459
14560001 2.73534
14570001 2.93502
14580001 2.9622
14590001 3.0809
14600001 2.71199
14610001 2.7111
14620001 2.71271
14630001 2.94498
14640001 15.8195
14650001 2.81072
14660001 2.57769
14670001 2.78337
14680001 2.63756
14690001 2.67631
14700001 2.67517
14710001 2.50809
14720001 2.52296
14730001 2.57151
14740001 2.86892
14750001 2.58664
14760001 2.68828
14770001 2.38926
14780001 2.49885
14790001 2.64259
14800001 5.26121
14810001 2.66208
14820001 2.56925
14830001 2.44735
14840001 2.46732
14850001 2.80047
14860001 2.55348
14870001 2.56213
14880001 2.39402
14890001 2.45747
14900001 2.58724
14910001 2.51309
14920001 3.67758
14930001 2.89921
14940001 2.90315
14950001 3.00129
14960001 4.3221
14970001 3.02098
14980001 2.88064
14990001 2.68627
15000001 2.60925
15010001 3.46895
15020001 2.73988
15030001 3.14524
15040001 2.70994
15050001 2.69071
15060001 2.7903
15070001 4.18728
15080001 2.72704
15090001 2.7278
15100001 2.57544
15110001 2.57714
15120001 4.60525
15130001 2.60187
15140001 3.01066
15150001 2.54051
15160001 2.48412
15170001 2.49746
15180001 15.4896
15190001 2.55858
15200001 2.59753
15210001 2.43249
15220001 2.48181
15230001 4.53406
15240001 2.58646
15250001 3.57309
15260001 2.45278
15270001 2.47499
15280001 2.45157
15290001 2.73441
15300001 3.5147
15310001 2.54287
15320001 2.39273
15330001 2.47245
15340001 8.45374
15350001 2.57567
15360001 4.93319
15370001 2.95853
15380001 2.95735
15390001 2.93315
15400001 3.52359
15410001 10.4693
15420001 2.90704
15430001 2.70369
15440001 2.68835
15450001 2.59802
15460001 2.72142
15470001 6.90234
15480001 2.85209
15490001 2.66057
15500001 2.6453
15510001 2.87824
15520001 10.4652
15530001 2.78004
15540001 2.59427
15550001 2.65782
15560001 2.6138
15570001 2.62982
15580001 6.86733
15590001 2.63212
15600001 2.4599
15610001 2.49995
15620001 4.32393
15630001 5.66917
15640001 2.8644
15650001 2.44873
15660001 2.45063
15670001 2.58931
15680001 2.54418
15690001 16.8939
15700001 2.56447
15710001 2.41159
15720001 2.49812
15730001 4.3082
15740001 3.78918
15750001 2.82265
15760001 2.39809
15770001 2.4278
15780001 2.57625
15790001 2.7375
15800001 2.48585
15810001 3.2863
15820001 2.91761
15830001 2.95589
15840001 6.41577
15850001 3.17299
15860001 3.14577
15870001 2.74751
15880001 2.64677
15890001 2.55384
15900001 2.90778
15910001 2.85259
15920001 2.98804
15930001 2.66629
15940001 2.7493
15950001 6.31677
15960001 2.9025
15970001 3.40416
15980001 2.6988
15990001 2.74629
16000001 2.63304
16010001 5.89379
16020001 2.6625
16030001 2.61342
16040001 2.48245
16050001 2.50007
16060001 20.6503
16070001 2.77724
16080001 3.28689
16090001 2.57893
16100001 2.58392
16110001 2.54311
16120001 5.80799
16130001 2.51531
16140001 2.59158
16150001 2.43066
16160001 2.42157
16170001 13.0651
16180001 2.69837
16190001 4.77575
16200001 2.64774
16210001 2.55083
16220001 2.47316
16230001 10.0373
16240001 2.52932
16250001 3.29108
16260001 2.9035
16270001 2.92313
16280001 13.1519
16290001 3.10313
16300001 15.8967
16310001 2.92346
16320001 2.80486
16330001 2.74194
16340001 2.9321
16350001 2.96414
16360001 3.08457
16370001 2.70769
16380001 2.67092
16390001 2.71223
16400001 2.94399
16410001 15.8185
16420001 2.817
16430001 2.57393
16440001 2.80073
16450001 2.63791
16460001 2.67303
16470001 2.66719
16480001 2.50301
16490001 2.51288
16500001 2.57207
16510001 2.86649
16520001 2.58808
16530001 2.68247
16540001 2.38547
16550001 2.49703
16560001 2.63839
16570001 5.26203
16580001 2.66165
16590001 2.5682
16600001 2.44483
16610001 2.46456
16620001 2.79769
16630001 2.54711
16640001 2.56019
16650001 2.38843
16660001 2.45306
16670001 2.61647
16680001 2.51818
16690001 3.67493
16700001 2.97668
16710001 2.89438
16720001 2.99835
16730001 4.31918
16740001 3.02382
16750001 2.87963
16760001 2.68402
16770001 2.6029
16780001 3.46625
16790001 2.73834
16800001 3.13803
16810001 2.71107
16820001 2.68895
16830001 2.77891
16840001 4.16578
16850001 2.72393
16860001 2.72604
16870001 2.57428
16880001 2.58461
16890001 4.60143
16900001 2.59908
16910001 3.02574
16920001 2.54096
16930001 2.48302
16940001 2.49294
16950001 15.4886
16960001 2.55793
16970001 2.59682
16980001 2.43598
16990001 2.48355
17000001 4.53135
17010001 2.54636
17020001 3.53125
17030001 2.45955
17040001 2.47815
17050001 2.444
17060001 2.73342
17070001 3.51549
17080001 2.53921
17090001 2.39586
17100001 2.50301
17110001 8.45324
17120001 2.57513
17130001 4.93296
17140001 2.96838
17150001 2.96333
17160001 2.93182
17170001 3.52376
17180001 3.76876
17190001 2.9101
17200001 2.6998
17210001 2.68701
17220001 2.59956
17230001 2.70767
17240001 6.90284
17250001 2.85335
17260001 2.6923
17270001 2.64159
17280001 2.87962
17290001 10.4666
17300001 2.76713
17310001 2.58341
17320001 2.6701
17330001 2.6088
17340001 2.61807
17350001 6.82665
17360001 2.63228
17370001 2.45451
17380001 2.50061
17390001 2.70762
17400001 5.66641
17410001 2.86424
17420001 2.44234
17430001 2.45146
17440001 2.59001
17450001 2.54229
17460001 16.891
17470001 2.56769
17480001 2.40991
17490001 2.50449
17500001 4.31002
17510001 3.79103
17520001 2.82165
17530001 2.39943
17540001 2.41844
17550001 2.57973
17560001 2.75741
17570001 2.48352
17580001 3.28412
17590001 2.91847
17600001 2.97555
17610001 6.41306
17620001 3.1719
17630001 3.16337
17640001 2.74474
17650001 2.63954
17660001 2.55338
17670001 2.90576
17680001 2.85056
17690001 2.97623
17700001 2.65365
17710001 2.73821
17720001 6.31705
17730001 2.88204
17740001 3.38376
17750001 2.70498
17760001 2.768
17770001 2.63171
17780001 5.89132
17790001 2.66043
17800001 2.62134
17810001 2.47818
17820001 2.50102
17830001 20.6506
17840001 2.77665
17850001 3.29334
17860001 2.56217
17870001 2.57692
17880001 2.54323
17890001 5.80796
17900001 2.53347
17910001 2.58998
17920001 2.3941
17930001 2.42105
17940001 13.0617
17950001 2.6989
17960001 4.78145
17970001 2.65082
17980001 2.55009
17990001 2.47548
18000001 10.0362
18010001 2.5275
18020001 3.29003
18030001 2.90106
18040001 2.91745
18050001 13.1502
18060001 3.10867
18070001 4.98431
18080001 2.92051
18090001 2.79914
18100001 2.73762
18110001 2.93708
18120001 2.9641
18130001 3.08066
18140001 2.6922
18150001 2.69879
18160001 2.71212
18170001 2.94036
18180001 15.8159
18190001 2.75103
18200001 2.56893
18210001 2.76891
18220001 2.63581
18230001 2.67641
18240001 2.66849
18250001 2.47812
18260001 2.51472
18270001 2.56648
18280001 2.88896
18290001 2.58917
18300001 2.68264
18310001 2.38296
18320001 2.51108
18330001 2.63128
18340001 5.26138
18350001 2.65162
18360001 2.57344
18370001 2.44375
18380001 2.45739
18390001 2.79633
18400001 2.55187
18410001 2.56421
18420001 2.3832
18430001 2.45167
18440001 2.62177
18450001 2.48896
18460001 3.66943
18470001 2.97613
18480001 2.89264
18490001 2.99571
18500001 4.31743
18510001 3.02597
18520001 2.88999
18530001 2.67388
18540001 2.5995
18550001 3.46527
18560001 2.73725
18570001 3.12687
18580001 2.70211
18590001 2.68227
18600001 2.77795
18610001 4.16383
18620001 2.71788
18630001 2.71951
18640001 2.56147
18650001 2.58042
18660001 4.59909
18670001 2.59671
18680001 3.02739
18690001 2.54427
18700001 2.49832
18710001 2.49415
18720001 15.4881
18730001 2.56309
18740001 2.58597
18750001 2.42441
18760001 2.48209
18770001 4.52974
18780001 2.52515
18790001 3.02099
18800001 2.45687
18810001 2.45721
18820001 2.43905
18830001 2.73576
18840001 3.51318
18850001 2.53813
18860001 2.39249
18870001 2.49494
18880001 8.45406
18890001 2.5747
18900001 4.93527
18910001 2.96559
18920001 2.96182
18930001 2.93
18940001 3.52133
18950001 3.7694
18960001 2.90454
18970001 2.68192
18980001 2.68528
18990001 8.64137
19000001 2.69626
19010001 6.90356
19020001 2.8636
19030001 2.69254
19040001 2.6423
19050001 2.87958
19060001 10.4662
19070001 2.74487
19080001 2.57156
19090001 2.67446
19100001 2.60524
19110001 2.61188
19120001 6.82688
19130001 2.64238
19140001 2.46457
19150001 2.49481
19160001 2.71816
19170001 5.66664
19180001 2.86801
19190001 2.44137
19200001 2.50592
19210001 2.59087
19220001 2.54278
19230001 16.8902
19240001 2.58711
19250001 2.41049
19260001 2.50441
19270001 4.30866
19280001 3.79077
19290001 2.82306
19300001 2.39955
19310001 2.4166
19320001 2.58325
19330001 2.5342
19340001 2.48364
19350001 3.28386
19360001 2.91537
19370001 2.96774
19380001 6.41362
19390001 3.17236
19400001 3.19414
19410001 2.74396
19420001 2.63874
19430001 2.55055
19440001 2.90553
19450001 2.84842
19460001 2.97362
19470001 2.67192
19480001 2.73627
19490001 6.31572
19500001 2.95611
19510001 3.3907
19520001 2.7109
19530001 2.76222
19540001 2.63222
19550001 5.89098
19560001 2.6552
19570001 2.61673
19580001 2.47729
19590001 2.49475
19600001 20.6495
19610001 2.7774
19620001 3.29784
19630001 2.59247
19640001 2.50618
19650001 2.53797
19660001 5.8073
19670001 2.61034
19680001 2.58271
19690001 2.40029
19700001 2.42725
19710001 13.0613
19720001 2.69849
19730001 4.78207
19740001 2.66195
19750001 2.54881
19760001 2.48116
19770001 10.0336
19780001 2.52709
19790001 3.28911
19800001 2.90789
19810001 2.90996
19820001 13.1478
19830001 3.12269
19840001 4.98609
19850001 2.9176
19860001 2.79818
19870001 2.73767
19880001 2.96788
19890001 2.96871
19900001 3.08125
19910001 2.69237
19920001 2.6689
19930001 2.71415
19940001 2.94176
19950001 15.8152
19960001 2.76605
19970001 2.56772
19980001 2.76222
19990001 2.63547
20000001 2.66247
20010001 2.65493
20020001 2.47682
20030001 2.51002
20040001 2.55928
20050001 2.89821
20060001 2.59005
20070001 2.67906
20080001 2.38234
20090001 2.51934
20100001 2.62566
20110001 5.25767
20120001 2.64489
20130001 2.5525
20140001 2.44015
20150001 2.46978
20160001 2.79788
20170001 2.54822
20180001 2.55816
20190001 2.38151
20200001 2.44897
20210001 2.60489
20220001 2.48485
20230001 3.66594
20240001 2.97517
20250001 2.89322
20260001 2.99317
20270001 4.315
20280001 3.02717
20290001 2.92029
20300001 2.66872
20310001 2.6028
20320001 3.46429
20330001 2.73673
20340001 3.12208
20350001 2.69737
20360001 2.68443
20370001 2.77248
20380001 4.16322
20390001 2.72081
20400001 2.72708
20410001 2.56116
20420001 2.57617
20430001 4.59881
20440001 2.59545
20450001 3.03142
20460001 2.54988
20470001 2.49354
20480001 2.49504
20490001 15.4867
20500001 2.56213
20510001 2.58618
20520001 2.43129
20530001 2.47704
20540001 4.53383
20550001 2.49607
20560001 2.94799
20570001 2.45666
20580001 2.4555
20590001 2.4426
20600001 2.74834
20610001 3.51281
20620001 2.53795
20630001 2.387
20640001 2.48968
20650001 8.45471
20660001 2.57192
20670001 4.9346
20680001 2.96227
20690001 2.96072
20700001 2.92872
20710001 3.5206
20720001 3.76319
20730001 2.89536
20740001 2.68248
20750001 2.68559
20760001 6.14011
20770001 2.69634
20780001 6.9082
20790001 2.86307
20800001 2.69468
20810001 2.63801
20820001 2.87917
20830001 10.4668
20840001 2.72872
20850001 2.57034
20860001 2.67685
20870001 2.6005
20880001 2.60666
20890001 6.82728
20900001 2.64465
20910001 2.45157
20920001 2.48833
20930001 2.70513
20940001 5.6657
20950001 2.89144
20960001 2.4455
20970001 2.5058
20980001 2.59128
20990001 2.54503
21000001 16.8891
21010001 2.60395
21020001 2.40615
21030001 2.49961
21040001 4.31007
21050001 3.79108
21060001 2.82634
21070001 2.39815
21080001 2.42357
21090001 2.58278
21100001 2.53298
21110001 2.47908
21120001 3.28371
21130001 2.92147
21140001 2.9484
21150001 6.40039
21160001 3.17088
21170001 3.19749
21180001 2.74344
21190001 2.62984
21200001 2.54994
21210001 2.90636
21220001 2.84725
21230001 2.96677
21240001 2.66522
21250001 2.73517
21260001 6.3156
21270001 2.9608
21280001 3.00462
21290001 2.65683
21300001 2.73863
21310001 2.63077
21320001 5.88975
21330001 2.65549
21340001 2.61163
21350001 2.47472
21360001 2.49646
21370001 20.649
21380001 2.77887
21390001 3.29429
21400001 2.56257
21410001 2.51993
21420001 2.54113
21430001 5.80763
21440001 2.60602
21450001 2.58325
21460001 2.40294
21470001 2.42618
21480001 20.629
21490001 2.6994
21500001 4.78197
21510001 2.67365
21520001 2.54928
21530001 2.46758
21540001 10.0326
21550001 2.52691
21560001 3.2984
21570001 2.9075
21580001 2.90987
21590001 13.148
21600001 3.12096
21610001 4.98274
21620001 2.91716
21630001 2.79619
21640001 2.72462
21650001 9.99113
21660001 2.97494
21670001 3.07348
21680001 2.69749
21690001 2.65213
21700001 2.71695
21710001 2.93959
21720001 15.814
21730001 2.77558
21740001 2.56879
21750001 2.76262
21760001 2.63627
21770001 2.65513
21780001 2.64876
21790001 2.47239
21800001 2.50925
21810001 2.55431
21820001 2.78414
21830001 2.59242
21840001 2.6773
21850001 2.37641
21860001 2.52912
21870001 2.62126
21880001 5.2575
21890001 2.64037
21900001 2.53699
21910001 2.44002
21920001 2.46731
21930001 2.79215
21940001 2.55396
21950001 2.55687
21960001 2.38431
21970001 2.45178
21980001 2.60349
21990001 2.49234
22000001 3.65049
22010001 2.97727
22020001 2.92487
22030001 2.99093
22040001 4.31391
22050001 3.02845
22060001 2.89976
22070001 2.66951
22080001 2.60285
22090001 3.46103
22100001 2.73641
22110001 3.11014
22120001 2.71019
22130001 2.67637
22140001 2.76547
22150001 4.16311
22160001 2.75576
22170001 2.7276
22180001 2.55816
22190001 2.57272
22200001 4.61116
22210001 2.59473
22220001 3.02752
22230001 2.56456
22240001 2.49101
22250001 2.48908
22260001 15.4861
22270001 2.56193
22280001 2.58425
22290001 2.43678
22300001 2.47649
22310001 4.53338
22320001 2.48816
22330001 2.94934
22340001 2.45891
22350001 2.45332
22360001 2.44362
22370001 2.76239
22380001 3.51414
22390001 2.55143
22400001 2.38295
22410001 2.49147
22420001 8.45452
22430001 2.57189
22440001 4.92854
22450001 2.96043
22460001 2.96319
22470001 2.92424
22480001 3.52776
22490001 3.76023
22500001 2.89462
22510001 2.68011
22520001 2.68739
22530001 6.12803
22540001 2.69821
22550001 6.91304
22560001 2.86833
22570001 2.71964
22580001 2.63876
22590001 2.88107
22600001 10.4673
22610001 2.71628
22620001 2.56765
22630001 2.64062
22640001 2.59909
22650001 2.60488
22660001 6.82621
22670001 2.62129
22680001 2.45246
22690001 2.45478
22700001 2.71096
22710001 5.66903
22720001 2.67793
22730001 2.46468
22740001 2.50736
22750001 2.59446
22760001 2.54995
22770001 16.8892
22780001 2.6019
22790001 2.40224
22800001 2.48845
22810001 4.31258
22820001 3.79256
22830001 2.83782
22840001 2.39642
22850001 2.41573
22860001 2.5818
22870001 2.53391
22880001 2.45287
22890001 3.28352
22900001 2.90278
22910001 2.95074
22920001 6.35176
22930001 3.1676
22940001 3.18779
22950001 2.74269
22960001 2.62486
22970001 2.54907
22980001 2.90602
22990001 2.84534
23000001 2.9642
23010001 2.65988
23020001 2.74883
23030001 6.31593
23040001 2.97046
23050001 3.00358
23060001 2.64409
23070001 2.72981
23080001 2.63011
23090001 5.88397
23100001 2.65548
23110001 2.59645
23120001 2.47248
23130001 2.50923
23140001 20.6459
23150001 2.78067
23160001 3.3002
23170001 2.59513
23180001 2.52854
23190001 2.53744
23200001 5.80785
23210001 2.59053
23220001 2.58872
23230001 2.41034
23240001 2.42312
23250001 20.6387
23260001 2.70178
23270001 4.78388
23280001 2.68703
23290001 2.56842
23300001 2.46539
23310001 10.0315
23320001 2.52661
23330001 3.29923
23340001 2.90642
23350001 2.9095
23360001 13.1474
23370001 3.12283
23380001 4.98438
23390001 2.91662
23400001 2.79654
23410001 2.71446
23420001 9.96564
23430001 2.97369
23440001 2.99038
23450001 2.69316
23460001 2.64914
23470001 2.72254
23480001 2.93801
23490001 15.8129
23500001 2.77479
23510001 2.57079
23520001 2.75583
23530001 2.62907
23540001 2.6572
23550001 2.64832
23560001 2.47465
23570001 2.51039
23580001 2.54886
23590001 2.78688
23600001 2.59432
23610001 2.67605
23620001 2.43378
23630001 2.53803
23640001 2.62017
23650001 5.25804
23660001 2.63776
23670001 2.47954
23680001 2.43622
23690001 2.47432
23700001 2.79354
23710001 2.54688
23720001 2.56098
23730001 2.38492
23740001 2.44863
23750001 2.6003
23760001 5.26646
23770001 3.62571
23780001 2.99469
23790001 2.91603
23800001 2.98995
23810001 4.31302
23820001 3.02574
23830001 2.90111
23840001 2.66211
23850001 2.5952
23860001 3.45899
23870001 2.73564
23880001 3.10347
23890001 2.70611
23900001 2.67827
23910001 2.76563
23920001 4.16306
23930001 2.79346
23940001 2.72812
23950001 2.58586
23960001 2.55785
23970001 3.16218
23980001 2.59374
23990001 3.01874
24000001 2.58295
24010001 2.48177
24020001 2.49075
24030001 15.4824
24040001 2.56538
24050001 2.58113
24060001 2.4332
24070001 2.46767
24080001 4.5325
24090001 2.49199
24100001 2.95116
24110001 2.48687
24120001 2.43728
24130001 2.40538
24140001 15.4807
24150001 3.51503
24160001 2.53949
24170001 2.38047
24180001 2.4868
24190001 8.45395
24200001 2.57256
24210001 4.9243
24220001 2.96063
24230001 2.94827
24240001 2.92342
24250001 3.53097
24260001 3.76131
24270001 2.89267
24280001 2.67428
24290001 2.69267
24300001 6.13051
24310001 2.69676
24320001 6.91189
24330001 2.86992
24340001 2.71081
24350001 2.63948
24360001 2.8798
24370001 10.4654
24380001 2.71047
24390001 2.57195
24400001 2.63027
24410001 2.59799
24420001 2.60273
24430001 6.82524
24440001 2.62033
24450001 2.45141
24460001 2.44498
24470001 2.71151
24480001 5.6717
24490001 2.67397
24500001 2.44913
24510001 2.52192
24520001 2.59493
24530001 2.55363
24540001 16.8894
24550001 2.60271
24560001 2.40235
24570001 2.45952
24580001 4.31098
24590001 3.79361
24600001 2.84398
24610001 2.39771
24620001 2.42723
24630001 2.57343
24640001 2.53839
24650001 16.3211
24660001 3.28356
24670001 2.88486
24680001 2.94781
24690001 6.35644
24700001 3.16652
24710001 3.18702
24720001 2.74267
24730001 2.61932
24740001 2.54919
24750001 2.90546
24760001 2.8458
24770001 2.97464
24780001 2.66508
24790001 2.71045
24800001 6.31471
24810001 2.97868
24820001 3.00305
24830001 2.64492
24840001 2.7329
24850001 2.63383
24860001 5.89399
24870001 2.65592
24880001 2.60282
24890001 2.48
24900001 2.51039
24910001 20.6464
24920001 2.78665
24930001 3.31325
24940001 2.60385
24950001 2.54569
24960001 2.54136
24970001 5.808
24980001 2.58604
24990001 2.57662
25000001 2.40403
25010001 2.42591
25020001 20.6372
25030001 2.69555
25040001 4.78533
25050001 2.68668
25060001 2.57363
25070001 2.46608
25080001 10.0288
25090001 2.52488
25100001 3.32058
25110001 2.91109
25120001 2.91486
25130001 13.1465
25140001 3.1233
25150001 4.98465
25160001 2.91222
25170001 2.79818
25180001 2.66791
25190001 9.97319
25200001 2.97484
25210001 2.98809
25220001 2.69225
25230001 2.6508
25240001 2.72272
25250001 2.94357
25260001 15.8132
25270001 2.77682
25280001 2.57137
25290001 2.7493
25300001 2.61846
25310001 2.65771
25320001 2.64949
25330001 2.47396
25340001 2.51109
25350001 2.5451
25360001 2.78355
25370001 2.57998
25380001 2.67882
25390001 2.43231
25400001 2.52948
25410001 2.61764
25420001 5.25732
25430001 2.63581
25440001 2.47431
25450001 2.43482
25460001 2.48781
25470001 2.7952
25480001 2.54922
25490001 2.57035
25500001 2.38551
25510001 2.43895
25520001 2.59861
25530001 5.25752
25540001 3.62467
25550001 3.00524
25560001 2.91706
25570001 2.99515
25580001 4.31345
25590001 3.02583
25600001 2.9151
25610001 2.66262
25620001 2.59623
25630001 3.4581
25640001 2.73566
25650001 3.11158
25660001 2.7046
25670001 2.67097
25680001 2.76464
25690001 4.16289
25700001 2.84962
25710001 2.72745
25720001 2.56499
25730001 2.55374
25740001 3.12656
25750001 2.59378
25760001 3.02198
25770001 2.55792
25780001 2.48069
25790001 2.49229
25800001 15.48
25810001 2.56495
25820001 2.58084
25830001 2.4324
25840001 2.48698
25850001 4.52805
25860001 2.49209
25870001 2.9528
25880001 2.49383
25890001 2.42821
25900001 2.42665
25910001 15.4827
25920001 3.50985
25930001 2.5377
25940001 2.37902
25950001 2.48753
25960001 8.4538
25970001 2.57284
25980001 4.92225
25990001 2.95972
26000001 2.94746
26010001 2.9226
26020001 3.53947
26030001 3.75889
26040001 2.89306
26050001 2.66902
26060001 2.69507
26070001 6.13362
26080001 2.83524
26090001 6.91497
26100001 2.86048
26110001 2.70701
26120001 2.63715
26130001 2.87636
26140001 10.4653
26150001 2.70977
26160001 2.56434
26170001 2.62402
26180001 2.59737
26190001 2.5989
26200001 6.82453
26210001 2.62701
26220001 2.44278
26230001 2.44392
26240001 2.71211
26250001 10.4583
26260001 2.67966
26270001 2.44849
26280001 2.51849
26290001 2.59651
26300001 2.55674
26310001 16.8897
26320001 2.60523
26330001 2.39782
26340001 2.4449
26350001 4.31238
26360001 3.79282
26370001 2.83617
26380001 2.40524
26390001 2.42553
26400001 2.57402
26410001 2.54001
26420001 11.4374
26430001 3.28437
26440001 2.89124
26450001 2.95076
26460001 4.6795
26470001 3.16889
26480001 3.19538
26490001 2.75379
26500001 2.61868
26510001 2.5497
26520001 2.90662
26530001 2.84454
26540001 2.95714
26550001 2.67014
26560001 2.7133
26570001 6.31256
26580001 2.97902
26590001 3.0037
26600001 2.63923
26610001 2.65471
26620001 2.55617
26630001 3.20052
26640001 2.65767
26650001 2.60307
26660001 2.47714
26670001 2.54541
26680001 20.6498
26690001 2.78855
26700001 3.30331
26710001 2.61468
26720001 2.56805
26730001 2.54468
26740001 5.80771
26750001 2.58529
26760001 2.58835
26770001 2.41204
26780001 2.41998
26790001 20.6385
26800001 2.76187
26810001 4.78288
26820001 2.70427
26830001 2.56042
26840001 2.4542
26850001 10.0271
26860001 2.52383
26870001 3.32757
26880001 2.91211
26890001 2.91996
26900001 13.1463
26910001 3.1236
26920001 4.98468
26930001 2.89215
26940001 2.79747
26950001 2.64455
26960001 9.97107
26970001 2.96007
26980001 2.98799
26990001 2.68844
27000001 2.65366
27010001 2.74487
27020001 2.95771
27030001 15.8142
27040001 2.78902
27050001 2.57166
27060001 2.7656
27070001 2.61563
27080001 2.65923
27090001 2.66005
27100001 2.47349
27110001 2.51006
27120001 2.54214
27130001 2.78444
27140001 15.8894
27150001 2.67958
27160001 2.43168
27170001 2.5403
27180001 2.61579
27190001 5.25688
27200001 2.6389
27210001 2.4946
27220001 2.44038
27230001 2.48108
27240001 2.80205
27250001 2.55002
27260001 2.60137
27270001 2.38731
27280001 2.43814
27290001 2.59694
27300001 5.26192
27310001 3.62467
27320001 3.01362
27330001 2.91596
27340001 2.94411
27350001 4.32237
27360001 3.0258
27370001 2.90773
27380001 2.66464
27390001 2.59476
27400001 3.46242
27410001 2.73674
27420001 3.0988
27430001 2.68988
27440001 2.66967
27450001 2.76159
27460001 4.16373
27470001 2.82951
27480001 2.7285
27490001 2.56395
27500001 2.55566
27510001 3.12262
27520001 2.61215
27530001 3.0208
27540001 2.57074
27550001 2.4845
27560001 2.49094
27570001 15.481
27580001 2.56429
27590001 2.58034
27600001 2.45965
27610001 2.46873
27620001 4.52927
27630001 2.49207
27640001 2.95684
27650001 2.49221
27660001 2.4159
27670001 2.4249
27680001 15.4798
27690001 3.51734
27700001 2.54085
27710001 2.38023
27720001 2.49326
27730001 8.45351
27740001 2.57791
27750001 4.91697
27760001 2.95841
27770001 2.94076
27780001 2.92316
27790001 3.53579
27800001 3.75918
27810001 2.89033
27820001 2.66741
27830001 2.70565
27840001 6.13594
27850001 2.82864
27860001 6.94132
27870001 2.85685
27880001 2.70588
27890001 2.63694
27900001 2.87623
27910001 10.4679
27920001 2.70995
27930001 2.55453
27940001 2.65197
27950001 2.59782
27960001 2.59753
27970001 6.82431
27980001 2.62788
27990001 2.44145
28000001 2.44033
28010001 2.70917
28020001 10.4325
28030001 2.67926
28040001 2.44088
28050001 2.51912
28060001 2.64014
28070001 2.56935
28080001 16.8887
28090001 2.60669
28100001 2.39527
28110001 2.45176
28120001 4.30971
28130001 3.79428
28140001 2.84193
28150001 2.40441
28160001 2.42355
28170001 2.58264
28180001 2.54078
28190001 11.4385
28200001 3.28978
28210001 2.89834
28220001 2.94997
28230001 4.58191
28240001 3.16749
28250001 3.1941
28260001 2.72464
28270001 2.62117
28280001 2.55012
28290001 2.90677
28300001 2.84421
28310001 2.95706
28320001 2.66554
28330001 2.72562
28340001 6.31726
28350001 2.97971
28360001 3.00971
28370001 2.62069
28380001 2.643
28390001 2.54652
28400001 2.81248
28410001 2.65866
28420001 2.61673
28430001 2.47475
28440001 2.57329
28450001 20.6491
28460001 2.79139
28470001 3.30112
28480001 2.58188
28490001 2.58818
28500001 2.5424
28510001 5.80829
28520001 2.58443
28530001 2.57845
28540001 2.4086
28550001 2.41984
28560001 20.6386
28570001 2.74305
28580001 4.79078
28590001 2.7221
28600001 2.5612
28610001 2.45503
28620001 10.0263
28630001 2.52276
28640001 3.34752
28650001 2.90755
28660001 2.91756
28670001 13.1468
28680001 3.12445
28690001 4.98626
28700001 2.90848
28710001 2.79691
28720001 2.64999
28730001 9.9693
28740001 2.97369
28750001 2.98273
28760001 2.69114
28770001 2.66546
28780001 2.76449
28790001 2.95128
28800001 15.8124
28810001 2.79605
28820001 2.66578
28830001 2.77954
28840001 2.60987
28850001 2.66043
28860001 2.66493
28870001 2.48448
28880001 2.51035
28890001 2.53831
28900001 2.7833
28910001 15.8928
28920001 2.67995
28930001 2.432
28940001 2.55189
28950001 2.64152
28960001 5.25713
28970001 2.63818
28980001 2.46659
28990001 2.43575
29000001 2.47964
29010001 2.79912
29020001 2.55809
29030001 2.58444
29040001 2.38528
29050001 2.44654
29060001 2.59551
29070001 5.26386
29080001 3.61719
29090001 3.00431
29100001 2.91945
29110001 2.91941
29120001 4.30781
29130001 3.02629
29140001 2.89185
29150001 2.65808
29160001 2.59203
29170001 3.46491
29180001 2.73931
29190001 3.10113
29200001 2.70537
29210001 2.66651
29220001 2.76003
29230001 4.16433
29240001 2.83302
29250001 2.72786
29260001 2.56275
29270001 2.55508
29280001 3.12177
29290001 2.62366
29300001 3.00761
29310001 2.57268
29320001 2.4853
29330001 2.48968
29340001 15.479
29350001 2.5646
29360001 2.58317
29370001 2.47148
29380001 2.47518
29390001 4.53031
29400001 2.49174
29410001 2.95993
29420001 2.49762
29430001 2.4129
29440001 2.42533
29450001 15.4802
29460001 3.51879
29470001 2.5428
29480001 2.38337
29490001 2.49769
29500001 8.45442
29510001 2.57545
29520001 4.91996
29530001 2.95561
29540001 2.93799
29550001 2.92265
29560001 3.5436
29570001 3.75978
29580001 2.88801
29590001 2.66863
29600001 2.70299
29610001 6.13637
29620001 2.78685
29630001 4.00839
29640001 2.85734
29650001 2.70733
29660001 2.6384
29670001 2.89334
29680001 10.468
29690001 2.7098
29700001 2.55341
29710001 2.65923
29720001 2.59623
29730001 2.59633
29740001 6.82385
29750001 2.53993
29760001 2.44287
29770001 2.44042
29780001 2.70723
29790001 10.4289
29800001 2.67824
29810001 2.43657
29820001 2.52142
29830001 2.57119
29840001 2.58568
29850001 16.8879
29860001 2.6051
29870001 2.39051
29880001 2.44511
29890001 4.30235
29900001 3.79496
29910001 2.80514
29920001 2.4064
29930001 2.42361
29940001 2.57455
29950001 2.5428
29960001 11.4417
29970001 3.29193
29980001 2.8923
29990001 2.95136
