1 2195.6
10001 319.532
20001 137.157
30001 91.37
40001 54.9299
50001 34.69
60001 24.377
70001 16.6069
80001 19.0538
90001 11.0828
100001 14.3057
110001 8.78006
120001 8.16762
130001 7.66195
140001 7.60449
150001 7.12803
160001 7.72589
170001 6.68598
180001 6.52829
190001 6.3928
200001 6.24203
210001 6.09532
220001 5.96611
230001 5.84243
240001 5.76237
250001 5.69281
260001 5.60087
270001 5.51457
280001 5.46911
290001 5.44119
300001 6.21025
310001 5.45259
320001 5.18271
330001 5.11165
340001 5.04034
350001 4.97603
360001 4.89271
370001 4.84361
380001 5.00638
390001 4.73954
400001 4.68285
410001 4.58684
420001 4.47048
430001 4.41716
440001 4.2706
450001 4.20221
460001 4.17075
470001 4.15871
480001 4.16028
490001 4.16663
500001 4.13964
510001 4.12788
520001 14.2333
530001 6.84889
540001 4.39308
550001 4.6721
560001 4.14744
570001 4.06815
580001 5.43842
590001 4.2646
600001 6.84158
610001 4.15373
620001 4.21016
630001 4.13795
640001 4.18961
650001 4.16226
660001 4.16119
670001 4.17008
680001 4.219
690001 4.23546
700001 4.24179
710001 4.26361
720001 4.24791
730001 4.31108
740001 6.23445
750001 4.49977
760001 4.25646
770001 4.22784
780001 4.24966
790001 4.27218
800001 4.18502
810001 4.17579
820001 4.52415
830001 4.14118
840001 4.08291
850001 3.99753
860001 3.95992
870001 3.94297
880001 3.85508
890001 3.81004
900001 3.79493
910001 3.82232
920001 3.75411
930001 3.83426
940001 3.83782
950001 3.81855
960001 3.8697
970001 7.9073
980001 4.15257
990001 6.14042
1000001 3.92045
1010001 3.88751
1020001 5.24195
1030001 4.28992
1040001 6.70399
1050001 4.13383
1060001 3.95919
1070001 3.93123
1080001 3.99216
1090001 3.95225
1100001 3.97019
1110001 3.97274
1120001 4.01667
1130001 4.05721
1140001 4.06134
1150001 4.08972
1160001 4.13626
1170001 4.09338
1180001 6.12049
1190001 4.74939
1200001 4.12917
1210001 4.10087
1220001 4.10098
1230001 4.10887
1240001 4.05778
1250001 4.082
1260001 5.08878
1270001 4.03508
1280001 4.02043
1290001 3.97156
1300001 3.87232
1310001 3.85526
1320001 3.77299
1330001 3.73315
1340001 3.74795
1350001 3.75995
1360001 3.7065
1370001 3.73636
1380001 3.73823
1390001 3.76397
1400001 3.81959
1410001 7.87512
1420001 4.58163
1430001 6.10954
1440001 3.93367
1450001 3.8215
1460001 7.80559
1470001 4.18548
1480001 11.3585
1490001 4.05771
1500001 3.88742
1510001 3.88128
1520001 3.92094
1530001 3.90891
1540001 3.91314
1550001 3.91934
1560001 3.93781
1570001 4.0014
1580001 4.01957
1590001 4.024
1600001 4.10253
1610001 4.07278
1620001 4.08261
1630001 5.21315
1640001 4.1171
1650001 4.07248
1660001 4.08865
1670001 4.04026
1680001 3.99888
1690001 3.99222
1700001 5.02404
1710001 4.24127
1720001 3.99233
1730001 3.9567
1740001 3.90574
1750001 3.82923
1760001 3.77511
1770001 3.71434
1780001 3.70584
1790001 3.70817
1800001 3.67831
1810001 3.73501
1820001 3.74308
1830001 3.74736
1840001 3.77604
1850001 14.1167
1860001 4.57117
1870001 11.1831
1880001 3.94671
1890001 3.75356
1900001 3.72726
1910001 4.24823
1920001 3.92667
1930001 5.21047
1940001 3.87206
1950001 3.90086
1960001 3.91626
1970001 3.9084
1980001 3.89626
1990001 3.89996
2000001 3.90737
2010001 3.95958
2020001 3.99958
2030001 4.00076
2040001 4.01363
2050001 4.05624
2060001 4.09811
2070001 5.17319
2080001 4.29921
2090001 4.05642
2100001 4.0307
2110001 4.03366
2120001 4.01724
2130001 3.97986
2140001 3.96768
2150001 4.22802
2160001 3.97067
2170001 3.9695
2180001 3.90576
2190001 3.82679
2200001 3.81707
2210001 3.71094
2220001 3.6741
2230001 3.67785
2240001 3.69046
2250001 3.7164
2260001 3.75088
2270001 3.73698
2280001 3.73969
2290001 14.1215
2300001 6.63696
2310001 4.04047
2320001 4.35613
2330001 3.79274
2340001 3.71826
2350001 5.19986
2360001 3.93823
2370001 6.65194
2380001 3.8354
2390001 3.88398
2400001 3.8324
2410001 3.89284
2420001 3.87162
2430001 3.87461
2440001 3.8946
2450001 3.95456
2460001 3.97569
2470001 3.99137
2480001 4.01541
2490001 4.01162
2500001 4.08144
2510001 6.08527
2520001 4.28201
2530001 4.05086
2540001 4.02564
2550001 4.06035
2560001 4.08239
2570001 4.00835
2580001 3.99236
2590001 4.37452
2600001 3.98226
2610001 3.93219
2620001 3.85208
2630001 3.82
2640001 3.81875
2650001 3.72756
2660001 3.68712
2670001 3.67315
2680001 3.69806
2690001 3.64681
2700001 3.73118
2710001 3.74187
2720001 3.71407
2730001 3.76201
2740001 7.86112
2750001 4.0623
2760001 6.07852
2770001 3.81884
2780001 3.78775
2790001 5.17512
2800001 4.19648
2810001 6.65503
2820001 4.04538
2830001 3.86972
2840001 3.83634
2850001 3.90086
2860001 3.86129
2870001 3.87803
2880001 3.88502
2890001 3.93234
2900001 3.97508
2910001 3.97969
2920001 4.00914
2930001 4.05598
2940001 4.01453
2950001 6.07463
2960001 4.68295
2970001 4.06182
2980001 4.03482
2990001 4.03763
3000001 4.0443
3010001 3.99038
3020001 4.02595
3030001 5.04401
3040001 3.99124
3050001 3.95371
3060001 3.9243
3070001 3.82162
3080001 3.80791
3090001 3.72597
3100001 3.6867
3110001 3.70397
3120001 3.71854
3130001 3.66227
3140001 3.69294
3150001 3.69716
3160001 3.72041
3170001 3.78078
3180001 7.85691
3190001 4.54706
3200001 6.0855
3210001 3.89268
3220001 3.78576
3230001 7.78836
3240001 4.14675
3250001 11.3418
3260001 4.03126
3270001 3.85402
3280001 3.84235
3290001 3.8818
3300001 3.86949
3310001 3.87627
3320001 3.88214
3330001 3.90161
3340001 3.96592
3350001 3.98536
3360001 3.98905
3370001 4.06402
3380001 4.0417
3390001 4.04642
3400001 5.18815
3410001 4.08319
3420001 4.039
3430001 4.05741
3440001 4.0092
3450001 3.97164
3460001 3.96594
3470001 5.00059
3480001 4.22965
3490001 3.96872
3500001 3.94487
3510001 3.87698
3520001 3.80935
3530001 3.75443
3540001 3.69175
3550001 3.68568
3560001 3.68764
3570001 3.65812
3580001 3.71455
3590001 3.71043
3600001 3.72567
3610001 3.75471
3620001 14.1109
3630001 4.55184
3640001 11.1763
3650001 3.92586
3660001 3.72996
3670001 3.69527
3680001 4.23019
3690001 3.90798
3700001 5.19597
3710001 3.84999
3720001 3.88177
3730001 3.89673
3740001 3.88962
3750001 3.87745
3760001 3.88107
3770001 3.88938
3780001 3.94236
3790001 3.98357
3800001 3.97859
3810001 3.99649
3820001 4.04023
3830001 4.07753
3840001 5.1586
3850001 4.27936
3860001 4.04314
3870001 4.01551
3880001 4.01639
3890001 4.00273
3900001 3.96093
3910001 3.95358
3920001 4.23901
3930001 3.96042
3940001 3.9593
3950001 3.89513
3960001 3.81835
3970001 3.79759
3980001 3.69927
3990001 3.66263
4000001 3.66705
4010001 3.67775
4020001 3.70901
4030001 3.73424
4040001 3.7173
4050001 3.73297
4060001 14.1108
4070001 6.62854
4080001 4.05559
4090001 4.35025
4100001 3.78301
4110001 3.70812
4120001 5.19525
4130001 3.91689
4140001 6.64497
4150001 3.82473
4160001 3.87593
4170001 3.82108
4180001 3.88186
4190001 3.86095
4200001 3.86388
4210001 3.8839
4220001 3.94659
4230001 3.96525
4240001 3.98084
4250001 4.00404
4260001 4.00181
4270001 4.07051
4280001 6.0781
4290001 4.27612
4300001 4.03909
4310001 4.0166
4320001 4.05144
4330001 4.03037
4340001 3.9989
4350001 3.97446
4360001 4.36776
4370001 3.97158
4380001 3.92567
4390001 3.8466
4400001 3.81356
4410001 3.81619
4420001 3.72184
4430001 3.68033
4440001 3.66664
4450001 3.6994
4460001 3.64433
4470001 3.7244
4480001 3.73518
4490001 3.70001
4500001 3.75821
4510001 7.85376
4520001 4.05698
4530001 6.07419
4540001 3.81257
4550001 3.78138
4560001 5.17976
4570001 4.18582
4580001 6.65009
4590001 4.0409
4600001 3.86471
4610001 3.82573
4620001 3.89446
4630001 3.85474
4640001 3.8684
4650001 3.87994
4660001 3.92678
4670001 3.97423
4680001 3.97338
4690001 4.00264
4700001 4.0439
4710001 4.00937
4720001 6.07125
4730001 4.67668
4740001 4.07032
4750001 4.03049
4760001 4.0375
4770001 4.03847
4780001 3.97997
4790001 4.02217
4800001 5.03954
4810001 3.98991
4820001 3.9355
4830001 3.91926
4840001 3.81664
4850001 3.8047
4860001 3.72176
4870001 3.68205
4880001 3.69864
4890001 3.71396
4900001 3.65762
4910001 3.69725
4920001 3.69322
4930001 3.71743
4940001 3.78299
4950001 7.85524
4960001 4.54389
4970001 6.08313
4980001 3.88758
4990001 3.7774
5000001 7.7854
5010001 4.14383
5020001 11.3395
5030001 4.02708
5040001 3.85115
5050001 3.83836
5060001 3.87773
5070001 3.86521
5080001 3.87471
5090001 3.88037
5100001 3.89737
5110001 3.96237
5120001 3.98184
5130001 3.98482
5140001 4.05917
5150001 4.04031
5160001 4.04278
5170001 5.18146
5180001 4.07864
5190001 4.04222
5200001 4.05263
5210001 4.00189
5220001 3.9685
5230001 3.96325
5240001 4.9918
5250001 4.23064
5260001 3.9654
5270001 3.93051
5280001 3.87097
5290001 3.81002
5300001 3.75223
5310001 3.68748
5320001 3.68048
5330001 3.68457
5340001 3.6552
5350001 3.71376
5360001 3.70741
5370001 3.72329
5380001 3.75796
5390001 14.1105
5400001 4.54801
5410001 11.1761
5420001 3.92823
5430001 3.72756
5440001 3.69185
5450001 4.22736
5460001 3.89791
5470001 5.19407
5480001 3.84653
5490001 3.87959
5500001 3.89345
5510001 3.88817
5520001 3.87298
5530001 3.87775
5540001 3.89287
5550001 3.94013
5560001 3.97811
5570001 3.97752
5580001 3.99233
5590001 4.03762
5600001 4.07293
5610001 5.15755
5620001 4.27335
5630001 4.04112
5640001 4.01441
5650001 4.00955
5660001 4.00022
5670001 3.96082
5680001 3.95233
5690001 4.23875
5700001 3.96098
5710001 3.95783
5720001 3.89248
5730001 3.81564
5740001 3.79961
5750001 3.6969
5760001 3.66169
5770001 3.66629
5780001 3.67512
5790001 3.70543
5800001 3.73149
5810001 3.71256
5820001 3.73468
5830001 14.1094
5840001 6.62613
5850001 11.2173
5860001 4.34886
5870001 3.77716
5880001 3.70783
5890001 5.19932
5900001 3.91242
5910001 6.6471
5920001 3.82289
5930001 3.89438
5940001 3.81907
5950001 3.88174
5960001 3.85922
5970001 3.86172
5980001 3.8818
5990001 3.94682
6000001 3.9629
6010001 3.97802
6020001 3.99857
6030001 3.99976
6040001 4.06676
6050001 6.0759
6060001 4.26594
6070001 4.03632
6080001 4.01139
6090001 4.05024
6100001 4.02451
6110001 3.99539
6120001 3.97489
6130001 4.36724
6140001 3.97013
6150001 3.92285
6160001 3.84497
6170001 3.81226
6180001 3.8156
6190001 3.72036
6200001 3.67977
6210001 3.65575
6220001 3.69415
6230001 3.64973
6240001 3.71826
6250001 3.73164
6260001 3.69278
6270001 3.75655
6280001 7.85005
6290001 4.05731
6300001 6.07365
6310001 3.80768
6320001 3.78047
6330001 5.17699
6340001 4.18315
6350001 6.65065
6360001 4.0407
6370001 3.8706
6380001 3.82273
6390001 3.89333
6400001 3.85335
6410001 3.8641
6420001 3.87724
6430001 3.92536
6440001 3.97447
6450001 3.97161
6460001 3.99938
6470001 4.03881
6480001 4.01086
6490001 6.07868
6500001 4.67556
6510001 4.05315
6520001 4.02993
6530001 4.03917
6540001 4.03642
6550001 3.99133
6560001 4.01959
6570001 5.03727
6580001 3.98562
6590001 3.922
6600001 3.91575
6610001 3.81496
6620001 3.80362
6630001 3.72114
6640001 3.67941
6650001 3.69717
6660001 3.7125
6670001 3.65831
6680001 3.69224
6690001 3.69123
6700001 3.71506
6710001 3.78711
6720001 7.85488
6730001 4.54211
6740001 6.08209
6750001 3.88725
6760001 3.77611
6770001 7.78331
6780001 4.15395
6790001 11.3385
6800001 4.02497
6810001 3.8523
6820001 3.83784
6830001 3.87633
6840001 3.86404
6850001 3.87511
6860001 3.87953
6870001 3.89611
6880001 3.96138
6890001 3.98011
6900001 3.98367
6910001 4.05913
6920001 4.03209
6930001 4.04011
6940001 5.16443
6950001 4.07657
6960001 4.03929
6970001 4.05198
6980001 3.99997
6990001 3.96906
7000001 3.96138
7010001 4.98697
7020001 4.23167
7030001 3.96459
7040001 3.91255
7050001 3.86798
7060001 3.8133
7070001 3.74934
7080001 3.68965
7090001 3.67926
7100001 3.68315
7110001 3.65532
7120001 3.71401
7130001 3.70233
7140001 3.72071
7150001 3.75845
7160001 14.1104
7170001 4.54771
7180001 11.1769
7190001 3.92545
7200001 3.7296
7210001 3.69879
7220001 4.22614
7230001 3.89816
7240001 5.19355
7250001 3.84874
7260001 3.88035
7270001 3.89268
7280001 3.88749
7290001 3.87016
7300001 3.87674
7310001 3.8921
7320001 3.93965
7330001 3.97492
7340001 3.97375
7350001 3.99121
7360001 4.03695
7370001 4.07164
7380001 5.15586
7390001 4.2708
7400001 4.04052
7410001 4.01193
7420001 4.00713
7430001 4.00018
7440001 3.9707
7450001 3.95125
7460001 4.24087
7470001 3.96083
7480001 3.95583
7490001 3.89114
7500001 3.80788
7510001 3.79768
7520001 3.69586
7530001 3.65996
7540001 3.66677
7550001 3.67705
7560001 3.70188
7570001 3.73201
7580001 3.70956
7590001 3.73581
7600001 14.1119
7610001 6.6237
7620001 11.1657
7630001 4.34649
7640001 3.77168
7650001 3.70726
7660001 5.20815
7670001 3.91247
7680001 6.64976
7690001 3.8226
7700001 3.90247
7710001 3.81915
7720001 3.88175
7730001 3.85843
7740001 3.86102
7750001 3.88102
7760001 3.9472
7770001 3.9622
7780001 3.97681
7790001 3.9984
7800001 3.99877
7810001 4.06605
7820001 6.07458
7830001 4.26423
7840001 4.03507
7850001 4.02365
7860001 4.04858
7870001 4.01731
7880001 3.99467
7890001 3.98042
7900001 4.36788
7910001 3.96437
7920001 3.9207
7930001 3.84376
7940001 3.8109
7950001 3.8204
7960001 3.71971
7970001 3.6799
7980001 3.66143
7990001 3.69221
8000001 3.64849
8010001 3.71659
8020001 3.73237
8030001 3.69101
8040001 3.75471
8050001 7.83714
8060001 4.05548
8070001 6.07489
8080001 3.80676
8090001 3.78062
8100001 5.1743
8110001 4.18023
8120001 6.64685
8130001 4.04083
8140001 3.87021
8150001 3.82219
8160001 3.89335
8170001 3.85342
8180001 3.86235
8190001 3.87505
8200001 3.92466
8210001 3.97403
8220001 3.97068
8230001 3.99784
8240001 4.03796
8250001 4.01005
8260001 6.07669
8270001 4.67529
8280001 4.04581
8290001 4.02979
8300001 4.03639
8310001 4.03703
8320001 3.98077
8330001 4.01802
8340001 5.03308
8350001 3.98433
8360001 3.91686
8370001 3.91291
8380001 3.81429
8390001 3.80195
8400001 3.72016
8410001 3.67752
8420001 3.69476
8430001 3.71198
8440001 3.6555
8450001 3.70485
8460001 3.69101
8470001 3.71528
8480001 3.79355
8490001 7.85401
8500001 4.54496
8510001 6.08132
8520001 3.88729
8530001 3.77147
8540001 7.78266
8550001 4.14821
8560001 11.3379
8570001 4.02713
8580001 3.85047
8590001 3.83752
8600001 3.87587
8610001 3.86437
8620001 3.87434
8630001 3.88366
8640001 3.89645
8650001 3.96079
8660001 3.97962
8670001 3.9827
8680001 4.05885
8690001 4.03692
8700001 4.0402
8710001 4.70098
8720001 4.07553
8730001 4.0367
8740001 4.05207
8750001 3.99778
8760001 3.96799
8770001 3.96113
8780001 4.986
8790001 4.23304
8800001 3.96375
8810001 3.91352
8820001 3.86685
8830001 3.8151
8840001 3.74515
8850001 3.68914
8860001 3.67923
8870001 3.68253
8880001 3.65547
8890001 3.71429
8900001 3.69792
8910001 3.72018
8920001 3.76231
8930001 14.1114
8940001 4.54825
8950001 11.1763
8960001 3.92321
8970001 3.72963
8980001 3.68868
8990001 4.22521
9000001 3.88101
9010001 5.19337
9020001 3.84444
9030001 3.88084
9040001 3.89225
9050001 3.88567
9060001 3.86903
9070001 3.87602
9080001 3.89142
9090001 3.93867
9100001 3.97436
9110001 3.97066
9120001 3.99107
9130001 4.03733
9140001 4.0706
9150001 5.15663
9160001 4.27281
9170001 4.03962
9180001 4.00989
9190001 4.00915
9200001 3.99937
9210001 3.96435
9220001 3.94918
9230001 4.23569
9240001 3.95874
9250001 3.95386
9260001 3.88894
9270001 3.80267
9280001 3.79832
9290001 3.69551
9300001 3.65859
9310001 3.66774
9320001 3.67565
9330001 3.70028
9340001 3.73539
9350001 3.71928
9360001 3.73687
9370001 14.1118
9380001 6.62242
9390001 11.1648
9400001 4.34533
9410001 3.7726
9420001 3.70497
9430001 5.20779
9440001 3.91767
9450001 6.65041
9460001 3.82243
9470001 3.89405
9480001 3.81812
9490001 3.88168
9500001 3.85804
9510001 3.8606
9520001 3.88097
9530001 3.94678
9540001 3.96237
9550001 3.97621
9560001 3.99089
9570001 3.99847
9580001 4.06555
9590001 6.0737
9600001 4.26372
9610001 4.03526
9620001 4.01592
9630001 4.0472
9640001 4.02141
9650001 3.99524
9660001 3.97984
9670001 4.36958
9680001 3.95985
9690001 3.91862
9700001 3.84207
9710001 3.81091
9720001 3.82582
9730001 3.7199
9740001 3.68264
9750001 3.65789
9760001 3.69114
9770001 3.65278
9780001 3.71721
9790001 3.73293
9800001 3.6952
9810001 3.75376
9820001 7.84314
9830001 4.05476
9840001 6.08154
9850001 3.8059
9860001 3.77997
9870001 5.17705
9880001 4.18046
9890001 6.64565
9900001 4.04095
9910001 3.87111
9920001 3.81919
9930001 3.89495
9940001 3.85723
9950001 3.86094
9960001 3.87409
9970001 3.92421
9980001 3.97407
9990001 3.97013
