1 31.3626
10001 21.086
20001 16.6135
30001 14.8353
40001 13.0944
50001 12.0471
60001 10.9391
70001 10.2001
80001 9.40583
90001 8.8219
100001 8.24888
110001 7.77314
120001 7.35496
130001 6.98988
140001 6.66931
150001 6.43846
160001 6.67891
170001 5.95401
180001 5.78743
190001 5.70887
200001 5.83813
210001 5.39843
220001 5.31402
230001 5.2005
240001 5.13765
250001 5.03107
260001 4.99866
270001 4.89795
280001 4.85147
290001 4.77715
300001 4.73933
310001 4.72482
320001 4.64899
330001 4.62027
340001 4.57306
350001 4.54689
360001 4.50884
370001 4.48401
380001 4.45086
390001 4.42479
400001 4.39703
410001 4.37119
420001 4.34744
430001 4.32565
440001 4.30409
450001 4.28448
460001 4.2596
470001 4.24874
480001 4.21887
490001 4.21547
500001 4.18557
510001 4.18527
520001 4.15567
530001 4.15683
540001 4.12866
550001 4.13119
560001 4.10424
570001 4.10809
580001 4.08271
590001 4.29999
600001 4.09283
610001 4.08826
620001 4.04501
630001 4.05356
640001 4.06814
650001 4.05889
660001 4.00389
670001 4.01959
680001 3.98773
690001 4.00544
700001 3.99614
710001 4.19058
720001 3.96508
730001 3.97412
740001 4.31064
750001 4.40003
760001 3.9641
770001 3.9464
780001 3.94769
790001 3.93354
800001 3.93297
810001 3.92206
820001 3.92111
830001 3.91135
840001 3.90663
850001 3.89986
860001 3.89548
870001 3.88923
880001 3.88546
890001 3.87924
900001 3.87624
910001 3.86139
920001 3.86715
930001 3.85086
940001 3.85882
950001 3.84126
960001 3.85074
970001 3.83257
980001 3.84282
990001 3.82325
1000001 3.83513
1010001 3.81481
1020001 3.82829
1030001 3.80767
1040001 4.64577
1050001 3.8097
1060001 3.82733
1070001 3.79843
1080001 3.81445
1090001 3.7892
1100001 3.80839
1110001 3.7802
1120001 3.80222
1130001 3.77461
1140001 3.81529
1150001 3.78242
1160001 3.79581
1170001 3.76998
1180001 3.78246
1190001 3.8775
1200001 3.77663
1210001 3.78311
1220001 3.77037
1230001 3.77369
1240001 3.76504
1250001 3.76793
1260001 3.76003
1270001 3.75838
1280001 3.75549
1290001 3.75225
1300001 3.74953
1310001 3.74763
1320001 3.74433
1330001 3.7436
1340001 3.73354
1350001 3.73935
1360001 3.72666
1370001 3.7358
1380001 3.72074
1390001 3.7316
1400001 3.71587
1410001 3.72835
1420001 3.71162
1430001 3.7246
1440001 3.70694
1450001 3.72146
1460001 3.70489
1470001 3.718
1480001 3.78371
1490001 4.53263
1500001 3.70235
1510001 3.72283
1520001 3.79775
1530001 4.17695
1540001 3.6901
1550001 3.71327
1560001 3.68768
1570001 3.71028
1580001 3.68454
1590001 3.92369
1600001 3.6916
1610001 3.70499
1620001 3.68273
1630001 4.168
1640001 3.73735
1650001 3.69921
1660001 3.70407
1670001 3.69354
1680001 3.69798
1690001 3.69118
1700001 3.69584
1710001 3.68957
1720001 3.68877
1730001 3.68665
1740001 3.68544
1750001 3.68324
1760001 3.68319
1770001 3.68062
1780001 3.6814
1790001 3.67085
1800001 3.67955
1810001 3.66636
1820001 3.67815
1830001 3.66311
1840001 3.67639
1850001 3.66123
1860001 3.67495
1870001 3.65867
1880001 3.67348
1890001 3.65684
1900001 3.67307
1910001 3.65469
1920001 3.90815
1930001 3.69012
1940001 3.69477
1950001 3.65695
1960001 3.6758
1970001 3.70237
1980001 3.69943
1990001 3.64901
2000001 3.67379
2010001 3.64812
2020001 3.67384
2030001 3.67252
2040001 3.67715
2050001 3.65342
2060001 3.66897
2070001 4.03798
2080001 3.66697
2090001 3.6789
2100001 3.66535
2110001 3.67303
2120001 3.66376
2130001 3.66915
2140001 3.66305
2150001 3.66734
2160001 3.66228
2170001 3.66276
2180001 3.66042
2190001 3.66036
2200001 3.65902
2210001 3.65995
2220001 3.65593
2230001 3.65936
2240001 3.6488
2250001 3.65913
2260001 3.64633
2270001 3.65839
2280001 3.64488
2290001 3.65836
2300001 3.64337
2310001 3.65804
2320001 3.64207
2330001 3.658
2340001 3.64079
2350001 3.65811
2360001 3.72623
2370001 4.48579
2380001 3.65006
2390001 3.67137
2400001 3.74645
2410001 4.13132
2420001 3.64244
2430001 3.66505
2440001 3.63971
2450001 3.66458
2460001 3.64014
2470001 3.68473
2480001 3.65428
2490001 3.66461
2500001 3.64364
2510001 3.66254
2520001 3.76383
2530001 3.66391
2540001 3.67196
2550001 3.66129
2560001 3.66765
2570001 3.66102
2580001 3.66683
2590001 3.66149
2600001 3.66219
2610001 3.66142
2620001 3.66071
2630001 3.66024
2640001 3.66081
2650001 3.65947
2660001 3.66122
2670001 3.65342
2680001 3.66146
2690001 3.651
2700001 3.66215
2710001 3.64926
2720001 3.6624
2730001 3.64858
2740001 3.66302
2750001 3.64779
2760001 3.66332
2770001 3.64775
2780001 3.66498
2790001 3.64966
2800001 3.66453
2810001 3.68531
2820001 3.6905
2830001 3.65475
2840001 3.67703
2850001 3.75498
2860001 3.69868
2870001 3.64974
2880001 3.67456
2890001 3.65087
2900001 3.67655
2910001 3.67626
2920001 3.89354
2930001 3.66162
2940001 3.67575
2950001 4.04432
2960001 4.14556
2970001 3.7141
2980001 3.67463
2990001 3.68331
3000001 3.67451
3010001 3.68074
3020001 3.67513
3030001 3.68153
3040001 3.67615
3050001 3.67736
3060001 3.67582
3070001 3.67693
3080001 3.67585
3090001 3.67743
3100001 3.6762
3110001 3.67826
3120001 3.66931
3130001 3.67897
3140001 3.66751
3150001 3.68017
3160001 3.66688
3170001 3.68127
3180001 3.66757
3190001 3.6823
3200001 3.66718
3210001 3.68327
3220001 3.66816
3230001 3.68481
3240001 3.66843
3250001 3.922
3260001 3.70615
3270001 3.70042
3280001 3.67545
3290001 3.69507
3300001 3.72291
3310001 3.69648
3320001 3.67213
3330001 3.69759
3340001 3.67344
3350001 3.6998
3360001 3.68875
3370001 3.70514
3380001 3.6829
3390001 3.69917
3400001 3.79938
3410001 3.69926
3420001 3.71227
3430001 3.69932
3440001 3.70625
3450001 3.70006
3460001 3.70641
3470001 3.70123
3480001 3.70666
3490001 3.70251
3500001 3.70402
3510001 3.70235
3520001 3.70347
3530001 3.70277
3540001 3.70478
3550001 3.70171
3560001 3.70591
3570001 3.69667
3580001 3.70753
3590001 3.69588
3600001 3.70849
3610001 3.69617
3620001 3.71017
3630001 3.69629
3640001 3.71143
3650001 3.69653
3660001 3.71303
3670001 3.69706
3680001 3.71424
3690001 3.78273
3700001 4.53342
3710001 3.70934
3720001 3.72823
3730001 3.80564
3740001 4.18567
3750001 3.70491
3760001 3.72752
3770001 3.7046
3780001 3.72869
3790001 3.70563
3800001 3.75001
3810001 3.71666
3820001 3.73157
3830001 3.71187
3840001 3.73098
3850001 3.76989
3860001 3.73374
3870001 3.7424
3880001 3.73203
3890001 3.73845
3900001 3.73356
3910001 3.73999
3920001 3.73533
3930001 3.73678
3940001 3.73605
3950001 3.7366
3960001 3.73621
3970001 3.73794
3980001 3.73722
3990001 3.73954
4000001 3.73258
4010001 3.74099
4020001 3.72993
4030001 3.74284
4040001 3.72996
4050001 3.74426
4060001 3.73146
4070001 3.74595
4080001 3.73179
4090001 3.74741
4100001 3.73306
4110001 3.75017
4120001 3.73586
4130001 3.98359
4140001 3.77155
4150001 3.7773
4160001 3.74305
4170001 3.76157
4180001 3.78923
4190001 3.78738
4200001 3.74027
4210001 3.76484
4220001 3.7418
4230001 3.76785
4240001 3.76817
4250001 3.98082
4260001 3.7522
4270001 3.76836
4280001 4.12984
4290001 4.22938
4300001 3.78209
4310001 3.76988
4320001 3.77893
4330001 3.77074
4340001 3.77749
4350001 3.77229
4360001 3.7781
4370001 3.7742
4380001 3.77593
4390001 3.77477
4400001 3.77641
4410001 3.77575
4420001 3.77781
4430001 3.777
4440001 3.77944
4450001 3.77057
4460001 3.781
4470001 3.77026
4480001 3.78298
4490001 3.77104
4500001 3.78488
4510001 3.77208
4520001 3.78664
4530001 3.77248
4540001 3.78844
4550001 3.77325
4560001 3.79073
4570001 3.77533
4580001 4.59633
4590001 3.78616
4600001 3.8075
4610001 3.78371
4620001 3.80302
4630001 3.78271
4640001 3.80519
4650001 3.78202
4660001 3.80701
4670001 3.78425
4680001 3.82783
4690001 3.79963
4700001 3.81579
4710001 3.79458
4720001 3.81005
4730001 3.9085
4740001 3.81152
4750001 3.82187
4760001 3.81231
4770001 3.81943
4780001 3.81387
4790001 3.8203
4800001 3.8155
4810001 3.81752
4820001 3.81743
4830001 3.8177
4840001 3.81794
4850001 3.81939
4860001 3.81902
4870001 3.82133
4880001 3.81473
4890001 3.82304
4900001 3.81399
4910001 3.82528
4920001 3.81382
4930001 3.82681
4940001 3.81469
4950001 3.82903
4960001 3.81595
4970001 3.83076
4980001 3.81678
4990001 3.83299
5000001 3.82001
5010001 3.83473
5020001 3.90146
5030001 4.63318
5040001 3.82772
5050001 3.84948
5060001 3.92483
5070001 4.29451
5080001 3.82563
5090001 3.84981
5100001 3.82809
5110001 3.85159
5120001 3.8297
5130001 4.06183
5140001 3.84086
5150001 3.85544
5160001 3.83674
5170001 4.30627
5180001 3.89343
5190001 3.85862
5200001 3.86535
5210001 3.85738
5220001 3.86401
5230001 3.85924
5240001 3.86603
5250001 3.86173
5260001 3.86323
5270001 3.86295
5280001 3.86397
5290001 3.86358
5300001 3.86556
5310001 3.86496
5320001 3.86758
5330001 3.85967
5340001 3.86946
5350001 3.85906
5360001 3.87172
5370001 3.85954
5380001 3.87354
5390001 3.86128
5400001 3.87563
5410001 3.86224
5420001 3.87764
5430001 3.86392
5440001 3.88062
5450001 3.86521
5460001 4.1071
5470001 3.90199
5480001 3.90775
5490001 3.87394
5500001 3.89291
5510001 3.91997
5520001 3.91833
5530001 3.87275
5540001 3.89727
5550001 3.875
5560001 3.9003
5570001 3.9009
5580001 3.90632
5590001 3.88586
5600001 3.90161
5610001 4.25204
5620001 3.90263
5630001 3.91556
5640001 3.9039
5650001 3.9108
5660001 3.90522
5670001 3.9119
5680001 3.90728
5690001 3.91289
5700001 3.90926
5710001 3.91127
5720001 3.91022
5730001 3.91164
5740001 3.91155
5750001 3.91376
5760001 3.91124
5770001 3.91571
5780001 3.90741
5790001 3.91796
5800001 3.90745
5810001 3.9197
5820001 3.90857
5830001 3.92202
5840001 3.90948
5850001 3.92407
5860001 3.91067
5870001 3.92636
5880001 3.91174
5890001 3.92871
5900001 3.9936
5910001 4.71104
5920001 3.9249
5930001 3.94562
5940001 4.01688
5950001 4.37876
5960001 3.92224
5970001 3.94405
5980001 3.92193
5990001 3.94572
6000001 3.9244
6010001 3.96654
6020001 3.93955
6030001 3.94987
6040001 3.9317
6050001 3.95003
6060001 4.0453
6070001 3.9533
6080001 3.96197
6090001 3.95283
6100001 3.96001
6110001 3.95453
6120001 3.96107
6130001 3.9569
6140001 3.9587
6150001 3.95872
6160001 3.95919
6170001 3.95953
6180001 3.96111
6190001 3.96073
6200001 3.96326
6210001 3.9571
6220001 3.96526
6230001 3.9567
6240001 3.96763
6250001 3.95678
6260001 3.96957
6270001 3.95793
6280001 3.97181
6290001 3.95883
6300001 3.97378
6310001 3.96048
6320001 3.97696
6330001 3.96387
6340001 3.97813
6350001 3.99825
6360001 4.00377
6370001 3.97185
6380001 3.99294
6390001 4.06576
6400001 4.0144
6410001 3.97039
6420001 3.99377
6430001 3.973
6440001 3.99714
6450001 3.99782
6460001 4.19901
6470001 3.98584
6480001 3.99909
6490001 4.3414
6500001 4.43638
6510001 4.03703
6520001 4.00127
6530001 4.01016
6540001 4.00259
6550001 4.00924
6560001 4.0046
6570001 4.01133
6580001 4.00693
6590001 4.00889
6600001 4.00804
6610001 4.00988
6620001 4.00945
6630001 4.01164
6640001 4.01117
6650001 4.01371
6660001 4.00636
6670001 4.01566
6680001 4.00599
6690001 4.01805
6700001 4.00669
6710001 4.0203
6720001 4.00859
6730001 4.02248
6740001 4.00944
6750001 4.02462
6760001 4.01157
6770001 4.02722
6780001 4.01304
6790001 4.24661
6800001 4.04875
6810001 4.04396
6820001 4.02188
6830001 4.04022
6840001 4.06646
6850001 4.04267
6860001 4.0212
6870001 4.04485
6880001 4.02355
6890001 4.04809
6900001 4.03863
6910001 4.05398
6920001 4.03439
6930001 4.04966
6940001 4.14207
6950001 4.05085
6960001 4.06344
6970001 4.052
6980001 4.05902
6990001 4.05373
7000001 4.06021
7010001 4.05586
7020001 4.06148
7030001 4.05809
7040001 4.06013
7050001 4.05901
7060001 4.06067
7070001 4.06047
7080001 4.06284
7090001 4.06055
7100001 4.06487
7110001 4.05714
7120001 4.06732
7130001 4.05722
7140001 4.06916
7150001 4.05859
7160001 4.07163
7170001 4.05961
7180001 4.07371
7190001 4.06078
7200001 4.07612
7210001 4.06218
7220001 4.07812
7230001 4.14122
7240001 4.8369
7250001 4.07521
7260001 4.09276
7270001 4.16397
7280001 4.51418
7290001 4.073
7300001 4.09384
7310001 4.07362
7320001 4.09582
7330001 4.07543
7340001 4.1161
7350001 4.08632
7360001 4.10015
7370001 4.08278
7380001 4.10049
7390001 4.13647
7400001 4.10383
7410001 4.11227
7420001 4.10304
7430001 4.10952
7440001 4.10533
7450001 4.11172
7460001 4.10777
7470001 4.10962
7480001 4.10925
7490001 4.11026
7500001 4.11022
7510001 4.11226
7520001 4.11198
7530001 4.11448
7540001 4.10864
7550001 4.11657
7560001 4.10704
7570001 4.119
7580001 4.10781
7590001 4.12102
7600001 4.10995
7610001 4.12328
7620001 4.11094
7630001 4.12536
7640001 4.11283
7650001 4.1286
7660001 4.11608
7670001 4.3425
7680001 4.14922
7690001 4.15472
7700001 4.12408
7710001 4.14112
7720001 4.16672
7730001 4.16526
7740001 4.12294
7750001 4.14547
7760001 4.12504
7770001 4.14889
7780001 4.14964
7790001 4.34386
7800001 4.13581
7810001 4.1507
7820001 4.48186
7830001 4.57394
7840001 4.16429
7850001 4.15339
7860001 4.16207
7870001 4.15489
7880001 4.1614
7890001 4.15689
7900001 4.16259
7910001 4.15927
7920001 4.16127
7930001 4.16046
7940001 4.16237
7950001 4.16199
7960001 4.16422
7970001 4.16379
7980001 4.16631
7990001 4.15874
8000001 4.16832
8010001 4.159
8020001 4.17072
8030001 4.16032
8040001 4.17301
8050001 4.16185
8060001 4.1752
8070001 4.16278
8080001 4.17741
8090001 4.16403
8100001 4.18005
8110001 4.1665
8120001 4.92284
8130001 4.17688
8140001 4.19644
8150001 4.17525
8160001 4.19298
8170001 4.17489
8180001 4.19544
8190001 4.17483
8200001 4.19764
8210001 4.17741
8220001 4.21707
8230001 4.19186
8240001 4.20667
8250001 4.1857
8260001 4.20201
8270001 4.29183
8280001 4.20388
8290001 4.21363
8300001 4.20511
8310001 4.21195
8320001 4.20689
8330001 4.21324
8340001 4.20905
8350001 4.21125
8360001 4.21132
8370001 4.21193
8380001 4.21231
8390001 4.21395
8400001 4.21383
8410001 4.21619
8420001 4.21057
8430001 4.21823
8440001 4.2104
8450001 4.22073
8460001 4.21068
8470001 4.2226
8480001 4.21198
8490001 4.22506
8500001 4.21354
8510001 4.22711
8520001 4.21479
8530001 4.22958
8540001 4.21816
8550001 4.23162
8560001 4.29253
8570001 4.96711
8580001 4.22608
8590001 4.24595
8600001 4.3147
8610001 4.65361
8620001 4.22509
8630001 4.24713
8640001 4.22777
8650001 4.24919
8660001 4.23022
8670001 4.44106
8680001 4.2402
8690001 4.25353
8700001 4.23688
8710001 4.66646
8720001 4.28874
8730001 4.25728
8740001 4.26367
8750001 4.25658
8760001 4.26291
8770001 4.25865
8780001 4.26513
8790001 4.26137
8800001 4.26303
8810001 4.2629
8820001 4.26412
8830001 4.26391
8840001 4.26595
8850001 4.26559
8860001 4.26817
8870001 4.26134
8880001 4.27025
8890001 4.26116
8900001 4.27258
8910001 4.26198
8920001 4.27473
8930001 4.26394
8940001 4.27699
8950001 4.26516
8960001 4.27921
8970001 4.26707
8980001 4.28228
8990001 4.26862
9000001 4.48899
9010001 4.30232
9020001 4.30767
9030001 4.27727
9040001 4.29456
9050001 4.31937
9060001 4.31798
9070001 4.27692
9080001 4.29923
9090001 4.27933
9100001 4.30234
9110001 4.30315
9120001 4.30815
9130001 4.28986
9140001 4.30424
9150001 4.62449
9160001 4.30553
9170001 4.3175
9180001 4.30701
9190001 4.31348
9200001 4.30856
9210001 4.31486
9220001 4.31074
9230001 4.31611
9240001 4.31291
9250001 4.31499
9260001 4.31413
9270001 4.31566
9280001 4.3157
9290001 4.3179
9300001 4.31578
9310001 4.31994
9320001 4.31277
9330001 4.32235
9340001 4.31308
9350001 4.32424
9360001 4.31443
9370001 4.32665
9380001 4.31555
9390001 4.32883
9400001 4.31694
9410001 4.33122
9420001 4.31821
9430001 4.33365
9440001 4.39281
9450001 5.05399
9460001 4.33074
9470001 4.34963
9480001 4.41458
9490001 4.74631
9500001 4.32895
9510001 4.3488
9520001 4.32897
9530001 4.3506
9540001 4.33151
9550001 4.36979
9560001 4.34552
9570001 4.35494
9580001 4.33869
9590001 4.3554
9600001 4.44218
9610001 4.35864
9620001 4.36673
9630001 4.3585
9640001 4.36437
9650001 4.36033
9660001 4.36648
9670001 4.36276
9680001 4.36462
9690001 4.3647
9700001 4.36535
9710001 4.3657
9720001 4.36735
9730001 4.36712
9740001 4.36957
9750001 4.36422
9760001 4.37165
9770001 4.36412
9780001 4.37405
9790001 4.36444
9800001 4.37608
9810001 4.36576
9820001 4.37836
9830001 4.36682
9840001 4.38041
9850001 4.36857
9860001 4.38356
9870001 4.37189
9880001 4.38486
9890001 4.40332
9900001 4.40843
9910001 4.37964
9920001 4.39884
9930001 4.46519
9940001 4.41857
9950001 4.37882
9960001 4.40008
9970001 4.38144
9980001 4.4034
9990001 4.40418
10000001 4.58765
10010001 4.39355
10020001 4.40528
10030001 4.71872
10040001 4.8063
10050001 4.44053
10060001 4.40809
10070001 4.41636
10080001 4.40953
10090001 4.41576
10100001 4.41158
10110001 4.41789
10120001 4.41394
10130001 4.41591
10140001 4.41519
10150001 4.41705
10160001 4.41672
10170001 4.41886
10180001 4.41852
10190001 4.42096
10200001 4.41451
10210001 4.42295
10220001 4.41438
10230001 4.42533
10240001 4.41522
10250001 4.42757
10260001 4.41716
10270001 4.42979
10280001 4.41813
10290001 4.43193
10300001 4.42028
10310001 4.43451
10320001 4.42182
10330001 4.63493
10340001 4.45441
10350001 4.45018
10360001 4.43028
10370001 4.44696
10380001 4.47098
10390001 4.4494
10400001 4.43006
10410001 4.45157
10420001 4.4324
10430001 4.49336
10440001 4.44629
10450001 4.46028
10460001 4.44263
10470001 4.45654
10480001 4.54085
10490001 4.45783
10500001 4.46945
10510001 4.45906
10520001 4.46563
10530001 4.46084
10540001 4.46691
10550001 4.46297
10560001 4.46824
10570001 4.46519
10580001 4.46722
10590001 4.46624
10600001 4.4679
10610001 4.46778
10620001 4.47005
10630001 4.46807
10640001 4.47208
10650001 4.46526
10660001 4.47448
10670001 4.46523
10680001 4.47634
10690001 4.46691
10700001 4.47875
10710001 4.46801
10720001 4.48084
10730001 4.46925
10740001 4.48319
10750001 4.47069
10760001 4.48518
10770001 4.5428
10780001 5.18492
10790001 4.48287
10800001 4.49889
10810001 4.56391
10820001 4.88554
10830001 4.48122
10840001 4.50017
10850001 4.48195
10860001 4.50217
10870001 4.48377
10880001 4.5208
10890001 4.49383
10900001 4.50643
10910001 4.49077
10920001 4.50693
10930001 4.53982
10940001 4.51012
10950001 4.51795
10960001 4.50958
10970001 4.51562
10980001 4.51181
10990001 4.51776
11000001 4.51419
11010001 4.51603
11020001 4.51571
11030001 4.51678
11040001 4.51677
11050001 4.51874
11060001 4.51854
11070001 4.52091
11080001 4.51559
11090001 4.52297
11100001 4.51446
11110001 4.52531
11120001 4.5153
11130001 4.52731
11140001 4.5174
11150001 4.52951
11160001 4.51843
11170001 4.53155
11180001 4.5203
11190001 4.53466
11200001 4.52341
11210001 4.73043
11220001 4.55372
11230001 4.55878
11240001 4.53098
11250001 4.54647
11260001 4.56997
11270001 4.56865
11280001 4.53023
11290001 4.55077
11300001 4.53228
11310001 4.55401
11320001 4.55481
11330001 4.73245
11340001 4.54235
11350001 4.55593
11360001 4.85968
11370001 4.94474
11380001 4.5686
11390001 4.55867
11400001 4.56672
11410001 4.56015
11420001 4.56623
11430001 4.56212
11440001 4.56745
11450001 4.56443
11460001 4.56638
11470001 4.56566
11480001 4.56743
11490001 4.5672
11500001 4.56932
11510001 4.56898
11520001 4.57136
11530001 4.56463
11540001 4.57331
11550001 4.56496
11560001 4.57563
11570001 4.56629
11580001 4.57783
11590001 4.5678
11600001 4.57995
11610001 4.56877
11620001 4.5821
11630001 4.57003
11640001 4.58462
11650001 4.5724
11660001 5.27084
11670001 4.58198
11680001 4.59985
11690001 4.58062
11700001 4.59686
11710001 4.58042
11720001 4.59916
11730001 4.58047
11740001 4.60128
11750001 4.58294
11760001 4.61913
11770001 4.59623
11780001 4.60975
11790001 4.58985
11800001 4.60562
11810001 4.68782
11820001 4.60744
11830001 4.61645
11840001 4.60867
11850001 4.61504
11860001 4.6104
11870001 4.61632
11880001 4.61248
11890001 4.61462
11900001 4.61467
11910001 4.61536
11920001 4.6157
11930001 4.6173
11940001 4.61722
11950001 4.61945
11960001 4.61446
11970001 4.62142
11980001 4.6144
11990001 4.6238
12000001 4.61475
12010001 4.6256
12020001 4.61605
12030001 4.62795
12040001 4.61757
12050001 4.62993
12060001 4.61881
12070001 4.63228
12080001 4.62198
12090001 4.63425
12100001 4.69006
12110001 5.31442
12120001 4.62941
12130001 4.64757
12140001 4.71057
12150001 5.02282
12160001 4.6287
12170001 4.64883
12180001 4.63125
12190001 4.6508
12200001 4.65285
12210001 4.82683
12220001 4.64279
12230001 4.65497
12240001 4.63983
12250001 5.03517
12260001 4.68736
12270001 4.65858
12280001 4.66452
12290001 4.65805
12300001 4.66394
12310001 4.65999
12320001 4.66605
12330001 4.6626
12340001 4.66423
12350001 4.66409
12360001 4.66533
12370001 4.66512
12380001 4.66708
12390001 4.66677
12400001 4.6692
12410001 4.66307
12420001 4.67117
12430001 4.663
12440001 4.67336
12450001 4.66382
12460001 4.67543
12470001 4.66569
12480001 4.67759
12490001 4.6669
12500001 4.6797
12510001 4.66872
12520001 4.6826
12530001 4.67021
12540001 4.87249
12550001 4.70111
12560001 4.70603
12570001 4.67829
12580001 4.69409
12590001 4.7169
12600001 4.71562
12610001 4.67817
12620001 4.69853
12630001 4.68042
12640001 4.70146
12650001 4.70228
12660001 4.70686
12670001 4.6902
12680001 4.70336
12690001 4.9982
12700001 4.70462
12710001 4.71567
12720001 4.70605
12730001 4.71208
12740001 4.70754
12750001 4.7134
12760001 4.70961
12770001 4.71462
12780001 4.71169
12790001 4.71369
12800001 4.71288
12810001 4.71438
12820001 4.7144
12830001 4.71648
12840001 4.71459
12850001 4.71843
12860001 4.71198
12870001 4.72071
12880001 4.71232
12890001 4.72249
12900001 4.71363
12910001 4.72477
12920001 4.7147
12930001 4.72684
12940001 4.71605
12950001 4.7291
12960001 4.71729
12970001 4.7314
12980001 4.78571
12990001 5.39901
13000001 4.72889
13010001 4.7462
13020001 4.80588
13030001 5.11225
13040001 4.7274
13050001 4.74556
13060001 4.72748
13070001 4.74728
13080001 4.72987
13090001 4.76494
13100001 4.74277
13110001 4.7514
13120001 4.73657
13130001 4.75188
13140001 4.83162
13150001 4.75493
13160001 4.76242
13170001 4.75485
13180001 4.76025
13190001 4.75659
13200001 4.76231
13210001 4.75888
13220001 4.76068
13230001 4.76069
13240001 4.7614
13250001 4.76153
13260001 4.7633
13270001 4.7631
13280001 4.76539
13290001 4.76059
13300001 4.76736
13310001 4.76055
13320001 4.7696
13330001 4.76089
13340001 4.77152
13350001 4.76216
13360001 4.77368
13370001 4.76318
13380001 4.77561
13390001 4.76487
13400001 4.77856
13410001 4.76794
13420001 4.77981
13430001 4.79677
13440001 4.80153
13450001 4.77517
13460001 4.79277
13470001 4.85379
13480001 4.81094
13490001 4.77453
13500001 4.79401
13510001 4.77699
13520001 4.7971
13530001 4.7979
13540001 4.96683
13550001 4.7882
13560001 4.79891
13570001 5.08827
13580001 5.16956
13590001 4.83146
13600001 4.80162
13610001 4.80931
13620001 4.80301
13630001 4.80882
13640001 4.80494
13650001 4.81081
13660001 4.80716
13670001 4.80905
13680001 4.80836
13690001 4.81015
13700001 4.80983
13710001 4.81185
13720001 4.81155
13730001 4.81383
13740001 4.808
13750001 4.8157
13760001 4.80793
13770001 4.81793
13780001 4.80874
13790001 4.82003
13800001 4.81056
13810001 4.8221
13820001 4.81149
13830001 4.82413
13840001 4.81352
13850001 4.82655
13860001 4.81497
13870001 5.0114
13880001 4.84496
13890001 4.84106
13900001 4.82283
13910001 4.83813
13920001 4.86031
13930001 4.84043
13940001 4.82273
13950001 4.84246
13960001 4.82491
13970001 4.85949
13980001 4.83773
13990001 4.85056
14000001 4.8344
14010001 4.84714
14020001 4.92487
14030001 4.8484
14040001 4.85916
14050001 4.84957
14060001 4.85569
14070001 4.85125
14080001 4.85692
14090001 4.85324
14100001 4.85816
14110001 4.85534
14120001 4.85727
14130001 4.85634
14140001 4.85794
14150001 4.85781
14160001 4.85995
14170001 4.85815
14180001 4.86185
14190001 4.85568
14200001 4.86409
14210001 4.85559
14220001 4.86584
14230001 4.85725
14240001 4.86809
14250001 4.85829
14260001 4.87006
14270001 4.85947
14280001 4.87225
14290001 4.86084
14300001 4.87412
14310001 4.92727
14320001 5.52487
14330001 4.8721
14340001 4.88683
14350001 4.94683
14360001 5.24499
14370001 4.87067
14380001 4.88808
14390001 4.87137
14400001 4.88995
14410001 4.87307
14420001 4.90715
14430001 4.88237
14440001 4.89395
14450001 4.87958
14460001 4.89446
14470001 4.92482
14480001 4.89741
14490001 4.90469
14500001 4.89695
14510001 4.90259
14520001 4.89904
14530001 4.90458
14540001 4.90126
14550001 4.90303
14560001 4.9027
14570001 4.90375
14580001 4.90371
14590001 4.90557
14600001 4.90539
14610001 4.90762
14620001 4.90188
14630001 4.90954
14640001 4.90178
14650001 4.91171
14660001 4.90256
14670001 4.91359
14680001 4.90453
14690001 4.91564
14700001 4.9055
14710001 4.9176
14720001 4.90726
14730001 4.92044
14740001 4.91014
14750001 5.1015
14760001 4.93811
14770001 4.94276
14780001 4.91718
14790001 4.93143
14800001 4.95317
14810001 4.95191
14820001 4.91655
14830001 4.93545
14840001 4.91846
14850001 4.93846
14860001 4.93926
14870001 5.10351
14880001 4.92778
14890001 4.94029
14900001 5.22179
14910001 5.30101
14920001 4.95207
14930001 4.94287
14940001 4.95036
14950001 4.94427
14960001 4.94994
14970001 4.9461
14980001 4.95108
14990001 4.94826
15000001 4.95011
15010001 4.94942
15020001 4.95093
15030001 4.95088
15040001 4.95288
15050001 4.95256
15060001 4.95478
15070001 4.94865
15080001 4.9566
15090001 4.94896
15100001 4.95876
15110001 4.95022
15120001 4.96081
15130001 4.95163
15140001 4.96278
15150001 4.95254
15160001 4.96478
15170001 4.95372
15180001 4.96714
15190001 4.95593
15200001 5.60676
15210001 4.96478
15220001 4.98127
15230001 4.96356
15240001 5.33143
15250001 4.96339
15260001 4.98066
15270001 4.96347
15280001 4.98264
15290001 4.96574
15300001 4.99915
15310001 4.97805
15320001 4.99051
15330001 4.97217
15340001 4.98672
15350001 5.06279
15360001 4.98841
15370001 4.99681
15380001 4.98957
15390001 4.99551
15400001 4.99121
15410001 4.99672
15420001 4.99313
15430001 4.99516
15440001 4.99517
15450001 4.99586
15460001 4.99614
15470001 4.99767
15480001 4.99758
15490001 4.99967
15500001 4.99513
15510001 5.00151
15520001 4.99509
15530001 5.00372
15540001 4.99541
15550001 5.0054
15560001 4.99664
15570001 5.00758
15580001 4.99803
15590001 5.00942
15600001 4.99922
15610001 5.01163
15620001 5.00216
15630001 5.01345
15640001 5.06515
15650001 5.64819
15660001 5.00906
15670001 5.02582
15680001 5.08419
15690001 5.37473
15700001 5.00844
15710001 5.027
15720001 5.0108
15730001 5.02885
15740001 5.03076
15750001 5.1921
15760001 5.0215
15770001 5.03273
15780001 5.01879
15790001 5.38635
15800001 5.06278
15810001 5.03611
15820001 5.04166
15830001 5.03563
15840001 5.04114
15850001 5.03744
15860001 5.04309
15870001 5.03986
15880001 5.04142
15890001 5.04126
15900001 5.04246
15910001 5.04224
15920001 5.04408
15930001 5.04378
15940001 5.04605
15950001 5.04045
15960001 5.0478
15970001 5.04039
15980001 5.0499
15990001 5.04115
16000001 5.05184
16010001 5.04289
16020001 5.05385
16030001 5.04397
16040001 5.05582
16050001 5.04572
16060001 5.05852
16070001 5.0471
16080001 5.23483
16090001 5.07571
16100001 5.08026
16110001 5.0546
16120001 5.0692
16130001 5.09038
16140001 5.08914
16150001 5.0545
16160001 5.07332
16170001 5.0566
16180001 5.07604
16190001 5.07685
16200001 5.08107
16210001 5.06567
16220001 5.07783
16230001 5.35213
16240001 5.07901
16250001 5.08931
16260001 5.08034
16270001 5.08601
16280001 5.08174
16290001 5.08721
16300001 5.08365
16310001 5.08835
16320001 5.08559
16330001 5.08749
16340001 5.08671
16350001 5.08814
16360001 5.08806
16370001 5.09009
16380001 5.08835
16390001 5.09187
16400001 5.08599
16410001 5.09402
16420001 5.08631
16430001 5.09567
16440001 5.08751
16450001 5.09779
16460001 5.08851
16470001 5.09971
16480001 5.08976
16490001 5.10181
16500001 5.09092
16510001 5.10396
16520001 5.1544
16530001 5.72833
16540001 5.10168
16550001 5.11771
16560001 5.17314
16570001 5.4589
16580001 5.10032
16590001 5.11712
16600001 5.10039
16610001 5.11871
16620001 5.10262
16630001 5.13511
16640001 5.11459
16650001 5.12253
16660001 5.10883
16670001 5.12301
16680001 5.1971
16690001 5.12584
16700001 5.13283
16710001 5.12578
16720001 5.13083
16730001 5.12738
16740001 5.13274
16750001 5.12952
16760001 5.13123
16770001 5.13101
16780001 5.13191
16790001 5.13189
16800001 5.13367
16810001 5.13346
16820001 5.13561
16830001 5.1312
16840001 5.13744
16850001 5.13116
16860001 5.13951
16870001 5.13148
16880001 5.1413
16890001 5.13267
16900001 5.14329
16910001 5.1336
16920001 5.14509
16930001 5.13517
16940001 5.14784
16950001 5.13803
16960001 5.149
16970001 5.16478
16980001 5.16919
16990001 5.14474
17000001 5.16105
17010001 5.21513
17020001 5.17792
17030001 5.14415
17040001 5.16219
17050001 5.14644
17060001 5.16507
17070001 5.16586
17080001 5.32309
17090001 5.15685
17100001 5.16675
17110001 5.43663
17120001 5.51273
17130001 5.19706
17140001 5.16928
17150001 5.17647
17160001 5.17057
17170001 5.17602
17180001 5.17236
17190001 5.17786
17200001 5.17442
17210001 5.17622
17220001 5.17554
17230001 5.17726
17240001 5.17692
17250001 5.17882
17260001 5.17852
17270001 5.18066
17280001 5.1753
17290001 5.18239
17300001 5.17523
17310001 5.18446
17320001 5.17597
17330001 5.18641
17340001 5.17766
17350001 5.18832
17360001 5.17852
17370001 5.19022
17380001 5.18041
17390001 5.19246
17400001 5.18175
17410001 5.36476
17420001 5.2093
17430001 5.20597
17440001 5.18906
17450001 5.20324
17460001 5.2239
17470001 5.20538
17480001 5.18895
17490001 5.20726
17500001 5.19099
17510001 5.22308
17520001 5.2029
17530001 5.2148
17540001 5.1998
17550001 5.21159
17560001 5.28402
17570001 5.21278
17580001 5.22284
17590001 5.21388
17600001 5.21961
17610001 5.21543
17620001 5.22074
17630001 5.21728
17640001 5.22189
17650001 5.21922
17660001 5.22106
17670001 5.22016
17680001 5.22168
17690001 5.22154
17700001 5.22354
17710001 5.22186
17720001 5.2253
17730001 5.21935
17740001 5.22739
17750001 5.21947
17760001 5.229
17770001 5.22106
17780001 5.23109
17790001 5.22202
17800001 5.23291
17810001 5.22311
17820001 5.23495
17830001 5.22439
17840001 5.23669
17850001 5.28624
17860001 5.84724
17870001 5.23483
17880001 5.24853
17890001 5.30447
17900001 5.58353
17910001 5.23351
17920001 5.24967
17930001 5.23416
17940001 5.25142
17950001 5.23574
17960001 5.26744
17970001 5.24439
17980001 5.25513
17990001 5.24179
18000001 5.2556
18010001 5.28393
18020001 5.25835
18030001 5.26517
18040001 5.2579
18050001 5.26321
18060001 5.25985
18070001 5.26505
18080001 5.26192
18090001 5.2636
18100001 5.26325
18110001 5.26426
18120001 5.2642
18130001 5.26599
18140001 5.26576
18150001 5.26785
18160001 5.26255
18170001 5.26963
18180001 5.26245
18190001 5.27164
18200001 5.26317
18210001 5.27338
18220001 5.26499
18230001 5.27529
18240001 5.26589
18250001 5.27712
18260001 5.26753
18270001 5.27975
18280001 5.27019
18290001 5.44891
18300001 5.29625
18310001 5.30057
18320001 5.27674
18330001 5.28998
18340001 5.31029
18350001 5.30908
18360001 5.27614
18370001 5.29367
18380001 5.27791
18390001 5.29651
18400001 5.2973
18410001 5.45073
18420001 5.28659
18430001 5.29821
18440001 5.56166
18450001 5.63606
18460001 5.30923
18470001 5.3006
18480001 5.30763
18490001 5.30194
18500001 5.30722
18510001 5.3036
18520001 5.30827
18530001 5.30561
18540001 5.30739
18550001 5.30668
18560001 5.3081
18570001 5.30804
18580001 5.30992
18590001 5.30961
18600001 5.31168
18610001 5.30601
18620001 5.31337
18630001 5.30629
18640001 5.31537
18650001 5.30745
18660001 5.31727
18670001 5.30877
18680001 5.3191
18690001 5.30959
18700001 5.32096
18710001 5.31069
18720001 5.32315
18730001 5.31273
18740001 5.92449
18750001 5.32098
18760001 5.33633
18770001 5.31984
18780001 5.66434
18790001 5.31967
18800001 5.33575
18810001 5.31973
18820001 5.33759
18830001 5.32185
18840001 5.35299
18850001 5.33332
18860001 5.34492
18870001 5.32783
18880001 5.34137
18890001 5.41249
18900001 5.34294
18910001 5.35082
18920001 5.34402
18930001 5.3496
18940001 5.34553
18950001 5.3507
18960001 5.34731
18970001 5.34924
18980001 5.34921
18990001 5.34988
19000001 5.35011
19010001 5.35156
19020001 5.35145
19030001 5.35341
19040001 5.34921
19050001 5.35511
19060001 5.34915
19070001 5.35716
19080001 5.34945
19090001 5.35872
19100001 5.35058
19110001 5.36075
19120001 5.35186
19130001 5.36246
19140001 5.35297
19150001 5.36451
19160001 5.3557
19170001 5.3662
19180001 5.41457
19190001 5.40636
19200001 5.36212
19210001 5.37775
19220001 5.43237
19230001 5.70517
19240001 5.36153
19250001 5.37883
19260001 5.36371
19270001 5.38053
19280001 5.38235
19290001 5.53341
19300001 5.37369
19310001 5.38415
19320001 5.37119
19330001 5.71606
19340001 5.41227
19350001 5.38728
19360001 5.39251
19370001 5.38683
19380001 5.39201
19390001 5.3885
19400001 5.39382
19410001 5.39075
19420001 5.39223
19430001 5.39205
19440001 5.39321
19450001 5.39296
19460001 5.39469
19470001 5.3944
19480001 5.39652
19490001 5.39133
19500001 5.39811
19510001 5.39126
19520001 5.40009
19530001 5.39195
19540001 5.40189
19550001 5.39356
19560001 5.40375
19570001 5.39459
19580001 5.40558
19590001 5.39618
19600001 5.40809
19610001 5.39745
19620001 5.57337
19630001 5.4242
19640001 5.42843
19650001 5.40444
19660001 5.41806
19670001 5.4379
19680001 5.43671
19690001 5.40433
19700001 5.42189
19710001 5.40628
19720001 5.42442
19730001 5.42521
19740001 5.42911
19750001 5.41473
19760001 5.42607
19770001 5.68362
19780001 5.42716
19790001 5.43684
19800001 5.4284
19810001 5.43374
19820001 5.42968
19830001 5.43484
19840001 5.43146
19850001 5.43589
19860001 5.43327
19870001 5.43507
19880001 5.4343
19890001 5.43566
19900001 5.43554
19910001 5.43747
19920001 5.43583
19930001 5.43912
19940001 5.43365
19950001 5.44111
19960001 5.43393
19970001 5.44265
19980001 5.43504
19990001 5.4446
20000001 5.43595
20010001 5.44639
20020001 5.43706
20030001 5.44834
20040001 5.43819
20050001 5.45035
20060001 5.49764
20070001 6.03901
20080001 5.44822
20090001 5.46321
20100001 5.51518
20110001 5.78404
20120001 5.44692
20130001 5.46262
20140001 5.44697
20150001 5.46409
20160001 5.44905
20170001 5.47944
20180001 5.46024
20190001 5.46765
20200001 5.45484
20210001 5.46808
20220001 5.5376
20230001 5.47072
20240001 5.4773
20250001 5.47065
20260001 5.47541
20270001 5.47213
20280001 5.47718
20290001 5.47412
20300001 5.47574
20310001 5.4754
20320001 5.47637
20330001 5.47632
20340001 5.47799
20350001 5.47777
20360001 5.4798
20370001 5.4757
20380001 5.48149
20390001 5.47564
20400001 5.48341
20410001 5.47592
20420001 5.48508
20430001 5.47702
20440001 5.48693
20450001 5.47787
20460001 5.48859
20470001 5.47933
20480001 5.49115
20490001 5.48199
20500001 5.49223
20510001 5.50706
20520001 5.51115
20530001 5.48825
20540001 5.50351
20550001 5.52062
20560001 5.51931
20570001 5.48767
20580001 5.50454
20590001 5.4898
20600001 5.50722
20610001 5.50799
20620001 5.65568
20630001 5.49952
20640001 5.50877
20650001 5.76268
20660001 5.83449
20670001 5.53722
20680001 5.51112
20690001 5.51789
20700001 5.51231
20710001 5.51745
20720001 5.51396
20730001 5.51915
20740001 5.51589
20750001 5.51759
20760001 5.51691
20770001 5.51855
20780001 5.5182
20790001 5.51999
20800001 5.51969
20810001 5.5217
20820001 5.5167
20830001 5.5233
20840001 5.51662
20850001 5.52522
20860001 5.5173
20870001 5.52703
20880001 5.51886
20890001 5.52885
20900001 5.51964
20910001 5.53057
20920001 5.52142
20930001 5.53266
20940001 5.52264
20950001 5.69468
20960001 5.53301
20970001 5.54532
20980001 5.52946
20990001 5.54273
21000001 5.56215
21010001 5.54473
21020001 5.52933
21030001 5.54647
21040001 5.53122
21050001 5.56131
21060001 5.54239
21070001 5.55352
21080001 5.53946
21090001 5.55049
21100001 5.61858
21110001 5.55159
21120001 5.56107
21130001 5.5526
21140001 5.55801
21150001 5.55404
21160001 5.55906
21170001 5.55575
21180001 5.5601
21190001 5.55757
21200001 5.55931
21210001 5.55843
21220001 5.55987
21230001 5.55971
21240001 5.5616
21250001 5.56001
21260001 5.56323
21270001 5.5575
21280001 5.56517
21290001 5.55776
21300001 5.56667
21310001 5.55924
21320001 5.56861
21330001 5.56011
21340001 5.57023
21350001 5.56113
21360001 5.5722
21370001 5.56232
21380001 5.57381
21390001 5.62043
21400001 6.15099
21410001 5.57205
21420001 5.58491
21430001 5.63754
21440001 5.90083
21450001 5.5708
21460001 5.58594
21470001 5.57139
21480001 5.58756
21490001 5.57286
21500001 5.60261
21510001 5.58097
21520001 5.59102
21530001 5.5785
21540001 5.59144
21550001 5.61812
21560001 5.59401
21570001 5.60045
21580001 5.59357
21590001 5.59859
21600001 5.59538
21610001 5.60028
21620001 5.59731
21630001 5.59891
21640001 5.59854
21650001 5.59951
21660001 5.59942
21670001 5.60109
21680001 5.60087
21690001 5.60284
21700001 5.59788
21710001 5.6045
21720001 5.59778
21730001 5.60635
21740001 5.59842
21750001 5.60798
21760001 5.60011
21770001 5.60975
21780001 5.60094
21790001 5.61139
21800001 5.60246
21810001 5.61391
21820001 5.60494
21830001 5.77328
21840001 5.62943
21850001 5.63346
21860001 5.61106
21870001 5.62347
21880001 5.6426
21890001 5.64142
21900001 5.61046
21910001 5.62687
21920001 5.6121
21930001 5.62956
21940001 5.63032
21950001 5.77488
21960001 5.62023
21970001 5.63112
21980001 5.87971
21990001 5.95008
22000001 5.6415
22010001 5.63333
22020001 5.63997
22030001 5.63458
22040001 5.63957
22050001 5.63611
22060001 5.64052
22070001 5.63798
22080001 5.63973
22090001 5.63897
22100001 5.64031
22110001 5.64023
22120001 5.64202
22130001 5.64169
22140001 5.64365
22150001 5.63834
22160001 5.64522
22170001 5.63859
22180001 5.64708
22190001 5.63964
22200001 5.64884
22210001 5.64084
22220001 5.65054
22230001 5.64162
22240001 5.65221
22250001 5.64263
22260001 5.65432
22270001 5.64453
22280001 6.22373
22290001 5.65227
22300001 5.6667
22310001 5.65118
22320001 5.97653
22330001 5.651
22340001 5.6661
22350001 5.65104
22360001 5.66778
22370001 5.65301
22380001 5.6823
22390001 5.6638
22400001 5.67468
22410001 5.6586
22420001 5.67131
22430001 5.73837
22440001 5.67277
22450001 5.68022
22460001 5.67377
22470001 5.67905
22480001 5.67517
22490001 5.68007
22500001 5.67683
22510001 5.67866
22520001 5.67859
22530001 5.67925
22540001 5.67942
22550001 5.6808
22560001 5.68067
22570001 5.68252
22580001 5.67859
22590001 5.6841
22600001 5.6785
22610001 5.68601
22620001 5.67876
22630001 5.68746
22640001 5.67981
22650001 5.68934
22660001 5.68092
22670001 5.69093
22680001 5.68201
22690001 5.69283
22700001 5.68456
22710001 5.69441
22720001 5.74005
22730001 5.71296
22740001 5.69057
22750001 5.70526
22760001 5.7568
22770001 6.01486
22780001 5.68998
22790001 5.70623
22800001 5.69201
22810001 5.70782
22820001 5.70956
22830001 5.85214
22840001 5.70137
22850001 5.71119
22860001 5.69899
22870001 6.02509
22880001 5.73772
22890001 5.71411
22900001 5.71906
22910001 5.71366
22920001 5.71856
22930001 5.71521
22940001 5.72023
22950001 5.71731
22960001 5.71872
22970001 5.71851
22980001 5.71962
22990001 5.71935
23000001 5.72099
23010001 5.72069
23020001 5.72269
23030001 5.71782
23040001 5.72417
23050001 5.71774
23060001 5.726
23070001 5.71835
23080001 5.72768
23090001 5.71985
23100001 5.72942
23110001 5.72075
23120001 5.73111
23130001 5.72228
23140001 5.73347
23150001 5.72345
23160001 5.88962
23170001 5.74866
23180001 5.75262
23190001 5.73
23200001 5.7428
23210001 5.76155
23220001 5.76039
23230001 5.72985
23240001 5.74637
23250001 5.73166
23260001 5.74875
23270001 5.7495
23280001 5.75315
23290001 5.7396
23300001 5.75026
23310001 5.99392
23320001 5.75126
23330001 5.76042
23340001 5.75241
23350001 5.75747
23360001 5.7536
23370001 5.75849
23380001 5.75525
23390001 5.75945
23400001 5.75694
23410001 5.75865
23420001 5.7579
23430001 5.75919
23440001 5.75904
23450001 5.76087
23460001 5.75931
23470001 5.7624
23480001 5.75726
23490001 5.76426
23500001 5.7575
23510001 5.76568
23520001 5.75852
23530001 5.7675
23540001 5.75936
23550001 5.76916
23560001 5.76048
23570001 5.77098
23580001 5.76142
23590001 5.77286
23600001 5.81756
23610001 6.3316
23620001 5.77084
23630001 5.78496
23640001 5.83408
23650001 6.08884
23660001 5.76958
23670001 5.78436
23680001 5.76957
23690001 5.78573
23700001 5.77154
23710001 5.80021
23720001 5.78209
23730001 5.78904
23740001 5.77696
23750001 5.78943
23760001 5.85516
23770001 5.7919
23780001 5.79814
23790001 5.79181
23800001 5.79634
23810001 5.79318
23820001 5.79797
23830001 5.79504
23840001 5.79659
23850001 5.79622
23860001 5.79716
23870001 5.79707
23880001 5.79866
23890001 5.79843
23900001 5.80034
23910001 5.79649
23920001 5.80192
23930001 5.7964
23940001 5.8037
23950001 5.79665
23960001 5.80525
23970001 5.79766
23980001 5.80697
23990001 5.79844
24000001 5.80852
24010001 5.79984
24020001 5.81092
24030001 5.80229
24040001 5.81192
24050001 5.82594
24060001 5.82979
24070001 5.80815
24080001 5.82254
24090001 5.83871
24100001 5.83746
24110001 5.80756
24120001 5.82346
24130001 5.80955
24140001 5.82597
24150001 5.82671
24160001 5.96648
24170001 5.81869
24180001 5.8274
24190001 6.06801
24200001 6.1362
24210001 5.8543
24220001 5.82957
24230001 5.83599
24240001 5.83067
24250001 5.83558
24260001 5.83221
24270001 5.83713
24280001 5.834
24290001 5.83563
24300001 5.83494
24310001 5.83651
24320001 5.83615
24330001 5.83785
24340001 5.83754
24350001 5.83943
24360001 5.83473
24370001 5.84093
24380001 5.83464
24390001 5.84271
24400001 5.83524
24410001 5.8444
24420001 5.83669
24430001 5.8461
24440001 5.83741
24450001 5.84769
24460001 5.83908
24470001 5.84965
24480001 5.84019
24490001 6.00311
24500001 5.8477
24510001 5.86159
24520001 5.84659
24530001 5.85911
24540001 5.8775
24550001 5.86097
24560001 5.84642
24570001 5.8626
24580001 5.84819
24590001 5.87659
24600001 5.85873
24610001 5.86922
24620001 5.85594
24630001 5.86599
24640001 5.93082
24650001 5.86735
24660001 5.87634
24670001 5.8683
24680001 5.87343
24690001 5.86962
24700001 5.87438
24710001 5.87122
24720001 5.87535
24730001 5.87291
24740001 5.87457
24750001 5.87371
24760001 5.87507
24770001 5.87489
24780001 5.87668
24790001 5.87517
24800001 5.8782
24810001 5.87279
24820001 5.88001
24830001 5.87303
24840001 5.8814
24850001 5.87439
24860001 5.88321
24870001 5.87519
24880001 5.88472
24890001 5.87613
24900001 5.88656
24910001 5.87723
24920001 5.88806
24930001 5.93223
24940001 6.43711
24950001 5.88637
24960001 5.89853
24970001 5.9484
24980001 6.19846
24990001 5.88516
25000001 5.89944
25010001 5.88569
25020001 5.90096
25030001 5.88706
25040001 5.9152
25050001 5.89471
25060001 5.90419
25070001 5.89235
25080001 5.90456
25090001 5.92986
25100001 5.90698
25110001 5.9131
25120001 5.90654
25130001 5.91131
25140001 5.90822
25150001 5.91288
25160001 5.91003
25170001 5.91155
25180001 5.91117
25190001 5.9121
25200001 5.91198
25210001 5.91356
25220001 5.91333
25230001 5.91519
25240001 5.91051
25250001 5.91674
25260001 5.9104
25270001 5.91847
25280001 5.91097
25290001 5.91998
25300001 5.91256
25310001 5.92163
25320001 5.9133
25330001 5.9232
25340001 5.91472
25350001 5.92552
25360001 5.91704
25370001 6.07672
25380001 5.94022
25390001 5.94401
25400001 5.92279
25410001 5.93451
25420001 5.95266
25430001 5.9515
25440001 5.92218
25450001 5.93788
25460001 5.92371
25470001 5.94021
25480001 5.94094
25490001 6.07807
25500001 5.93136
25510001 5.94164
25520001 6.17777
25530001 6.24474
25540001 5.95147
25550001 5.94369
25560001 5.95
25570001 5.94484
25580001 5.94959
25590001 5.94627
25600001 5.95047
25610001 5.94802
25620001 5.94968
25630001 5.94893
25640001 5.9502
25650001 5.95011
25660001 5.9518
25670001 5.95146
25680001 5.95332
25690001 5.9483
25700001 5.95478
25710001 5.94851
25720001 5.95651
25730001 5.94948
25740001 5.95816
25750001 5.95058
25760001 5.95975
25770001 5.9513
25780001 5.96146
25790001 5.95224
25800001 5.96327
25810001 5.95401
25820001 6.50569
25830001 5.96132
25840001 5.97497
25850001 5.96027
25860001 6.2696
25870001 5.96007
25880001 5.97436
25890001 5.96009
25900001 5.97592
25910001 5.96193
25920001 5.98967
25930001 5.97214
25940001 5.98241
25950001 5.96718
25960001 5.9792
25970001 6.04286
25980001 5.98055
25990001 5.98764
26000001 5.98148
26010001 5.9865
26020001 5.98278
26030001 5.98744
26040001 5.98433
26050001 5.98608
26060001 5.98597
26070001 5.98661
26080001 5.98674
26090001 5.98805
26100001 5.9879
26110001 5.98966
26120001 5.98594
26130001 5.99113
26140001 5.98583
26150001 5.9929
26160001 5.98604
26170001 5.99426
26180001 5.98702
26190001 5.99602
26200001 5.98785
26210001 5.99749
26220001 5.98906
26230001 5.99926
26240001 5.99144
26250001 6.00075
26260001 6.04409
26270001 6.01805
26280001 5.99709
26290001 6.011
26300001 6.05995
26310001 6.30561
26320001 5.99649
26330001 6.01187
26340001 5.99838
26350001 6.01335
26360001 6.01503
26370001 6.15048
26380001 6.00722
26390001 6.0165
26400001 6.34128
26410001 6.31522
26420001 6.04169
26430001 6.01922
26440001 6.02394
26450001 6.01877
26460001 6.02344
26470001 6.02021
26480001 6.025
26490001 6.02218
26500001 6.02353
26510001 6.0233
26520001 6.02436
26530001 6.02408
26540001 6.02563
26550001 6.02532
26560001 6.02722
26570001 6.02261
26580001 6.02859
26590001 6.0225
26600001 6.03031
26610001 6.02306
26620001 6.03188
26630001 6.02445
26640001 6.03349
26650001 6.02519
26660001 6.03507
26670001 6.02671
26680001 6.03728
26690001 6.02779
26700001 6.18576
26710001 6.0517
26720001 6.05545
26730001 6.03396
26740001 6.04608
26750001 6.0639
26760001 6.06276
26770001 6.03377
26780001 6.04942
26790001 6.03546
26800001 6.05165
26810001 6.05237
26820001 6.05581
26830001 6.04295
26840001 6.05303
26850001 6.28499
26860001 6.05396
26870001 6.06268
26880001 6.05503
26890001 6.05985
26900001 6.05613
26910001 6.06079
26920001 6.05768
26930001 6.06167
26940001 6.05926
26950001 6.06089
26960001 6.06014
26970001 6.06137
26980001 6.0612
26990001 6.06294
27000001 6.06144
27010001 6.06436
27020001 6.0595
27030001 6.0661
27040001 6.05969
27050001 6.06742
27060001 6.06063
27070001 6.06914
27080001 6.0614
27090001 6.07068
27100001 6.06233
27110001 6.07237
27120001 6.06331
27130001 6.07414
27140001 6.11666
27150001 6.60743
27160001 6.07221
27170001 6.0856
27180001 6.13233
27190001 6.37513
27200001 6.07096
27210001 6.08497
27220001 6.07152
27230001 6.08624
27240001 6.07277
27250001 6.09998
27260001 6.08278
27270001 6.08934
27280001 6.07787
27290001 6.08969
27300001 6.15223
27310001 6.09201
27320001 6.09796
27330001 6.0919
27340001 6.09621
27350001 6.09318
27360001 6.09774
27370001 6.09492
27380001 6.0964
27390001 6.09601
27400001 6.09691
27410001 6.0968
27420001 6.09831
27430001 6.09806
27440001 6.09988
27450001 6.09623
27460001 6.10135
27470001 6.09611
27480001 6.10301
27490001 6.09632
27500001 6.10447
27510001 6.09726
27520001 6.10601
27530001 6.09797
27540001 6.10752
27550001 6.09959
27560001 6.10977
27570001 6.10157
27580001 6.11069
27590001 6.12404
27600001 6.12767
27610001 6.1071
27620001 6.12075
27630001 6.13611
27640001 6.13491
27650001 6.10649
27660001 6.12157
27670001 6.10834
27680001 6.12393
27690001 6.12465
27700001 6.25774
27710001 6.11699
27720001 6.12525
27730001 6.35461
27740001 6.41971
27750001 6.15083
27760001 6.12725
27770001 6.13338
27780001 6.12828
27790001 6.13296
27800001 6.12971
27810001 6.1344
27820001 6.13139
27830001 6.13295
27840001 6.13226
27850001 6.13376
27860001 6.13338
27870001 6.135
27880001 6.13468
27890001 6.13648
27900001 6.13202
27910001 6.13787
27920001 6.1319
27930001 6.13954
27940001 6.13245
27950001 6.14112
27960001 6.13379
27970001 6.14269
27980001 6.13445
27990001 6.1442
28000001 6.13602
28010001 6.14604
28020001 6.13705
28030001 6.29226
28040001 6.14414
28050001 6.15735
28060001 6.14309
28070001 6.15496
28080001 6.1725
28090001 6.15671
28100001 6.14287
28110001 6.15823
28120001 6.14453
28130001 6.17154
28140001 6.15454
28150001 6.16449
28160001 6.15185
28170001 6.16142
28180001 6.22316
28190001 6.16265
28200001 6.17123
28210001 6.16353
28220001 6.16842
28230001 6.16477
28240001 6.16931
28250001 6.16626
28260001 6.17019
28270001 6.16784
28280001 6.16943
28290001 6.16857
28300001 6.16988
28310001 6.16967
28320001 6.17138
28330001 6.16992
28340001 6.1728
28350001 6.16765
28360001 6.17449
28370001 6.16785
28380001 6.17579
28390001 6.16912
28400001 6.17748
28410001 6.16985
28420001 6.17889
28430001 6.17072
28440001 6.18061
28450001 6.17175
28460001 6.18202
28470001 6.22412
28480001 6.70703
28490001 6.18041
28500001 6.19194
28510001 6.23948
28520001 6.47827
28530001 6.17919
28540001 6.19276
28550001 6.17966
28560001 6.19417
28570001 6.18094
28580001 6.20774
28590001 6.1882
28600001 6.19721
28610001 6.18594
28620001 6.19752
28630001 6.22165
28640001 6.1998
28650001 6.20565
28660001 6.19936
28670001 6.20392
28680001 6.20094
28690001 6.20538
28700001 6.20263
28710001 6.20409
28720001 6.20369
28730001 6.20458
28740001 6.20444
28750001 6.20594
28760001 6.2057
28770001 6.20747
28780001 6.203
28790001 6.20891
28800001 6.20288
28810001 6.21053
28820001 6.2034
28830001 6.21195
28840001 6.20493
28850001 6.21349
28860001 6.20556
28870001 6.21498
28880001 6.20689
28890001 6.21714
28900001 6.20907
28910001 6.3614
28920001 6.23113
28930001 6.23471
28940001 6.21449
28950001 6.22563
28960001 6.24294
28970001 6.24181
28980001 6.21386
28990001 6.22881
29000001 6.21529
29010001 6.23098
29020001 6.23169
29030001 6.36252
29040001 6.22252
29050001 6.2323
29060001 6.45782
29070001 6.52188
29080001 6.24165
29090001 6.2342
29100001 6.24023
29110001 6.23527
29120001 6.2398
29130001 6.2366
29140001 6.24061
29150001 6.23824
29160001 6.23984
29170001 6.23908
29180001 6.2403
29190001 6.24018
29200001 6.24179
29210001 6.24089
29220001 6.24321
29230001 6.23844
29240001 6.24457
29250001 6.23861
29260001 6.24619
29270001 6.2395
29280001 6.24774
29290001 6.24044
29300001 6.24923
29310001 6.24119
29320001 6.2508
29330001 6.24205
29340001 6.25253
29350001 6.24371
29360001 6.7718
29370001 6.25065
29380001 6.26364
29390001 6.24963
29400001 6.54525
29410001 6.24941
29420001 6.263
29430001 6.2494
29440001 6.26446
29450001 6.25113
29460001 6.27756
29470001 6.26084
29480001 6.27061
29490001 6.25608
29500001 6.26751
29510001 6.32829
29520001 6.26878
29530001 6.27555
29540001 6.26964
29550001 6.27444
29560001 6.27085
29570001 6.2753
29580001 6.2723
29590001 6.27398
29600001 6.27384
29610001 6.27445
29620001 6.27455
29630001 6.2758
29640001 6.27562
29650001 6.2773
29660001 6.27376
29670001 6.27867
29680001 6.27362
29690001 6.28034
29700001 6.2738
29710001 6.2816
29720001 6.2747
29730001 6.28325
29740001 6.27542
29750001 6.28463
29760001 6.2766
29770001 6.2863
29780001 6.27884
29790001 6.28769
29800001 6.32908
29810001 6.30418
29820001 6.28418
29830001 6.29742
29840001 6.34417
29850001 6.5792
29860001 6.28355
29870001 6.29819
29880001 6.28533
29890001 6.29958
29900001 6.30121
29910001 6.43058
29920001 6.29371
29930001 6.30254
29940001 6.52493
29950001 6.58827
29960001 6.32657
29970001 6.30508
29980001 6.30959
29990001 6.30462
