1 31.3626
10001 13.721
20001 9.97808
30001 7.93828
40001 6.7202
50001 5.98963
60001 5.54631
70001 5.26326
80001 5.32395
90001 4.9446
100001 4.99484
110001 4.76892
120001 4.70235
130001 4.65237
140001 4.59671
150001 4.55109
160001 4.52175
170001 4.47746
180001 4.44452
190001 4.41416
200001 4.38497
210001 4.35792
220001 4.33262
230001 4.30632
240001 4.28132
250001 4.25926
260001 4.23809
270001 4.21801
280001 4.1986
290001 4.18057
300001 4.17618
310001 4.14871
320001 4.15317
330001 4.11482
340001 4.09855
350001 4.09871
360001 4.07087
370001 4.2068
380001 4.06177
390001 4.044
400001 4.02737
410001 4.01447
420001 3.99891
430001 3.98716
440001 3.97589
450001 3.96484
460001 3.95376
470001 3.9434
480001 3.93308
490001 3.92311
500001 3.91335
510001 3.90384
520001 4.21704
530001 3.9193
540001 3.87897
550001 3.87167
560001 3.86014
570001 3.85986
580001 3.85543
590001 3.83471
600001 3.85471
610001 3.8214
620001 3.8135
630001 3.80595
640001 3.79828
650001 3.79073
660001 3.78356
670001 3.77381
680001 3.76573
690001 3.75805
700001 3.75066
710001 3.74422
720001 3.73736
730001 3.73172
740001 3.76264
750001 3.7235
760001 3.78852
770001 3.71035
780001 3.7038
790001 3.69845
800001 3.69463
810001 3.6881
820001 3.72209
830001 3.69381
840001 3.68457
850001 3.67939
860001 3.66999
870001 3.66501
880001 3.66035
890001 3.65577
900001 3.65087
910001 3.64639
920001 3.64175
930001 3.63752
940001 3.63325
950001 3.62935
960001 3.76258
970001 3.68438
980001 3.61972
990001 3.64141
1000001 3.61021
1010001 3.60706
1020001 3.61536
1030001 3.5997
1040001 3.62432
1050001 3.59479
1060001 3.58953
1070001 3.58588
1080001 3.58245
1090001 3.57815
1100001 3.57444
1110001 3.57018
1120001 3.56334
1130001 3.55884
1140001 3.55493
1150001 3.55137
1160001 3.5478
1170001 3.54426
1180001 3.58097
1190001 3.54883
1200001 3.61453
1210001 3.53899
1220001 3.53161
1230001 3.52915
1240001 3.52968
1250001 3.52412
1260001 3.57967
1270001 3.53578
1280001 3.53071
1290001 3.52578
1300001 3.51878
1310001 3.5157
1320001 3.51334
1330001 3.511
1340001 3.50819
1350001 3.50587
1360001 3.50326
1370001 3.50112
1380001 3.49881
1390001 3.49695
1400001 3.49444
1410001 3.55817
1420001 3.49593
1430001 3.51769
1440001 3.48805
1450001 3.48608
1460001 3.57251
1470001 3.48223
1480001 3.68403
1490001 3.4809
1500001 3.47732
1510001 3.47518
1520001 3.47342
1530001 3.47068
1540001 3.46849
1550001 3.46656
1560001 3.46087
1570001 3.45736
1580001 3.45487
1590001 3.45271
1600001 3.45047
1610001 3.44866
1620001 3.44688
1630001 3.46241
1640001 3.4469
1650001 3.47198
1660001 3.44248
1670001 3.4412
1680001 3.44314
1690001 3.44024
1700001 3.49693
1710001 3.45878
1720001 3.4493
1730001 3.44549
1740001 3.44352
1750001 3.43779
1760001 3.43635
1770001 3.43508
1780001 3.43339
1790001 3.43215
1800001 3.43067
1810001 3.42943
1820001 3.42816
1830001 3.427
1840001 3.42583
1850001 3.78749
1860001 3.42941
1870001 3.6333
1880001 3.42344
1890001 3.42165
1900001 3.42982
1910001 3.42069
1920001 3.41785
1930001 3.43061
1940001 3.41826
1950001 3.41717
1960001 3.41631
1970001 3.4145
1980001 3.41292
1990001 3.41186
2000001 3.40763
2010001 3.40411
2020001 3.40245
2030001 3.40109
2040001 3.39981
2050001 3.39855
2060001 3.39822
2070001 3.41406
2080001 3.40074
2090001 3.42533
2100001 3.39742
2110001 3.39565
2120001 3.41289
2130001 3.39614
2140001 3.57304
2150001 3.41632
2160001 3.40978
2170001 3.40434
2180001 3.40292
2190001 3.39797
2200001 3.39707
2210001 3.3964
2220001 3.39561
2230001 3.39446
2240001 3.39395
2250001 3.39316
2260001 3.39258
2270001 3.39202
2280001 3.39146
2290001 3.75694
2300001 3.42925
2310001 3.39297
2320001 3.39406
2330001 3.3902
2340001 3.39896
2350001 3.40273
2360001 3.38807
2370001 3.41925
2380001 3.3899
2390001 3.389
2400001 3.38845
2410001 3.38747
2420001 3.38646
2430001 3.38578
2440001 3.38202
2450001 3.38006
2460001 3.37837
2470001 3.37694
2480001 3.37639
2490001 3.37534
2500001 3.37551
2510001 3.41587
2520001 3.37902
2530001 3.45646
2540001 3.37661
2550001 3.37528
2560001 3.37515
2570001 3.37654
2580001 3.37488
2590001 3.41729
2600001 3.3917
2610001 3.3868
2620001 3.38629
2630001 3.3811
2640001 3.38061
2650001 3.38035
2660001 3.38011
2670001 3.37934
2680001 3.37908
2690001 3.37866
2700001 3.37852
2710001 3.37834
2720001 3.37847
2730001 3.52535
2740001 3.44586
2750001 3.38078
2760001 3.40804
2770001 3.37875
2780001 3.37934
2790001 3.39205
2800001 3.37931
2810001 3.40935
2820001 3.38166
2830001 3.37977
2840001 3.37953
2850001 3.37946
2860001 3.37843
2870001 3.37795
2880001 3.37686
2890001 3.37298
2900001 3.37151
2910001 3.37067
2920001 3.37011
2930001 3.36957
2940001 3.36898
2950001 3.41061
2960001 3.37998
2970001 3.45186
2980001 3.37567
2990001 3.37093
3000001 3.37123
3010001 3.37463
3020001 3.37164
3030001 3.43237
3040001 3.3893
3050001 3.38449
3060001 3.38423
3070001 3.37959
3080001 3.37897
3090001 3.37909
3100001 3.37915
3110001 3.37869
3120001 3.37874
3130001 3.37846
3140001 3.37862
3150001 3.37862
3160001 3.37907
3170001 3.37878
3180001 3.44695
3190001 3.38493
3200001 3.40963
3210001 3.38129
3220001 3.38147
3230001 3.47261
3240001 3.3819
3250001 3.59135
3260001 3.38476
3270001 3.38316
3280001 3.38305
3290001 3.38328
3300001 3.38249
3310001 3.38222
3320001 3.38222
3330001 3.3783
3340001 3.37663
3350001 3.37599
3360001 3.37565
3370001 3.37521
3380001 3.37519
3390001 3.37519
3400001 3.39284
3410001 3.37884
3420001 3.40617
3430001 3.37786
3440001 3.37829
3450001 3.38195
3460001 3.38068
3470001 3.43997
3480001 3.40281
3490001 3.3948
3500001 3.39254
3510001 3.39214
3520001 3.38791
3530001 3.38801
3540001 3.38825
3550001 3.38804
3560001 3.38828
3570001 3.38827
3580001 3.38847
3590001 3.38866
3600001 3.38894
3610001 3.38918
3620001 3.75568
3630001 3.39566
3640001 3.60278
3650001 3.39242
3660001 3.39201
3670001 3.40161
3680001 3.39374
3690001 3.39225
3700001 3.40642
3710001 3.39532
3720001 3.39552
3730001 3.39595
3740001 3.39543
3750001 3.3951
3760001 3.3953
3770001 3.39197
3780001 3.38997
3790001 3.38951
3800001 3.38936
3810001 3.38924
3820001 3.38917
3830001 3.39
3840001 3.40705
3850001 3.39487
3860001 3.42063
3870001 3.39382
3880001 3.39318
3890001 3.41152
3900001 3.39586
3910001 3.57381
3920001 3.41818
3930001 3.4127
3940001 3.40832
3950001 3.40797
3960001 3.40406
3970001 3.40418
3980001 3.40455
3990001 3.40475
4000001 3.4046
4010001 3.40508
4020001 3.40526
4030001 3.40564
4040001 3.40606
4050001 3.40645
4060001 3.77134
4070001 3.44596
4080001 3.41069
4090001 3.41281
4100001 3.4099
4110001 3.41954
4120001 3.42417
4130001 3.41052
4140001 3.4424
4150001 3.41412
4160001 3.41411
4170001 3.41445
4180001 3.41436
4190001 3.41422
4200001 3.41442
4210001 3.41153
4220001 3.41042
4230001 3.40956
4240001 3.40898
4250001 3.40926
4260001 3.40902
4270001 3.40998
4280001 3.45073
4290001 3.41505
4300001 3.49247
4310001 3.41423
4320001 3.41371
4330001 3.43212
4340001 3.41646
4350001 3.41556
4360001 3.45822
4370001 3.43367
4380001 3.42957
4390001 3.4298
4400001 3.42541
4410001 3.42564
4420001 3.42609
4430001 3.42656
4440001 3.4264
4450001 3.42694
4460001 3.42718
4470001 3.42772
4480001 3.42822
4490001 3.42904
4500001 3.57449
4510001 3.49677
4520001 3.4333
4530001 3.4608
4540001 3.43262
4550001 3.43385
4560001 3.44699
4570001 3.43509
4580001 3.46529
4590001 3.43867
4600001 3.43744
4610001 3.43783
4620001 3.4384
4630001 3.43801
4640001 3.43815
4650001 3.4377
4660001 3.43448
4670001 3.43362
4680001 3.43339
4690001 3.43342
4700001 3.43346
4710001 3.43346
4720001 3.47486
4730001 3.4454
4740001 3.51648
4750001 3.4423
4760001 3.43821
4770001 3.43907
4780001 3.44293
4790001 3.44054
4800001 3.50061
4810001 3.45892
4820001 3.45471
4830001 3.45502
4840001 3.45101
4850001 3.45093
4860001 3.45156
4870001 3.45213
4880001 3.45219
4890001 3.45274
4900001 3.45296
4910001 3.45362
4920001 3.45411
4930001 3.45504
4940001 3.45524
4950001 3.52242
4960001 3.46224
4970001 3.48685
4980001 3.45964
4990001 3.46029
5000001 3.54986
5010001 3.46163
5020001 3.66698
5030001 3.46536
5040001 3.46426
5050001 3.46463
5060001 3.46531
5070001 3.46501
5080001 3.46521
5090001 3.46567
5100001 3.46226
5110001 3.46109
5120001 3.4609
5130001 3.461
5140001 3.46099
5150001 3.46141
5160001 3.46183
5170001 3.47947
5180001 3.46623
5190001 3.49329
5200001 3.46611
5210001 3.46695
5220001 3.47091
5230001 3.47008
5240001 3.52826
5250001 3.49245
5260001 3.48504
5270001 3.48325
5280001 3.48324
5290001 3.47953
5300001 3.48001
5310001 3.48063
5320001 3.48081
5330001 3.48142
5340001 3.48178
5350001 3.48235
5360001 3.48291
5370001 3.48356
5380001 3.48415
5390001 3.84194
5400001 3.4912
5410001 3.69329
5420001 3.48876
5430001 3.48873
5440001 3.49842
5450001 3.49111
5460001 3.49004
5470001 3.50414
5480001 3.49371
5490001 3.49426
5500001 3.49503
5510001 3.49488
5520001 3.4949
5530001 3.49546
5540001 3.49207
5550001 3.49094
5560001 3.49083
5570001 3.49102
5580001 3.49122
5590001 3.49148
5600001 3.49261
5610001 3.50949
5620001 3.49799
5630001 3.52331
5640001 3.4976
5650001 3.4973
5660001 3.51542
5670001 3.50052
5680001 3.67371
5690001 3.5228
5700001 3.51779
5710001 3.51384
5720001 3.5138
5730001 3.51033
5740001 3.51074
5750001 3.51139
5760001 3.51188
5770001 3.51203
5780001 3.51279
5790001 3.51325
5800001 3.5139
5810001 3.5146
5820001 3.51526
5830001 3.87016
5840001 3.55412
5850001 3.72345
5860001 3.52255
5870001 3.52002
5880001 3.52962
5890001 3.53438
5900001 3.52143
5910001 3.55259
5920001 3.52546
5930001 3.52574
5940001 3.52633
5950001 3.52653
5960001 3.52666
5970001 3.52713
5980001 3.52459
5990001 3.52378
6000001 3.5232
6010001 3.52291
6020001 3.52344
6030001 3.52345
6040001 3.52463
6050001 3.56432
6060001 3.53004
6070001 3.60523
6080001 3.52974
6090001 3.5295
6100001 3.54747
6110001 3.53264
6120001 3.53201
6130001 3.57352
6140001 3.55001
6150001 3.54628
6160001 3.54675
6170001 3.54274
6180001 3.5432
6190001 3.54387
6200001 3.54455
6210001 3.54458
6220001 3.54538
6230001 3.54583
6240001 3.54659
6250001 3.5473
6260001 3.54832
6270001 3.68929
6280001 3.61425
6290001 3.5531
6300001 3.57988
6310001 3.55288
6320001 3.55428
6330001 3.56719
6340001 3.55591
6350001 3.58531
6360001 3.5598
6370001 3.55883
6380001 3.55943
6390001 3.56019
6400001 3.56003
6410001 3.56038
6420001 3.56017
6430001 3.55726
6440001 3.55663
6450001 3.55662
6460001 3.55684
6470001 3.55708
6480001 3.55728
6490001 3.59746
6500001 3.56921
6510001 3.63806
6520001 3.56661
6530001 3.56286
6540001 3.56389
6550001 3.56781
6560001 3.56569
6570001 3.62388
6580001 3.58381
6590001 3.57994
6600001 3.58043
6610001 3.57675
6620001 3.57687
6630001 3.57766
6640001 3.5784
6650001 3.57864
6660001 3.57935
6670001 3.57975
6680001 3.58055
6690001 3.58121
6700001 3.58229
6710001 3.58266
6720001 3.64767
6730001 3.58977
6740001 3.61369
6750001 3.58761
6760001 3.58841
6770001 3.67503
6780001 3.59004
6790001 3.78861
6800001 3.59399
6810001 3.59311
6820001 3.59364
6830001 3.59446
6840001 3.59436
6850001 3.59472
6860001 3.59534
6870001 3.5922
6880001 3.59125
6890001 3.59123
6900001 3.5915
6910001 3.59164
6920001 3.5922
6930001 3.59277
6940001 3.60991
6950001 3.59734
6960001 3.62358
6970001 3.59754
6980001 3.59851
6990001 3.60248
7000001 3.60183
7010001 3.65807
7020001 3.62369
7030001 3.61671
7040001 3.61513
7050001 3.61528
7060001 3.61186
7070001 3.61248
7080001 3.61323
7090001 3.61355
7100001 3.61428
7110001 3.61478
7120001 3.61547
7130001 3.61615
7140001 3.61693
7150001 3.61763
7160001 3.96352
7170001 3.62472
7180001 3.81988
7190001 3.62265
7200001 3.62277
7210001 3.63223
7220001 3.62533
7230001 3.62445
7240001 3.63816
7250001 3.62824
7260001 3.62893
7270001 3.62981
7280001 3.62981
7290001 3.62997
7300001 3.63065
7310001 3.6275
7320001 3.62657
7330001 3.62659
7340001 3.62691
7350001 3.62723
7360001 3.62761
7370001 3.62883
7380001 3.64521
7390001 3.63428
7400001 3.65877
7410001 3.63416
7420001 3.634
7430001 3.65156
7440001 3.63735
7450001 3.80444
7460001 3.65903
7470001 3.65434
7480001 3.65066
7490001 3.65076
7500001 3.64736
7510001 3.64806
7520001 3.64881
7530001 3.64941
7540001 3.64967
7550001 3.65052
7560001 3.65107
7570001 3.65183
7580001 3.65261
7590001 3.65337
7600001 3.99615
7610001 3.69102
7620001 3.85377
7630001 3.66085
7640001 3.65854
7650001 3.66789
7660001 3.67258
7670001 3.66023
7680001 3.69033
7690001 3.66433
7700001 3.66474
7710001 3.66541
7720001 3.66571
7730001 3.66595
7740001 3.66652
7750001 3.6642
7760001 3.66352
7770001 3.66307
7780001 3.66291
7790001 3.66351
7800001 3.66363
7810001 3.66487
7820001 3.70317
7830001 3.6703
7840001 3.74278
7850001 3.67023
7860001 3.67009
7870001 3.68749
7880001 3.67332
7890001 3.67284
7900001 3.71285
7910001 3.69034
7920001 3.68685
7930001 3.6874
7940001 3.68366
7950001 3.68421
7960001 3.68495
7970001 3.6857
7980001 3.68583
7990001 3.6867
8000001 3.68723
8010001 3.68805
8020001 3.68883
8030001 3.68991
8040001 3.82577
8050001 3.75355
8060001 3.6948
8070001 3.72066
8080001 3.69478
8090001 3.69623
8100001 3.70873
8110001 3.69798
8120001 3.72635
8130001 3.7019
8140001 3.70106
8150001 3.70173
8160001 3.70256
8170001 3.70251
8180001 3.70293
8190001 3.70284
8200001 3.70013
8210001 3.69961
8220001 3.69969
8230001 3.69999
8240001 3.70027
8250001 3.70059
8260001 3.73931
8270001 3.71224
8280001 3.77856
8290001 3.70991
8300001 3.7064
8310001 3.70747
8320001 3.71132
8330001 3.70936
8340001 3.76543
8350001 3.72696
8360001 3.72332
8370001 3.72388
8380001 3.72043
8390001 3.72062
8400001 3.72148
8410001 3.72227
8420001 3.72258
8430001 3.72334
8440001 3.72381
8450001 3.72466
8460001 3.72538
8470001 3.7265
8480001 3.72693
8490001 3.78955
8500001 3.73393
8510001 3.75701
8520001 3.73201
8530001 3.73285
8540001 3.81627
8550001 3.73457
8560001 3.92592
8570001 3.73853
8580001 3.73775
8590001 3.73834
8600001 3.73922
8610001 3.73919
8620001 3.73963
8630001 3.74031
8640001 3.73735
8650001 3.73652
8660001 3.73658
8670001 3.7369
8680001 3.73711
8690001 3.73774
8700001 3.73834
8710001 3.74907
8720001 3.74288
8730001 3.76818
8740001 3.74322
8750001 3.74422
8760001 3.74811
8770001 3.74756
8780001 3.80172
8790001 3.76871
8800001 3.76207
8810001 3.76063
8820001 3.76083
8830001 3.75762
8840001 3.75829
8850001 3.75908
8860001 3.75945
8870001 3.76022
8880001 3.76077
8890001 3.7615
8900001 3.7622
8910001 3.76304
8920001 3.76378
8930001 4.09742
8940001 3.77073
8950001 3.95876
8960001 3.76887
8970001 3.76905
8980001 3.77821
8990001 3.77164
9000001 3.77085
9010001 3.7841
9020001 3.77462
9030001 3.77536
9040001 3.77627
9050001 3.77634
9060001 3.77656
9070001 3.77729
9080001 3.77431
9090001 3.77349
9100001 3.77356
9110001 3.77393
9120001 3.7743
9130001 3.77473
9140001 3.77595
9150001 3.79177
9160001 3.78132
9170001 3.80493
9180001 3.78132
9190001 3.78123
9200001 3.79817
9210001 3.78456
9220001 3.94549
9230001 3.80553
9240001 3.80108
9250001 3.7976
9260001 3.79775
9270001 3.79457
9280001 3.79527
9290001 3.79605
9300001 3.79668
9310001 3.79699
9320001 3.79787
9330001 3.79845
9340001 3.79923
9350001 3.7999
9360001 3.80083
9370001 4.13144
9380001 3.83714
9390001 3.99395
9400001 3.80824
9410001 3.80605
9420001 3.81512
9430001 3.81968
9440001 3.80786
9450001 3.83686
9460001 3.81191
9470001 3.81235
9480001 3.81305
9490001 3.8134
9500001 3.81369
9510001 3.8143
9520001 3.81212
9530001 3.81151
9540001 3.81113
9550001 3.81103
9560001 3.81159
9570001 3.81182
9580001 3.81307
9590001 3.84994
9600001 3.81839
9610001 3.88815
9620001 3.81842
9630001 3.81834
9640001 3.83512
9650001 3.82154
9660001 3.82113
9670001 3.85965
9680001 3.83804
9690001 3.83474
9700001 3.83532
9710001 3.83177
9720001 3.83235
9730001 3.8331
9740001 3.83388
9750001 3.83405
9760001 3.83493
9770001 3.83549
9780001 3.83632
9790001 3.83712
9800001 3.83822
9810001 3.96904
9820001 3.89952
9830001 3.84304
9840001 3.86796
9850001 3.84312
9860001 3.84455
9870001 3.85662
9880001 3.84632
9890001 3.87366
9900001 3.85019
9910001 3.84942
9920001 3.85011
9930001 3.85096
9940001 3.85096
9950001 3.85141
9960001 3.85137
9970001 3.84881
9980001 3.84835
9990001 3.84847
10000001 3.8488
10010001 3.84914
10020001 3.84946
10030001 3.88675
10040001 3.86075
10050001 3.9246
10060001 3.85859
10070001 3.85523
10080001 3.85633
10090001 3.86007
10100001 3.85823
10110001 3.91221
10120001 3.87523
10130001 3.87178
10140001 3.87235
10150001 3.86908
10160001 3.8693
10170001 3.87016
10180001 3.87096
10190001 3.8713
10200001 3.87208
10210001 3.87256
10220001 3.87341
10230001 3.87415
10240001 3.87527
10250001 3.87572
10260001 3.93602
10270001 3.88253
10280001 3.90477
10290001 3.88076
10300001 3.8816
10310001 3.96194
10320001 3.88334
10330001 4.06772
10340001 3.88721
10350001 3.88651
10360001 3.88711
10370001 3.88799
10380001 3.888
10390001 3.88847
10400001 3.88916
10410001 3.88635
10420001 3.88559
10430001 3.88568
10440001 3.88603
10450001 3.88626
10460001 3.88691
10470001 3.88752
10480001 3.89776
10490001 3.89196
10500001 3.91632
10510001 3.89235
10520001 3.89335
10530001 3.89712
10540001 3.89662
10550001 3.94877
10560001 3.91704
10570001 3.91069
10580001 3.90933
10590001 3.90956
10600001 3.90651
10610001 3.90719
10620001 3.90797
10630001 3.90837
10640001 3.90914
10650001 3.90971
10660001 3.91044
10670001 3.91115
10680001 3.91198
10690001 3.91273
10700001 4.23468
10710001 3.91948
10720001 4.10073
10730001 3.91775
10740001 3.91796
10750001 3.9268
10760001 3.92051
10770001 3.91978
10780001 3.93256
10790001 3.92348
10800001 3.92422
10810001 3.92512
10820001 3.92522
10830001 3.92547
10840001 3.9262
10850001 3.92336
10860001 3.92261
10870001 3.92271
10880001 3.9231
10890001 3.92347
10900001 3.92392
10910001 3.92512
10920001 3.94037
10930001 3.93035
10940001 3.9531
10950001 3.93041
10960001 3.93035
10970001 3.94668
10980001 3.93361
10990001 4.0887
11000001 3.95384
11010001 3.94959
11020001 3.94627
11030001 3.94644
11040001 3.94342
11050001 3.94412
11060001 3.9449
11070001 3.94553
11080001 3.94586
11090001 3.94673
11100001 3.94731
11110001 3.94809
11120001 3.94884
11130001 3.94968
11140001 4.26881
11150001 3.98469
11160001 4.13595
11170001 3.95692
11180001 3.95484
11190001 3.96359
11200001 3.96801
11210001 3.95666
11220001 3.9846
11230001 3.9606
11240001 3.96106
11250001 3.96176
11260001 3.96212
11270001 3.96243
11280001 3.96304
11290001 3.96097
11300001 3.96041
11310001 3.96007
11320001 3.95999
11330001 3.96041
11340001 3.96081
11350001 3.96203
11360001 3.99756
11370001 3.9672
11380001 4.03442
11390001 3.96728
11400001 3.96722
11410001 3.9834
11420001 3.97035
11430001 4.17092
11440001 4.00709
11450001 3.98631
11460001 3.98316
11470001 3.98373
11480001 3.98034
11490001 3.98092
11500001 3.98167
11510001 3.98244
11520001 3.98263
11530001 3.9835
11540001 3.98406
11550001 3.98489
11560001 3.98568
11570001 3.98675
11580001 4.11289
11590001 4.04587
11600001 3.99147
11610001 4.01548
11620001 3.99158
11630001 3.99299
11640001 4.00462
11650001 3.99473
11660001 4.02108
11670001 3.99849
11680001 3.99778
11690001 3.99847
11700001 3.99931
11710001 3.99933
11720001 3.99978
11730001 3.99978
11740001 3.99732
11750001 3.9969
11760001 3.99704
11770001 3.99737
11780001 3.99758
11790001 3.99805
11800001 4.03398
11810001 4.00896
11820001 4.07051
11830001 4.00692
11840001 4.00395
11850001 4.00479
11860001 4.00841
11870001 4.00665
11880001 4.05868
11890001 4.02307
11900001 4.01976
11910001 4.02034
11920001 4.0172
11930001 4.01744
11940001 4.01828
11950001 4.01906
11960001 4.01942
11970001 4.02018
11980001 4.02067
11990001 4.02146
12000001 4.02224
12010001 4.02334
12020001 4.02378
12030001 4.08192
12040001 4.03038
12050001 4.05182
12060001 4.02871
12070001 4.02954
12080001 4.107
12090001 4.03125
12100001 4.20917
12110001 4.03501
12120001 4.03435
12130001 4.03495
12140001 4.03582
12150001 4.03584
12160001 4.03631
12170001 4.037
12180001 4.03431
12190001 4.0336
12200001 4.03371
12210001 4.03405
12220001 4.03429
12230001 4.03493
12240001 4.03554
12250001 4.04542
12260001 4.03985
12270001 4.06335
12280001 4.04026
12290001 4.04124
12300001 4.04489
12310001 4.04442
12320001 4.09471
12330001 4.06413
12340001 4.05803
12350001 4.05673
12360001 4.05697
12370001 4.05405
12380001 4.05471
12390001 4.05549
12400001 4.05589
12410001 4.05664
12420001 4.0572
12430001 4.05792
12440001 4.05863
12450001 4.05944
12460001 4.06018
12470001 4.37129
12480001 4.06671
12490001 4.24168
12500001 4.06507
12510001 4.06529
12520001 4.07384
12530001 4.06778
12540001 4.06709
12550001 4.07942
12560001 4.07068
12570001 4.0714
12580001 4.07229
12590001 4.07241
12600001 4.07266
12610001 4.07338
12620001 4.07065
12630001 4.06995
12640001 4.07006
12650001 4.07047
12660001 4.07082
12670001 4.07126
12680001 4.07244
12690001 4.08715
12700001 4.07751
12710001 4.09945
12720001 4.07759
12730001 4.07754
12740001 4.0933
12750001 4.08071
12760001 4.23043
12770001 4.10024
12780001 4.09615
12790001 4.09297
12800001 4.09314
12810001 4.09025
12820001 4.09093
12830001 4.09169
12840001 4.09232
12850001 4.09264
12860001 4.09349
12870001 4.09407
12880001 4.09483
12890001 4.09555
12900001 4.09639
12910001 4.40492
12920001 4.13018
12930001 4.2763
12940001 4.10342
12950001 4.10142
12960001 4.10987
12970001 4.11414
12980001 4.10321
12990001 4.13017
13000001 4.10704
13010001 4.10749
13020001 4.10818
13030001 4.10854
13040001 4.10884
13050001 4.10945
13060001 4.10747
13070001 4.10693
13080001 4.10662
13090001 4.10656
13100001 4.10694
13110001 4.10736
13120001 4.10855
13130001 4.14284
13140001 4.11357
13150001 4.17843
13160001 4.11366
13170001 4.11362
13180001 4.12925
13190001 4.11665
13200001 4.26521
13210001 4.15212
13220001 4.13207
13230001 4.12905
13240001 4.12961
13250001 4.12635
13260001 4.12692
13270001 4.12766
13280001 4.12841
13290001 4.1286
13300001 4.12945
13310001 4.13
13320001 4.1308
13330001 4.13158
13340001 4.13261
13350001 4.25445
13360001 4.18971
13370001 4.1372
13380001 4.16038
13390001 4.13733
13400001 4.13869
13410001 4.14993
13420001 4.14039
13430001 4.16583
13440001 4.14404
13450001 4.14336
13460001 4.14404
13470001 4.14485
13480001 4.14488
13490001 4.14532
13500001 4.14534
13510001 4.14298
13520001 4.14258
13530001 4.14272
13540001 4.14305
13550001 4.14325
13560001 4.14373
13570001 4.17841
13580001 4.15427
13590001 4.2137
13600001 4.15232
13610001 4.14945
13620001 4.15027
13630001 4.15379
13640001 4.15208
13650001 4.20233
13660001 4.16795
13670001 4.16476
13680001 4.16532
13690001 4.16231
13700001 4.16255
13710001 4.16337
13720001 4.16412
13730001 4.16448
13740001 4.16522
13750001 4.1657
13760001 4.16648
13770001 4.16723
13780001 4.1683
13790001 4.16874
13800001 4.22488
13810001 4.17512
13820001 4.19583
13830001 4.17352
13840001 4.17433
13850001 4.24916
13860001 4.17601
13870001 4.348
13880001 4.17964
13890001 4.17901
13900001 4.17959
13910001 4.18044
13920001 4.18047
13930001 4.18093
13940001 4.18161
13950001 4.17901
13960001 4.17834
13970001 4.17844
13980001 4.17879
13990001 4.17902
14000001 4.17965
14010001 4.18023
14020001 4.18979
14030001 4.18442
14040001 4.20712
14050001 4.18482
14060001 4.18577
14070001 4.1893
14080001 4.18886
14090001 4.23744
14100001 4.2079
14110001 4.20201
14120001 4.20077
14130001 4.201
14140001 4.19819
14150001 4.19884
14160001 4.19959
14170001 4.19998
14180001 4.20072
14190001 4.20126
14200001 4.20196
14210001 4.20266
14220001 4.20344
14230001 4.20416
14240001 4.50535
14250001 4.21048
14260001 4.37972
14270001 4.2089
14280001 4.20912
14290001 4.21732
14300001 4.21153
14310001 4.21089
14320001 4.22279
14330001 4.21435
14340001 4.21505
14350001 4.21592
14360001 4.21604
14370001 4.21628
14380001 4.21699
14390001 4.21436
14400001 4.21369
14410001 4.21379
14420001 4.21419
14430001 4.21454
14440001 4.21497
14450001 4.21611
14460001 4.23033
14470001 4.22102
14480001 4.24222
14490001 4.22111
14500001 4.22107
14510001 4.23629
14520001 4.22413
14530001 4.36895
14540001 4.24301
14550001 4.23907
14560001 4.23599
14570001 4.23617
14580001 4.23337
14590001 4.23403
14600001 4.23477
14610001 4.23538
14620001 4.2357
14630001 4.23652
14640001 4.23709
14650001 4.23783
14660001 4.23859
14670001 4.23935
14680001 4.53816
14690001 4.27201
14700001 4.41345
14710001 4.24616
14720001 4.24422
14730001 4.25239
14740001 4.25653
14750001 4.24596
14760001 4.27202
14770001 4.24967
14780001 4.25011
14790001 4.25077
14800001 4.25113
14810001 4.25143
14820001 4.25202
14830001 4.25011
14840001 4.24959
14850001 4.24929
14860001 4.24924
14870001 4.2496
14880001 4.25002
14890001 4.25117
14900001 4.28432
14910001 4.25603
14920001 4.31876
14930001 4.25612
14940001 4.25609
14950001 4.2712
14960001 4.25902
14970001 4.40279
14980001 4.29332
14990001 4.27394
15000001 4.27101
15010001 4.27156
15020001 4.26842
15030001 4.26897
15040001 4.26968
15050001 4.27041
15060001 4.27059
15070001 4.27142
15080001 4.27195
15090001 4.27273
15100001 4.27348
15110001 4.27449
15120001 4.3924
15130001 4.32971
15140001 4.27893
15150001 4.30135
15160001 4.27906
15170001 4.28038
15180001 4.29125
15190001 4.28203
15200001 4.30663
15210001 4.28556
15220001 4.2849
15230001 4.28556
15240001 4.28635
15250001 4.28638
15260001 4.2868
15270001 4.28684
15280001 4.28456
15290001 4.28417
15300001 4.2843
15310001 4.28463
15320001 4.28482
15330001 4.28528
15340001 4.31883
15350001 4.29548
15360001 4.35299
15370001 4.2936
15380001 4.29083
15390001 4.29162
15400001 4.29502
15410001 4.29338
15420001 4.34198
15430001 4.30872
15440001 4.30565
15450001 4.30619
15460001 4.30327
15470001 4.3035
15480001 4.3043
15490001 4.30503
15500001 4.30538
15510001 4.30609
15520001 4.30656
15530001 4.30733
15540001 4.30804
15550001 4.30908
15560001 4.3095
15570001 4.36384
15580001 4.31568
15590001 4.33572
15600001 4.31413
15610001 4.31491
15620001 4.38734
15630001 4.31654
15640001 4.48315
15650001 4.32005
15660001 4.31944
15670001 4.32001
15680001 4.32083
15690001 4.32086
15700001 4.32131
15710001 4.32197
15720001 4.31946
15730001 4.31881
15740001 4.31891
15750001 4.31924
15760001 4.31946
15770001 4.32
15780001 4.32064
15790001 4.32989
15800001 4.32469
15810001 4.34667
15820001 4.32508
15830001 4.32601
15840001 4.32942
15850001 4.32899
15860001 4.37602
15870001 4.34742
15880001 4.34172
15890001 4.34052
15900001 4.34074
15910001 4.33802
15920001 4.33865
15930001 4.33937
15940001 4.33976
15950001 4.34047
15960001 4.34099
15970001 4.34167
15980001 4.34234
15990001 4.3431
16000001 4.3438
16010001 4.63592
16020001 4.34992
16030001 4.51393
16040001 4.34838
16050001 4.34859
16060001 4.42645
16070001 4.35093
16080001 4.3503
16090001 4.36183
16100001 4.35365
16110001 4.35434
16120001 4.35518
16130001 4.35529
16140001 4.35553
16150001 4.35622
16160001 4.35366
16170001 4.35302
16180001 4.35312
16190001 4.35344
16200001 4.35384
16210001 4.35425
16220001 4.35536
16230001 4.36913
16240001 4.36011
16250001 4.38064
16260001 4.3602
16270001 4.36016
16280001 4.37489
16290001 4.36312
16300001 4.50347
16310001 4.3814
16320001 4.37758
16330001 4.3746
16340001 4.37477
16350001 4.37206
16360001 4.3727
16370001 4.37342
16380001 4.37401
16390001 4.37431
16400001 4.37511
16410001 4.37566
16420001 4.37637
16430001 4.37711
16440001 4.37784
16450001 4.66779
16460001 4.40948
16470001 4.54665
16480001 4.38443
16490001 4.38255
16500001 4.39046
16510001 4.39447
16520001 4.38423
16530001 4.40948
16540001 4.38782
16550001 4.38825
16560001 4.38889
16570001 4.38923
16580001 4.38952
16590001 4.3901
16600001 4.38825
16610001 4.38774
16620001 4.38745
16630001 4.3874
16640001 4.38774
16650001 4.38815
16660001 4.38926
16670001 4.42138
16680001 4.39396
16690001 4.45475
16700001 4.39405
16710001 4.39402
16720001 4.40865
16730001 4.39685
16740001 4.53624
16750001 4.43009
16760001 4.4113
16770001 4.40847
16780001 4.409
16790001 4.40595
16800001 4.40648
16810001 4.40717
16820001 4.40787
16830001 4.40805
16840001 4.40884
16850001 4.40936
16860001 4.41011
16870001 4.41084
16880001 4.41181
16890001 4.52614
16900001 4.46533
16910001 4.41611
16920001 4.43783
16930001 4.41623
16940001 4.41751
16950001 4.42804
16960001 4.4191
16970001 4.44294
16980001 4.42252
16990001 4.42188
17000001 4.42251
17010001 4.42327
17020001 4.4233
17030001 4.42371
17040001 4.42375
17050001 4.42153
17060001 4.42116
17070001 4.42128
17080001 4.42159
17090001 4.42178
17100001 4.42222
17110001 4.45475
17120001 4.43211
17130001 4.48786
17140001 4.43028
17150001 4.42757
17160001 4.42836
17170001 4.43166
17180001 4.43005
17190001 4.47717
17200001 4.44492
17210001 4.44194
17220001 4.44246
17230001 4.43963
17240001 4.43985
17250001 4.44062
17260001 4.44132
17270001 4.44166
17280001 4.44235
17290001 4.4428
17300001 4.44354
17310001 4.44423
17320001 4.44523
17330001 4.44564
17340001 4.49833
17350001 4.45163
17360001 4.47105
17370001 4.45012
17380001 4.45087
17390001 4.52112
17400001 4.45245
17410001 4.61414
17420001 4.45584
17430001 4.45525
17440001 4.45579
17450001 4.45659
17460001 4.45661
17470001 4.45705
17480001 4.45769
17490001 4.45525
17500001 4.45454
17510001 4.45471
17520001 4.45503
17530001 4.45524
17540001 4.45565
17550001 4.45637
17560001 4.46535
17570001 4.4603
17580001 4.48159
17590001 4.46067
17600001 4.46156
17610001 4.46487
17620001 4.46445
17630001 4.51007
17640001 4.48232
17650001 4.47679
17660001 4.47561
17670001 4.47583
17680001 4.47318
17690001 4.47379
17700001 4.47449
17710001 4.47486
17720001 4.47555
17730001 4.47606
17740001 4.4767
17750001 4.47735
17760001 4.47809
17770001 4.47876
17780001 4.76261
17790001 4.48469
17800001 4.64394
17810001 4.4832
17820001 4.48339
17830001 4.55368
17840001 4.48565
17850001 4.48507
17860001 4.49622
17870001 4.48829
17880001 4.48895
17890001 4.48975
17900001 4.48986
17910001 4.49009
17920001 4.49075
17930001 4.48827
17940001 4.48765
17950001 4.48774
17960001 4.48805
17970001 4.48843
17980001 4.48883
17990001 4.48989
18000001 4.50325
18010001 4.4945
18020001 4.51441
18030001 4.49458
18040001 4.49454
18050001 4.50883
18060001 4.4974
18070001 4.63368
18080001 4.51514
18090001 4.51142
18100001 4.50852
18110001 4.50868
18120001 4.50606
18130001 4.50667
18140001 4.50736
18150001 4.50793
18160001 4.50822
18170001 4.50899
18180001 4.50952
18190001 4.51021
18200001 4.51091
18210001 4.51162
18220001 4.79349
18230001 4.54232
18240001 4.6756
18250001 4.518
18260001 4.51617
18270001 4.52385
18280001 4.52773
18290001 4.51779
18300001 4.54229
18310001 4.52127
18320001 4.52168
18330001 4.5223
18340001 4.52263
18350001 4.5229
18360001 4.52346
18370001 4.52166
18380001 4.52116
18390001 4.52088
18400001 4.52082
18410001 4.52115
18420001 4.52154
18430001 4.52261
18440001 4.5538
18450001 4.52718
18460001 4.58619
18470001 4.52725
18480001 4.52721
18490001 4.54141
18500001 4.52996
18510001 4.66539
18520001 4.56221
18530001 4.54397
18540001 4.54122
18550001 4.54172
18560001 4.53876
18570001 4.53928
18580001 4.53993
18590001 4.54061
18600001 4.54078
18610001 4.54155
18620001 4.54205
18630001 4.54277
18640001 4.54347
18650001 4.54438
18660001 4.65549
18670001 4.5757
18680001 4.54857
18690001 4.56966
18700001 4.54868
18710001 4.54991
18720001 4.56013
18730001 4.55145
18740001 4.57459
18750001 4.55476
18760001 4.55413
18770001 4.55474
18780001 4.55546
18790001 4.5555
18800001 4.55589
18810001 4.55593
18820001 4.55378
18830001 4.5534
18840001 4.55352
18850001 4.55382
18860001 4.55398
18870001 4.55442
18880001 4.586
18890001 4.56401
18900001 4.61817
18910001 4.56222
18920001 4.5596
18930001 4.56035
18940001 4.56354
18950001 4.56198
18960001 4.60776
18970001 4.57642
18980001 4.57351
18990001 4.57401
19000001 4.57126
19010001 4.57147
19020001 4.57221
19030001 4.57289
19040001 4.57321
19050001 4.57388
19060001 4.57431
19070001 4.57503
19080001 4.57569
19090001 4.57666
19100001 4.57705
19110001 4.62824
19120001 4.58285
19130001 4.60172
19140001 4.58138
19150001 4.5821
19160001 4.65037
19170001 4.58362
19180001 4.74084
19190001 4.58691
19200001 4.58633
19210001 4.58686
19220001 4.58762
19230001 4.58764
19240001 4.58806
19250001 4.58868
19260001 4.5863
19270001 4.58558
19280001 4.58577
19290001 4.58607
19300001 4.58628
19310001 4.58659
19320001 4.58736
19330001 4.59608
19340001 4.59117
19350001 4.59836
19360001 4.59152
19370001 4.59239
19380001 4.59559
19390001 4.59518
19400001 4.6395
19410001 4.61253
19420001 4.60715
19430001 4.606
19440001 4.6062
19450001 4.60363
19460001 4.60422
19470001 4.60489
19480001 4.60524
19490001 4.6059
19500001 4.60639
19510001 4.60702
19520001 4.60764
19530001 4.60835
19540001 4.609
19550001 4.88528
19560001 4.61475
19570001 4.76965
19580001 4.61329
19590001 4.61347
19600001 4.68179
19610001 4.61566
19620001 4.61502
19630001 4.62591
19640001 4.6182
19650001 4.61884
19660001 4.61962
19670001 4.61971
19680001 4.61994
19690001 4.62058
19700001 4.61816
19710001 4.61755
19720001 4.61763
19730001 4.61792
19740001 4.61829
19750001 4.61867
19760001 4.6197
19770001 4.63268
19780001 4.62417
19790001 4.64352
19800001 4.62423
19810001 4.62419
19820001 4.63807
19830001 4.62696
19840001 4.75953
19850001 4.64419
19860001 4.64057
19870001 4.63775
19880001 4.6379
19890001 4.63534
19900001 4.63593
19910001 4.6366
19920001 4.63714
19930001 4.63741
19940001 4.63816
19950001 4.63867
19960001 4.63933
19970001 4.64001
19980001 4.6407
19990001 4.91516
20000001 4.67054
20010001 4.80025
20020001 4.64687
20030001 4.6451
20040001 4.65255
20050001 4.65632
20060001 4.64665
20070001 4.67047
20080001 4.65001
20090001 4.65041
20100001 4.65101
20110001 4.65132
20120001 4.65158
20130001 4.65212
20140001 4.65037
20150001 4.64987
20160001 4.64959
20170001 4.64953
20180001 4.64985
20190001 4.65022
20200001 4.65126
20210001 4.68158
20220001 4.65568
20230001 4.71308
20240001 4.65575
20250001 4.6557
20260001 4.6695
20270001 4.65836
20280001 4.79016
20290001 4.68972
20300001 4.67197
20310001 4.66928
20320001 4.66977
20330001 4.66688
20340001 4.66738
20350001 4.66801
20360001 4.66867
20370001 4.66882
20380001 4.66956
20390001 4.67005
20400001 4.67074
20410001 4.67141
20420001 4.67221
20430001 4.78042
20440001 4.70171
20450001 4.67635
20460001 4.69687
20470001 4.67644
20480001 4.67764
20490001 4.68757
20500001 4.67912
20510001 4.70163
20520001 4.68233
20530001 4.68171
20540001 4.6823
20550001 4.68262
20560001 4.68302
20570001 4.6834
20580001 4.68343
20590001 4.68133
20600001 4.68096
20610001 4.68107
20620001 4.68135
20630001 4.6815
20640001 4.68193
20650001 4.71265
20660001 4.69124
20670001 4.74394
20680001 4.68949
20690001 4.68693
20700001 4.68766
20710001 4.69075
20720001 4.68923
20730001 4.73378
20740001 4.70327
20750001 4.70043
20760001 4.70091
20770001 4.69823
20780001 4.69843
20790001 4.69914
20800001 4.6998
20810001 4.7001
20820001 4.70074
20830001 4.70116
20840001 4.70185
20850001 4.70248
20860001 4.70342
20870001 4.70379
20880001 4.75362
20890001 4.70943
20900001 4.72779
20910001 4.70798
20920001 4.70868
20930001 4.77513
20940001 4.71015
20950001 4.86327
20960001 4.71333
20970001 4.71276
20980001 4.71327
20990001 4.71401
21000001 4.71402
21010001 4.71443
21020001 4.71502
21030001 4.7127
21040001 4.71198
21050001 4.71217
21060001 4.71246
21070001 4.71265
21080001 4.71295
21090001 4.7137
21100001 4.72217
21110001 4.71739
21120001 4.7204
21130001 4.71772
21140001 4.71855
21150001 4.72167
21160001 4.72125
21170001 4.7644
21180001 4.73814
21190001 4.73288
21200001 4.73177
21210001 4.73195
21220001 4.72945
21230001 4.73001
21240001 4.73066
21250001 4.731
21260001 4.73163
21270001 4.7321
21280001 4.7327
21290001 4.7333
21300001 4.73399
21310001 4.73461
21320001 5.00396
21330001 4.7402
21340001 4.89112
21350001 4.73876
21360001 4.73893
21370001 4.80547
21380001 4.74105
21390001 4.89303
21400001 4.75102
21410001 4.7435
21420001 4.74412
21430001 4.74487
21440001 4.74496
21450001 4.74517
21460001 4.74578
21470001 4.74342
21480001 4.74283
21490001 4.74289
21500001 4.74317
21510001 4.74352
21520001 4.74389
21530001 4.74488
21540001 4.75752
21550001 4.74923
21560001 4.76806
21570001 4.74927
21580001 4.74922
21590001 4.76274
21600001 4.75191
21610001 4.88108
21620001 4.76867
21630001 4.76515
21640001 4.76239
21650001 4.76252
21660001 4.76003
21670001 4.76059
21680001 4.76124
21690001 4.76176
21700001 4.76202
21710001 4.76274
21720001 4.76322
21730001 4.76387
21740001 4.76453
21750001 4.76518
21760001 5.03286
21770001 4.79424
21780001 4.92068
21790001 4.77117
21800001 4.76943
21810001 4.77668
21820001 4.78035
21830001 4.77093
21840001 4.79411
21850001 4.77419
21860001 4.77457
21870001 4.77514
21880001 4.77544
21890001 4.77569
21900001 4.77621
21910001 4.7745
21920001 4.77401
21930001 4.77372
21940001 4.77366
21950001 4.77396
21960001 4.77432
21970001 4.77532
21980001 4.80485
21990001 4.77962
22000001 4.83554
22010001 4.77967
22020001 4.77962
22030001 4.79305
22040001 4.78219
22050001 4.91066
22060001 4.81273
22070001 4.79543
22080001 4.79281
22090001 4.79327
22100001 4.79045
22110001 4.79093
22120001 4.79154
22130001 4.79217
22140001 4.79231
22150001 4.79303
22160001 4.79351
22170001 4.79416
22180001 4.79481
22190001 4.79544
22200001 4.90107
22210001 4.82431
22220001 4.79959
22230001 4.81958
22240001 4.79967
22250001 4.80082
22260001 4.8105
22270001 4.80225
22280001 4.82418
22290001 4.80537
22300001 4.80476
22310001 4.80532
22320001 4.80561
22330001 4.80601
22340001 4.80638
22350001 4.80641
22360001 4.80435
22370001 4.80398
22380001 4.80408
22390001 4.80435
22400001 4.80449
22410001 4.80489
22420001 4.83483
22430001 4.81396
22440001 4.86532
22450001 4.81224
22460001 4.80974
22470001 4.81044
22480001 4.81345
22490001 4.81196
22500001 4.85537
22510001 4.82563
22520001 4.82286
22530001 4.82331
22540001 4.82069
22550001 4.82088
22560001 4.82157
22570001 4.8222
22580001 4.82249
22590001 4.8231
22600001 4.82351
22610001 4.82417
22620001 4.82478
22630001 4.82569
22640001 4.82604
22650001 4.87461
22660001 4.83153
22670001 4.84941
22680001 4.8301
22690001 4.83077
22700001 4.89556
22710001 4.83219
22720001 4.98156
22730001 4.83528
22740001 4.83471
22750001 4.8352
22760001 4.83591
22770001 4.83592
22780001 4.83631
22790001 4.83688
22800001 4.83462
22810001 4.8339
22820001 4.83408
22830001 4.83435
22840001 4.83453
22850001 4.83481
22860001 4.83554
22870001 4.84379
22880001 4.83913
22890001 4.84207
22900001 4.83943
22910001 4.84024
22920001 4.84327
22930001 4.84286
22940001 4.88493
22950001 4.85931
22960001 4.85418
22970001 4.85308
22980001 4.85325
22990001 4.8508
23000001 4.85135
23010001 4.85197
23020001 4.85229
23030001 4.8529
23040001 4.85336
23050001 4.85393
23060001 4.85451
23070001 4.85517
23080001 4.85577
23090001 5.11874
23100001 4.86121
23110001 5.00848
23120001 4.85979
23130001 4.85995
23140001 4.92485
23150001 4.862
23160001 5.01032
23170001 4.87171
23180001 4.86437
23190001 4.86496
23200001 4.86569
23210001 4.86576
23220001 4.86597
23230001 4.86656
23240001 4.86425
23250001 4.86366
23260001 4.86372
23270001 4.86398
23280001 4.86432
23290001 4.86467
23300001 4.86563
23310001 4.87795
23320001 4.86986
23330001 4.88822
23340001 4.86989
23350001 4.86983
23360001 4.883
23370001 4.87243
23380001 4.99849
23390001 4.88877
23400001 4.88533
23410001 4.88262
23420001 4.88275
23430001 4.88031
23440001 4.88085
23450001 4.88147
23460001 4.88198
23470001 4.88222
23480001 4.88292
23490001 4.88338
23500001 4.884
23510001 4.88464
23520001 4.88527
23530001 5.1467
23540001 4.9136
23550001 5.03704
23560001 4.89108
23570001 4.88939
23580001 4.89644
23590001 4.90001
23600001 4.89081
23610001 4.91343
23620001 4.89398
23630001 4.89434
23640001 4.8949
23650001 4.89518
23660001 4.89542
23670001 4.89592
23680001 4.89424
23690001 4.89375
23700001 4.89347
23710001 4.8934
23720001 4.89369
23730001 4.89403
23740001 4.895
23750001 4.92381
23760001 4.89918
23770001 4.95374
23780001 4.89921
23790001 4.89916
23800001 4.91225
23810001 4.90165
23820001 5.02706
23830001 4.93144
23840001 4.91455
23850001 4.91198
23860001 4.91243
23870001 4.90967
23880001 4.91013
23890001 4.91071
23900001 4.91132
23910001 4.91145
23920001 4.91214
23930001 4.91261
23940001 4.91323
23950001 4.91386
23960001 4.91446
23970001 5.01758
23980001 4.94263
23990001 4.9185
24000001 4.93799
24010001 4.91855
24020001 4.91968
24030001 4.92911
24040001 4.92106
24050001 4.94245
24060001 4.92408
24070001 4.92348
24080001 4.92402
24090001 4.92429
24100001 4.92455
24110001 4.92503
24120001 4.92505
24130001 4.92304
24140001 4.92267
24150001 4.92276
24160001 4.92301
24170001 4.92314
24180001 4.92353
24190001 4.95274
24200001 4.93237
24210001 4.9825
24220001 4.93067
24230001 4.92823
24240001 4.9289
24250001 4.93185
24260001 4.93037
24270001 4.97273
24280001 4.94369
24290001 4.94098
24300001 4.94142
24310001 4.93886
24320001 4.93903
24330001 4.93969
24340001 4.9403
24350001 4.94058
24360001 4.94117
24370001 4.94156
24380001 4.9422
24390001 4.94278
24400001 4.94367
24410001 4.94401
24420001 4.99142
24430001 4.94934
24440001 4.96679
24450001 4.94793
24460001 4.94858
24470001 5.01184
24480001 4.94995
24490001 5.09586
24500001 4.95295
24510001 4.95239
24520001 4.95286
24530001 4.95355
24540001 4.95354
24550001 4.95392
24560001 4.95447
24570001 4.95225
24580001 4.95154
24590001 4.95172
24600001 4.95197
24610001 4.95214
24620001 4.9524
24630001 4.95311
24640001 4.96116
24650001 4.9566
24660001 4.95947
24670001 4.95688
24680001 4.95766
24690001 4.96061
24700001 4.9602
24710001 5.00128
24720001 4.97625
24730001 4.97123
24740001 4.97015
24750001 4.97031
24760001 4.96791
24770001 4.96844
24780001 4.96904
24790001 4.96935
24800001 4.96993
24810001 4.97037
24820001 4.97092
24830001 4.97148
24840001 4.97212
24850001 4.9727
24860001 5.22979
24870001 4.97799
24880001 5.1219
24890001 4.97659
24900001 4.97674
24910001 5.04012
24920001 4.97872
24930001 5.12366
24940001 4.98819
24950001 4.98102
24960001 4.98159
24970001 4.98229
24980001 4.98236
24990001 4.98255
25000001 4.98312
25010001 4.98086
25020001 4.98028
25030001 4.98033
25040001 4.98057
25050001 4.9809
25060001 4.98123
25070001 4.98219
25080001 4.99418
25090001 4.98628
25100001 5.0042
25110001 4.98629
25120001 4.98622
25130001 4.99909
25140001 4.98875
25150001 5.11194
25160001 5.0047
25170001 5.00132
25180001 4.99868
25190001 4.99879
25200001 4.9964
25210001 4.99692
25220001 4.99752
25230001 4.99801
25240001 4.99824
25250001 4.99891
25260001 4.99936
25270001 4.99995
25280001 5.00057
25290001 5.00118
25300001 5.25684
25310001 5.02884
25320001 5.14951
25330001 5.00682
25340001 5.00517
25350001 5.01205
25360001 5.01552
25370001 5.00653
25380001 5.02862
25390001 5.00961
25400001 5.00996
25410001 5.01049
25420001 5.01076
25430001 5.01098
25440001 5.01146
25450001 5.00983
25460001 5.00934
25470001 5.00905
25480001 5.00898
25490001 5.00925
25500001 5.00957
25510001 5.01051
25520001 5.03866
25530001 5.01459
25540001 5.0679
25550001 5.01461
25560001 5.01454
25570001 5.02733
25580001 5.01696
25590001 5.13955
25600001 5.04606
25610001 5.02955
25620001 5.02703
25630001 5.02745
25640001 5.02475
25650001 5.02519
25660001 5.02576
25670001 5.02634
25680001 5.02647
25690001 5.02713
25700001 5.02758
25710001 5.02818
25720001 5.02878
25730001 5.02936
25740001 5.13017
25750001 5.05688
25760001 5.03328
25770001 5.05232
25780001 5.03333
25790001 5.03441
25800001 5.04363
25810001 5.03575
25820001 5.05665
25830001 5.03869
25840001 5.03809
25850001 5.03861
25860001 5.03887
25870001 5.03912
25880001 5.03958
25890001 5.03959
25900001 5.03762
25910001 5.03725
25920001 5.03733
25930001 5.03757
25940001 5.03769
25950001 5.03806
25960001 5.06661
25970001 5.04668
25980001 5.09569
25990001 5.04501
26000001 5.04261
26010001 5.04326
26020001 5.04613
26030001 5.04469
26040001 5.08609
26050001 5.05769
26060001 5.05503
26070001 5.05546
26080001 5.05295
26090001 5.05311
26100001 5.05375
26110001 5.05433
26120001 5.05459
26130001 5.05516
26140001 5.05553
26150001 5.05616
26160001 5.05672
26170001 5.05757
26180001 5.0579
26190001 5.10425
26200001 5.0631
26210001 5.08015
26220001 5.06171
26230001 5.06233
26240001 5.12418
26250001 5.06365
26260001 5.20637
26270001 5.06657
26280001 5.06602
26290001 5.06647
26300001 5.06713
26310001 5.06712
26320001 5.06748
26330001 5.06802
26340001 5.06584
26350001 5.06514
26360001 5.06529
26370001 5.06554
26380001 5.0657
26390001 5.06594
26400001 5.06663
26410001 5.0745
26420001 5.07003
26430001 5.07284
26440001 5.07029
26450001 5.07105
26460001 5.07392
26470001 5.07352
26480001 5.11368
26490001 5.08919
26500001 5.08428
26510001 5.08321
26520001 5.08336
26530001 5.08101
26540001 5.08151
26550001 5.0821
26560001 5.08239
26570001 5.08295
26580001 5.08337
26590001 5.08391
26600001 5.08444
26610001 5.08506
26620001 5.08562
26630001 5.33726
26640001 5.09078
26650001 5.23158
26660001 5.0894
26670001 5.08953
26680001 5.15152
26690001 5.09145
26700001 5.23326
26710001 5.1007
26720001 5.09368
26730001 5.09423
26740001 5.09491
26750001 5.09497
26760001 5.09514
26770001 5.0957
26780001 5.09348
26790001 5.0929
26800001 5.09294
26810001 5.09318
26820001 5.09348
26830001 5.0938
26840001 5.09474
26850001 5.10645
26860001 5.09871
26870001 5.11624
26880001 5.09871
26890001 5.09864
26900001 5.11121
26910001 5.1011
26920001 5.22163
26930001 5.11668
26940001 5.11337
26950001 5.11077
26960001 5.11088
26970001 5.10853
26980001 5.10904
26990001 5.10961
27000001 5.11008
27010001 5.1103
27020001 5.11095
27030001 5.11138
27040001 5.11195
27050001 5.11255
27060001 5.11313
27070001 5.36345
27080001 5.14018
27090001 5.25829
27100001 5.11863
27110001 5.11697
27120001 5.12372
27130001 5.12711
27140001 5.11831
27150001 5.13992
27160001 5.12131
27170001 5.12164
27180001 5.12216
27190001 5.12241
27200001 5.12262
27210001 5.12313
27220001 5.12148
27230001 5.12099
27240001 5.1207
27250001 5.12062
27260001 5.12088
27270001 5.12119
27280001 5.1221
27290001 5.14963
27300001 5.12607
27310001 5.17823
27320001 5.12608
27330001 5.12601
27340001 5.1385
27350001 5.12836
27360001 5.24834
27370001 5.15681
27380001 5.14065
27390001 5.13817
27400001 5.13858
27410001 5.13593
27420001 5.13636
27430001 5.1369
27440001 5.13747
27450001 5.13758
27460001 5.13822
27470001 5.13864
27480001 5.13923
27490001 5.13982
27500001 5.14037
27510001 5.23904
27520001 5.16729
27530001 5.14419
27540001 5.16281
27550001 5.14421
27560001 5.14527
27570001 5.15428
27580001 5.14656
27590001 5.16701
27600001 5.14942
27610001 5.14883
27620001 5.14933
27630001 5.14958
27640001 5.14982
27650001 5.15026
27660001 5.15027
27670001 5.14833
27680001 5.14796
27690001 5.14803
27700001 5.14825
27710001 5.14837
27720001 5.14872
27730001 5.17665
27740001 5.15714
27750001 5.2051
27760001 5.1555
27770001 5.15313
27780001 5.15377
27790001 5.15656
27800001 5.15514
27810001 5.19566
27820001 5.16786
27830001 5.16525
27840001 5.16565
27850001 5.16319
27860001 5.16334
27870001 5.16396
27880001 5.16452
27890001 5.16477
27900001 5.16532
27910001 5.16568
27920001 5.16628
27930001 5.16682
27940001 5.16765
27950001 5.16796
27960001 5.21332
27970001 5.17303
27980001 5.18972
27990001 5.17166
28000001 5.17226
28010001 5.2328
28020001 5.17354
28030001 5.3133
28040001 5.17638
28050001 5.17583
28060001 5.17626
28070001 5.17691
28080001 5.17689
28090001 5.17723
28100001 5.17775
28110001 5.17533
28120001 5.17491
28130001 5.1753
28140001 5.1753
28150001 5.17544
28160001 5.17566
28170001 5.17634
28180001 5.18403
28190001 5.17965
28200001 5.1824
28210001 5.1799
28220001 5.18063
28230001 5.18343
28240001 5.18303
28250001 5.22234
28260001 5.19836
28270001 5.19354
28280001 5.19249
28290001 5.19261
28300001 5.19032
28310001 5.1908
28320001 5.19137
28330001 5.19164
28340001 5.19219
28350001 5.19259
28360001 5.19311
28370001 5.19362
28380001 5.19422
28390001 5.19476
28400001 5.44135
28410001 5.1998
28420001 5.33771
28430001 5.19843
28440001 5.19855
28450001 5.25925
28460001 5.20042
28470001 5.33932
28480001 5.20946
28490001 5.20258
28500001 5.20311
28510001 5.20377
28520001 5.20381
28530001 5.20398
28540001 5.20452
28550001 5.20234
28560001 5.20176
28570001 5.2018
28580001 5.20202
28590001 5.20231
28600001 5.20262
28610001 5.20304
28620001 5.21499
28630001 5.20737
28640001 5.22456
28650001 5.20739
28660001 5.20731
28670001 5.21961
28680001 5.2097
28690001 5.32777
28700001 5.22494
28710001 5.2217
28720001 5.21915
28730001 5.21924
28740001 5.21694
28750001 5.21742
28760001 5.21798
28770001 5.21843
28780001 5.21863
28790001 5.21926
28800001 5.21967
28810001 5.22023
28820001 5.22081
28830001 5.22137
28840001 5.46673
28850001 5.24785
28860001 5.36358
28870001 5.22672
28880001 5.22511
28890001 5.2317
28900001 5.235
28910001 5.22638
28920001 5.24753
28930001 5.22931
28940001 5.22962
28950001 5.23012
28960001 5.23036
28970001 5.23056
28980001 5.23105
28990001 5.22942
29000001 5.22894
29010001 5.22865
29020001 5.22857
29030001 5.22881
29040001 5.2291
29050001 5.22999
29060001 5.25695
29070001 5.23386
29080001 5.28495
29090001 5.23386
29100001 5.23378
29110001 5.24601
29120001 5.23607
29130001 5.35363
29140001 5.26392
29150001 5.24808
29160001 5.24565
29170001 5.24605
29180001 5.24344
29190001 5.24385
29200001 5.24438
29210001 5.24489
29220001 5.24502
29230001 5.24565
29240001 5.24605
29250001 5.24662
29260001 5.24718
29270001 5.24773
29280001 5.3444
29290001 5.27407
29300001 5.25144
29310001 5.26964
29320001 5.25145
29330001 5.25248
29340001 5.26129
29350001 5.25372
29360001 5.27375
29370001 5.25651
29380001 5.25593
29390001 5.25641
29400001 5.25664
29410001 5.25687
29420001 5.25729
29430001 5.2573
29440001 5.25539
29450001 5.25502
29460001 5.25508
29470001 5.25529
29480001 5.25539
29490001 5.25574
29500001 5.2831
29510001 5.26397
29520001 5.31096
29530001 5.26234
29540001 5.26002
29550001 5.26064
29560001 5.26231
29570001 5.26197
29580001 5.29061
29590001 5.27442
29600001 5.27185
29610001 5.27224
29620001 5.26981
29630001 5.26996
29640001 5.27055
29650001 5.2711
29660001 5.27134
29670001 5.27187
29680001 5.27221
29690001 5.27279
29700001 5.27331
29710001 5.27412
29720001 5.27441
29730001 5.31886
29740001 5.27936
29750001 5.29571
29760001 5.27801
29770001 5.27859
29780001 5.33792
29790001 5.27983
29800001 5.41684
29810001 5.2826
29820001 5.28205
29830001 5.28247
29840001 5.28309
29850001 5.28307
29860001 5.2834
29870001 5.28389
29880001 5.28146
29890001 5.2811
29900001 5.28123
29910001 5.28147
29920001 5.2816
29930001 5.2818
29940001 5.28246
29950001 5.28999
29960001 5.28569
29970001 5.28838
29980001 5.28592
29990001 5.28664
