1 2195.6
10001 314.341
20001 169.317
30001 97.9732
40001 65.183
50001 47.3959
60001 35.7067
70001 27.6778
80001 23.1668
90001 18.4764
100001 16.5991
110001 13.6094
120001 12.0203
130001 11.034
140001 10.2787
150001 9.52303
160001 9.5614
170001 8.5941
180001 8.20669
190001 7.90378
200001 7.60961
210001 7.3753
220001 7.15091
230001 6.93776
240001 6.75987
250001 6.62415
260001 6.49581
270001 6.38444
280001 6.28107
290001 6.16097
300001 6.50492
310001 6.21312
320001 6.27524
330001 5.98742
340001 5.76421
350001 5.8432
360001 5.68816
370001 7.47034
380001 5.96557
390001 5.60821
400001 5.56286
410001 5.50999
420001 5.39054
430001 5.33614
440001 5.26698
450001 5.22403
460001 5.18071
470001 5.14225
480001 5.10298
490001 5.08112
500001 5.04385
510001 5.00697
520001 8.78164
530001 6.76097
540001 5.39893
550001 5.71266
560001 5.08039
570001 5.09078
580001 5.50377
590001 4.90686
600001 6.43031
610001 4.91672
620001 4.79572
630001 4.75904
640001 4.69435
650001 4.65838
660001 4.62259
670001 4.56589
680001 4.54503
690001 4.52007
700001 4.49229
710001 4.49004
720001 4.44789
730001 4.42343
740001 5.19563
750001 4.67978
760001 5.09787
770001 4.58782
780001 4.36966
790001 4.3314
800001 4.35471
810001 4.31757
820001 5.37048
830001 4.43353
840001 4.40719
850001 4.39312
860001 4.29674
870001 4.26328
880001 4.22781
890001 4.21054
900001 4.18696
910001 4.1651
920001 4.15226
930001 4.1541
940001 4.14103
950001 4.1212
960001 6.05361
970001 6.9307
980001 4.66209
990001 5.87787
1000001 4.3258
1010001 4.13301
1020001 4.84868
1030001 4.36628
1040001 5.91948
1050001 4.54234
1060001 4.11602
1070001 4.09095
1080001 4.07015
1090001 3.98914
1100001 3.97109
1110001 3.94557
1120001 3.90875
1130001 3.88635
1140001 3.88373
1150001 3.88477
1160001 3.87411
1170001 3.85536
1180001 4.7085
1190001 4.35452
1200001 4.62297
1210001 4.1452
1220001 3.90859
1230001 3.80623
1240001 3.86923
1250001 3.80263
1260001 5.50847
1270001 4.05619
1280001 3.92625
1290001 3.93101
1300001 3.84867
1310001 3.7985
1320001 3.77336
1330001 3.76256
1340001 3.74168
1350001 3.72865
1360001 3.71615
1370001 3.71868
1380001 3.72226
1390001 3.70122
1400001 3.69283
1410001 6.71247
1420001 5.01451
1430001 5.62257
1440001 4.29467
1450001 3.75089
1460001 5.19122
1470001 4.03232
1480001 6.88888
1490001 4.21004
1500001 3.79326
1510001 3.73953
1520001 3.73168
1530001 3.65253
1540001 3.63291
1550001 3.62342
1560001 3.57403
1570001 3.55699
1580001 3.56914
1590001 3.55844
1600001 3.56303
1610001 3.56762
1620001 3.52688
1630001 4.22089
1640001 3.71603
1650001 4.09564
1660001 3.61545
1670001 3.5098
1680001 3.58624
1690001 3.56019
1700001 5.3075
1710001 4.13524
1720001 3.67536
1730001 3.67371
1740001 3.6693
1750001 3.53659
1760001 3.51618
1770001 3.50563
1780001 3.48503
1790001 3.48531
1800001 3.48759
1810001 3.47685
1820001 3.47965
1830001 3.46001
1840001 3.46182
1850001 8.04034
1860001 4.83929
1870001 7.11184
1880001 4.10575
1890001 3.60345
1900001 3.77444
1910001 3.94357
1920001 3.61747
1930001 4.82595
1940001 3.59301
1950001 3.53474
1960001 3.5378
1970001 3.45821
1980001 3.4404
1990001 3.4201
2000001 3.37065
2010001 3.3552
2020001 3.37009
2030001 3.36687
2040001 3.36835
2050001 3.3621
2060001 3.32141
2070001 4.05966
2080001 3.69806
2090001 3.91167
2100001 3.57067
2110001 3.32887
2120001 3.55309
2130001 3.38012
2140001 5.94983
2150001 3.98814
2160001 3.51671
2170001 3.51422
2180001 3.5031
2190001 3.39283
2200001 3.37206
2210001 3.33653
2220001 3.32922
2230001 3.32334
2240001 3.31885
2250001 3.30519
2260001 3.3211
2270001 3.31409
2280001 3.29398
2290001 7.98265
2300001 5.68691
2310001 3.97335
2320001 4.43813
2330001 3.615
2340001 3.64663
2350001 4.2274
2360001 3.47566
2370001 5.46256
2380001 3.53726
2390001 3.404
2400001 3.39425
2410001 3.32868
2420001 3.30449
2430001 3.28383
2440001 3.23846
2450001 3.24536
2460001 3.24094
2470001 3.22672
2480001 3.24025
2490001 3.20807
2500001 3.19397
2510001 4.21645
2520001 3.58184
2530001 4.10596
2540001 3.4596
2550001 3.22755
2560001 3.20846
2570001 3.24457
2580001 3.1977
2590001 4.53629
2600001 3.40214
2610001 3.38003
2620001 3.38188
2630001 3.27631
2640001 3.25159
2650001 3.22528
2660001 3.21886
2670001 3.20693
2680001 3.20189
2690001 3.19074
2700001 3.20393
2710001 3.20118
2720001 3.18558
2730001 5.47041
2740001 6.456
2750001 3.89655
2760001 5.31619
2770001 3.52128
2780001 3.28597
2790001 4.14627
2800001 3.60658
2810001 5.40889
2820001 3.82294
2830001 3.31507
2840001 3.30485
2850001 3.28949
2860001 3.19761
2870001 3.1864
2880001 3.16588
2890001 3.13679
2900001 3.12453
2910001 3.13218
2920001 3.14178
2930001 3.13433
2940001 3.11537
2950001 4.13959
2960001 3.73238
2970001 4.03063
2980001 3.48305
2990001 3.21952
3000001 3.1128
3010001 3.19123
3020001 3.10287
3030001 5.06299
3040001 3.43944
3050001 3.29723
3060001 3.30178
3070001 3.21071
3080001 3.16063
3090001 3.14217
3100001 3.13636
3110001 3.11979
3120001 3.1111
3130001 3.1031
3140001 3.10982
3150001 3.11933
3160001 3.09952
3170001 3.09652
3180001 6.42798
3190001 4.60985
3200001 5.27378
3210001 3.82517
3220001 3.19971
3230001 4.8158
3240001 3.53853
3250001 6.63454
3260001 3.75112
3270001 3.27118
3280001 3.22004
3290001 3.2159
3300001 3.1275
3310001 3.11028
3320001 3.10415
3330001 3.05513
3340001 3.04733
3350001 3.06522
3360001 3.05643
3370001 3.06458
3380001 3.06871
3390001 3.03108
3400001 3.81561
3410001 3.25004
3420001 3.67065
3430001 3.14396
3440001 3.03517
3450001 3.12459
3460001 3.09628
3470001 5.01008
3480001 3.7495
3490001 3.23963
3500001 3.24118
3510001 3.23683
3520001 3.09596
3530001 3.07856
3540001 3.06995
3550001 3.0508
3560001 3.05604
3570001 3.06284
3580001 3.04874
3590001 3.05218
3600001 3.03753
3610001 3.04009
3620001 7.88867
3630001 4.56763
3640001 6.93879
3650001 3.77764
3660001 3.22681
3670001 3.41181
3680001 3.6114
3690001 3.25163
3700001 4.57275
3710001 3.21789
3720001 3.16197
3730001 3.16915
3740001 3.08295
3750001 3.06483
3760001 3.04595
3770001 3.00163
3780001 2.98638
3790001 3.00594
3800001 3.00519
3810001 3.00976
3820001 3.00283
3830001 2.96039
3840001 3.76851
3850001 3.38178
3860001 3.60891
3870001 3.23527
3880001 2.9806
3890001 3.23331
3900001 3.04384
3910001 5.76415
3920001 3.70558
3930001 3.19795
3940001 3.1927
3950001 3.18381
3960001 3.06832
3970001 3.04894
3980001 3.01392
3990001 3.00768
4000001 3.00401
4010001 3.00181
4020001 2.98789
4030001 3.00463
4040001 2.9988
4050001 2.97813
4060001 7.87433
4070001 5.52527
4080001 3.7311
4090001 4.22453
4100001 3.3488
4110001 3.36512
4120001 4.00233
4130001 3.20268
4140001 5.30659
4150001 3.26463
4160001 3.11867
4170001 3.11447
4180001 3.04544
4190001 3.01934
4200001 2.99969
4210001 2.9524
4220001 2.96614
4230001 2.96466
4240001 2.95101
4250001 2.96614
4260001 2.93379
4270001 2.91634
4280001 4.01038
4290001 3.34047
4300001 3.89171
4310001 3.19531
4320001 2.95918
4330001 3.19525
4340001 2.98528
4350001 2.92622
4360001 4.35096
4370001 3.1572
4380001 3.13182
4390001 3.13679
4400001 3.02459
4410001 3.00122
4420001 2.97559
4430001 2.96925
4440001 2.96257
4450001 2.95646
4460001 2.94469
4470001 2.95773
4480001 2.9566
4490001 2.93972
4500001 5.33287
4510001 6.35083
4520001 3.70923
4530001 5.18612
4540001 3.31472
4550001 3.05682
4560001 3.97333
4570001 3.40845
4580001 5.28947
4590001 3.63287
4600001 3.09335
4610001 3.08568
4620001 3.07108
4630001 2.97293
4640001 2.96351
4650001 2.9418
4660001 2.9143
4670001 2.9053
4680001 2.91478
4690001 2.92522
4700001 2.91783
4710001 2.89589
4720001 3.98109
4730001 3.55196
4740001 3.857
4750001 3.282
4760001 3.01006
4770001 2.90101
4780001 2.98655
4790001 2.88884
4800001 4.93395
4810001 3.24976
4820001 3.09619
4830001 3.1048
4840001 3.00932
4850001 2.95856
4860001 2.94242
4870001 2.93645
4880001 2.92007
4890001 2.9125
4900001 2.90412
4910001 2.91205
4920001 2.92211
4930001 2.90121
4940001 2.90061
4950001 6.34689
4960001 4.48927
4970001 5.16969
4980001 3.67691
4990001 3.01811
5000001 4.70272
5010001 3.37773
5020001 6.56145
5030001 3.60211
5040001 3.09429
5050001 3.04162
5060001 3.03877
5070001 2.94471
5080001 2.9287
5090001 2.92425
5100001 2.87326
5110001 2.86897
5120001 2.88707
5130001 2.87912
5140001 2.88863
5150001 2.89088
5160001 2.85372
5170001 3.67312
5180001 3.0843
5190001 3.51962
5200001 2.97339
5210001 2.86081
5220001 2.95678
5230001 2.92958
5240001 4.90722
5250001 3.60894
5260001 3.07852
5270001 3.07548
5280001 3.07549
5290001 2.93097
5300001 2.91376
5310001 2.90572
5320001 2.8863
5330001 2.89352
5340001 2.9014
5350001 2.88473
5360001 2.88836
5370001 2.87432
5380001 2.8765
5390001 7.83797
5400001 4.47108
5410001 6.88067
5420001 3.65526
5430001 3.08272
5440001 3.26879
5450001 3.48675
5460001 3.10955
5470001 4.48113
5480001 3.06939
5490001 3.01253
5500001 3.02177
5510001 2.93331
5520001 2.91279
5530001 2.89453
5540001 2.84211
5550001 2.83744
5560001 2.85837
5570001 2.85859
5580001 2.86387
5590001 2.85665
5600001 2.8116
5610001 3.6523
5620001 3.25332
5630001 3.4879
5640001 3.09679
5650001 2.83437
5660001 3.10295
5670001 2.90473
5680001 5.69313
5690001 3.58787
5700001 3.06349
5710001 3.05606
5720001 3.04843
5730001 2.93011
5740001 2.8992
5750001 2.87646
5760001 2.86996
5770001 2.8661
5780001 2.86552
5790001 2.85061
5800001 2.86707
5810001 2.86247
5820001 2.84056
5830001 7.83246
5840001 5.46038
5850001 6.87559
5860001 4.13567
5870001 3.23507
5880001 3.24185
5890001 3.90936
5900001 3.08499
5910001 5.24456
5920001 3.14508
5930001 2.99196
5940001 2.99056
5950001 2.91832
5960001 2.89061
5970001 2.87173
5980001 2.82362
5990001 2.84066
6000001 2.84029
6010001 2.82712
6020001 2.84462
6030001 2.80933
6040001 2.7893
6050001 3.91808
6060001 3.23062
6070001 3.79634
6080001 3.07546
6090001 2.8352
6100001 3.07867
6110001 2.86687
6120001 2.80339
6130001 4.26721
6140001 3.04358
6150001 3.01584
6160001 3.02247
6170001 2.906
6180001 2.88363
6190001 2.85825
6200001 2.85149
6210001 2.84383
6220001 2.84024
6230001 2.82781
6240001 2.84008
6250001 2.84009
6260001 2.82208
6270001 5.27016
6280001 6.30443
6290001 3.62325
6300001 5.1276
6310001 3.21747
6320001 2.94749
6330001 3.89453
6340001 3.31539
6350001 5.23627
6360001 3.54365
6370001 2.98563
6380001 2.97812
6390001 2.96469
6400001 2.86283
6410001 2.85324
6420001 2.83167
6430001 2.80535
6440001 2.79857
6450001 2.80798
6460001 2.81864
6470001 2.81163
6480001 2.78737
6490001 3.90456
6500001 3.4628
6510001 3.77748
6520001 3.18151
6530001 2.90549
6540001 2.79534
6550001 2.88545
6560001 2.78346
6570001 4.87194
6580001 3.15362
6590001 2.99545
6600001 3.00484
6610001 2.90677
6620001 2.85554
6630001 2.84117
6640001 2.835
6650001 2.81893
6660001 2.81149
6670001 2.80215
6680001 2.81092
6690001 2.82099
6700001 2.7993
6710001 2.80041
6720001 6.30814
6730001 4.43051
6740001 5.11886
6750001 3.60246
6760001 2.92522
6770001 4.64795
6780001 3.29658
6790001 6.52711
6800001 3.5265
6810001 3.00255
6820001 2.94912
6830001 2.94513
6840001 2.84931
6850001 2.8334
6860001 2.83022
6870001 2.7777
6880001 2.7752
6890001 2.79402
6900001 2.78619
6910001 2.79632
6920001 2.79774
6930001 2.75987
6940001 3.60184
6950001 2.99617
6960001 3.44146
6970001 2.88335
6980001 2.76739
6990001 2.86809
7000001 2.84182
7010001 4.85436
7020001 3.53351
7030001 2.99162
7040001 2.98645
7050001 2.9883
7060001 2.8419
7070001 2.82471
7080001 2.81691
7090001 2.79724
7100001 2.80518
7110001 2.81386
7120001 2.79565
7130001 2.80104
7140001 2.78517
7150001 2.78728
7160001 7.81223
7170001 4.42062
7180001 6.85148
7190001 3.58971
7200001 3.00466
7210001 3.18683
7220001 3.42034
7230001 3.03411
7240001 4.43323
7250001 2.98797
7260001 2.93065
7270001 2.94001
7280001 2.84934
7290001 2.8276
7300001 2.81032
7310001 2.75883
7320001 2.75493
7330001 2.77665
7340001 2.77708
7350001 2.7826
7360001 2.77561
7370001 2.72802
7380001 3.58778
7390001 3.18146
7400001 3.42252
7410001 3.02037
7420001 2.75158
7430001 3.0306
7440001 2.82585
7450001 5.65549
7460001 3.5212
7470001 2.98683
7480001 2.9779
7490001 2.97109
7500001 2.82814
7510001 2.82006
7520001 2.79763
7530001 2.79141
7540001 2.78729
7550001 2.78758
7560001 2.77212
7570001 2.78833
7580001 2.78509
7590001 2.76169
7600001 7.8086
7610001 5.42476
7620001 6.84535
7630001 4.08606
7640001 3.17066
7650001 3.17229
7660001 3.85772
7670001 3.01843
7680001 5.21121
7690001 3.07568
7700001 2.91986
7710001 2.91835
7720001 2.84402
7730001 2.81533
7740001 2.79698
7750001 2.7487
7760001 2.76823
7770001 2.7682
7780001 2.75473
7790001 2.77007
7800001 2.73581
7810001 2.71469
7820001 3.86483
7830001 3.16624
7840001 3.74131
7850001 3.00437
7860001 2.76266
7870001 3.01699
7880001 2.79756
7890001 2.73193
7900001 4.21831
7910001 2.97553
7920001 2.94683
7930001 2.95438
7940001 2.83522
7950001 2.81527
7960001 2.78823
7970001 2.78046
7980001 2.77442
7990001 2.77044
8000001 2.75807
8010001 2.76989
8020001 2.77014
8030001 2.75181
8040001 5.23342
8050001 6.27588
8060001 3.57288
8070001 5.09392
8080001 3.15995
8090001 2.88238
8100001 3.84857
8110001 3.26041
8120001 5.20565
8130001 3.49086
8140001 2.92072
8150001 2.91226
8160001 2.89951
8170001 2.79583
8180001 2.78606
8190001 2.76407
8200001 2.73944
8210001 2.73361
8220001 2.74288
8230001 2.75415
8240001 2.74575
8250001 2.72174
8260001 3.85529
8270001 3.40831
8280001 3.73169
8290001 3.12139
8300001 2.84235
8310001 2.7307
8320001 2.8236
8330001 2.71943
8340001 4.83277
8350001 3.09468
8360001 2.93354
8370001 2.94279
8380001 2.8432
8390001 2.7918
8400001 2.7777
8410001 2.7726
8420001 2.75609
8430001 2.74924
8440001 2.7394
8450001 2.74767
8460001 2.75801
8470001 2.7361
8480001 2.73776
8490001 6.28514
8500001 4.39518
8510001 5.08842
8520001 3.55679
8530001 2.86757
8540001 4.61529
8550001 3.24763
8560001 6.50701
8570001 3.47964
8580001 2.94511
8590001 2.89054
8600001 2.88609
8610001 2.78813
8620001 2.77316
8630001 2.77269
8640001 2.71749
8650001 2.71655
8660001 2.73523
8670001 2.72809
8680001 2.73845
8690001 2.73886
8700001 2.70052
8710001 3.39895
8720001 2.94014
8730001 3.3936
8740001 2.82759
8750001 2.70815
8760001 2.81218
8770001 2.78643
8780001 4.82152
8790001 3.48564
8800001 2.93574
8810001 2.93027
8820001 2.9323
8830001 2.78475
8840001 2.76749
8850001 2.75988
8860001 2.74031
8870001 2.74868
8880001 2.75782
8890001 2.73856
8900001 2.74461
8910001 2.7277
8920001 2.73005
8930001 7.79592
8940001 4.38915
8950001 6.83338
8960001 3.54798
8970001 2.95473
8980001 3.13904
8990001 3.37818
9000001 2.98519
9010001 4.40327
9020001 2.93542
9030001 2.87817
9040001 2.8868
9050001 2.79474
9060001 2.77274
9070001 2.75606
9080001 2.70392
9090001 2.70157
9100001 2.72361
9110001 2.72402
9120001 2.73035
9130001 2.72309
9140001 2.67358
9150001 3.54545
9160001 3.1341
9170001 3.38067
9180001 2.97102
9190001 2.6976
9200001 2.98372
9210001 2.77553
9220001 5.63158
9230001 3.4772
9240001 2.93613
9250001 2.92611
9260001 2.9202
9270001 2.77433
9280001 2.76932
9290001 2.74538
9300001 2.73946
9310001 2.73498
9320001 2.73624
9330001 2.72026
9340001 2.73578
9350001 2.73105
9360001 2.70998
9370001 7.79395
9380001 5.40185
9390001 6.82985
9400001 4.05364
9410001 3.12795
9420001 3.12817
9430001 3.82423
9440001 2.97523
9450001 5.19025
9460001 3.02899
9470001 2.8709
9480001 2.86866
9490001 2.79457
9500001 2.76497
9510001 2.74675
9520001 2.69872
9530001 2.72047
9540001 2.72034
9550001 2.70671
9560001 2.71785
9570001 2.68636
9580001 2.66493
9590001 3.8297
9600001 3.12303
9610001 3.70487
9620001 2.95861
9630001 2.71436
9640001 2.97299
9650001 2.75121
9660001 2.68361
9670001 4.18586
9680001 2.9292
9690001 2.90016
9700001 2.90779
9710001 2.78723
9720001 2.76902
9730001 2.74074
9740001 2.73258
9750001 2.72739
9760001 2.72362
9770001 2.71103
9780001 2.72249
9790001 2.72257
9800001 2.70422
9810001 5.20821
9820001 6.26043
9830001 3.53919
9840001 5.07162
9850001 3.12112
9860001 2.83837
9870001 3.81789
9880001 3.22336
9890001 5.18595
9900001 3.45532
9910001 2.8768
9920001 2.86713
9930001 2.85441
9940001 2.75029
9950001 2.74007
9960001 2.71751
9970001 2.69482
9980001 2.68921
9990001 2.69921
10000001 2.71066
10010001 2.677
10020001 2.67719
10030001 3.82264
10040001 3.371
10050001 3.6972
10060001 3.08138
10070001 2.80378
10080001 2.68645
10090001 2.78166
10100001 2.67538
10110001 4.8068
10120001 3.05363
10130001 2.89003
10140001 2.89983
10150001 2.79916
10160001 2.74762
10170001 2.73408
10180001 2.72823
10190001 2.71169
10200001 2.70587
10210001 2.69627
10220001 2.70718
10230001 2.71389
10240001 2.69253
10250001 2.69318
10260001 6.26961
10270001 4.3712
10280001 5.06774
10290001 3.52539
10300001 2.82812
10310001 4.59326
10320001 3.21375
10330001 6.49374
10340001 3.44767
10350001 2.90503
10360001 2.84879
10370001 2.84514
10380001 2.74404
10390001 2.73017
10400001 2.73039
10410001 2.67561
10420001 2.67584
10430001 2.69416
10440001 2.68723
10450001 2.69866
10460001 2.69743
10470001 2.65898
10480001 3.37127
10490001 2.90112
10500001 3.3598
10510001 2.78884
10520001 2.66623
10530001 2.77307
10540001 2.74735
10550001 4.79841
10560001 3.45113
10570001 2.89603
10580001 2.89051
10590001 2.89246
10600001 2.74436
10610001 2.72689
10620001 2.72082
10630001 2.69972
10640001 2.70886
10650001 2.71827
10660001 2.69819
10670001 2.70393
10680001 2.68684
10690001 2.6893
10700001 7.78413
10710001 4.36704
10720001 6.82085
10730001 3.51849
10740001 2.91947
10750001 3.10309
10760001 3.34858
10770001 2.95061
10780001 4.3824
10790001 2.89823
10800001 2.84102
10810001 2.84889
10820001 2.75619
10830001 2.73394
10840001 2.71651
10850001 2.66501
10860001 2.66385
10870001 2.68606
10880001 2.6867
10890001 2.69354
10900001 2.68559
10910001 2.63483
10920001 3.5147
10930001 3.10033
10940001 3.35139
10950001 2.93594
10960001 2.65952
10970001 2.95043
10980001 2.73965
10990001 5.61483
11000001 3.44531
11010001 2.89944
11020001 2.88863
11030001 2.8841
11040001 2.73448
11050001 2.73213
11060001 2.7082
11070001 2.70208
11080001 2.69709
11090001 2.69923
11100001 2.68288
11110001 2.69705
11120001 2.67831
11130001 2.673
11140001 7.78284
11150001 5.3856
11160001 6.8175
11170001 4.03056
11180001 3.09734
11190001 3.09508
11200001 3.80038
11210001 2.94438
11220001 5.17546
11230001 2.99547
11240001 2.83565
11250001 2.83275
11260001 2.75825
11270001 2.72873
11280001 2.71043
11290001 2.66231
11300001 2.68613
11310001 2.68593
11320001 2.67182
11330001 2.68226
11340001 2.65018
11350001 2.62892
11360001 3.80452
11370001 3.0916
11380001 3.67842
11390001 2.92674
11400001 2.67939
11410001 2.94312
11420001 2.71736
11430001 6.19976
11440001 4.16211
11450001 2.89515
11460001 2.86574
11470001 2.87351
11480001 2.75184
11490001 2.73382
11500001 2.70606
11510001 2.69804
11520001 2.69301
11530001 2.68931
11540001 2.67705
11550001 2.68779
11560001 2.68763
11570001 2.66976
11580001 5.1899
11590001 6.2547
11600001 3.51469
11610001 5.0549
11620001 3.09281
11630001 2.80635
11640001 3.79568
11650001 3.1966
11660001 5.17207
11670001 3.42958
11680001 2.84453
11690001 2.83377
11700001 2.82062
11710001 2.71631
11720001 2.70765
11730001 2.68375
11740001 2.66165
11750001 2.6568
11760001 2.66705
11770001 2.67865
11780001 2.64207
11790001 2.64381
11800001 3.79964
11810001 3.34357
11820001 3.67369
11830001 3.05244
11840001 2.67458
11850001 2.65366
11860001 2.75068
11870001 2.64284
11880001 4.78757
11890001 3.0229
11900001 2.85759
11910001 2.8677
11920001 2.76582
11930001 2.71457
11940001 2.70171
11950001 2.69447
11960001 2.67863
11970001 2.67343
11980001 2.66468
11990001 2.67586
12000001 2.68108
12010001 2.65991
12020001 2.66042
12030001 6.25824
12040001 4.35354
12050001 5.05263
12060001 3.5021
12070001 2.79851
12080001 4.57713
12090001 3.18894
12100001 6.48409
12110001 3.4237
12120001 2.87506
12130001 2.8176
12140001 2.81433
12150001 2.71271
12160001 2.69776
12170001 2.69764
12180001 2.64448
12190001 2.64567
12200001 2.66371
12210001 2.6576
12220001 2.66941
12230001 2.66712
12240001 2.62796
12250001 3.34263
12260001 2.87188
12270001 3.33931
12280001 2.75912
12290001 2.6349
12300001 2.74388
12310001 2.71786
12320001 4.78101
12330001 3.42523
12340001 2.86589
12350001 2.86079
12360001 2.86249
12370001 2.71358
12380001 2.69633
12390001 2.69092
12400001 2.66909
12410001 2.67874
12420001 2.68844
12430001 2.66767
12440001 2.67332
12450001 2.65613
12460001 2.65864
12470001 7.77502
12480001 4.35039
12490001 6.81173
12500001 3.49706
12510001 2.8929
12520001 3.07292
12530001 3.3264
12540001 2.92451
12550001 4.36686
12560001 2.86998
12570001 2.81283
12580001 2.8201
12590001 2.72773
12600001 2.70423
12610001 2.68695
12620001 2.63623
12630001 2.63547
12640001 2.65803
12650001 2.65851
12660001 2.66535
12670001 2.65701
12680001 2.60552
12690001 3.49128
12700001 3.07475
12710001 3.32975
12720001 2.90921
12730001 2.63047
12740001 2.92526
12750001 2.71197
12760001 5.60216
12770001 3.42105
12780001 2.87141
12790001 2.85973
12800001 2.85728
12810001 2.70658
12820001 2.70367
12830001 2.67983
12840001 2.67358
12850001 2.66839
12860001 2.67096
12870001 2.65435
12880001 2.66766
12890001 2.64802
12900001 2.6449
12910001 7.77447
12920001 5.37337
12930001 6.80944
12940001 4.01321
12950001 3.07415
12960001 3.06866
12970001 3.78231
12980001 2.92087
12990001 5.16433
13000001 2.97065
13010001 2.80864
13020001 2.80563
13030001 2.73006
13040001 2.70093
13050001 2.68284
13060001 2.63521
13070001 2.6601
13080001 2.65971
13090001 2.64549
13100001 2.65795
13110001 2.62269
13120001 2.60132
13130001 3.78539
13140001 3.06751
13150001 3.6581
13160001 2.90227
13170001 2.6525
13180001 2.9202
13190001 2.69113
13200001 5.5976
13210001 4.14353
13220001 2.86893
13230001 2.83885
13240001 2.84712
13250001 2.72443
13260001 2.70641
13270001 2.67932
13280001 2.67148
13290001 2.667
13300001 2.66303
13310001 2.65016
13320001 2.66098
13330001 2.66059
13340001 2.64375
13350001 5.17609
13360001 6.23221
13370001 3.49586
13380001 5.04321
13390001 3.07106
13400001 2.78172
13410001 3.77873
13420001 3.17601
13430001 5.16149
13440001 3.40989
13450001 2.81953
13460001 2.80787
13470001 2.79502
13480001 2.68952
13490001 2.68074
13500001 2.65849
13510001 2.63641
13520001 2.63266
13530001 2.64225
13540001 2.65364
13550001 2.6159
13560001 2.61838
13570001 3.78143
13580001 3.32234
13590001 3.65495
13600001 3.03007
13610001 2.64754
13620001 2.62792
13630001 2.72632
13640001 2.6173
13650001 4.77396
13660001 2.99913
13670001 2.83187
13680001 2.84242
13690001 2.73917
13700001 2.68896
13710001 2.67586
13720001 2.66922
13730001 2.65331
13740001 2.64835
13750001 2.64033
13760001 2.6514
13770001 2.65557
13780001 2.63464
13790001 2.63575
13800001 6.24945
13810001 4.34005
13820001 5.04099
13830001 3.48398
13840001 2.77519
13850001 4.56465
13860001 3.17065
13870001 6.47673
13880001 3.40518
13890001 2.85156
13900001 2.79365
13910001 2.79028
13920001 2.68716
13930001 2.67206
13940001 2.67236
13950001 2.62014
13960001 2.62275
13970001 2.64041
13980001 2.63409
13990001 2.64634
14000001 2.63957
14010001 2.6037
14020001 3.31716
14030001 2.84911
14040001 3.3155
14050001 2.73571
14060001 2.61054
14070001 2.72095
14080001 2.69482
14090001 4.7673
14100001 3.4052
14110001 2.84199
14120001 2.83756
14130001 2.83926
14140001 2.68929
14150001 2.67219
14160001 2.66659
14170001 2.64566
14180001 2.65481
14190001 2.66499
14200001 2.6436
14210001 2.64915
14220001 2.63202
14230001 2.63458
14240001 7.7683
14250001 4.3375
14260001 6.80474
14270001 3.47944
14280001 2.872
14290001 3.04668
14300001 3.30899
14310001 2.90711
14320001 4.35486
14330001 2.84776
14340001 2.79031
14350001 2.7972
14360001 2.70487
14370001 2.68102
14380001 2.6643
14390001 2.61282
14400001 2.6132
14410001 2.63611
14420001 2.63899
14430001 2.64326
14440001 2.63468
14450001 2.58213
14460001 3.47292
14470001 3.05457
14480001 3.31242
14490001 2.88821
14500001 2.60746
14510001 2.90524
14520001 2.69022
14530001 5.59199
14540001 3.40137
14550001 2.84898
14560001 2.83671
14570001 2.835
14580001 2.68406
14590001 2.68047
14600001 2.65801
14610001 2.6509
14620001 2.64615
14630001 2.64858
14640001 2.63161
14650001 2.64446
14660001 2.62634
14670001 2.62262
14680001 7.76723
14690001 5.36383
14700001 6.80257
14710001 3.99963
14720001 3.05538
14730001 3.04816
14740001 3.76799
14750001 2.902
14760001 5.15553
14770001 2.95108
14780001 2.78696
14790001 2.78415
14800001 2.70754
14810001 2.6794
14820001 2.66057
14830001 2.61315
14840001 2.63959
14850001 2.639
14860001 2.62481
14870001 2.63694
14880001 2.60103
14890001 2.57927
14900001 3.77031
14910001 3.04849
14920001 3.64184
14930001 2.88283
14940001 2.63112
14950001 2.90081
14960001 2.67015
14970001 5.58078
14980001 4.12829
14990001 2.84786
15000001 2.81713
15010001 2.82596
15020001 2.70246
15030001 2.68442
15040001 2.65781
15050001 2.64988
15060001 2.6459
15070001 2.64271
15080001 2.62853
15090001 2.63967
15100001 2.63886
15110001 2.6222
15120001 5.16485
15130001 6.21807
15140001 3.48083
15150001 5.03342
15160001 3.05366
15170001 2.76215
15180001 3.76547
15190001 3.15953
15200001 5.15313
15210001 3.39418
15220001 2.79942
15230001 2.78661
15240001 2.77503
15250001 2.66816
15260001 2.65713
15270001 2.63694
15280001 2.61669
15290001 2.61336
15300001 2.62266
15310001 2.63388
15320001 2.59705
15330001 2.59843
15340001 3.76779
15350001 3.30541
15360001 3.6392
15370001 3.01208
15380001 2.62724
15390001 2.6071
15400001 2.70674
15410001 2.59662
15420001 4.76301
15430001 2.9801
15440001 2.81166
15450001 2.82193
15460001 2.71788
15470001 2.66838
15480001 2.65502
15490001 2.64901
15500001 2.63341
15510001 2.62831
15520001 2.6202
15530001 2.63063
15540001 2.63484
15550001 2.61406
15560001 2.61465
15570001 6.2424
15580001 4.329
15590001 5.03171
15600001 3.46939
15610001 2.75674
15620001 4.55481
15630001 3.15695
15640001 6.47108
15650001 3.39031
15660001 2.83257
15670001 2.77442
15680001 2.77082
15690001 2.66615
15700001 2.6521
15710001 2.65215
15720001 2.60052
15730001 2.60349
15740001 2.62204
15750001 2.61475
15760001 2.62822
15770001 2.61992
15780001 2.5841
15790001 3.30406
15800001 2.83086
15810001 3.29504
15820001 2.71682
15830001 2.59134
15840001 2.70232
15850001 2.6762
15860001 4.75579
15870001 3.38836
15880001 2.8225
15890001 2.81819
15900001 2.8203
15910001 2.66981
15920001 2.6528
15930001 2.64713
15940001 2.6263
15950001 2.63526
15960001 2.64592
15970001 2.62407
15980001 2.62954
15990001 2.61265
16000001 2.61513
16010001 7.76271
16020001 4.3269
16030001 6.79919
16040001 3.46558
16050001 2.85504
16060001 4.65347
16070001 3.29483
16080001 2.89054
16090001 4.34533
16100001 2.82965
16110001 2.77189
16120001 2.77851
16130001 2.68505
16140001 2.66225
16150001 2.64445
16160001 2.59353
16170001 2.59525
16180001 2.61838
16190001 2.61067
16200001 2.62565
16210001 2.61672
16220001 2.56336
16230001 3.45837
16240001 3.03867
16250001 3.29827
16260001 2.87118
16270001 2.58855
16280001 2.88883
16290001 2.67304
16300001 5.58361
16310001 3.3851
16320001 2.83079
16330001 2.81791
16340001 2.81652
16350001 2.66532
16360001 2.66075
16370001 2.63967
16380001 2.63199
16390001 2.62793
16400001 2.63025
16410001 2.61294
16420001 2.62563
16430001 2.6073
16440001 2.60386
16450001 7.76166
16460001 5.35609
16470001 6.79708
16480001 3.98858
16490001 3.04049
16500001 3.03209
16510001 3.75633
16520001 2.88651
16530001 5.14876
16540001 2.93418
16550001 2.76909
16560001 2.76681
16570001 2.68954
16580001 2.66165
16590001 2.64223
16600001 2.59517
16610001 2.62277
16620001 2.62213
16630001 2.60777
16640001 2.62011
16650001 2.58352
16660001 2.56121
16670001 3.75822
16680001 3.03302
16690001 3.62841
16700001 2.86669
16710001 2.61373
16720001 2.88527
16730001 2.6529
16740001 5.57602
16750001 4.1154
16760001 2.8306
16770001 2.79911
16780001 2.80847
16790001 2.68436
16800001 2.66707
16810001 2.64038
16820001 2.63279
16830001 2.62898
16840001 2.62555
16850001 2.61077
16860001 2.62225
16870001 2.62086
16880001 2.60167
16890001 5.15567
16900001 6.15383
16910001 3.46849
16920001 5.02382
16930001 3.03933
16940001 2.74602
16950001 3.75443
16960001 3.14599
16970001 5.14644
16980001 3.38112
16990001 2.78278
17000001 2.76931
17010001 2.75524
17020001 2.65052
17030001 2.63997
17040001 2.6195
17050001 2.59949
17060001 2.59701
17070001 2.6067
17080001 2.61818
17090001 2.58126
17100001 2.58181
17110001 3.7566
17120001 3.29158
17130001 3.62685
17140001 2.99722
17150001 2.60983
17160001 2.59018
17170001 2.6909
17180001 2.57962
17190001 4.75169
17200001 2.96424
17210001 2.79463
17220001 2.80492
17230001 2.70034
17240001 2.65105
17250001 2.63792
17260001 2.63202
17270001 2.61678
17280001 2.61147
17290001 2.60386
17300001 2.6136
17310001 2.61759
17320001 2.59698
17330001 2.59777
17340001 6.23657
17350001 4.31983
17360001 5.02412
17370001 3.45732
17380001 2.74136
17390001 4.547
17400001 3.14335
17410001 6.46667
17420001 3.37788
17430001 2.81668
17440001 2.7581
17450001 2.75483
17460001 2.64929
17470001 2.63544
17480001 2.63497
17490001 2.58441
17500001 2.59522
17510001 2.60678
17520001 2.59878
17530001 2.61391
17540001 2.58901
17550001 2.56798
17560001 3.29251
17570001 2.81548
17580001 3.29457
17590001 2.70164
17600001 2.57527
17610001 2.68684
17620001 2.66064
17630001 4.74619
17640001 3.37401
17650001 2.80643
17660001 2.80143
17670001 2.80406
17680001 2.65362
17690001 2.63657
17700001 2.63163
17710001 2.60948
17720001 2.61957
17730001 2.63007
17740001 2.60784
17750001 2.6133
17760001 2.59637
17770001 2.59911
17780001 7.75824
17790001 4.3181
17800001 6.79442
17810001 3.45395
17820001 2.84083
17830001 4.55903
17840001 3.28302
17850001 2.88869
17860001 4.33724
17870001 2.8145
17880001 2.75656
17890001 2.7629
17900001 2.66957
17910001 2.64516
17920001 2.62898
17930001 2.57778
17940001 2.58027
17950001 2.60381
17960001 2.59628
17970001 2.61115
17980001 2.60125
17990001 2.54822
18000001 3.4467
18010001 3.02497
18020001 3.28636
18030001 2.85702
18040001 2.57291
18050001 2.8751
18060001 2.6582
18070001 5.57667
18080001 3.3717
18090001 2.81549
18100001 2.80193
18110001 2.80045
18120001 2.64982
18130001 2.64665
18140001 2.62358
18150001 2.61614
18160001 2.61152
18170001 2.61493
18180001 2.59726
18190001 2.60985
18200001 2.59147
18210001 2.58783
18220001 7.75691
18230001 5.34963
18240001 6.79258
18250001 3.97908
18260001 3.02774
18270001 3.01855
18280001 3.7466
18290001 2.87352
18300001 5.14131
18310001 2.92022
18320001 2.75411
18330001 2.75256
18340001 2.6748
18350001 2.64559
18360001 2.62733
18370001 2.58078
18380001 2.60874
18390001 2.60787
18400001 2.59339
18410001 2.60589
18420001 2.56881
18430001 2.54603
18440001 3.74831
18450001 3.02009
18460001 3.61707
18470001 2.85314
18480001 2.59907
18490001 2.8719
18500001 2.63842
18510001 5.57229
18520001 4.10454
18530001 2.81563
18540001 2.78385
18550001 2.79387
18560001 2.6692
18570001 2.65192
18580001 2.6255
18590001 2.61897
18600001 2.61403
18610001 2.61123
18620001 2.59479
18630001 2.60775
18640001 2.60566
18650001 2.58635
18660001 5.148
18670001 5.32071
18680001 3.45815
18690001 5.01739
18700001 3.02729
18710001 2.73243
18720001 3.74492
18730001 3.13471
18740001 5.14076
18750001 3.37009
18760001 2.76871
18770001 2.75499
18780001 2.72574
18790001 2.63576
18800001 2.62519
18810001 2.60528
18820001 2.5853
18830001 2.58286
18840001 2.59334
18850001 2.60495
18860001 2.56586
18870001 2.56776
18880001 3.74674
18890001 3.28009
18900001 3.61699
18910001 2.9846
18920001 2.595
18930001 2.5761
18940001 2.67738
18950001 2.56525
18960001 4.7452
18970001 2.95078
18980001 2.78046
18990001 2.79078
19000001 2.68541
19010001 2.63656
19020001 2.62365
19030001 2.61803
19040001 2.60238
19050001 2.59723
19060001 2.59003
19070001 2.6001
19080001 2.60301
19090001 2.58254
19100001 2.58539
19110001 6.23159
19120001 4.31186
19130001 5.01783
19140001 3.44709
19150001 2.72822
19160001 4.5403
19170001 3.13188
19180001 6.46293
19190001 3.36751
19200001 2.8033
19210001 2.74423
19220001 2.74099
19230001 2.63504
19240001 2.62044
19250001 2.62009
19260001 2.57074
19270001 2.58012
19280001 2.59366
19290001 2.58543
19300001 2.60223
19310001 2.573
19320001 2.55422
19330001 3.28176
19340001 2.80209
19350001 3.13782
19360001 2.68894
19370001 2.56155
19380001 2.67372
19390001 2.64755
19400001 4.73816
19410001 3.36187
19420001 2.79272
19430001 2.78717
19440001 2.79001
19450001 2.63982
19460001 2.62246
19470001 2.61782
19480001 2.59536
19490001 2.60654
19500001 2.61659
19510001 2.594
19520001 2.59976
19530001 2.58227
19540001 2.58556
19550001 7.75483
19560001 4.31084
19570001 6.79042
19580001 3.44428
19590001 2.82875
19600001 4.54396
19610001 3.27301
19620001 2.82785
19630001 4.33031
19640001 2.80179
19650001 2.74369
19660001 2.74959
19670001 2.65698
19680001 2.63022
19690001 2.61656
19700001 2.56423
19710001 2.56768
19720001 2.59139
19730001 2.58356
19740001 2.59894
19750001 2.58828
19760001 2.5353
19770001 3.43641
19780001 3.01345
19790001 3.27646
19800001 2.84501
19810001 2.5595
19820001 2.86335
19830001 2.64517
19840001 5.57044
19850001 3.36032
19860001 2.80236
19870001 2.78828
19880001 2.7879
19890001 2.63651
19900001 2.63383
19910001 2.60998
19920001 2.60248
19930001 2.59728
19940001 2.60178
19950001 2.58393
19960001 2.59663
19970001 2.57778
19980001 2.57398
19990001 7.7531
20000001 5.3442
20010001 6.78872
20020001 3.97122
20030001 3.01706
20040001 3.00687
20050001 3.73833
20060001 2.8627
20070001 5.13743
20080001 2.90883
20090001 2.74118
20100001 2.74051
20110001 2.66296
20120001 2.63181
20130001 2.61409
20140001 2.56785
20150001 2.59685
20160001 2.59594
20170001 2.58117
20180001 2.59378
20190001 2.5564
20200001 2.53313
20210001 3.73994
20220001 3.00914
20230001 3.60717
20240001 2.8417
20250001 2.58672
20260001 2.86068
20270001 2.62602
20280001 5.56878
20290001 4.09549
20300001 2.80277
20310001 2.77077
20320001 2.78142
20330001 2.65604
20340001 2.63931
20350001 2.61247
20360001 2.60667
20370001 2.60087
20380001 2.59863
20390001 2.58199
20400001 2.59536
20410001 2.5926
20420001 2.57307
20430001 5.14131
20440001 5.34085
20450001 3.4493
20460001 5.01017
20470001 3.017
20480001 2.72075
20490001 3.73692
20500001 3.12521
20510001 5.136
20520001 3.36101
20530001 2.75665
20540001 2.74225
20550001 2.64883
20560001 2.62253
20570001 2.61165
20580001 2.5929
20590001 2.57391
20600001 2.57059
20610001 2.58241
20620001 2.59312
20630001 2.55363
20640001 2.55569
20650001 3.73823
20660001 3.27039
20670001 3.60762
20680001 2.97391
20690001 2.58323
20700001 2.56383
20710001 2.66394
20720001 2.55293
20730001 4.73772
20740001 2.93906
20750001 2.76814
20760001 2.77852
20770001 2.67272
20780001 2.62365
20790001 2.61152
20800001 2.60598
20810001 2.5902
20820001 2.5851
20830001 2.57752
20840001 2.58763
20850001 2.59053
20860001 2.57042
20870001 2.57329
20880001 6.22731
20890001 4.30514
20900001 5.01237
20910001 3.43838
20920001 2.71703
20930001 4.53471
20940001 3.12222
20950001 6.45955
20960001 3.35862
20970001 2.79178
20980001 2.73219
20990001 2.72906
21000001 2.62171
21010001 2.60724
21020001 2.60908
21030001 2.55893
21040001 2.56879
21050001 2.58217
21060001 2.57381
21070001 2.59208
21080001 2.55674
21090001 2.54242
21100001 3.27127
21110001 2.79055
21120001 2.9712
21130001 2.67811
21140001 2.55126
21150001 2.66245
21160001 2.63632
21170001 4.73141
21180001 3.35107
21190001 2.78114
21200001 2.77504
21210001 2.77804
21220001 2.62798
21230001 2.61017
21240001 2.60546
21250001 2.58303
21260001 2.59497
21270001 2.60499
21280001 2.58241
21290001 2.58756
21300001 2.56992
21310001 2.5734
21320001 7.75144
21330001 4.3046
21340001 6.78685
21350001 3.43605
21360001 2.81834
21370001 4.54137
21380001 3.2644
21390001 6.46134
21400001 4.32437
21410001 2.79083
21420001 2.73256
21430001 2.73809
21440001 2.64535
21450001 2.61773
21460001 2.60563
21470001 2.55298
21480001 2.55693
21490001 2.58074
21500001 2.57249
21510001 2.5885
21520001 2.57733
21530001 2.52338
21540001 3.4276
21550001 3.00369
21560001 3.26797
21570001 2.83459
21580001 2.54806
21590001 2.85321
21600001 2.63397
21610001 5.56505
21620001 3.35011
21630001 2.79114
21640001 2.77649
21650001 2.77556
21660001 2.6246
21670001 2.6222
21680001 2.59844
21690001 2.59083
21700001 2.58544
21710001 2.5905
21720001 2.5724
21730001 2.58542
21740001 2.56571
21750001 2.56277
21760001 7.74971
21770001 5.33942
21780001 6.78542
21790001 3.96458
21800001 3.00756
21810001 2.99676
21820001 3.73107
21830001 2.85357
21840001 5.1354
21850001 2.89898
21860001 2.72993
21870001 2.7295
21880001 2.65187
21890001 2.62018
21900001 2.60252
21910001 2.55604
21920001 2.58661
21930001 2.58506
21940001 2.57086
21950001 2.58336
21960001 2.54567
21970001 2.52204
21980001 3.73284
21990001 2.99971
22000001 3.59855
22010001 2.83194
22020001 2.57591
22030001 2.8508
22040001 2.61526
22050001 5.56503
22060001 4.08766
22070001 2.79164
22080001 2.75939
22090001 2.77036
22100001 2.64447
22110001 2.62781
22120001 2.6011
22130001 2.59652
22140001 2.58932
22150001 2.58767
22160001 2.57319
22170001 2.58434
22180001 2.58132
22190001 2.56431
22200001 5.1356
22210001 5.33815
22220001 3.44164
22230001 5.00619
22240001 3.00809
22250001 2.71057
22260001 3.7299
22270001 3.11689
22280001 5.13209
22290001 3.35312
22300001 2.74615
22310001 2.73014
22320001 2.63742
22330001 2.61017
22340001 2.5995
22350001 2.58205
22360001 2.56232
22370001 2.56045
22380001 2.57281
22390001 2.58253
22400001 2.5438
22410001 2.54527
22420001 3.73119
22430001 3.26199
22440001 3.59964
22450001 2.96455
22460001 2.57335
22470001 2.55318
22480001 2.65384
22490001 2.54221
22500001 4.73289
22510001 2.92845
22520001 2.75757
22530001 2.76781
22540001 2.66166
22550001 2.61202
22560001 2.60079
22570001 2.59536
22580001 2.57973
22590001 2.5744
22600001 2.5663
22610001 2.57721
22620001 2.57962
22630001 2.55948
22640001 2.56278
22650001 6.22363
22660001 4.29877
22670001 5.00752
22680001 3.43079
22690001 2.70719
22700001 4.52997
22710001 3.11426
22720001 6.45687
22730001 3.35073
22740001 2.78176
22750001 2.72177
22760001 2.71882
22770001 2.61012
22780001 2.59646
22790001 2.59875
22800001 2.54851
22810001 2.55936
22820001 2.5724
22830001 2.56375
22840001 2.58358
22850001 2.54425
22860001 2.5325
22870001 3.26174
22880001 2.78078
22890001 2.96136
22900001 2.66838
22910001 2.54188
22920001 2.65259
22930001 2.62626
22940001 4.72532
22950001 3.34239
22960001 2.77115
22970001 2.76441
22980001 2.76764
22990001 2.61778
23000001 2.59907
23010001 2.59404
23020001 2.57229
23030001 2.58495
23040001 2.59485
23050001 2.57245
23060001 2.57681
23070001 2.55916
23080001 2.56261
23090001 7.74823
23100001 4.29913
23110001 6.78396
23120001 3.42851
23130001 2.80917
23140001 4.53685
23150001 3.25691
23160001 6.45712
23170001 4.31925
23180001 2.78133
23190001 2.72249
23200001 2.728
23210001 2.63439
23220001 2.60739
23230001 2.59557
23240001 2.54334
23250001 2.54748
23260001 2.5715
23270001 2.56298
23280001 2.5795
23290001 2.56772
23300001 2.51368
23310001 3.42049
23320001 2.99521
23330001 3.26062
23340001 2.8254
23350001 2.53816
23360001 2.84421
23370001 2.62431
23380001 5.56044
23390001 3.34095
23400001 2.78149
23410001 2.76627
23420001 2.7648
23430001 2.61425
23440001 2.6125
23450001 2.58833
23460001 2.58084
23470001 2.57513
23480001 2.58103
23490001 2.56226
23500001 2.57566
23510001 2.55537
23520001 2.55327
23530001 7.7468
23540001 5.33532
23550001 6.78263
23560001 3.9586
23570001 3.01718
23580001 2.98751
23590001 3.72487
23600001 2.84533
23610001 5.12769
23620001 2.88987
23630001 2.72014
23640001 2.71954
23650001 2.64152
23660001 2.60991
23670001 2.59246
23680001 2.54569
23690001 2.57766
23700001 2.57543
23710001 2.56219
23720001 2.57438
23730001 2.5363
23740001 2.51236
23750001 3.72681
23760001 2.9915
23770001 3.59102
23780001 2.8233
23790001 2.56643
23800001 2.84216
23810001 2.60584
23820001 5.55965
23830001 4.08056
23840001 2.78198
23850001 2.74933
23860001 2.76072
23870001 2.63439
23880001 2.61788
23890001 2.59071
23900001 2.58732
23910001 2.5794
23920001 2.57845
23930001 2.56283
23940001 2.57436
23950001 2.57146
23960001 2.5469
23970001 5.13059
23980001 5.33555
23990001 3.43494
24000001 5.00367
24010001 3.00029
24020001 2.70157
24030001 3.72379
24040001 3.1096
24050001 5.1286
24060001 3.34628
24070001 2.73679
24080001 2.71988
24090001 2.6273
24100001 2.60926
24110001 2.58978
24120001 2.57219
24130001 2.55257
24140001 2.55191
24150001 2.56429
24160001 2.57335
24170001 2.53605
24180001 2.53604
24190001 3.72547
24200001 3.25471
24210001 3.59222
24220001 2.95623
24230001 2.56611
24240001 2.54398
24250001 2.64434
24260001 2.53279
24270001 4.72861
24280001 2.91922
24290001 2.74814
24300001 2.75806
24310001 2.65193
24320001 2.60215
24330001 2.59114
24340001 2.58584
24350001 2.57032
24360001 2.56507
24370001 2.55687
24380001 2.56871
24390001 2.56998
24400001 2.54949
24410001 2.55407
24420001 6.2204
24430001 4.2935
24440001 5.00326
24450001 3.4241
24460001 2.69852
24470001 4.52566
24480001 3.10728
24490001 6.4545
24500001 3.34385
24510001 2.77294
24520001 2.71284
24530001 2.71008
24540001 2.6002
24550001 2.58651
24560001 2.58975
24570001 2.53946
24580001 2.55087
24590001 2.56496
24600001 2.55534
24610001 2.57666
24620001 2.53638
24630001 2.52367
24640001 3.25381
24650001 2.77236
24660001 2.95038
24670001 2.66006
24680001 2.53339
24690001 2.64386
24700001 2.61753
24710001 4.7198
24720001 3.33594
24730001 2.76224
24740001 2.75504
24750001 2.75867
24760001 2.60858
24770001 2.58906
24780001 2.58449
24790001 2.5633
24800001 2.57643
24810001 2.58593
24820001 2.56324
24830001 2.56736
24840001 2.54969
24850001 2.55343
24860001 7.74509
24870001 4.2943
24880001 6.78132
24890001 3.4223
24900001 2.80107
24910001 4.53013
24920001 3.25033
24930001 6.4554
24940001 4.31483
24950001 2.77292
24960001 2.71359
24970001 2.71906
24980001 2.62468
24990001 2.59817
25000001 2.58674
25010001 2.53448
25020001 2.53923
25030001 2.56336
25040001 2.55445
25050001 2.57165
25060001 2.55922
25070001 2.50708
25080001 3.4144
25090001 2.9876
25100001 3.25362
25110001 2.81728
25120001 2.52943
25130001 2.83613
25140001 2.61601
25150001 5.55626
25160001 3.33306
25170001 2.77272
25180001 2.75725
25190001 2.75651
25200001 2.60517
25210001 2.60305
25220001 2.57941
25230001 2.57195
25240001 2.56566
25250001 2.57286
25260001 2.55325
25270001 2.56665
25280001 2.54635
25290001 2.5444
25300001 7.74406
25310001 5.33169
25320001 6.78019
25330001 3.95316
25340001 2.79677
25350001 2.97949
25360001 3.71996
25370001 2.83852
25380001 5.12787
25390001 2.88163
25400001 2.71152
25410001 2.71079
25420001 2.63248
25430001 2.60061
25440001 2.58432
25450001 2.53561
25460001 2.56981
25470001 2.56718
25480001 2.55496
25490001 2.56659
25500001 2.52811
25510001 2.50388
25520001 3.72159
25530001 2.98427
25540001 3.58427
25550001 2.81536
25560001 2.5582
25570001 2.83461
25580001 2.59757
25590001 5.55457
25600001 4.07449
25610001 2.77304
25620001 2.74035
25630001 2.75229
25640001 2.62549
25650001 2.60923
25660001 2.58161
25670001 2.57853
25680001 2.57093
25690001 2.57032
25700001 2.55459
25710001 2.56544
25720001 2.56277
25730001 2.5379
25740001 5.12598
25750001 5.33104
25760001 3.42904
25770001 4.99725
25780001 2.99339
25790001 2.69362
25800001 3.71836
25810001 3.10307
25820001 5.12547
25830001 3.34029
25840001 2.72852
25850001 2.71101
25860001 2.61933
25870001 2.60064
25880001 2.58073
25890001 2.56201
25900001 2.54426
25910001 2.54406
25920001 2.55673
25930001 2.56529
25940001 2.52894
25950001 2.52791
25960001 3.72043
25970001 3.24842
25980001 3.58569
25990001 2.9488
26000001 2.55862
26010001 2.53596
26020001 2.63753
26030001 2.52445
26040001 4.72433
26050001 2.91099
26060001 2.73932
26070001 2.74915
26080001 2.6433
26090001 2.59455
26100001 2.5828
26110001 2.57719
26120001 2.56198
26130001 2.557
26140001 2.54873
26150001 2.5612
26160001 2.56143
26170001 2.54091
26180001 2.54576
26190001 6.21754
26200001 4.28864
26210001 4.99951
26220001 3.41808
26230001 2.69086
26240001 4.52164
26250001 3.10097
26260001 6.45218
26270001 3.33778
26280001 2.76501
26290001 2.70501
26300001 2.70261
26310001 2.59151
26320001 2.57744
26330001 2.58213
26340001 2.53169
26350001 2.5435
26360001 2.55682
26370001 2.54822
26380001 2.56975
26390001 2.52786
26400001 2.51563
26410001 3.24735
26420001 2.76485
26430001 2.95138
26440001 2.65268
26450001 2.52687
26460001 2.63608
26470001 2.60975
26480001 4.7149
26490001 3.32886
26500001 2.75429
26510001 2.74661
26520001 2.75084
26530001 2.60047
26540001 2.58085
26550001 2.5774
26560001 2.55509
26570001 2.56918
26580001 2.57803
26590001 2.55472
26600001 2.55908
26610001 2.54157
26620001 2.54513
26630001 7.74254
26640001 4.29002
26650001 6.77865
26660001 3.41672
26670001 2.79394
26680001 4.52433
26690001 3.24444
26700001 6.45335
26710001 4.31097
26720001 2.76548
26730001 2.7057
26740001 2.7111
26750001 2.61606
26760001 2.58976
26770001 2.5787
26780001 2.52708
26790001 2.53188
26800001 2.55625
26810001 2.54713
26820001 2.56471
26830001 2.55171
26840001 2.49914
26850001 3.40897
26860001 2.98127
26870001 3.2476
26880001 2.81005
26890001 2.52168
26900001 2.82883
26910001 2.6084
26920001 5.55244
26930001 3.32638
26940001 2.76455
26950001 2.74897
26960001 2.74921
26970001 2.59706
26980001 2.59399
26990001 2.57144
27000001 2.56402
27010001 2.55722
27020001 2.56509
27030001 2.54522
27040001 2.55831
27050001 2.53865
27060001 2.5364
27070001 7.74162
27080001 5.32824
27090001 6.77798
27100001 3.94829
27110001 2.79152
27120001 2.97278
27130001 3.7165
27140001 2.83253
27150001 5.12477
27160001 2.87425
27170001 2.70371
27180001 2.7038
27190001 2.62433
27200001 2.59247
27210001 2.5708
27220001 2.52673
27230001 2.56281
27240001 2.56023
27250001 2.54883
27260001 2.55954
27270001 2.52091
27280001 2.49631
27290001 3.71702
27300001 2.97788
27310001 3.5782
27320001 2.8081
27330001 2.55089
27340001 2.8278
27350001 2.59027
27360001 5.55225
27370001 4.06903
27380001 2.76486
27390001 2.73233
27400001 2.74473
27410001 2.61755
27420001 2.60081
27430001 2.57336
27440001 2.57111
27450001 2.56343
27460001 2.56355
27470001 2.54626
27480001 2.55753
27490001 2.55504
27500001 2.52895
27510001 5.12164
27520001 5.32754
27530001 3.42378
27540001 4.99745
27550001 2.98722
27560001 2.68679
27570001 3.71354
27580001 3.09732
27590001 5.12252
27600001 3.33434
27610001 2.72121
27620001 2.70312
27630001 2.61152
27640001 2.59283
27650001 2.57275
27660001 2.55369
27670001 2.53709
27680001 2.53709
27690001 2.55025
27700001 2.55839
27710001 2.52199
27720001 2.52088
27730001 3.71564
27740001 3.24297
27750001 3.57998
27760001 2.94213
27770001 2.54988
27780001 2.52864
27790001 2.61636
27800001 2.51712
27810001 4.71736
27820001 2.90418
27830001 2.73165
27840001 2.7412
27850001 2.63556
27860001 2.58806
27870001 2.57501
27880001 2.56867
27890001 2.55447
27900001 2.54971
27910001 2.5412
27920001 2.55458
27930001 2.55379
27940001 2.53347
27950001 2.53935
27960001 6.215
27970001 4.28446
27980001 4.99625
27990001 3.41279
28000001 2.68406
28010001 4.51791
28020001 3.0954
28030001 6.44993
28040001 3.33234
28050001 2.75801
28060001 2.69758
28070001 2.69615
28080001 2.58381
28090001 2.56954
28100001 2.57556
28110001 2.53763
28120001 2.53695
28130001 2.56142
28140001 2.54198
28150001 2.56305
28160001 2.52136
28170001 2.50825
28180001 3.24203
28190001 2.75841
28200001 2.94372
28210001 2.6456
28220001 2.51853
28230001 2.62916
28240001 2.60295
28250001 4.71022
28260001 3.32064
28270001 2.74747
28280001 2.73895
28290001 2.74435
28300001 2.59315
28310001 2.57299
28320001 2.57146
28330001 2.54772
28340001 2.56222
28350001 2.57101
28360001 2.54733
28370001 2.55168
28380001 2.53447
28390001 2.53762
28400001 7.74026
28410001 4.2863
28420001 6.77625
28430001 3.41182
28440001 2.78735
28450001 4.51983
28460001 3.23915
28470001 6.4517
28480001 4.30754
28490001 2.75884
28500001 2.69861
28510001 2.70393
28520001 2.60863
28530001 2.58193
28540001 2.57209
28550001 2.52063
28560001 2.52542
28570001 2.54994
28580001 2.54049
28590001 2.5588
28600001 2.54499
28610001 2.4912
28620001 3.40399
28630001 2.97885
28640001 3.24215
28650001 2.80365
28660001 2.51471
28670001 2.82235
28680001 2.60129
28690001 5.54912
28700001 3.31993
28710001 2.7573
28720001 2.74155
28730001 2.74208
28740001 2.58968
28750001 2.58527
28760001 2.56427
28770001 2.55672
28780001 2.55024
28790001 2.55739
28800001 2.53804
28810001 2.55082
28820001 2.53107
28830001 2.52911
28840001 7.73943
28850001 5.32514
28860001 6.77601
28870001 3.94409
28880001 2.78676
28890001 2.96664
28900001 3.71207
28910001 2.82748
28920001 5.11779
28930001 2.86765
28940001 2.69667
28950001 2.69682
28960001 2.61723
28970001 2.58523
28980001 2.56363
28990001 2.51955
29000001 2.55665
29010001 2.55435
29020001 2.54299
29030001 2.55341
29040001 2.51442
29050001 2.48945
29060001 3.71289
29070001 2.97218
29080001 3.57266
29090001 2.80149
29100001 2.54428
29110001 2.82195
29120001 2.58375
29130001 5.54983
29140001 4.06368
29150001 2.75766
29160001 2.72526
29170001 2.73802
29180001 2.61043
29190001 2.59332
29200001 2.56655
29210001 2.55993
29220001 2.55713
29230001 2.55729
29240001 2.53856
29250001 2.55057
29260001 2.5479
29270001 2.52183
29280001 5.11783
29290001 5.32438
29300001 3.41903
29310001 4.99686
29320001 2.98166
29330001 2.68064
29340001 3.70924
29350001 3.09223
29360001 5.12
29370001 3.32853
29380001 2.71463
29390001 2.69651
29400001 2.60461
29410001 2.58563
29420001 2.56574
29430001 2.54603
29440001 2.53084
29450001 2.53092
29460001 2.54444
29470001 2.55257
29480001 2.51496
29490001 2.51467
29500001 3.71144
29510001 3.2382
29520001 3.57462
29530001 2.93621
29540001 2.54284
29550001 2.52202
29560001 2.57869
29570001 2.51045
29580001 4.08541
29590001 2.89799
29600001 2.72474
29610001 2.73424
29620001 2.62855
29630001 2.58222
29640001 2.56809
29650001 2.56229
29660001 2.54779
29670001 2.54303
29680001 2.53445
29690001 2.54804
29700001 2.54693
29710001 2.52644
29720001 2.533
29730001 6.2127
29740001 4.27899
29750001 4.99329
29760001 3.40803
29770001 2.67793
29780001 4.51485
29790001 3.09046
29800001 6.44844
29810001 3.32748
29820001 2.75173
29830001 2.6906
29840001 2.68985
29850001 2.57679
29860001 2.56283
29870001 2.56708
29880001 2.53085
29890001 2.53097
29900001 2.5395
29910001 2.53692
29920001 2.5577
29930001 2.51458
29940001 2.50137
29950001 3.23668
29960001 2.75288
29970001 2.93582
29980001 2.63921
29990001 2.51158
