1 31.3626
10001 3.29801
20001 2.17994
30001 1.51371
40001 1.30308
50001 1.13397
60001 1.02748
70001 0.947878
80001 0.885525
90001 0.834431
100001 0.793457
110001 0.758292
120001 0.729976
130001 1.22438
140001 0.686437
150001 0.772918
160001 0.656683
170001 0.645074
180001 0.634597
190001 0.626575
200001 0.618733
210001 0.611199
220001 0.604499
230001 0.598885
240001 0.595169
250001 0.59122
260001 0.703467
270001 0.588203
280001 0.585509
290001 0.583742
300001 0.583193
310001 0.581385
320001 0.579651
330001 0.577899
340001 0.57635
350001 0.576518
360001 0.576808
370001 1.15426
380001 0.577608
390001 0.576212
400001 0.577195
410001 0.578324
420001 0.577797
430001 0.578416
440001 0.576833
450001 0.575793
460001 0.577083
470001 0.578144
480001 0.579177
490001 0.580535
500001 0.579115
510001 0.580307
520001 0.592764
530001 0.582029
540001 0.582338
550001 0.58171
560001 0.581235
570001 0.581733
580001 0.588531
590001 0.58475
600001 0.583912
610001 0.584781
620001 0.585951
630001 0.598357
640001 0.58792
650001 0.588319
660001 0.588016
670001 0.587277
680001 0.588511
690001 0.669876
700001 0.597376
710001 0.58992
720001 0.590818
730001 0.59222
740001 0.630562
750001 0.595512
760001 0.594434
770001 0.593214
780001 0.593479
790001 0.59452
800001 0.665335
810001 0.603067
820001 0.595532
830001 0.596602
840001 0.597724
850001 0.627308
860001 0.601387
870001 0.606511
880001 0.599133
890001 0.599386
900001 0.599917
910001 1.16608
920001 0.61167
930001 0.601277
940001 0.602032
950001 0.603031
960001 0.690105
970001 0.606653
980001 0.611735
990001 0.604305
1000001 0.603667
1010001 0.605173
1020001 1.16865
1030001 0.681379
1040001 0.606219
1050001 0.606572
1060001 0.607999
1070001 0.870447
1080001 0.612213
1090001 0.627558
1100001 0.609382
1110001 0.608446
1120001 0.608871
1130001 0.618675
1140001 0.685594
1150001 0.611375
1160001 0.611177
1170001 0.612424
1180001 0.873699
1190001 0.616818
1200001 0.701374
1210001 0.613882
1220001 0.613213
1230001 0.612993
1240001 0.620094
1250001 0.997693
1260001 0.615446
1270001 0.615563
1280001 0.617294
1290001 0.619516
1300001 0.618571
1310001 0.704966
1320001 0.618159
1330001 0.617152
1340001 0.617043
1350001 0.624028
1360001 1.00016
1370001 0.61946
1380001 0.619536
1390001 0.621311
1400001 0.627131
1410001 0.622444
1420001 0.622517
1430001 0.622196
1440001 0.621046
1450001 0.621199
1460001 0.687424
1470001 0.621662
1480001 0.622815
1490001 0.623364
1500001 0.624496
1510001 0.630781
1520001 0.626091
1530001 0.626307
1540001 0.625992
1550001 0.624915
1560001 0.625008
1570001 0.734345
1580001 0.628305
1590001 0.629139
1600001 0.626925
1610001 0.627999
1620001 0.628899
1630001 0.629518
1640001 0.630411
1650001 0.629725
1660001 0.628583
1670001 0.628527
1680001 0.737517
1690001 0.631731
1700001 0.63221
1710001 0.630294
1720001 0.631222
1730001 0.632441
1740001 0.634357
1750001 0.633259
1760001 0.633145
1770001 0.631944
1780001 0.632077
1790001 1.18326
1800001 0.632338
1810001 0.672079
1820001 0.634206
1830001 0.634757
1840001 0.636507
1850001 0.637692
1860001 0.63654
1870001 0.636755
1880001 0.635247
1890001 0.635221
1900001 1.18496
1910001 0.635449
1920001 0.743891
1930001 0.6375
1940001 0.638314
1950001 0.638517
1960001 0.6398
1970001 0.639921
1980001 0.639212
1990001 0.638508
2000001 0.638078
2010001 0.638861
2020001 0.638685
2030001 0.746435
2040001 0.641656
2050001 0.641296
2060001 0.641446
2070001 0.642797
2080001 0.642573
2090001 0.642159
2100001 0.641543
2110001 0.641033
2120001 0.64198
2130001 0.642808
2140001 1.18884
2150001 0.644318
2160001 0.643369
2170001 0.644502
2180001 0.645684
2190001 0.645346
2200001 0.645951
2210001 0.644512
2220001 0.643574
2230001 0.644676
2240001 0.64555
2250001 0.646233
2260001 0.647447
2270001 0.64601
2280001 0.646922
2290001 0.657967
2300001 0.648121
2310001 0.648115
2320001 0.647345
2330001 0.646702
2340001 0.646942
2350001 0.652829
2360001 0.649142
2370001 0.648144
2380001 0.648641
2390001 0.649417
2400001 0.660405
2410001 0.650708
2420001 0.650781
2430001 0.650227
2440001 0.649282
2450001 0.650384
2460001 0.724351
2470001 0.657644
2480001 0.650616
2490001 0.651163
2500001 0.652173
2510001 0.686933
2520001 0.654641
2530001 0.653396
2540001 0.652015
2550001 0.652024
2560001 0.652708
2570001 0.717581
2580001 0.660016
2590001 0.652868
2600001 0.653585
2610001 0.654379
2620001 0.681365
2630001 0.657188
2640001 0.661654
2650001 0.654671
2660001 0.65468
2670001 0.654947
2680001 1.1952
2690001 0.665268
2700001 0.65552
2710001 0.655958
2720001 0.656592
2730001 0.73722
2740001 0.659529
2750001 0.663997
2760001 0.656982
2770001 0.656152
2780001 0.657244
2790001 1.19641
2800001 0.727696
2810001 0.657617
2820001 0.657773
2830001 0.658892
2840001 0.906595
2850001 0.662404
2860001 0.676415
2870001 0.65937
2880001 0.658309
2890001 0.658519
2900001 0.667429
2910001 0.729752
2920001 0.660272
2930001 0.659914
2940001 0.660856
2950001 0.908205
2960001 0.664628
2970001 0.743589
2980001 0.661514
2990001 0.660712
3000001 0.660343
3010001 0.666764
3020001 1.02724
3030001 0.662119
3040001 0.662042
3050001 0.663495
3060001 0.66538
3070001 0.664341
3080001 0.745319
3090001 0.663649
3100001 0.662522
3110001 0.662321
3120001 0.668666
3130001 1.02862
3140001 0.664028
3150001 0.663946
3160001 0.665455
3170001 0.670721
3180001 0.666237
3190001 0.666137
3200001 0.665645
3210001 0.664464
3220001 0.664449
3230001 0.726622
3240001 0.664599
3250001 0.665544
3260001 0.665892
3270001 0.666818
3280001 0.672565
3290001 0.667999
3300001 0.668105
3310001 0.667647
3320001 0.666484
3330001 0.666456
3340001 0.728342
3350001 0.669302
3360001 0.669972
3370001 0.667667
3380001 0.668576
3390001 0.669289
3400001 0.669749
3410001 0.670452
3420001 0.669678
3430001 0.668474
3440001 0.668373
3450001 0.771585
3460001 0.671071
3470001 0.671405
3480001 0.66944
3490001 0.670361
3500001 0.671188
3510001 0.671546
3520001 0.671762
3530001 0.671506
3540001 0.67028
3550001 0.670265
3560001 1.20402
3570001 0.670271
3580001 0.707773
3590001 0.671788
3600001 0.6722
3610001 0.673736
3620001 0.674738
3630001 0.673469
3640001 0.673622
3650001 0.672077
3660001 0.671956
3670001 1.20499
3680001 0.671938
3690001 0.775184
3700001 0.673656
3710001 0.674305
3720001 0.674401
3730001 0.675488
3740001 0.675502
3750001 0.674701
3760001 0.673967
3770001 0.67349
3780001 0.674083
3790001 0.673803
3800001 0.776628
3810001 0.675256
3820001 0.675967
3830001 0.675947
3840001 0.677162
3850001 0.677047
3860001 0.676373
3870001 0.67571
3880001 0.675109
3890001 0.675933
3900001 0.676595
3910001 1.20739
3920001 0.677836
3930001 0.676881
3940001 0.677814
3950001 0.678828
3960001 0.678424
3970001 0.678896
3980001 0.677412
3990001 0.676444
4000001 0.677404
4010001 0.678141
4020001 1.20822
4030001 0.679773
4040001 0.678305
4050001 0.679089
4060001 0.68949
4070001 0.680065
4080001 0.679953
4090001 0.67908
4100001 0.678417
4110001 0.678568
4120001 0.684092
4130001 0.680486
4140001 0.679435
4150001 0.679816
4160001 0.680487
4170001 0.690909
4180001 0.681555
4190001 0.681513
4200001 0.680904
4210001 0.679895
4220001 0.679996
4230001 0.751769
4240001 0.687672
4250001 0.680869
4260001 0.681285
4270001 0.682191
4280001 0.715428
4290001 0.684401
4300001 0.683132
4310001 0.681721
4320001 0.681619
4330001 0.682205
4340001 0.744486
4350001 0.689035
4360001 0.682131
4370001 0.682738
4380001 0.683442
4390001 0.709232
4400001 0.685989
4410001 0.690157
4420001 0.683406
4430001 0.683364
4440001 0.683544
4450001 1.21105
4460001 0.693285
4470001 0.683853
4480001 0.684209
4490001 0.684727
4500001 0.762327
4510001 0.687428
4520001 0.691624
4530001 0.684804
4540001 0.683956
4550001 0.684919
4560001 1.2118
4570001 0.752716
4580001 0.685087
4590001 0.685533
4600001 0.686159
4610001 0.926545
4620001 0.689413
4630001 0.702793
4640001 0.686344
4650001 0.685232
4660001 0.68539
4670001 0.693898
4680001 0.753997
4690001 0.686883
4700001 0.686461
4710001 0.687315
4720001 0.927586
4730001 0.690734
4740001 0.704276
4750001 0.687696
4760001 0.686851
4770001 0.686424
4780001 0.692474
4790001 1.04414
4800001 0.687952
4810001 0.687808
4820001 0.688605
4830001 0.690914
4840001 0.68984
4850001 0.768098
4860001 0.689174
4870001 0.687914
4880001 0.687666
4890001 0.69373
4900001 1.04507
4910001 0.689123
4920001 0.688984
4930001 0.690379
4940001 0.692223
4950001 0.691046
4960001 0.690887
4970001 0.690341
4980001 0.689154
4990001 0.689056
5000001 0.749149
5010001 0.689114
5020001 0.68995
5030001 0.690246
5040001 0.691066
5050001 0.696561
5060001 0.692132
5070001 0.692134
5080001 0.691648
5090001 0.690477
5100001 0.690371
5110001 0.750255
5120001 0.693068
5130001 0.69361
5140001 0.691385
5150001 0.692176
5160001 0.69283
5170001 0.693222
5180001 0.693824
5190001 0.69296
5200001 0.691793
5210001 0.691664
5220001 0.791816
5230001 0.694184
5240001 0.694465
5250001 0.692499
5260001 0.693328
5270001 0.694021
5280001 0.694388
5290001 0.694512
5300001 0.694212
5310001 0.693044
5320001 0.692992
5330001 1.21676
5340001 0.692887
5350001 0.72918
5360001 0.694252
5370001 0.694579
5380001 0.696042
5390001 0.696953
5400001 0.695668
5410001 0.695782
5420001 0.694252
5430001 0.69409
5440001 1.21743
5450001 0.694005
5460001 0.794345
5470001 0.695531
5480001 0.696118
5490001 0.696197
5500001 0.697206
5510001 0.697153
5520001 0.696336
5530001 0.695588
5540001 0.695111
5550001 0.695613
5560001 0.695301
5570001 0.795309
5580001 0.696611
5590001 0.697252
5600001 0.697187
5610001 0.698321
5620001 0.698257
5630001 0.697459
5640001 0.696796
5650001 0.696168
5660001 0.696714
5670001 0.697572
5680001 1.21923
5690001 0.698661
5700001 0.698299
5710001 0.698564
5720001 0.699488
5730001 0.699085
5740001 0.699486
5750001 0.697912
5760001 0.697067
5770001 0.697945
5780001 0.698583
5790001 1.21982
5800001 0.700119
5810001 0.698649
5820001 0.699375
5830001 0.70042
5840001 0.70023
5850001 0.700085
5860001 0.699232
5870001 0.698527
5880001 0.698658
5890001 0.703982
5900001 0.700445
5910001 0.699342
5920001 0.699711
5930001 0.700342
5940001 0.710414
5950001 0.701235
5960001 0.701177
5970001 0.700603
5980001 0.699567
5990001 0.699641
6000001 0.705861
6010001 0.707034
6020001 0.700394
6030001 0.700768
6040001 0.701615
6050001 0.733947
6060001 0.703708
6070001 0.702417
6080001 0.70101
6090001 0.700861
6100001 0.70142
6110001 0.76209
6120001 0.708011
6130001 0.701252
6140001 0.701809
6150001 0.702463
6160001 0.727538
6170001 0.704785
6180001 0.708868
6190001 0.702302
6200001 0.702254
6210001 0.702351
6220001 1.22176
6230001 0.711797
6240001 0.702572
6250001 0.702885
6260001 0.703374
6270001 0.779091
6280001 0.705964
6290001 0.709975
6300001 0.703277
6310001 0.703259
6320001 0.70338
6330001 1.22232
6340001 0.769553
6350001 0.703457
6360001 0.703824
6370001 0.70444
6380001 0.940138
6390001 0.707547
6400001 0.72056
6410001 0.704489
6420001 0.703383
6430001 0.70351
6440001 0.711776
6450001 0.770472
6460001 0.7049
6470001 0.704439
6480001 0.705256
6490001 0.940949
6500001 0.708538
6510001 0.721514
6520001 0.705505
6530001 0.704696
6540001 0.704223
6550001 0.71015
6560001 1.05588
6570001 0.705598
6580001 0.705475
6590001 0.706222
6600001 0.708438
6610001 0.707362
6620001 0.783851
6630001 0.70649
6640001 0.7054
6650001 0.70516
6660001 0.711039
6670001 1.05666
6680001 0.706506
6690001 0.706328
6700001 0.707662
6710001 0.709409
6720001 0.70822
6730001 0.708067
6740001 0.707514
6750001 0.706353
6760001 0.70622
6770001 0.764957
6780001 0.70624
6790001 0.707029
6800001 0.707295
6810001 0.708064
6820001 0.713408
6830001 0.709082
6840001 0.709017
6850001 0.708542
6860001 0.707346
6870001 0.707279
6880001 0.76583
6890001 0.709807
6900001 0.710367
6910001 0.708143
6920001 0.70891
6930001 0.709529
6940001 0.709877
6950001 0.710442
6960001 0.709535
6970001 0.708406
6980001 0.708254
6990001 0.80635
7000001 0.710723
7010001 0.710935
7020001 0.709007
7030001 0.709779
7040001 0.710429
7050001 0.710806
7060001 0.710959
7070001 0.710572
7080001 0.709402
7090001 0.709327
7100001 1.22612
7110001 0.709189
7120001 0.744672
7130001 0.710503
7140001 0.710773
7150001 0.712203
7160001 0.713066
7170001 0.711792
7180001 0.711887
7190001 0.710371
7200001 0.710157
7210001 1.22667
7220001 0.710118
7230001 0.745588
7240001 0.711531
7250001 0.712083
7260001 0.712123
7270001 0.713154
7280001 0.713027
7290001 0.712181
7300001 0.711469
7310001 0.711013
7320001 0.711448
7330001 0.711118
7340001 0.809151
7350001 0.71237
7360001 0.71298
7370001 0.712919
7380001 0.713964
7390001 0.713912
7400001 0.713101
7410001 0.712431
7420001 0.711799
7430001 0.712409
7440001 0.713129
7450001 1.2282
7460001 0.71418
7470001 0.713811
7480001 0.714033
7490001 0.714955
7500001 0.714525
7510001 0.714905
7520001 0.713339
7530001 0.712478
7540001 0.713342
7550001 0.713959
7560001 1.22873
7570001 0.715419
7580001 0.713976
7590001 0.714649
7600001 0.7157
7610001 0.71548
7620001 0.71527
7630001 0.714414
7640001 0.713397
7650001 0.713865
7660001 0.719055
7670001 0.715574
7680001 0.716212
7690001 0.714822
7700001 0.715441
7710001 0.725287
7720001 0.716276
7730001 0.7162
7740001 0.715627
7750001 0.714599
7760001 0.714641
7770001 0.720715
7780001 0.721846
7790001 0.71532
7800001 0.715704
7810001 0.716546
7820001 0.74817
7830001 0.718533
7840001 0.717245
7850001 0.715856
7860001 0.715704
7870001 0.716218
7880001 0.775749
7890001 0.722694
7900001 0.716023
7910001 0.716563
7920001 0.71718
7930001 0.741758
7940001 0.719343
7950001 0.718359
7960001 0.716809
7970001 0.716933
7980001 0.716958
7990001 1.23023
8000001 0.726216
8010001 0.717153
8020001 0.717423
8030001 0.717949
8040001 0.792248
8050001 0.72045
8060001 0.724342
8070001 0.717786
8080001 0.717706
8090001 0.717829
8100001 1.23069
8110001 0.727039
8120001 0.71791
8130001 0.718238
8140001 0.718832
8150001 0.950913
8160001 0.721856
8170001 0.734595
8180001 0.718827
8190001 0.717741
8200001 0.717851
8210001 0.725938
8220001 0.783561
8230001 0.719182
8240001 0.718702
8250001 0.719516
8260001 0.951657
8270001 0.722683
8280001 0.735373
8290001 0.719662
8300001 0.718893
8310001 0.7184
8320001 0.732564
8330001 1.0654
8340001 0.719752
8350001 0.719603
8360001 0.72033
8370001 0.722479
8380001 0.721417
8390001 0.796547
8400001 0.720524
8410001 0.719468
8420001 0.719229
8430001 0.724963
8440001 1.06607
8450001 0.720504
8460001 0.720307
8470001 0.721613
8480001 0.723315
8490001 0.722017
8500001 0.721952
8510001 0.72142
8520001 0.720272
8530001 0.720137
8540001 0.777807
8550001 0.720131
8560001 0.720866
8570001 0.721123
8580001 0.721891
8590001 0.727126
8600001 0.722884
8610001 0.722785
8620001 0.722318
8630001 0.721122
8640001 0.721073
8650001 0.778566
8660001 0.723582
8670001 0.72397
8680001 0.721867
8690001 0.722586
8700001 0.723189
8710001 0.723529
8720001 0.724079
8730001 0.723134
8740001 0.722062
8750001 0.721883
8760001 0.818367
8770001 0.724305
8780001 0.724521
8790001 0.72261
8800001 0.723354
8810001 0.723974
8820001 0.724384
8830001 0.724544
8840001 0.724086
8850001 0.72293
8860001 0.722858
8870001 1.23399
8880001 0.722722
8890001 0.757565
8900001 0.723976
8910001 0.724236
8920001 0.725629
8930001 0.726479
8940001 0.72522
8950001 0.725299
8960001 0.723808
8970001 0.723581
8980001 1.23448
8990001 0.723544
9000001 0.758347
9010001 0.724889
9020001 0.725446
9030001 0.725456
9040001 0.726443
9050001 0.726323
9060001 0.72564
9070001 0.724781
9080001 0.724351
9090001 0.724764
9100001 0.724414
9110001 0.820865
9120001 0.725653
9130001 0.726229
9140001 0.726154
9150001 0.727184
9160001 0.727118
9170001 0.726326
9180001 0.725644
9190001 0.725009
9200001 0.72561
9210001 0.726328
9220001 1.2359
9230001 0.727341
9240001 0.726956
9250001 0.727155
9260001 0.72808
9270001 0.72763
9280001 0.728011
9290001 0.726438
9300001 0.725616
9310001 0.726457
9320001 0.727067
9330001 1.23637
9340001 0.728474
9350001 0.727035
9360001 0.7277
9370001 0.728815
9380001 0.728523
9390001 0.728157
9400001 0.727422
9410001 0.726432
9420001 0.72687
9430001 0.731973
9440001 0.728553
9450001 0.729186
9460001 0.727795
9470001 0.728396
9480001 0.738055
9490001 0.729212
9500001 0.729123
9510001 0.728565
9520001 0.727541
9530001 0.727631
9540001 0.733509
9550001 0.734738
9560001 0.728217
9570001 0.728575
9580001 0.729408
9590001 0.760488
9600001 0.731372
9610001 0.730081
9620001 0.728676
9630001 0.728545
9640001 0.729065
9650001 0.787609
9660001 0.735411
9670001 0.728846
9680001 0.729376
9690001 0.729951
9700001 0.754118
9710001 0.732011
9720001 0.730961
9730001 0.729586
9740001 0.729696
9750001 0.729765
9760001 1.23773
9770001 0.738809
9780001 0.729693
9790001 0.730067
9800001 0.730657
9810001 0.803786
9820001 0.733103
9830001 0.73695
9840001 0.730477
9850001 0.730398
9860001 0.730482
9870001 1.23813
9880001 0.73951
9890001 0.730587
9900001 0.730898
9910001 0.73146
9920001 0.804322
9930001 0.734415
9940001 0.746948
9950001 0.731439
9960001 0.730384
9970001 0.730467
9980001 0.738419
9990001 0.795136
