1 2195.62
10001 622.912
20001 536.843
30001 510.146
40001 453.62
50001 427.741
60001 384.692
70001 363.444
80001 331.749
90001 313.33
100001 293.433
110001 276.296
120001 260.41
130001 245.306
140001 232.546
150001 221.02
160001 212.127
170001 203.811
180001 195.099
190001 190.349
200001 183.62
210001 175.261
220001 169.734
230001 160.358
240001 156.946
250001 147.938
260001 144.335
270001 137.198
280001 132.301
290001 127.52
300001 121.288
310001 118.741
320001 112.325
330001 110.38
340001 105.739
350001 102.411
360001 99.3388
370001 94.7536
380001 92.5747
390001 88.0639
400001 85.565
410001 82.4566
420001 79.26
430001 77.8549
440001 73.9415
450001 73.0203
460001 69.477
470001 68.1283
480001 65.1037
490001 63.4814
500001 61.316
510001 59.2382
520001 57.8076
530001 55.3726
540001 54.767
550001 52.3263
560001 51.7934
570001 49.5659
580001 48.8681
590001 48.515
600001 46.2261
610001 45.2576
620001 43.7321
630001 43.2281
640001 42.36
650001 41.5095
660001 39.9249
670001 38.9898
680001 38.2347
690001 37.0937
700001 36.4827
710001 37.8875
720001 34.62
730001 33.9186
740001 35.6677
750001 38.477
760001 31.2893
770001 30.7725
780001 29.7919
790001 29.1681
800001 28.557
810001 27.7371
820001 27.3084
830001 26.3402
840001 25.9624
850001 25.1645
860001 24.6288
870001 24.087
880001 23.4606
890001 23.0913
900001 22.3303
910001 22.0181
920001 21.3635
930001 20.9432
940001 20.3785
950001 19.9807
960001 19.5402
970001 19.0228
980001 18.6386
990001 18.2426
1000001 17.9098
1010001 17.391
1020001 17.2406
1030001 16.6629
1040001 32.9172
1050001 16.1183
1060001 15.9227
1070001 15.3814
1080001 15.1612
1090001 14.7867
1100001 14.517
1110001 14.1008
1120001 13.96
1130001 13.4143
1140001 13.7453
1150001 13.0308
1160001 12.9857
1170001 12.3309
1180001 12.2093
1190001 14.2817
1200001 11.7013
1210001 11.7084
1220001 11.2104
1230001 11.0354
1240001 10.7265
1250001 10.5615
1260001 10.3129
1270001 10.0793
1280001 9.91726
1290001 9.71515
1300001 9.49002
1310001 9.28806
1320001 9.16647
1330001 8.96946
1340001 8.7609
1350001 8.63162
1360001 8.54843
1370001 8.35739
1380001 8.16437
1390001 8.06133
1400001 7.92564
1410001 7.81316
1420001 7.60922
1430001 7.53883
1440001 7.43682
1450001 7.39782
1460001 7.2045
1470001 7.11763
1480001 9.7323
1490001 28.4052
1500001 6.90141
1510001 7.21047
1520001 9.53545
1530001 21.6481
1540001 6.5516
1550001 6.79426
1560001 6.29681
1570001 6.64039
1580001 6.22229
1590001 15.0316
1600001 5.98
1610001 6.21289
1620001 5.90231
1630001 21.5808
1640001 7.21486
1650001 5.9662
1660001 5.97487
1670001 5.67704
1680001 5.70208
1690001 5.54791
1700001 5.54233
1710001 5.53853
1720001 5.32745
1730001 5.25033
1740001 5.20042
1750001 5.12553
1760001 5.01044
1770001 4.97159
1780001 4.93614
1790001 5.15261
1800001 4.8802
1810001 4.80543
1820001 4.86142
1830001 4.76019
1840001 4.8118
1850001 4.63063
1860001 4.739
1870001 4.60738
1880001 4.69686
1890001 4.71538
1900001 4.72268
1910001 4.61721
1920001 12.0119
1930001 6.76045
1940001 5.91337
1950001 4.72076
1960001 4.98136
1970001 8.00017
1980001 7.69901
1990001 4.47936
2000001 5.01633
2010001 4.38265
2020001 5.13297
2030001 5.3733
2040001 5.22554
2050001 4.45297
2060001 4.74894
2070001 14.8112
2080001 4.67517
2090001 4.82679
2100001 4.62452
2110001 4.75464
2120001 4.42548
2130001 4.61783
2140001 4.54037
2150001 4.6186
2160001 4.46008
2170001 4.34998
2180001 4.23998
2190001 4.19918
2200001 4.22182
2210001 4.14805
2220001 4.36607
2230001 4.10991
2240001 4.29315
2250001 4.16809
2260001 4.03599
2270001 4.16329
2280001 4.11901
2290001 4.15446
2300001 4.03385
2310001 4.15723
2320001 4.15215
2330001 4.23411
2340001 4.01655
2350001 4.224
2360001 7.90446
2370001 27.9135
2380001 4.43749
2390001 5.08033
2400001 7.96635
2410001 21.1
2420001 4.355
2430001 4.6716
2440001 4.12303
2450001 4.71515
2460001 4.14713
2470001 5.63175
2480001 4.51808
2490001 4.49065
2500001 4.14327
2510001 4.42709
2520001 8.93499
2530001 4.53245
2540001 4.78761
2550001 4.38644
2560001 4.55307
2570001 4.33622
2580001 4.33806
2590001 4.3152
2600001 4.21006
2610001 4.27774
2620001 4.06508
2630001 4.05401
2640001 4.03256
2650001 4.02519
2660001 3.98122
2670001 4.01927
2680001 3.98456
2690001 4.17728
2700001 4.08408
2710001 3.97585
2720001 3.96144
2730001 3.95459
2740001 4.0127
2750001 3.94178
2760001 3.99694
2770001 3.97131
2780001 4.17063
2790001 4.07062
2800001 4.02079
2810001 6.45595
2820001 5.50727
2830001 4.246
2840001 4.78183
2850001 7.94025
2860001 7.42084
2870001 4.14366
2880001 4.68601
2890001 4.08329
2900001 4.72949
2910001 5.09695
2920001 14.3433
2930001 4.07443
2940001 4.3659
2950001 14.7231
2960001 21.2084
2970001 5.98519
2980001 4.29624
2990001 4.53297
3000001 4.19258
3010001 4.4011
3020001 4.21003
3030001 4.29901
3040001 4.2395
3050001 4.09893
3060001 4.02949
3070001 4.03591
3080001 4.02238
3090001 3.92479
3100001 3.9571
3110001 3.91066
3120001 4.23956
3130001 4.00264
3140001 3.95483
3150001 4.02662
3160001 3.89884
3170001 3.99518
3180001 3.83624
3190001 4.00102
3200001 3.97131
3210001 3.96787
3220001 4.07873
3230001 4.05454
3240001 3.98776
3250001 11.8024
3260001 6.40999
3270001 4.96093
3280001 4.2541
3290001 4.60085
3300001 7.68829
3310001 4.56869
3320001 4.00612
3330001 4.58452
3340001 3.91722
3350001 4.75062
3360001 4.35318
3370001 4.87237
3380001 4.0621
3390001 4.43791
3400001 8.78998
3410001 4.35705
3420001 4.54072
3430001 4.28081
3440001 4.4544
3450001 4.16103
3460001 4.27573
3470001 4.16945
3480001 4.27012
3490001 4.20439
3500001 4.0851
3510001 3.95404
3520001 3.94331
3530001 3.94936
3540001 3.90264
3550001 4.11755
3560001 3.88183
3570001 4.08537
3580001 3.95434
3590001 3.8159
3600001 3.89691
3610001 3.92228
3620001 3.91526
3630001 3.84299
3640001 3.95377
3650001 3.9325
3660001 4.04314
3670001 3.83806
3680001 3.9687
3690001 7.82581
3700001 27.8462
3710001 4.33609
3720001 4.71079
3730001 7.88444
3740001 21.0621
3750001 4.19571
3760001 4.56728
3770001 4.10102
3780001 4.6036
3790001 3.99716
3800001 5.50589
3810001 4.05348
3820001 4.359
3830001 4.01404
3840001 4.29585
3850001 6.00715
3860001 4.40954
3870001 4.67468
3880001 4.16004
3890001 4.30141
3900001 4.21747
3910001 4.26944
3920001 4.19771
3930001 4.06492
3940001 4.03279
3950001 3.89802
3960001 3.99117
3970001 3.87495
3980001 3.91749
3990001 3.85921
4000001 3.91322
4010001 3.88556
4020001 3.88573
4030001 3.95646
4040001 3.8337
4050001 3.89932
4060001 3.86018
4070001 3.91425
4080001 3.84198
4090001 3.86899
4100001 3.97966
4110001 4.03433
4120001 4.00128
4130001 11.781
4140001 6.34989
4150001 5.44301
4160001 4.19365
4170001 4.46324
4180001 7.66472
4190001 7.33633
4200001 4.04321
4210001 4.53436
4220001 3.89423
4230001 4.6366
4240001 5.02656
4250001 14.3202
4260001 4.04657
4270001 4.33572
4280001 14.7038
4290001 21.1965
4300001 4.51929
4310001 4.20967
4320001 4.46519
4330001 4.1111
4340001 4.3171
4350001 4.15072
4360001 4.23633
4370001 4.17105
4380001 4.01375
4390001 3.97277
4400001 3.98199
4410001 3.92552
4420001 3.85327
4430001 3.87834
4440001 3.83178
4450001 4.05154
4460001 3.89878
4470001 3.79677
4480001 3.92284
4490001 3.88595
4500001 3.90507
4510001 3.7707
4520001 3.93422
4530001 3.90999
4540001 3.90897
4550001 3.86542
4560001 3.98297
4570001 3.91707
4580001 27.8452
4590001 4.27659
4600001 4.89201
4610001 4.14165
4620001 4.60014
4630001 4.19925
4640001 4.4993
4650001 3.89281
4660001 4.50248
4670001 3.9274
4680001 5.50914
4690001 4.3336
4700001 4.81692
4710001 4.04277
4720001 4.24589
4730001 8.77519
4740001 4.25478
4750001 4.66716
4760001 4.2415
4770001 4.40053
4780001 4.19452
4790001 4.19224
4800001 4.10625
4810001 4.05301
4820001 4.13778
4830001 3.89864
4840001 3.89846
4850001 3.921
4860001 3.8878
4870001 3.83764
4880001 3.88631
4890001 3.81592
4900001 4.03974
4910001 3.94987
4920001 3.86039
4930001 3.84686
4940001 3.80434
4950001 3.87321
4960001 3.81033
4970001 3.86495
4980001 3.88027
4990001 3.97
5000001 3.97367
5010001 3.90505
5020001 7.80632
5030001 27.8144
5040001 4.22194
5050001 4.65987
5060001 7.86026
5070001 21.047
5080001 3.95942
5090001 4.52589
5100001 4.02555
5110001 4.56222
5120001 3.90736
5130001 14.3091
5140001 4.00789
5150001 4.3069
5160001 3.9327
5170001 21.2035
5180001 5.94351
5190001 4.36354
5200001 4.47487
5210001 4.10312
5220001 4.28703
5230001 4.08517
5240001 4.21662
5250001 4.16954
5260001 3.99177
5270001 3.9824
5280001 3.91267
5290001 3.90596
5300001 3.82191
5310001 3.87494
5320001 3.82565
5330001 4.14804
5340001 3.87279
5350001 3.86221
5360001 3.89879
5370001 3.7939
5380001 3.87644
5390001 3.75537
5400001 3.89178
5410001 3.78842
5420001 3.88494
5430001 4.02863
5440001 4.00018
5450001 3.87945
5460001 11.7703
5470001 6.31378
5480001 5.40885
5490001 4.18533
5500001 4.44078
5510001 7.64192
5520001 7.30406
5530001 3.93438
5540001 4.49802
5550001 3.85122
5560001 4.62443
5570001 5.01063
5580001 4.79686
5590001 4.0029
5600001 4.29438
5610001 14.6951
5620001 4.20898
5630001 4.4467
5640001 4.20373
5650001 4.20199
5660001 4.07438
5670001 4.24657
5680001 4.12283
5690001 4.22752
5700001 4.11824
5710001 4.00477
5720001 3.896
5730001 3.85039
5740001 3.89194
5750001 3.8214
5760001 4.04775
5770001 3.79477
5780001 4.01336
5790001 3.84791
5800001 3.7461
5810001 3.87856
5820001 3.86013
5830001 3.86796
5840001 3.76099
5850001 3.89592
5860001 3.90195
5870001 3.93525
5880001 3.76504
5890001 3.94555
5900001 7.77667
5910001 27.8497
5920001 4.27231
5930001 4.86713
5940001 7.81901
5950001 21.0878
5960001 4.195
5970001 4.46725
5980001 3.9483
5990001 4.51865
6000001 3.90707
6010001 5.45444
6020001 4.354
6030001 4.29383
6040001 3.95543
6050001 4.21471
6060001 8.80171
6070001 4.38576
6080001 4.62595
6090001 4.18369
6100001 4.38207
6110001 4.15771
6120001 4.17786
6130001 4.1531
6140001 4.01465
6150001 4.13047
6160001 3.88671
6170001 3.88443
6180001 3.84923
6190001 3.84615
6200001 3.79264
6210001 3.86008
6220001 3.82986
6230001 4.031
6240001 3.91074
6250001 3.83231
6260001 3.79934
6270001 3.80972
6280001 3.85153
6290001 3.80555
6300001 3.83837
6310001 3.84524
6320001 3.97554
6330001 3.94116
6340001 3.87014
6350001 6.33873
6360001 5.39053
6370001 4.15533
6380001 4.63224
6390001 7.86106
6400001 7.32407
6410001 3.94762
6420001 4.5366
6430001 3.94958
6440001 4.61739
6450001 4.98604
6460001 14.304
6470001 3.96383
6480001 4.23479
6490001 14.6926
6500001 21.1899
6510001 5.90415
6520001 4.16476
6530001 4.42434
6540001 4.08161
6550001 4.29782
6560001 4.09499
6570001 4.19289
6580001 4.10995
6590001 3.95175
6600001 3.90163
6610001 3.91279
6620001 3.88594
6630001 3.80458
6640001 3.82748
6650001 3.79255
6660001 4.13171
6670001 3.86926
6680001 3.8498
6690001 3.90262
6700001 3.7922
6710001 3.86017
6720001 3.72499
6730001 3.88851
6740001 3.89966
6750001 3.86001
6760001 4.02163
6770001 3.9223
6780001 3.87022
6790001 11.7591
6800001 6.33098
6810001 4.85097
6820001 4.19915
6830001 4.52826
6840001 7.64317
6850001 4.45146
6860001 3.88229
6870001 4.46582
6880001 3.83014
6890001 4.63792
6900001 4.26333
6910001 4.77604
6920001 3.98626
6930001 4.31027
6940001 8.71616
6950001 4.19332
6960001 4.46192
6970001 4.20169
6980001 4.35844
6990001 4.0848
7000001 4.1794
7010001 4.05842
7020001 4.16525
7030001 4.10856
7040001 3.98672
7050001 3.84986
7060001 3.8325
7070001 3.84925
7080001 3.80134
7090001 4.01692
7100001 3.77862
7110001 3.99307
7120001 3.84551
7130001 3.70457
7140001 3.80633
7150001 3.83541
7160001 3.8148
7170001 3.74932
7180001 3.85587
7190001 3.84197
7200001 3.90471
7210001 3.7503
7220001 3.86697
7230001 7.77361
7240001 27.8277
7250001 4.29918
7260001 4.61281
7270001 7.82151
7280001 21.0707
7290001 4.11101
7300001 4.48092
7310001 4.03177
7320001 4.52466
7330001 3.88881
7340001 5.45618
7350001 3.99967
7360001 4.26996
7370001 3.92824
7380001 4.19392
7390001 5.91564
7400001 4.37556
7410001 4.60547
7420001 4.07237
7430001 4.23823
7440001 4.1199
7450001 4.19549
7460001 4.11521
7470001 3.96009
7480001 3.95582
7490001 3.79211
7500001 3.91329
7510001 3.78732
7520001 3.83483
7530001 3.77186
7540001 3.83405
7550001 3.80481
7560001 3.81642
7570001 3.86715
7580001 3.7578
7590001 3.81054
7600001 3.76542
7610001 3.82828
7620001 3.79103
7630001 3.79817
7640001 3.92763
7650001 3.94302
7660001 3.92508
7670001 11.7559
7680001 6.29802
7690001 5.37913
7700001 4.14969
7710001 4.37183
7720001 7.63168
7730001 7.26738
7740001 3.93091
7750001 4.46505
7760001 3.84143
7770001 4.57313
7780001 4.97723
7790001 14.2967
7800001 3.99138
7810001 4.26079
7820001 14.6921
7830001 21.1924
7840001 4.43813
7850001 4.13747
7860001 4.39179
7870001 4.04733
7880001 4.26905
7890001 4.08518
7900001 4.16237
7910001 4.09515
7920001 3.92789
7930001 3.91022
7940001 3.87852
7950001 3.85116
7960001 3.78439
7970001 3.80522
7980001 3.75917
7990001 3.98846
8000001 3.8283
8010001 3.73267
8020001 3.85213
8030001 3.83367
8040001 3.83439
8050001 3.70842
8060001 3.86887
8070001 3.86662
8080001 3.84814
8090001 3.83236
8100001 3.9047
8110001 3.84894
8120001 27.8391
8130001 4.21412
8140001 4.82485
8150001 4.08949
8160001 4.57873
8170001 4.20585
8180001 4.43526
8190001 3.8391
8200001 4.43292
8210001 3.88522
8220001 5.46517
8230001 4.29194
8240001 4.76133
8250001 4.23773
8260001 4.17674
8270001 8.72684
8280001 4.22592
8290001 4.62491
8300001 4.18203
8310001 4.34118
8320001 4.13229
8330001 4.13759
8340001 4.03683
8350001 3.96919
8360001 4.09162
8370001 3.83134
8380001 3.83661
8390001 3.84782
8400001 3.82834
8410001 3.77254
8420001 3.82657
8430001 3.75534
8440001 3.99647
8450001 3.87528
8460001 3.80838
8470001 3.79538
8480001 3.75697
8490001 3.82375
8500001 3.75422
8510001 3.80952
8520001 3.82455
8530001 3.88229
8540001 3.92483
8550001 3.83412
8560001 7.7736
8570001 27.8205
8580001 4.18635
8590001 4.59906
8600001 7.81476
8610001 21.0378
8620001 3.90531
8630001 4.46676
8640001 3.96736
8650001 4.52043
8660001 3.92725
8670001 14.2991
8680001 3.96752
8690001 4.25538
8700001 3.86855
8710001 21.1912
8720001 5.88392
8730001 4.32345
8740001 4.40335
8750001 4.05044
8760001 4.26954
8770001 4.03073
8780001 4.17308
8790001 4.11516
8800001 3.92615
8810001 3.93148
8820001 3.86963
8830001 3.85167
8840001 3.76679
8850001 3.80683
8860001 3.76314
8870001 4.10568
8880001 3.83754
8890001 3.82349
8900001 3.81758
8910001 3.74813
8920001 3.80575
8930001 3.71142
8940001 3.8352
8950001 3.77188
8960001 3.84589
8970001 4.0344
8980001 3.93193
8990001 3.84144
9000001 11.7557
9010001 6.2803
9020001 5.37318
9030001 4.15719
9040001 4.40455
9050001 7.62011
9060001 7.26201
9070001 3.8456
9080001 4.43655
9090001 3.82618
9100001 4.59732
9110001 5.00116
9120001 4.77553
9130001 3.97028
9140001 4.24883
9150001 14.6911
9160001 4.13829
9170001 4.40764
9180001 4.16516
9190001 4.21998
9200001 4.04875
9210001 4.1957
9220001 4.04703
9230001 4.16729
9240001 4.06732
9250001 3.95567
9260001 3.84893
9270001 3.80388
9280001 3.84342
9290001 3.77275
9300001 3.99374
9310001 3.75659
9320001 3.96828
9330001 3.80055
9340001 3.70134
9350001 3.82185
9360001 3.83719
9370001 3.82206
9380001 3.71635
9390001 3.85255
9400001 3.86357
9410001 3.86744
9420001 3.73781
9430001 3.89687
9440001 7.74687
9450001 27.8504
9460001 4.25797
9470001 4.816
9480001 7.79458
9490001 21.0866
9500001 4.20474
9510001 4.43355
9520001 3.89902
9530001 4.48191
9540001 3.86558
9550001 5.436
9560001 4.3077
9570001 4.25029
9580001 3.92554
9590001 4.16706
9600001 8.75521
9610001 4.37639
9620001 4.60174
9630001 4.14633
9640001 4.34005
9650001 4.10741
9660001 4.142
9670001 4.11421
9680001 3.95545
9690001 4.10128
9700001 3.84734
9710001 3.8283
9720001 3.80426
9730001 3.79539
9740001 3.75031
9750001 3.8194
9760001 3.79977
9770001 4.00029
9780001 3.86581
9790001 3.79509
9800001 3.7622
9810001 3.77594
9820001 3.8197
9830001 3.7859
9840001 3.80003
9850001 3.82274
9860001 3.92572
9870001 3.91942
9880001 3.8346
9890001 6.35975
9900001 5.36659
9910001 4.11622
9920001 4.59046
9930001 7.80496
9940001 7.29213
9950001 3.91591
9960001 4.49151
9970001 3.91589
9980001 4.57263
9990001 4.95929
10000001 14.2958
10010001 3.93809
10020001 4.21907
10030001 14.6912
10040001 21.1859
10050001 5.85818
10060001 4.13791
10070001 4.39982
10080001 4.0494
10090001 4.30782
10100001 4.05582
10110001 4.17825
10120001 4.06982
10130001 3.90247
10140001 3.865
10150001 3.88871
10160001 3.85554
10170001 3.77484
10180001 3.79078
10190001 3.75601
10200001 4.09936
10210001 3.8264
10220001 3.82382
10230001 3.86091
10240001 3.77372
10250001 3.819
10260001 3.69703
10270001 3.85827
10280001 3.89007
10290001 3.83764
10300001 3.99576
10310001 3.88227
10320001 3.84039
10330001 11.7488
10340001 6.32932
10350001 4.81127
10360001 4.17908
10370001 4.50662
10380001 7.64477
10390001 4.4235
10400001 3.84455
10410001 4.42801
10420001 3.81134
10430001 8.18071
10440001 4.22657
10450001 4.75838
10460001 3.97128
10470001 4.27828
10480001 8.69273
10490001 4.14719
10500001 4.45007
10510001 4.19436
10520001 4.32248
10530001 4.06575
10540001 4.15669
10550001 4.02327
10560001 4.12771
10570001 4.07167
10580001 3.95927
10590001 3.81685
10600001 3.79858
10610001 3.81259
10620001 3.76904
10630001 3.98092
10640001 3.7469
10650001 3.96365
10660001 3.81419
10670001 3.78118
10680001 3.78544
10690001 3.81065
10700001 3.78752
10710001 3.72178
10720001 3.82251
10730001 3.81533
10740001 3.86108
10750001 3.73405
10760001 3.82882
10770001 7.75985
10780001 27.8279
10790001 4.26673
10800001 4.57912
10810001 7.80856
10820001 21.0744
10830001 4.09527
10840001 4.4507
10850001 3.99385
10860001 4.49482
10870001 3.87058
10880001 5.46785
10890001 3.97566
10900001 4.24897
10910001 3.91368
10920001 4.17811
10930001 5.88127
10940001 4.38634
10950001 4.59709
10960001 4.0611
10970001 4.22738
10980001 4.0801
10990001 4.19009
11000001 4.08772
11010001 3.92311
11020001 3.93507
11030001 3.75367
11040001 3.89333
11050001 3.76059
11060001 3.80178
11070001 3.74622
11080001 3.98154
11090001 3.78204
11100001 3.80422
11110001 3.84014
11120001 3.73385
11130001 3.78154
11140001 3.73569
11150001 3.80156
11160001 3.78765
11170001 3.78489
11180001 3.91703
11190001 3.91307
11200001 3.92147
11210001 11.7465
11220001 6.28317
11230001 5.36342
11240001 4.13536
11250001 4.34175
11260001 7.61821
11270001 7.24664
11280001 3.90464
11290001 4.44219
11300001 3.82666
11310001 4.55434
11320001 4.95905
11330001 14.2914
11340001 3.99096
11350001 4.23977
11360001 14.6925
11370001 21.1915
11380001 4.41652
11390001 4.12035
11400001 4.36245
11410001 4.04739
11420001 4.26116
11430001 4.05049
11440001 4.13995
11450001 4.0683
11460001 3.89907
11470001 3.88428
11480001 3.81042
11490001 3.828
11500001 3.758
11510001 3.77801
11520001 3.73381
11530001 3.95976
11540001 3.81039
11550001 3.71575
11560001 3.83191
11570001 3.82343
11580001 3.81215
11590001 3.68822
11600001 3.8482
11610001 3.8587
11620001 3.83376
11630001 3.81837
11640001 3.88161
11650001 3.82438
11660001 27.8411
11670001 4.19774
11680001 4.79845
11690001 4.08694
11700001 4.57661
11710001 4.2104
11720001 4.41871
11730001 3.83266
11740001 4.41107
11750001 3.87731
11760001 5.45231
11770001 4.27127
11780001 4.7477
11790001 3.91904
11800001 4.15092
11810001 8.71265
11820001 4.22038
11830001 4.62181
11840001 4.17188
11850001 4.31385
11860001 4.10436
11870001 4.12374
11880001 4.00663
11890001 3.93131
11900001 4.07776
11910001 3.80407
11920001 3.81368
11930001 3.8167
11940001 3.80327
11950001 3.74996
11960001 3.80382
11970001 3.72667
11980001 3.98892
11990001 3.85649
12000001 3.79216
12010001 3.78092
12020001 3.74373
12030001 3.80939
12040001 3.73749
12050001 3.78722
12060001 3.82048
12070001 3.85363
12080001 3.91432
12090001 3.80993
12100001 7.76298
12110001 27.8288
12120001 4.16213
12130001 4.57553
12140001 7.79616
12150001 21.0371
12160001 3.90339
12170001 4.44339
12180001 3.93439
12190001 4.50495
12200001 4.9855
12210001 14.3001
12220001 3.95481
12230001 4.24106
12240001 3.84275
12250001 21.191
12260001 5.85643
12270001 4.3217
12280001 4.41247
12290001 4.03763
12300001 4.29367
12310001 4.04262
12320001 4.16496
12330001 4.09522
12340001 3.89615
12350001 3.91538
12360001 3.86395
12370001 3.83746
12380001 3.75012
12390001 3.7863
12400001 3.73829
12410001 4.08944
12420001 3.81061
12430001 3.81344
12440001 3.78805
12450001 3.73606
12460001 3.77948
12470001 3.69954
12480001 3.8155
12490001 3.79465
12500001 3.84328
12510001 4.03565
12520001 3.90492
12530001 3.84354
12540001 11.7483
12550001 6.27411
12560001 5.3587
12570001 4.14874
12580001 4.39617
12590001 7.61478
12600001 7.25006
12610001 3.84057
12620001 4.4125
12630001 3.82423
12640001 4.5943
12650001 4.9738
12660001 4.7848
12670001 3.96127
12680001 4.24306
12690001 14.693
12700001 4.10942
12710001 4.39893
12720001 4.15642
12730001 4.23175
12740001 4.03705
12750001 4.17313
12760001 4.02006
12770001 4.1407
12780001 4.04794
12790001 3.93512
12800001 3.83071
12810001 3.78718
12820001 3.83738
12830001 3.76185
12840001 3.9709
12850001 3.7387
12860001 3.95028
12870001 3.78945
12880001 3.681
12890001 3.80967
12900001 3.82609
12910001 3.8012
12920001 3.69732
12930001 3.83702
12940001 3.84347
12950001 3.83985
12960001 3.72992
12970001 3.88103
12980001 7.74292
12990001 27.8566
13000001 4.25636
13010001 4.79671
13020001 7.79906
13030001 21.0908
13040001 4.20294
13050001 4.4303
13060001 3.87517
13070001 4.47482
13080001 3.85688
13090001 5.44489
13100001 4.28046
13110001 4.23774
13120001 3.90382
13130001 4.14816
13140001 8.73369
13150001 4.37838
13160001 4.6017
13170001 4.15194
13180001 4.26319
13190001 4.08259
13200001 4.13308
13210001 4.09816
13220001 3.92824
13230001 4.09401
13240001 3.8318
13250001 3.83926
13260001 3.77923
13270001 3.77968
13280001 3.73435
13290001 3.8043
13300001 3.78726
13310001 3.9911
13320001 3.84756
13330001 3.78031
13340001 3.74973
13350001 3.76568
13360001 3.81807
13370001 3.78
13380001 3.79338
13390001 3.83362
13400001 3.91267
13410001 3.92322
13420001 3.82739
13430001 6.30289
13440001 5.3601
13450001 4.10705
13460001 4.5752
13470001 7.78526
13480001 7.27579
13490001 3.91729
13500001 4.47196
13510001 3.90404
13520001 4.56546
13530001 4.95457
13540001 14.2942
13550001 3.92764
13560001 4.19391
13570001 14.6946
13580001 21.1893
13590001 5.83136
13600001 4.13287
13610001 4.38986
13620001 4.03313
13630001 4.31138
13640001 4.03762
13650001 4.17151
13660001 4.05368
13670001 3.88084
13680001 3.85212
13690001 3.89494
13700001 3.84219
13710001 3.75865
13720001 3.78648
13730001 3.74256
13740001 4.08655
13750001 3.81129
13760001 3.81952
13770001 3.84627
13780001 3.77255
13790001 3.80533
13800001 3.69148
13810001 3.83561
13820001 3.90058
13830001 3.83291
13840001 3.97746
13850001 3.87369
13860001 3.83116
13870001 11.7436
13880001 6.31742
13890001 4.79653
13900001 4.17227
13910001 4.51365
13920001 7.63607
13930001 4.41672
13940001 3.84708
13950001 4.41428
13960001 3.80807
13970001 5.44438
13980001 4.20825
13990001 4.76034
14000001 3.96421
14010001 4.28047
14020001 8.68343
14030001 4.13983
14040001 4.44651
14050001 4.19593
14060001 4.30325
14070001 4.05549
14080001 4.13493
14090001 4.00681
14100001 4.11325
14110001 4.04884
14120001 3.95706
14130001 3.80464
14140001 3.78988
14150001 3.79874
14160001 3.75559
14170001 3.96629
14180001 3.73531
14190001 3.98947
14200001 3.79836
14210001 3.78978
14220001 3.78171
14230001 3.80341
14240001 3.78572
14250001 3.71397
14260001 3.81282
14270001 3.80958
14280001 3.84381
14290001 3.7316
14300001 3.8135
14310001 7.75616
14320001 27.8313
14330001 4.26112
14340001 4.56593
14350001 7.80201
14360001 21.0786
14370001 4.10251
14380001 4.45175
14390001 3.9596
14400001 4.47157
14410001 3.87169
14420001 5.47183
14430001 3.95737
14440001 4.2415
14450001 3.90648
14460001 4.15428
14470001 5.85924
14480001 4.39431
14490001 4.59815
14500001 4.06387
14510001 4.22839
14520001 4.06448
14530001 4.18351
14540001 4.07843
14550001 3.90457
14560001 3.93625
14570001 3.73918
14580001 3.86485
14590001 3.74713
14600001 3.78684
14610001 3.738
14620001 4.09753
14630001 3.77698
14640001 3.79563
14650001 3.83066
14660001 3.72524
14670001 3.77001
14680001 3.72787
14690001 3.79321
14700001 3.79657
14710001 3.81501
14720001 3.91251
14730001 3.9008
14740001 3.9255
14750001 11.7423
14760001 6.27909
14770001 5.36151
14780001 4.14249
14790001 4.33001
14800001 7.61343
14810001 7.24173
14820001 3.90752
14830001 4.42624
14840001 3.81868
14850001 4.54733
14860001 4.95211
14870001 14.2923
14880001 3.96851
14890001 4.2354
14900001 14.6954
14910001 21.199
14920001 4.40325
14930001 4.12502
14940001 4.35149
14950001 4.03472
14960001 4.26157
14970001 4.03133
14980001 4.13283
14990001 4.05523
15000001 3.87562
15010001 3.86577
15020001 3.81851
15030001 3.82074
15040001 3.7507
15050001 3.76739
15060001 3.72468
15070001 3.94627
15080001 3.79161
15090001 3.71298
15100001 3.82326
15110001 3.82841
15120001 3.80475
15130001 3.68193
15140001 3.83994
15150001 3.85968
15160001 3.8268
15170001 3.8055
15180001 3.87518
15190001 3.8131
15200001 27.846
15210001 4.19174
15220001 4.78749
15230001 4.09442
15240001 21.1107
15250001 4.20271
15260001 4.42138
15270001 3.83675
15280001 4.39727
15290001 3.85107
15300001 5.44047
15310001 4.25653
15320001 4.74278
15330001 3.89762
15340001 4.14577
15350001 8.70219
15360001 4.20689
15370001 4.62196
15380001 4.1804
15390001 4.30342
15400001 4.1045
15410001 4.12387
15420001 3.99623
15430001 3.91187
15440001 4.07589
15450001 3.79807
15460001 3.80492
15470001 3.80058
15480001 3.79022
15490001 3.7433
15500001 3.79429
15510001 3.71492
15520001 3.9974
15530001 3.84563
15540001 3.77765
15550001 3.77969
15560001 3.74253
15570001 3.80378
15580001 3.74085
15590001 3.78615
15600001 3.82484
15610001 3.84215
15620001 3.91524
15630001 3.80175
15640001 7.76006
15650001 27.8564
15660001 4.15822
15670001 4.565
15680001 7.7893
15690001 21.0268
15700001 3.91328
15710001 4.43248
15720001 3.91511
15730001 4.4999
15740001 4.94704
15750001 14.3046
15760001 3.94734
15770001 4.23785
15780001 3.84202
15790001 21.1966
15800001 5.83707
15810001 4.32977
15820001 4.41601
15830001 4.03825
15840001 4.32794
15850001 4.04896
15860001 4.16471
15870001 4.08737
15880001 3.88339
15890001 3.91745
15900001 3.85921
15910001 3.83758
15920001 3.74272
15930001 3.78337
15940001 3.72667
15950001 4.08564
15960001 3.81524
15970001 3.80466
15980001 3.77773
15990001 3.73309
16000001 3.76938
16010001 3.69788
16020001 3.81233
16030001 3.82383
16040001 3.85349
16050001 4.018
16060001 3.89578
16070001 3.84431
16080001 11.7446
16090001 6.27555
16100001 5.3527
16110001 4.14932
16120001 4.38981
16130001 7.61492
16140001 7.24798
16150001 3.84166
16160001 4.40279
16170001 3.81963
16180001 4.58801
16190001 4.96198
16200001 4.8003
16210001 3.96223
16220001 4.24531
16230001 14.6961
16240001 4.09747
16250001 4.39851
16260001 4.1516
16270001 4.23685
16280001 4.03678
16290001 4.16233
16300001 4.00449
16310001 4.1248
16320001 4.04074
16330001 3.92642
16340001 3.82135
16350001 3.77942
16360001 3.80564
16370001 3.76564
16380001 3.95817
16390001 3.74155
16400001 3.94293
16410001 3.78774
16420001 3.67433
16430001 3.80211
16440001 3.82328
16450001 3.79545
16460001 3.69256
16470001 3.8307
16480001 3.8473
16490001 3.8292
16500001 3.73026
16510001 3.87659
16520001 7.74822
16530001 27.861
16540001 4.24536
16550001 4.79591
16560001 7.79332
16570001 21.0986
16580001 4.19147
16590001 4.43723
16600001 3.85638
16610001 4.47453
16620001 3.85812
16630001 5.45172
16640001 4.26282
16650001 4.2325
16660001 3.88705
16670001 4.14344
16680001 8.73019
16690001 4.37566
16700001 4.61501
16710001 4.16501
16720001 4.23775
16730001 4.06984
16740001 4.13432
16750001 4.09442
16760001 3.91378
16770001 4.023
16780001 3.81174
16790001 3.81663
16800001 3.77097
16810001 3.77206
16820001 3.72419
16830001 3.80044
16840001 3.78226
16850001 3.98939
16860001 3.84146
16870001 3.77529
16880001 3.74706
16890001 3.76251
16900001 3.8183
16910001 3.77913
16920001 3.80327
16930001 3.8412
16940001 3.90623
16950001 3.9262
16960001 3.8303
16970001 6.30594
16980001 5.36107
16990001 4.12412
17000001 4.56864
17010001 10.213
17020001 7.26879
17030001 3.92436
17040001 4.4633
17050001 3.89832
17060001 4.5658
17070001 4.95703
17080001 14.2966
17090001 3.92086
17100001 4.22161
17110001 14.6988
17120001 21.1935
17130001 5.8211
17140001 4.13646
17150001 4.39147
17160001 4.02445
17170001 4.31933
17180001 4.03265
17190001 4.17042
17200001 4.04598
17210001 3.87021
17220001 3.84806
17230001 3.89285
17240001 3.84991
17250001 3.75422
17260001 3.79393
17270001 3.73702
17280001 4.08059
17290001 3.80363
17300001 3.82191
17310001 3.84109
17320001 3.77221
17330001 3.79722
17340001 3.6946
17350001 3.82528
17360001 3.91726
17370001 3.83146
17380001 3.96944
17390001 3.87459
17400001 3.83002
17410001 11.7414
17420001 6.14883
17430001 4.78939
17440001 4.17146
17450001 4.51802
17460001 7.62859
17470001 4.41989
17480001 3.85945
17490001 4.40189
17500001 3.81213
17510001 5.42343
17520001 4.19645
17530001 4.76679
17540001 3.9606
17550001 4.2939
17560001 8.67679
17570001 4.13716
17580001 4.45467
17590001 4.18637
17600001 4.29021
17610001 4.0514
17620001 4.13231
17630001 3.99641
17640001 4.10368
17650001 4.04411
17660001 3.96347
17670001 3.79865
17680001 3.78323
17690001 3.78957
17700001 3.75144
17710001 3.95751
17720001 3.73177
17730001 4.03391
17740001 3.79416
17750001 3.77296
17760001 3.78381
17770001 3.80399
17780001 3.7861
17790001 3.71037
17800001 3.80855
17810001 3.8103
17820001 3.83749
17830001 3.73764
17840001 3.80826
17850001 7.75553
17860001 27.8378
17870001 4.26737
17880001 4.5592
17890001 7.80094
17900001 21.0824
17910001 4.1155
17920001 4.45371
17930001 3.9363
17940001 4.46171
17950001 3.87905
17960001 5.45812
17970001 3.9472
17980001 4.23941
17990001 3.89471
18000001 4.14885
18010001 5.84775
18020001 4.40097
18030001 4.60404
18040001 4.07831
18050001 4.23094
18060001 4.05811
18070001 4.17361
18080001 4.07607
18090001 3.89644
18100001 3.94297
18110001 3.7326
18120001 3.84967
18130001 3.73749
18140001 3.78108
18150001 3.73707
18160001 4.08365
18170001 3.77922
18180001 3.79328
18190001 3.82189
18200001 3.72341
18210001 3.76674
18220001 3.72775
18230001 3.78934
18240001 3.8083
18250001 3.89229
18260001 3.90972
18270001 3.89782
18280001 3.93261
18290001 11.742
18300001 6.27966
18310001 5.36394
18320001 4.13684
18330001 4.32403
18340001 7.61258
18350001 7.2441
18360001 3.91669
18370001 4.41103
18380001 3.816
18390001 4.54237
18400001 4.9524
18410001 14.2938
18420001 3.97019
18430001 4.23664
18440001 14.6985
18450001 21.1971
18460001 4.40489
18470001 4.13469
18480001 4.34789
18490001 4.02257
18500001 4.26173
18510001 4.02366
18520001 4.11907
18530001 4.04748
18540001 3.848
18550001 3.85974
18560001 3.81859
18570001 3.81858
18580001 3.74953
18590001 3.76491
18600001 3.72134
18610001 3.94304
18620001 3.78242
18630001 3.71353
18640001 3.81556
18650001 3.83492
18660001 3.80445
18670001 3.73042
18680001 3.83823
18690001 3.86416
18700001 3.83461
18710001 3.79622
18720001 3.87503
18730001 3.80925
18740001 27.8506
18750001 4.19104
18760001 4.78249
18770001 4.10628
18780001 21.097
18790001 4.19285
18800001 4.42799
18810001 3.8406
18820001 4.3899
18830001 3.8653
18840001 5.4325
18850001 4.24682
18860001 4.74667
18870001 3.89174
18880001 4.1471
18890001 8.69297
18900001 4.19976
18910001 4.63734
18920001 4.18586
18930001 4.30324
18940001 4.09808
18950001 4.13032
18960001 3.99181
18970001 3.90216
18980001 4.07549
18990001 3.79991
19000001 3.80141
19010001 3.79527
19020001 3.78312
19030001 3.74501
19040001 3.79111
19050001 3.71309
19060001 4.01407
19070001 3.83895
19080001 3.7711
19090001 3.78122
19100001 3.74624
19110001 3.80515
19120001 3.72383
19130001 3.78743
19140001 3.82538
19150001 3.8386
19160001 3.91924
19170001 3.79994
19180001 7.76022
19190001 6.51999
19200001 4.15596
19210001 4.55953
19220001 7.78739
19230001 21.0425
19240001 3.93539
19250001 4.42866
19260001 3.90503
19270001 4.4967
19280001 4.94582
19290001 14.3087
19300001 3.94269
19310001 4.23671
19320001 3.83442
19330001 21.2033
19340001 5.82661
19350001 4.33785
19360001 4.41799
19370001 4.04358
19380001 4.35006
19390001 4.04851
19400001 4.1666
19410001 4.08427
19420001 3.87737
19430001 3.91888
19440001 3.86695
19450001 3.83078
19460001 3.74189
19470001 3.77792
19480001 3.71942
19490001 4.08264
19500001 3.81058
19510001 3.80402
19520001 3.77702
19530001 3.73643
19540001 3.76339
19550001 3.70458
19560001 3.81385
19570001 3.84357
19580001 3.86271
19590001 3.98133
19600001 3.88654
19610001 3.84293
19620001 11.7451
19630001 6.28059
19640001 5.35122
19650001 4.15681
19660001 4.38274
19670001 7.61697
19680001 7.24736
19690001 3.8526
19700001 4.39932
19710001 3.8205
19720001 4.57741
19730001 4.96169
19740001 4.81574
19750001 3.96703
19760001 4.24747
19770001 14.6995
19780001 4.09235
19790001 4.39311
19800001 4.15192
19810001 4.2543
19820001 4.04619
19830001 4.15614
19840001 3.99778
19850001 4.11688
19860001 4.03766
19870001 3.9242
19880001 3.81743
19890001 3.78157
19900001 3.78876
19910001 3.77493
19920001 3.95209
19930001 3.7394
19940001 3.93988
19950001 3.78392
19960001 3.66943
19970001 3.80875
19980001 3.82354
19990001 3.79545
20000001 3.69847
20010001 3.8282
20020001 3.83131
20030001 3.82518
20040001 3.73778
20050001 3.88309
20060001 7.74563
20070001 27.8651
20080001 4.24212
20090001 4.79344
20100001 7.79565
20110001 21.1057
20120001 4.17755
20130001 4.4447
20140001 3.85436
20150001 4.46561
20160001 3.86138
20170001 5.45172
20180001 4.24092
20190001 4.23422
20200001 3.87881
20210001 4.1452
20220001 8.71454
20230001 4.37861
20240001 4.62539
20250001 4.16946
20260001 4.25371
20270001 4.0639
20280001 4.14119
20290001 4.09347
20300001 3.90389
20310001 4.05838
20320001 3.80395
20330001 3.81413
20340001 3.77064
20350001 3.76738
20360001 3.72548
20370001 3.79971
20380001 3.78101
20390001 3.9917
20400001 3.83756
20410001 3.77434
20420001 3.74656
20430001 3.76441
20440001 3.80609
20450001 3.77756
20460001 3.80865
20470001 3.83153
20480001 3.90267
20490001 3.92899
20500001 3.82344
20510001 6.30706
20520001 5.36594
20530001 4.13782
20540001 4.56757
20550001 7.62727
20560001 7.26588
20570001 3.93084
20580001 4.45512
20590001 3.90673
20600001 4.56401
20610001 4.96112
20620001 14.2996
20630001 3.92179
20640001 4.21369
20650001 14.701
20660001 21.1991
20670001 5.81579
20680001 4.14379
20690001 4.39312
20700001 4.01715
20710001 4.33148
20720001 4.02968
20730001 4.17227
20740001 4.04326
20750001 3.86512
20760001 3.8472
20770001 3.87972
20780001 3.85971
20790001 3.75193
20800001 3.80223
20810001 3.73385
20820001 4.07674
20830001 3.80115
20840001 3.82768
20850001 3.82389
20860001 3.7777
20870001 3.7969
20880001 3.69902
20890001 3.83845
20900001 3.9384
20910001 3.83068
20920001 3.94764
20930001 3.87646
20940001 3.83065
20950001 11.7401
20960001 4.80958
20970001 4.78595
20980001 4.17303
20990001 4.51688
21000001 7.62721
21010001 4.42
21020001 3.87218
21030001 4.39373
21040001 3.8135
21050001 5.3931
21060001 4.19093
21070001 4.77217
21080001 3.96188
21090001 4.29211
21100001 8.67185
21110001 4.13704
21120001 4.4668
21130001 4.18132
21140001 4.28834
21150001 4.05023
21160001 4.13366
21170001 3.99428
21180001 4.09519
21190001 4.04873
21200001 3.96645
21210001 3.79592
21220001 3.78495
21230001 3.78383
21240001 3.75077
21250001 3.95267
21260001 3.73456
21270001 3.97064
21280001 3.79405
21290001 3.77121
21300001 3.78724
21310001 3.81365
21320001 3.7859
21330001 3.70841
21340001 3.79117
21350001 3.81339
21360001 3.83491
21370001 3.74177
21380001 3.80709
21390001 7.75775
21400001 27.8449
21410001 4.28312
21420001 4.55754
21430001 7.80247
21440001 21.0822
21450001 4.1342
21460001 4.45811
21470001 3.92475
21480001 4.45821
21490001 3.88752
21500001 5.47478
21510001 3.9449
21520001 4.24005
21530001 3.88695
21540001 4.12459
21550001 5.84085
21560001 4.4096
21570001 4.60605
21580001 4.09121
21590001 4.23883
21600001 4.05535
21610001 4.17032
21620001 4.07575
21630001 3.89462
21640001 3.95023
21650001 3.73141
21660001 3.84291
21670001 3.74723
21680001 3.78091
21690001 3.74254
21700001 4.07795
21710001 3.78696
21720001 3.80128
21730001 3.81803
21740001 3.72497
21750001 3.76442
21760001 3.73075
21770001 3.78667
21780001 3.82273
21790001 3.88366
21800001 3.90557
21810001 3.89734
21820001 3.93113
21830001 11.7402
21840001 6.28158
21850001 5.36806
21860001 4.12807
21870001 4.31954
21880001 7.61366
21890001 7.24913
21900001 3.9241
21910001 4.38875
21920001 3.81755
21930001 4.54369
21940001 4.9547
21950001 14.2973
21960001 3.97564
21970001 4.24139
21980001 14.7014
21990001 21.1952
22000001 4.40144
22010001 4.14107
22020001 4.34656
22030001 4.02619
22040001 4.26165
22050001 4.02387
22060001 4.11621
22070001 4.04518
22080001 3.92018
22090001 3.85276
22100001 3.8317
22110001 3.82089
22120001 3.74439
22130001 3.76076
22140001 3.72124
22150001 3.95022
22160001 3.78202
22170001 3.71984
22180001 3.81142
22190001 3.83691
22200001 3.8071
22210001 3.68879
22220001 3.84294
22230001 3.87082
22240001 3.78562
22250001 3.79256
22260001 3.87747
22270001 3.81512
22280001 27.8543
22290001 4.19595
22300001 4.7811
22310001 4.11866
22320001 21.0995
22330001 4.18456
22340001 4.42946
22350001 3.84906
22360001 4.37531
22370001 3.86615
22380001 5.42316
22390001 4.2389
22400001 4.74952
22410001 3.88555
22420001 4.15013
22430001 8.69012
22440001 4.19036
22450001 4.62441
22460001 4.186
22470001 4.3071
22480001 4.09169
22490001 4.13943
22500001 3.99023
22510001 3.8969
22520001 4.08245
22530001 3.79421
22540001 3.79946
22550001 3.79415
22560001 3.78042
22570001 3.74564
22580001 3.78948
22590001 3.71499
22600001 4.02482
22610001 3.83406
22620001 3.76653
22630001 3.78481
22640001 3.75086
22650001 3.81272
22660001 3.70656
22670001 3.78235
22680001 3.82611
22690001 3.84077
22700001 3.92317
22710001 3.80078
22720001 7.76149
22730001 5.49776
22740001 4.15204
22750001 4.55617
22760001 7.78727
22770001 21.0621
22780001 3.94339
22790001 4.42749
22800001 3.90097
22810001 4.4906
22820001 4.95537
22830001 14.3117
22840001 3.94329
22850001 4.23432
22860001 3.82757
22870001 21.2094
22880001 5.8212
22890001 4.34686
22900001 4.42156
22910001 4.04846
22920001 4.36056
22930001 4.0501
22940001 4.15997
22950001 4.0827
22960001 3.87531
22970001 3.91762
22980001 3.87855
22990001 3.8256
23000001 3.74422
23010001 3.76815
23020001 3.72001
23030001 4.07902
23040001 3.8125
23050001 3.81444
23060001 3.77711
23070001 3.73659
23080001 3.76515
23090001 3.72257
23100001 3.81413
23110001 3.91177
23120001 3.86835
23130001 3.95289
23140001 3.88606
23150001 3.84621
23160001 11.746
23170001 6.28567
23180001 5.34801
23190001 4.16849
23200001 4.38084
23210001 7.61962
23220001 7.24605
23230001 3.85591
23240001 4.397
23250001 3.82246
23260001 4.56459
23270001 4.96566
23280001 4.82612
23290001 3.97211
23300001 4.24917
23310001 14.7025
23320001 4.09177
23330001 4.39165
23340001 4.15434
23350001 4.28083
23360001 4.04732
23370001 4.15277
23380001 3.99575
23390001 4.11465
23400001 4.03699
23410001 3.9242
23420001 3.81759
23430001 3.78372
23440001 3.78322
23450001 3.78482
23460001 3.94917
23470001 3.73992
23480001 3.93974
23490001 3.783
23500001 3.66863
23510001 3.81648
23520001 3.82566
23530001 3.79851
23540001 3.70151
23550001 3.82769
23560001 3.84289
23570001 3.82106
23580001 3.74189
23590001 3.88255
23600001 7.74579
23610001 27.8686
23620001 4.23928
23630001 4.7931
23640001 7.79815
23650001 21.1103
23660001 4.17074
23670001 4.453
23680001 3.83066
23690001 4.46034
23700001 3.86627
23710001 5.45229
23720001 4.23235
23730001 4.23582
23740001 3.87485
23750001 4.14811
23760001 8.71075
23770001 4.38253
23780001 4.63061
23790001 4.17872
23800001 4.25354
23810001 4.06224
23820001 4.1485
23830001 4.09095
23840001 3.89891
23850001 4.01413
23860001 3.79869
23870001 3.81411
23880001 3.76602
23890001 3.76661
23900001 3.7292
23910001 3.79526
23920001 3.7819
23930001 3.9989
23940001 3.83073
23950001 3.77876
23960001 3.7475
23970001 3.76445
23980001 3.80803
23990001 3.77774
24000001 3.80795
24010001 3.85264
24020001 3.90471
24030001 3.93289
24040001 3.82084
24050001 6.30893
24060001 5.37075
24070001 4.14708
24080001 4.56567
24090001 7.62848
24100001 7.26149
24110001 3.93683
24120001 4.44676
24130001 3.89885
24140001 4.56816
24150001 4.96452
24160001 14.3027
24170001 3.9305
24180001 4.21292
24190001 14.7037
24200001 21.2059
24210001 5.81307
24220001 4.14819
24230001 4.39376
24240001 4.00839
24250001 4.34006
24260001 4.02611
24270001 4.17563
24280001 4.0425
24290001 3.86319
24300001 3.84587
24310001 3.8784
24320001 3.85365
24330001 3.75237
24340001 3.79311
24350001 3.73409
24360001 4.07546
24370001 3.80147
24380001 3.83638
24390001 3.8114
24400001 3.78168
24410001 3.79765
24420001 3.70222
24430001 3.83493
24440001 3.95701
24450001 3.83315
24460001 3.93829
24470001 3.87921
24480001 3.83258
24490001 11.7405
24500001 4.18072
24510001 4.78276
24520001 4.17947
24530001 4.51481
24540001 7.62512
24550001 4.42137
24560001 3.88263
24570001 4.39037
24580001 3.80591
24590001 5.34279
24600001 4.18851
24610001 4.77379
24620001 3.9657
24630001 4.20838
24640001 8.66825
24650001 4.14756
24660001 4.4679
24670001 4.17936
24680001 4.29029
24690001 4.0507
24700001 4.13865
24710001 3.9961
24720001 4.09153
24730001 4.05839
24740001 3.95692
24750001 3.79532
24760001 3.78988
24770001 3.78612
24780001 3.75895
24790001 3.95126
24800001 3.73077
24810001 3.98164
24820001 3.79599
24830001 3.77146
24840001 3.79148
24850001 3.83056
24860001 3.78434
24870001 3.7092
24880001 3.79626
24890001 3.81721
24900001 3.83445
24910001 3.75044
24920001 3.80899
24930001 7.7632
24940001 27.8488
24950001 4.27821
24960001 4.5584
24970001 7.80194
24980001 21.0794
24990001 4.13162
25000001 4.46344
25010001 3.92279
25020001 4.45611
25030001 3.89179
25040001 5.4797
25050001 3.94854
25060001 4.24232
25070001 3.88107
25080001 4.12898
25090001 5.83006
25100001 4.40932
25110001 4.60775
25120001 4.10103
25130001 4.25015
25140001 4.05546
25150001 4.17244
25160001 4.07697
25170001 3.89409
25180001 3.96696
25190001 3.72947
25200001 3.84333
25210001 3.7356
25220001 3.78027
25230001 3.74072
25240001 4.0727
25250001 3.79254
25260001 3.80852
25270001 3.81986
25280001 3.73049
25290001 3.76512
25300001 3.73252
25310001 3.77952
25320001 3.83789
25330001 3.89916
25340001 3.90468
25350001 3.89833
25360001 3.9353
25370001 11.7401
25380001 6.28231
25390001 5.37435
25400001 4.1307
25410001 4.318
25420001 7.61573
25430001 7.25222
25440001 3.93124
25450001 4.38989
25460001 3.81742
25470001 4.54391
25480001 4.95828
25490001 14.3058
25500001 3.98516
25510001 4.24523
25520001 14.7042
25530001 21.1992
25540001 4.40132
25550001 4.14496
25560001 4.34906
25570001 4.01225
25580001 4.26094
25590001 4.01998
25600001 4.12154
25610001 4.04707
25620001 3.92413
25630001 3.84163
25640001 3.82168
25650001 3.82413
25660001 3.7437
25670001 3.76383
25680001 3.72196
25690001 3.9604
25700001 3.77842
25710001 3.7231
25720001 3.81088
25730001 3.84023
25740001 3.81332
25750001 3.7159
25760001 3.85362
25770001 3.87974
25780001 3.83667
25790001 3.79112
25800001 3.88091
25810001 3.81721
25820001 27.8593
25830001 4.20127
25840001 4.78176
25850001 4.13105
25860001 21.1025
25870001 4.17842
25880001 4.43687
25890001 3.85868
25900001 4.37662
25910001 3.8719
25920001 5.40929
25930001 4.2337
25940001 4.74508
25950001 3.88141
25960001 4.15409
25970001 8.68858
25980001 4.17992
25990001 4.62544
26000001 4.1882
26010001 4.3136
26020001 4.0871
26030001 4.14552
26040001 3.99061
26050001 3.89297
26060001 4.09352
26070001 3.79032
26080001 3.79877
26090001 3.79119
26100001 3.7785
26110001 3.74547
26120001 3.78946
26130001 3.71965
26140001 4.01918
26150001 3.82945
26160001 3.76601
26170001 3.79006
26180001 3.7557
26190001 3.82249
26200001 3.74119
26210001 3.77863
26220001 3.82959
26230001 3.84503
26240001 3.92736
26250001 3.80405
26260001 7.76313
26270001 5.3915
26280001 4.15661
26290001 4.55416
26300001 7.7881
26310001 21.0806
26320001 3.94355
26330001 4.42608
26340001 3.8991
26350001 4.49024
26360001 4.9527
26370001 14.3137
26380001 3.94428
26390001 4.23562
26400001 21.7229
26410001 21.2159
26420001 5.81627
26430001 4.35578
26440001 4.41721
26450001 4.0446
26460001 4.37363
26470001 4.05377
26480001 4.15811
26490001 4.08182
26500001 3.87574
26510001 3.92497
26520001 3.8804
26530001 3.83519
26540001 3.74867
26550001 3.77315
26560001 3.72122
26570001 4.07921
26580001 3.81635
26590001 3.82641
26600001 3.77732
26610001 3.73178
26620001 3.7768
26630001 3.74019
26640001 3.8163
26650001 3.92268
26660001 3.87284
26670001 3.94216
26680001 3.88834
26690001 3.84981
26700001 11.7459
26710001 6.28979
26720001 5.35528
26730001 4.17502
26740001 4.38349
26750001 7.62268
26760001 7.24839
26770001 3.86057
26780001 4.39381
26790001 3.82487
26800001 4.55596
26810001 4.97376
26820001 4.82929
26830001 3.98027
26840001 4.24931
26850001 14.7048
26860001 4.09237
26870001 4.39559
26880001 4.15989
26890001 4.32174
26900001 4.0398
26910001 4.15177
26920001 3.99782
26930001 4.10919
26940001 4.04083
26950001 3.92595
26960001 3.81757
26970001 3.78385
26980001 3.79516
26990001 3.7854
27000001 3.94834
27010001 3.74115
27020001 3.94107
27030001 3.78024
27040001 3.67071
27050001 3.81629
27060001 3.82006
27070001 3.80811
27080001 3.70499
27090001 3.8306
27100001 3.85808
27110001 3.82006
27120001 3.74157
27130001 3.88833
27140001 7.75025
27150001 27.8714
27160001 4.23575
27170001 4.75942
27180001 7.79998
27190001 21.1126
27200001 4.16601
27210001 4.45239
27220001 3.92192
27230001 4.45482
27240001 3.87201
27250001 5.44798
27260001 4.22727
27270001 4.23841
27280001 3.87348
27290001 4.15386
27300001 8.70604
27310001 4.37525
27320001 4.63887
27330001 4.1893
27340001 4.26856
27350001 4.05986
27360001 4.15807
27370001 4.09249
27380001 3.89565
27390001 4.00732
27400001 3.79724
27410001 3.82311
27420001 3.76645
27430001 3.76467
27440001 3.73631
27450001 3.79262
27460001 3.78111
27470001 4.00414
27480001 3.8273
27490001 3.78402
27500001 3.74926
27510001 3.7565
27520001 3.80033
27530001 3.78105
27540001 3.8035
27550001 3.93421
27560001 3.9057
27570001 3.93891
27580001 3.82048
27590001 6.30204
27600001 5.37591
27610001 4.16374
27620001 4.56413
27630001 7.62332
27640001 7.2577
27650001 3.94209
27660001 4.44467
27670001 3.90343
27680001 4.56432
27690001 4.96997
27700001 14.3056
27710001 3.93755
27720001 4.21522
27730001 14.7067
27740001 21.2112
27750001 5.80583
27760001 4.15743
27770001 4.39945
27780001 4.00314
27790001 4.35159
27800001 4.02775
27810001 4.17826
27820001 4.0437
27830001 3.86337
27840001 3.84698
27850001 3.88587
27860001 3.84041
27870001 3.75663
27880001 3.78271
27890001 3.73521
27900001 4.07716
27910001 3.80312
27920001 3.84462
27930001 3.80788
27940001 3.78794
27950001 3.79267
27960001 3.70665
27970001 3.82921
27980001 3.97225
27990001 3.83729
28000001 3.93274
28010001 3.88426
28020001 3.83466
28030001 11.7433
28040001 4.1784
28050001 4.77994
28060001 4.17947
28070001 4.51278
28080001 7.64716
28090001 4.42652
28100001 3.89018
28110001 4.38976
28120001 3.80564
28130001 5.36067
28140001 4.1893
28150001 4.77895
28160001 3.97152
28170001 4.2054
28180001 8.66592
28190001 4.15747
28200001 4.47509
28210001 4.17991
28220001 4.28877
28230001 4.05123
28240001 4.14608
28250001 3.99437
28260001 4.08994
28270001 4.05239
28280001 3.95333
28290001 3.79678
28300001 3.79322
28310001 3.7906
28320001 3.76358
28330001 3.95184
28340001 3.72853
28350001 3.9844
28360001 3.79872
28370001 3.7732
28380001 3.7966
28390001 3.83994
28400001 3.78288
28410001 3.71103
28420001 3.80341
28430001 3.82339
28440001 3.83525
28450001 3.75452
28460001 3.81161
28470001 7.76702
28480001 27.8523
28490001 4.27084
28500001 4.56053
28510001 7.80211
28520001 21.0767
28530001 4.12156
28540001 4.46612
28550001 3.92758
28560001 4.4639
28570001 3.89635
28580001 5.46443
28590001 3.95628
28600001 4.24428
28610001 3.87946
28620001 4.13266
28630001 5.82329
28640001 4.40892
28650001 4.60344
28660001 4.11025
28670001 4.25889
28680001 4.05737
28690001 4.17555
28700001 4.07906
28710001 3.89454
28720001 3.9809
28730001 3.7292
28740001 3.84441
28750001 3.73379
28760001 3.78295
28770001 3.74522
28780001 4.07579
28790001 3.79392
28800001 3.8118
28810001 3.81934
28820001 3.73505
28830001 3.76849
28840001 3.7463
28850001 3.77422
28860001 3.83621
28870001 3.91102
28880001 3.90469
28890001 3.90079
28900001 3.94452
28910001 11.7408
28920001 6.285
28930001 5.38234
28940001 4.14252
28950001 4.31666
28960001 7.6186
28970001 7.25197
28980001 3.94435
28990001 4.38899
29000001 3.8121
29010001 4.55007
29020001 4.96286
29030001 14.2959
29040001 3.989
29050001 4.24419
29060001 14.707
29070001 21.1954
29080001 4.4085
29090001 4.15451
29100001 4.35381
29110001 4.01139
29120001 4.26376
29130001 4.01742
29140001 4.12744
29150001 4.05168
29160001 3.92423
29170001 3.83818
29180001 3.82931
29190001 3.82517
29200001 3.74692
29210001 4.02672
29220001 3.72375
29230001 3.96819
29240001 3.76996
29250001 3.72871
29260001 3.8217
29270001 3.84769
29280001 3.82591
29290001 3.77942
29300001 3.86969
29310001 3.88571
29320001 3.83116
29330001 3.78858
29340001 3.88523
29350001 3.82024
29360001 27.8637
29370001 4.20938
29380001 4.78293
29390001 4.14178
29400001 21.1077
29410001 4.17327
29420001 4.44354
29430001 3.86457
29440001 4.38279
29450001 3.87523
29460001 5.39402
29470001 4.22709
29480001 4.73977
29490001 3.88021
29500001 4.15825
29510001 8.68424
29520001 4.17955
29530001 4.62132
29540001 4.19648
29550001 4.32688
29560001 4.08445
29570001 4.15279
29580001 3.99142
29590001 3.89088
29600001 4.09308
29610001 3.78888
29620001 3.80371
29630001 3.79996
29640001 3.7779
29650001 3.74725
29660001 3.79341
29670001 3.72287
29680001 4.01005
29690001 3.83359
29700001 3.76787
29710001 3.79558
29720001 3.76097
29730001 3.8312
29740001 3.77299
29750001 3.77717
29760001 3.83732
29770001 3.83468
29780001 3.93147
29790001 3.81121
29800001 7.76598
29810001 5.40257
29820001 4.15983
29830001 4.55335
29840001 7.78953
29850001 21.1156
29860001 3.94598
29870001 4.42502
29880001 3.89897
29890001 4.48924
29900001 4.97125
29910001 14.3153
29920001 3.94502
29930001 4.23428
29940001 14.7175
29950001 21.2214
29960001 5.81283
29970001 4.36254
29980001 4.42147
29990001 4.03861
