1 31.2397
10001 9.26779
20001 6.99803
30001 6.1256
40001 5.70267
50001 5.45268
60001 5.28537
70001 5.16717
80001 5.07531
90001 5.00146
100001 4.93692
110001 4.88253
120001 4.83728
130001 4.79004
140001 4.75085
150001 4.71524
160001 4.67991
170001 4.64729
180001 4.61857
190001 4.59037
200001 4.56562
210001 4.53716
220001 4.51264
230001 4.49007
240001 4.4656
250001 4.44442
260001 4.42444
270001 4.40241
280001 4.3825
290001 4.36443
300001 4.34647
310001 4.3287
320001 4.31059
330001 4.29391
340001 4.27937
350001 4.26116
360001 4.24605
370001 4.23256
380001 4.21567
390001 4.20103
400001 4.18794
410001 4.17354
420001 4.16249
430001 4.14783
440001 4.13532
450001 4.1235
460001 4.11021
470001 4.09868
480001 4.08984
490001 4.07511
500001 4.06375
510001 4.05381
520001 4.04221
530001 4.03114
540001 4.02211
550001 4.01227
560001 4.00391
570001 3.9922
580001 3.98295
590001 3.97426
600001 3.96358
610001 3.95515
620001 3.94761
630001 3.9371
640001 3.92799
650001 3.92105
660001 3.91317
670001 3.90827
680001 3.89652
690001 3.88895
700001 3.88239
710001 3.87277
720001 3.86609
730001 3.86015
740001 3.85087
750001 3.84339
760001 3.83755
770001 3.83132
780001 3.82494
790001 3.81701
800001 3.81072
810001 3.80439
820001 3.79726
830001 3.79141
840001 3.787
850001 3.77846
860001 3.77208
870001 3.7673
880001 3.76047
890001 3.75713
900001 3.74964
910001 3.7443
920001 3.73936
930001 3.73262
940001 3.72764
950001 3.72568
960001 3.71656
970001 3.71116
980001 3.70742
990001 3.70092
1000001 3.69477
1010001 3.69165
1020001 3.68703
1030001 3.68432
1040001 3.67689
1050001 3.67247
1060001 3.66851
1070001 3.66227
1080001 3.65838
1090001 3.65534
1100001 3.64885
1110001 3.64381
1120001 3.64105
1130001 3.63729
1140001 3.63633
1150001 3.62809
1160001 3.62424
1170001 3.62183
1180001 3.61508
1190001 3.612
1200001 3.60949
1210001 3.60346
1220001 3.59918
1230001 3.59651
1240001 3.59343
1250001 3.59062
1260001 3.58513
1270001 3.58173
1280001 3.57822
1290001 3.57385
1300001 3.57078
1310001 3.56981
1320001 3.56313
1330001 3.55936
1340001 3.55717
1350001 3.55281
1360001 3.55237
1370001 3.54686
1380001 3.54383
1390001 3.54169
1400001 3.53679
1410001 3.53397
1420001 3.53498
1430001 3.52669
1440001 3.52417
1450001 3.52256
1460001 3.5178
1470001 3.51367
1480001 3.51255
1490001 3.50994
1500001 3.50917
1510001 3.50352
1520001 3.50094
1530001 3.49933
1540001 3.49432
1550001 3.4922
1560001 3.49096
1570001 3.48613
1580001 3.48287
1590001 3.48165
1600001 3.47968
1610001 3.47701
1620001 3.47348
1630001 3.4712
1640001 3.47038
1650001 3.46548
1660001 3.46347
1670001 3.46268
1680001 3.45781
1690001 3.45499
1700001 3.45371
1710001 3.45208
1720001 3.45063
1730001 3.44641
1740001 3.44436
1750001 3.4423
1760001 3.43903
1770001 3.43725
1780001 3.43832
1790001 3.43209
1800001 3.42949
1810001 3.42856
1820001 3.42535
1830001 3.42239
1840001 3.42175
1850001 3.4199
1860001 3.41889
1870001 3.41508
1880001 3.41334
1890001 3.41558
1900001 3.40818
1910001 3.40677
1920001 3.40622
1930001 3.40247
1940001 3.39927
1950001 3.39922
1960001 3.39772
1970001 3.39863
1980001 3.39312
1990001 3.39151
2000001 3.39095
2010001 3.38673
2020001 3.38573
2030001 3.38538
2040001 3.3813
2050001 3.37908
2060001 3.37861
2070001 3.37753
2080001 3.37572
2090001 3.37303
2100001 3.3716
2110001 3.37212
2120001 3.36751
2130001 3.36635
2140001 3.36673
2150001 3.36232
2160001 3.36021
2170001 3.35976
2180001 3.35725
2190001 3.35833
2200001 3.35474
2210001 3.35346
2220001 3.35212
2230001 3.34959
2240001 3.34851
2250001 3.35039
2260001 3.34476
2270001 3.34294
2280001 3.34266
2290001 3.34009
2300001 3.3378
2310001 3.33787
2320001 3.33672
2330001 3.33703
2340001 3.33317
2350001 3.33208
2360001 3.33141
2370001 3.32818
2380001 3.32743
2390001 3.32761
2400001 3.32407
2410001 3.32195
2420001 3.32232
2430001 3.32142
2440001 3.32298
2450001 3.318
2460001 3.31701
2470001 3.317
2480001 3.31331
2490001 3.31292
2500001 3.31328
2510001 3.30961
2520001 3.30787
2530001 3.30798
2540001 3.30753
2550001 3.3067
2560001 3.30406
2570001 3.30319
2580001 3.30213
2590001 3.3001
2600001 3.29942
2610001 3.30031
2620001 3.29635
2630001 3.29478
2640001 3.29499
2650001 3.29276
2660001 3.29437
2670001 3.29123
2680001 3.29045
2690001 3.29001
2700001 3.28748
2710001 3.28687
2720001 3.28962
2730001 3.28417
2740001 3.28286
2750001 3.28339
2760001 3.28072
2770001 3.27835
2780001 3.27939
2790001 3.27866
2800001 3.27943
2810001 3.27598
2820001 3.27529
2830001 3.27506
2840001 3.27221
2850001 3.27194
2860001 3.2725
2870001 3.26932
2880001 3.26759
2890001 3.2684
2900001 3.26804
2910001 3.2707
2920001 3.26526
2930001 3.26465
2940001 3.26557
2950001 3.26167
2960001 3.26176
2970001 3.26246
2980001 3.25923
2990001 3.25786
3000001 3.25825
3010001 3.25817
3020001 3.2577
3030001 3.2554
3040001 3.2549
3050001 3.25419
3060001 3.25249
3070001 3.25218
3080001 3.25414
3090001 3.2498
3100001 3.24861
3110001 3.24911
3120001 3.24725
3130001 3.24959
3140001 3.24633
3150001 3.24588
3160001 3.24628
3170001 3.24366
3180001 3.24327
3190001 3.24639
3200001 3.2412
3210001 3.2402
3220001 3.24106
3230001 3.23868
3240001 3.23659
3250001 3.23796
3260001 3.2376
3270001 3.23918
3280001 3.23546
3290001 3.23506
3300001 3.23567
3310001 3.23258
3320001 3.23258
3330001 3.23353
3340001 3.23058
3350001 3.22928
3360001 3.23017
3370001 3.2301
3380001 3.23308
3390001 3.22786
3400001 3.22753
3410001 3.22875
3420001 3.22509
3430001 3.22546
3440001 3.22665
3450001 3.22344
3460001 3.22233
3470001 3.22301
3480001 3.22323
3490001 3.22359
3500001 3.22101
3510001 3.22071
3520001 3.22038
3530001 3.21876
3540001 3.2187
3550001 3.22095
3560001 3.21684
3570001 3.21586
3580001 3.21664
3590001 3.21499
3600001 3.2176
3610001 3.21462
3620001 3.21437
3630001 3.21499
3640001 3.21258
3650001 3.21243
3660001 3.21646
3670001 3.21025
3680001 3.21037
3690001 3.21139
3700001 3.20902
3710001 3.20719
3720001 3.20871
3730001 3.20857
3740001 3.21116
3750001 3.20686
3760001 3.20667
3770001 3.20751
3780001 3.20461
3790001 3.20502
3800001 3.20611
3810001 3.20325
3820001 3.20215
3830001 3.20327
3840001 3.20354
3850001 3.20302
3860001 3.20159
3870001 3.20145
3880001 3.20337
3890001 3.19987
3900001 3.19998
3910001 3.20137
3920001 3.1984
3930001 3.19749
3940001 3.19832
3950001 3.19872
3960001 3.19928
3970001 3.19688
3980001 3.1968
3990001 3.19663
4000001 3.19519
4010001 3.19532
4020001 3.1985
4030001 3.19382
4040001 3.19311
4050001 3.19401
4060001 3.19251
4070001 3.19127
4080001 3.19252
4090001 3.19244
4100001 3.19393
4110001 3.19104
4120001 3.19103
4130001 3.19527
4140001 3.18919
4150001 3.18951
4160001 3.19079
4170001 3.18847
4180001 3.1868
4190001 3.18851
4200001 3.18863
4210001 3.1913
4220001 3.18716
4230001 3.18718
4240001 3.18819
4250001 3.18537
4260001 3.18598
4270001 3.18721
4280001 3.18456
4290001 3.18374
4300001 3.18484
4310001 3.18536
4320001 3.18546
4330001 3.18369
4340001 3.18375
4350001 3.18572
4360001 3.18244
4370001 3.18268
4380001 3.18453
4390001 3.18135
4400001 3.18064
4410001 3.18157
4420001 3.18037
4430001 3.18293
4440001 3.18057
4450001 3.18063
4460001 3.18108
4470001 3.17934
4480001 3.17959
4490001 3.18329
4500001 3.17852
4510001 3.1778
4520001 3.17885
4530001 3.1775
4540001 3.17588
4550001 3.17776
4560001 3.17786
4570001 3.17947
4580001 3.17672
4590001 3.17682
4600001 3.17738
4610001 3.17525
4620001 3.1757
4630001 3.17712
4640001 3.17463
4650001 3.17362
4660001 3.17522
4670001 3.17562
4680001 3.17912
4690001 3.17427
4700001 3.17441
4710001 3.1761
4720001 3.17283
4730001 3.17359
4740001 3.17511
4750001 3.17243
4760001 3.17183
4770001 3.17296
4780001 3.1736
4790001 3.17382
4800001 3.17216
4810001 3.17235
4820001 3.17232
4830001 3.17127
4840001 3.17163
4850001 3.17433
4860001 3.17057
4870001 3.16994
4880001 3.1712
4890001 3.16997
4900001 3.17303
4910001 3.17034
4920001 3.17054
4930001 3.17108
4940001 3.16957
4950001 3.16981
4960001 3.17364
4970001 3.16897
4980001 3.16857
4990001 3.17008
5000001 3.16828
5010001 3.16676
5020001 3.16878
5030001 3.16903
5040001 3.17125
5050001 3.16804
5060001 3.16825
5070001 3.16947
5080001 3.16691
5090001 3.1675
5100001 3.16907
5110001 3.16664
5120001 3.16589
5130001 3.16739
5140001 3.16789
5150001 3.17149
5160001 3.16674
5170001 3.16698
5180001 3.16878
5190001 3.1656
5200001 3.16654
5210001 3.1683
5220001 3.16559
5230001 3.165
5240001 3.16624
5250001 3.167
5260001 3.1679
5270001 3.16581
5280001 3.16604
5290001 3.16623
5300001 3.16511
5310001 3.16558
5320001 3.16838
5330001 3.16469
5340001 3.16423
5350001 3.16554
5360001 3.16437
5370001 3.16753
5380001 3.16501
5390001 3.16526
5400001 3.16637
5410001 3.16443
5420001 3.16477
5430001 3.16935
5440001 3.16353
5450001 3.16413
5460001 3.16565
5470001 3.16373
5480001 3.16235
5490001 3.16436
5500001 3.16469
5510001 3.167
5520001 3.16389
5530001 3.16417
5540001 3.16548
5550001 3.163
5560001 3.16387
5570001 3.16543
5580001 3.16299
5590001 3.16232
5600001 3.1639
5610001 3.16462
5620001 3.16454
5630001 3.16352
5640001 3.16383
5650001 3.1662
5660001 3.16309
5670001 3.16364
5680001 3.16547
5690001 3.1629
5700001 3.1624
5710001 3.16366
5720001 3.16449
5730001 3.16547
5740001 3.16346
5750001 3.16376
5760001 3.16403
5770001 3.16298
5780001 3.16353
5790001 3.16715
5800001 3.16282
5810001 3.16251
5820001 3.16382
5830001 3.1627
5840001 3.16184
5850001 3.16349
5860001 3.16381
5870001 3.1657
5880001 3.16317
5890001 3.16355
5900001 3.1682
5910001 3.16245
5920001 3.16313
5930001 3.16472
5940001 3.16287
5950001 3.16156
5960001 3.16365
5970001 3.16415
5980001 3.16721
5990001 3.16341
6000001 3.16374
6010001 3.16517
6020001 3.1627
6030001 3.16364
6040001 3.16527
6050001 3.16296
6060001 3.16249
6070001 3.16395
6080001 3.16475
6090001 3.16472
6100001 3.16378
6110001 3.16415
6120001 3.16658
6130001 3.16354
6140001 3.16416
6150001 3.1664
6160001 3.16355
6170001 3.16316
6180001 3.16443
6190001 3.16357
6200001 3.16647
6210001 3.16443
6220001 3.16482
6230001 3.1656
6240001 3.16418
6250001 3.16476
6260001 3.16843
6270001 3.16418
6280001 3.16392
6290001 3.1653
6300001 3.16424
6310001 3.16344
6320001 3.16516
6330001 3.16557
6340001 3.16749
6350001 3.16502
6360001 3.16546
6370001 3.16632
6380001 3.16449
6390001 3.16525
6400001 3.16697
6410001 3.16479
6420001 3.16407
6430001 3.16598
6440001 3.16653
6450001 3.17047
6460001 3.16591
6470001 3.16634
6480001 3.16779
6490001 3.16537
6500001 3.1664
6510001 3.16821
6520001 3.16581
6530001 3.16539
6540001 3.16691
6550001 3.16784
6560001 3.16834
6570001 3.16696
6580001 3.16743
6590001 3.16768
6600001 3.1669
6610001 3.16755
6620001 3.1698
6630001 3.16703
6640001 3.16667
6650001 3.16821
6660001 3.16719
6670001 3.17013
6680001 3.16816
6690001 3.16862
6700001 3.16942
6710001 3.16806
6720001 3.16869
6730001 3.17277
6740001 3.16837
6750001 3.16823
6760001 3.17
6770001 3.16845
6780001 3.16719
6790001 3.16947
6800001 3.16991
6810001 3.17244
6820001 3.16949
6830001 3.16995
6840001 3.17086
6850001 3.16911
6860001 3.16995
6870001 3.17176
6880001 3.16953
6890001 3.16886
6900001 3.17082
6910001 3.17157
6920001 3.17541
6930001 3.17091
6940001 3.17138
6950001 3.17341
6960001 3.17048
6970001 3.17166
6980001 3.17344
6990001 3.17118
7000001 3.17082
7010001 3.1723
7020001 3.17329
7030001 3.17442
7040001 3.17256
7050001 3.17302
7060001 3.17327
7070001 3.17255
7080001 3.17324
7090001 3.17626
7100001 3.17281
7110001 3.17257
7120001 3.1741
7130001 3.17316
7140001 3.17653
7150001 3.17424
7160001 3.17468
7170001 3.17603
7180001 3.17432
7190001 3.17487
7200001 3.17965
7210001 3.17407
7220001 3.17488
7230001 3.17661
7240001 3.17486
7250001 3.17374
7260001 3.17596
7270001 3.1765
7280001 3.17901
7290001 3.17612
7300001 3.17661
7310001 3.17811
7320001 3.17585
7330001 3.17674
7340001 3.17858
7350001 3.17645
7360001 3.17599
7370001 3.17777
7380001 3.17868
7390001 3.1788
7400001 3.17798
7410001 3.17849
7420001 3.18105
7430001 3.17816
7440001 3.1789
7450001 3.18091
7460001 3.17849
7470001 3.17825
7480001 3.17968
7490001 3.18072
7500001 3.18188
7510001 3.18007
7520001 3.18057
7530001 3.18103
7540001 3.18017
7550001 3.1809
7560001 3.18469
7570001 3.18058
7580001 3.18035
7590001 3.18192
7600001 3.18101
7610001 3.18034
7620001 3.18216
7630001 3.18267
7640001 3.18403
7650001 3.18239
7660001 3.18295
7670001 3.18775
7680001 3.18222
7690001 3.18307
7700001 3.18482
7710001 3.18316
7720001 3.18204
7730001 3.1843
7740001 3.18497
7750001 3.18818
7760001 3.18456
7770001 3.18508
7780001 3.18668
7790001 3.18439
7800001 3.1855
7810001 3.18729
7820001 3.1851
7830001 3.18486
7840001 3.18648
7850001 3.18745
7860001 3.18759
7870001 3.18682
7880001 3.18735
7890001 3.18993
7900001 3.18708
7910001 3.18786
7920001 3.19025
7930001 3.18758
7940001 3.18731
7950001 3.18878
7960001 3.18809
7970001 3.19113
7980001 3.18926
7990001 3.18981
8000001 3.19074
8010001 3.18949
8020001 3.19022
8030001 3.19403
8040001 3.18996
8050001 3.18987
8060001 3.19138
8070001 3.19049
8080001 3.18985
8090001 3.19171
8100001 3.19227
8110001 3.19433
8120001 3.19203
8130001 3.19262
8140001 3.19362
8150001 3.19196
8160001 3.19287
8170001 3.19473
8180001 3.19271
8190001 3.19214
8200001 3.19418
8210001 3.19488
8220001 3.19812
8230001 3.19456
8240001 3.19514
8250001 3.19671
8260001 3.19446
8270001 3.19563
8280001 3.19756
8290001 3.19533
8300001 3.19506
8310001 3.1967
8320001 3.19776
8330001 3.1984
8340001 3.19718
8350001 3.19778
8360001 3.19817
8370001 3.19754
8380001 3.19832
8390001 3.20068
8400001 3.19805
8410001 3.19787
8420001 3.19952
8430001 3.19865
8440001 3.2017
8450001 3.19988
8460001 3.20048
8470001 3.20141
8480001 3.20019
8490001 3.20095
8500001 3.20512
8510001 3.2009
8520001 3.20089
8530001 3.20277
8540001 3.20138
8550001 3.20026
8560001 3.20265
8570001 3.20321
8580001 3.20584
8590001 3.20306
8600001 3.20364
8610001 3.20467
8620001 3.20304
8630001 3.20403
8640001 3.20585
8650001 3.20386
8660001 3.20333
8670001 3.20539
8680001 3.20625
8690001 3.21018
8700001 3.20585
8710001 3.20644
8720001 3.20857
8730001 3.2058
8740001 3.20709
8750001 3.20897
8760001 3.20686
8770001 3.20663
8780001 3.20819
8790001 3.20927
8800001 3.20993
8810001 3.20874
8820001 3.20937
8830001 3.20977
8840001 3.20918
8850001 3.20998
8860001 3.21308
8870001 3.20979
8880001 3.20967
8890001 3.21127
8900001 3.21049
8910001 3.21393
8920001 3.21171
8930001 3.21233
8940001 3.21379
8950001 3.2122
8960001 3.21287
8970001 3.21705
8980001 3.21286
8990001 3.21289
9000001 3.21478
9010001 3.21342
9020001 3.21233
9030001 3.21473
9040001 3.21538
9050001 3.21796
9060001 3.21522
9070001 3.21581
9080001 3.21741
9090001 3.21529
9100001 3.21627
9110001 3.2182
9120001 3.21621
9130001 3.21585
9140001 3.21772
9150001 3.21859
9160001 3.21895
9170001 3.21825
9180001 3.21886
9190001 3.22101
9200001 3.21826
9210001 3.21957
9220001 3.22167
9230001 3.21939
9240001 3.21925
9250001 3.22077
9260001 3.2219
9270001 3.22315
9280001 3.22146
9290001 3.22206
9300001 3.22261
9310001 3.22187
9320001 3.2227
9330001 3.2258
9340001 3.22257
9350001 3.22245
9360001 3.2241
9370001 3.22331
9380001 3.22676
9390001 3.22464
9400001 3.22524
9410001 3.22668
9420001 3.22516
9430001 3.22581
9440001 3.23064
9450001 3.22528
9460001 3.22622
9470001 3.22805
9480001 3.22651
9490001 3.22549
9500001 3.22781
9510001 3.22847
9520001 3.23184
9530001 3.22836
9540001 3.22897
9550001 3.23057
9560001 3.22849
9570001 3.22966
9580001 3.23152
9590001 3.22946
9600001 3.22913
9610001 3.23101
9620001 3.23205
9630001 3.23228
9640001 3.23161
9650001 3.23223
9660001 3.23486
9670001 3.23215
9680001 3.233
9690001 3.2351
9700001 3.23291
9710001 3.23273
9720001 3.23427
9730001 3.2354
9740001 3.23676
9750001 3.23501
9760001 3.23564
9770001 3.23619
9780001 3.23551
9790001 3.23631
9800001 3.24015
9810001 3.23623
9820001 3.23622
9830001 3.2378
9840001 3.23701
9850001 3.23647
9860001 3.23838
9870001 3.23899
9880001 3.24113
9890001 3.23895
9900001 3.23962
9910001 3.24069
9920001 3.23914
9930001 3.24011
9940001 3.24203
9950001 3.2404
9960001 3.23965
9970001 3.24174
9980001 3.24251
9990001 3.24578
10000001 3.24236
10010001 3.24301
10020001 3.24464
10030001 3.24251
10040001 3.24374
10050001 3.24557
10060001 3.2436
10070001 3.24342
10080001 3.24512
10090001 3.24624
10100001 3.24695
10110001 3.24583
10120001 3.2465
10130001 3.24904
10140001 3.24642
10150001 3.24726
10160001 3.24967
10170001 3.24716
10180001 3.24705
10190001 3.24876
10200001 3.24798
10210001 3.25106
10220001 3.24934
10230001 3.24999
10240001 3.251
10250001 3.24988
10260001 3.2507
10270001 3.25489
10280001 3.2508
10290001 3.25066
10300001 3.25225
10310001 3.2515
10320001 3.25047
10330001 3.2529
10340001 3.25353
10350001 3.25565
10360001 3.25352
10370001 3.25417
10380001 3.25526
10390001 3.25373
10400001 3.25471
10410001 3.25663
10420001 3.25475
10430001 3.2543
10440001 3.2564
10450001 3.25732
10460001 3.26125
10470001 3.25705
10480001 3.25772
10490001 3.25989
10500001 3.25723
10510001 3.2585
10520001 3.26049
10530001 3.25839
10540001 3.25832
10550001 3.25993
10560001 3.26106
10570001 3.26178
10580001 3.26067
10590001 3.26136
10600001 3.26183
10610001 3.26131
10620001 3.26217
10630001 3.26529
10640001 3.26212
10650001 3.262
10660001 3.26371
10670001 3.26301
10680001 3.26646
10690001 3.26434
10700001 3.26502
10710001 3.26602
10720001 3.26503
10730001 3.26575
10740001 3.26993
10750001 3.26588
10760001 3.26596
10770001 3.26789
10780001 3.26662
10790001 3.26561
10800001 3.26803
10810001 3.26874
10820001 3.27134
10830001 3.2687
10840001 3.26936
10850001 3.27099
10860001 3.26897
10870001 3.27
10880001 3.27196
10890001 3.27006
10900001 3.26978
10910001 3.27167
10920001 3.27259
10930001 3.27653
10940001 3.27238
10950001 3.27305
10960001 3.27522
10970001 3.27258
10980001 3.27392
10990001 3.27605
11000001 3.27387
11010001 3.27372
11020001 3.27535
11030001 3.27652
11040001 3.27781
11050001 3.27621
11060001 3.27686
11070001 3.27746
11080001 3.27679
11090001 3.27766
11100001 3.28077
11110001 3.27764
11120001 3.2776
11130001 3.27927
11140001 3.27856
11150001 3.28201
11160001 3.27998
11170001 3.28063
11180001 3.2821
11190001 3.28063
11200001 3.28136
11210001 3.28617
11220001 3.28096
11230001 3.28194
11240001 3.28379
11250001 3.28233
11260001 3.28139
11270001 3.28373
11280001 3.28443
11290001 3.28704
11300001 3.28444
11310001 3.28509
11320001 3.28672
11330001 3.28473
11340001 3.28594
11350001 3.28782
11360001 3.28585
11370001 3.28558
11380001 3.28748
11390001 3.28856
11400001 3.28884
11410001 3.28823
11420001 3.2889
11430001 3.29154
11440001 3.28892
11450001 3.28982
11460001 3.29193
11470001 3.28983
11480001 3.28971
11490001 3.29128
11500001 3.29244
11510001 3.29373
11520001 3.29216
11530001 3.29283
11540001 3.29342
11550001 3.29277
11560001 3.29365
11570001 3.29747
11580001 3.29367
11590001 3.29371
11600001 3.29532
11610001 3.29459
11620001 3.29411
11630001 3.29604
11640001 3.29669
11650001 3.29884
11660001 3.29675
11670001 3.29745
11680001 3.30225
11690001 3.29708
11700001 3.29806
11710001 3.29992
11720001 3.29848
11730001 3.29755
11740001 3.29989
11750001 3.3007
11760001 3.30396
11770001 3.30064
11780001 3.30128
11790001 3.30298
11800001 3.30094
11810001 3.30216
11820001 3.30404
11830001 3.30216
11840001 3.30202
11850001 3.30374
11860001 3.30482
11870001 3.30511
11880001 3.30452
11890001 3.30519
11900001 3.30783
11910001 3.30523
11920001 3.30618
11930001 3.30859
11940001 3.30617
11950001 3.30611
11960001 3.30763
11970001 3.30711
11980001 3.31019
11990001 3.30854
12000001 3.30922
12010001 3.31026
12020001 3.30921
12030001 3.31006
12040001 3.31387
12050001 3.31025
12060001 3.31015
12070001 3.31176
12080001 3.31105
12090001 3.31058
12100001 3.31251
12110001 3.31319
12120001 3.31532
12130001 3.31328
12140001 3.31396
12150001 3.31507
12160001 3.31361
12170001 3.31462
12180001 3.31655
12190001 3.31475
12200001 3.31434
12210001 3.31645
12220001 3.31726
12230001 3.3213
12240001 3.31722
12250001 3.31792
12260001 3.31957
12270001 3.31755
12280001 3.31881
12290001 3.32081
12300001 3.31879
12310001 3.31877
12320001 3.32038
12330001 3.32154
12340001 3.32228
12350001 3.32124
12360001 3.32196
12370001 3.32246
12380001 3.32199
12390001 3.32287
12400001 3.32528
12410001 3.32291
12420001 3.32283
12430001 3.32455
12440001 3.32385
12450001 3.32692
12460001 3.32529
12470001 3.326
12480001 3.32702
12490001 3.32609
12500001 3.32683
12510001 3.33098
12520001 3.32704
12530001 3.32716
12540001 3.3291
12550001 3.32788
12560001 3.32693
12570001 3.32935
12580001 3.33002
12590001 3.33268
12600001 3.33012
12610001 3.33081
12620001 3.33197
12630001 3.3305
12640001 3.33155
12650001 3.33351
12660001 3.33163
12670001 3.33145
12680001 3.33334
12690001 3.33429
12700001 3.33819
12710001 3.33415
12720001 3.33485
12730001 3.33701
12740001 3.33446
12750001 3.33582
12760001 3.33775
12770001 3.33584
12780001 3.33573
12790001 3.33737
12800001 3.33855
12810001 3.33985
12820001 3.33832
12830001 3.33899
12840001 3.33946
12850001 3.339
12860001 3.33989
12870001 3.34298
12880001 3.33993
12890001 3.33993
12900001 3.34161
12910001 3.34095
12920001 3.34437
12930001 3.34241
12940001 3.34306
12950001 3.34457
12960001 3.34316
12970001 3.34391
12980001 3.34867
12990001 3.34359
13000001 3.34458
13010001 3.34643
13020001 3.34499
13030001 3.34415
13040001 3.34647
13050001 3.3472
13060001 3.34979
13070001 3.34727
13080001 3.34795
13090001 3.34958
13100001 3.34766
13110001 3.34871
13120001 3.35067
13130001 3.34886
13140001 3.34863
13150001 3.35053
13160001 3.35162
13170001 3.35193
13180001 3.35137
13190001 3.35205
13200001 3.35467
13210001 3.35214
13220001 3.35305
13230001 3.35516
13240001 3.35307
13250001 3.35304
13260001 3.35461
13270001 3.35579
13280001 3.35709
13290001 3.35558
13300001 3.35625
13310001 3.35688
13320001 3.35627
13330001 3.35716
13340001 3.36094
13350001 3.35725
13360001 3.35723
13370001 3.35891
13380001 3.35825
13390001 3.3578
13400001 3.35973
13410001 3.3604
13420001 3.36188
13430001 3.36053
13440001 3.36124
13450001 3.36598
13460001 3.36093
13470001 3.36193
13480001 3.36378
13490001 3.3624
13500001 3.36152
13510001 3.36385
13520001 3.36467
13530001 3.3679
13540001 3.36466
13550001 3.36533
13560001 3.36703
13570001 3.36505
13580001 3.36629
13590001 3.36816
13600001 3.36628
13610001 3.36623
13620001 3.36795
13630001 3.36904
13640001 3.36935
13650001 3.3688
13660001 3.36949
13670001 3.3721
13680001 3.36959
13690001 3.3705
13700001 3.37294
13710001 3.3706
13720001 3.37051
13730001 3.37209
13740001 3.3716
13750001 3.37465
13760001 3.37306
13770001 3.37376
13780001 3.37481
13790001 3.3738
13800001 3.37466
13810001 3.37843
13820001 3.37476
13830001 3.37484
13840001 3.37644
13850001 3.37577
13860001 3.37534
13870001 3.37726
13880001 3.37796
13890001 3.38007
13900001 3.37807
13910001 3.37879
13920001 3.37991
13930001 3.3785
13940001 3.37952
13950001 3.38144
13960001 3.3797
13970001 3.37933
13980001 3.38142
13990001 3.38225
14000001 3.38546
14010001 3.38226
14020001 3.38297
14030001 3.38462
14040001 3.38266
14050001 3.38392
14060001 3.38591
14070001 3.38395
14080001 3.38385
14090001 3.38557
14100001 3.38673
14110001 3.38748
14120001 3.38649
14130001 3.38722
14140001 3.38773
14150001 3.3873
14160001 3.38819
14170001 3.39058
14180001 3.38825
14190001 3.38822
14200001 3.38994
14210001 3.38927
14220001 3.3923
14230001 3.39074
14240001 3.39146
14250001 3.39248
14260001 3.39149
14270001 3.39235
14280001 3.39644
14290001 3.3926
14300001 3.39274
14310001 3.39467
14320001 3.3935
14330001 3.39259
14340001 3.39499
14350001 3.39567
14360001 3.3983
14370001 3.39582
14380001 3.39651
14390001 3.39763
14400001 3.39624
14410001 3.39731
14420001 3.39926
14430001 3.39744
14440001 3.39708
14450001 3.39917
14460001 3.40012
14470001 3.40396
14480001 3.40003
14490001 3.40073
14500001 3.40288
14510001 3.4004
14520001 3.40176
14530001 3.40367
14540001 3.40182
14550001 3.40174
14560001 3.40335
14570001 3.40451
14580001 3.40527
14590001 3.40428
14600001 3.40501
14610001 3.40553
14620001 3.4051
14630001 3.406
14640001 3.40905
14650001 3.40609
14660001 3.40611
14670001 3.40775
14680001 3.40715
14690001 3.41052
14700001 3.40856
14710001 3.40928
14720001 3.41078
14730001 3.40943
14740001 3.41019
14750001 3.41426
14760001 3.41044
14770001 3.41059
14780001 3.41251
14790001 3.41135
14800001 3.41045
14810001 3.41285
14820001 3.41358
14830001 3.41615
14840001 3.4137
14850001 3.41438
14860001 3.416
14870001 3.41414
14880001 3.41519
14890001 3.41713
14900001 3.41538
14910001 3.41517
14920001 3.41705
14930001 3.41801
14940001 3.41847
14950001 3.41793
14960001 3.41863
14970001 3.42077
14980001 3.41831
14990001 3.41966
15000001 3.42176
15010001 3.41973
15020001 3.41972
15030001 3.42128
15040001 3.42246
15050001 3.42375
15060001 3.42229
15070001 3.42297
15080001 3.42361
15090001 3.42303
15100001 3.42393
15110001 3.42696
15120001 3.42405
15130001 3.42405
15140001 3.42572
15150001 3.42509
15160001 3.42845
15170001 3.42657
15180001 3.42725
15190001 3.42873
15200001 3.42741
15210001 3.42814
15220001 3.4328
15230001 3.42787
15240001 3.42887
15250001 3.4307
15260001 3.42937
15270001 3.42852
15280001 3.43082
15290001 3.43155
15300001 3.43483
15310001 3.43167
15320001 3.43235
15330001 3.43398
15340001 3.43212
15350001 3.43334
15360001 3.4352
15370001 3.43338
15380001 3.43335
15390001 3.43505
15400001 3.43614
15410001 3.43646
15420001 3.43594
15430001 3.43663
15440001 3.43921
15450001 3.43677
15460001 3.43768
15470001 3.43976
15480001 3.43781
15490001 3.43774
15500001 3.4393
15510001 3.43885
15520001 3.44185
15530001 3.44031
15540001 3.44101
15550001 3.44163
15560001 3.44109
15570001 3.44195
15580001 3.44566
15590001 3.44208
15600001 3.44218
15610001 3.44377
15620001 3.44313
15630001 3.44272
15640001 3.44462
15650001 3.4453
15660001 3.44741
15670001 3.44546
15680001 3.44619
15690001 3.4473
15700001 3.44594
15710001 3.44695
15720001 3.44885
15730001 3.44743
15740001 3.44682
15750001 3.44888
15760001 3.44971
15770001 3.45288
15780001 3.44976
15790001 3.45047
15800001 3.4521
15810001 3.4502
15820001 3.45145
15830001 3.45327
15840001 3.45151
15850001 3.45143
15860001 3.45313
15870001 3.45428
15880001 3.45504
15890001 3.45408
15900001 3.45481
15910001 3.45532
15920001 3.45492
15930001 3.45581
15940001 3.45817
15950001 3.4559
15960001 3.45589
15970001 3.45759
15980001 3.45695
15990001 3.45994
16000001 3.45842
16010001 3.45911
16020001 3.46016
16030001 3.4592
16040001 3.46006
16050001 3.46408
16060001 3.46034
16070001 3.46049
16080001 3.46239
16090001 3.46126
16100001 3.46039
16110001 3.46276
16120001 3.46344
16130001 3.46551
16140001 3.46361
16150001 3.46431
16160001 3.46541
16170001 3.46407
16180001 3.46508
16190001 3.46697
16200001 3.46529
16210001 3.46495
16220001 3.46701
16230001 3.46796
16240001 3.47174
16250001 3.46789
16260001 3.46861
16270001 3.47073
16280001 3.46831
16290001 3.46959
16300001 3.47154
16310001 3.46966
16320001 3.46968
16330001 3.47127
16340001 3.47242
16350001 3.47318
16360001 3.47222
16370001 3.47296
16380001 3.47348
16390001 3.47307
16400001 3.47397
16410001 3.47697
16420001 3.47408
16430001 3.47405
16440001 3.47574
16450001 3.47516
16460001 3.47848
16470001 3.47658
16480001 3.47729
16490001 3.47873
16500001 3.47746
16510001 3.47822
16520001 3.48222
16530001 3.4785
16540001 3.47866
16550001 3.48055
16560001 3.47943
16570001 3.47856
16580001 3.48092
16590001 3.48166
16600001 3.48418
16610001 3.48178
16620001 3.48248
16630001 3.48408
16640001 3.48227
16650001 3.48331
16660001 3.48523
16670001 3.48352
16680001 3.48333
16690001 3.48519
16700001 3.48614
16710001 3.48991
16720001 3.48608
16730001 3.48679
16740001 3.4889
16750001 3.4865
16760001 3.48783
16770001 3.48991
16780001 3.48793
16790001 3.48787
16800001 3.48947
16810001 3.49064
16820001 3.49192
16830001 3.4905
16840001 3.49118
16850001 3.49182
16860001 3.49126
16870001 3.49215
16880001 3.49514
16890001 3.49228
16900001 3.49231
16910001 3.49396
16920001 3.49336
16930001 3.49666
16940001 3.49484
16950001 3.49551
16960001 3.49697
16970001 3.49566
16980001 3.49642
16990001 3.501
17000001 3.49618
17010001 3.49717
17020001 3.49898
17030001 3.49768
17040001 3.49686
17050001 3.49912
17060001 3.49986
17070001 3.50242
17080001 3.5
17090001 3.50068
17100001 3.50228
17110001 3.50048
17120001 3.50168
17130001 3.50351
17140001 3.50174
17150001 3.50155
17160001 3.5034
17170001 3.50448
17180001 3.5048
17190001 3.50431
17200001 3.50499
17210001 3.50754
17220001 3.50515
17230001 3.50606
17240001 3.50811
17250001 3.5062
17260001 3.50615
17270001 3.50769
17280001 3.50885
17290001 3.51012
17300001 3.50871
17310001 3.50941
17320001 3.51003
17330001 3.50948
17340001 3.51037
17350001 3.51401
17360001 3.51052
17370001 3.51062
17380001 3.51219
17390001 3.51157
17400001 3.51118
17410001 3.51306
17420001 3.51373
17430001 3.51581
17440001 3.51391
17450001 3.51463
17460001 3.51919
17470001 3.5144
17480001 3.51539
17490001 3.51719
17500001 3.5159
17510001 3.51509
17520001 3.51735
17530001 3.51817
17540001 3.52128
17550001 3.51824
17560001 3.51894
17570001 3.52055
17580001 3.5187
17590001 3.51991
17600001 3.52173
17610001 3.52002
17620001 3.51995
17630001 3.52162
17640001 3.52269
17650001 3.52303
17660001 3.52253
17670001 3.52321
17680001 3.52575
17690001 3.52337
17700001 3.52432
17710001 3.52664
17720001 3.52443
17730001 3.52443
17740001 3.52591
17750001 3.52548
17760001 3.52842
17770001 3.52694
17780001 3.52763
17790001 3.52866
17800001 3.52774
17810001 3.52859
17820001 3.53222
17830001 3.52888
17840001 3.52884
17850001 3.53041
17860001 3.5298
17870001 3.52941
17880001 3.53128
17890001 3.53197
17900001 3.53402
17910001 3.53216
17920001 3.53286
17930001 3.53395
17940001 3.53264
17950001 3.53364
17960001 3.53551
17970001 3.53387
17980001 3.53354
17990001 3.53557
18000001 3.53638
18010001 3.54023
18020001 3.53646
18030001 3.53717
18040001 3.53877
18050001 3.53692
18060001 3.53816
18070001 3.54008
18080001 3.53824
18090001 3.53827
18100001 3.53984
18110001 3.54098
18120001 3.54173
18130001 3.5408
18140001 3.54153
18150001 3.54205
18160001 3.54166
18170001 3.54254
18180001 3.54485
18190001 3.54268
18200001 3.54265
18210001 3.54432
18220001 3.54371
18230001 3.54702
18240001 3.54516
18250001 3.54587
18260001 3.54688
18270001 3.54606
18280001 3.54681
18290001 3.55074
18300001 3.5471
18310001 3.54726
18320001 3.54913
18330001 3.54804
18340001 3.54719
18350001 3.54951
18360001 3.55019
18370001 3.55273
18380001 3.55038
18390001 3.55107
18400001 3.55265
18410001 3.55088
18420001 3.55191
18430001 3.5538
18440001 3.55209
18450001 3.55196
18460001 3.55378
18470001 3.55473
18480001 3.55843
18490001 3.55469
18500001 3.55538
18510001 3.55746
18520001 3.55511
18530001 3.55643
18540001 3.55829
18550001 3.55654
18560001 3.55649
18570001 3.55807
18580001 3.55923
18590001 3.56049
18600001 3.5591
18610001 3.55977
18620001 3.56025
18630001 3.55987
18640001 3.56075
18650001 3.56369
18660001 3.56088
18670001 3.56093
18680001 3.56255
18690001 3.56197
18700001 3.56522
18710001 3.56343
18720001 3.56408
18730001 3.56554
18740001 3.56426
18750001 3.56501
18760001 3.56951
18770001 3.56479
18780001 3.56577
18790001 3.56755
18800001 3.56628
18810001 3.56549
18820001 3.56772
18830001 3.56844
18840001 3.57091
18850001 3.56859
18860001 3.56927
18870001 3.57084
18880001 3.56908
18890001 3.57027
18900001 3.57199
18910001 3.57034
18920001 3.57016
18930001 3.57198
18940001 3.57305
18950001 3.57337
18960001 3.57289
18970001 3.57357
18980001 3.57607
18990001 3.57374
19000001 3.57464
19010001 3.57665
19020001 3.57473
19030001 3.57475
19040001 3.57626
19050001 3.5774
19060001 3.57866
19070001 3.57728
19080001 3.57796
19090001 3.57859
19100001 3.57806
19110001 3.57893
19120001 3.58252
19130001 3.57909
19140001 3.57911
19150001 3.58073
19160001 3.58015
19170001 3.57977
19180001 3.58161
19190001 3.58228
19200001 3.58371
19210001 3.58247
19220001 3.58319
19230001 3.58767
19240001 3.58297
19250001 3.58394
19260001 3.58572
19270001 3.58446
19280001 3.58367
19290001 3.58589
19300001 3.5867
19310001 3.58976
19320001 3.58676
19330001 3.58743
19340001 3.58906
19350001 3.58725
19360001 3.58844
19370001 3.59024
19380001 3.58856
19390001 3.5885
19400001 3.59015
19410001 3.59121
19420001 3.59153
19430001 3.59105
19440001 3.59173
19450001 3.59422
19460001 3.5919
19470001 3.5928
19480001 3.59512
19490001 3.59295
19500001 3.59291
19510001 3.59442
19520001 3.594
19530001 3.59689
19540001 3.59544
19550001 3.59613
19560001 3.59715
19570001 3.59624
19580001 3.59708
19590001 3.60065
19600001 3.59724
19610001 3.59735
19620001 3.59889
19630001 3.5983
19640001 3.59792
19650001 3.59976
19660001 3.60045
19670001 3.60246
19680001 3.60062
19690001 3.60133
19700001 3.60241
19710001 3.60113
19720001 3.60211
19730001 3.60395
19740001 3.60235
19750001 3.60203
19760001 3.60403
19770001 3.60483
19780001 3.60788
19790001 3.60492
19800001 3.60562
19810001 3.60719
19820001 3.60538
19830001 3.6066
19840001 3.60849
19850001 3.60669
19860001 3.60663
19870001 3.60827
19880001 3.60939
19890001 3.61013
19900001 3.60923
19910001 3.60995
19920001 3.61046
19930001 3.61009
19940001 3.61095
19950001 3.61322
19960001 3.6111
19970001 3.61108
19980001 3.61272
19990001 3.61212
20000001 3.615
20010001 3.61356
20020001 3.61426
20030001 3.61525
20040001 3.61435
20050001 3.61519
20060001 3.61906
20070001 3.61549
20080001 3.61565
20090001 3.61749
20100001 3.61642
20110001 3.6156
20120001 3.61788
20130001 3.61855
20140001 3.62105
20150001 3.61874
20160001 3.61943
20170001 3.6205
20180001 3.61923
20190001 3.62026
20200001 3.62212
20210001 3.62045
20220001 3.62013
20230001 3.62212
20240001 3.62305
20250001 3.62668
20260001 3.62302
20270001 3.6237
20280001 3.62575
20290001 3.62345
20300001 3.62475
20310001 3.62657
20320001 3.62486
20330001 3.62481
20340001 3.62635
20350001 3.62747
20360001 3.62821
20370001 3.62739
20380001 3.62806
20390001 3.62853
20400001 3.62816
20410001 3.62903
20420001 3.63192
20430001 3.62917
20440001 3.62922
20450001 3.63081
20460001 3.63024
20470001 3.63344
20480001 3.63162
20490001 3.63233
20500001 3.63376
20510001 3.63252
20520001 3.63326
20530001 3.6371
20540001 3.63305
20550001 3.63371
20560001 3.63554
20570001 3.63448
20580001 3.63366
20590001 3.63594
20600001 3.63665
20610001 3.63908
20620001 3.63681
20630001 3.63747
20640001 3.63902
20650001 3.6373
20660001 3.63831
20670001 3.64016
20680001 3.63854
20690001 3.63837
20700001 3.64016
20710001 3.64109
20720001 3.64154
20730001 3.64105
20740001 3.64174
20750001 3.64377
20760001 3.64149
20770001 3.64278
20780001 3.64477
20790001 3.6429
20800001 3.64291
20810001 3.6444
20820001 3.64553
20830001 3.64677
20840001 3.64542
20850001 3.64608
20860001 3.6467
20870001 3.64618
20880001 3.64705
20890001 3.64992
20900001 3.64721
20910001 3.64724
20920001 3.64882
20930001 3.64826
20940001 3.64788
20950001 3.6497
20960001 3.65036
20970001 3.65176
20980001 3.65056
20990001 3.65126
21000001 3.65566
21010001 3.65106
21020001 3.65201
21030001 3.65376
21040001 3.65253
21050001 3.65176
21060001 3.65393
21070001 3.65465
21080001 3.65774
21090001 3.6548
21100001 3.65546
21110001 3.65706
21120001 3.65529
21130001 3.65646
21140001 3.65823
21150001 3.65653
21160001 3.65653
21170001 3.65815
21180001 3.65919
21190001 3.65951
21200001 3.65905
21210001 3.65972
21220001 3.66216
21230001 3.65989
21240001 3.66077
21250001 3.66274
21260001 3.66093
21270001 3.66089
21280001 3.66237
21290001 3.66197
21300001 3.66481
21310001 3.66339
21320001 3.66406
21330001 3.66466
21340001 3.66418
21350001 3.66501
21360001 3.66851
21370001 3.66517
21380001 3.66528
21390001 3.66679
21400001 3.66621
21410001 3.66585
21420001 3.66765
21430001 3.66831
21440001 3.67031
21450001 3.6685
21460001 3.66921
21470001 3.67027
21480001 3.66901
21490001 3.66998
21500001 3.67179
21510001 3.67047
21520001 3.66991
21530001 3.67187
21540001 3.67266
21550001 3.67566
21560001 3.67275
21570001 3.67344
21580001 3.67499
21590001 3.67322
21600001 3.67442
21610001 3.67614
21620001 3.67451
21630001 3.67446
21640001 3.67607
21650001 3.67717
21660001 3.6779
21670001 3.67702
21680001 3.67772
21690001 3.67823
21700001 3.67787
21710001 3.67872
21720001 3.68095
21730001 3.67884
21740001 3.67885
21750001 3.68046
21760001 3.67988
21770001 3.6827
21780001 3.68129
21790001 3.68196
21800001 3.68296
21810001 3.68208
21820001 3.68291
21830001 3.6867
21840001 3.6832
21850001 3.68336
21860001 3.68517
21870001 3.68412
21880001 3.68332
21890001 3.68556
21900001 3.68622
21910001 3.68819
21920001 3.68641
21930001 3.68709
21940001 3.68814
21950001 3.68689
21960001 3.68786
21970001 3.68966
21980001 3.6881
21990001 3.68779
22000001 3.68974
22010001 3.69066
22020001 3.69423
22030001 3.69063
22040001 3.69131
22050001 3.69332
22060001 3.69106
22070001 3.69228
22080001 3.69413
22090001 3.69237
22100001 3.69241
22110001 3.69392
22120001 3.69502
22130001 3.69575
22140001 3.69487
22150001 3.69557
22160001 3.69607
22170001 3.69571
22180001 3.69657
22190001 3.6994
22200001 3.69671
22210001 3.69669
22220001 3.6983
22230001 3.69777
22240001 3.7009
22250001 3.69913
22260001 3.69982
22270001 3.70123
22280001 3.70001
22290001 3.70073
22300001 3.70451
22310001 3.70103
22320001 3.70119
22330001 3.70298
22340001 3.70195
22350001 3.70114
22360001 3.70338
22370001 3.70408
22380001 3.70647
22390001 3.70423
22400001 3.7049
22410001 3.70642
22420001 3.70473
22430001 3.70572
22440001 3.70754
22450001 3.70595
22460001 3.70579
22470001 3.70755
22480001 3.70846
22490001 3.71201
22500001 3.70843
22510001 3.7091
22520001 3.7111
22530001 3.70886
22540001 3.71013
22550001 3.71209
22560001 3.71025
22570001 3.7102
22580001 3.71172
22590001 3.71284
22600001 3.71405
22610001 3.71273
22620001 3.71338
22630001 3.71399
22640001 3.71349
22650001 3.71434
22660001 3.71716
22670001 3.71448
22680001 3.71453
22690001 3.71608
22700001 3.71553
22710001 3.71866
22720001 3.71695
22730001 3.7176
22740001 3.71898
22750001 3.71777
22760001 3.71849
22770001 3.72281
22780001 3.71829
22790001 3.71923
22800001 3.72094
22810001 3.71974
22820001 3.71898
22830001 3.72112
22840001 3.72182
22850001 3.72487
22860001 3.72198
22870001 3.72263
22880001 3.72415
22890001 3.72247
22900001 3.72362
22910001 3.72535
22920001 3.72369
22930001 3.72352
22940001 3.72527
22950001 3.7263
22960001 3.72662
22970001 3.72616
22980001 3.72682
22990001 3.72923
23000001 3.72699
23010001 3.72786
23020001 3.7298
23030001 3.72802
23040001 3.72798
23050001 3.72944
23060001 3.73054
23070001 3.73175
23080001 3.73044
23090001 3.7311
23100001 3.73169
23110001 3.73119
23120001 3.73204
23130001 3.73548
23140001 3.7322
23150001 3.7323
23160001 3.73379
23170001 3.73322
23180001 3.73286
23190001 3.73464
23200001 3.73528
23210001 3.73725
23220001 3.73548
23230001 3.73617
23240001 3.74047
23250001 3.73597
23260001 3.73694
23270001 3.73871
23280001 3.73741
23290001 3.73666
23300001 3.7388
23310001 3.73957
23320001 3.74252
23330001 3.73966
23340001 3.74034
23350001 3.74186
23360001 3.74012
23370001 3.74127
23380001 3.743
23390001 3.7414
23400001 3.74134
23410001 3.74292
23420001 3.74395
23430001 3.74473
23440001 3.74381
23450001 3.74447
23460001 3.74686
23470001 3.74464
23480001 3.74553
23490001 3.74772
23500001 3.74565
23510001 3.74566
23520001 3.74707
23530001 3.74668
23540001 3.74945
23550001 3.74806
23560001 3.74873
23570001 3.74971
23580001 3.74884
23590001 3.74966
23600001 3.75308
23610001 3.74995
23620001 3.74992
23630001 3.7514
23640001 3.75084
23650001 3.75048
23660001 3.75225
23670001 3.75291
23680001 3.75485
23690001 3.75311
23700001 3.75377
23710001 3.75481
23720001 3.75358
23730001 3.75453
23740001 3.7563
23750001 3.75477
23760001 3.75447
23770001 3.75639
23780001 3.75717
23790001 3.76079
23800001 3.75725
23810001 3.75792
23820001 3.75944
23830001 3.75768
23840001 3.75888
23850001 3.7607
23860001 3.75897
23870001 3.75901
23880001 3.7605
23890001 3.76158
23900001 3.76229
23910001 3.76143
23920001 3.76212
23930001 3.76261
23940001 3.76226
23950001 3.76309
23960001 3.76586
23970001 3.76324
23980001 3.76322
23990001 3.7648
24000001 3.76428
24010001 3.76736
24020001 3.76561
24030001 3.76629
24040001 3.76725
24050001 3.76648
24060001 3.7672
24070001 3.77091
24080001 3.76748
24090001 3.76765
24100001 3.76941
24110001 3.76839
24120001 3.7676
24130001 3.76979
24140001 3.77049
24150001 3.77284
24160001 3.77063
24170001 3.77129
24180001 3.77279
24190001 3.77112
24200001 3.7721
24210001 3.77388
24220001 3.77228
24230001 3.77217
24240001 3.7739
24250001 3.77479
24260001 3.77828
24270001 3.77476
24280001 3.77542
24290001 3.77739
24300001 3.77518
24310001 3.77643
24320001 3.77818
24330001 3.77655
24340001 3.77651
24350001 3.778
24360001 3.77909
24370001 3.78029
24380001 3.77899
24390001 3.77963
24400001 3.7801
24410001 3.77974
24420001 3.78057
24430001 3.78335
24440001 3.78071
24450001 3.78076
24460001 3.78229
24470001 3.78175
24480001 3.78482
24490001 3.78314
24500001 3.78375
24510001 3.78514
24520001 3.78394
24530001 3.78465
24540001 3.7889
24550001 3.78446
24560001 3.78538
24570001 3.78707
24580001 3.78588
24590001 3.78514
24600001 3.78724
24610001 3.78793
24620001 3.79027
24630001 3.78808
24640001 3.78872
24650001 3.79022
24660001 3.78857
24670001 3.78969
24680001 3.79131
24690001 3.78976
24700001 3.7896
24710001 3.79132
24720001 3.79233
24730001 3.79264
24740001 3.79219
24750001 3.79284
24760001 3.7952
24770001 3.79301
24780001 3.79386
24790001 3.79576
24800001 3.79396
24810001 3.79398
24820001 3.7954
24830001 3.79649
24840001 3.79768
24850001 3.79639
24860001 3.79703
24870001 3.79763
24880001 3.79713
24890001 3.79796
24900001 3.80135
24910001 3.79812
24920001 3.79823
24930001 3.79967
24940001 3.79913
24950001 3.79878
24960001 3.80052
24970001 3.80116
24980001 3.80251
24990001 3.80135
25000001 3.80202
25010001 3.80625
25020001 3.80183
25030001 3.80275
25040001 3.80443
25050001 3.80325
25060001 3.80251
25070001 3.80461
25080001 3.80536
25090001 3.80826
25100001 3.80544
25110001 3.80608
25120001 3.80762
25130001 3.80591
25140001 3.80704
25150001 3.80873
25160001 3.80716
25170001 3.8071
25180001 3.80866
25190001 3.80967
25200001 3.80997
25210001 3.80953
25220001 3.81018
25230001 3.81252
25240001 3.81034
25250001 3.81119
25260001 3.81337
25270001 3.81134
25280001 3.8113
25290001 3.81273
25300001 3.81234
25310001 3.81507
25320001 3.81371
25330001 3.81436
25340001 3.81532
25350001 3.81447
25360001 3.81527
25370001 3.81864
25380001 3.81543
25390001 3.81553
25400001 3.81699
25410001 3.81643
25420001 3.81608
25430001 3.81782
25440001 3.81847
25450001 3.82037
25460001 3.81864
25470001 3.81931
25480001 3.82033
25490001 3.81913
25500001 3.82006
25510001 3.82179
25520001 3.82029
25530001 3.81999
25540001 3.82188
25550001 3.82264
25560001 3.82552
25570001 3.82273
25580001 3.82339
25590001 3.82488
25600001 3.82318
25610001 3.82433
25620001 3.82611
25630001 3.82442
25640001 3.82436
25650001 3.82591
25660001 3.82698
25670001 3.82768
25680001 3.82683
25690001 3.82751
25700001 3.82799
25710001 3.82764
25720001 3.82846
25730001 3.8306
25740001 3.8286
25750001 3.82859
25760001 3.83014
25770001 3.82958
25780001 3.83229
25790001 3.83094
25800001 3.83161
25810001 3.83254
25820001 3.8317
25830001 3.83249
25840001 3.83614
25850001 3.83277
25860001 3.83293
25870001 3.83466
25880001 3.83366
25890001 3.83289
25900001 3.83504
25910001 3.83567
25920001 3.83803
25930001 3.83586
25940001 3.83651
25950001 3.83752
25960001 3.83633
25970001 3.8373
25980001 3.83906
25990001 3.83748
26000001 3.83719
26010001 3.83907
26020001 3.83994
26030001 3.84337
26040001 3.83992
26050001 3.84057
26060001 3.8425
26070001 3.84033
26080001 3.84156
26090001 3.84328
26100001 3.84167
26110001 3.84163
26120001 3.84308
26130001 3.84413
26140001 3.84483
26150001 3.84407
26160001 3.8447
26170001 3.84514
26180001 3.8448
26190001 3.84562
26200001 3.84835
26210001 3.84575
26220001 3.8458
26230001 3.8473
26240001 3.84677
26250001 3.84979
26260001 3.84814
26270001 3.84874
26280001 3.8501
26290001 3.84893
26300001 3.84962
26310001 3.85325
26320001 3.84943
26330001 3.85006
26340001 3.85178
26350001 3.85079
26360001 3.85001
26370001 3.85216
26380001 3.85284
26390001 3.85513
26400001 3.85299
26410001 3.85362
26420001 3.85508
26430001 3.85346
26440001 3.85441
26450001 3.85616
26460001 3.85463
26470001 3.85447
26480001 3.85617
26490001 3.85704
26500001 3.85746
26510001 3.85701
26520001 3.85766
26530001 3.85958
26540001 3.85742
26550001 3.85864
26560001 3.86053
26570001 3.85875
26580001 3.85877
26590001 3.86017
26600001 3.86124
26610001 3.86241
26620001 3.86114
26630001 3.86176
26640001 3.86235
26650001 3.86187
26660001 3.86268
26670001 3.866
26680001 3.86284
26690001 3.86286
26700001 3.86436
26710001 3.86383
26720001 3.86348
26730001 3.86519
26740001 3.86581
26750001 3.86714
26760001 3.866
26770001 3.86667
26780001 3.87082
26790001 3.86647
26800001 3.86738
26810001 3.86902
26820001 3.86786
26830001 3.86714
26840001 3.86919
26850001 3.86994
26860001 3.87279
26870001 3.87002
26880001 3.87064
26890001 3.87215
26900001 3.87047
26910001 3.87158
26920001 3.87325
26930001 3.87165
26940001 3.87164
26950001 3.87317
26960001 3.87416
26970001 3.87446
26980001 3.87402
26990001 3.87466
27000001 3.87697
27010001 3.87482
27020001 3.87565
27030001 3.8778
27040001 3.8758
27050001 3.87576
27060001 3.87717
27070001 3.87678
27080001 3.87947
27090001 3.87812
27100001 3.87876
27110001 3.87933
27120001 3.87887
27130001 3.87966
27140001 3.88297
27150001 3.87981
27160001 3.87991
27170001 3.88134
27180001 3.88079
27190001 3.88044
27200001 3.88215
27210001 3.88279
27220001 3.88466
27230001 3.88296
27240001 3.88362
27250001 3.88462
27260001 3.88343
27270001 3.88435
27280001 3.88606
27290001 3.88457
27300001 3.88428
27310001 3.88614
27320001 3.88689
27330001 3.88972
27340001 3.88697
27350001 3.88762
27360001 3.88908
27370001 3.8874
27380001 3.88854
27390001 3.89016
27400001 3.88863
27410001 3.88857
27420001 3.89009
27430001 3.89114
27440001 3.89182
27450001 3.89099
27460001 3.89165
27470001 3.89213
27480001 3.89179
27490001 3.89259
27500001 3.8947
27510001 3.8927
27520001 3.89271
27530001 3.89423
27540001 3.89368
27550001 3.89635
27560001 3.89502
27570001 3.89565
27580001 3.89659
27590001 3.89576
27600001 3.89654
27610001 3.90013
27620001 3.89682
27630001 3.89697
27640001 3.89867
27650001 3.89769
27660001 3.89692
27670001 3.89904
27680001 3.89966
27690001 3.90152
27700001 3.89985
27710001 3.90048
27720001 3.90148
27730001 3.9003
27740001 3.90121
27750001 3.90291
27760001 3.90143
27770001 3.90114
27780001 3.90299
27790001 3.90385
27800001 3.90722
27810001 3.90382
27820001 3.90446
27830001 3.90635
27840001 3.90422
27850001 3.90537
27860001 3.90712
27870001 3.90554
27880001 3.90549
27890001 3.90692
27900001 3.90796
27910001 3.90864
27920001 3.90781
27930001 3.90847
27940001 3.90894
27950001 3.9086
27960001 3.90941
27970001 3.91209
27980001 3.90954
27990001 3.90952
28000001 3.91104
28010001 3.91054
28020001 3.9135
28030001 3.91182
28040001 3.91247
28050001 3.9138
28060001 3.91265
28070001 3.91334
28080001 3.9169
28090001 3.91361
28100001 3.91376
28110001 3.91545
28120001 3.91447
28130001 3.91371
28140001 3.91582
28150001 3.91649
28160001 3.91874
28170001 3.91662
28180001 3.91725
28190001 3.91869
28200001 3.91709
28210001 3.91803
28220001 3.91974
28230001 3.91824
28240001 3.91808
28250001 3.91975
28260001 3.9206
28270001 3.92396
28280001 3.92057
28290001 3.92121
28300001 3.9231
28310001 3.92097
28320001 3.92217
28330001 3.92403
28340001 3.92228
28350001 3.92224
28360001 3.92367
28370001 3.92472
28380001 3.92587
28390001 3.92462
28400001 3.92523
28410001 3.92581
28420001 3.92533
28430001 3.92613
28440001 3.9288
28450001 3.92628
28460001 3.9263
28470001 3.92778
28480001 3.92726
28490001 3.93021
28500001 3.92859
28510001 3.9292
28520001 3.93051
28530001 3.92936
28540001 3.93004
28550001 3.93412
28560001 3.92984
28570001 3.93073
28580001 3.93235
28590001 3.93121
28600001 3.93049
28610001 3.93251
28620001 3.93317
28630001 3.93605
28640001 3.93332
28650001 3.93393
28660001 3.93537
28670001 3.93377
28680001 3.93486
28690001 3.93649
28700001 3.93492
28710001 3.93476
28720001 3.93641
28730001 3.93738
28740001 3.93768
28750001 3.93725
28760001 3.93787
28770001 3.94014
28780001 3.93803
28790001 3.93884
28800001 3.94067
28810001 3.93899
28820001 3.93895
28830001 3.94033
28840001 3.94136
28850001 3.94251
28860001 3.94126
28870001 3.94189
28880001 3.94245
28890001 3.94197
28900001 3.94277
28910001 3.94602
28920001 3.94291
28930001 3.94301
28940001 3.94442
28950001 3.94388
28960001 3.94353
28970001 3.94521
28980001 3.94582
28990001 3.94768
29000001 3.946
29010001 3.94665
29020001 3.95071
29030001 3.94646
29040001 3.94737
29050001 3.94904
29060001 3.94781
29070001 3.9471
29080001 3.94912
29090001 3.94985
29100001 3.95264
29110001 3.94993
29120001 3.95057
29130001 3.952
29140001 3.95035
29150001 3.95147
29160001 3.95307
29170001 3.95155
29180001 3.95149
29190001 3.95299
29200001 3.95396
29210001 3.95469
29220001 3.95382
29230001 3.95444
29240001 3.9567
29250001 3.95459
29260001 3.95544
29270001 3.95751
29280001 3.95555
29290001 3.95555
29300001 3.95688
29310001 3.95651
29320001 3.95913
29330001 3.95781
29340001 3.95844
29350001 3.95936
29360001 3.95854
29370001 3.95931
29380001 3.96284
29390001 3.95958
29400001 3.95955
29410001 3.96095
29420001 3.96041
29430001 3.95967
29440001 3.96174
29450001 3.96237
29460001 3.9642
29470001 3.96255
29480001 3.96317
29490001 3.96415
29500001 3.96299
29510001 3.96388
29520001 3.96555
29530001 3.9641
29540001 3.96381
29550001 3.96563
29560001 3.96647
29570001 3.96979
29580001 3.96643
29590001 3.96706
29600001 3.96893
29610001 3.96683
29620001 3.96796
29630001 3.96968
29640001 3.96804
29650001 3.96807
29660001 3.96948
29670001 3.9705
29680001 3.97117
29690001 3.97035
29700001 3.971
29710001 3.97146
29720001 3.97113
29730001 3.97191
29740001 3.97455
29750001 3.97204
29760001 3.97202
29770001 3.97351
29780001 3.97302
29790001 3.97594
29800001 3.97428
29810001 3.97492
29820001 3.97582
29830001 3.97509
29840001 3.97576
29850001 3.97927
29860001 3.97603
29870001 3.97618
29880001 3.97784
29890001 3.97687
29900001 3.97612
29910001 3.9782
29920001 3.97885
29930001 3.98107
29940001 3.97898
29950001 3.9796
29960001 3.98101
29970001 3.97944
29980001 3.98036
29990001 3.98204
