1 2195.59
10001 89.1097
20001 47.5419
30001 31.5123
40001 23.1789
50001 17.8547
60001 14.521
70001 12.3235
80001 10.7668
90001 9.60054
100001 8.6986
110001 7.92944
120001 7.34036
130001 7.75654
140001 6.9693
150001 7.25187
160001 6.09068
170001 5.83413
180001 5.65437
190001 5.52055
200001 5.34909
210001 5.21749
220001 5.03908
230001 4.88305
240001 4.79217
250001 5.26275
260001 5.90451
270001 4.74058
280001 4.56424
290001 4.51981
300001 4.50388
310001 4.42641
320001 4.38585
330001 4.28703
340001 4.19399
350001 4.16306
360001 4.93755
370001 5.82545
380001 4.2528
390001 4.10134
400001 4.09758
410001 4.19723
420001 4.05456
430001 4.05338
440001 3.97267
450001 3.90377
460001 3.88039
470001 4.71409
480001 4.28632
490001 4.07164
500001 3.87763
510001 3.87689
520001 4.06149
530001 3.87152
540001 3.87909
550001 3.81522
560001 3.75023
570001 3.72371
580001 4.8272
590001 4.17164
600001 3.98061
610001 3.75461
620001 3.75763
630001 3.95161
640001 3.77098
650001 3.77815
660001 3.72001
670001 3.6605
680001 3.62922
690001 5.11979
700001 4.22865
710001 3.90612
720001 3.67914
730001 3.68376
740001 3.93391
750001 3.70936
760001 3.72194
770001 3.65493
780001 3.60532
790001 3.57911
800001 5.07628
810001 4.17674
820001 3.91507
830001 3.63213
840001 3.63292
850001 3.86996
860001 3.65575
870001 3.71555
880001 3.61595
890001 3.56768
900001 3.54331
910001 5.54538
920001 4.1824
930001 3.94111
940001 3.59919
950001 3.59959
960001 3.88137
970001 3.62537
980001 3.68739
990001 3.58549
1000001 3.54117
1010001 3.52134
1020001 5.52908
1030001 4.33717
1040001 3.91708
1050001 3.5751
1060001 3.57562
1070001 3.87187
1080001 3.60797
1090001 3.67056
1100001 3.57235
1110001 3.52296
1120001 3.49924
1130001 4.1066
1140001 4.31614
1150001 3.968
1160001 3.55796
1170001 3.55714
1180001 3.8574
1190001 3.59213
1200001 3.66642
1210001 3.56159
1220001 3.52055
1230001 3.48233
1240001 4.26124
1250001 4.52634
1260001 4.02946
1270001 3.55009
1280001 3.54788
1290001 3.56076
1300001 3.58174
1310001 3.64558
1320001 3.56051
1330001 3.50622
1340001 3.46981
1350001 4.25114
1360001 4.51335
1370001 4.02115
1380001 3.54656
1390001 3.53879
1400001 3.55318
1410001 3.56244
1420001 3.55347
1430001 3.55803
1440001 3.50003
1450001 3.46944
1460001 4.49232
1470001 3.76119
1480001 4.12373
1490001 3.54186
1500001 3.52613
1510001 3.54525
1520001 3.55298
1530001 3.54896
1540001 3.54863
1550001 3.49799
1560001 3.45733
1570001 4.58105
1580001 3.87919
1590001 4.37487
1600001 3.55917
1610001 3.52007
1620001 3.53663
1630001 3.54988
1640001 3.54893
1650001 3.55714
1660001 3.49378
1670001 3.44675
1680001 4.59452
1690001 3.87457
1700001 4.36914
1710001 3.55509
1720001 3.51008
1730001 3.53328
1740001 3.54374
1750001 3.534
1760001 3.55464
1770001 3.49332
1780001 3.44935
1790001 4.89003
1800001 3.97735
1810001 4.75357
1820001 3.56778
1830001 3.51025
1840001 3.5303
1850001 3.53848
1860001 3.53098
1870001 3.55748
1880001 3.49011
1890001 3.44442
1900001 4.89123
1910001 4.13105
1920001 4.98325
1930001 3.57214
1940001 3.51077
1950001 3.52073
1960001 3.56221
1970001 3.53335
1980001 3.55185
1990001 3.49552
2000001 3.4399
2010001 3.44717
2020001 4.14098
2030001 4.98293
2040001 3.65006
2050001 3.5079
2060001 3.51846
2070001 3.562
2080001 3.53341
2090001 3.55084
2100001 3.49399
2110001 3.43724
2120001 3.45074
2130001 4.36274
2140001 5.3576
2150001 3.64325
2160001 3.5024
2170001 3.52552
2180001 3.66503
2190001 3.52944
2200001 3.55942
2210001 3.49734
2220001 3.44725
2230001 3.44218
2240001 4.36231
2250001 3.87867
2260001 3.69505
2270001 3.49912
2280001 3.51225
2290001 3.72503
2300001 3.53361
2310001 3.55726
2320001 3.50432
2330001 3.45184
2340001 3.4357
2350001 4.60832
2360001 3.91637
2370001 3.72782
2380001 3.4996
2390001 3.50904
2400001 3.72037
2410001 3.53475
2420001 3.55988
2430001 3.50776
2440001 3.45151
2450001 3.4343
2460001 4.97277
2470001 4.0553
2480001 3.72801
2490001 3.49839
2500001 3.50854
2510001 3.77202
2520001 3.54158
2530001 3.56678
2540001 3.50131
2550001 3.45558
2560001 3.43429
2570001 4.97381
2580001 4.04993
2590001 3.78753
2600001 3.49913
2610001 3.50359
2620001 3.75679
2630001 3.53113
2640001 3.59999
2650001 3.50269
2660001 3.4559
2670001 3.43659
2680001 5.47601
2690001 4.0893
2700001 3.84507
2710001 3.49946
2720001 3.50125
2730001 3.79309
2740001 3.53189
2750001 3.60183
2760001 3.50094
2770001 3.45716
2780001 3.43744
2790001 5.47573
2800001 4.26806
2810001 3.84272
2820001 3.49763
2830001 3.49983
2840001 3.80416
2850001 3.53541
2860001 3.60469
2870001 3.50504
2880001 3.4556
2890001 3.43408
2900001 4.05193
2910001 4.2632
2920001 3.90994
2930001 3.49604
2940001 3.49727
2950001 3.80436
2960001 3.53578
2970001 3.61445
2980001 3.50827
2990001 3.46756
3000001 3.43084
3010001 4.2166
3020001 4.48604
3030001 3.98479
3040001 3.50065
3050001 3.50068
3060001 3.51277
3070001 3.53482
3080001 3.60247
3090001 3.5179
3100001 3.46272
3110001 3.42868
3120001 4.21726
3130001 4.4805
3140001 3.98343
3150001 3.50582
3160001 3.49935
3170001 3.51269
3180001 3.52465
3190001 3.51609
3200001 3.52449
3210001 3.46576
3220001 3.4345
3230001 4.46656
3240001 3.72862
3250001 4.09395
3260001 3.50835
3270001 3.49377
3280001 3.51357
3290001 3.51985
3300001 3.51698
3310001 3.52019
3320001 3.4667
3330001 3.42946
3340001 4.46412
3350001 3.85266
3360001 4.35173
3370001 3.5066
3380001 3.49279
3390001 3.50942
3400001 3.52336
3410001 3.52458
3420001 3.53394
3430001 3.46958
3440001 3.42708
3450001 4.57747
3460001 3.85394
3470001 4.35016
3480001 3.532
3490001 3.48988
3500001 3.50857
3510001 3.5194
3520001 3.51394
3530001 3.53452
3540001 3.47126
3550001 3.42869
3560001 4.87313
3570001 3.95853
3580001 4.73721
3590001 3.54825
3600001 3.49113
3610001 3.51145
3620001 3.51987
3630001 3.51141
3640001 3.5415
3650001 3.47262
3660001 3.42684
3670001 4.87816
3680001 3.95533
3690001 4.96662
3700001 3.55512
3710001 3.49397
3720001 3.50407
3730001 3.54537
3740001 3.51745
3750001 3.53498
3760001 3.47952
3770001 3.41799
3780001 3.43319
3790001 4.12902
3800001 4.9702
3810001 3.55606
3820001 3.49285
3830001 3.50299
3840001 3.54693
3850001 3.52135
3860001 3.5387
3870001 3.482
3880001 3.42437
3890001 3.44196
3900001 4.35332
3910001 5.3479
3920001 3.63081
3930001 3.49036
3940001 3.51197
3950001 3.65276
3960001 3.51777
3970001 3.54924
3980001 3.48404
3990001 3.43555
4000001 3.43296
4010001 4.35255
4020001 5.35405
4030001 3.68561
4040001 3.48882
4050001 3.50184
4060001 3.71533
4070001 3.52264
4080001 3.54915
4090001 3.49302
4100001 3.44306
4110001 3.42626
4120001 4.60144
4130001 3.90603
4140001 3.71768
4150001 3.48919
4160001 3.4995
4170001 3.71108
4180001 3.52626
4190001 3.55106
4200001 3.49887
4210001 3.44106
4220001 3.42337
4230001 4.96856
4240001 4.04478
4250001 3.71932
4260001 3.48916
4270001 3.49968
4280001 3.76426
4290001 3.53315
4300001 3.55967
4310001 3.49451
4320001 3.44628
4330001 3.42705
4340001 4.96911
4350001 4.04141
4360001 3.78042
4370001 3.49222
4380001 3.49635
4390001 3.74776
4400001 3.52305
4410001 3.59209
4420001 3.4957
4430001 3.44863
4440001 3.42963
4450001 5.47256
4460001 4.08268
4470001 3.84023
4480001 3.49291
4490001 3.49438
4500001 3.78564
4510001 3.52488
4520001 3.59637
4530001 3.49344
4540001 3.45148
4550001 3.43055
4560001 5.4718
4570001 4.26759
4580001 3.83523
4590001 3.49028
4600001 3.49426
4610001 3.79805
4620001 3.52946
4630001 3.6012
4640001 3.49825
4650001 3.44845
4660001 3.42681
4670001 4.04777
4680001 4.25926
4690001 3.9051
4700001 3.49026
4710001 3.49204
4720001 3.79946
4730001 3.52935
4740001 3.59854
4750001 3.50326
4760001 3.46166
4770001 3.42635
4780001 4.21016
4790001 4.48132
4800001 3.9808
4810001 3.4953
4820001 3.49093
4830001 3.5077
4840001 3.52842
4850001 3.59768
4860001 3.51123
4870001 3.45802
4880001 3.4241
4890001 4.21313
4900001 4.47881
4910001 3.97842
4920001 3.50126
4930001 3.49486
4940001 3.51375
4950001 3.52088
4960001 3.51068
4970001 3.52155
4980001 3.46183
4990001 3.43047
5000001 4.46323
5010001 3.72387
5020001 4.09079
5030001 3.50442
5040001 3.48975
5050001 3.5093
5060001 3.51656
5070001 3.51026
5080001 3.51775
5090001 3.46167
5100001 3.42533
5110001 4.46229
5120001 3.84899
5130001 4.34544
5140001 3.50323
5150001 3.48889
5160001 3.50606
5170001 3.51952
5180001 3.52038
5190001 3.52639
5200001 3.46503
5210001 3.42381
5220001 4.57589
5230001 3.84997
5240001 4.34799
5250001 3.52856
5260001 3.48709
5270001 3.50301
5280001 3.51641
5290001 3.50824
5300001 3.52965
5310001 3.46895
5320001 3.42457
5330001 4.86827
5340001 3.95557
5350001 4.73462
5360001 3.5452
5370001 3.48763
5380001 3.5078
5390001 3.51621
5400001 3.50849
5410001 3.53884
5420001 3.46978
5430001 3.42565
5440001 4.8758
5450001 3.95283
5460001 4.96723
5470001 3.55222
5480001 3.49076
5490001 3.50105
5500001 3.54443
5510001 3.51411
5520001 3.53277
5530001 3.47707
5540001 3.41814
5550001 3.43124
5560001 4.12493
5570001 4.96729
5580001 3.553
5590001 3.49103
5600001 3.4999
5610001 3.54394
5620001 3.5211
5630001 3.5352
5640001 3.47989
5650001 3.42143
5660001 3.43627
5670001 4.35362
5680001 5.34522
5690001 3.62829
5700001 3.49028
5710001 3.5085
5720001 3.64918
5730001 3.51524
5740001 3.54715
5750001 3.48089
5760001 3.4347
5770001 3.43175
5780001 4.35019
5790001 5.35106
5800001 3.6844
5810001 3.48636
5820001 3.4997
5830001 3.651
5840001 3.52104
5850001 3.54561
5860001 3.48991
5870001 3.44122
5880001 3.42392
5890001 4.60038
5900001 3.90307
5910001 3.71287
5920001 3.48613
5930001 3.49724
5940001 3.70965
5950001 3.52271
5960001 3.54902
5970001 3.49613
5980001 3.4374
5990001 3.42265
6000001 4.59359
6010001 4.04293
6020001 3.71769
6030001 3.48645
6040001 3.49816
6050001 3.76211
6060001 3.53153
6070001 3.55821
6080001 3.49332
6090001 3.44479
6100001 3.42445
6110001 4.96735
6120001 4.03989
6130001 3.77923
6140001 3.4899
6150001 3.49465
6160001 3.74499
6170001 3.52109
6180001 3.58551
6190001 3.49502
6200001 3.44914
6210001 3.42692
6220001 5.47225
6230001 4.08169
6240001 3.83841
6250001 3.49105
6260001 3.49365
6270001 3.78424
6280001 3.52363
6290001 3.59393
6300001 3.49117
6310001 3.4509
6320001 3.42912
6330001 5.47153
6340001 4.27041
6350001 3.83395
6360001 3.48758
6370001 3.49265
6380001 3.79709
6390001 3.52904
6400001 3.59969
6410001 3.4963
6420001 3.44769
6430001 3.42565
6440001 4.04557
6450001 4.2592
6460001 3.90491
6470001 3.4891
6480001 3.49021
6490001 3.79751
6500001 3.52818
6510001 3.59592
6520001 3.50064
6530001 3.45925
6540001 3.42383
6550001 4.21128
6560001 4.47994
6570001 3.97804
6580001 3.49401
6590001 3.4897
6600001 3.50669
6610001 3.52649
6620001 3.59707
6630001 3.50751
6640001 3.45651
6650001 3.42439
6660001 4.21213
6670001 4.4799
6680001 3.97849
6690001 3.49983
6700001 3.49391
6710001 3.51029
6720001 3.51837
6730001 3.50804
6740001 3.52165
6750001 3.46183
6760001 3.42956
6770001 4.46208
6780001 3.72232
6790001 4.0895
6800001 3.50257
6810001 3.48832
6820001 3.50764
6830001 3.51563
6840001 3.5077
6850001 3.51625
6860001 3.45864
6870001 3.42693
6880001 4.46257
6890001 3.84529
6900001 4.34479
6910001 3.50167
6920001 3.48807
6930001 3.50512
6940001 3.51794
6950001 3.51885
6960001 3.52195
6970001 3.46396
6980001 3.42148
6990001 4.57603
7000001 3.84857
7010001 4.34712
7020001 3.52737
7030001 3.48607
7040001 3.50151
7050001 3.51615
7060001 3.51095
7070001 3.52851
7080001 3.4665
7090001 3.42344
7100001 4.86741
7110001 3.95314
7120001 4.73421
7130001 3.54382
7140001 3.48646
7150001 3.50667
7160001 3.51371
7170001 3.50787
7180001 3.53764
7190001 3.46895
7200001 3.42287
7210001 4.87501
7220001 3.95421
7230001 4.7334
7240001 3.55142
7250001 3.48957
7260001 3.49981
7270001 3.54791
7280001 3.51348
7290001 3.53145
7300001 3.47536
7310001 3.4193
7320001 3.42833
7330001 4.12364
7340001 4.96626
7350001 3.55173
7360001 3.48947
7370001 3.50019
7380001 3.54335
7390001 3.51821
7400001 3.53436
7410001 3.47865
7420001 3.4195
7430001 3.43181
7440001 4.35242
7450001 5.34255
7460001 3.62701
7470001 3.48866
7480001 3.50671
7490001 3.64894
7500001 3.51372
7510001 3.5459
7520001 3.47742
7530001 3.43417
7540001 3.4305
7550001 4.35113
7560001 5.3527
7570001 3.68323
7580001 3.48562
7590001 3.49796
7600001 3.65109
7610001 3.52091
7620001 3.54288
7630001 3.48834
7640001 3.43279
7650001 3.42296
7660001 4.59945
7670001 3.90244
7680001 3.68201
7690001 3.4854
7700001 3.49677
7710001 3.70817
7720001 3.52205
7730001 3.54835
7740001 3.49491
7750001 3.43617
7760001 3.4201
7770001 4.59391
7780001 4.04223
7790001 3.71694
7800001 3.48633
7810001 3.49714
7820001 3.76102
7830001 3.53026
7840001 3.55725
7850001 3.49215
7860001 3.44392
7870001 3.42225
7880001 4.96664
7890001 4.04116
7900001 3.77903
7910001 3.48877
7920001 3.49384
7930001 3.744
7940001 3.5259
7950001 3.55968
7960001 3.49295
7970001 3.45051
7980001 3.42396
7990001 5.47065
8000001 4.08128
8010001 3.83981
8020001 3.48827
8030001 3.49362
8040001 3.78365
8050001 3.52339
8060001 3.59342
8070001 3.48925
8080001 3.44827
8090001 3.42683
8100001 5.47109
8110001 4.0834
8120001 3.83541
8130001 3.48696
8140001 3.49155
8150001 3.79381
8160001 3.52993
8170001 3.59791
8180001 3.49518
8190001 3.44572
8200001 3.4254
8210001 4.04441
8220001 4.2586
8230001 3.90504
8240001 3.48856
8250001 3.48975
8260001 3.79645
8270001 3.52787
8280001 3.59282
8290001 3.49944
8300001 3.4594
8310001 3.4225
8320001 4.04998
8330001 4.47901
8340001 3.97894
8350001 3.49337
8360001 3.48965
8370001 3.50613
8380001 3.52632
8390001 3.59602
8400001 3.50383
8410001 3.45665
8420001 3.42522
8430001 4.21128
8440001 4.47897
8450001 3.9777
8460001 3.4988
8470001 3.49296
8480001 3.50924
8490001 3.51578
8500001 3.50592
8510001 3.5212
8520001 3.46097
8530001 3.43114
8540001 4.45959
8550001 3.72173
8560001 4.08898
8570001 3.50042
8580001 3.48758
8590001 3.50704
8600001 3.51409
8610001 3.50733
8620001 3.51587
8630001 3.45662
8640001 3.4282
8650001 4.46179
8660001 3.84836
8670001 4.34181
8680001 3.50089
8690001 3.48625
8700001 3.50409
8710001 3.5163
8720001 3.51802
8730001 3.51702
8740001 3.46319
8750001 3.42008
8760001 4.5766
8770001 3.8487
8780001 4.34664
8790001 3.52673
8800001 3.48514
8810001 3.50068
8820001 3.5186
8830001 3.51481
8840001 3.52814
8850001 3.46473
8860001 3.42381
8870001 4.86712
8880001 3.95165
8890001 4.73327
8900001 3.54357
8910001 3.48522
8920001 3.50513
8930001 3.51286
8940001 3.50736
8950001 3.5376
8960001 3.46799
8970001 3.42298
8980001 4.87502
8990001 3.95477
9000001 4.73227
9010001 3.55018
9020001 3.48866
9030001 3.49912
9040001 3.54518
9050001 3.5124
9060001 3.53491
9070001 3.47453
9080001 3.41979
9090001 3.42766
9100001 4.12216
9110001 4.96541
9120001 3.55157
9130001 3.48887
9140001 3.49956
9150001 3.5431
9160001 3.51655
9170001 3.5334
9180001 3.47731
9190001 3.41849
9200001 3.43294
9210001 4.35575
9220001 5.34335
9230001 3.62654
9240001 3.48848
9250001 3.50611
9260001 3.64866
9270001 3.51361
9280001 3.54545
9290001 3.47573
9300001 3.43332
9310001 3.43089
9320001 4.3496
9330001 5.3512
9340001 3.68369
9350001 3.4857
9360001 3.49769
9370001 3.65891
9380001 3.52116
9390001 3.54146
9400001 3.48794
9410001 3.43253
9420001 3.42356
9430001 4.59904
9440001 3.90172
9450001 3.68292
9460001 3.48379
9470001 3.49593
9480001 3.70731
9490001 3.5211
9500001 3.54864
9510001 3.49487
9520001 3.43606
9530001 3.42271
9540001 4.59206
9550001 4.04787
9560001 3.71659
9570001 3.48592
9580001 3.49639
9590001 3.76027
9600001 3.52975
9610001 3.55615
9620001 3.48938
9630001 3.44267
9640001 3.4217
9650001 4.96482
9660001 4.04066
9670001 3.77876
9680001 3.48823
9690001 3.49238
9700001 3.74437
9710001 3.52248
9720001 3.55829
9730001 3.4929
9740001 3.45051
9750001 3.42643
9760001 5.47002
9770001 4.08134
9780001 3.78497
9790001 3.48639
9800001 3.49262
9810001 3.7832
9820001 3.52285
9830001 3.59348
9840001 3.48906
9850001 3.44786
9860001 3.42595
9870001 5.47052
9880001 4.0816
9890001 3.83587
9900001 3.48622
9910001 3.4911
9920001 3.7758
9930001 3.52779
9940001 3.59877
9950001 3.49486
9960001 3.44504
9970001 3.42516
9980001 4.04381
9990001 4.25809
