1 2195.6
10001 326.55
20001 132.445
30001 88.3083
40001 53.0662
50001 33.2092
60001 24.4966
70001 16.2988
80001 17.1051
90001 10.2629
100001 14.0853
110001 7.94964
120001 7.35763
130001 6.88354
140001 6.77796
150001 6.38959
160001 6.63315
170001 6.04148
180001 5.9273
190001 5.83888
200001 5.713
210001 5.59075
220001 5.50378
230001 5.42419
240001 5.38971
250001 5.35849
260001 5.29567
270001 5.23262
280001 5.22993
290001 5.23804
300001 6.17159
310001 5.20957
320001 5.0248
330001 4.94563
340001 4.89835
350001 4.85404
360001 4.76969
370001 4.7226
380001 4.90229
390001 4.66528
400001 4.63707
410001 4.54525
420001 4.41561
430001 4.37028
440001 4.21811
450001 4.1516
460001 4.13251
470001 4.12483
480001 4.14932
490001 4.16793
500001 4.14448
510001 4.14248
520001 11.6584
530001 5.19753
540001 4.26722
550001 4.32042
560001 4.1894
570001 4.12847
580001 5.42986
590001 4.30917
600001 5.99781
610001 4.27813
620001 4.37946
630001 4.30664
640001 4.38476
650001 4.35875
660001 4.36923
670001 4.39532
680001 4.46851
690001 4.49049
700001 4.5103
710001 4.53809
720001 4.5157
730001 4.6101
740001 7.0254
750001 4.67876
760001 4.53298
770001 4.50263
780001 4.5303
790001 4.54591
800001 4.46334
810001 4.44574
820001 4.7606
830001 4.39402
840001 4.33024
850001 4.22862
860001 4.17911
870001 4.15413
880001 4.04258
890001 3.98805
900001 3.96516
910001 3.99728
920001 3.91318
930001 4.01136
940001 4.01143
950001 3.99527
960001 4.05703
970001 5.83332
980001 4.15277
990001 5.33433
1000001 4.11394
1010001 4.10301
1020001 5.31477
1030001 4.38379
1040001 5.90729
1050001 4.25274
1060001 4.24375
1070001 4.2287
1080001 4.31028
1090001 4.26523
1100001 4.29722
1110001 4.30997
1120001 4.37445
1130001 4.42991
1140001 4.43105
1150001 4.46582
1160001 4.52066
1170001 4.46176
1180001 6.97152
1190001 4.97625
1200001 4.50249
1210001 4.46603
1220001 4.46206
1230001 4.46129
1240001 4.40846
1250001 4.44097
1260001 5.81806
1270001 4.35563
1280001 4.34904
1290001 4.27919
1300001 4.15902
1310001 4.12871
1320001 4.01736
1330001 3.96252
1340001 3.97253
1350001 3.99284
1360001 3.9202
1370001 3.94978
1380001 3.94642
1390001 3.98812
1400001 4.06789
1410001 5.80358
1420001 4.0975
1430001 5.32885
1440001 4.0074
1450001 4.07768
1460001 9.41248
1470001 4.30084
1480001 11.6284
1490001 4.20297
1500001 4.20526
1510001 4.20973
1520001 4.26587
1530001 4.26334
1540001 4.27508
1550001 4.29241
1560001 4.32237
1570001 4.41096
1580001 4.42688
1590001 4.43338
1600001 4.52123
1610001 4.48583
1620001 4.49443
1630001 5.68877
1640001 4.4899
1650001 4.47321
1660001 4.48467
1670001 4.41967
1680001 4.37685
1690001 4.36361
1700001 5.76432
1710001 4.574
1720001 4.34073
1730001 4.29491
1740001 4.23012
1750001 4.12731
1760001 4.04832
1770001 3.96979
1780001 3.95176
1790001 3.95222
1800001 3.90443
1810001 3.97193
1820001 3.96767
1830001 3.984
1840001 4.03553
1850001 11.583
1860001 4.09906
1870001 11.4985
1880001 4.04943
1890001 4.0002
1900001 3.99217
1910001 4.34224
1920001 4.17135
1930001 4.78476
1940001 4.20179
1950001 4.24844
1960001 4.29859
1970001 4.28283
1980001 4.27786
1990001 4.29178
2000001 4.30795
2010001 4.37925
2020001 4.42245
2030001 4.42315
2040001 4.43371
2050001 4.48561
2060001 4.54022
2070001 5.64832
2080001 4.61221
2090001 4.46975
2100001 4.43024
2110001 4.42629
2120001 4.41274
2130001 4.3636
2140001 4.33325
2150001 4.5588
2160001 4.32272
2170001 4.32818
2180001 4.24901
2190001 4.13985
2200001 4.11469
2210001 3.97923
2220001 3.92589
2230001 3.92586
2240001 3.93123
2250001 3.96659
2260001 3.99558
2270001 3.9748
2280001 3.99023
2290001 11.5916
2300001 5.07238
2310001 4.10667
2320001 4.17693
2330001 4.04663
2340001 3.98885
2350001 5.32667
2360001 4.18344
2370001 5.9052
2380001 4.15887
2390001 4.23575
2400001 4.19352
2410001 4.27778
2420001 4.25315
2430001 4.26836
2440001 4.29684
2450001 4.37845
2460001 4.40069
2470001 4.42564
2480001 4.44804
2490001 4.43457
2500001 4.5319
2510001 6.97477
2520001 4.604
2530001 4.46212
2540001 4.43575
2550001 4.46972
2560001 4.48699
2570001 4.4098
2580001 4.38257
2590001 4.7065
2600001 4.34032
2610001 4.28565
2620001 4.18559
2630001 4.13863
2640001 4.12322
2650001 4.00443
2660001 3.95018
2670001 3.92479
2680001 3.94904
2690001 3.88552
2700001 3.98352
2710001 3.98658
2720001 3.96243
2730001 4.02578
2740001 5.80979
2750001 4.12832
2760001 5.31054
2770001 4.07824
2780001 4.07473
2790001 5.29742
2800001 4.36151
2810001 5.90146
2820001 4.22923
2830001 4.22463
2840001 4.20309
2850001 4.28822
2860001 4.24413
2870001 4.27375
2880001 4.28827
2890001 4.35562
2900001 4.41021
2910001 4.4121
2920001 4.44577
2930001 4.50035
2940001 4.44397
2950001 6.96481
2960001 4.95961
2970001 4.48567
2980001 4.45115
2990001 4.45263
3000001 4.45028
3010001 4.3888
3020001 4.43403
3030001 5.80371
3040001 4.35787
3050001 4.32299
3060001 4.27405
3070001 4.14895
3080001 4.1207
3090001 4.00652
3100001 3.95148
3110001 3.96431
3120001 3.98375
3130001 3.91018
3140001 3.9385
3150001 3.93695
3160001 3.97441
3170001 4.06318
3180001 5.79636
3190001 4.08774
3200001 5.31966
3210001 3.99701
3220001 4.07762
3230001 9.41
3240001 4.30208
3250001 11.6242
3260001 4.2097
3270001 4.20216
3280001 4.20412
3290001 4.2605
3300001 4.25665
3310001 4.27185
3320001 4.28695
3330001 4.31863
3340001 4.40495
3350001 4.42166
3360001 4.42782
3370001 4.51079
3380001 4.48472
3390001 4.48515
3400001 5.68322
3410001 4.48175
3420001 4.46115
3430001 4.47947
3440001 4.41136
3450001 4.37343
3460001 4.35995
3470001 5.75826
3480001 4.57665
3490001 4.33738
3500001 4.30471
3510001 4.21994
3520001 4.1273
3530001 4.04432
3540001 3.96455
3550001 3.94763
3560001 3.94784
3570001 3.90093
3580001 3.9694
3590001 3.94798
3600001 3.97706
3610001 4.0289
3620001 11.5805
3630001 4.09228
3640001 11.496
3650001 4.04246
3660001 3.9945
3670001 3.97583
3680001 4.33932
3690001 4.1721
3700001 4.78185
3710001 4.19571
3720001 4.24627
3730001 4.29706
3740001 4.28238
3750001 4.27687
3760001 4.28994
3770001 4.30706
3780001 4.37865
3790001 4.42252
3800001 4.41587
3810001 4.43269
3820001 4.48387
3830001 4.5339
3840001 5.64587
3850001 4.60667
3860001 4.46854
3870001 4.42809
3880001 4.42158
3890001 4.41125
3900001 4.35624
3910001 4.33231
3920001 4.5779
3930001 4.32296
3940001 4.32759
3950001 4.24872
3960001 4.14172
3970001 4.09796
3980001 3.97705
3990001 3.92398
4000001 3.924
4010001 3.92779
4020001 3.97036
4030001 3.987
4040001 3.96277
4050001 3.99082
4060001 11.5822
4070001 5.06892
4080001 4.12313
4090001 4.17981
4100001 4.04773
4110001 3.98883
4120001 5.32878
4130001 4.17375
4140001 5.90327
4150001 4.15904
4160001 4.23832
4170001 4.1927
4180001 4.27798
4190001 4.25326
4200001 4.26794
4210001 4.29663
4220001 4.38217
4230001 4.39978
4240001 4.42502
4250001 4.44531
4260001 4.43358
4270001 4.52907
4280001 6.97394
4290001 4.60886
4300001 4.45854
4310001 4.43466
4320001 4.46906
4330001 4.44633
4340001 4.40724
4350001 4.37062
4360001 4.70424
4370001 4.33501
4380001 4.2851
4390001 4.18613
4400001 4.1384
4410001 4.12795
4420001 4.00465
4430001 3.94887
4440001 3.92381
4450001 3.95343
4460001 3.88963
4470001 3.98335
4480001 3.98539
4490001 3.95007
4500001 4.03018
4510001 5.80486
4520001 4.1286
4530001 5.30989
4540001 4.07755
4550001 4.07601
4560001 5.30862
4570001 4.35742
4580001 5.90116
4590001 4.22934
4600001 4.22473
4610001 4.19845
4620001 4.28872
4630001 4.2445
4640001 4.26972
4650001 4.28965
4660001 4.35666
4670001 4.41744
4680001 4.41222
4690001 4.4452
4700001 4.49303
4710001 4.44496
4720001 6.96578
4730001 4.9591
4740001 4.50308
4750001 4.45161
4760001 4.45823
4770001 4.44982
4780001 4.38121
4790001 4.43603
4800001 5.80287
4810001 4.356
4820001 4.30275
4830001 4.27214
4840001 4.14632
4850001 4.12171
4860001 4.00557
4870001 3.95049
4880001 3.96255
4890001 3.98265
4900001 3.90909
4910001 3.94946
4920001 3.93675
4930001 3.97519
4940001 4.06952
4950001 5.79663
4960001 4.08925
4970001 5.3197
4980001 3.99625
4990001 4.0727
5000001 9.40977
5010001 4.30499
5020001 11.6248
5030001 4.20811
5040001 4.20387
5050001 4.20525
5060001 4.26169
5070001 4.25671
5080001 4.27508
5090001 4.28995
5100001 4.31872
5110001 4.40518
5120001 4.42242
5130001 4.42849
5140001 4.50997
5150001 4.48701
5160001 4.48544
5170001 5.67991
5180001 4.4812
5190001 4.46824
5200001 4.4788
5210001 4.40631
5220001 4.37401
5230001 4.36136
5240001 5.75405
5250001 4.57594
5260001 4.33661
5270001 4.29186
5280001 4.2166
5290001 4.13162
5300001 4.04443
5310001 3.96286
5320001 3.9442
5330001 3.94737
5340001 3.90065
5350001 3.97328
5360001 3.94945
5370001 3.97764
5380001 4.03235
5390001 11.5822
5400001 4.09085
5410001 11.4978
5420001 4.04894
5430001 3.99542
5440001 3.97554
5450001 4.33902
5460001 4.16549
5470001 4.78208
5480001 4.19462
5490001 4.24713
5500001 4.29641
5510001 4.28533
5520001 4.27493
5530001 4.29046
5540001 4.31555
5550001 4.37962
5560001 4.41899
5570001 4.41794
5580001 4.43221
5590001 4.48294
5600001 4.53144
5610001 5.64906
5620001 4.60455
5630001 4.4697
5640001 4.42937
5650001 4.41687
5660001 4.41119
5670001 4.35909
5680001 4.33527
5690001 4.57448
5700001 4.32465
5710001 4.32819
5720001 4.24781
5730001 4.13998
5740001 4.10232
5750001 3.97651
5760001 3.92473
5770001 3.92505
5780001 3.92641
5790001 3.96848
5800001 3.98527
5810001 3.95971
5820001 3.99272
5830001 11.5825
5840001 5.06767
5850001 11.5603
5860001 4.18045
5870001 4.04418
5880001 3.991
5890001 5.33745
5900001 4.17224
5910001 5.90796
5920001 4.15855
5930001 4.26376
5940001 4.19331
5950001 4.28211
5960001 4.25508
5970001 4.26811
5980001 4.29797
5990001 4.38771
6000001 4.39987
6010001 4.42417
6020001 4.44112
6030001 4.43468
6040001 4.52797
6050001 6.97341
6060001 4.60178
6070001 4.45839
6080001 4.43146
6090001 4.47031
6100001 4.44212
6110001 4.40483
6120001 4.37405
6130001 4.70385
6140001 4.33384
6150001 4.28373
6160001 4.18621
6170001 4.13788
6180001 4.12872
6190001 4.00438
6200001 3.94965
6210001 3.91103
6220001 3.94795
6230001 3.89798
6240001 3.97719
6250001 3.98372
6260001 3.94278
6270001 4.02922
6280001 5.80164
6290001 4.13144
6300001 5.3105
6310001 4.07552
6320001 4.07562
6330001 5.30685
6340001 4.35656
6350001 5.90362
6360001 4.22987
6370001 4.23423
6380001 4.19751
6390001 4.28997
6400001 4.24491
6410001 4.26648
6420001 4.28876
6430001 4.35713
6440001 4.41969
6450001 4.41247
6460001 4.44372
6470001 4.4891
6480001 4.4478
6490001 6.97598
6500001 4.96003
6510001 4.4828
6520001 4.45265
6530001 4.46275
6540001 4.44834
6550001 4.39611
6560001 4.43535
6570001 5.80241
6580001 4.34981
6590001 4.2869
6600001 4.26891
6610001 4.14523
6620001 4.12237
6630001 4.00575
6640001 3.94871
6650001 3.96165
6660001 3.98187
6670001 3.91147
6680001 3.94445
6690001 3.93603
6700001 3.97411
6710001 4.07468
6720001 5.79682
6730001 4.08836
6740001 5.3196
6750001 3.9974
6760001 4.07267
6770001 9.40771
6780001 4.32049
6790001 11.6249
6800001 4.20546
6810001 4.20493
6820001 4.20712
6830001 4.26209
6840001 4.25693
6850001 4.2781
6860001 4.29053
6870001 4.31906
6880001 4.40603
6890001 4.4226
6900001 4.42873
6910001 4.51126
6920001 4.4787
6930001 4.48338
6940001 5.65226
6950001 4.48087
6960001 4.4663
6970001 4.47913
6980001 4.40519
6990001 4.37478
7000001 4.36111
7010001 5.75019
7020001 4.57802
7030001 4.33646
7040001 4.27026
7050001 4.21454
7060001 4.13695
7070001 4.04266
7080001 3.9665
7090001 3.94431
7100001 3.94645
7110001 3.90209
7120001 3.97571
7130001 3.94427
7140001 3.97574
7150001 4.03154
7160001 11.5816
7170001 4.09182
7180001 11.4993
7190001 4.04608
7200001 3.99978
7210001 3.98597
7220001 4.33912
7230001 4.16726
7240001 4.78198
7250001 4.19789
7260001 4.24889
7270001 4.29723
7280001 4.28595
7290001 4.2729
7300001 4.2908
7310001 4.31584
7320001 4.38026
7330001 4.41569
7340001 4.41461
7350001 4.43178
7360001 4.48343
7370001 4.5302
7380001 5.64857
7390001 4.60377
7400001 4.47026
7410001 4.42884
7420001 4.41562
7430001 4.41217
7440001 4.37215
7450001 4.33703
7460001 4.57473
7470001 4.3243
7480001 4.32613
7490001 4.24707
7500001 4.13222
7510001 4.10075
7520001 3.97619
7530001 3.92365
7540001 3.92617
7550001 3.93052
7560001 3.96467
7570001 3.98763
7580001 3.95686
7590001 3.99393
7600001 11.5873
7610001 5.06652
7620001 11.4869
7630001 4.179
7640001 4.03828
7650001 3.99091
7660001 5.35014
7670001 4.17557
7680001 5.91195
7690001 4.16005
7700001 4.27519
7710001 4.19486
7720001 4.28334
7730001 4.25499
7740001 4.26982
7750001 4.29818
7760001 4.39033
7770001 4.40021
7780001 4.42346
7790001 4.44222
7800001 4.43471
7810001 4.52857
7820001 6.97286
7830001 4.60062
7840001 4.4587
7850001 4.44701
7860001 4.46947
7870001 4.43472
7880001 4.40471
7890001 4.38136
7900001 4.70493
7910001 4.3283
7920001 4.28276
7930001 4.18486
7940001 4.13749
7950001 4.13612
7960001 4.00405
7970001 3.95082
7980001 3.91827
7990001 3.94619
8000001 3.8974
8010001 3.97651
8020001 3.98524
8030001 3.94122
8040001 4.02693
8050001 5.78511
8060001 4.1285
8070001 5.3129
8080001 4.076
8090001 4.07627
8100001 5.3043
8110001 4.35371
8120001 5.89994
8130001 4.23052
8140001 4.23466
8150001 4.19718
8160001 4.29114
8170001 4.24605
8180001 4.26605
8190001 4.28752
8200001 4.3576
8210001 4.41886
8220001 4.41249
8230001 4.4428
8240001 4.489
8250001 4.44793
8260001 6.97398
8270001 4.96076
8280001 4.47434
8290001 4.4535
8300001 4.46124
8310001 4.44951
8320001 4.38416
8330001 4.43454
8340001 5.79958
8350001 4.34721
8360001 4.28033
8370001 4.26585
8380001 4.14552
8390001 4.12041
8400001 4.00514
8410001 3.94711
8420001 3.95959
8430001 3.98201
8440001 3.90748
8450001 3.96171
8460001 3.93647
8470001 3.97564
8480001 4.08271
8490001 5.79634
8500001 4.09179
8510001 5.32007
8520001 3.99828
8530001 4.06821
8540001 9.40715
8550001 4.31419
8560001 11.625
8570001 4.20939
8580001 4.20186
8590001 4.20764
8600001 4.26213
8610001 4.25812
8620001 4.27791
8630001 4.29579
8640001 4.32106
8650001 4.40601
8660001 4.42376
8670001 4.42857
8680001 4.51163
8690001 4.48539
8700001 4.48401
8710001 4.98882
8720001 4.48062
8730001 4.46377
8740001 4.48011
8750001 4.40344
8760001 4.37457
8770001 4.36245
8780001 5.75034
8790001 4.57585
8800001 4.33612
8810001 4.27238
8820001 4.21398
8830001 4.14202
8840001 4.0358
8850001 3.96646
8860001 3.94544
8870001 3.94616
8880001 3.9031
8890001 3.97643
8900001 3.94021
8910001 3.9762
8920001 4.03563
8930001 11.5811
8940001 4.0934
8950001 11.4988
8960001 4.04406
8970001 4.00048
8980001 3.97331
8990001 4.33934
9000001 4.14367
9010001 4.78194
9020001 4.19363
9030001 4.25016
9040001 4.29766
9050001 4.28434
9060001 4.27251
9070001 4.28987
9080001 4.3156
9090001 4.3795
9100001 4.4155
9110001 4.41211
9120001 4.43249
9130001 4.48416
9140001 4.52904
9150001 5.65021
9160001 4.607
9170001 4.46986
9180001 4.42871
9190001 4.41841
9200001 4.41143
9210001 4.36578
9220001 4.33603
9230001 4.56761
9240001 4.32331
9250001 4.32494
9260001 4.24453
9270001 4.12606
9280001 4.10206
9290001 3.97566
9300001 3.92285
9310001 3.92822
9320001 3.92953
9330001 3.96344
9340001 3.99412
9350001 3.97026
9360001 3.99499
9370001 11.5878
9380001 5.06533
9390001 11.4862
9400001 4.1784
9410001 4.03844
9420001 3.98922
9430001 5.34949
9440001 4.18344
9450001 5.91243
9460001 4.16059
9470001 4.26566
9480001 4.19279
9490001 4.28448
9500001 4.25529
9510001 4.27017
9520001 4.29937
9530001 4.39063
9540001 4.40119
9550001 4.42323
9560001 4.43336
9570001 4.43486
9580001 4.52921
9590001 6.97252
9600001 4.60078
9610001 4.45913
9620001 4.43617
9630001 4.46854
9640001 4.44028
9650001 4.40628
9660001 4.38218
9670001 4.70702
9680001 4.32291
9690001 4.28082
9700001 4.18314
9710001 4.13742
9720001 4.1436
9730001 4.005
9740001 3.9562
9750001 3.91419
9760001 3.94534
9770001 3.90331
9780001 3.97776
9790001 3.98587
9800001 3.94694
9810001 4.02787
9820001 5.79266
9830001 4.12805
9840001 5.32189
9850001 4.07557
9860001 4.07655
9870001 5.30772
9880001 4.35463
9890001 5.89887
9900001 4.2307
9910001 4.23409
9920001 4.19473
9930001 4.29343
9940001 4.25106
9950001 4.26517
9960001 4.28734
9970001 4.35767
9980001 4.41901
9990001 4.41254
