1 12.5028 1179.74 0.687649
11 4.62804 423.285 0.272395
21 4.33293 402.545 0.256778
31 4.149 389.521 0.271938
41 4.01754 380.7 0.212767
51 3.92941 374.292 0.259511
61 3.85136 369.239 0.194298
71 3.79436 365.421 0.215934
81 3.75183 362.727 0.205716
91 3.71399 360.441 0.198914
101 3.68655 358.55 0.218605
111 3.6649 357.615 0.20275
121 3.64562 356.606 0.208223
131 3.64055 356.298 0.239652
141 3.62183 355.958 0.194642
151 3.62138 356.102 0.217998
161 3.63275 356.505 0.394824
171 3.61168 356.689 0.194536
181 3.61316 357.184 0.200117
191 3.61829 357.977 0.206399
201 3.61726 358.44 0.210279
211 3.62178 359.288 0.227547
221 3.62833 360.326 0.209667
231 3.63584 361.422 0.216462
241 3.64624 362.449 0.244079
251 3.65091 363.514 0.205739
261 3.6626 364.734 0.245274
271 3.6694 365.852 0.204551
281 3.6815 367.338 0.216455
291 3.69486 368.628 0.240346
301 3.70195 369.807 0.20108
311 3.72084 371.491 0.224034
321 3.73433 372.832 0.236113
331 3.74911 374.306 0.240185
341 3.75904 375.768 0.219012
351 3.77254 377.334 0.236481
361 3.82385 379.236 0.556016
371 3.79409 380.236 0.202585
381 3.80666 381.663 0.188634
391 3.84199 383.758 0.317656
401 3.84616 385.177 0.279863
411 3.85019 386.325 0.200849
421 3.87072 388.249 0.233587
431 3.88463 389.707 0.227431
441 3.89677 391.127 0.226587
451 3.91408 393.026 0.219281
461 3.92758 394.478 0.204878
471 3.94589 396.129 0.243286
481 3.96942 398.076 0.24459
491 3.97186 399.244 0.200451
501 3.99444 401.095 0.222038
511 4.01226 402.876 0.237055
521 4.02594 404.303 0.241608
531 4.04073 405.941 0.216963
541 4.05151 407.542 0.192204
551 4.10929 409.576 0.557205
561 4.08529 410.778 0.205112
571 4.09818 412.298 0.200842
581 4.12944 414.203 0.30893
591 4.14075 415.881 0.279712
601 4.14586 417.171 0.206591
611 4.16578 418.997 0.241216
621 4.1813 420.47 0.27152
631 4.1927 422.061 0.212549
641 4.21282 423.864 0.244619
651 4.22382 425.27 0.197581
661 4.23901 426.778 0.215438
671 4.2562 428.545 0.214374
681 4.27652 430.32 0.238112
691 4.28644 431.6 0.218834
701 4.30247 433.316 0.215065
711 4.32283 434.978 0.238225
721 4.33226 436.314 0.218438
731 4.34754 438.007 0.200233
741 4.37585 439.818 0.312697
751 4.39104 441.354 0.306191
761 4.39481 442.726 0.199467
771 4.41967 444.46 0.306991
781 4.43882 446.114 0.300389
791 4.44085 447.273 0.212529
801 4.45628 448.82 0.224663
811 4.47159 450.387 0.201958
821 4.48734 451.934 0.217983
831 4.50486 453.557 0.244357
841 4.51758 455.005 0.201532
851 4.53241 456.462 0.22063
861 4.54642 457.955 0.20602
871 4.56166 459.478 0.213822
881 4.57817 461.056 0.222143
891 4.59056 462.45 0.20222
901 4.61065 464.213 0.22488
911 4.62658 465.631 0.236063
921 4.63685 466.947 0.214269
931 4.65459 468.553 0.219778
941 4.68078 470.216 0.397384
951 4.68128 471.423 0.21781
961 4.69415 472.77 0.20544
971 4.71088 474.396 0.197399
981 4.72797 475.826 0.247807
991 4.74039 477.244 0.237416
1001 4.75204 478.565 0.201529
1011 4.77284 480.215 0.266045
1021 4.78588 481.643 0.249549
1031 4.79684 482.914 0.226951
1041 4.81391 484.49 0.251432
1051 4.8253 485.796 0.205648
1061 4.84196 487.29 0.251884
1071 4.86291 489.037 0.247504
1081 4.86644 489.976 0.208833
1091 4.88617 491.684 0.222926
1101 4.90204 493.177 0.233418
1111 4.91446 494.411 0.239682
1121 4.92778 495.883 0.211075
1131 4.9377 497.15 0.212625
1141 4.98634 499.033 0.555288
1151 4.96538 499.844 0.21445
1161 4.97877 501.208 0.214652
1171 5.00619 502.906 0.317613
1181 5.01339 504.15 0.279465
1191 5.02135 505.369 0.217139
1201 5.03848 506.896 0.242781
1211 5.05224 508.132 0.271624
1221 5.06205 509.429 0.220363
1231 5.0796 511.023 0.245321
1241 5.08917 512.14 0.222163
1251 5.10245 513.443 0.223452
1261 5.11733 514.956 0.223287
1271 5.1346 516.441 0.238613
1281 5.14334 517.52 0.225196
1291 5.15718 518.924 0.226562
1301 5.1746 520.375 0.240299
1311 5.18299 521.476 0.227511
1321 5.19563 522.87 0.229251
1331 5.22312 524.595 0.314615
1341 5.23316 525.765 0.306528
1351 5.23585 526.851 0.230819
1361 5.25985 528.438 0.305947
1371 5.27358 529.803 0.303421
1381 5.27543 530.724 0.232881
1391 5.28969 532.089 0.234198
1401 5.30149 533.303 0.234529
1411 5.31491 534.657 0.235225
1421 5.33104 536.095 0.253161
1431 5.34014 537.165 0.236256
1441 5.35279 538.414 0.23772
1451 5.36554 539.722 0.23823
1461 5.37704 540.876 0.239011
1471 5.39144 542.245 0.239401
1481 5.40249 543.41 0.241212
1491 5.4182 544.854 0.241434
1501 5.43203 546.024 0.242565
1511 5.44131 547.157 0.24357
1521 5.45548 548.446 0.243136
1531 5.48418 550.024 0.397677
1541 5.47879 550.932 0.244961
1551 5.48894 551.997 0.245938
1561 5.50737 553.474 0.264746
1571 5.51494 554.51 0.2467
1581 5.52782 555.773 0.248172
1591 5.53908 557.002 0.247835
1601 5.55273 558.233 0.248991
1611 5.56646 559.477 0.249471
1621 5.57585 560.541 0.24967
1631 5.58936 561.806 0.251243
1641 5.59926 562.958 0.252426
1651 5.61369 564.182 0.252186
1661 5.63104 565.714 0.25271
1671 5.63411 566.515 0.254698
1681 5.6513 567.962 0.254487
1691 5.66473 569.187 0.255678
1701 5.67531 570.31 0.255735
1711 5.68672 571.509 0.256171
1721 5.69511 572.539 0.257378
1731 5.73745 574.319 0.55619
1741 5.7187 574.826 0.258715
1751 5.72995 575.973 0.258679
1761 5.75648 577.597 0.319854
1771 5.75599 578.459 0.260633
1781 5.7654 579.453 0.260388
1791 5.78239 580.801 0.274455
1801 5.79279 581.958 0.261708
1811 5.79982 582.863 0.262819
1821 5.81545 584.266 0.26349
1831 5.82405 585.226 0.264487
1841 5.83433 586.261 0.265241
1851 5.85248 587.806 0.26503
1861 5.86209 588.796 0.266504
1871 5.87147 589.859 0.266388
1881 5.88545 591.089 0.26771
1891 5.89611 592.15 0.267192
1901 5.90502 593.16 0.268062
1911 5.91357 594.196 0.269308
1921 5.93715 595.709 0.315348
1931 5.94552 596.671 0.306851
1941 5.94735 597.493 0.270336
1951 5.96836 598.926 0.306357
1961 5.97996 600.115 0.303694
1971 5.98095 600.785 0.272032
1981 5.99204 601.906 0.273248
1991 6.00295 602.97 0.273172
2001 6.01401 604.071 0.273906
2011 6.02624 605.262 0.274414
2021 6.03575 606.177 0.275381
2031 6.04667 607.311 0.275863
2041 6.05698 608.377 0.276178
2051 6.07165 609.554 0.277655
2061 6.0796 610.548 0.277071
2071 6.08942 611.559 0.278525
2081 6.12632 613.244 0.557073
2091 6.11012 613.572 0.279733
2101 6.12283 614.821 0.280281
2111 6.1408 616.085 0.307911
2121 6.1486 617.006 0.281605
2131 6.15443 617.994 0.281283
2141 6.16354 618.908 0.281306
2151 6.1788 620.2 0.282463
2161 6.18544 621.061 0.282619
2171 6.19672 622.192 0.283238
2181 6.20562 623.102 0.283711
2191 6.21759 624.209 0.284362
2201 6.22965 625.354 0.284596
2211 6.23706 626.177 0.284853
2221 6.24806 627.246 0.286226
2231 6.25751 628.277 0.287163
2241 6.26929 629.256 0.286919
2251 6.28412 630.603 0.287257
2261 6.28697 631.253 0.289089
2271 6.30179 632.494 0.288713
2281 6.32109 633.673 0.394046
2291 6.31751 634.261 0.289658
2301 6.33141 635.457 0.289814
2311 6.3407 636.507 0.290925
2321 6.35111 637.366 0.29091
2331 6.35871 638.288 0.291915
2341 6.36861 639.31 0.291741
2351 6.38306 640.377 0.292107
2361 6.39049 641.404 0.293452
2371 6.39882 642.292 0.292985
2381 6.41318 643.396 0.293975
2391 6.42226 644.442 0.294123
2401 6.42838 645.21 0.295066
2411 6.44218 646.437 0.29574
2421 6.44928 647.275 0.296556
2431 6.45823 648.159 0.297118
2441 6.47468 649.583 0.296862
2451 6.4825 650.393 0.298315
2461 6.49032 651.292 0.297958
2471 6.50319 652.404 0.29927
2481 6.51178 653.319 0.298618
2491 6.5195 654.187 0.299424
2501 6.52731 655.08 0.300485
2511 6.54809 656.473 0.31354
2521 6.55328 657.132 0.30652
2531 6.55654 658.002 0.301266
2541 6.57543 659.234 0.315008
2551 6.58293 660.107 0.303251
2561 6.58569 660.845 0.302673
2571 6.59524 661.806 0.303514
2581 6.60472 662.721 0.303463
2591 6.61445 663.697 0.304104
2601 6.62502 664.754 0.304339
2611 6.63337 665.575 0.305366
2621 6.64273 666.51 0.3057
2631 6.65608 667.685 0.305767
2641 6.66468 668.532 0.307215
2651 6.67105 669.35 0.306544
2661 6.6838 670.469 0.307726
2671 6.71305 671.786 0.556127
2681 6.69767 671.97 0.308851
2691 6.70881 673.098 0.308892
2701 6.72707 674.302 0.308484
2711 6.73113 674.973 0.310335
2721 6.73595 675.842 0.309695
2731 6.74617 676.735 0.309834
2741 6.75777 677.837 0.310828
2751 6.76303 678.529 0.310991
2761 6.77384 679.612 0.311619
2771 6.78049 680.268 0.311857
2781 6.79119 681.304 0.312379
2791 6.80278 682.374 0.31286
2801 6.80814 682.996 0.312817
2811 6.81769 683.953 0.314068
2821 6.82659 684.89 0.315124
2831 6.83625 685.699 0.314533
2841 6.84535 686.713 0.314722
2851 6.85221 687.451 0.31684
2861 6.869 688.807 0.316004
2871 6.87245 689.365 0.316789
2881 6.87875 690.113 0.31694
2891 6.89656 691.339 0.316537
2901 6.90423 692.282 0.317966
2911 6.90623 692.818 0.317996
2921 6.91552 693.753 0.318188
2931 6.92688 694.729 0.318559
2941 6.93414 695.507 0.319004
2951 6.94336 696.512 0.319802
2961 6.95113 697.314 0.319364
2971 6.96284 698.213 0.320509
2981 6.97131 699.227 0.320435
2991 6.97677 699.872 0.321411
3001 6.98778 700.881 0.321955
3011 6.99456 701.708 0.322588
3021 7.00246 702.38 0.323431
3031 7.01679 703.701 0.322794
3041 7.01958 704.201 0.324058
3051 7.03074 705.22 0.323736
3061 7.04145 706.145 0.324646
3071 7.04565 706.815 0.324402
3081 7.05583 707.712 0.325008
3091 7.06256 708.474 0.325707
3101 7.07379 709.428 0.325251
3111 7.08258 710.248 0.326507
3121 7.08797 711.045 0.326317
3131 7.0996 711.964 0.326995
3141 7.10785 712.85 0.327584
3151 7.1133 713.544 0.327399
3161 7.12324 714.438 0.328635
3171 7.13091 715.276 0.328252
3181 7.13862 716.097 0.328585
3191 7.14853 717.01 0.329213
3201 7.15592 717.771 0.329963
3211 7.1638 718.577 0.329865
3221 7.17614 719.672 0.33016
3231 7.18362 720.414 0.331464
3241 7.1911 721.312 0.330777
3251 7.20026 722.093 0.332027
3261 7.22727 723.359 0.556045
3271 7.2146 723.631 0.332795
3281 7.22236 724.405 0.332852
3291 7.23969 725.596 0.331796
3301 7.24272 726.191 0.334001
3311 7.2466 726.87 0.333474
3321 7.2557 727.662 0.333475
3331 7.26595 728.731 0.334308
3341 7.27046 729.271 0.334429
3351 7.27928 730.213 0.334959
3361 7.28577 730.815 0.335132
3371 7.29514 731.746 0.335653
3381 7.30423 732.659 0.33608
3391 7.31014 733.245 0.336805
3401 7.31879 734.129 0.337109
3411 7.326 734.868 0.338011
3421 7.33889 735.879 0.338288
3431 7.34332 736.563 0.337655
3441 7.34947 737.234 0.339451
3451 7.38018 738.664 0.557131
3461 7.36739 738.943 0.339454
3471 7.37323 739.655 0.339562
3481 7.38884 740.741 0.33873
3491 7.39529 741.518 0.340444
3501 7.39684 741.958 0.340326
3511 7.405 742.744 0.340228
3521 7.41511 743.626 0.340812
3531 7.42151 744.344 0.341128
3541 7.42958 745.197 0.341642
3551 7.43619 745.849 0.341373
3561 7.44585 746.672 0.342452
3571 7.45418 747.59 0.342348
3581 7.45874 748.143 0.343153
3591 7.46812 749.012 0.343737
3601 7.47473 749.78 0.344214
3611 7.48132 750.318 0.344954
3621 7.49455 751.52 0.344188
3631 7.49739 752.017 0.345546
3641 7.50705 752.879 0.345087
3651 7.52322 753.851 0.394409
3661 7.52062 754.346 0.345903
3671 7.52947 755.084 0.346157
3681 7.5372 755.939 0.346989
3691 7.54603 756.68 0.346556
3701 7.55359 757.405 0.347574
3711 7.55842 758.071 0.347161
3721 7.56915 758.922 0.348109
3731 7.57616 759.734 0.348568
3741 7.58104 760.315 0.348116
3751 7.59036 761.141 0.349539
3761 7.59685 761.896 0.34911
3771 7.60376 762.583 0.349319
3781 7.61304 763.476 0.349921
3791 7.61931 764.125 0.350652
3801 7.62625 764.803 0.350488
3811 7.63787 765.851 0.350678
3821 7.64413 766.48 0.352074
3831 7.65083 767.27 0.351198
3841 7.65936 767.994 0.352435
3851 7.68392 769.171 0.554257
3861 7.67193 769.347 0.352994
3871 7.67866 770.019 0.353061
3881 7.69476 771.143 0.352227
3891 7.69579 771.52 0.354065
3901 7.70027 772.205 0.353565
3911 7.70855 772.922 0.353332
3921 7.71605 773.746 0.354217
3931 7.72159 774.338 0.354236
3941 7.7295 775.189 0.354519
3951 7.7356 775.751 0.354896
3961 7.74376 776.559 0.355363
3971 7.75191 777.367 0.355388
3981 7.75727 777.93 0.356416
3991 7.76724 778.911 0.356658
4001 7.77508 779.566 0.357342
4011 7.78344 780.326 0.357746
4021 7.78897 781.048 0.357057
4031 7.79609 781.71 0.358654
4041 7.8212 782.846 0.557272
4051 7.80878 783.037 0.358605
4061 7.81389 783.639 0.358439
4071 7.83035 784.753 0.357742
4081 7.83425 785.395 0.359379
4091 7.83538 785.768 0.359102
4101 7.84459 786.55 0.359072
4111 7.85191 787.271 0.359629
4121 7.85777 787.943 0.359938
4131 7.86589 788.817 0.360411
4141 7.87098 789.297 0.360024
4151 7.88001 790.066 0.361054
4161 7.88865 790.998 0.361201
4171 7.89154 791.388 0.361767
4181 7.90024 792.217 0.362337
4191 7.9069 792.973 0.362896
4201 7.91549 793.617 0.363414
4211 7.92079 794.294 0.362585
4221 7.92694 794.959 0.364103
4231 7.95321 796.129 0.554445
4241 7.94201 796.365 0.364252
4251 7.94745 797.002 0.364148
4261 7.96004 797.881 0.363894
4271 7.96685 798.668 0.365129
4281 7.96825 799.034 0.364601
4291 7.97744 799.786 0.36497
4301 7.98409 800.526 0.365232
4311 7.98872 801.047 0.366114
4321 7.99756 801.892 0.366059
4331 8.00216 802.434 0.365986
4341 8.00865 803.024 0.367307
4351 8.01598 803.842 0.366718
4361 8.02213 804.437 0.367104
4371 8.02905 805.118 0.367516
4381 8.03577 805.803 0.368155
4391 8.04213 806.369 0.368209
4401 8.0524 807.32 0.368157
4411 8.05474 807.692 0.369415
4421 8.06423 808.624 0.36869
4431 8.07779 809.371 0.394615
4441 8.07555 809.837 0.369356
4451 8.08313 810.47 0.370383
4461 8.09113 811.3 0.370256
4471 8.0976 811.797 0.369779
4481 8.10222 812.333 0.371365
4491 8.10906 813.086 0.370461
4501 8.11783 813.786 0.370949
4511 8.12369 814.547 0.371378
4521 8.12839 815.009 0.371109
4531 8.13666 815.794 0.372
4541 8.14124 816.32 0.371928
4551 8.14842 817.047 0.372122
4561 8.15635 817.801 0.372509
4571 8.161 818.255 0.373323
4581 8.17009 819.211 0.373303
4591 8.17724 819.781 0.374272
4601 8.18492 820.485 0.37439
4611 8.18964 821.134 0.373717
4621 8.19627 821.724 0.375398
4631 8.21992 822.82 0.557191
4641 8.20625 822.83 0.375176
4651 8.21203 823.425 0.375098
4661 8.22802 824.542 0.374243
4671 8.22939 824.958 0.375806
4681 8.23169 825.39 0.375633
4691 8.24027 826.121 0.375442
4701 8.24684 826.808 0.376039
4711 8.25152 827.284 0.376228
4721 8.25843 828.1 0.376588
4731 8.26359 828.541 0.377688
4741 8.27176 829.25 0.377205
4751 8.2782 830.005 0.377409
4761 8.28195 830.403 0.378728
4771 8.28974 831.161 0.378426
4781 8.29549 831.767 0.378898
4791 8.30389 832.48 0.378536
4801 8.30832 833.052 0.37855
4811 8.31398 833.667 0.379941
4821 8.33887 834.781 0.556698
4831 8.32762 834.943 0.380079
4841 8.3326 835.52 0.379972
4851 8.34627 836.441 0.379519
4861 8.3505 837.075 0.380988
4871 8.35172 837.386 0.380471
4881 8.36094 838.186 0.38047
4891 8.36625 838.709 0.380992
4901 8.37052 839.24 0.381846
4911 8.37939 840.116 0.381821
4921 8.38287 840.493 0.381642
4931 8.38874 841.049 0.38291
4941 8.39591 841.857 0.382364
4951 8.40108 842.355 0.382717
4961 8.40758 842.995 0.383021
4971 8.41414 843.641 0.383746
4981 8.41941 844.118 0.383698
4991 8.42897 845.012 0.383549
