1 472.794
11 6.33822
21 5.39428
31 5.01458
41 4.58817
51 4.58599
61 4.22054
71 4.10538
81 4.13001
91 3.93862
101 3.96671
111 3.96056
121 3.79505
131 4.66165
141 3.69402
151 4.01472
161 5.67634
171 3.71615
181 3.8601
191 4.06217
201 3.71571
211 3.75838
221 3.67608
231 3.74056
241 3.99353
251 3.66022
261 3.76533
271 3.66404
281 3.61459
291 3.68628
301 3.56977
311 3.91014
321 4.3856
331 4.48669
341 3.92741
351 4.35764
361 7.10631
371 3.5765
381 3.48622
391 5.10933
401 4.14359
411 3.50649
421 3.78782
431 3.85392
441 3.58386
451 3.62661
461 3.57321
471 3.62427
481 4.47578
491 3.45381
501 3.84138
511 4.30913
521 4.39191
531 3.87403
541 3.48155
551 7.20213
561 3.76804
571 3.47158
581 4.97859
591 4.42917
601 3.55486
611 3.71637
621 3.85773
631 3.61128
641 3.6985
651 3.49063
661 3.48179
671 3.49063
681 4.31727
691 3.52889
701 3.48652
711 4.31838
721 3.52365
731 3.41562
741 4.85208
751 4.3201
761 3.47339
771 4.74167
781 4.57605
791 3.52209
801 3.59053
811 3.4952
821 3.58429
831 3.8692
841 3.54349
851 3.51032
861 3.56128
871 3.45981
881 3.50236
891 3.46048
901 3.80686
911 4.32606
921 3.4745
931 3.74642
941 5.50627
951 3.49508
961 3.40351
971 3.75675
981 3.7342
991 3.61484
1001 3.45277
1011 3.81977
1021 3.82804
1031 3.54037
1041 3.66762
1051 3.50496
1061 3.59595
1071 4.50617
1081 3.40444
1091 3.81754
1101 4.328
1111 4.333
1121 3.79959
1131 3.4378
1141 7.15675
1151 3.51104
1161 3.40833
1171 4.99706
1181 4.03929
1191 3.52207
1201 3.67057
1211 3.87638
1221 3.51522
1231 3.67233
1241 3.47151
1251 3.43285
1261 3.46409
1271 4.34709
1281 3.50027
1291 3.46615
1301 4.36209
1311 3.50285
1321 3.42248
1331 5.07415
1341 4.32934
1351 3.44875
1361 4.90994
1371 4.56363
1381 3.55158
1391 3.60087
1401 3.47894
1411 3.58621
1421 3.88718
1431 3.51526
1441 3.49761
1451 3.54737
1461 3.39141
1471 3.49021
1481 3.448
1491 3.73039
1501 4.31679
1511 3.46607
1521 3.73303
1531 5.83982
1541 3.48842
1551 3.37561
1561 4.16603
1571 3.49174
1581 3.59018
1591 3.49891
1601 3.60588
1611 3.81949
1621 3.53039
1631 3.63936
1641 3.48028
1651 3.5548
1661 4.49207
1671 3.39521
1681 3.80054
1691 4.32459
1701 4.29513
1711 3.77703
1721 3.42115
1731 7.13649
1741 3.48481
1751 3.392
1761 5.26928
1771 3.63027
1781 3.41247
1791 3.77391
1801 3.89811
1811 3.43913
1821 3.65241
1831 3.53942
1841 3.41234
1851 4.36853
1861 4.37295
1871 3.75748
1881 4.31474
1891 4.36809
1901 3.79046
1911 3.42568
1921 5.08003
1931 4.36179
1941 3.45256
1951 4.91148
1961 4.60354
1971 3.53669
1981 3.48493
1991 3.47415
2001 3.51875
2011 3.60875
2021 3.48347
2031 3.47498
2041 3.43939
2051 4.26768
2061 3.49419
2071 3.4363
2081 7.02465
2091 3.44596
2101 3.5013
2111 4.82016
2121 4.17494
2131 3.48596
2141 3.47534
2151 4.22099
2161 3.49477
2171 3.61015
2181 3.49589
2191 3.60417
2201 3.85223
2211 3.49567
2221 3.51987
2231 3.50262
2241 3.50005
2251 4.42181
2261 3.38744
2271 3.80281
2281 5.53593
2291 3.3797
2301 3.69447
2311 3.78985
2321 3.7261
2331 3.39888
2341 3.41297
2351 3.88274
2361 3.60258
2371 3.42036
2381 3.73053
2391 3.8733
2401 3.45552
2411 3.65142
2421 3.53341
2431 3.43931
2441 4.39711
2451 4.377
2461 3.75764
2471 4.34285
2481 4.34396
2491 3.77292
2501 3.44323
2511 5.06805
2521 4.19174
2531 3.44998
2541 4.9636
2551 4.2363
2561 3.53885
2571 3.48679
2581 3.50977
2591 3.52372
2601 3.60527
2611 3.50402
2621 3.47533
2631 4.32037
2641 4.33021
2651 3.47656
2661 4.28086
2671 7.06069
2681 3.44102
2691 3.52748
2701 5.04731
2711 4.19268
2721 3.48533
2731 3.70579
2741 4.25245
2751 3.53098
2761 3.63595
2771 3.48713
2781 3.60311
2791 3.87995
2801 3.49497
2811 3.52256
2821 3.51672
2831 3.4923
2841 3.55727
2851 3.40424
2861 4.63099
2871 3.73013
2881 3.38654
2891 4.86348
2901 4.39024
2911 3.48471
2921 3.5066
2931 3.81904
2941 3.64651
2951 3.6363
2961 3.46198
2971 3.72208
2981 3.87442
2991 3.47638
3001 3.63483
3011 3.53539
3021 3.42777
3031 4.39997
3041 3.41194
3051 3.74999
3061 4.31042
3071 3.42146
3081 3.68639
3091 3.4306
3101 3.74272
3111 3.71914
3121 3.44158
3131 3.80183
3141 3.73336
3151 3.44412
3161 3.61018
3171 3.56542
3181 3.45492
3191 3.59859
3201 3.54454
3211 3.46233
3221 4.36612
3231 4.35468
3241 3.78332
3251 4.31822
3261 7.06214
3271 3.74558
3281 3.51836
3291 5.08755
3301 4.22286
3311 3.48938
3321 3.69634
3331 4.2496
3341 3.52109
3351 3.53594
3361 3.46591
3371 3.54724
3381 3.61219
3391 3.45254
3401 3.50331
3411 3.42238
3421 4.39902
3431 3.56813
3441 3.39468
3451 7.10122
3461 3.74654
3471 3.43755
3481 4.80953
3491 4.35752
3501 3.48484
3511 3.49773
3521 3.81885
3531 3.65122
3541 3.62753
3551 3.4706
3561 3.59644
3571 3.86264
3581 3.44813
3591 3.53602
3601 3.5396
3611 3.38005
3621 4.41231
3631 3.41896
3641 3.75016
3651 5.52135
3661 3.43409
3671 3.6842
3681 3.81804
3691 3.74363
3701 3.7095
3711 3.47094
3721 3.80827
3731 3.71255
3741 3.4617
3751 3.60617
3761 3.54371
3771 3.46592
3781 3.6155
3791 3.5432
3801 3.48259
3811 4.39157
3821 4.33369
3831 3.76254
3841 4.31966
3851 7.03523
3861 3.72029
3871 3.49464
3881 5.09148
3891 4.0336
3901 3.46813
3911 3.68021
3921 3.84448
3931 3.51368
3941 3.53668
3951 3.50355
3961 3.54239
3971 3.60811
3981 3.47207
3991 3.79223
4001 4.24545
4011 4.45134
4021 3.85451
4031 4.29292
4041 7.09123
4051 3.75528
4061 3.4471
4071 5.00573
4081 4.40117
4091 3.53299
4101 3.74139
4111 3.81744
4121 3.66529
4131 3.66133
4141 3.47524
4151 3.60876
4161 3.92144
4171 3.43168
4181 3.5387
4191 3.61089
4201 4.28179
4211 3.53695
4221 3.44334
4231 7.0221
4241 3.72081
4251 3.42637
4261 4.7575
4271 4.41472
4281 3.48427
4291 3.77794
4301 3.87389
4311 3.59347
4321 3.74184
4331 3.49409
4341 3.47038
4351 3.56882
4361 3.47423
4371 3.49968
4381 3.54081
4391 3.46893
4401 4.38724
4411 3.38374
4421 3.74326
4431 5.52317
4441 3.47079
4451 3.65621
4461 3.84253
4471 3.77734
4481 3.56623
4491 3.49053
4501 3.79084
4511 3.84979
4521 3.46431
4531 3.66103
4541 3.54372
4551 3.49344
4561 3.61079
4571 3.49661
4581 3.82761
4591 4.31039
4601 4.45756
4611 3.86505
4621 4.30961
4631 7.1013
4641 3.53172
4651 3.41979
4661 5.06086
4671 4.05769
4681 3.54535
4691 3.73038
4701 3.85873
4711 3.58911
4721 3.5585
4731 3.46192
4741 3.59118
4751 3.63386
4761 3.40869
4771 3.53015
4781 3.47579
4791 4.32135
4801 3.52928
4811 3.42118
4821 7.0672
4831 3.7257
4841 3.43595
4851 4.98237
4861 4.38052
4871 3.50943
4881 3.80781
4891 3.85931
4901 3.6099
4911 3.75788
4921 3.50231
4931 3.47662
4941 3.57021
4951 3.45808
4961 3.52999
4971 3.55633
4981 3.42636
4991 4.38631
