1 459.285
11 6.32381
21 5.24395
31 4.8196
41 4.49225
51 4.37386
61 4.21708
71 4.31511
81 4.01325
91 4.09901
101 3.90437
111 3.98076
121 3.88828
131 3.82472
141 3.82204
151 3.75319
161 3.75546
171 3.80121
181 3.75525
191 3.8289
201 3.70499
211 3.7298
221 3.79437
231 3.72107
241 3.68587
251 3.62002
261 3.75208
271 3.62819
281 3.66869
291 3.641
301 3.65546
311 3.80358
321 3.57488
331 3.71847
341 3.64176
351 3.70558
361 3.60861
371 3.62367
381 3.57401
391 3.63821
401 3.69479
411 3.55136
421 3.59218
431 3.51757
441 3.63157
451 3.52582
461 3.62003
471 3.59616
481 3.52664
491 3.60986
501 3.61534
511 3.74126
521 3.51789
531 3.63798
541 3.5246
551 3.78184
561 3.55798
571 3.52567
581 3.56615
591 3.49716
601 3.61224
611 3.49972
621 3.55987
631 3.64062
641 3.51228
651 3.5615
661 3.53099
671 3.69326
681 3.563
691 3.48606
701 3.55515
711 3.54111
721 3.55688
731 3.53827
741 3.52725
751 3.71651
761 3.47463
771 3.65879
781 3.50375
791 3.6251
801 3.54454
811 3.5521
821 3.71659
831 3.58719
841 3.63903
851 3.47621
861 3.61582
871 3.56634
881 3.54903
891 3.45901
901 3.51344
911 3.6406
921 3.44665
931 3.56471
941 3.52272
951 3.61987
961 3.46628
971 3.57666
981 3.62041
991 3.65893
1001 3.54801
1011 3.49307
1021 3.58353
1031 3.47185
1041 3.60957
1051 3.46037
1061 3.66466
1071 3.53228
1081 3.48775
1091 3.54624
1101 3.55448
1111 3.59241
1121 3.46166
1131 3.49657
1141 3.64679
1151 3.48527
1161 3.53027
1171 3.51819
1181 3.561
1191 3.59331
1201 3.46503
1211 3.61868
1221 3.47449
1231 3.53217
1241 3.52805
1251 3.52853
1261 3.88609
1271 3.47746
1281 3.6265
1291 3.47377
1301 3.61259
1311 3.49842
1321 3.53347
1331 3.54477
1341 3.51889
1351 3.62149
1361 3.445
1371 3.64167
1381 3.4466
1391 3.52914
1401 3.4324
1411 3.61489
1421 3.62547
1431 3.54885
1441 3.56867
1451 3.48394
1461 3.6275
1471 3.46241
1481 3.58762
1491 3.46565
1501 3.65008
1511 3.52545
1521 3.47915
1531 3.56394
1541 3.46387
1551 3.5976
1561 3.43254
1571 3.6906
1581 3.58572
1591 3.56071
1601 3.5225
1611 3.49314
1621 3.5577
1631 3.46986
1641 3.49363
1651 3.52998
1661 3.47331
1671 3.52488
1681 3.51327
1691 3.52695
1701 3.69935
1711 3.44472
1721 3.6221
1731 3.47873
1741 3.88726
1751 3.50169
1761 3.53337
1771 3.5401
1781 3.56379
1791 3.70182
1801 3.45629
1811 3.61306
1821 3.48841
1831 3.52835
1841 3.47688
1851 3.53607
1861 3.72756
1871 3.46376
1881 3.53316
1891 3.44267
1901 3.68973
1911 3.44681
1921 3.63715
1931 3.46355
1941 3.72068
1951 3.54776
1961 3.47628
1971 3.54082
1981 3.46405
1991 3.59118
2001 3.46415
2011 3.6745
2021 3.60647
2031 3.5065
2041 3.50154
2051 3.49244
2061 3.60066
2071 3.4184
2081 3.49228
2091 3.45309
2101 3.59134
2111 3.53537
2121 3.49056
2131 3.50309
2141 3.59019
2151 3.48772
2161 3.55316
2171 3.50613
2181 3.61485
2191 3.50318
2201 3.52503
2211 3.61932
2221 3.56074
2231 3.68182
2241 3.46853
2251 3.61339
2261 3.48237
2271 3.52957
2281 3.52828
2291 3.53923
2301 3.69597
2311 3.45863
2321 3.62149
2331 3.53033
2341 3.52552
2351 3.46771
2361 3.55584
2371 3.46587
2381 3.57258
2391 3.5364
2401 3.471
2411 3.56772
2421 3.46117
2431 3.60158
2441 3.4624
2451 3.66398
2461 3.534
2471 3.47489
2481 3.54281
2491 3.56319
2501 3.85362
2511 3.46027
2521 3.61816
2531 3.4572
2541 3.58411
2551 3.51857
2561 3.49159
2571 3.51214
2581 3.46639
2591 3.48613
2601 3.5551
2611 3.53248
2621 3.61845
2631 3.49449
2641 3.5328
2651 3.60651
2661 3.56086
2671 3.54197
2681 3.4659
2691 3.61108
2701 3.53021
2711 3.54182
2721 3.51908
2731 3.51213
2741 3.69397
2751 3.46586
2761 3.65032
2771 3.50227
2781 3.61569
2791 3.51994
2801 3.53714
2811 3.65941
2821 3.56561
2831 3.6358
2841 3.47812
2851 3.52382
2861 3.45425
2871 3.56983
2881 3.46551
2891 3.54077
2901 3.54101
2911 3.47664
2921 3.59885
2931 3.53764
2941 3.6006
2951 3.46875
2961 3.59108
2971 3.55121
2981 3.66874
2991 3.52181
3001 3.48932
3011 3.58415
3021 3.46425
3031 3.58935
3041 3.46268
3051 3.52986
3061 3.53563
3071 3.49522
3081 3.53686
3091 3.58708
3101 3.50249
3111 3.54538
3121 3.46511
3131 3.54372
3141 3.48406
3151 3.53351
3161 3.52419
3171 3.56453
3181 3.70431
3191 3.4586
3201 3.62616
3211 3.49069
3221 3.54241
3231 3.54175
3241 3.54089
3251 3.87772
3261 3.50804
3271 3.6379
3281 3.46724
3291 3.61673
3301 3.55874
3311 3.53498
3321 3.45267
3331 3.51014
3341 3.63845
3351 3.43668
3361 3.56264
3371 3.45806
3381 3.62548
3391 3.45017
3401 3.59947
3411 3.63545
3421 3.66826
3431 3.5681
3441 3.49542
3451 3.58936
3461 3.46999
3471 3.6179
3481 3.46206
3491 3.66841
3501 3.53497
3511 3.48863
3521 3.56886
3531 3.46792
3541 3.58179
3551 3.46137
3561 3.56339
3571 3.75609
3581 3.5016
3591 3.54105
3601 3.52972
3611 3.56567
3621 3.59399
3631 3.47848
3641 3.62488
3651 3.48193
3661 3.53649
3671 3.53241
3681 3.5395
3691 3.84295
3701 3.46282
3711 3.6254
3721 3.45902
3731 3.90694
3741 3.5197
3751 3.54309
3761 3.55723
3771 3.57544
3781 3.63321
3791 3.45638
3801 3.6242
3811 3.45638
3821 3.5395
3831 3.46343
3841 3.58652
3851 3.63626
3861 3.45563
3871 3.59232
3881 3.48549
3891 3.78557
3901 3.45966
3911 3.60078
3921 3.48165
3931 3.74796
3941 3.54149
3951 3.49196
3961 3.54906
3971 3.47385
3981 3.61666
3991 3.47128
4001 3.66802
4011 3.60678
4021 3.51006
4031 3.54018
4041 3.50421
4051 3.57579
4061 3.45297
4071 3.50643
4081 3.54317
4091 3.49198
4101 3.54315
4111 3.52312
4121 3.54273
4131 3.60912
4141 3.46641
4151 3.63511
4161 3.5262
4171 3.61335
4181 3.5176
4191 3.54902
4201 3.56012
4211 3.58077
4221 3.69881
4231 3.47882
4241 3.61906
4251 3.50326
4261 3.54433
4271 3.48705
4281 3.54853
4291 3.63433
4301 3.46379
4311 3.54254
4321 3.48843
4331 3.65457
4341 3.46401
4351 3.63201
4361 3.48206
4371 3.73291
4381 3.55691
4391 3.49777
4401 3.55535
4411 3.48182
4421 3.6007
4431 3.47814
4441 3.69522
4451 3.62409
4461 3.50218
4471 3.53326
4481 3.51026
4491 3.87841
4501 3.4474
4511 3.50896
4521 3.46633
4531 3.60946
4541 3.55164
4551 3.50731
4561 3.51771
4571 3.60515
4581 3.50087
4591 3.57831
4601 3.48784
4611 3.62932
4621 3.52051
4631 3.53686
4641 3.61113
4651 3.58348
4661 3.63984
4671 3.48545
4681 3.62664
4691 3.54131
4701 3.55336
4711 3.54718
4721 3.52943
4731 3.70811
4741 3.47504
4751 3.66756
4761 3.50616
4771 3.5397
4781 3.48117
4791 3.55758
4801 3.61164
4811 3.58797
4821 3.54865
4831 3.48875
4841 3.57858
4851 3.47955
4861 3.6167
4871 3.47376
4881 3.65762
4891 3.54999
4901 3.49761
4911 3.57065
4921 3.59058
4931 3.60812
4941 3.47201
4951 3.61233
4961 3.53818
4971 3.55706
4981 3.53196
4991 3.50901
