1 12.6983 1211.76 0.669337
11 4.63755 424.508 0.27144
21 4.33545 403.019 0.231783
31 4.15155 390.034 0.231901
41 4.02427 381.075 0.200305
51 3.93063 374.425 0.22305
61 3.88191 369.433 0.392581
71 3.79695 365.344 0.212543
81 3.75584 362.813 0.208122
91 3.73397 360.941 0.260526
101 3.70474 359.438 0.314708
111 3.69417 358.158 0.476164
121 3.65367 357.174 0.187208
131 3.67056 357.025 0.475989
141 3.62566 356.319 0.225404
151 3.62115 356.443 0.215493
161 3.61883 356.783 0.204512
171 3.61341 357.152 0.184974
181 3.6132 357.511 0.206179
191 3.6769 359.076 0.632066
201 3.61899 358.703 0.222062
211 3.62239 359.809 0.192033
221 3.63485 361.009 0.208773
231 3.63476 361.571 0.194181
241 3.64449 362.832 0.209764
251 3.67092 364.631 0.29586
261 3.66381 365.059 0.233241
271 3.70188 366.627 0.397266
281 3.68244 367.708 0.201736
291 3.69646 368.936 0.208461
301 3.70674 370.245 0.224859
311 3.72095 372.112 0.188852
321 3.75931 373.502 0.471572
331 3.74855 374.893 0.1887
341 3.75688 376.197 0.191284
351 3.77402 377.67 0.259086
361 3.8005 379.613 0.263903
371 3.80431 380.892 0.257673
381 3.8253 382.677 0.311819
391 3.8252 383.747 0.204383
401 3.84373 385.557 0.20717
411 3.86215 387.266 0.248091
421 3.86756 388.601 0.184241
431 3.91783 390.948 0.468445
441 3.90448 392.04 0.217109
451 3.91382 393.333 0.20481
461 3.93452 395.178 0.216945
471 3.94852 396.767 0.213287
481 3.96766 398.203 0.281848
491 3.97934 400.14 0.205285
501 3.99374 401.413 0.210885
511 4.03495 403.288 0.480559
521 4.02587 404.729 0.231455
531 4.042 406.411 0.218717
541 4.05746 407.903 0.212161
551 4.0704 409.623 0.189733
561 4.08741 411.208 0.217374
571 4.16461 413.791 0.632784
581 4.12267 414.526 0.260431
591 4.14601 416.523 0.320111
601 4.1474 417.59 0.205533
611 4.16557 419.34 0.208205
621 4.18245 421.063 0.23093
631 4.20035 422.979 0.202204
641 4.21535 424.461 0.221734
651 4.25393 426.178 0.393467
661 4.2425 427.303 0.212444
671 4.26309 429.266 0.210969
681 4.29075 431.17 0.260457
691 4.30636 432.864 0.316036
701 4.33094 434.238 0.476555
711 4.32724 435.768 0.189613
721 4.36734 437.616 0.476479
731 4.35414 438.656 0.225734
741 4.37131 440.375 0.217424
751 4.38877 442.048 0.20541
761 4.40031 443.546 0.185541
771 4.41581 444.993 0.208766
781 4.4812 447.445 0.632314
791 4.44699 448.01 0.223485
801 4.46098 449.671 0.194151
811 4.48199 451.49 0.209712
821 4.49064 452.546 0.195002
831 4.5324 454.71 0.472237
841 4.5373 456.324 0.297013
851 4.53941 457.235 0.233731
861 4.55964 458.847 0.286947
871 4.56795 460.224 0.203826
881 4.58215 461.626 0.209507
891 4.59901 463.281 0.224297
901 4.61578 465.141 0.191701
911 4.62814 466.254 0.206998
921 4.64698 467.961 0.216328
931 4.6584 469.353 0.195063
941 4.67532 470.692 0.259637
951 4.73362 473.002 0.629095
961 4.708 473.851 0.258316
971 4.75811 476.105 0.411741
981 4.7312 476.47 0.203022
991 4.74897 478.2 0.208262
1001 4.76657 479.769 0.243316
1011 4.77449 481.031 0.20325
1021 4.81721 483.216 0.468597
1031 4.80974 484.33 0.203971
1041 4.8183 485.282 0.20797
1051 4.8368 486.907 0.217969
1061 4.86181 488.738 0.256762
1071 4.8681 489.757 0.28205
1081 4.87907 491.336 0.20991
1091 4.89421 492.687 0.215963
1101 4.92746 494.181 0.48019
1111 4.92121 495.357 0.232076
1121 4.9364 496.922 0.218788
1131 4.95011 498.231 0.213393
1141 4.96165 499.669 0.215194
1151 4.97569 500.87 0.214304
1161 5.04066 503.263 0.632501
1171 5.00686 503.751 0.260793
1181 5.02709 505.423 0.320123
1191 5.02945 506.316 0.218611
1201 5.04469 507.762 0.219743
1211 5.05916 509.166 0.231291
1221 5.07465 510.824 0.219791
1231 5.08766 512.022 0.222325
1241 5.12025 513.505 0.393409
1251 5.1117 514.397 0.225035
1261 5.12868 516.006 0.224183
1271 5.15206 517.654 0.260804
1281 5.16155 518.993 0.284707
1291 5.18627 520.186 0.476149
1301 5.1836 521.459 0.227581
1311 5.19598 522.634 0.242973
1321 5.20653 523.823 0.231286
1331 5.22045 525.193 0.230466
1341 5.23593 526.751 0.231532
1351 5.2454 527.892 0.23229
1361 5.25803 529.008 0.232033
1371 5.27316 530.51 0.233322
1381 5.28504 531.678 0.234696
1391 5.2965 532.958 0.236123
1401 5.3132 534.494 0.235746
1411 5.32194 535.467 0.236339
1421 5.35682 537.301 0.472131
1431 5.35891 538.355 0.299145
1441 5.36289 539.356 0.238859
1451 5.37993 540.714 0.287595
1461 5.38841 541.924 0.241885
1471 5.39933 543.075 0.24077
1481 5.41306 544.367 0.241428
1491 5.42928 545.923 0.24338
1501 5.43747 546.852 0.243151
1511 5.45342 548.324 0.243522
1521 5.4631 549.465 0.245576
1531 5.47749 550.604 0.259762
1541 5.52679 552.597 0.628982
1551 5.50496 553.227 0.262533
1561 5.54736 555.219 0.412134
1571 5.52396 555.337 0.249821
1581 5.53899 556.855 0.24899
1591 5.55364 558.178 0.250382
1601 5.56038 559.133 0.251333
1611 5.59658 561.091 0.467097
1621 5.58982 561.914 0.251435
1631 5.59698 562.74 0.251849
1641 5.61272 564.115 0.252748
1651 5.63373 565.739 0.256922
1661 5.63906 566.56 0.282308
1671 5.648 567.783 0.255785
1681 5.66101 568.994 0.255287
1691 5.68946 570.327 0.480103
1701 5.68387 571.251 0.257873
1711 5.6967 572.584 0.257106
1721 5.70815 573.696 0.258138
1731 5.71765 574.871 0.259541
1741 5.7296 575.837 0.258642
1751 5.78569 578.029 0.632367
1761 5.75416 578.264 0.261013
1771 5.77333 579.756 0.319842
1781 5.77489 580.448 0.261877
1791 5.78784 581.661 0.262754
1801 5.80017 582.845 0.264271
1811 5.8133 584.224 0.262374
1821 5.82424 585.2 0.264599
1831 5.85244 586.559 0.393234
1841 5.84445 587.21 0.266872
1851 5.85853 588.581 0.265765
1861 5.87909 590.074 0.267712
1871 5.88701 591.188 0.287054
1881 5.90837 592.179 0.476118
1891 5.90566 593.21 0.26839
1901 5.91572 594.22 0.2697
1911 5.9246 595.153 0.271676
1921 5.93662 596.338 0.27061
1931 5.94979 597.68 0.271566
1941 5.96551 598.899 0.311626
1951 5.96833 599.478 0.273757
1961 5.9813 600.798 0.27256
1971 5.99153 601.806 0.273794
1981 6.00106 602.843 0.275032
1991 6.01538 604.183 0.274365
2001 6.02289 605.007 0.274553
2011 6.053 606.61 0.471585
2021 6.05445 607.446 0.299587
2031 6.05765 608.366 0.276844
2041 6.0721 609.459 0.287577
2051 6.07908 610.468 0.279374
2061 6.08846 611.507 0.27816
2071 6.10007 612.567 0.278677
2081 6.11409 613.913 0.280602
2091 6.12098 614.656 0.280003
2101 6.13447 615.941 0.280293
2111 6.14273 616.922 0.282322
2121 6.15495 617.862 0.281003
2131 6.19834 619.656 0.628226
2141 6.17863 620.154 0.283258
2151 6.21584 621.921 0.412243
2161 6.19449 621.874 0.285476
2171 6.20747 623.204 0.284634
2181 6.21997 624.324 0.285833
2191 6.22557 625.111 0.286448
2201 6.25749 626.899 0.467023
2211 6.251 627.545 0.286353
2221 6.25683 628.159 0.286694
2231 6.27048 629.4 0.287432
2241 6.28882 630.79 0.28855
2251 6.29293 631.499 0.288663
2261 6.30058 632.478 0.290049
2271 6.31157 633.532 0.289314
2281 6.3366 634.718 0.476564
2291 6.33132 635.429 0.291688
2301 6.34195 636.609 0.290797
2311 6.35214 637.562 0.291759
2321 6.36024 638.591 0.292817
2331 6.37041 639.381 0.291821
2341 6.42047 641.417 0.632326
2351 6.3916 641.513 0.293953
2361 6.40006 642.469 0.294894
2371 6.4102 643.426 0.294831
2381 6.42075 644.487 0.295527
2391 6.43105 645.473 0.296739
2401 6.44288 646.687 0.294788
2411 6.45222 647.505 0.29699
2421 6.47749 648.738 0.396785
2431 6.47028 649.256 0.299297
2441 6.48229 650.464 0.297848
2451 6.50025 651.791 0.299499
2461 6.50698 652.764 0.300114
2471 6.52572 653.575 0.475966
2481 6.52274 654.498 0.299913
2491 6.53208 655.383 0.301341
2501 6.53952 656.162 0.303081
2511 6.5499 657.197 0.301787
2521 6.56126 658.402 0.302598
2531 6.57495 659.443 0.31157
2541 6.57703 659.893 0.304594
2551 6.589 661.136 0.303756
2561 6.59739 661.981 0.304532
2571 6.60579 662.902 0.305771
2581 6.61838 664.065 0.30488
2591 6.62462 664.777 0.304989
2601 6.65183 666.2 0.473823
2611 6.65301 666.966 0.305929
2621 6.6552 667.72 0.307018
2631 6.66794 668.706 0.307252
2641 6.67386 669.53 0.309286
2651 6.68174 670.441 0.30791
2661 6.69192 671.369 0.308152
2671 6.70487 672.633 0.310254
2681 6.71046 673.239 0.309538
2691 6.72232 674.383 0.309806
2701 6.72896 675.184 0.311672
2711 6.73984 675.981 0.310232
2721 6.78552 677.94 0.628145
2731 6.76118 678.11 0.312441
2741 6.79453 679.707 0.411885
2751 6.7744 679.529 0.314286
2761 6.78569 680.716 0.313308
2771 6.79694 681.716 0.314359
2781 6.80387 682.627 0.314975
2791 6.83101 684.046 0.470687
2801 6.82443 684.58 0.314781
2811 6.82862 685.017 0.314678
2821 6.84122 686.199 0.315498
2831 6.85761 687.436 0.316613
2841 6.86211 688.132 0.316749
2851 6.86732 688.848 0.317913
2861 6.87712 689.818 0.317096
2871 6.89939 690.894 0.476468
2881 6.89437 691.466 0.319175
2891 6.90371 692.492 0.318226
2901 6.91365 693.467 0.319287
2911 6.91943 694.224 0.319899
2921 6.92849 694.902 0.31891
2931 6.97407 696.838 0.632226
2941 6.94719 696.847 0.320799
2951 6.95443 697.644 0.321939
2961 6.96333 698.505 0.321741
2971 6.97194 699.386 0.322007
2981 6.98108 700.272 0.323214
2991 6.9916 701.363 0.321052
3001 6.99995 702.089 0.323239
3011 7.0234 703.245 0.396595
3021 7.01634 703.656 0.325617
3031 7.02632 704.71 0.32375
3041 7.04244 705.93 0.325443
3051 7.04831 706.772 0.325957
3061 7.06535 707.5 0.476202
3071 7.0625 708.329 0.325828
3081 7.0707 709.124 0.327123
3091 7.0764 709.75 0.328501
3101 7.08566 710.683 0.327262
3111 7.09583 711.747 0.32792
3121 7.12424 713.08 0.390542
3131 7.11005 713.095 0.329981
3141 7.12069 714.226 0.329044
3151 7.12741 714.91 0.329556
3161 7.13475 715.729 0.330729
3171 7.16145 717.205 0.469639
3181 7.15541 717.774 0.329653
3191 7.17672 718.745 0.473856
3201 7.17202 719.231 0.330688
3211 7.18641 720.421 0.331423
3221 7.1898 720.907 0.331685
3231 7.19567 721.712 0.333016
3241 7.20265 722.464 0.332381
3251 7.21115 723.257 0.33254
3261 7.22095 724.254 0.334451
3271 7.22749 724.986 0.333299
3281 7.23808 725.991 0.333814
3291 7.24417 726.763 0.335325
3301 7.25408 727.394 0.334132
3311 7.29573 729.243 0.630101
3321 7.27136 729.226 0.33592
3331 7.30283 730.798 0.411569
3341 7.2839 730.559 0.337782
3351 7.29432 731.649 0.33673
3361 7.30471 732.552 0.337891
3371 7.31058 733.362 0.338263
3381 7.33457 734.626 0.470635
3391 7.32837 735.089 0.337846
3401 7.33256 735.501 0.338688
3411 7.34382 736.564 0.338484
3421 7.3589 737.708 0.339824
3431 7.36264 738.336 0.339715
3441 7.36697 738.909 0.340762
3451 7.37568 739.787 0.339915
3461 7.39665 740.848 0.476412
3471 7.39145 741.294 0.341886
3481 7.39992 742.219 0.341028
3491 7.40879 743.122 0.341832
3501 7.41351 743.73 0.342249
3511 7.42159 744.31 0.341322
3521 7.4639 746.11 0.634737
3531 7.43846 746.087 0.343025
3541 7.44512 746.803 0.344121
3551 7.4531 747.62 0.34394
3561 7.46053 748.345 0.343968
3571 7.48388 749.578 0.478824
3581 7.48088 750.141 0.34333
3591 7.48572 750.771 0.345125
3601 7.49639 751.597 0.345296
3611 7.50075 752.229 0.347412
3621 7.5073 752.969 0.345431
3631 7.54467 754.629 0.626557
3641 7.52874 754.862 0.347919
3651 7.52962 755.168 0.348761
3661 7.54091 756.265 0.347143
3671 7.54836 756.958 0.348555
3681 7.55316 757.456 0.349747
3691 7.56292 758.44 0.347452
3701 7.57079 759.266 0.349142
3711 7.59687 760.568 0.389717
3721 7.58325 760.46 0.350791
3731 7.59279 761.474 0.35006
3741 7.59863 762.084 0.350592
3751 7.60624 762.96 0.351131
3761 7.62985 764.155 0.467997
3771 7.6235 764.565 0.350635
3781 7.64339 765.552 0.473302
3791 7.63855 765.926 0.351321
3801 7.65137 767.002 0.351951
3811 7.65524 767.501 0.352087
3821 7.65959 768.114 0.353577
3831 7.66583 768.796 0.352893
3841 7.67351 769.501 0.352709
3851 7.68222 770.377 0.354809
3861 7.68802 771.04 0.353613
3871 7.69782 771.976 0.354131
3881 7.70266 772.585 0.355523
3891 7.71166 773.168 0.354266
3901 7.75071 774.927 0.630049
3911 7.72586 774.751 0.356052
3921 7.75657 776.317 0.411498
3931 7.73828 775.971 0.357834
3941 7.74725 776.898 0.356697
3951 7.75677 777.732 0.357731
3961 7.76194 778.467 0.358111
3971 7.784 779.557 0.470577
3981 7.77806 780.014 0.357523
3991 7.7815 780.344 0.358392
4001 7.79126 781.241 0.357979
4011 7.80529 782.363 0.359365
4021 7.8062 782.79 0.359308
4031 7.81827 783.705 0.36018
4041 7.82013 784.196 0.359255
4051 7.8249 784.681 0.359797
4061 7.83345 785.443 0.36123
4071 7.84121 786.275 0.360173
4081 7.84806 787.02 0.360974
4091 7.85376 787.664 0.361221
4101 7.86036 788.101 0.362477
4111 7.87333 789.179 0.361435
4121 7.87601 789.788 0.362121
4131 7.88172 790.335 0.363128
4141 7.88911 791.16 0.362609
4151 7.8959 791.832 0.362681
4161 7.91731 792.945 0.478881
4171 7.91334 793.316 0.362823
4181 7.91841 794.006 0.363794
4191 7.92801 794.751 0.364023
4201 7.93195 795.329 0.366073
4211 7.93792 796.024 0.363853
4221 7.97303 797.573 0.631176
4231 7.9572 797.724 0.366317
4241 7.95785 797.964 0.367044
4251 7.96818 798.994 0.365466
4261 7.97495 799.606 0.366947
4271 7.97917 800.044 0.367922
4281 7.98787 800.903 0.365715
4291 7.99503 801.687 0.367339
4301 8.01945 802.918 0.389643
4311 8.00621 802.734 0.368722
4321 8.01499 803.696 0.368005
4331 8.01998 804.213 0.368521
4341 8.02688 804.986 0.36907
4351 8.04899 806.144 0.467951
4361 8.04275 806.467 0.368405
4371 8.06113 807.39 0.47314
4381 8.0562 807.693 0.368922
4391 8.06791 808.652 0.369608
4401 8.07129 809.119 0.369779
4411 8.07515 809.657 0.371069
4421 8.08051 810.222 0.370405
4431 8.08764 810.902 0.370081
4441 8.09555 811.706 0.372064
4451 8.10048 812.269 0.370895
4461 8.10964 813.16 0.371439
4471 8.11397 813.708 0.372785
4481 8.12167 814.209 0.37156
4491 8.1589 815.922 0.629953
4501 8.13496 815.7 0.373119
4511 8.15721 816.83 0.411802
4521 8.14602 816.741 0.374801
4531 8.1539 817.598 0.373699
4541 8.16287 818.345 0.374599
4551 8.16751 818.988 0.374801
4561 8.18828 820.093 0.470558
4571 8.18217 820.486 0.37444
4581 8.18503 820.682 0.375182
4591 8.19395 821.535 0.374573
4601 8.207 822.579 0.375997
4611 8.20762 822.936 0.376024
4621 8.21868 823.785 0.376817
4631 8.22012 824.208 0.375777
4641 8.2242 824.624 0.376245
4651 8.23214 825.316 0.377669
4661 8.23916 826.092 0.3766
4671 8.24542 826.764 0.377314
4681 8.25046 827.316 0.377624
4691 8.25647 827.726 0.378729
4701 8.26847 828.74 0.377785
4711 8.27031 829.243 0.378301
4721 8.27574 829.793 0.379295
4731 8.28251 830.484 0.378747
4741 8.28862 831.117 0.37884
4751 8.30869 832.165 0.47847
4761 8.30461 832.444 0.378947
4771 8.309 833.094 0.379813
4781 8.31799 833.793 0.38
4791 8.32128 834.285 0.382102
4801 8.32673 834.909 0.37981
4811 8.35988 836.396 0.630858
4821 8.345 836.522 0.382422
4831 8.34509 836.688 0.38294
4841 8.35442 837.696 0.381396
4851 8.3607 838.201 0.383006
4861 8.36447 838.579 0.383728
4871 8.37766 839.634 0.381372
4881 8.37957 840.166 0.383269
4891 8.40231 841.307 0.389557
4901 8.3894 841.056 0.384501
4911 8.39727 841.955 0.383798
4921 8.40182 842.414 0.384257
4931 8.40954 843.272 0.384774
4941 8.42964 844.288 0.471629
4951 8.42298 844.516 0.38409
4961 8.44001 845.396 0.473236
4971 8.43527 845.665 0.384468
4981 8.44585 846.522 0.385213
4991 8.44999 847.017 0.385457
