1 19.2742 1549.23 0.906805
11 6.10256 588.962 0.344281
21 4.67259 443.284 0.242416
31 4.24009 403.483 0.211551
41 4.0616 386.423 0.23563
51 3.94728 376.968 0.245666
61 3.8518 370.76 0.166413
71 3.81317 367.508 0.235326
81 3.76938 364.492 0.242255
91 3.74334 362.531 0.312428
101 3.71143 361.336 0.237419
111 3.69241 360.384 0.243766
121 3.67437 359.727 0.314598
131 3.66842 359.865 0.237507
141 3.66293 360.046 0.243492
151 3.65046 359.989 0.192875
161 3.6572 360.782 0.237629
171 3.65945 361.494 0.243562
181 3.65135 361.977 0.137858
191 3.66618 363.043 0.237192
201 3.67367 364.146 0.243738
211 3.66648 364.912 0.163648
221 3.68844 366.481 0.237323
231 3.69891 367.749 0.243494
241 4.07999 371.097 1.42448
251 3.71973 370.504 0.236966
261 3.96645 373.85 1.07293
271 3.84862 374.513 0.638969
281 3.75531 374.577 0.236202
291 4.5796 379.732 2.51713
301 3.82782 378.543 0.510421
311 3.79188 379.187 0.215319
321 3.83942 381.985 0.268602
331 3.84605 383.202 0.346864
341 3.8365 384.206 0.203046
351 3.87431 386.663 0.243314
361 3.88992 388.25 0.371437
371 3.88355 389.349 0.196447
381 3.91961 391.884 0.24891
391 3.9363 393.429 0.364811
401 3.93125 394.661 0.175329
411 3.96543 397.088 0.243246
421 3.98388 398.729 0.309109
431 3.9815 399.974 0.166945
441 4.44566 404.257 1.90819
451 4.03355 404.097 0.245345
461 4.03215 405.289 0.164298
471 4.08932 408.351 0.348935
481 4.08492 409.438 0.269993
491 4.08295 410.681 0.160494
501 4.11877 413.147 0.243036
511 4.13651 414.759 0.265393
521 4.13487 416.068 0.164426
531 4.17034 418.414 0.242876
541 4.18834 420.125 0.25787
551 4.18681 421.416 0.168968
561 4.22247 423.746 0.242988
571 4.2394 425.46 0.29471
581 4.23859 426.774 0.173317
591 4.27417 429.105 0.242935
601 4.28808 430.715 0.267057
611 4.29009 432.046 0.178377
621 4.32585 434.494 0.242862
631 4.33969 436.034 0.272434
641 4.34177 437.346 0.18223
651 4.37875 439.809 0.242921
661 4.39139 441.348 0.280308
671 4.39331 442.595 0.186401
681 4.44559 445.347 0.303559
691 4.4414 446.57 0.253445
701 4.44486 447.827 0.190578
711 4.66035 451.636 1.26849
721 4.49266 451.796 0.250025
731 4.49513 452.858 0.194638
741 4.5354 455.523 0.242676
751 4.54302 456.869 0.246125
761 4.54777 458.061 0.198604
771 4.58112 460.425 0.242662
781 4.59333 461.89 0.244469
791 4.59808 463.074 0.202532
801 4.63008 465.415 0.242531
811 4.64335 466.843 0.243635
821 4.64646 467.965 0.206232
831 4.6792 470.304 0.242391
841 4.69287 471.815 0.243648
851 4.76246 473.905 0.64939
861 5.10272 477.16 1.91788
871 4.74201 476.682 0.244598
881 4.77349 478.575 0.36099
891 4.77698 480.112 0.24231
901 4.79059 481.513 0.244459
911 4.80097 482.951 0.216524
921 4.82664 484.993 0.24209
931 4.83892 486.315 0.244618
941 4.84665 487.605 0.219851
951 4.87271 489.657 0.242012
961 4.88663 491.067 0.244527
971 4.89368 492.207 0.223058
981 4.92007 494.39 0.24163
991 4.93438 495.854 0.244248
1001 5.01596 498.156 0.641207
1011 4.96675 499.081 0.241509
1021 4.98134 500.537 0.244128
1031 5.02223 502.101 0.615388
1041 5.0135 503.759 0.241397
1051 5.02775 505.159 0.24404
1061 5.03233 506.33 0.23259
1071 5.05977 508.344 0.241397
1081 5.07383 509.727 0.243874
1091 5.07677 510.717 0.235825
1101 5.10537 512.886 0.241367
1111 5.1196 514.31 0.243801
1121 5.1222 515.202 0.238868
1131 5.15092 517.412 0.241606
1141 5.16492 518.825 0.243732
1151 5.16803 519.752 0.241867
1161 5.19617 521.928 0.241794
1171 5.20974 523.279 0.243817
1181 5.21244 524.183 0.244869
1191 5.24047 526.259 0.241686
1201 5.25415 527.653 0.244507
1211 5.25682 528.614 0.247801
1221 5.28466 530.743 0.244148
1231 5.29809 532.039 0.24754
1241 5.30094 533.006 0.250469
1251 5.32809 535.128 0.246808
1261 5.34181 536.386 0.250167
1271 5.36168 537.875 0.312293
1281 5.37093 539.437 0.249627
1291 5.38516 540.698 0.252815
1301 5.39721 541.897 0.313947
1311 5.41378 543.62 0.252496
1321 5.42854 545.039 0.255604
1331 5.43703 546.146 0.258598
1341 5.45606 547.877 0.25479
1351 5.4706 549.211 0.258183
1361 5.47751 550.436 0.261103
1371 5.49802 552.025 0.256643
1381 5.51233 553.314 0.26065
1391 5.51708 554.447 0.26379
1401 5.53973 556.161 0.257709
1411 5.55401 557.472 0.26327
1421 5.82156 560.915 1.42468
1431 5.58109 560.274 0.259195
1441 5.75419 563.583 1.07382
1451 5.67886 564.125 0.639101
1461 5.61908 563.948 0.272853
1471 6.20604 569.032 2.51713
1481 5.6783 567.583 0.510492
1491 5.65823 567.935 0.27469
1501 5.69341 570.522 0.270466
1511 5.70134 571.391 0.348312
1521 5.69819 571.968 0.276441
1531 5.72621 574.1 0.27271
1541 5.73955 575.259 0.371801
1551 5.73783 575.884 0.278427
1561 5.76428 578.081 0.275036
1571 5.7779 579.141 0.364969
1581 5.77656 579.942 0.281467
1591 5.80133 581.924 0.277479
1601 5.81581 583.083 0.30928
1611 5.81582 583.872 0.2833
1621 6.14397 587.695 1.90819
1631 5.85418 587.041 0.282592
1641 5.85447 587.718 0.285623
1651 5.89483 590.301 0.348916
1661 5.89293 590.875 0.284818
1671 5.89291 591.704 0.287992
1681 5.91802 593.602 0.284093
1691 5.93127 594.694 0.287003
1701 5.93088 595.479 0.289221
1711 5.956 597.345 0.286277
1721 5.96928 598.516 0.289324
1731 5.96876 599.268 0.290772
1741 5.99401 601.101 0.2883
1751 6.00641 602.233 0.294898
1761 6.00619 603.002 0.293274
1771 6.03129 604.86 0.290076
1781 6.04158 605.845 0.293383
1791 6.0432 606.606 0.294935
1801 6.06853 608.547 0.29217
1811 6.07857 609.532 0.295364
1821 6.08012 610.249 0.296855
1831 6.10637 612.264 0.294348
1841 6.11548 613.212 0.297441
1851 6.11683 613.906 0.29884
1861 6.15415 616.192 0.303466
1871 6.15107 616.835 0.299333
1881 6.15344 617.564 0.300847
1891 6.31044 620.931 1.26849
1901 6.18747 620.525 0.301216
1911 6.18902 621.044 0.302976
1921 6.21786 623.274 0.300709
1931 6.22314 624.038 0.30313
1941 6.22625 624.707 0.305005
1951 6.25018 626.688 0.302767
1961 6.25881 627.584 0.305071
1971 6.26076 628.136 0.307005
1981 6.28486 630.178 0.304698
1991 6.29424 631.038 0.306399
2001 6.29591 631.653 0.308908
2011 6.31967 633.606 0.306532
2021 6.32934 634.554 0.308457
2031 6.38065 636.21 0.649552
2041 6.63779 638.997 1.91788
2051 6.36412 637.968 0.309952
2061 6.38714 639.448 0.36099
2071 6.38902 640.538 0.309412
2081 6.39865 641.368 0.311676
2091 6.40586 642.369 0.314301
2101 6.42436 643.961 0.310595
2111 6.43299 644.766 0.313611
2121 6.43822 645.629 0.31599
2131 6.45706 647.245 0.312337
2141 6.46691 648.14 0.315161
2151 6.47163 648.838 0.317687
2161 6.49079 650.591 0.314479
2171 6.50096 651.54 0.316957
2181 6.56249 653.415 0.641283
2191 6.52409 653.874 0.315671
2201 6.53446 654.857 0.3191
2211 6.56505 655.977 0.615388
2221 6.55748 657.232 0.317381
2231 6.56766 658.158 0.320376
2241 6.57047 658.851 0.322839
2251 6.59061 660.512 0.319552
2261 6.60069 661.443 0.322234
2271 6.60222 661.944 0.324612
2281 6.6233 663.743 0.320711
2291 6.63351 664.7 0.323897
2301 6.63479 665.126 0.326283
2311 6.65604 666.958 0.322872
2321 6.66608 667.928 0.325505
2331 6.66777 668.411 0.327961
2341 6.68866 670.191 0.324848
2351 6.69837 671.131 0.327017
2361 6.69973 671.606 0.329664
2371 6.7206 673.276 0.326315
2381 6.73044 674.263 0.32867
2391 6.73191 674.821 0.331405
2401 6.75256 676.516 0.327732
2411 6.76222 677.421 0.330529
2421 6.76369 677.933 0.332921
2431 6.78401 679.67 0.329259
2441 6.79392 680.532 0.332011
2451 6.80879 681.618 0.334444
2461 6.81507 682.764 0.330817
2471 6.82541 683.654 0.333481
2481 6.83416 684.43 0.336146
2491 6.84625 685.808 0.332449
2501 6.85704 686.844 0.335201
2511 6.86298 687.512 0.337739
2521 6.87699 688.867 0.332805
2531 6.88771 689.87 0.336665
2541 6.8924 690.683 0.339204
2551 6.9077 691.94 0.334558
2561 6.91815 692.843 0.338059
2571 6.92117 693.577 0.340839
2581 6.93823 694.938 0.334692
2591 7.07738 697.92 1.07407
2601 7.16362 698.948 1.4248
2611 6.96857 697.966 0.335152
2621 7.1071 700.914 1.07407
2631 7.04541 701.068 0.639273
2641 6.99592 700.588 0.347101
2651 7.47503 705.305 2.51713
2661 7.04221 703.518 0.510598
2671 7.02512 703.482 0.348232
2681 7.05245 705.73 0.343985
2691 7.05804 706.268 0.348635
2701 7.05456 706.49 0.348991
2711 7.07618 708.296 0.345345
2721 7.08616 709.095 0.371933
2731 7.08382 709.385 0.350164
2741 7.10424 711.214 0.346766
2751 7.11447 711.94 0.364998
2761 7.11246 712.375 0.352321
2771 7.13154 714.05 0.348377
2781 7.1425 714.858 0.350725
2791 7.14158 715.293 0.353298
2801 7.41026 718.812 1.90819
2811 7.17098 717.8 0.352249
2821 7.16981 718.179 0.354925
2831 7.20225 720.428 0.35118
2841 7.19985 720.658 0.353628
2851 7.19886 721.144 0.356491
2861 7.21844 722.757 0.352548
2871 7.22845 723.496 0.355055
2881 7.2272 723.969 0.356654
2891 7.24681 725.577 0.353801
2901 7.25687 726.395 0.35656
2911 7.25552 726.84 0.357628
2921 7.27528 728.406 0.355175
2931 7.28464 729.164 0.357778
2941 7.28353 729.627 0.359322
2951 7.30322 731.242 0.356201
2961 7.31086 731.878 0.359237
2971 7.31127 732.349 0.360302
2981 7.33193 734.088 0.357562
2991 7.33867 734.675 0.360352
3001 7.33903 735.123 0.361477
3011 7.3598 736.856 0.358994
3021 7.36647 737.484 0.36175
3031 7.36668 737.934 0.36272
3041 7.39669 739.92 0.36055
3051 7.39326 740.255 0.362953
3061 7.39431 740.739 0.364191
3071 7.52448 743.797 1.26849
3081 7.42079 743.102 0.364096
3091 7.42116 743.354 0.365564
3101 7.44423 745.33 0.363256
3111 7.44776 745.793 0.365311
3121 7.44945 746.192 0.366851
3131 7.46848 747.921 0.364668
3141 7.47482 748.506 0.366631
3151 7.47552 748.825 0.368153
3161 7.49477 750.6 0.365928
3171 7.50175 751.165 0.36733
3181 7.54424 752.603 0.649682
3191 7.52123 753.231 0.3671
3201 7.52847 753.882 0.368708
3211 7.57076 755.305 0.649685
3221 7.78777 757.822 1.91788
3231 7.55499 756.518 0.369574
3241 7.57352 757.749 0.37174
3251 7.57411 758.584 0.368781
3261 7.58135 759.13 0.37069
3271 7.58654 759.9 0.373007
3281 7.60122 761.225 0.36935
3291 7.60763 761.79 0.371987
3301 7.61116 762.411 0.374099
3311 7.62616 763.763 0.370492
3321 7.63362 764.425 0.37295
3331 7.63674 764.861 0.375237
3341 7.65203 766.394 0.37201
3351 7.65978 767.11 0.374179
3361 7.71121 768.701 0.641315
3371 7.6776 768.95 0.372614
3381 7.68555 769.656 0.375736
3391 7.71069 770.552 0.615388
3401 7.7033 771.58 0.373782
3411 7.711 772.203 0.376517
3421 7.71263 772.718 0.378666
3431 7.72884 774.154 0.375394
3441 7.73657 774.815 0.377803
3451 7.73703 775.125 0.379876
3461 7.75408 776.667 0.376009
3471 7.76192 777.391 0.378918
3481 7.76218 777.605 0.381002
3491 7.77942 779.206 0.37763
3501 7.78712 779.915 0.379979
3511 7.78774 780.204 0.382152
3521 7.8047 781.755 0.379164
3531 7.81216 782.435 0.380963
3541 7.81246 782.715 0.383321
3551 7.82947 784.165 0.380102
3561 7.83705 784.894 0.38207
3571 7.83746 785.237 0.384553
3581 7.8543 786.709 0.380988
3591 7.86174 787.402 0.383471
3601 7.86219 787.716 0.385591
3611 7.87876 789.21 0.382031
3621 7.88642 789.823 0.384473
3631 7.89845 790.733 0.386607
3641 7.90294 791.624 0.383036
3651 7.91099 792.281 0.385435
3661 7.91775 792.876 0.387819
3671 7.92727 794.037 0.384094
3681 7.93574 794.825 0.386692
3691 7.94007 795.314 0.388968
3701 7.95128 796.43 0.384082
3711 7.9597 797.226 0.387687
3721 7.96297 797.843 0.389964
3731 7.97532 798.841 0.385336
3741 7.98354 799.576 0.388598
3751 7.98536 800.108 0.391146
3761 7.99925 801.233 0.385069
3771 8.11938 804.02 1.0742
3781 8.19393 804.848 1.42487
3791 8.02307 803.642 0.385048
3801 8.44101 807.804 2.51713
3811 8.08831 806.347 0.639379
3821 8.04441 805.643 0.396226
3831 8.46354 810.17 2.51713
3841 8.08304 808.174 0.510662
3851 8.06733 807.919 0.396941
3861 8.09027 809.975 0.392717
3871 8.09436 810.308 0.39509
3881 8.09049 810.325 0.397265
3891 8.10849 811.957 0.393671
3901 8.11644 812.538 0.396184
3911 8.11356 812.633 0.398034
3921 8.13054 814.257 0.394662
3931 8.13873 814.775 0.397003
3941 8.13615 815.011 0.399776
3951 8.15197 816.512 0.395887
3961 8.16081 817.116 0.398026
3971 8.15914 817.331 0.400372
3981 8.39453 820.681 1.90819
3991 8.18334 819.483 0.399154
4001 8.18147 819.635 0.401685
4011 8.2091 821.718 0.397909
4021 8.20625 821.748 0.400109
4031 8.20457 822.027 0.402005
4041 8.22092 823.463 0.39889
4051 8.22897 824.013 0.401274
4061 8.22706 824.268 0.402676
4071 8.24348 825.702 0.399752
4081 8.25158 826.338 0.402229
4091 8.2496 826.544 0.403198
4101 8.26616 827.982 0.400425
4111 8.27367 828.522 0.403135
4121 8.27189 828.783 0.404487
4131 8.28843 830.246 0.401409
4141 8.29443 830.701 0.404223
4151 8.294 830.957 0.40513
4161 8.31145 832.525 0.402393
4171 8.31662 832.929 0.404947
4181 8.31616 833.16 0.405943
4191 8.35445 835.248 0.595727
4201 8.33886 835.189 0.405999
4211 8.33827 835.428 0.406833
4221 8.36403 837.272 0.404642
4231 8.36024 837.401 0.406856
4241 8.36041 837.685 0.407957
4251 8.47498 840.586 1.26849
4261 8.38227 839.689 0.40762
4271 8.38189 839.752 0.408977
4281 8.40155 841.572 0.406651
4291 8.40395 841.862 0.408482
4301 8.40469 842.055 0.409914
4311 8.42079 843.64 0.407728
4321 8.4257 844.026 0.409477
4331 8.42558 844.145 0.410851
4341 8.44188 845.762 0.408645
4351 8.44736 846.157 0.409871
4361 8.48437 847.378 0.649774
4371 8.46317 847.851 0.409469
4381 8.46889 848.347 0.410904
4391 8.48467 849.337 0.412587
4401 8.69876 851.917 1.91788
4411 8.49027 850.457 0.411442
4421 8.50602 851.467 0.413474
4431 8.50582 852.157 0.410563
4441 8.51156 852.539 0.412243
4451 8.51545 853.135 0.414415
4461 8.5278 854.316 0.410801
4471 8.5328 854.685 0.413206
4481 8.53524 855.153 0.415187
4491 8.54787 856.328 0.411622
4501 8.55383 856.825 0.413863
4511 8.5559 857.098 0.416032
4521 8.56882 858.449 0.412812
4531 8.57504 859.003 0.414795
4541 8.62032 860.434 0.641335
4551 8.58954 860.522 0.413122
4561 8.59585 861.048 0.416036
4571 8.61774 861.782 0.615388
4581 8.6104 862.643 0.413993
4591 8.61659 863.112 0.416571
4601 8.61737 863.451 0.418531
4611 8.63116 864.731 0.415299
4621 8.63739 865.233 0.41754
4631 8.63712 865.384 0.419435
4641 8.65168 866.769 0.415639
4651 8.65802 867.347 0.418362
4661 8.65758 867.408 0.420271
4671 8.67233 868.844 0.416952
4681 8.67856 869.396 0.419124
4691 8.67844 869.562 0.421154
4701 8.69296 870.95 0.418255
4711 8.69897 871.495 0.419816
4721 8.69859 871.597 0.422013
4731 8.71316 872.91 0.418917
4741 8.71929 873.485 0.420613
4751 8.719 873.664 0.422964
4761 8.73345 875.014 0.419523
4771 8.73947 875.546 0.421779
4781 8.74974 876.266 0.423743
4791 8.75344 877.065 0.420297
4801 8.75967 877.531 0.422519
4811 8.76986 878.275 0.424475
4821 8.77322 879.014 0.42099
4831 8.7798 879.563 0.423201
4841 8.78526 880.015 0.425414
4851 8.793 881.006 0.421714
4861 8.80013 881.663 0.4242
4871 8.80341 881.996 0.426323
4881 8.81283 882.974 0.421522
4891 8.81978 883.641 0.424941
4901 8.8221 884.105 0.427053
4911 8.83257 884.94 0.422489
4921 8.83934 885.561 0.425587
4931 8.84037 885.953 0.42799
4941 8.85224 886.935 0.422003
4951 8.96031 889.583 1.07426
4961 9.02732 890.266 1.42493
4971 8.87183 888.897 0.421701
4981 9.25088 892.945 2.51713
4991 8.92964 891.357 0.639453
