1 31.2726
10001 12.0048
20001 8.23322
30001 6.71788
40001 6.01586
50001 5.64028
60001 5.40882
70001 5.25777
80001 5.1427
90001 5.04936
100001 4.9699
110001 4.90093
120001 4.84035
130001 4.78484
140001 4.73367
150001 4.68669
160001 4.64368
170001 4.6026
180001 4.56444
190001 4.52795
200001 4.49372
210001 4.46155
220001 4.43026
230001 4.40036
240001 4.37245
250001 4.34563
260001 4.31968
270001 4.29485
280001 4.27097
290001 4.24773
300001 4.2255
310001 4.20415
320001 4.1837
330001 4.16395
340001 4.14501
350001 4.1264
360001 4.10853
370001 4.0909
380001 4.07425
390001 4.05787
400001 4.0419
410001 4.02618
420001 4.01114
430001 3.99663
440001 3.98234
450001 3.96815
460001 3.95439
470001 3.94115
480001 3.92801
490001 3.91544
500001 3.90305
510001 3.89108
520001 3.87915
530001 3.86772
540001 3.85653
550001 3.84551
560001 3.83477
570001 3.82441
580001 3.81406
590001 3.80386
600001 3.79385
610001 3.78424
620001 3.7749
630001 3.76566
640001 3.7566
650001 3.74755
660001 3.73879
670001 3.73007
680001 3.72168
690001 3.71332
700001 3.70497
710001 3.69699
720001 3.68911
730001 3.6813
740001 3.67357
750001 3.66617
760001 3.65887
770001 3.65156
780001 3.64454
790001 3.63735
800001 3.63055
810001 3.62378
820001 3.61726
830001 3.61068
840001 3.60411
850001 3.59775
860001 3.59153
870001 3.58535
880001 3.57944
890001 3.57337
900001 3.56746
910001 3.56172
920001 3.55596
930001 3.55034
940001 3.54466
950001 3.53916
960001 3.53378
970001 3.5284
980001 3.52325
990001 3.51801
1000001 3.51281
1010001 3.5077
1020001 3.50269
1030001 3.49772
1040001 3.49274
1050001 3.48802
1060001 3.48328
1070001 3.47855
1080001 3.47377
1090001 3.46917
1100001 3.46476
1110001 3.46048
1120001 3.45612
1130001 3.4516
1140001 3.4474
1150001 3.44325
1160001 3.43886
1170001 3.43482
1180001 3.43066
1190001 3.42669
1200001 3.42275
1210001 3.41872
1220001 3.41488
1230001 3.41105
1240001 3.40712
1250001 3.40339
1260001 3.39956
1270001 3.39591
1280001 3.39213
1290001 3.38855
1300001 3.38501
1310001 3.38155
1320001 3.37791
1330001 3.37449
1340001 3.37102
1350001 3.36755
1360001 3.36417
1370001 3.36097
1380001 3.3576
1390001 3.35442
1400001 3.35117
1410001 3.34803
1420001 3.34483
1430001 3.34164
1440001 3.33841
1450001 3.3353
1460001 3.33231
1470001 3.3295
1480001 3.32634
1490001 3.32341
1500001 3.32054
1510001 3.31764
1520001 3.3149
1530001 3.31194
1540001 3.30904
1550001 3.3062
1560001 3.3036
1570001 3.30096
1580001 3.29835
1590001 3.29558
1600001 3.29304
1610001 3.29056
1620001 3.28794
1630001 3.28534
1640001 3.28291
1650001 3.28046
1660001 3.27795
1670001 3.27561
1680001 3.27312
1690001 3.27071
1700001 3.26833
1710001 3.266
1720001 3.26364
1730001 3.26144
1740001 3.25917
1750001 3.25692
1760001 3.25469
1770001 3.25246
1780001 3.25018
1790001 3.24796
1800001 3.24568
1810001 3.24342
1820001 3.24147
1830001 3.23931
1840001 3.23723
1850001 3.23534
1860001 3.23305
1870001 3.23119
1880001 3.2292
1890001 3.22719
1900001 3.22517
1910001 3.2232
1920001 3.22129
1930001 3.21934
1940001 3.21743
1950001 3.21561
1960001 3.21376
1970001 3.21191
1980001 3.20993
1990001 3.20806
2000001 3.20634
2010001 3.20455
2020001 3.20277
2030001 3.20101
2040001 3.19927
2050001 3.19747
2060001 3.19576
2070001 3.19398
2080001 3.19229
2090001 3.19057
2100001 3.18896
2110001 3.1874
2120001 3.18573
2130001 3.18398
2140001 3.18233
2150001 3.18077
2160001 3.17926
2170001 3.1776
2180001 3.17604
2190001 3.17451
2200001 3.17283
2210001 3.17129
2220001 3.16982
2230001 3.16845
2240001 3.16702
2250001 3.16545
2260001 3.16411
2270001 3.16276
2280001 3.16134
2290001 3.15989
2300001 3.15838
2310001 3.15703
2320001 3.15556
2330001 3.15419
2340001 3.15286
2350001 3.1515
2360001 3.15027
2370001 3.14888
2380001 3.14758
2390001 3.14625
2400001 3.14501
2410001 3.14389
2420001 3.14257
2430001 3.14118
2440001 3.13993
2450001 3.13867
2460001 3.13747
2470001 3.13613
2480001 3.1349
2490001 3.13379
2500001 3.13262
2510001 3.13139
2520001 3.13012
2530001 3.12902
2540001 3.12793
2550001 3.12682
2560001 3.12565
2570001 3.12459
2580001 3.12342
2590001 3.12239
2600001 3.12124
2610001 3.12028
2620001 3.11917
2630001 3.11802
2640001 3.1169
2650001 3.116
2660001 3.11475
2670001 3.11358
2680001 3.11268
2690001 3.11159
2700001 3.1107
2710001 3.1096
2720001 3.10871
2730001 3.1077
2740001 3.10677
2750001 3.10595
2760001 3.10493
2770001 3.10394
2780001 3.1029
2790001 3.10214
2800001 3.1013
2810001 3.10015
2820001 3.0993
2830001 3.09842
2840001 3.09758
2850001 3.0966
2860001 3.09583
2870001 3.09493
2880001 3.09403
2890001 3.09313
2900001 3.09221
2910001 3.09149
2920001 3.09067
2930001 3.08981
2940001 3.08888
2950001 3.08821
2960001 3.08742
2970001 3.08654
2980001 3.08589
2990001 3.08537
3000001 3.08455
3010001 3.08369
3020001 3.08283
3030001 3.08196
3040001 3.08116
3050001 3.08045
3060001 3.07989
3070001 3.07901
3080001 3.0782
3090001 3.07729
3100001 3.07674
3110001 3.07595
3120001 3.0753
3130001 3.07452
3140001 3.07394
3150001 3.07313
3160001 3.07251
3170001 3.07178
3180001 3.07115
3190001 3.07056
3200001 3.06977
3210001 3.06926
3220001 3.06852
3230001 3.06783
3240001 3.06724
3250001 3.06653
3260001 3.06601
3270001 3.06513
3280001 3.06466
3290001 3.06385
3300001 3.0634
3310001 3.06284
3320001 3.06221
3330001 3.06176
3340001 3.06117
3350001 3.06055
3360001 3.06005
3370001 3.05944
3380001 3.05891
3390001 3.0583
3400001 3.05788
3410001 3.05734
3420001 3.05673
3430001 3.05619
3440001 3.05547
3450001 3.05497
3460001 3.05446
3470001 3.05405
3480001 3.05369
3490001 3.05315
3500001 3.0525
3510001 3.05196
3520001 3.05147
3530001 3.05084
3540001 3.05049
3550001 3.04994
3560001 3.04939
3570001 3.04894
3580001 3.04849
3590001 3.04797
3600001 3.04759
3610001 3.04707
3620001 3.04654
3630001 3.04611
3640001 3.04565
3650001 3.04513
3660001 3.04465
3670001 3.04432
3680001 3.04377
3690001 3.04339
3700001 3.0429
3710001 3.04258
3720001 3.04216
3730001 3.04164
3740001 3.04119
3750001 3.04077
3760001 3.04054
3770001 3.04011
3780001 3.03975
3790001 3.03922
3800001 3.03892
3810001 3.03853
3820001 3.0382
3830001 3.0377
3840001 3.03733
3850001 3.03705
3860001 3.03662
3870001 3.03627
3880001 3.03585
3890001 3.03554
3900001 3.03513
3910001 3.03485
3920001 3.0345
3930001 3.03412
3940001 3.03381
3950001 3.03363
3960001 3.03327
3970001 3.03288
3980001 3.03271
3990001 3.03224
4000001 3.03197
4010001 3.03166
4020001 3.03142
4030001 3.03099
4040001 3.03079
4050001 3.03027
4060001 3.03009
4070001 3.02983
4080001 3.02967
4090001 3.02929
4100001 3.02912
4110001 3.02874
4120001 3.02862
4130001 3.02824
4140001 3.02811
4150001 3.02794
4160001 3.02763
4170001 3.02739
4180001 3.0272
4190001 3.02686
4200001 3.02664
4210001 3.02648
4220001 3.02629
4230001 3.02599
4240001 3.02596
4250001 3.02587
4260001 3.02552
4270001 3.02527
4280001 3.02499
4290001 3.02482
4300001 3.02457
4310001 3.0243
4320001 3.02428
4330001 3.02405
4340001 3.02388
4350001 3.02371
4360001 3.02361
4370001 3.02338
4380001 3.02317
4390001 3.02291
4400001 3.02279
4410001 3.02266
4420001 3.02243
4430001 3.02226
4440001 3.02214
4450001 3.02199
4460001 3.02178
4470001 3.02151
4480001 3.02162
4490001 3.02141
4500001 3.0213
4510001 3.02122
4520001 3.02108
4530001 3.02075
4540001 3.02052
4550001 3.02031
4560001 3.02014
4570001 3.02005
4580001 3.01999
4590001 3.01977
4600001 3.0198
4610001 3.01981
4620001 3.01973
4630001 3.01968
4640001 3.01952
4650001 3.01938
4660001 3.01914
4670001 3.01906
4680001 3.01892
4690001 3.01895
4700001 3.01868
4710001 3.01854
4720001 3.01848
4730001 3.01835
4740001 3.01817
4750001 3.018
4760001 3.01805
4770001 3.01791
4780001 3.01782
4790001 3.01778
4800001 3.01776
4810001 3.01765
4820001 3.01761
4830001 3.0175
4840001 3.01748
4850001 3.01742
4860001 3.01728
4870001 3.01727
4880001 3.01712
4890001 3.01703
4900001 3.01702
4910001 3.01693
4920001 3.01695
4930001 3.01679
4940001 3.01691
4950001 3.01697
4960001 3.0169
4970001 3.01687
4980001 3.01682
4990001 3.01653
5000001 3.01656
5010001 3.01641
5020001 3.01657
5030001 3.0165
5040001 3.01663
5050001 3.01648
5060001 3.01649
5070001 3.01652
5080001 3.01643
5090001 3.01637
5100001 3.01629
5110001 3.01623
5120001 3.01622
5130001 3.01612
5140001 3.01615
5150001 3.01615
5160001 3.01608
5170001 3.01602
5180001 3.01613
5190001 3.01602
5200001 3.01599
5210001 3.01607
5220001 3.01601
5230001 3.01607
5240001 3.01617
5250001 3.01618
5260001 3.01607
5270001 3.01615
5280001 3.01615
5290001 3.01617
5300001 3.01607
5310001 3.01614
5320001 3.01604
5330001 3.01604
5340001 3.01608
5350001 3.01618
5360001 3.01626
5370001 3.01615
5380001 3.01623
5390001 3.01636
5400001 3.01643
5410001 3.01653
5420001 3.01661
5430001 3.01656
5440001 3.01665
5450001 3.01667
5460001 3.01669
5470001 3.01693
5480001 3.01687
5490001 3.01692
5500001 3.017
5510001 3.01708
5520001 3.01693
5530001 3.01699
5540001 3.01705
5550001 3.01724
5560001 3.01729
5570001 3.01731
5580001 3.01727
5590001 3.01725
5600001 3.01729
5610001 3.01741
5620001 3.01747
5630001 3.01754
5640001 3.01765
5650001 3.01774
5660001 3.01783
5670001 3.01801
5680001 3.01805
5690001 3.0182
5700001 3.01824
5710001 3.01824
5720001 3.01833
5730001 3.01842
5740001 3.01831
5750001 3.01853
5760001 3.01849
5770001 3.01858
5780001 3.01871
5790001 3.01898
5800001 3.01903
5810001 3.01928
5820001 3.01926
5830001 3.01926
5840001 3.01922
5850001 3.01944
5860001 3.01955
5870001 3.01952
5880001 3.01969
5890001 3.01981
5900001 3.01999
5910001 3.02008
5920001 3.02006
5930001 3.02008
5940001 3.02015
5950001 3.02018
5960001 3.02023
5970001 3.02034
5980001 3.02055
5990001 3.02078
6000001 3.02082
6010001 3.02095
6020001 3.02105
6030001 3.02111
6040001 3.02116
6050001 3.02127
6060001 3.02139
6070001 3.02146
6080001 3.02157
6090001 3.02171
6100001 3.02181
6110001 3.02199
6120001 3.02222
6130001 3.0223
6140001 3.0224
6150001 3.02258
6160001 3.02263
6170001 3.0227
6180001 3.02301
6190001 3.02305
6200001 3.02314
6210001 3.02345
6220001 3.02349
6230001 3.02367
6240001 3.02375
6250001 3.02389
6260001 3.02416
6270001 3.02407
6280001 3.02421
6290001 3.02439
6300001 3.02451
6310001 3.02475
6320001 3.0249
6330001 3.0251
6340001 3.02527
6350001 3.0254
6360001 3.02563
6370001 3.02579
6380001 3.02605
6390001 3.02619
6400001 3.02645
6410001 3.02652
6420001 3.02659
6430001 3.02675
6440001 3.02691
6450001 3.02706
6460001 3.02727
6470001 3.02741
6480001 3.02756
6490001 3.02773
6500001 3.02787
6510001 3.02803
6520001 3.0283
6530001 3.02857
6540001 3.02856
6550001 3.02878
6560001 3.02891
6570001 3.02927
6580001 3.02934
6590001 3.02956
6600001 3.02967
6610001 3.02976
6620001 3.03009
6630001 3.03021
6640001 3.03033
6650001 3.0305
6660001 3.03079
6670001 3.03109
6680001 3.03129
6690001 3.03146
6700001 3.03158
6710001 3.0317
6720001 3.032
6730001 3.03221
6740001 3.03238
6750001 3.03258
6760001 3.03281
6770001 3.03311
6780001 3.03313
6790001 3.0332
6800001 3.03343
6810001 3.03363
6820001 3.03376
6830001 3.03414
6840001 3.03424
6850001 3.03448
6860001 3.03472
6870001 3.03486
6880001 3.03503
6890001 3.03518
6900001 3.03531
6910001 3.03553
6920001 3.03567
6930001 3.03593
6940001 3.03609
6950001 3.03633
6960001 3.03664
6970001 3.03703
6980001 3.03707
6990001 3.03732
7000001 3.03763
7010001 3.03788
7020001 3.03793
7030001 3.03813
7040001 3.03836
7050001 3.03857
7060001 3.03879
7070001 3.0391
7080001 3.03917
7090001 3.03944
7100001 3.03958
7110001 3.03984
7120001 3.03991
7130001 3.04031
7140001 3.04049
7150001 3.04074
7160001 3.04088
7170001 3.0411
7180001 3.04129
7190001 3.04166
7200001 3.04198
7210001 3.04203
7220001 3.0424
7230001 3.04253
7240001 3.0426
7250001 3.04286
7260001 3.04315
7270001 3.04332
7280001 3.04354
7290001 3.04387
7300001 3.04406
7310001 3.04442
7320001 3.04453
7330001 3.04483
7340001 3.04514
7350001 3.04539
7360001 3.04563
7370001 3.04588
7380001 3.04612
7390001 3.04637
7400001 3.04664
7410001 3.04686
7420001 3.04719
7430001 3.04733
7440001 3.04755
7450001 3.04789
7460001 3.04819
7470001 3.04845
7480001 3.04868
7490001 3.04891
7500001 3.04922
7510001 3.04944
7520001 3.04973
7530001 3.04991
7540001 3.05016
7550001 3.0503
7560001 3.05055
7570001 3.05076
7580001 3.05105
7590001 3.05134
7600001 3.05161
7610001 3.05179
7620001 3.05208
7630001 3.05227
7640001 3.05254
7650001 3.05281
7660001 3.05302
7670001 3.05332
7680001 3.05343
7690001 3.05372
7700001 3.05406
7710001 3.05433
7720001 3.05459
7730001 3.0547
7740001 3.05499
7750001 3.05534
7760001 3.0556
7770001 3.05589
7780001 3.05613
7790001 3.05649
7800001 3.05669
7810001 3.05692
7820001 3.0572
7830001 3.05749
7840001 3.0577
7850001 3.05815
7860001 3.05831
7870001 3.05866
7880001 3.05893
7890001 3.05916
7900001 3.05939
7910001 3.05955
7920001 3.05976
7930001 3.05994
7940001 3.06039
7950001 3.06068
7960001 3.06111
7970001 3.06122
7980001 3.06149
7990001 3.06182
8000001 3.06214
8010001 3.06245
8020001 3.06276
8030001 3.06301
8040001 3.06328
8050001 3.0635
8060001 3.0638
8070001 3.06412
8080001 3.06431
8090001 3.06461
8100001 3.06487
8110001 3.0652
8120001 3.06539
8130001 3.06575
8140001 3.06601
8150001 3.06632
8160001 3.06653
8170001 3.06668
8180001 3.06713
8190001 3.06743
8200001 3.06775
8210001 3.068
8220001 3.06828
8230001 3.06857
8240001 3.06903
8250001 3.0693
8260001 3.06955
8270001 3.06986
8280001 3.0702
8290001 3.07036
8300001 3.07082
8310001 3.0711
8320001 3.07139
8330001 3.07166
8340001 3.07197
8350001 3.07225
8360001 3.07247
8370001 3.07291
8380001 3.07306
8390001 3.07342
8400001 3.07376
8410001 3.07403
8420001 3.07426
8430001 3.07457
8440001 3.07477
8450001 3.07506
8460001 3.07551
8470001 3.0757
8480001 3.07616
8490001 3.0763
8500001 3.0767
8510001 3.07695
8520001 3.07743
8530001 3.07781
8540001 3.07808
8550001 3.07837
8560001 3.07859
8570001 3.07892
8580001 3.07915
8590001 3.07952
8600001 3.07989
8610001 3.08
8620001 3.08036
8630001 3.08069
8640001 3.08097
8650001 3.08129
8660001 3.08151
8670001 3.08179
8680001 3.0821
8690001 3.08258
8700001 3.08287
8710001 3.08322
8720001 3.08356
8730001 3.08389
8740001 3.08463
8750001 3.08478
8760001 3.085
8770001 3.08531
8780001 3.08561
8790001 3.08581
8800001 3.08611
8810001 3.08626
8820001 3.08658
8830001 3.08699
8840001 3.0873
8850001 3.08768
8860001 3.08796
8870001 3.08832
8880001 3.08865
8890001 3.08906
8900001 3.08936
8910001 3.0896
8920001 3.0898
8930001 3.09018
8940001 3.09051
8950001 3.09092
8960001 3.0914
8970001 3.09163
8980001 3.09202
8990001 3.09223
9000001 3.09251
9010001 3.09295
9020001 3.09332
9030001 3.09367
9040001 3.09392
9050001 3.09432
9060001 3.09466
9070001 3.09491
9080001 3.09528
9090001 3.0956
9100001 3.09584
9110001 3.0962
9120001 3.09647
9130001 3.09676
9140001 3.09712
9150001 3.09744
9160001 3.09767
9170001 3.098
9180001 3.09845
9190001 3.0987
9200001 3.09915
9210001 3.0996
9220001 3.09988
9230001 3.10022
9240001 3.10053
9250001 3.10084
9260001 3.10122
9270001 3.10144
9280001 3.10172
9290001 3.10194
9300001 3.10234
9310001 3.10272
9320001 3.10308
9330001 3.10339
9340001 3.10363
9350001 3.10399
9360001 3.10428
9370001 3.10465
9380001 3.10494
9390001 3.10521
9400001 3.10553
9410001 3.10582
9420001 3.10621
9430001 3.10648
9440001 3.1068
9450001 3.10709
9460001 3.10742
9470001 3.10786
9480001 3.10831
9490001 3.10871
9500001 3.10887
9510001 3.10919
9520001 3.10947
9530001 3.10991
9540001 3.1104
9550001 3.11074
9560001 3.11094
9570001 3.11128
9580001 3.11168
9590001 3.11212
9600001 3.11256
9610001 3.1128
9620001 3.11321
9630001 3.11345
9640001 3.11375
9650001 3.11398
9660001 3.11439
9670001 3.11473
9680001 3.1151
9690001 3.11538
9700001 3.11572
9710001 3.1161
9720001 3.11639
9730001 3.11681
9740001 3.11722
9750001 3.11753
9760001 3.11787
9770001 3.11818
9780001 3.11855
9790001 3.11895
9800001 3.11931
9810001 3.11973
9820001 3.12012
9830001 3.1204
9840001 3.12085
9850001 3.12113
9860001 3.12153
9870001 3.1218
9880001 3.12224
9890001 3.12254
9900001 3.12289
9910001 3.12319
9920001 3.12352
9930001 3.12383
9940001 3.12415
9950001 3.12453
9960001 3.12469
9970001 3.12512
9980001 3.12552
9990001 3.12579
10000001 3.12617
10010001 3.12647
10020001 3.12683
10030001 3.12723
10040001 3.12752
10050001 3.1279
10060001 3.1282
10070001 3.12851
10080001 3.12891
10090001 3.12934
10100001 3.12972
10110001 3.13002
10120001 3.13029
10130001 3.13077
10140001 3.13115
10150001 3.13154
10160001 3.13177
10170001 3.13228
10180001 3.13267
10190001 3.13296
10200001 3.13335
10210001 3.13363
10220001 3.13383
10230001 3.13411
10240001 3.13451
10250001 3.13484
10260001 3.13534
10270001 3.13565
10280001 3.13597
10290001 3.13645
10300001 3.13688
10310001 3.13718
10320001 3.13754
10330001 3.13788
10340001 3.13818
10350001 3.1385
10360001 3.13889
10370001 3.13927
10380001 3.13956
10390001 3.13983
10400001 3.14041
10410001 3.14073
10420001 3.14105
10430001 3.1413
10440001 3.14177
10450001 3.14209
10460001 3.14242
10470001 3.14278
10480001 3.14317
10490001 3.14345
10500001 3.14379
10510001 3.14413
10520001 3.14458
10530001 3.145
10540001 3.14531
10550001 3.1456
10560001 3.14597
10570001 3.14637
10580001 3.14665
10590001 3.14711
10600001 3.14749
10610001 3.14772
10620001 3.14825
10630001 3.14858
10640001 3.14897
10650001 3.14923
10660001 3.14979
10670001 3.15015
10680001 3.15045
10690001 3.15059
10700001 3.15109
10710001 3.1514
10720001 3.1518
10730001 3.15217
10740001 3.15254
10750001 3.15299
10760001 3.15336
10770001 3.15387
10780001 3.15423
10790001 3.15459
10800001 3.1549
10810001 3.1552
10820001 3.15543
10830001 3.15589
10840001 3.15622
10850001 3.15657
10860001 3.15701
10870001 3.15728
10880001 3.15757
10890001 3.15779
10900001 3.15834
10910001 3.15863
10920001 3.15886
10930001 3.15937
10940001 3.15978
10950001 3.15999
10960001 3.16025
10970001 3.16067
10980001 3.16087
10990001 3.16135
11000001 3.16171
11010001 3.16203
11020001 3.16249
11030001 3.16279
11040001 3.16331
11050001 3.16368
11060001 3.16407
11070001 3.16444
11080001 3.16486
11090001 3.1651
11100001 3.16553
11110001 3.16589
11120001 3.16639
11130001 3.16667
11140001 3.16698
11150001 3.16728
11160001 3.16769
11170001 3.16813
11180001 3.16856
11190001 3.169
11200001 3.16924
11210001 3.16965
11220001 3.16999
11230001 3.17045
11240001 3.17071
11250001 3.17109
11260001 3.17147
11270001 3.17184
11280001 3.17233
11290001 3.17269
11300001 3.173
11310001 3.17342
11320001 3.17382
11330001 3.17406
11340001 3.17455
11350001 3.17493
11360001 3.17542
11370001 3.17579
11380001 3.17611
11390001 3.17633
11400001 3.17669
11410001 3.17711
11420001 3.17753
11430001 3.17793
11440001 3.1782
11450001 3.17858
11460001 3.17888
11470001 3.17942
11480001 3.17977
11490001 3.18003
11500001 3.18055
11510001 3.18081
11520001 3.18129
11530001 3.18155
11540001 3.18191
11550001 3.18222
11560001 3.18268
11570001 3.18311
11580001 3.18341
11590001 3.18379
11600001 3.18412
11610001 3.18467
11620001 3.18505
11630001 3.18548
11640001 3.18579
11650001 3.1862
11660001 3.18657
11670001 3.18704
11680001 3.18736
11690001 3.18776
11700001 3.18822
11710001 3.18853
11720001 3.18902
11730001 3.18936
11740001 3.18976
11750001 3.19004
11760001 3.19036
11770001 3.19075
11780001 3.19098
11790001 3.19141
11800001 3.19175
11810001 3.19215
11820001 3.19248
11830001 3.19288
11840001 3.19329
11850001 3.19361
11860001 3.19409
11870001 3.19447
11880001 3.19489
11890001 3.19531
11900001 3.1956
11910001 3.19596
11920001 3.19633
11930001 3.19677
11940001 3.19716
11950001 3.19758
11960001 3.198
11970001 3.19834
11980001 3.19888
11990001 3.1992
12000001 3.19949
12010001 3.19979
12020001 3.20011
12030001 3.20042
12040001 3.2008
12050001 3.20126
12060001 3.2016
12070001 3.20205
12080001 3.20254
12090001 3.20286
12100001 3.20329
12110001 3.20362
12120001 3.20399
12130001 3.2043
12140001 3.2047
12150001 3.205
12160001 3.20546
12170001 3.20588
12180001 3.20625
12190001 3.20649
12200001 3.20687
12210001 3.20733
12220001 3.20773
12230001 3.20813
12240001 3.20831
12250001 3.20881
12260001 3.20922
12270001 3.20961
12280001 3.21017
12290001 3.21047
12300001 3.21091
12310001 3.21122
12320001 3.21161
12330001 3.2119
12340001 3.2123
12350001 3.21268
12360001 3.21304
12370001 3.21335
12380001 3.2138
12390001 3.21407
12400001 3.21458
12410001 3.21496
12420001 3.21519
12430001 3.21557
12440001 3.21597
12450001 3.21635
12460001 3.21676
12470001 3.21721
12480001 3.2175
12490001 3.21778
12500001 3.21816
12510001 3.21856
12520001 3.21895
12530001 3.2194
12540001 3.21985
12550001 3.22016
12560001 3.22058
12570001 3.22105
12580001 3.22155
12590001 3.22204
12600001 3.22248
12610001 3.2228
12620001 3.22319
12630001 3.22358
12640001 3.2241
12650001 3.22446
12660001 3.22482
12670001 3.22516
12680001 3.2255
12690001 3.22588
12700001 3.2263
12710001 3.22671
12720001 3.22703
12730001 3.22738
12740001 3.22773
12750001 3.22809
12760001 3.22845
12770001 3.22881
12780001 3.22926
12790001 3.22965
12800001 3.23
12810001 3.23042
12820001 3.23082
12830001 3.23111
12840001 3.23151
12850001 3.23214
12860001 3.23245
12870001 3.23281
12880001 3.23328
12890001 3.23352
12900001 3.23383
12910001 3.23416
12920001 3.2347
12930001 3.23503
12940001 3.23535
12950001 3.23586
12960001 3.23618
12970001 3.23656
12980001 3.2369
12990001 3.23726
13000001 3.23764
13010001 3.23805
13020001 3.23843
13030001 3.23889
13040001 3.2392
13050001 3.23958
13060001 3.24004
13070001 3.24038
13080001 3.24083
13090001 3.2412
13100001 3.24166
13110001 3.24218
13120001 3.24252
13130001 3.24277
13140001 3.24305
13150001 3.24358
13160001 3.24403
13170001 3.24447
13180001 3.24473
13190001 3.24518
13200001 3.24555
13210001 3.24605
13220001 3.24641
13230001 3.24671
13240001 3.24707
13250001 3.24743
13260001 3.24797
13270001 3.24821
13280001 3.24861
13290001 3.24881
13300001 3.24929
13310001 3.24971
13320001 3.25016
13330001 3.25065
13340001 3.251
13350001 3.25127
13360001 3.25175
13370001 3.2521
13380001 3.25245
13390001 3.25288
13400001 3.25328
13410001 3.25364
13420001 3.25413
13430001 3.25453
13440001 3.25483
13450001 3.2552
13460001 3.25566
13470001 3.25611
13480001 3.25641
13490001 3.2568
13500001 3.25713
13510001 3.25762
13520001 3.25783
13530001 3.25828
13540001 3.2587
13550001 3.25901
13560001 3.25941
13570001 3.25974
13580001 3.26017
13590001 3.2605
13600001 3.26081
13610001 3.26121
13620001 3.26163
13630001 3.26201
13640001 3.26251
13650001 3.26293
13660001 3.26341
13670001 3.26382
13680001 3.2643
13690001 3.26456
13700001 3.26492
13710001 3.26529
13720001 3.26577
13730001 3.26631
13740001 3.26656
13750001 3.26708
13760001 3.26735
13770001 3.26767
13780001 3.26811
13790001 3.26835
13800001 3.26885
13810001 3.26929
13820001 3.26959
13830001 3.26984
13840001 3.27041
13850001 3.27062
13860001 3.2709
13870001 3.27139
13880001 3.27172
13890001 3.27208
13900001 3.27252
13910001 3.27296
13920001 3.27324
13930001 3.27367
13940001 3.27412
13950001 3.27445
13960001 3.27495
13970001 3.27537
13980001 3.2758
13990001 3.27615
14000001 3.27658
14010001 3.27697
14020001 3.27732
14030001 3.27769
14040001 3.2781
14050001 3.27845
14060001 3.27878
14070001 3.27935
14080001 3.2797
14090001 3.28005
14100001 3.28052
14110001 3.2809
14120001 3.28132
14130001 3.2817
14140001 3.28201
14150001 3.28227
14160001 3.28271
14170001 3.28311
14180001 3.28348
14190001 3.28394
14200001 3.2844
14210001 3.28471
14220001 3.28515
14230001 3.28566
14240001 3.28603
14250001 3.28645
14260001 3.28672
14270001 3.28724
14280001 3.2876
14290001 3.288
14300001 3.28844
14310001 3.28881
14320001 3.28919
14330001 3.28961
14340001 3.28997
14350001 3.29029
14360001 3.29067
14370001 3.29108
14380001 3.29138
14390001 3.29178
14400001 3.29217
14410001 3.2926
14420001 3.29303
14430001 3.29348
14440001 3.29397
14450001 3.29415
14460001 3.29458
14470001 3.29497
14480001 3.29538
14490001 3.29589
14500001 3.29626
14510001 3.29655
14520001 3.29699
14530001 3.2973
14540001 3.29772
14550001 3.29819
14560001 3.29859
14570001 3.2988
14580001 3.29925
14590001 3.29972
14600001 3.30023
14610001 3.30048
14620001 3.30093
14630001 3.30127
14640001 3.30177
14650001 3.30201
14660001 3.30241
14670001 3.30308
14680001 3.3034
14690001 3.30374
14700001 3.30415
14710001 3.30453
14720001 3.30503
14730001 3.3054
14740001 3.30568
14750001 3.30602
14760001 3.30655
14770001 3.30694
14780001 3.30734
14790001 3.30775
14800001 3.30818
14810001 3.30858
14820001 3.30883
14830001 3.30936
14840001 3.30973
14850001 3.3102
14860001 3.31056
14870001 3.31102
14880001 3.3113
14890001 3.31164
14900001 3.31203
14910001 3.31252
14920001 3.31288
14930001 3.31331
14940001 3.31372
14950001 3.31412
14960001 3.31448
14970001 3.3148
14980001 3.31514
14990001 3.31561
15000001 3.31598
15010001 3.3163
15020001 3.31674
15030001 3.31715
15040001 3.31766
15050001 3.318
15060001 3.31841
15070001 3.31869
15080001 3.31913
15090001 3.31955
15100001 3.31983
15110001 3.32009
15120001 3.32048
15130001 3.32086
15140001 3.32119
15150001 3.32173
15160001 3.32208
15170001 3.32259
15180001 3.32294
15190001 3.32344
15200001 3.3237
15210001 3.32415
15220001 3.3245
15230001 3.32487
15240001 3.32522
15250001 3.32562
15260001 3.32605
15270001 3.32636
15280001 3.32685
15290001 3.3273
15300001 3.3276
15310001 3.32802
15320001 3.32851
15330001 3.32879
15340001 3.32926
15350001 3.3298
15360001 3.33016
15370001 3.33046
15380001 3.33081
15390001 3.33113
15400001 3.33149
15410001 3.33189
15420001 3.33237
15430001 3.3328
15440001 3.33321
15450001 3.33359
15460001 3.33398
15470001 3.33435
15480001 3.33471
15490001 3.33506
15500001 3.33544
15510001 3.33579
15520001 3.33608
15530001 3.33668
15540001 3.3372
15550001 3.33736
15560001 3.33772
15570001 3.33814
15580001 3.33861
15590001 3.33887
15600001 3.33936
15610001 3.33977
15620001 3.34008
15630001 3.34058
15640001 3.34082
15650001 3.34112
15660001 3.34148
15670001 3.34184
15680001 3.34232
15690001 3.34271
15700001 3.34319
15710001 3.34363
15720001 3.34401
15730001 3.3444
15740001 3.34486
15750001 3.34516
15760001 3.34555
15770001 3.34592
15780001 3.34632
15790001 3.34668
15800001 3.34707
15810001 3.34748
15820001 3.34777
15830001 3.34823
15840001 3.3487
15850001 3.349
15860001 3.34935
15870001 3.34973
15880001 3.35015
15890001 3.35063
15900001 3.351
15910001 3.35136
15920001 3.35165
15930001 3.35198
15940001 3.3525
15950001 3.35283
15960001 3.35319
15970001 3.35355
15980001 3.35406
15990001 3.35442
16000001 3.35467
16010001 3.35505
16020001 3.35541
16030001 3.35587
16040001 3.35628
16050001 3.35664
16060001 3.35705
16070001 3.35746
16080001 3.35773
16090001 3.35817
16100001 3.35849
16110001 3.35889
16120001 3.35922
16130001 3.35963
16140001 3.36008
16150001 3.36054
16160001 3.36086
16170001 3.3612
16180001 3.36162
16190001 3.36196
16200001 3.36241
16210001 3.36273
16220001 3.36311
16230001 3.36353
16240001 3.36401
16250001 3.36439
16260001 3.36472
16270001 3.36504
16280001 3.36539
16290001 3.36587
16300001 3.36628
16310001 3.3667
16320001 3.36713
16330001 3.36754
16340001 3.36798
16350001 3.36833
16360001 3.36876
16370001 3.36922
16380001 3.36964
16390001 3.36985
16400001 3.37028
16410001 3.37079
16420001 3.37116
16430001 3.37163
16440001 3.37189
16450001 3.37242
16460001 3.37274
16470001 3.37302
16480001 3.37359
16490001 3.37394
16500001 3.37426
16510001 3.37463
16520001 3.37499
16530001 3.37533
16540001 3.3757
16550001 3.37622
16560001 3.37662
16570001 3.37707
16580001 3.37727
16590001 3.37764
16600001 3.37802
16610001 3.37834
16620001 3.37869
16630001 3.37916
16640001 3.37949
16650001 3.37982
16660001 3.38021
16670001 3.38058
16680001 3.38108
16690001 3.38152
16700001 3.38195
16710001 3.38231
16720001 3.38267
16730001 3.38308
16740001 3.3834
16750001 3.38388
16760001 3.38417
16770001 3.38449
16780001 3.38486
16790001 3.38512
16800001 3.38565
16810001 3.38615
16820001 3.38651
16830001 3.3869
16840001 3.38725
16850001 3.3876
16860001 3.38801
16870001 3.38843
16880001 3.38875
16890001 3.38916
16900001 3.38974
16910001 3.39006
16920001 3.39045
16930001 3.39076
16940001 3.39117
16950001 3.39157
16960001 3.39195
16970001 3.39242
16980001 3.39291
16990001 3.39328
17000001 3.39369
17010001 3.39403
17020001 3.39449
17030001 3.39482
17040001 3.39528
17050001 3.39553
17060001 3.39596
17070001 3.3963
17080001 3.39674
17090001 3.39705
17100001 3.39747
17110001 3.39786
17120001 3.39819
17130001 3.39862
17140001 3.39902
17150001 3.39935
17160001 3.39974
17170001 3.40024
17180001 3.40063
17190001 3.40099
17200001 3.40135
17210001 3.40172
17220001 3.40212
17230001 3.40262
17240001 3.40299
17250001 3.40346
17260001 3.40379
17270001 3.40417
17280001 3.40469
17290001 3.40504
17300001 3.40529
17310001 3.40577
17320001 3.406
17330001 3.40643
17340001 3.40685
17350001 3.40714
17360001 3.40753
17370001 3.40793
17380001 3.40835
17390001 3.40878
17400001 3.40934
17410001 3.40969
17420001 3.40993
17430001 3.41042
17440001 3.41071
17450001 3.41115
17460001 3.41149
17470001 3.41192
17480001 3.41227
17490001 3.41264
17500001 3.41305
17510001 3.41358
17520001 3.41402
17530001 3.41437
17540001 3.41475
17550001 3.41502
17560001 3.41549
17570001 3.41572
17580001 3.41618
17590001 3.41662
17600001 3.41697
17610001 3.41734
17620001 3.41771
17630001 3.41812
17640001 3.41868
17650001 3.41899
17660001 3.41941
17670001 3.4197
17680001 3.42001
17690001 3.42026
17700001 3.42058
17710001 3.42099
17720001 3.42146
17730001 3.42178
17740001 3.42223
17750001 3.42261
17760001 3.42297
17770001 3.42331
17780001 3.42383
17790001 3.42437
17800001 3.42461
17810001 3.42498
17820001 3.42539
17830001 3.42575
17840001 3.42601
17850001 3.42645
17860001 3.42689
17870001 3.42724
17880001 3.42769
17890001 3.42796
17900001 3.42837
17910001 3.42876
17920001 3.42923
17930001 3.42966
17940001 3.43016
17950001 3.43038
17960001 3.43069
17970001 3.43105
17980001 3.43152
17990001 3.43182
18000001 3.43213
18010001 3.43265
18020001 3.43298
18030001 3.43335
18040001 3.43391
18050001 3.43418
18060001 3.43457
18070001 3.43487
18080001 3.43531
18090001 3.43575
18100001 3.43613
18110001 3.43653
18120001 3.43687
18130001 3.4373
18140001 3.43767
18150001 3.43808
18160001 3.43852
18170001 3.43898
18180001 3.43933
18190001 3.43979
18200001 3.43993
18210001 3.44037
18220001 3.44079
18230001 3.44115
18240001 3.44156
18250001 3.44188
18260001 3.44235
18270001 3.44279
18280001 3.44324
18290001 3.44363
18300001 3.44395
18310001 3.44437
18320001 3.44481
18330001 3.44514
18340001 3.4455
18350001 3.44589
18360001 3.4463
18370001 3.44671
18380001 3.44716
18390001 3.44745
18400001 3.448
18410001 3.44826
18420001 3.44863
18430001 3.44902
18440001 3.44947
18450001 3.44986
18460001 3.45021
18470001 3.45057
18480001 3.45092
18490001 3.45133
18500001 3.45173
18510001 3.4521
18520001 3.45247
18530001 3.45277
18540001 3.45323
18550001 3.45368
18560001 3.45399
18570001 3.45435
18580001 3.45471
18590001 3.45516
18600001 3.4555
18610001 3.45592
18620001 3.45636
18630001 3.45681
18640001 3.45708
18650001 3.45744
18660001 3.45779
18670001 3.45822
18680001 3.45855
18690001 3.45902
18700001 3.45944
18710001 3.45979
18720001 3.46021
18730001 3.46065
18740001 3.46101
18750001 3.46134
18760001 3.46179
18770001 3.46224
18780001 3.46267
18790001 3.46304
18800001 3.46325
18810001 3.46378
18820001 3.46412
18830001 3.4644
18840001 3.46483
18850001 3.4653
18860001 3.46566
18870001 3.46601
18880001 3.46649
18890001 3.46675
18900001 3.46718
18910001 3.46759
18920001 3.46795
18930001 3.46833
18940001 3.46862
18950001 3.46896
18960001 3.46935
18970001 3.46978
18980001 3.47018
18990001 3.47063
19000001 3.47098
19010001 3.4713
19020001 3.47171
19030001 3.47218
19040001 3.47255
19050001 3.47286
19060001 3.47327
19070001 3.47359
19080001 3.47403
19090001 3.47453
19100001 3.47481
19110001 3.47523
19120001 3.47557
19130001 3.47592
19140001 3.47635
19150001 3.47675
19160001 3.47726
19170001 3.47763
19180001 3.47803
19190001 3.47825
19200001 3.47867
19210001 3.47903
19220001 3.47944
19230001 3.47991
19240001 3.48022
19250001 3.48047
19260001 3.48083
19270001 3.48123
19280001 3.48165
19290001 3.482
19300001 3.48238
19310001 3.48266
19320001 3.48308
19330001 3.4835
19340001 3.4838
19350001 3.48418
19360001 3.48462
19370001 3.48511
19380001 3.48551
19390001 3.48593
19400001 3.48624
19410001 3.48652
19420001 3.48704
19430001 3.48734
19440001 3.48776
19450001 3.48811
19460001 3.48842
19470001 3.4889
19480001 3.48929
19490001 3.48971
19500001 3.49009
19510001 3.49052
19520001 3.49101
19530001 3.49138
19540001 3.49186
19550001 3.49215
19560001 3.49242
19570001 3.49281
19580001 3.49324
19590001 3.49366
19600001 3.49392
19610001 3.4942
19620001 3.49471
19630001 3.49502
19640001 3.49539
19650001 3.49575
19660001 3.49616
19670001 3.49657
19680001 3.49697
19690001 3.49728
19700001 3.49763
19710001 3.49798
19720001 3.49837
19730001 3.49867
19740001 3.49908
19750001 3.49943
19760001 3.49978
19770001 3.50007
19780001 3.50049
19790001 3.50093
19800001 3.5014
19810001 3.50165
19820001 3.50198
19830001 3.50236
19840001 3.50279
19850001 3.50313
19860001 3.50354
19870001 3.50391
19880001 3.50435
19890001 3.50455
19900001 3.50495
19910001 3.50543
19920001 3.50579
19930001 3.50601
19940001 3.50636
19950001 3.50682
19960001 3.50723
19970001 3.50759
19980001 3.50802
19990001 3.5085
20000001 3.50886
20010001 3.50921
20020001 3.5095
20030001 3.50981
20040001 3.51022
20050001 3.51069
20060001 3.51112
20070001 3.51149
20080001 3.51178
20090001 3.51213
20100001 3.51269
20110001 3.51311
20120001 3.51339
20130001 3.51375
20140001 3.5142
20150001 3.51458
20160001 3.51492
20170001 3.51525
20180001 3.51563
20190001 3.51603
20200001 3.51637
20210001 3.51682
20220001 3.51721
20230001 3.51745
20240001 3.51784
20250001 3.51833
20260001 3.51859
20270001 3.51894
20280001 3.51928
20290001 3.51963
20300001 3.51997
20310001 3.52033
20320001 3.52078
20330001 3.5211
20340001 3.52141
20350001 3.52178
20360001 3.522
20370001 3.52243
20380001 3.52283
20390001 3.52316
20400001 3.52371
20410001 3.52401
20420001 3.52444
20430001 3.52475
20440001 3.52511
20450001 3.5256
20460001 3.52595
20470001 3.52623
20480001 3.52648
20490001 3.52693
20500001 3.52731
20510001 3.52775
20520001 3.52793
20530001 3.52836
20540001 3.52881
20550001 3.52924
20560001 3.52952
20570001 3.52987
20580001 3.53028
20590001 3.53064
20600001 3.531
20610001 3.53136
20620001 3.53168
20630001 3.53213
20640001 3.5325
20650001 3.53278
20660001 3.53313
20670001 3.5335
20680001 3.53391
20690001 3.5343
20700001 3.5346
20710001 3.53483
20720001 3.53531
20730001 3.53567
20740001 3.53599
20750001 3.53634
20760001 3.53666
20770001 3.53713
20780001 3.53755
20790001 3.53799
20800001 3.53835
20810001 3.53865
20820001 3.53897
20830001 3.53922
20840001 3.5397
20850001 3.54006
20860001 3.5404
20870001 3.54092
20880001 3.54132
20890001 3.54161
20900001 3.54217
20910001 3.54264
20920001 3.54289
20930001 3.54334
20940001 3.5436
20950001 3.54394
20960001 3.54442
20970001 3.5448
20980001 3.54513
20990001 3.54548
21000001 3.54591
21010001 3.54642
21020001 3.54668
21030001 3.54702
21040001 3.54734
21050001 3.54769
21060001 3.54787
21070001 3.54841
21080001 3.54878
21090001 3.5491
21100001 3.54949
21110001 3.54986
21120001 3.5502
21130001 3.55061
21140001 3.55092
21150001 3.55134
21160001 3.55165
21170001 3.552
21180001 3.55241
21190001 3.55274
21200001 3.55311
21210001 3.55339
21220001 3.55382
21230001 3.55421
21240001 3.55457
21250001 3.55485
21260001 3.55523
21270001 3.55558
21280001 3.55597
21290001 3.55636
21300001 3.55675
21310001 3.55729
21320001 3.55769
21330001 3.558
21340001 3.55834
21350001 3.55866
21360001 3.559
21370001 3.55944
21380001 3.55984
21390001 3.56027
21400001 3.56067
21410001 3.56095
21420001 3.56137
21430001 3.56168
21440001 3.56206
21450001 3.5625
21460001 3.56285
21470001 3.56317
21480001 3.56357
21490001 3.56389
21500001 3.56422
21510001 3.56459
21520001 3.56498
21530001 3.5654
21540001 3.56572
21550001 3.56615
21560001 3.56661
21570001 3.56696
21580001 3.56725
21590001 3.56768
21600001 3.56803
21610001 3.56837
21620001 3.5688
21630001 3.56922
21640001 3.56953
21650001 3.56987
21660001 3.57025
21670001 3.57068
21680001 3.57107
21690001 3.57138
21700001 3.57166
21710001 3.57219
21720001 3.57245
21730001 3.5729
21740001 3.57321
21750001 3.57374
21760001 3.57414
21770001 3.57448
21780001 3.57481
21790001 3.5752
21800001 3.57555
21810001 3.57606
21820001 3.57638
21830001 3.57671
21840001 3.57711
21850001 3.57744
21860001 3.57775
21870001 3.5782
21880001 3.57859
21890001 3.57898
21900001 3.57936
21910001 3.57968
21920001 3.57999
21930001 3.58035
21940001 3.5807
21950001 3.58116
21960001 3.58153
21970001 3.58184
21980001 3.58208
21990001 3.58256
22000001 3.58299
22010001 3.58338
22020001 3.58378
22030001 3.58417
22040001 3.58448
22050001 3.58485
22060001 3.5852
22070001 3.58555
22080001 3.58588
22090001 3.58623
22100001 3.58668
22110001 3.58703
22120001 3.5874
22130001 3.58776
22140001 3.58813
22150001 3.58851
22160001 3.5888
22170001 3.58922
22180001 3.58969
22190001 3.59004
22200001 3.59044
22210001 3.59074
22220001 3.59101
22230001 3.59151
22240001 3.59187
22250001 3.59226
22260001 3.59271
22270001 3.5931
22280001 3.59338
22290001 3.59387
22300001 3.5943
22310001 3.59454
22320001 3.59487
22330001 3.59525
22340001 3.59554
22350001 3.59588
22360001 3.5963
22370001 3.59671
22380001 3.59725
22390001 3.59771
22400001 3.5981
22410001 3.59825
22420001 3.59859
22430001 3.59896
22440001 3.59927
22450001 3.59962
22460001 3.60009
22470001 3.60047
22480001 3.60088
22490001 3.60131
22500001 3.60169
22510001 3.60198
22520001 3.60232
22530001 3.60283
22540001 3.6033
22550001 3.60368
22560001 3.60406
22570001 3.60448
22580001 3.60477
22590001 3.60509
22600001 3.6055
22610001 3.60585
22620001 3.60619
22630001 3.60653
22640001 3.60683
22650001 3.60719
22660001 3.60751
22670001 3.6079
22680001 3.60813
22690001 3.60852
22700001 3.60883
22710001 3.6092
22720001 3.60959
22730001 3.60996
22740001 3.61028
22750001 3.61076
22760001 3.61109
22770001 3.61146
22780001 3.61198
22790001 3.61223
22800001 3.61267
22810001 3.6131
22820001 3.6136
22830001 3.61389
22840001 3.61422
22850001 3.61456
22860001 3.61492
22870001 3.61525
22880001 3.61562
22890001 3.61595
22900001 3.61631
22910001 3.6167
22920001 3.61709
22930001 3.6175
22940001 3.6179
22950001 3.61814
22960001 3.61851
22970001 3.61897
22980001 3.6193
22990001 3.61977
23000001 3.62024
23010001 3.62052
23020001 3.62079
23030001 3.62114
23040001 3.62154
23050001 3.62194
23060001 3.62234
23070001 3.62267
23080001 3.62306
23090001 3.62343
23100001 3.6238
23110001 3.62417
23120001 3.62457
23130001 3.62484
23140001 3.62534
23150001 3.6257
23160001 3.62612
23170001 3.62647
23180001 3.62683
23190001 3.62723
23200001 3.62754
23210001 3.62782
23220001 3.62821
23230001 3.62858
23240001 3.629
23250001 3.6294
23260001 3.62976
23270001 3.63031
23280001 3.63068
23290001 3.63093
23300001 3.63139
23310001 3.63169
23320001 3.63215
23330001 3.63251
23340001 3.63275
23350001 3.63309
23360001 3.63343
23370001 3.63384
23380001 3.63417
23390001 3.63454
23400001 3.63481
23410001 3.63524
23420001 3.6357
23430001 3.63599
23440001 3.63631
23450001 3.6366
23460001 3.63687
23470001 3.63723
23480001 3.63759
23490001 3.63799
23500001 3.63828
23510001 3.63871
23520001 3.63913
23530001 3.63949
23540001 3.63993
23550001 3.6404
23560001 3.64089
23570001 3.64119
23580001 3.64151
23590001 3.64195
23600001 3.64224
23610001 3.6425
23620001 3.6429
23630001 3.64328
23640001 3.64374
23650001 3.64401
23660001 3.64428
23670001 3.64457
23680001 3.64494
23690001 3.6453
23700001 3.64572
23710001 3.64611
23720001 3.6465
23730001 3.64696
23740001 3.64723
23750001 3.64767
23760001 3.6479
23770001 3.64823
23780001 3.64864
23790001 3.64895
23800001 3.64931
23810001 3.64969
23820001 3.65007
23830001 3.65056
23840001 3.65083
23850001 3.65118
23860001 3.65157
23870001 3.65192
23880001 3.65227
23890001 3.65267
23900001 3.65296
23910001 3.6532
23920001 3.65369
23930001 3.65403
23940001 3.65451
23950001 3.65496
23960001 3.65523
23970001 3.6557
23980001 3.65604
23990001 3.65639
24000001 3.65687
24010001 3.6571
24020001 3.65745
24030001 3.65785
24040001 3.65806
24050001 3.65852
24060001 3.6589
24070001 3.65929
24080001 3.65953
24090001 3.65981
24100001 3.66006
24110001 3.66052
24120001 3.66087
24130001 3.66131
24140001 3.6618
24150001 3.66212
24160001 3.6624
24170001 3.66262
24180001 3.66304
24190001 3.66344
24200001 3.66374
24210001 3.66418
24220001 3.66451
24230001 3.66488
24240001 3.6653
24250001 3.66567
24260001 3.66606
24270001 3.66643
24280001 3.66676
24290001 3.66715
24300001 3.66765
24310001 3.66803
24320001 3.66823
24330001 3.66862
24340001 3.66901
24350001 3.66925
24360001 3.66966
24370001 3.67003
24380001 3.6704
24390001 3.67079
24400001 3.67117
24410001 3.67156
24420001 3.67184
24430001 3.67209
24440001 3.67254
24450001 3.67305
24460001 3.67327
24470001 3.67364
24480001 3.67398
24490001 3.67434
24500001 3.67474
24510001 3.67512
24520001 3.67554
24530001 3.67594
24540001 3.67622
24550001 3.67656
24560001 3.67683
24570001 3.67715
24580001 3.67752
24590001 3.67796
24600001 3.67828
24610001 3.67868
24620001 3.67907
24630001 3.67937
24640001 3.67968
24650001 3.68006
24660001 3.68036
24670001 3.68064
24680001 3.68101
24690001 3.68138
24700001 3.68188
24710001 3.68222
24720001 3.68249
24730001 3.68282
24740001 3.68321
24750001 3.68353
24760001 3.68379
24770001 3.68411
24780001 3.68443
24790001 3.6849
24800001 3.68529
24810001 3.68563
24820001 3.68589
24830001 3.68631
24840001 3.68666
24850001 3.68701
24860001 3.68737
24870001 3.68781
24880001 3.68813
24890001 3.68853
24900001 3.68882
24910001 3.68933
24920001 3.68967
24930001 3.68997
24940001 3.6903
24950001 3.69054
24960001 3.69086
24970001 3.69133
24980001 3.69161
24990001 3.69201
25000001 3.6923
25010001 3.69261
25020001 3.69295
25030001 3.69327
25040001 3.69358
25050001 3.69399
25060001 3.69437
25070001 3.69463
25080001 3.69506
25090001 3.69542
25100001 3.69584
25110001 3.69626
25120001 3.69653
25130001 3.69686
25140001 3.69718
25150001 3.69759
25160001 3.69801
25170001 3.69836
25180001 3.69872
25190001 3.699
25200001 3.6994
25210001 3.69971
25220001 3.70006
25230001 3.70043
25240001 3.70067
25250001 3.70116
25260001 3.70153
25270001 3.70186
25280001 3.7022
25290001 3.70254
25300001 3.70294
25310001 3.70325
25320001 3.70367
25330001 3.70405
25340001 3.70439
25350001 3.7047
25360001 3.70514
25370001 3.70552
25380001 3.70595
25390001 3.70633
25400001 3.70665
25410001 3.7069
25420001 3.70723
25430001 3.70761
25440001 3.70797
25450001 3.7083
25460001 3.7087
25470001 3.70898
25480001 3.70941
25490001 3.70984
25500001 3.71022
25510001 3.71047
25520001 3.71067
25530001 3.71113
25540001 3.71148
25550001 3.71202
25560001 3.71241
25570001 3.71274
25580001 3.71309
25590001 3.71348
25600001 3.71393
25610001 3.71424
25620001 3.71474
25630001 3.71502
25640001 3.71554
25650001 3.71584
25660001 3.71611
25670001 3.71643
25680001 3.71679
25690001 3.71709
25700001 3.71744
25710001 3.71782
25720001 3.71816
25730001 3.71855
25740001 3.71882
25750001 3.71921
25760001 3.71952
25770001 3.72
25780001 3.72039
25790001 3.72077
25800001 3.72113
25810001 3.72139
25820001 3.72176
25830001 3.72203
25840001 3.72243
25850001 3.72282
25860001 3.72323
25870001 3.72345
25880001 3.72382
25890001 3.72414
25900001 3.72451
25910001 3.72491
25920001 3.72534
25930001 3.72568
25940001 3.726
25950001 3.72644
25960001 3.72677
25970001 3.7271
25980001 3.72748
25990001 3.72784
26000001 3.7282
26010001 3.72864
26020001 3.72904
26030001 3.72925
26040001 3.72952
26050001 3.72994
26060001 3.73037
26070001 3.73071
26080001 3.73096
26090001 3.73133
26100001 3.73166
26110001 3.73199
26120001 3.73238
26130001 3.73266
26140001 3.73311
26150001 3.73342
26160001 3.73385
26170001 3.73421
26180001 3.73454
26190001 3.73483
26200001 3.73516
26210001 3.73558
26220001 3.73588
26230001 3.73615
26240001 3.73651
26250001 3.73701
26260001 3.73735
26270001 3.7375
26280001 3.73789
26290001 3.73832
26300001 3.73869
26310001 3.73897
26320001 3.73934
26330001 3.73975
26340001 3.74008
26350001 3.74039
26360001 3.7407
26370001 3.74105
26380001 3.74151
26390001 3.74175
26400001 3.74218
26410001 3.74247
26420001 3.74285
26430001 3.74319
26440001 3.74359
26450001 3.74387
26460001 3.74417
26470001 3.74459
26480001 3.74502
26490001 3.74528
26500001 3.7457
26510001 3.74587
26520001 3.74616
26530001 3.74659
26540001 3.74687
26550001 3.74707
26560001 3.74739
26570001 3.74785
26580001 3.74807
26590001 3.74853
26600001 3.74892
26610001 3.7494
26620001 3.74955
26630001 3.74986
26640001 3.75013
26650001 3.75047
26660001 3.75097
26670001 3.75142
26680001 3.75164
26690001 3.75199
26700001 3.75238
26710001 3.75274
26720001 3.7532
26730001 3.75349
26740001 3.7538
26750001 3.75416
26760001 3.75456
26770001 3.7549
26780001 3.75528
26790001 3.7556
26800001 3.75593
26810001 3.75627
26820001 3.75654
26830001 3.757
26840001 3.7573
26850001 3.75762
26860001 3.75801
26870001 3.75826
26880001 3.75864
26890001 3.75899
26900001 3.75931
26910001 3.75968
26920001 3.76006
26930001 3.76033
26940001 3.76063
26950001 3.76105
26960001 3.76139
26970001 3.76165
26980001 3.76188
26990001 3.7622
27000001 3.76262
27010001 3.76299
27020001 3.76331
27030001 3.76371
27040001 3.764
27050001 3.76434
27060001 3.7647
27070001 3.76509
27080001 3.76547
27090001 3.76576
27100001 3.76615
27110001 3.7664
27120001 3.76678
27130001 3.76719
27140001 3.76754
27150001 3.76777
27160001 3.76809
27170001 3.76846
27180001 3.76886
27190001 3.76917
27200001 3.76949
27210001 3.76977
27220001 3.77013
27230001 3.7705
27240001 3.77077
27250001 3.77109
27260001 3.77146
27270001 3.77182
27280001 3.77214
27290001 3.7726
27300001 3.77292
27310001 3.77326
27320001 3.77358
27330001 3.77391
27340001 3.77419
27350001 3.77452
27360001 3.77498
27370001 3.77536
27380001 3.77568
27390001 3.77595
27400001 3.77625
27410001 3.77667
27420001 3.777
27430001 3.77738
27440001 3.77771
27450001 3.77805
27460001 3.77843
27470001 3.7788
27480001 3.77908
27490001 3.77939
27500001 3.77973
27510001 3.78002
27520001 3.78032
27530001 3.78072
27540001 3.78105
27550001 3.78137
27560001 3.78182
27570001 3.78206
27580001 3.78237
27590001 3.78266
27600001 3.78305
27610001 3.78344
27620001 3.78372
27630001 3.78412
27640001 3.78434
27650001 3.78467
27660001 3.78503
27670001 3.78546
27680001 3.78569
27690001 3.78597
27700001 3.78624
27710001 3.78662
27720001 3.78688
27730001 3.78719
27740001 3.7876
27750001 3.78804
27760001 3.78839
27770001 3.78867
27780001 3.789
27790001 3.78932
27800001 3.78965
27810001 3.79003
27820001 3.7904
27830001 3.79072
27840001 3.79107
27850001 3.79146
27860001 3.79191
27870001 3.79216
27880001 3.79256
27890001 3.79286
27900001 3.79313
27910001 3.79364
27920001 3.7939
27930001 3.79417
27940001 3.79453
27950001 3.79493
27960001 3.79532
27970001 3.79558
27980001 3.796
27990001 3.79641
28000001 3.79665
28010001 3.79694
28020001 3.79721
28030001 3.79754
28040001 3.79795
28050001 3.79834
28060001 3.79868
28070001 3.79901
28080001 3.79934
28090001 3.79971
28100001 3.80008
28110001 3.80041
28120001 3.80078
28130001 3.80117
28140001 3.80152
28150001 3.80168
28160001 3.80195
28170001 3.80241
28180001 3.8028
28190001 3.8032
28200001 3.80343
28210001 3.8037
28220001 3.80408
28230001 3.80435
28240001 3.80469
28250001 3.80511
28260001 3.80544
28270001 3.80582
28280001 3.80613
28290001 3.80656
28300001 3.80685
28310001 3.80716
28320001 3.80763
28330001 3.80792
28340001 3.8083
28350001 3.80863
28360001 3.80903
28370001 3.80935
28380001 3.80972
28390001 3.81004
28400001 3.81043
28410001 3.81078
28420001 3.81108
28430001 3.8115
28440001 3.81195
28450001 3.8123
28460001 3.8126
28470001 3.81295
28480001 3.81316
28490001 3.81354
28500001 3.81374
28510001 3.8141
28520001 3.8145
28530001 3.81479
28540001 3.81511
28550001 3.81548
28560001 3.81596
28570001 3.81627
28580001 3.81653
28590001 3.81692
28600001 3.81731
28610001 3.81758
28620001 3.81793
28630001 3.81832
28640001 3.81868
28650001 3.81899
28660001 3.81937
28670001 3.81973
28680001 3.81991
28690001 3.82019
28700001 3.82063
28710001 3.82103
28720001 3.82138
28730001 3.82183
28740001 3.82224
28750001 3.82244
28760001 3.82272
28770001 3.8231
28780001 3.82343
28790001 3.82379
28800001 3.82407
28810001 3.82441
28820001 3.82471
28830001 3.82502
28840001 3.8254
28850001 3.82566
28860001 3.82612
28870001 3.82637
28880001 3.82671
28890001 3.82698
28900001 3.82745
28910001 3.82788
28920001 3.82818
28930001 3.8286
28940001 3.82898
28950001 3.8294
28960001 3.82961
28970001 3.82989
28980001 3.83018
28990001 3.83047
29000001 3.83084
29010001 3.83117
29020001 3.83145
29030001 3.83181
29040001 3.83216
29050001 3.83252
29060001 3.83276
29070001 3.83318
29080001 3.83354
29090001 3.83382
29100001 3.83417
29110001 3.83456
29120001 3.83485
29130001 3.83513
29140001 3.83542
29150001 3.83593
29160001 3.83624
29170001 3.83664
29180001 3.83688
29190001 3.83711
29200001 3.83753
29210001 3.83784
29220001 3.83828
29230001 3.83847
29240001 3.83887
29250001 3.83912
29260001 3.83939
29270001 3.83975
29280001 3.84007
29290001 3.84047
29300001 3.84089
29310001 3.84106
29320001 3.84135
29330001 3.8418
29340001 3.84219
29350001 3.84255
29360001 3.84287
29370001 3.84322
29380001 3.84355
29390001 3.84381
29400001 3.84425
29410001 3.84455
29420001 3.84486
29430001 3.8452
29440001 3.84561
29450001 3.84588
29460001 3.84626
29470001 3.84656
29480001 3.84683
29490001 3.84709
29500001 3.84751
29510001 3.84785
29520001 3.84818
29530001 3.84854
29540001 3.84888
29550001 3.84928
29560001 3.84954
29570001 3.84986
29580001 3.85015
29590001 3.85042
29600001 3.85081
29610001 3.85122
29620001 3.85157
29630001 3.85188
29640001 3.8522
29650001 3.85242
29660001 3.85283
29670001 3.85308
29680001 3.85343
29690001 3.85383
29700001 3.85404
29710001 3.85442
29720001 3.85471
29730001 3.85509
29740001 3.85536
29750001 3.85565
29760001 3.85604
29770001 3.85639
29780001 3.85676
29790001 3.85713
29800001 3.85735
29810001 3.85785
29820001 3.85806
29830001 3.85833
29840001 3.85865
29850001 3.85898
29860001 3.85928
29870001 3.85963
29880001 3.85997
29890001 3.86033
29900001 3.86064
29910001 3.86113
29920001 3.86142
29930001 3.86179
29940001 3.86204
29950001 3.86237
29960001 3.86269
29970001 3.86303
29980001 3.86337
29990001 3.8638
