1 2180.15
10001 90.6735
20001 47.1743
30001 30.5106
40001 21.9761
50001 16.8999
60001 13.6719
70001 11.4763
80001 9.91706
90001 8.76013
100001 7.88314
110001 7.20384
120001 6.66075
130001 6.22204
140001 5.85975
150001 5.56105
160001 5.31445
170001 5.10427
180001 4.92741
190001 4.77204
200001 4.64003
210001 4.52788
220001 4.42608
230001 4.34111
240001 4.26549
250001 4.19506
260001 4.13482
270001 4.08347
280001 4.03532
290001 3.98942
300001 3.95197
310001 3.91549
320001 3.88392
330001 3.85621
340001 3.82679
350001 3.80149
360001 3.78125
370001 3.76033
380001 3.73855
390001 3.72305
400001 3.70607
410001 3.69118
420001 3.67783
430001 3.66398
440001 3.65173
450001 3.639
460001 3.62967
470001 3.6205
480001 3.60968
490001 3.60108
500001 3.59151
510001 3.58384
520001 3.57723
530001 3.57126
540001 3.56228
550001 3.55832
560001 3.55186
570001 3.54867
580001 3.54326
590001 3.53609
600001 3.53122
610001 3.52722
620001 3.52349
630001 3.52122
640001 3.51337
650001 3.51202
660001 3.50747
670001 3.50508
680001 3.50545
690001 3.50061
700001 3.49901
710001 3.49412
720001 3.4928
730001 3.48766
740001 3.48672
750001 3.4843
760001 3.48156
770001 3.48066
780001 3.47725
790001 3.4771
800001 3.47351
810001 3.47208
820001 3.47137
830001 3.46796
840001 3.46946
850001 3.467
860001 3.46225
870001 3.46393
880001 3.46299
890001 3.46034
900001 3.45968
910001 3.45957
920001 3.45701
930001 3.4536
940001 3.45614
950001 3.45263
960001 3.45245
970001 3.45223
980001 3.44997
990001 3.44952
1000001 3.44844
1010001 3.44744
1020001 3.44576
1030001 3.44693
1040001 3.44578
1050001 3.44513
1060001 3.44407
1070001 3.44393
1080001 3.44394
1090001 3.44198
1100001 3.44155
1110001 3.44349
1120001 3.44081
1130001 3.43893
1140001 3.4386
1150001 3.44009
1160001 3.43803
1170001 3.4384
1180001 3.43755
1190001 3.43698
1200001 3.435
1210001 3.43742
1220001 3.43506
1230001 3.4362
1240001 3.43421
1250001 3.43335
1260001 3.43547
1270001 3.43755
1280001 3.43403
1290001 3.4345
1300001 3.43322
1310001 3.43431
1320001 3.43236
1330001 3.43149
1340001 3.43019
1350001 3.43225
1360001 3.43134
1370001 3.43179
1380001 3.43036
1390001 3.43083
1400001 3.4275
1410001 3.42771
1420001 3.4298
1430001 3.43023
1440001 3.42744
1450001 3.42888
1460001 3.42937
1470001 3.42963
1480001 3.42889
1490001 3.42818
1500001 3.42882
1510001 3.42862
1520001 3.42913
1530001 3.42663
1540001 3.42672
1550001 3.42919
1560001 3.42774
1570001 3.4273
1580001 3.42696
1590001 3.42704
1600001 3.42716
1610001 3.42541
1620001 3.42489
1630001 3.42528
1640001 3.42537
1650001 3.42469
1660001 3.42509
1670001 3.42526
1680001 3.42361
1690001 3.42432
1700001 3.4246
1710001 3.42491
1720001 3.42396
1730001 3.42447
1740001 3.42362
1750001 3.42394
1760001 3.4233
1770001 3.42554
1780001 3.42193
1790001 3.42257
1800001 3.42398
1810001 3.42419
1820001 3.42329
1830001 3.4219
1840001 3.42524
1850001 3.42299
1860001 3.423
1870001 3.42406
1880001 3.4234
1890001 3.42237
1900001 3.42332
1910001 3.42197
1920001 3.42263
1930001 3.41981
1940001 3.42259
1950001 3.42183
1960001 3.42104
1970001 3.42139
1980001 3.42301
1990001 3.42079
2000001 3.422
2010001 3.42217
2020001 3.42106
2030001 3.42063
2040001 3.42127
2050001 3.42208
2060001 3.42104
2070001 3.42079
2080001 3.41923
2090001 3.42215
2100001 3.42141
2110001 3.42257
2120001 3.41986
2130001 3.42162
2140001 3.42106
2150001 3.42106
2160001 3.41966
2170001 3.42127
2180001 3.42168
2190001 3.42061
2200001 3.42033
2210001 3.42107
2220001 3.42089
2230001 3.42079
2240001 3.41837
2250001 3.41935
2260001 3.42204
2270001 3.42086
2280001 3.42173
2290001 3.42188
2300001 3.42027
2310001 3.41895
2320001 3.41893
2330001 3.41956
2340001 3.42068
2350001 3.42245
2360001 3.41997
2370001 3.42128
2380001 3.42095
2390001 3.4175
2400001 3.41925
2410001 3.41904
2420001 3.41991
2430001 3.41835
2440001 3.41847
2450001 3.4201
2460001 3.41975
2470001 3.4194
2480001 3.41994
2490001 3.41915
2500001 3.42161
2510001 3.41985
2520001 3.41995
2530001 3.41939
2540001 3.41926
2550001 3.41686
2560001 3.42019
2570001 3.41993
2580001 3.41723
2590001 3.41726
2600001 3.41762
2610001 3.41943
2620001 3.41834
2630001 3.4184
2640001 3.41931
2650001 3.41596
2660001 3.41695
2670001 3.41979
2680001 3.41798
2690001 3.41978
2700001 3.41913
2710001 3.41952
2720001 3.4195
2730001 3.42057
2740001 3.41799
2750001 3.41783
2760001 3.4191
2770001 3.41912
2780001 3.41809
2790001 3.42011
2800001 3.4166
2810001 3.41919
2820001 3.41994
2830001 3.4192
2840001 3.42142
2850001 3.41717
2860001 3.41736
2870001 3.41799
2880001 3.4212
2890001 3.41885
2900001 3.418
2910001 3.41888
2920001 3.41624
2930001 3.41971
2940001 3.41975
2950001 3.41872
2960001 3.41725
2970001 3.41929
2980001 3.41798
2990001 3.41949
3000001 3.41805
3010001 3.42065
3020001 3.41661
3030001 3.41949
3040001 3.41802
3050001 3.4166
3060001 3.41838
3070001 3.41822
3080001 3.41682
3090001 3.41728
3100001 3.41743
3110001 3.41898
3120001 3.42021
3130001 3.41891
3140001 3.41926
3150001 3.41765
3160001 3.41658
3170001 3.41847
3180001 3.41711
3190001 3.41784
3200001 3.417
3210001 3.41685
3220001 3.41838
3230001 3.41945
3240001 3.41968
3250001 3.41885
3260001 3.41719
3270001 3.41791
3280001 3.4187
3290001 3.4187
3300001 3.41714
3310001 3.41959
3320001 3.41665
3330001 3.41767
3340001 3.41751
3350001 3.41827
3360001 3.41756
3370001 3.41835
3380001 3.41908
3390001 3.41898
3400001 3.41672
3410001 3.41783
3420001 3.41808
3430001 3.41778
3440001 3.41801
3450001 3.41845
3460001 3.41632
3470001 3.41808
3480001 3.41732
3490001 3.41928
3500001 3.41824
3510001 3.41805
3520001 3.41653
3530001 3.41933
3540001 3.41863
3550001 3.41675
3560001 3.41753
3570001 3.41642
3580001 3.41755
3590001 3.41825
3600001 3.41911
3610001 3.41775
3620001 3.41671
3630001 3.41833
3640001 3.41802
3650001 3.41756
3660001 3.41698
3670001 3.41724
3680001 3.41552
3690001 3.41726
3700001 3.41666
3710001 3.41878
3720001 3.41755
3730001 3.41891
3740001 3.41691
3750001 3.41829
3760001 3.41701
3770001 3.41827
3780001 3.4184
3790001 3.41763
3800001 3.41806
3810001 3.41737
3820001 3.41683
3830001 3.41668
3840001 3.41746
3850001 3.41746
3860001 3.4173
3870001 3.41614
3880001 3.41685
3890001 3.41558
3900001 3.41598
3910001 3.41827
3920001 3.41892
3930001 3.41545
3940001 3.41684
3950001 3.41681
3960001 3.41799
3970001 3.41766
3980001 3.41681
3990001 3.41752
4000001 3.41822
4010001 3.41758
4020001 3.41695
4030001 3.41806
4040001 3.41775
4050001 3.41541
4060001 3.41734
4070001 3.41619
4080001 3.41996
4090001 3.41832
4100001 3.4171
4110001 3.41781
4120001 3.41848
4130001 3.41628
4140001 3.41742
4150001 3.41775
4160001 3.41567
4170001 3.4167
4180001 3.41647
4190001 3.41742
4200001 3.41726
4210001 3.41499
4220001 3.41684
4230001 3.41737
4240001 3.41926
4250001 3.41803
4260001 3.41725
4270001 3.41578
4280001 3.41903
4290001 3.41731
4300001 3.41745
4310001 3.41524
4320001 3.41826
4330001 3.41762
4340001 3.42013
4350001 3.41714
4360001 3.41721
4370001 3.4159
4380001 3.41702
4390001 3.41572
4400001 3.41712
4410001 3.4188
4420001 3.4186
4430001 3.41656
4440001 3.41561
4450001 3.4168
4460001 3.41662
4470001 3.41553
4480001 3.41593
4490001 3.41668
4500001 3.41554
4510001 3.41609
4520001 3.416
4530001 3.41603
4540001 3.41632
4550001 3.41703
4560001 3.41674
4570001 3.41572
4580001 3.41472
4590001 3.41785
4600001 3.41719
4610001 3.41518
4620001 3.41517
4630001 3.4158
4640001 3.4176
4650001 3.41721
4660001 3.41613
4670001 3.41535
4680001 3.41697
4690001 3.41698
4700001 3.41723
4710001 3.41642
4720001 3.41749
4730001 3.41736
4740001 3.41647
4750001 3.41711
4760001 3.41723
4770001 3.41527
4780001 3.41789
4790001 3.41718
4800001 3.41647
4810001 3.41569
4820001 3.41451
4830001 3.41678
4840001 3.4167
4850001 3.41617
4860001 3.41574
4870001 3.41799
4880001 3.41842
4890001 3.41593
4900001 3.41716
4910001 3.41642
4920001 3.41944
4930001 3.41721
4940001 3.41951
4950001 3.41789
4960001 3.41731
4970001 3.4156
4980001 3.41621
4990001 3.41662
5000001 3.4167
5010001 3.41606
5020001 3.41599
5030001 3.41765
5040001 3.41587
5050001 3.41759
5060001 3.41691
5070001 3.41762
5080001 3.41737
5090001 3.41604
5100001 3.41587
5110001 3.41678
5120001 3.41847
5130001 3.41633
5140001 3.41796
5150001 3.4165
5160001 3.41485
5170001 3.41679
5180001 3.4172
5190001 3.41664
5200001 3.41597
5210001 3.41614
5220001 3.41646
5230001 3.41669
5240001 3.41727
5250001 3.41589
5260001 3.41671
5270001 3.41702
5280001 3.4156
5290001 3.41554
5300001 3.41502
5310001 3.41452
5320001 3.41535
5330001 3.41668
5340001 3.41647
5350001 3.41593
5360001 3.41561
5370001 3.41583
5380001 3.41618
5390001 3.41924
5400001 3.41494
5410001 3.41846
5420001 3.41555
5430001 3.41981
5440001 3.41591
5450001 3.41779
5460001 3.41665
5470001 3.41644
5480001 3.41782
5490001 3.41639
5500001 3.41626
5510001 3.41412
5520001 3.41574
5530001 3.41592
5540001 3.41598
5550001 3.4164
5560001 3.41745
5570001 3.41476
5580001 3.41682
5590001 3.41486
5600001 3.41615
5610001 3.41697
5620001 3.41602
5630001 3.41759
5640001 3.41602
5650001 3.41569
5660001 3.41668
5670001 3.41687
5680001 3.41576
5690001 3.41584
5700001 3.41551
5710001 3.41741
5720001 3.41449
5730001 3.41856
5740001 3.41703
5750001 3.41604
5760001 3.41781
5770001 3.41545
5780001 3.41513
5790001 3.41621
5800001 3.41622
5810001 3.41578
5820001 3.41659
5830001 3.41711
5840001 3.41703
5850001 3.41661
5860001 3.41571
5870001 3.41564
5880001 3.41672
5890001 3.41538
5900001 3.41498
5910001 3.41638
5920001 3.41567
5930001 3.41498
5940001 3.41609
5950001 3.417
5960001 3.41606
5970001 3.41438
5980001 3.41598
5990001 3.41631
6000001 3.41512
6010001 3.41693
6020001 3.4145
6030001 3.41502
6040001 3.41583
6050001 3.41594
6060001 3.41703
6070001 3.41812
6080001 3.41788
6090001 3.41504
6100001 3.41619
6110001 3.41618
6120001 3.41599
6130001 3.41698
6140001 3.41573
6150001 3.41649
6160001 3.41645
6170001 3.41619
6180001 3.41827
6190001 3.41809
6200001 3.41676
6210001 3.41564
6220001 3.41707
6230001 3.41597
6240001 3.41499
6250001 3.4156
6260001 3.41615
6270001 3.41579
6280001 3.41653
6290001 3.41497
6300001 3.41427
6310001 3.41533
6320001 3.41692
6330001 3.41516
6340001 3.41546
6350001 3.41606
6360001 3.41656
6370001 3.41815
6380001 3.41642
6390001 3.41463
6400001 3.416
6410001 3.41782
6420001 3.41436
6430001 3.41452
6440001 3.41574
6450001 3.4174
6460001 3.41656
6470001 3.41582
6480001 3.41631
6490001 3.41681
6500001 3.41503
6510001 3.41671
6520001 3.41635
6530001 3.41618
6540001 3.41703
6550001 3.41656
6560001 3.41654
6570001 3.41679
6580001 3.41785
6590001 3.41357
6600001 3.41552
6610001 3.41716
6620001 3.4162
6630001 3.41524
6640001 3.41495
6650001 3.41624
6660001 3.41491
6670001 3.41443
6680001 3.41697
6690001 3.41614
6700001 3.41616
6710001 3.41583
6720001 3.41617
6730001 3.4162
6740001 3.41715
6750001 3.41728
6760001 3.41732
6770001 3.41636
6780001 3.41688
6790001 3.41406
6800001 3.41721
6810001 3.41492
6820001 3.41511
6830001 3.41362
6840001 3.41848
6850001 3.41488
6860001 3.41514
6870001 3.41524
6880001 3.41574
6890001 3.41569
6900001 3.41613
6910001 3.41578
6920001 3.41556
6930001 3.41614
6940001 3.41592
6950001 3.41551
6960001 3.41495
6970001 3.4163
6980001 3.41759
6990001 3.41568
7000001 3.41487
7010001 3.41504
7020001 3.41621
7030001 3.41652
7040001 3.41656
7050001 3.41527
7060001 3.41525
7070001 3.41611
7080001 3.41552
7090001 3.41462
7100001 3.41543
7110001 3.4154
7120001 3.41632
7130001 3.41627
7140001 3.4142
7150001 3.41528
7160001 3.41537
7170001 3.41657
7180001 3.41723
7190001 3.41526
7200001 3.41577
7210001 3.41695
7220001 3.41541
7230001 3.41567
7240001 3.41529
7250001 3.41514
7260001 3.41646
7270001 3.41605
7280001 3.41856
7290001 3.41749
7300001 3.41359
7310001 3.416
7320001 3.41857
7330001 3.41695
7340001 3.41607
7350001 3.41521
7360001 3.416
7370001 3.4147
7380001 3.41569
7390001 3.41483
7400001 3.41599
7410001 3.41572
7420001 3.41479
7430001 3.41619
7440001 3.41602
7450001 3.41637
7460001 3.41457
7470001 3.41641
7480001 3.41502
7490001 3.41482
7500001 3.41628
7510001 3.41713
7520001 3.41524
7530001 3.41642
7540001 3.41609
7550001 3.41373
7560001 3.41506
7570001 3.41433
7580001 3.41602
7590001 3.41616
7600001 3.41437
7610001 3.4154
7620001 3.41484
7630001 3.41511
7640001 3.41467
7650001 3.41562
7660001 3.41625
7670001 3.41588
7680001 3.41416
7690001 3.41643
7700001 3.41509
7710001 3.41819
7720001 3.4155
7730001 3.4153
7740001 3.41589
7750001 3.41505
7760001 3.41643
7770001 3.41534
7780001 3.41714
7790001 3.41562
7800001 3.41701
7810001 3.41546
7820001 3.41467
7830001 3.41686
7840001 3.41421
7850001 3.41589
7860001 3.41582
7870001 3.41536
7880001 3.41844
7890001 3.41616
7900001 3.4164
7910001 3.41466
7920001 3.41522
7930001 3.41514
7940001 3.41423
7950001 3.41634
7960001 3.41432
7970001 3.41611
7980001 3.41596
7990001 3.41638
8000001 3.41502
8010001 3.41677
8020001 3.41432
8030001 3.41483
8040001 3.41485
8050001 3.41694
8060001 3.41558
8070001 3.4188
8080001 3.41729
8090001 3.41675
8100001 3.41628
8110001 3.41759
8120001 3.41659
8130001 3.41502
8140001 3.41659
8150001 3.41577
8160001 3.41549
8170001 3.41634
8180001 3.41377
8190001 3.41689
8200001 3.41575
8210001 3.41674
8220001 3.41454
8230001 3.41737
8240001 3.41539
8250001 3.41672
8260001 3.41499
8270001 3.41617
8280001 3.41609
8290001 3.41724
8300001 3.4171
8310001 3.41578
8320001 3.41528
8330001 3.41528
8340001 3.415
8350001 3.41577
8360001 3.41572
8370001 3.41524
8380001 3.41654
8390001 3.41527
8400001 3.41661
8410001 3.41715
8420001 3.41652
8430001 3.41599
8440001 3.41689
8450001 3.41535
8460001 3.4155
8470001 3.41379
8480001 3.41656
8490001 3.41583
8500001 3.41714
8510001 3.41385
8520001 3.41488
8530001 3.41739
8540001 3.41541
8550001 3.41851
8560001 3.41479
8570001 3.41421
8580001 3.4162
8590001 3.41484
8600001 3.41751
8610001 3.4152
8620001 3.41461
8630001 3.41706
8640001 3.41668
8650001 3.41718
8660001 3.41741
8670001 3.4156
8680001 3.41633
8690001 3.41557
8700001 3.41723
8710001 3.41558
8720001 3.41476
8730001 3.41503
8740001 3.41654
8750001 3.41538
8760001 3.41599
8770001 3.4155
8780001 3.41487
8790001 3.41485
8800001 3.41567
8810001 3.41596
8820001 3.4154
8830001 3.41627
8840001 3.41629
8850001 3.41517
8860001 3.41656
8870001 3.4182
8880001 3.41569
8890001 3.41778
8900001 3.41632
8910001 3.41782
8920001 3.41511
8930001 3.41506
8940001 3.41563
8950001 3.41546
8960001 3.41627
8970001 3.41458
8980001 3.41497
8990001 3.41437
9000001 3.41786
9010001 3.41464
9020001 3.41711
9030001 3.41481
9040001 3.41511
9050001 3.41484
9060001 3.4149
9070001 3.41753
9080001 3.41635
9090001 3.41463
9100001 3.41573
9110001 3.41573
9120001 3.41458
9130001 3.41591
9140001 3.41463
9150001 3.41789
9160001 3.41544
9170001 3.41653
9180001 3.41541
9190001 3.41597
9200001 3.41686
9210001 3.41683
9220001 3.41563
9230001 3.41387
9240001 3.41718
9250001 3.41542
9260001 3.42847
9270001 3.42124
9280001 3.416
9290001 3.41517
9300001 3.41664
9310001 3.41687
9320001 3.41521
9330001 3.41606
9340001 3.41555
9350001 3.41606
9360001 3.4161
9370001 3.41607
9380001 3.41367
9390001 3.41558
9400001 3.41583
9410001 3.41503
9420001 3.41804
9430001 3.41597
9440001 3.41549
9450001 3.41444
9460001 3.41708
9470001 3.4151
9480001 3.41679
9490001 3.41601
9500001 3.41635
9510001 3.41628
9520001 3.41536
9530001 3.41499
9540001 3.41452
9550001 3.41598
9560001 3.41682
9570001 3.41459
9580001 3.41734
9590001 3.41494
9600001 3.41761
9610001 3.41545
9620001 3.41516
9630001 3.41678
9640001 3.41562
9650001 3.41286
9660001 3.41476
9670001 3.41594
9680001 3.41643
9690001 3.41498
9700001 3.41508
9710001 3.41577
9720001 3.41579
9730001 3.41606
9740001 3.41755
9750001 3.41447
9760001 3.41505
9770001 3.41544
9780001 3.41539
9790001 3.41528
9800001 3.41495
9810001 3.41482
9820001 3.41335
9830001 3.41502
9840001 3.41757
9850001 3.41454
9860001 3.41529
9870001 3.41437
9880001 3.41512
9890001 3.41414
9900001 3.4185
9910001 3.41701
9920001 3.41477
9930001 3.41648
9940001 3.41419
9950001 3.4155
9960001 3.41351
9970001 3.41492
9980001 3.41613
9990001 3.41522
