1 2178.5
10001 130.599
20001 70.6769
30001 44.6082
40001 31.0161
50001 22.9707
60001 17.9329
70001 14.8639
80001 12.7356
90001 11.2942
100001 10.2528
110001 9.47078
120001 8.89537
130001 8.41989
140001 8.0378
150001 7.71089
160001 7.46158
170001 7.21513
180001 7.00071
190001 6.82215
200001 6.66175
210001 6.51617
220001 6.37393
230001 6.23194
240001 6.1135
250001 6.00296
260001 5.90213
270001 5.81569
280001 5.71141
290001 5.62776
300001 5.55121
310001 5.47732
320001 5.40957
330001 5.32964
340001 5.26943
350001 5.2091
360001 5.15003
370001 5.08632
380001 5.0323
390001 4.97751
400001 4.92601
410001 4.86492
420001 4.82767
430001 4.77568
440001 4.74029
450001 4.70138
460001 4.65765
470001 4.61073
480001 4.56623
490001 4.54295
500001 4.50457
510001 4.46185
520001 4.42691
530001 4.39465
540001 4.369
550001 4.33356
560001 4.30684
570001 4.26496
580001 4.2492
590001 4.2221
600001 4.19364
610001 4.15685
620001 4.14217
630001 4.12963
640001 4.09581
650001 4.06806
660001 4.04743
670001 4.02863
680001 4.00742
690001 3.97784
700001 3.95965
710001 3.93461
720001 3.91494
730001 3.89862
740001 3.87969
750001 3.85577
760001 3.84567
770001 3.82279
780001 3.80943
790001 3.78087
800001 3.76882
810001 3.74598
820001 3.7432
830001 3.73092
840001 3.70808
850001 3.68748
860001 3.67978
870001 3.66375
880001 3.65585
890001 3.64103
900001 3.62494
910001 3.61045
920001 3.59801
930001 3.58442
940001 3.56775
950001 3.56345
960001 3.54982
970001 3.53028
980001 3.5183
990001 3.51321
1000001 3.49638
1010001 3.48612
1020001 3.47174
1030001 3.4655
1040001 3.4508
1050001 3.4436
1060001 3.43157
1070001 3.42281
1080001 3.41419
1090001 3.39176
1100001 3.38643
1110001 3.38412
1120001 3.37193
1130001 3.36388
1140001 3.36099
1150001 3.35954
1160001 3.34347
1170001 3.33326
1180001 3.32792
1190001 3.31876
1200001 3.30561
1210001 3.30037
1220001 3.29302
1230001 3.28232
1240001 3.26926
1250001 3.26434
1260001 3.26162
1270001 3.25189
1280001 3.241
1290001 3.23315
1300001 3.22741
1310001 3.22731
1320001 3.21542
1330001 3.21146
1340001 3.19917
1350001 3.19139
1360001 3.17876
1370001 3.18348
1380001 3.1647
1390001 3.16414
1400001 3.15621
1410001 3.16365
1420001 3.15084
1430001 3.14613
1440001 3.13805
1450001 3.13538
1460001 3.12566
1470001 3.13076
1480001 3.10225
1490001 3.10655
1500001 3.1042
1510001 3.09179
1520001 3.08528
1530001 3.07998
1540001 3.08876
1550001 3.07281
1560001 3.07151
1570001 3.0621
1580001 3.06934
1590001 3.05467
1600001 3.04833
1610001 3.05002
1620001 3.0441
1630001 3.03539
1640001 3.03769
1650001 3.02827
1660001 3.01985
1670001 3.02368
1680001 3.01175
1690001 3.00727
1700001 2.99937
1710001 3.00248
1720001 2.99489
1730001 3.00407
1740001 2.98114
1750001 2.98016
1760001 2.97896
1770001 2.97569
1780001 2.96712
1790001 2.97208
1800001 2.95825
1810001 2.95924
1820001 2.95085
1830001 2.94738
1840001 2.94049
1850001 2.94404
1860001 2.93748
1870001 2.93866
1880001 2.93529
1890001 2.92858
1900001 2.92901
1910001 2.92184
1920001 2.92032
1930001 2.91508
1940001 2.91693
1950001 2.91444
1960001 2.90653
1970001 2.89849
1980001 2.89397
1990001 2.88898
2000001 2.89405
2010001 2.88928
2020001 2.88565
2030001 2.87932
2040001 2.87769
2050001 2.87654
2060001 2.87466
2070001 2.87207
2080001 2.86321
2090001 2.8627
2100001 2.86056
2110001 2.86369
2120001 2.85226
2130001 2.84735
2140001 2.85076
2150001 2.846
2160001 2.84337
2170001 2.83666
2180001 2.83539
2190001 2.83899
2200001 2.82743
2210001 2.8222
2220001 2.82088
2230001 2.82342
2240001 2.82267
2250001 2.81586
2260001 2.81882
2270001 2.81704
2280001 2.81546
2290001 2.81117
2300001 2.80264
2310001 2.80022
2320001 2.80016
2330001 2.79935
2340001 2.8039
2350001 2.79233
2360001 2.79342
2370001 2.78593
2380001 2.79258
2390001 2.78487
2400001 2.77958
2410001 2.77788
2420001 2.77368
2430001 2.77161
2440001 2.76914
2450001 2.76442
2460001 2.76917
2470001 2.76273
2480001 2.7645
2490001 2.76676
2500001 2.75647
2510001 2.7615
2520001 2.75746
2530001 2.76097
2540001 2.75484
2550001 2.75128
2560001 2.74328
2570001 2.74702
2580001 2.73888
2590001 2.74231
2600001 2.73345
2610001 2.74375
2620001 2.7415
2630001 2.7371
2640001 2.7348
2650001 2.73722
2660001 2.72415
2670001 2.71739
2680001 2.72144
2690001 2.72042
2700001 2.71617
2710001 2.71108
2720001 2.71635
2730001 2.71383
2740001 2.70794
2750001 2.71545
2760001 2.70415
2770001 2.70157
2780001 2.70462
2790001 2.71088
2800001 2.71081
2810001 2.69513
2820001 2.69913
2830001 2.70182
2840001 2.69276
2850001 2.69068
2860001 2.69127
2870001 2.69104
2880001 2.68833
2890001 2.68114
2900001 2.68884
2910001 2.6849
2920001 2.68055
2930001 2.67828
2940001 2.66942
2950001 2.66553
2960001 2.67123
2970001 2.66488
2980001 2.66607
2990001 2.67297
3000001 2.67484
3010001 2.66487
3020001 2.66558
3030001 2.66158
3040001 2.66011
3050001 2.65995
3060001 2.66408
3070001 2.65089
3080001 2.65061
3090001 2.648
3100001 2.65483
3110001 2.64863
3120001 2.6419
3130001 2.64127
3140001 2.64029
3150001 2.64264
3160001 2.63469
3170001 2.64061
3180001 2.63489
3190001 2.63374
3200001 2.63334
3210001 2.63615
3220001 2.63822
3230001 2.63038
3240001 2.63562
3250001 2.62901
3260001 2.62093
3270001 2.61596
3280001 2.62714
3290001 2.61619
3300001 2.61573
3310001 2.61886
3320001 2.61355
3330001 2.62371
3340001 2.61133
3350001 2.61
3360001 2.61445
3370001 2.61394
3380001 2.61031
3390001 2.60379
3400001 2.60021
3410001 2.60442
3420001 2.60125
3430001 2.60425
3440001 2.60496
3450001 2.6028
3460001 2.60907
3470001 2.60325
3480001 2.60671
3490001 2.60212
3500001 2.58791
3510001 2.58878
3520001 2.59529
3530001 2.59176
3540001 2.58989
3550001 2.59457
3560001 2.59133
3570001 2.58839
3580001 2.58682
3590001 2.57999
3600001 2.58169
3610001 2.58987
3620001 2.58243
3630001 2.58094
3640001 2.58302
3650001 2.57863
3660001 2.57221
3670001 2.5763
3680001 2.57117
3690001 2.58129
3700001 2.58086
3710001 2.57575
3720001 2.57804
3730001 2.58276
3740001 2.57897
3750001 2.57036
3760001 2.57084
3770001 2.56245
3780001 2.56249
3790001 2.56601
3800001 2.5603
3810001 2.57258
3820001 2.56031
3830001 2.56125
3840001 2.55618
3850001 2.56324
3860001 2.55841
3870001 2.55194
3880001 2.55805
3890001 2.55508
3900001 2.55314
3910001 2.55374
3920001 2.54473
3930001 2.54672
3940001 2.55571
3950001 2.55124
3960001 2.54749
3970001 2.53967
3980001 2.5527
3990001 2.54353
4000001 2.53899
4010001 2.54943
4020001 2.53958
4030001 2.53842
4040001 2.54394
4050001 2.52572
4060001 2.54309
4070001 2.53077
4080001 2.53195
4090001 2.52871
4100001 2.53851
4110001 2.52719
4120001 2.54066
4130001 2.52282
4140001 2.52706
4150001 2.5367
4160001 2.52627
4170001 2.52708
4180001 2.52248
4190001 2.51998
4200001 2.52165
4210001 2.52373
4220001 2.52868
4230001 2.51452
4240001 2.53191
4250001 2.53273
4260001 2.51635
4270001 2.51639
4280001 2.51632
4290001 2.50747
4300001 2.51378
4310001 2.5097
4320001 2.51946
4330001 2.50699
4340001 2.5165
4350001 2.50461
4360001 2.50727
4370001 2.51227
4380001 2.50549
4390001 2.50137
4400001 2.49935
4410001 2.50659
4420001 2.4985
4430001 2.49913
4440001 2.50286
4450001 2.50587
4460001 2.50247
4470001 2.49698
4480001 2.50544
4490001 2.49686
4500001 2.50209
4510001 2.50272
4520001 2.50251
4530001 2.50142
4540001 2.48907
4550001 2.50106
4560001 2.48772
4570001 2.48888
4580001 2.48427
4590001 2.48956
4600001 2.48944
4610001 2.49622
4620001 2.4964
4630001 2.49004
4640001 2.49195
4650001 2.49952
4660001 2.48436
4670001 2.48326
4680001 2.48144
4690001 2.49042
4700001 2.47765
4710001 2.49283
4720001 2.48438
4730001 2.48398
4740001 2.47547
4750001 2.47414
4760001 2.47963
4770001 2.47318
4780001 2.47424
4790001 2.47038
4800001 2.47693
4810001 2.47876
4820001 2.47698
4830001 2.47884
4840001 2.47373
4850001 2.46897
4860001 2.46311
4870001 2.47356
4880001 2.47448
4890001 2.45936
4900001 2.46719
4910001 2.47576
4920001 2.46699
4930001 2.46407
4940001 2.46295
4950001 2.47321
4960001 2.47648
4970001 2.47157
4980001 2.46791
4990001 2.4514
5000001 2.46847
5010001 2.45869
5020001 2.46443
5030001 2.4583
5040001 2.47365
5050001 2.45999
5060001 2.45647
5070001 2.46386
5080001 2.45773
5090001 2.45167
5100001 2.45451
5110001 2.46231
5120001 2.4558
5130001 2.45686
5140001 2.4503
5150001 2.45275
5160001 2.45111
5170001 2.44225
5180001 2.44892
5190001 2.44524
5200001 2.44085
5210001 2.45686
5220001 2.44613
5230001 2.44408
5240001 2.44419
5250001 2.44729
5260001 2.44647
5270001 2.44742
5280001 2.43742
5290001 2.43898
5300001 2.44328
5310001 2.43526
5320001 2.44061
5330001 2.43833
5340001 2.4415
5350001 2.44142
5360001 2.43844
5370001 2.43958
5380001 2.43161
5390001 2.42778
5400001 2.43325
5410001 2.44635
5420001 2.44182
5430001 2.43527
5440001 2.43406
5450001 2.43413
5460001 2.42933
5470001 2.43709
5480001 2.43018
5490001 2.4348
5500001 2.43033
5510001 2.43013
5520001 2.43319
5530001 2.43088
5540001 2.43403
5550001 2.44165
5560001 2.43242
5570001 2.43152
5580001 2.42646
5590001 2.43088
5600001 2.42536
5610001 2.42263
5620001 2.42214
5630001 2.42836
5640001 2.42295
5650001 2.43011
5660001 2.41738
5670001 2.41916
5680001 2.41757
5690001 2.42267
5700001 2.41435
5710001 2.41032
5720001 2.40324
5730001 2.41488
5740001 2.40622
5750001 2.41479
5760001 2.40851
5770001 2.40879
5780001 2.41336
5790001 2.41498
5800001 2.41496
5810001 2.42278
5820001 2.41683
5830001 2.41847
5840001 2.414
5850001 2.40598
5860001 2.41546
5870001 2.41236
5880001 2.40557
5890001 2.41333
5900001 2.41609
5910001 2.4131
5920001 2.41144
5930001 2.39809
5940001 2.4004
5950001 2.4049
5960001 2.41192
5970001 2.40746
5980001 2.4046
5990001 2.4059
6000001 2.40399
6010001 2.40495
6020001 2.39921
6030001 2.40411
6040001 2.40222
6050001 2.39914
6060001 2.40357
6070001 2.40326
6080001 2.39569
6090001 2.39955
6100001 2.39789
6110001 2.39812
6120001 2.41116
6130001 2.40636
6140001 2.40324
6150001 2.40952
6160001 2.39502
6170001 2.39116
6180001 2.399
6190001 2.39816
6200001 2.38888
6210001 2.39855
6220001 2.40183
6230001 2.39806
6240001 2.39817
6250001 2.3933
6260001 2.40034
6270001 2.39547
6280001 2.39546
6290001 2.39594
6300001 2.38811
6310001 2.39038
6320001 2.38707
6330001 2.39501
6340001 2.39302
6350001 2.39443
6360001 2.38649
6370001 2.38353
6380001 2.38756
6390001 2.388
6400001 2.39351
6410001 2.38987
6420001 2.39448
6430001 2.38972
6440001 2.38384
6450001 2.37863
6460001 2.38478
6470001 2.38636
6480001 2.37781
6490001 2.37552
6500001 2.37381
6510001 2.37336
6520001 2.37366
6530001 2.38692
6540001 2.37408
6550001 2.38514
6560001 2.37793
6570001 2.38391
6580001 2.37656
6590001 2.383
6600001 2.37456
6610001 2.37572
6620001 2.37395
6630001 2.37424
6640001 2.3716
6650001 2.37194
6660001 2.37086
6670001 2.38063
6680001 2.37729
6690001 2.38451
6700001 2.3754
6710001 2.36636
6720001 2.38554
6730001 2.37816
6740001 2.37795
6750001 2.37075
6760001 2.37581
6770001 2.3839
6780001 2.37127
6790001 2.3664
6800001 2.36764
6810001 2.36855
6820001 2.37001
6830001 2.37847
6840001 2.36931
6850001 2.37062
6860001 2.37406
6870001 2.37064
6880001 2.37355
6890001 2.37935
6900001 2.36267
6910001 2.36493
6920001 2.36594
6930001 2.36477
6940001 2.35477
6950001 2.36322
6960001 2.36719
6970001 2.36217
6980001 2.35992
6990001 2.36669
7000001 2.36562
7010001 2.37882
7020001 2.36605
7030001 2.36349
7040001 2.36205
7050001 2.35599
7060001 2.35812
7070001 2.36009
7080001 2.34699
7090001 2.35867
7100001 2.35726
7110001 2.367
7120001 2.36097
7130001 2.35818
7140001 2.35567
7150001 2.35681
7160001 2.35444
7170001 2.35359
7180001 2.33875
7190001 2.35311
7200001 2.36057
7210001 2.36236
7220001 2.36632
7230001 2.35617
7240001 2.34796
7250001 2.35489
7260001 2.357
7270001 2.34846
7280001 2.34488
7290001 2.34919
7300001 2.35622
7310001 2.35629
7320001 2.34992
7330001 2.35511
7340001 2.34681
7350001 2.34571
7360001 2.34538
7370001 2.34091
7380001 2.34663
7390001 2.34621
7400001 2.35846
7410001 2.34428
7420001 2.35127
7430001 2.34182
7440001 2.34455
7450001 2.34523
7460001 2.34549
7470001 2.34278
7480001 2.34768
7490001 2.33638
7500001 2.34031
7510001 2.34485
7520001 2.34222
7530001 2.34148
7540001 2.34452
7550001 2.34225
7560001 2.33456
7570001 2.33567
7580001 2.34107
7590001 2.32966
7600001 2.34233
7610001 2.33863
7620001 2.34701
7630001 2.35007
7640001 2.32885
7650001 2.33817
7660001 2.34062
7670001 2.35195
7680001 2.34055
7690001 2.33395
7700001 2.33987
7710001 2.33556
7720001 2.33646
7730001 2.32603
7740001 2.33604
7750001 2.33671
7760001 2.34479
7770001 2.33869
7780001 2.32704
7790001 2.32791
7800001 2.33378
7810001 2.32665
7820001 2.3241
7830001 2.33228
7840001 2.32846
7850001 2.34242
7860001 2.33464
7870001 2.328
7880001 2.33157
7890001 2.33859
7900001 2.33145
7910001 2.33209
7920001 2.3253
7930001 2.32025
7940001 2.33784
7950001 2.34123
7960001 2.33403
7970001 2.33071
7980001 2.32847
7990001 2.33688
8000001 2.33306
8010001 2.33136
8020001 2.33514
8030001 2.33074
8040001 2.33387
8050001 2.33095
8060001 2.3299
8070001 2.33041
8080001 2.32306
8090001 2.32861
8100001 2.33247
8110001 2.32782
8120001 2.32584
8130001 2.32246
8140001 2.31542
8150001 2.32064
8160001 2.32244
8170001 2.30381
8180001 2.32234
8190001 2.32141
8200001 2.32081
8210001 2.31536
8220001 2.3194
8230001 2.32264
8240001 2.32167
8250001 2.31562
8260001 2.32091
8270001 2.31764
8280001 2.33058
8290001 2.31716
8300001 2.31974
8310001 2.32224
8320001 2.32615
8330001 2.3205
8340001 2.31958
8350001 2.31674
8360001 2.31414
8370001 2.32005
8380001 2.31233
8390001 2.31554
8400001 2.3159
8410001 2.31172
8420001 2.31385
8430001 2.31291
8440001 2.31258
8450001 2.30806
8460001 2.32253
8470001 2.30907
8480001 2.31782
8490001 2.30904
8500001 2.32138
8510001 2.31351
8520001 2.31758
8530001 2.31519
8540001 2.32054
8550001 2.32182
8560001 2.30999
8570001 2.31162
8580001 2.30829
8590001 2.31408
8600001 2.32518
8610001 2.30096
8620001 2.30524
8630001 2.31521
8640001 2.30269
8650001 2.31149
8660001 2.30855
8670001 2.31261
8680001 2.31656
8690001 2.3148
8700001 2.30984
8710001 2.31274
8720001 2.3116
8730001 2.31241
8740001 2.32664
8750001 2.31473
8760001 2.30991
8770001 2.31344
8780001 2.30887
8790001 2.30234
8800001 2.3119
8810001 2.29088
8820001 2.29495
8830001 2.30958
8840001 2.3088
8850001 2.31221
8860001 2.30281
8870001 2.3048
8880001 2.29993
8890001 2.31172
8900001 2.30939
8910001 2.30317
8920001 2.29627
8930001 2.29807
8940001 2.30213
8950001 2.3086
8960001 2.30072
8970001 2.29775
8980001 2.30902
8990001 2.30205
9000001 2.30818
9010001 2.2974
9020001 2.3009
9030001 2.29903
9040001 2.29769
9050001 2.30245
9060001 2.30135
9070001 2.30428
9080001 2.29852
9090001 2.29581
9100001 2.29252
9110001 2.296
9120001 2.29084
9130001 2.29933
9140001 2.28826
9150001 2.29037
9160001 2.28644
9170001 2.29229
9180001 2.29278
9190001 2.29248
9200001 2.29618
9210001 2.29977
9220001 2.29359
9230001 2.29554
9240001 2.29862
9250001 2.29627
9260001 2.29568
9270001 2.28791
9280001 2.2974
9290001 2.29738
9300001 2.2845
9310001 2.29549
9320001 2.28949
9330001 2.29343
9340001 2.29132
9350001 2.29282
9360001 2.28838
9370001 2.30271
9380001 2.29399
9390001 2.29539
9400001 2.29045
9410001 2.2894
9420001 2.30121
9430001 2.2936
9440001 2.28502
9450001 2.28314
9460001 2.28778
9470001 2.28837
9480001 2.28735
9490001 2.29506
9500001 2.2874
9510001 2.28522
9520001 2.2852
9530001 2.28115
9540001 2.28695
9550001 2.29026
9560001 2.28354
9570001 2.28593
9580001 2.29353
9590001 2.29382
9600001 2.29198
9610001 2.28932
9620001 2.29071
9630001 2.29587
9640001 2.28924
9650001 2.28045
9660001 2.29218
9670001 2.28978
9680001 2.28628
9690001 2.28784
9700001 2.28557
9710001 2.28201
9720001 2.28384
9730001 2.28894
9740001 2.29365
9750001 2.28312
9760001 2.28919
9770001 2.29196
9780001 2.28916
9790001 2.28126
9800001 2.28704
9810001 2.28089
9820001 2.28351
9830001 2.28421
9840001 2.28134
9850001 2.28058
9860001 2.28424
9870001 2.28058
9880001 2.2814
9890001 2.27944
9900001 2.28788
9910001 2.28042
9920001 2.2824
9930001 2.28471
9940001 2.28013
9950001 2.285
9960001 2.27138
9970001 2.27496
9980001 2.28318
9990001 2.27887
10000001 2.2878
10010001 2.27558
10020001 2.28557
10030001 2.27911
10040001 2.27804
10050001 2.27746
10060001 2.27616
10070001 2.27663
10080001 2.27728
10090001 2.27748
10100001 2.27489
10110001 2.26997
10120001 2.27208
10130001 2.27416
10140001 2.28408
10150001 2.28271
10160001 2.27116
10170001 2.28388
10180001 2.27902
10190001 2.27359
10200001 2.27149
10210001 2.27876
10220001 2.28009
10230001 2.2769
10240001 2.27393
10250001 2.26824
10260001 2.27032
10270001 2.26369
10280001 2.26639
10290001 2.27703
10300001 2.2794
10310001 2.27471
10320001 2.27159
10330001 2.2709
10340001 2.26842
10350001 2.26977
10360001 2.27499
10370001 2.27117
10380001 2.25704
10390001 2.25654
10400001 2.27749
10410001 2.26693
10420001 2.26985
10430001 2.26654
10440001 2.2715
10450001 2.2702
10460001 2.26769
10470001 2.26881
10480001 2.27954
10490001 2.26243
10500001 2.26752
10510001 2.26781
10520001 2.2662
10530001 2.27943
10540001 2.27932
10550001 2.2632
10560001 2.26555
10570001 2.26233
10580001 2.26266
10590001 2.2634
10600001 2.26661
10610001 2.26553
10620001 2.27348
10630001 2.26791
10640001 2.27569
10650001 2.26326
10660001 2.27514
10670001 2.26779
10680001 2.2676
10690001 2.26272
10700001 2.26898
10710001 2.26352
10720001 2.26764
10730001 2.27443
10740001 2.27017
10750001 2.26169
10760001 2.26455
10770001 2.26281
10780001 2.26168
10790001 2.26611
10800001 2.26001
10810001 2.26489
10820001 2.26308
10830001 2.2672
10840001 2.26732
10850001 2.26545
10860001 2.26257
10870001 2.25717
10880001 2.25481
10890001 2.24691
10900001 2.26638
10910001 2.26262
10920001 2.26023
10930001 2.25684
10940001 2.266
10950001 2.25962
10960001 2.253
10970001 2.25503
10980001 2.24794
10990001 2.26054
11000001 2.26143
11010001 2.25132
11020001 2.26885
11030001 2.25968
11040001 2.26047
11050001 2.25446
11060001 2.25949
11070001 2.25997
11080001 2.26836
11090001 2.25765
11100001 2.26233
11110001 2.26558
11120001 2.25832
11130001 2.25173
11140001 2.25275
11150001 2.25258
11160001 2.24947
11170001 2.25593
11180001 2.26047
11190001 2.26121
11200001 2.25026
11210001 2.26106
11220001 2.26275
11230001 2.25501
11240001 2.24439
11250001 2.25159
11260001 2.2458
11270001 2.25419
11280001 2.26001
11290001 2.2472
11300001 2.25313
11310001 2.25782
11320001 2.25011
11330001 2.24737
11340001 2.25326
11350001 2.25286
11360001 2.2601
11370001 2.25938
11380001 2.25888
11390001 2.24772
11400001 2.23991
11410001 2.25766
11420001 2.2543
11430001 2.25544
11440001 2.25392
11450001 2.25326
11460001 2.24961
11470001 2.25966
11480001 2.25816
11490001 2.24484
11500001 2.25311
11510001 2.24343
11520001 2.25186
11530001 2.25124
11540001 2.24675
11550001 2.24464
11560001 2.25818
11570001 2.25486
11580001 2.25075
11590001 2.24296
11600001 2.24884
11610001 2.25384
11620001 2.25159
11630001 2.24758
11640001 2.25179
11650001 2.25115
11660001 2.24652
11670001 2.24968
11680001 2.24713
11690001 2.25068
11700001 2.24815
11710001 2.24277
11720001 2.24245
11730001 2.24965
11740001 2.25473
11750001 2.24335
11760001 2.24119
11770001 2.24493
11780001 2.24738
11790001 2.24672
11800001 2.23802
11810001 2.23993
11820001 2.23469
11830001 2.24205
11840001 2.25013
11850001 2.23567
11860001 2.24924
11870001 2.24119
11880001 2.25136
11890001 2.26105
11900001 2.24964
11910001 2.24526
11920001 2.24544
11930001 2.24268
11940001 2.24063
11950001 2.24415
11960001 2.25002
11970001 2.24061
11980001 2.2437
11990001 2.24045
12000001 2.23714
12010001 2.24255
12020001 2.24335
12030001 2.24183
12040001 2.23426
12050001 2.23213
12060001 2.23144
12070001 2.23925
12080001 2.25012
12090001 2.2382
12100001 2.25093
12110001 2.25017
12120001 2.24007
12130001 2.2357
12140001 2.24193
12150001 2.23891
12160001 2.24565
12170001 2.24335
12180001 2.24253
12190001 2.2339
12200001 2.23657
12210001 2.23511
12220001 2.23117
12230001 2.23823
12240001 2.23266
12250001 2.24187
12260001 2.22823
12270001 2.23463
12280001 2.24413
12290001 2.23639
12300001 2.2369
12310001 2.23317
12320001 2.23653
12330001 2.23811
12340001 2.23751
12350001 2.23742
12360001 2.24379
12370001 2.23653
12380001 2.23698
12390001 2.23708
12400001 2.24301
12410001 2.24026
12420001 2.24324
12430001 2.23042
12440001 2.22483
12450001 2.23881
12460001 2.23914
12470001 2.2413
12480001 2.23656
12490001 2.23596
12500001 2.23509
12510001 2.23888
12520001 2.22803
12530001 2.23549
12540001 2.23656
12550001 2.22963
12560001 2.22802
12570001 2.23463
12580001 2.2367
12590001 2.23302
12600001 2.237
12610001 2.22728
12620001 2.2349
12630001 2.22474
12640001 2.23622
12650001 2.24014
12660001 2.23782
12670001 2.23368
12680001 2.22434
12690001 2.22783
12700001 2.22291
12710001 2.23513
12720001 2.23974
12730001 2.24004
12740001 2.23901
12750001 2.22911
12760001 2.23387
12770001 2.23038
12780001 2.23556
12790001 2.23189
12800001 2.23468
12810001 2.23333
12820001 2.23227
12830001 2.22002
12840001 2.21853
12850001 2.24115
12860001 2.23728
12870001 2.23432
12880001 2.23328
12890001 2.23509
12900001 2.22767
12910001 2.23433
12920001 2.22831
12930001 2.22693
12940001 2.22414
12950001 2.22736
12960001 2.23317
12970001 2.22441
12980001 2.23805
12990001 2.22685
13000001 2.2306
13010001 2.22499
13020001 2.22606
13030001 2.22675
13040001 2.22657
13050001 2.22981
13060001 2.21769
13070001 2.227
13080001 2.22236
13090001 2.22674
13100001 2.22897
13110001 2.23372
13120001 2.23203
13130001 2.22583
13140001 2.22369
13150001 2.23169
13160001 2.23391
13170001 2.24042
13180001 2.22573
13190001 2.22406
13200001 2.22062
13210001 2.22185
13220001 2.22436
13230001 2.22496
13240001 2.23542
13250001 2.22083
13260001 2.23108
13270001 2.21623
13280001 2.22717
13290001 2.21617
13300001 2.22056
13310001 2.22565
13320001 2.22376
13330001 2.23139
13340001 2.22183
13350001 2.22401
13360001 2.22973
13370001 2.22299
13380001 2.22515
13390001 2.22803
13400001 2.22491
13410001 2.21476
13420001 2.21447
13430001 2.22862
13440001 2.2229
13450001 2.2184
13460001 2.22699
13470001 2.23388
13480001 2.23151
13490001 2.22397
13500001 2.22
13510001 2.22983
13520001 2.22252
13530001 2.23235
13540001 2.2338
13550001 2.2249
13560001 2.22011
13570001 2.22137
13580001 2.22594
13590001 2.23379
13600001 2.21759
13610001 2.21907
13620001 2.21585
13630001 2.22064
13640001 2.22163
13650001 2.22816
13660001 2.21163
13670001 2.22545
13680001 2.21991
13690001 2.21257
13700001 2.22579
13710001 2.22488
13720001 2.22636
13730001 2.2287
13740001 2.21923
13750001 2.22212
13760001 2.21943
13770001 2.22016
13780001 2.23148
13790001 2.21174
13800001 2.21808
13810001 2.21915
13820001 2.22191
13830001 2.21272
13840001 2.21648
13850001 2.22357
13860001 2.22017
13870001 2.22327
13880001 2.21854
13890001 2.21581
13900001 2.20807
13910001 2.22464
13920001 2.21326
13930001 2.22077
13940001 2.22624
13950001 2.22197
13960001 2.22165
13970001 2.21592
13980001 2.21319
13990001 2.21919
14000001 2.2205
14010001 2.21035
14020001 2.21753
14030001 2.21718
14040001 2.21869
14050001 2.21734
14060001 2.21761
14070001 2.22318
14080001 2.20772
14090001 2.20802
14100001 2.21624
14110001 2.21764
14120001 2.20915
14130001 2.21519
14140001 2.21448
14150001 2.21583
14160001 2.20845
14170001 2.21556
14180001 2.20507
14190001 2.21445
14200001 2.22043
14210001 2.20606
14220001 2.20797
14230001 2.21143
14240001 2.21055
14250001 2.2105
14260001 2.20319
14270001 2.20845
14280001 2.20913
14290001 2.21307
14300001 2.21125
14310001 2.21213
14320001 2.20973
14330001 2.21404
14340001 2.21251
14350001 2.20588
14360001 2.19651
14370001 2.20873
14380001 2.20038
14390001 2.20776
14400001 2.21201
14410001 2.21549
14420001 2.20623
14430001 2.20408
14440001 2.21086
14450001 2.20877
14460001 2.213
14470001 2.20647
14480001 2.202
14490001 2.20849
14500001 2.20486
14510001 2.21139
14520001 2.21223
14530001 2.19391
14540001 2.2027
14550001 2.21947
14560001 2.22055
14570001 2.20176
14580001 2.20996
14590001 2.21196
14600001 2.20949
14610001 2.20358
14620001 2.21182
14630001 2.20116
14640001 2.21292
14650001 2.19699
14660001 2.20212
14670001 2.20847
14680001 2.20126
14690001 2.19901
14700001 2.2079
14710001 2.2003
14720001 2.21023
14730001 2.21433
14740001 2.20099
14750001 2.20238
14760001 2.20512
14770001 2.20265
14780001 2.20836
14790001 2.21135
14800001 2.20339
14810001 2.20119
14820001 2.1965
14830001 2.20766
14840001 2.2048
14850001 2.21087
14860001 2.20748
14870001 2.21625
14880001 2.20291
14890001 2.20746
14900001 2.19417
14910001 2.20124
14920001 2.19927
14930001 2.19736
14940001 2.19818
14950001 2.21069
14960001 2.20413
14970001 2.19886
14980001 2.19928
14990001 2.20458
15000001 2.20727
15010001 2.20551
15020001 2.20729
15030001 2.20077
15040001 2.20625
15050001 2.20408
15060001 2.20484
15070001 2.19484
15080001 2.20072
15090001 2.201
15100001 2.19591
15110001 2.19735
15120001 2.2022
15130001 2.1959
15140001 2.19738
15150001 2.20445
15160001 2.20848
15170001 2.2058
15180001 2.20525
15190001 2.20906
15200001 2.20004
15210001 2.20027
15220001 2.19341
15230001 2.20508
15240001 2.20262
15250001 2.19847
15260001 2.19568
15270001 2.20064
15280001 2.20031
15290001 2.19523
15300001 2.19587
15310001 2.20361
15320001 2.20147
15330001 2.18952
15340001 2.19262
15350001 2.19822
15360001 2.20235
15370001 2.20769
15380001 2.19486
15390001 2.19118
15400001 2.19083
15410001 2.19241
15420001 2.19028
15430001 2.19509
15440001 2.2004
15450001 2.19399
15460001 2.19737
15470001 2.19874
15480001 2.18922
15490001 2.19219
15500001 2.20124
15510001 2.19012
15520001 2.19355
15530001 2.1995
15540001 2.21177
15550001 2.20359
15560001 2.19521
15570001 2.20574
15580001 2.20428
15590001 2.1925
15600001 2.19559
15610001 2.20335
15620001 2.1934
15630001 2.20138
15640001 2.19711
15650001 2.20283
15660001 2.19574
15670001 2.19517
15680001 2.19189
15690001 2.19341
15700001 2.20107
15710001 2.1942
15720001 2.20145
15730001 2.20133
15740001 2.19496
15750001 2.18994
15760001 2.19464
15770001 2.19851
15780001 2.19233
15790001 2.1878
15800001 2.19181
15810001 2.18862
15820001 2.18895
15830001 2.18862
15840001 2.19736
15850001 2.19372
15860001 2.18786
15870001 2.19531
15880001 2.18545
15890001 2.20798
15900001 2.19839
15910001 2.18933
15920001 2.19938
15930001 2.19493
15940001 2.20034
15950001 2.19504
15960001 2.19877
15970001 2.18959
15980001 2.19342
15990001 2.18617
16000001 2.188
16010001 2.19545
16020001 2.18747
16030001 2.18588
16040001 2.19519
16050001 2.18571
16060001 2.18874
16070001 2.19453
16080001 2.19204
16090001 2.19554
16100001 2.19175
16110001 2.17905
16120001 2.19019
16130001 2.18332
16140001 2.19221
16150001 2.19663
16160001 2.18917
16170001 2.19361
16180001 2.18695
16190001 2.19658
16200001 2.19384
16210001 2.19088
16220001 2.19099
16230001 2.19063
16240001 2.19031
16250001 2.19101
16260001 2.18815
16270001 2.18703
16280001 2.18282
16290001 2.20073
16300001 2.19352
16310001 2.18727
16320001 2.19052
16330001 2.19513
16340001 2.19781
16350001 2.19153
16360001 2.19004
16370001 2.19868
16380001 2.19524
16390001 2.18784
16400001 2.18994
16410001 2.1912
16420001 2.18632
16430001 2.19471
16440001 2.19264
16450001 2.19683
16460001 2.18925
16470001 2.1843
16480001 2.19492
16490001 2.19913
16500001 2.18536
16510001 2.1844
16520001 2.18732
16530001 2.1848
16540001 2.17501
16550001 2.19436
16560001 2.19453
16570001 2.19706
16580001 2.19356
16590001 2.18646
16600001 2.19082
16610001 2.18322
16620001 2.18054
16630001 2.19027
16640001 2.18865
16650001 2.18262
16660001 2.18631
16670001 2.18454
16680001 2.18663
16690001 2.18371
16700001 2.19711
16710001 2.19749
16720001 2.19836
16730001 2.19001
16740001 2.18113
16750001 2.18186
16760001 2.18875
16770001 2.18374
16780001 2.1809
16790001 2.17699
16800001 2.17894
16810001 2.19048
16820001 2.18299
16830001 2.18318
16840001 2.1802
16850001 2.19556
16860001 2.18948
16870001 2.1849
16880001 2.17386
16890001 2.18191
16900001 2.18763
16910001 2.19071
16920001 2.18801
16930001 2.18205
16940001 2.18581
16950001 2.18095
16960001 2.19094
16970001 2.18533
16980001 2.19962
16990001 2.19252
17000001 2.18334
17010001 2.17723
17020001 2.1873
17030001 2.18998
17040001 2.18264
17050001 2.18824
17060001 2.18529
17070001 2.17406
17080001 2.18615
17090001 2.17954
17100001 2.19107
17110001 2.18662
17120001 2.18084
17130001 2.17622
17140001 2.18637
17150001 2.18091
17160001 2.17263
17170001 2.1793
17180001 2.17984
17190001 2.17553
17200001 2.1764
17210001 2.18144
17220001 2.18078
17230001 2.18109
17240001 2.17671
17250001 2.18445
17260001 2.18601
17270001 2.18264
17280001 2.18125
17290001 2.18786
17300001 2.17872
17310001 2.18259
17320001 2.17396
17330001 2.18023
17340001 2.17884
17350001 2.17922
17360001 2.18269
17370001 2.17498
17380001 2.17727
17390001 2.18084
17400001 2.18569
17410001 2.18531
17420001 2.16965
17430001 2.18408
17440001 2.1801
17450001 2.17899
17460001 2.18183
17470001 2.17896
17480001 2.17577
17490001 2.1783
17500001 2.1716
17510001 2.18508
17520001 2.18543
17530001 2.18381
17540001 2.17946
17550001 2.17265
17560001 2.17717
17570001 2.17398
17580001 2.18412
17590001 2.18247
17600001 2.18874
17610001 2.18128
17620001 2.18558
17630001 2.1853
17640001 2.19556
17650001 2.18604
17660001 2.18752
17670001 2.17779
17680001 2.18188
17690001 2.17714
17700001 2.17333
17710001 2.17665
17720001 2.1881
17730001 2.16945
17740001 2.18647
17750001 2.17234
17760001 2.17761
17770001 2.17291
17780001 2.18068
17790001 2.19501
17800001 2.17173
17810001 2.17726
17820001 2.18236
17830001 2.18409
17840001 2.17862
17850001 2.17182
17860001 2.1816
17870001 2.17349
17880001 2.1792
17890001 2.17715
17900001 2.17118
17910001 2.16821
17920001 2.17232
17930001 2.1768
17940001 2.18396
17950001 2.17073
17960001 2.16132
17970001 2.17314
17980001 2.17597
17990001 2.17757
18000001 2.17075
18010001 2.18677
18020001 2.18242
18030001 2.18044
18040001 2.1913
18050001 2.18574
18060001 2.17851
18070001 2.17335
18080001 2.16892
18090001 2.17279
18100001 2.17464
18110001 2.17545
18120001 2.17725
18130001 2.17349
18140001 2.17817
18150001 2.1745
18160001 2.16348
18170001 2.18246
18180001 2.17033
18190001 2.17891
18200001 2.16941
18210001 2.16823
18220001 2.17251
18230001 2.17388
18240001 2.17618
18250001 2.16767
18260001 2.16951
18270001 2.1723
18280001 2.1775
18290001 2.17362
18300001 2.16965
18310001 2.17677
18320001 2.17382
18330001 2.17331
18340001 2.16851
18350001 2.17401
18360001 2.16732
18370001 2.17161
18380001 2.18387
18390001 2.16914
18400001 2.18032
18410001 2.16971
18420001 2.17333
18430001 2.16752
18440001 2.17471
18450001 2.17527
18460001 2.1701
18470001 2.17686
18480001 2.18058
18490001 2.1771
18500001 2.17103
18510001 2.16962
18520001 2.17696
18530001 2.17614
18540001 2.17684
18550001 2.17982
18560001 2.17005
18570001 2.16848
18580001 2.15841
18590001 2.17081
18600001 2.16918
18610001 2.16828
18620001 2.18194
18630001 2.17609
18640001 2.1636
18650001 2.16413
18660001 2.16897
18670001 2.17426
18680001 2.16481
18690001 2.16945
18700001 2.16582
18710001 2.16396
18720001 2.16163
18730001 2.17041
18740001 2.16839
18750001 2.16769
18760001 2.16276
18770001 2.17259
18780001 2.17427
18790001 2.16838
18800001 2.15889
18810001 2.16994
18820001 2.16972
18830001 2.16713
18840001 2.16816
18850001 2.17047
18860001 2.17256
18870001 2.16376
18880001 2.16519
18890001 2.16681
18900001 2.17617
18910001 2.16943
18920001 2.17469
18930001 2.17819
18940001 2.17354
18950001 2.17055
18960001 2.17709
18970001 2.17237
18980001 2.16805
18990001 2.17302
19000001 2.17437
19010001 2.16595
19020001 2.16686
19030001 2.17786
19040001 2.16989
19050001 2.17142
19060001 2.16599
19070001 2.162
19080001 2.16891
19090001 2.17657
19100001 2.16751
19110001 2.16696
19120001 2.17276
19130001 2.16213
19140001 2.17044
19150001 2.17668
19160001 2.1756
19170001 2.17543
19180001 2.17843
19190001 2.16665
19200001 2.16614
19210001 2.17025
19220001 2.17276
19230001 2.17287
19240001 2.17166
19250001 2.16195
19260001 2.16915
19270001 2.16057
19280001 2.17066
19290001 2.16976
19300001 2.16759
19310001 2.16462
19320001 2.16106
19330001 2.16766
19340001 2.1636
19350001 2.16175
19360001 2.16505
19370001 2.16949
19380001 2.17136
19390001 2.1836
19400001 2.1683
19410001 2.1679
19420001 2.16809
19430001 2.16755
19440001 2.16716
19450001 2.17129
19460001 2.16228
19470001 2.16233
19480001 2.16474
19490001 2.15959
19500001 2.15902
19510001 2.16734
19520001 2.16702
19530001 2.16416
19540001 2.16183
19550001 2.16128
19560001 2.16396
19570001 2.15946
19580001 2.1666
19590001 2.16312
19600001 2.16909
19610001 2.1687
19620001 2.16358
19630001 2.16123
19640001 2.16566
19650001 2.15926
19660001 2.17081
19670001 2.16301
19680001 2.17337
19690001 2.16982
19700001 2.17286
19710001 2.17172
19720001 2.16351
19730001 2.16245
19740001 2.16414
19750001 2.16447
19760001 2.15581
19770001 2.15261
19780001 2.1668
19790001 2.15348
19800001 2.15802
19810001 2.15663
19820001 2.15378
19830001 2.16207
19840001 2.15446
19850001 2.15478
19860001 2.1649
19870001 2.15753
19880001 2.17272
19890001 2.16143
19900001 2.15739
19910001 2.16003
19920001 2.15686
19930001 2.14779
19940001 2.16133
19950001 2.16906
19960001 2.16585
19970001 2.15775
19980001 2.16328
19990001 2.16864
20000001 2.15756
20010001 2.16322
20020001 2.15772
20030001 2.16003
20040001 2.15875
20050001 2.15737
20060001 2.15854
20070001 2.16111
20080001 2.15455
20090001 2.15721
20100001 2.17097
20110001 2.16318
20120001 2.15999
20130001 2.16059
20140001 2.16349
20150001 2.16185
20160001 2.15881
20170001 2.15631
20180001 2.15994
20190001 2.15415
20200001 2.16125
20210001 2.15759
20220001 2.16208
20230001 2.16041
20240001 2.17065
20250001 2.1605
20260001 2.15796
20270001 2.16221
20280001 2.16655
20290001 2.15755
20300001 2.16033
20310001 2.15236
20320001 2.16121
20330001 2.16075
20340001 2.16081
20350001 2.16588
20360001 2.15712
20370001 2.1581
20380001 2.16608
20390001 2.15955
20400001 2.16654
20410001 2.16048
20420001 2.16549
20430001 2.15934
20440001 2.16094
20450001 2.16138
20460001 2.16309
20470001 2.16714
20480001 2.15168
20490001 2.15601
20500001 2.16244
20510001 2.16332
20520001 2.15937
20530001 2.16611
20540001 2.17383
20550001 2.17123
20560001 2.16265
20570001 2.15478
20580001 2.15432
20590001 2.14892
20600001 2.15545
20610001 2.15111
20620001 2.15624
20630001 2.15084
20640001 2.15775
20650001 2.154
20660001 2.14933
20670001 2.15681
20680001 2.15636
20690001 2.15671
20700001 2.14492
20710001 2.14928
20720001 2.15507
20730001 2.1586
20740001 2.15495
20750001 2.16366
20760001 2.1506
20770001 2.15185
20780001 2.16377
20790001 2.15697
20800001 2.16068
20810001 2.15955
20820001 2.15179
20830001 2.1476
20840001 2.15685
20850001 2.14077
20860001 2.14163
20870001 2.15754
20880001 2.15546
20890001 2.14591
20900001 2.15042
20910001 2.16085
20920001 2.14947
20930001 2.16429
20940001 2.15564
20950001 2.15145
20960001 2.16766
20970001 2.15961
20980001 2.15039
20990001 2.15877
21000001 2.14997
21010001 2.16597
21020001 2.158
21030001 2.15358
21040001 2.14863
21050001 2.1521
21060001 2.15172
21070001 2.15528
21080001 2.15357
21090001 2.15403
21100001 2.15293
21110001 2.15565
21120001 2.15372
21130001 2.15333
21140001 2.15479
21150001 2.15949
21160001 2.16544
21170001 2.15891
21180001 2.16102
21190001 2.14687
21200001 2.15588
21210001 2.15516
21220001 2.14813
21230001 2.14705
21240001 2.14283
21250001 2.15125
21260001 2.1438
21270001 2.14468
21280001 2.14027
21290001 2.1442
21300001 2.14779
21310001 2.15386
21320001 2.15372
21330001 2.14978
21340001 2.15863
21350001 2.15282
21360001 2.15577
21370001 2.15379
21380001 2.15902
21390001 2.16247
21400001 2.15699
21410001 2.15486
21420001 2.15795
21430001 2.14677
21440001 2.14773
21450001 2.15448
21460001 2.15446
21470001 2.14938
21480001 2.15112
21490001 2.15023
21500001 2.14647
21510001 2.14809
21520001 2.14927
21530001 2.14814
21540001 2.14564
21550001 2.15414
21560001 2.15246
21570001 2.14972
21580001 2.14422
21590001 2.1431
21600001 2.14798
21610001 2.14626
21620001 2.1496
21630001 2.15549
21640001 2.14177
21650001 2.15101
21660001 2.15497
21670001 2.15513
21680001 2.1534
21690001 2.14499
21700001 2.14124
21710001 2.15434
21720001 2.14442
21730001 2.14459
21740001 2.14187
21750001 2.15422
21760001 2.15319
21770001 2.14438
21780001 2.14637
21790001 2.14522
21800001 2.15112
21810001 2.15633
21820001 2.15107
21830001 2.15397
21840001 2.14429
21850001 2.15367
21860001 2.14699
21870001 2.15543
21880001 2.14493
21890001 2.15654
21900001 2.14884
21910001 2.15154
21920001 2.14653
21930001 2.15288
21940001 2.14406
21950001 2.14484
21960001 2.14519
21970001 2.15098
21980001 2.14419
21990001 2.14409
22000001 2.14834
22010001 2.14638
22020001 2.15823
22030001 2.1496
22040001 2.14505
22050001 2.146
22060001 2.14892
22070001 2.14485
22080001 2.15845
22090001 2.14928
22100001 2.15493
22110001 2.14523
22120001 2.15341
22130001 2.14583
22140001 2.13929
22150001 2.15675
22160001 2.14541
22170001 2.14827
22180001 2.14709
22190001 2.14412
22200001 2.1495
22210001 2.13654
22220001 2.13282
22230001 2.14412
22240001 2.14272
22250001 2.15023
22260001 2.14302
22270001 2.14297
22280001 2.14803
22290001 2.14956
22300001 2.15228
22310001 2.14176
22320001 2.14855
22330001 2.14367
22340001 2.14572
22350001 2.14514
22360001 2.14856
22370001 2.1481
22380001 2.16117
22390001 2.16299
22400001 2.16718
22410001 2.147
22420001 2.15134
22430001 2.14881
22440001 2.14812
22450001 2.14191
22460001 2.14933
22470001 2.13948
22480001 2.14028
22490001 2.13903
22500001 2.14926
22510001 2.14381
22520001 2.13947
22530001 2.14246
22540001 2.13834
22550001 2.14204
22560001 2.14362
22570001 2.14181
22580001 2.13551
22590001 2.14092
22600001 2.13518
22610001 2.14239
22620001 2.14645
22630001 2.13635
22640001 2.13994
22650001 2.1325
22660001 2.14356
22670001 2.14613
22680001 2.13653
22690001 2.13886
22700001 2.13269
22710001 2.14103
22720001 2.13537
22730001 2.14091
22740001 2.1493
22750001 2.15591
22760001 2.14659
22770001 2.13731
22780001 2.14722
22790001 2.13702
22800001 2.14623
22810001 2.15391
22820001 2.15334
22830001 2.14731
22840001 2.14372
22850001 2.15046
22860001 2.15351
22870001 2.14563
22880001 2.14357
22890001 2.14032
22900001 2.13926
22910001 2.13897
22920001 2.1406
22930001 2.14379
22940001 2.14337
22950001 2.13839
22960001 2.13946
22970001 2.14246
22980001 2.1454
22990001 2.13925
23000001 2.15716
23010001 2.1479
23020001 2.14717
23030001 2.13795
23040001 2.13841
23050001 2.14178
23060001 2.14007
23070001 2.14273
23080001 2.14283
23090001 2.14428
23100001 2.14791
23110001 2.14133
23120001 2.14192
23130001 2.13471
23140001 2.14721
23150001 2.14481
23160001 2.13936
23170001 2.145
23180001 2.14517
23190001 2.1406
23200001 2.13593
23210001 2.14292
23220001 2.14566
23230001 2.14056
23240001 2.13567
23250001 2.13418
23260001 2.14382
23270001 2.15087
23280001 2.14147
23290001 2.1352
23300001 2.15293
23310001 2.14222
23320001 2.15201
23330001 2.14731
23340001 2.14349
23350001 2.13389
23360001 2.14474
23370001 2.14525
23380001 2.14344
23390001 2.14017
23400001 2.1396
23410001 2.13925
23420001 2.14671
23430001 2.13796
23440001 2.13828
23450001 2.14153
23460001 2.1354
23470001 2.14399
23480001 2.13301
23490001 2.14026
23500001 2.13394
23510001 2.14489
23520001 2.13619
23530001 2.14248
23540001 2.13765
23550001 2.13994
23560001 2.14227
23570001 2.13975
23580001 2.14203
23590001 2.14258
23600001 2.14722
23610001 2.14429
23620001 2.13618
23630001 2.14002
23640001 2.15771
23650001 2.14939
23660001 2.14282
23670001 2.14046
23680001 2.14254
23690001 2.13631
23700001 2.147
23710001 2.14059
23720001 2.13439
23730001 2.14775
23740001 2.13339
23750001 2.13713
23760001 2.14256
23770001 2.13029
23780001 2.13667
23790001 2.14387
23800001 2.14077
23810001 2.13266
23820001 2.13394
23830001 2.13709
23840001 2.14205
23850001 2.12869
23860001 2.13924
23870001 2.1327
23880001 2.12976
23890001 2.14099
23900001 2.13719
23910001 2.13257
23920001 2.13871
23930001 2.1403
23940001 2.1385
23950001 2.14717
23960001 2.13875
23970001 2.14553
23980001 2.14125
23990001 2.14088
24000001 2.14299
24010001 2.13542
24020001 2.13455
24030001 2.14363
24040001 2.13233
24050001 2.13703
24060001 2.13705
24070001 2.14556
24080001 2.1355
24090001 2.13412
24100001 2.13654
24110001 2.12841
24120001 2.13331
24130001 2.14531
24140001 2.14089
24150001 2.14209
24160001 2.14166
24170001 2.13133
24180001 2.13688
24190001 2.14497
24200001 2.14202
24210001 2.13563
24220001 2.13861
24230001 2.13826
24240001 2.13475
24250001 2.13833
24260001 2.14552
24270001 2.13984
24280001 2.13831
24290001 2.13146
24300001 2.14031
24310001 2.14746
24320001 2.12608
24330001 2.13803
24340001 2.13934
24350001 2.12952
24360001 2.14632
24370001 2.1412
24380001 2.13243
24390001 2.13778
24400001 2.14433
24410001 2.13421
24420001 2.1288
24430001 2.12134
24440001 2.13199
24450001 2.14225
24460001 2.1271
24470001 2.13988
24480001 2.12752
24490001 2.12338
24500001 2.13458
24510001 2.13293
24520001 2.14225
24530001 2.13817
24540001 2.1292
24550001 2.13826
24560001 2.13112
24570001 2.12753
24580001 2.12369
24590001 2.13892
24600001 2.13299
24610001 2.12842
24620001 2.13474
24630001 2.12916
24640001 2.12649
24650001 2.13882
24660001 2.13099
24670001 2.12232
24680001 2.13465
24690001 2.12832
24700001 2.14105
24710001 2.13606
24720001 2.12771
24730001 2.12526
24740001 2.13196
24750001 2.13709
24760001 2.13959
24770001 2.12229
24780001 2.13422
24790001 2.13578
24800001 2.14173
24810001 2.13944
24820001 2.13328
24830001 2.13762
24840001 2.12793
24850001 2.12758
24860001 2.13491
24870001 2.12769
24880001 2.13003
24890001 2.12433
24900001 2.12389
24910001 2.13143
24920001 2.13341
24930001 2.13319
24940001 2.1307
24950001 2.11845
24960001 2.13668
24970001 2.12905
24980001 2.13526
24990001 2.13068
25000001 2.12451
25010001 2.12945
25020001 2.1295
25030001 2.13402
25040001 2.12421
25050001 2.13439
25060001 2.13801
25070001 2.12925
25080001 2.13405
25090001 2.12654
25100001 2.14028
25110001 2.13296
25120001 2.12766
25130001 2.1272
25140001 2.12721
25150001 2.12674
25160001 2.13153
25170001 2.13472
25180001 2.1314
25190001 2.12815
25200001 2.1349
25210001 2.13374
25220001 2.14621
25230001 2.13376
25240001 2.1299
25250001 2.13257
25260001 2.12707
25270001 2.1341
25280001 2.12438
25290001 2.14317
25300001 2.13549
25310001 2.12755
25320001 2.12836
25330001 2.12745
25340001 2.13078
25350001 2.11513
25360001 2.11678
25370001 2.13167
25380001 2.13646
25390001 2.13173
25400001 2.12951
25410001 2.12708
25420001 2.1267
25430001 2.13467
25440001 2.13416
25450001 2.13175
25460001 2.13236
25470001 2.1276
25480001 2.12461
25490001 2.12959
25500001 2.12816
25510001 2.12583
25520001 2.12694
25530001 2.12862
25540001 2.12677
25550001 2.13095
25560001 2.12624
25570001 2.13189
25580001 2.12304
25590001 2.12479
25600001 2.13093
25610001 2.12753
25620001 2.1287
25630001 2.1211
25640001 2.1297
25650001 2.13579
25660001 2.13009
25670001 2.12852
25680001 2.13205
25690001 2.1228
25700001 2.12848
25710001 2.12603
25720001 2.12831
25730001 2.14186
25740001 2.12798
25750001 2.13013
25760001 2.12709
25770001 2.12902
25780001 2.1356
25790001 2.12876
25800001 2.1322
25810001 2.12416
25820001 2.12078
25830001 2.12928
25840001 2.13062
25850001 2.12459
25860001 2.13781
25870001 2.12424
25880001 2.12384
25890001 2.12288
25900001 2.1275
25910001 2.12688
25920001 2.13147
25930001 2.12467
25940001 2.12608
25950001 2.13525
25960001 2.1325
25970001 2.13116
25980001 2.13135
25990001 2.12947
26000001 2.12079
26010001 2.13006
26020001 2.13947
26030001 2.13188
26040001 2.11866
26050001 2.12612
26060001 2.13363
26070001 2.13446
26080001 2.12598
26090001 2.13056
26100001 2.12955
26110001 2.12592
26120001 2.12981
26130001 2.12617
26140001 2.13039
26150001 2.11846
26160001 2.12947
26170001 2.1206
26180001 2.12133
26190001 2.12676
26200001 2.12216
26210001 2.13418
26220001 2.11917
26230001 2.12695
26240001 2.11904
26250001 2.13622
26260001 2.13911
26270001 2.12182
26280001 2.12445
26290001 2.12189
26300001 2.11924
26310001 2.11635
26320001 2.1276
26330001 2.12703
26340001 2.12515
26350001 2.135
26360001 2.12754
26370001 2.11666
26380001 2.12118
26390001 2.12213
26400001 2.11703
26410001 2.11901
26420001 2.11722
26430001 2.11807
26440001 2.13111
26450001 2.11973
26460001 2.12284
26470001 2.1323
26480001 2.13906
26490001 2.11895
26500001 2.12616
26510001 2.12532
26520001 2.12048
26530001 2.13048
26540001 2.13257
26550001 2.11836
26560001 2.11793
26570001 2.12093
26580001 2.1129
26590001 2.11025
26600001 2.1273
26610001 2.12441
26620001 2.11934
26630001 2.12553
26640001 2.11223
26650001 2.11719
26660001 2.13012
26670001 2.13423
26680001 2.12726
26690001 2.12416
26700001 2.12642
26710001 2.12535
26720001 2.1356
26730001 2.11907
26740001 2.12539
26750001 2.12615
26760001 2.12324
26770001 2.12479
26780001 2.12237
26790001 2.12045
26800001 2.12745
26810001 2.12875
26820001 2.12306
26830001 2.1322
26840001 2.12569
26850001 2.12207
26860001 2.12831
26870001 2.12039
26880001 2.12752
26890001 2.12142
26900001 2.12789
26910001 2.12601
26920001 2.12216
26930001 2.12238
26940001 2.12375
26950001 2.12805
26960001 2.12856
26970001 2.12256
26980001 2.12563
26990001 2.13021
27000001 2.12631
27010001 2.12904
27020001 2.12273
27030001 2.12149
27040001 2.12265
27050001 2.11109
27060001 2.11523
27070001 2.11592
27080001 2.11408
27090001 2.11755
27100001 2.1215
27110001 2.1191
27120001 2.12198
27130001 2.11844
27140001 2.12653
27150001 2.1181
27160001 2.11635
27170001 2.11543
27180001 2.12803
27190001 2.13216
27200001 2.13006
27210001 2.11686
27220001 2.11879
27230001 2.12263
27240001 2.12337
27250001 2.12813
27260001 2.1232
27270001 2.1187
27280001 2.11643
27290001 2.13365
27300001 2.11886
27310001 2.1247
27320001 2.12024
27330001 2.11982
27340001 2.12457
27350001 2.11963
27360001 2.1266
27370001 2.12234
27380001 2.12152
27390001 2.12025
27400001 2.11772
27410001 2.11867
27420001 2.12101
27430001 2.12034
27440001 2.12301
27450001 2.1171
27460001 2.12252
27470001 2.11658
27480001 2.11792
27490001 2.11732
27500001 2.11226
27510001 2.1141
27520001 2.11327
27530001 2.11089
27540001 2.11516
27550001 2.11099
27560001 2.12525
27570001 2.11672
27580001 2.11786
27590001 2.11182
27600001 2.11689
27610001 2.1237
27620001 2.11414
27630001 2.12271
27640001 2.12713
27650001 2.12867
27660001 2.1278
27670001 2.13587
27680001 2.12154
27690001 2.13006
27700001 2.11429
27710001 2.12698
27720001 2.11351
27730001 2.11717
27740001 2.11497
27750001 2.12202
27760001 2.11007
27770001 2.11054
27780001 2.11577
27790001 2.1171
27800001 2.11288
27810001 2.11111
27820001 2.12185
27830001 2.12464
27840001 2.11714
27850001 2.1259
27860001 2.13739
27870001 2.12197
27880001 2.12484
27890001 2.12184
27900001 2.12294
27910001 2.12026
27920001 2.11898
27930001 2.10866
27940001 2.11568
27950001 2.11134
27960001 2.11855
27970001 2.11474
27980001 2.11067
27990001 2.1259
28000001 2.11772
28010001 2.11891
28020001 2.12076
28030001 2.11451
28040001 2.11717
28050001 2.11916
28060001 2.12415
28070001 2.11932
28080001 2.12246
28090001 2.12025
28100001 2.11677
28110001 2.12283
28120001 2.11841
28130001 2.1177
28140001 2.12445
28150001 2.11555
28160001 2.11741
28170001 2.12359
28180001 2.12194
28190001 2.12492
28200001 2.11579
28210001 2.11549
28220001 2.11626
28230001 2.11209
28240001 2.11468
28250001 2.11498
28260001 2.11371
28270001 2.12528
28280001 2.11617
28290001 2.12259
28300001 2.12297
28310001 2.11496
28320001 2.12669
28330001 2.11807
28340001 2.1163
28350001 2.11461
28360001 2.11677
28370001 2.11458
28380001 2.11629
28390001 2.11181
28400001 2.11444
28410001 2.1147
28420001 2.11289
28430001 2.11888
28440001 2.12765
28450001 2.12202
28460001 2.12047
28470001 2.12254
28480001 2.11658
28490001 2.11077
28500001 2.11508
28510001 2.11089
28520001 2.12467
28530001 2.12156
28540001 2.11583
28550001 2.11541
28560001 2.12261
28570001 2.11624
28580001 2.10964
28590001 2.11317
28600001 2.11089
28610001 2.11263
28620001 2.12033
28630001 2.11764
28640001 2.11598
28650001 2.10486
28660001 2.11763
28670001 2.11542
28680001 2.11026
28690001 2.10466
28700001 2.11397
28710001 2.1134
28720001 2.12054
28730001 2.12501
28740001 2.12012
28750001 2.11693
28760001 2.11124
28770001 2.1084
28780001 2.10933
28790001 2.11529
28800001 2.12758
28810001 2.11211
28820001 2.11857
28830001 2.11659
28840001 2.11946
28850001 2.12079
28860001 2.12636
28870001 2.10907
28880001 2.11958
28890001 2.10297
28900001 2.10997
28910001 2.11109
28920001 2.11444
28930001 2.1207
28940001 2.11981
28950001 2.13281
28960001 2.12513
28970001 2.12661
28980001 2.11258
28990001 2.11483
29000001 2.11065
29010001 2.1118
29020001 2.12113
29030001 2.11264
29040001 2.11631
29050001 2.12479
29060001 2.11288
29070001 2.11756
29080001 2.12079
29090001 2.11269
29100001 2.11961
29110001 2.12349
29120001 2.10815
29130001 2.11856
29140001 2.11543
29150001 2.12283
29160001 2.10929
29170001 2.12273
29180001 2.11719
29190001 2.11865
29200001 2.11962
29210001 2.11617
29220001 2.12316
29230001 2.11581
29240001 2.11568
29250001 2.11423
29260001 2.11181
29270001 2.1129
29280001 2.11374
29290001 2.11313
29300001 2.11694
29310001 2.12313
29320001 2.1104
29330001 2.1107
29340001 2.11359
29350001 2.11148
29360001 2.11308
29370001 2.10914
29380001 2.11906
29390001 2.1115
29400001 2.10912
29410001 2.11138
29420001 2.11412
29430001 2.11168
29440001 2.11397
29450001 2.12052
29460001 2.11185
29470001 2.1106
29480001 2.1107
29490001 2.11334
29500001 2.11271
29510001 2.10837
29520001 2.11686
29530001 2.1131
29540001 2.11172
29550001 2.11791
29560001 2.11522
29570001 2.11458
29580001 2.10819
29590001 2.09818
29600001 2.10334
29610001 2.11008
29620001 2.10591
29630001 2.11611
29640001 2.12102
29650001 2.11391
29660001 2.12362
29670001 2.10885
29680001 2.10805
29690001 2.10777
29700001 2.10216
29710001 2.10973
29720001 2.10027
29730001 2.11463
29740001 2.10528
29750001 2.10318
29760001 2.10643
29770001 2.1107
29780001 2.11494
29790001 2.11054
29800001 2.10852
29810001 2.11671
29820001 2.11688
29830001 2.10944
29840001 2.1167
29850001 2.10941
29860001 2.10692
29870001 2.10692
29880001 2.10857
29890001 2.1175
29900001 2.11828
29910001 2.1243
29920001 2.11412
29930001 2.11965
29940001 2.10833
29950001 2.11443
29960001 2.11632
29970001 2.11832
29980001 2.11408
29990001 2.11599
