1 2180.41
10001 84.1647
20001 40.6291
30001 25.253
40001 17.9906
50001 13.9747
60001 11.5508
70001 9.98626
80001 8.92131
90001 8.16396
100001 7.6038
110001 7.17293
120001 6.8297
130001 6.54948
140001 6.31408
150001 6.11388
160001 5.93871
170001 5.78467
180001 5.64701
190001 5.52248
200001 5.40878
210001 5.30438
220001 5.20751
230001 5.11791
240001 5.03448
250001 4.95616
260001 4.88258
270001 4.81277
280001 4.74699
290001 4.68399
300001 4.62449
310001 4.56775
320001 4.51328
330001 4.46159
340001 4.41196
350001 4.36409
360001 4.31831
370001 4.27468
380001 4.23242
390001 4.19141
400001 4.15218
410001 4.11414
420001 4.0773
430001 4.04174
440001 4.00747
450001 3.9741
460001 3.94224
470001 3.91078
480001 3.88065
490001 3.85123
500001 3.82257
510001 3.79535
520001 3.76835
530001 3.74205
540001 3.71669
550001 3.69199
560001 3.66788
570001 3.6445
580001 3.62162
590001 3.59947
600001 3.57787
610001 3.55698
620001 3.53619
630001 3.51618
640001 3.49672
650001 3.47752
660001 3.45885
670001 3.44048
680001 3.42307
690001 3.4054
700001 3.38857
710001 3.37162
720001 3.35573
730001 3.33976
740001 3.32376
750001 3.30846
760001 3.29387
770001 3.27925
780001 3.26492
790001 3.25081
800001 3.23734
810001 3.22425
820001 3.21092
830001 3.19792
840001 3.18523
850001 3.17299
860001 3.16082
870001 3.14862
880001 3.13701
890001 3.1255
900001 3.11443
910001 3.10331
920001 3.09241
930001 3.08151
940001 3.07109
950001 3.061
960001 3.0509
970001 3.04103
980001 3.03126
990001 3.02176
1000001 3.01226
1010001 3.00273
1020001 2.9935
1030001 2.98451
1040001 2.97606
1050001 2.96733
1060001 2.9588
1070001 2.95046
1080001 2.942
1090001 2.93419
1100001 2.92621
1110001 2.9183
1120001 2.91042
1130001 2.90281
1140001 2.89524
1150001 2.88815
1160001 2.8805
1170001 2.87336
1180001 2.86638
1190001 2.8596
1200001 2.8525
1210001 2.84588
1220001 2.83927
1230001 2.83254
1240001 2.82618
1250001 2.81965
1260001 2.81375
1270001 2.80737
1280001 2.80134
1290001 2.79552
1300001 2.78897
1310001 2.78331
1320001 2.77749
1330001 2.77166
1340001 2.76613
1350001 2.7605
1360001 2.75493
1370001 2.74936
1380001 2.74402
1390001 2.73869
1400001 2.73396
1410001 2.72848
1420001 2.7233
1430001 2.71848
1440001 2.71342
1450001 2.70835
1460001 2.70348
1470001 2.69887
1480001 2.6943
1490001 2.68941
1500001 2.6848
1510001 2.68042
1520001 2.6756
1530001 2.67131
1540001 2.6667
1550001 2.66257
1560001 2.65874
1570001 2.65427
1580001 2.64985
1590001 2.64592
1600001 2.64155
1610001 2.63756
1620001 2.63343
1630001 2.62945
1640001 2.62572
1650001 2.62145
1660001 2.61771
1670001 2.6139
1680001 2.61012
1690001 2.60641
1700001 2.60282
1710001 2.59906
1720001 2.59547
1730001 2.59189
1740001 2.58844
1750001 2.58492
1760001 2.58132
1770001 2.57785
1780001 2.57463
1790001 2.57116
1800001 2.56795
1810001 2.56463
1820001 2.561
1830001 2.55807
1840001 2.55471
1850001 2.5516
1860001 2.54857
1870001 2.54525
1880001 2.5423
1890001 2.5393
1900001 2.53623
1910001 2.53306
1920001 2.53027
1930001 2.52719
1940001 2.52451
1950001 2.52162
1960001 2.51863
1970001 2.51574
1980001 2.51287
1990001 2.51009
2000001 2.5074
2010001 2.50461
2020001 2.50195
2030001 2.49944
2040001 2.49663
2050001 2.49406
2060001 2.49142
2070001 2.48877
2080001 2.48627
2090001 2.48367
2100001 2.48101
2110001 2.47847
2120001 2.47596
2130001 2.47344
2140001 2.47095
2150001 2.46848
2160001 2.46847
2170001 2.46453
2180001 2.46185
2190001 2.45948
2200001 2.45678
2210001 2.45465
2220001 2.45222
2230001 2.44989
2240001 2.44747
2250001 2.44543
2260001 2.44314
2270001 2.44092
2280001 2.43865
2290001 2.43643
2300001 2.43445
2310001 2.43223
2320001 2.42997
2330001 2.42793
2340001 2.42588
2350001 2.42374
2360001 2.42181
2370001 2.41975
2380001 2.41765
2390001 2.41554
2400001 2.4136
2410001 2.41148
2420001 2.40969
2430001 2.40747
2440001 2.40581
2450001 2.40364
2460001 2.40152
2470001 2.39988
2480001 2.39816
2490001 2.39619
2500001 2.39437
2510001 2.39249
2520001 2.3907
2530001 2.38873
2540001 2.38709
2550001 2.38517
2560001 2.38335
2570001 2.38159
2580001 2.37968
2590001 2.3781
2600001 2.37627
2610001 2.37453
2620001 2.37291
2630001 2.3711
2640001 2.36966
2650001 2.36765
2660001 2.36637
2670001 2.36458
2680001 2.36288
2690001 2.36108
2700001 2.35982
2710001 2.35787
2720001 2.35636
2730001 2.3546
2740001 2.3529
2750001 2.35136
2760001 2.35002
2770001 2.3483
2780001 2.34692
2790001 2.34525
2800001 2.34373
2810001 2.34228
2820001 2.34098
2830001 2.3392
2840001 2.33774
2850001 2.33609
2860001 2.33473
2870001 2.33319
2880001 2.33169
2890001 2.33028
2900001 2.32907
2910001 2.32744
2920001 2.32604
2930001 2.32442
2940001 2.32329
2950001 2.32195
2960001 2.32053
2970001 2.3189
2980001 2.31803
2990001 2.31617
3000001 2.31499
3010001 2.31358
3020001 2.31222
3030001 2.31085
3040001 2.30966
3050001 2.30827
3060001 2.307
3070001 2.30579
3080001 2.30414
3090001 2.30321
3100001 2.3018
3110001 2.30047
3120001 2.29937
3130001 2.29816
3140001 2.29657
3150001 2.29545
3160001 2.29419
3170001 2.29303
3180001 2.29162
3190001 2.2903
3200001 2.28915
3210001 2.28801
3220001 2.28674
3230001 2.28574
3240001 2.28455
3250001 2.28319
3260001 2.28226
3270001 2.28114
3280001 2.27993
3290001 2.27848
3300001 2.27748
3310001 2.27637
3320001 2.27512
3330001 2.27384
3340001 2.27282
3350001 2.2718
3360001 2.27064
3370001 2.2696
3380001 2.26833
3390001 2.26711
3400001 2.26635
3410001 2.2654
3420001 2.26428
3430001 2.26281
3440001 2.26195
3450001 2.2607
3460001 2.25974
3470001 2.25876
3480001 2.25783
3490001 2.25699
3500001 2.25576
3510001 2.25461
3520001 2.25338
3530001 2.25237
3540001 2.25153
3550001 2.25017
3560001 2.24919
3570001 2.24837
3580001 2.24753
3590001 2.24653
3600001 2.24533
3610001 2.24433
3620001 2.24336
3630001 2.2423
3640001 2.24142
3650001 2.24047
3660001 2.23961
3670001 2.23878
3680001 2.23771
3690001 2.23681
3700001 2.23589
3710001 2.23484
3720001 2.23383
3730001 2.23298
3740001 2.23194
3750001 2.23105
3760001 2.22994
3770001 2.22914
3780001 2.22832
3790001 2.2274
3800001 2.22646
3810001 2.22555
3820001 2.22452
3830001 2.2237
3840001 2.22296
3850001 2.22204
3860001 2.2211
3870001 2.2202
3880001 2.21926
3890001 2.21841
3900001 2.21782
3910001 2.21672
3920001 2.2157
3930001 2.21486
3940001 2.21397
3950001 2.21323
3960001 2.21283
3970001 2.21154
3980001 2.21074
3990001 2.20978
4000001 2.20929
4010001 2.20815
4020001 2.20753
4030001 2.20678
4040001 2.20575
4050001 2.20491
4060001 2.20414
4070001 2.20426
4080001 2.20272
4090001 2.20186
4100001 2.20125
4110001 2.20028
4120001 2.20006
4130001 2.19874
4140001 2.19787
4150001 2.19714
4160001 2.19646
4170001 2.19535
4180001 2.19491
4190001 2.19397
4200001 2.19331
4210001 2.19234
4220001 2.19174
4230001 2.19092
4240001 2.19034
4250001 2.18924
4260001 2.18853
4270001 2.18797
4280001 2.18712
4290001 2.18649
4300001 2.18547
4310001 2.18463
4320001 2.18417
4330001 2.18327
4340001 2.18287
4350001 2.18208
4360001 2.18133
4370001 2.18059
4380001 2.17994
4390001 2.17908
4400001 2.17828
4410001 2.17782
4420001 2.17719
4430001 2.17637
4440001 2.1757
4450001 2.1749
4460001 2.17429
4470001 2.17373
4480001 2.17288
4490001 2.1722
4500001 2.17171
4510001 2.17082
4520001 2.1702
4530001 2.16951
4540001 2.16888
4550001 2.16801
4560001 2.16743
4570001 2.16656
4580001 2.16612
4590001 2.16556
4600001 2.16452
4610001 2.16413
4620001 2.16333
4630001 2.16276
4640001 2.16224
4650001 2.16156
4660001 2.16097
4670001 2.16071
4680001 2.15972
4690001 2.15917
4700001 2.15836
4710001 2.1575
4720001 2.1569
4730001 2.15651
4740001 2.15593
4750001 2.15502
4760001 2.15471
4770001 2.15434
4780001 2.15355
4790001 2.15269
4800001 2.15212
4810001 2.15133
4820001 2.15093
4830001 2.15043
4840001 2.14984
4850001 2.1493
4860001 2.14859
4870001 2.14811
4880001 2.14739
4890001 2.14661
4900001 2.14623
4910001 2.1456
4920001 2.14506
4930001 2.14429
4940001 2.14402
4950001 2.14345
4960001 2.14279
4970001 2.14224
4980001 2.14192
4990001 2.14102
5000001 2.14032
5010001 2.13976
5020001 2.13918
5030001 2.1387
5040001 2.13823
5050001 2.13746
5060001 2.13701
5070001 2.13637
5080001 2.13579
5090001 2.13535
5100001 2.13475
5110001 2.13411
5120001 2.13372
5130001 2.13315
5140001 2.13255
5150001 2.13191
5160001 2.1314
5170001 2.13088
5180001 2.13035
5190001 2.12998
5200001 2.12952
5210001 2.12906
5220001 2.12807
5230001 2.12752
5240001 2.12711
5250001 2.12671
5260001 2.12614
5270001 2.12568
5280001 2.12492
5290001 2.12441
5300001 2.12428
5310001 2.12354
5320001 2.12307
5330001 2.12252
5340001 2.12196
5350001 2.12139
5360001 2.1209
5370001 2.12048
5380001 2.11979
5390001 2.11927
5400001 2.11889
5410001 2.11844
5420001 2.11822
5430001 2.11756
5440001 2.11679
5450001 2.11646
5460001 2.1159
5470001 2.11559
5480001 2.11513
5490001 2.11478
5500001 2.11428
5510001 2.11356
5520001 2.11303
5530001 2.11296
5540001 2.11228
5550001 2.11163
5560001 2.1112
5570001 2.1108
5580001 2.11007
5590001 2.10993
5600001 2.10923
5610001 2.10902
5620001 2.10822
5630001 2.10816
5640001 2.10752
5650001 2.10703
5660001 2.10634
5670001 2.10586
5680001 2.10539
5690001 2.10497
5700001 2.10456
5710001 2.10409
5720001 2.1038
5730001 2.10338
5740001 2.10289
5750001 2.1026
5760001 2.10209
5770001 2.10149
5780001 2.10089
5790001 2.10077
5800001 2.10013
5810001 2.09976
5820001 2.09937
5830001 2.09895
5840001 2.09836
5850001 2.09816
5860001 2.0974
5870001 2.09695
5880001 2.09664
5890001 2.09613
5900001 2.09566
5910001 2.09548
5920001 2.09492
5930001 2.09444
5940001 2.09393
5950001 2.09364
5960001 2.09332
5970001 2.09294
5980001 2.09245
5990001 2.09172
6000001 2.09167
6010001 2.0908
6020001 2.09085
6030001 2.09031
6040001 2.08994
6050001 2.08939
6060001 2.08904
6070001 2.08859
6080001 2.08797
6090001 2.08775
6100001 2.08745
6110001 2.08688
6120001 2.08652
6130001 2.08625
6140001 2.08576
6150001 2.08547
6160001 2.08491
6170001 2.08444
6180001 2.08421
6190001 2.08345
6200001 2.0834
6210001 2.08285
6220001 2.08266
6230001 2.0821
6240001 2.08195
6250001 2.08112
6260001 2.08065
6270001 2.08057
6280001 2.08018
6290001 2.07967
6300001 2.07956
6310001 2.07871
6320001 2.0785
6330001 2.07834
6340001 2.07778
6350001 2.07772
6360001 2.07716
6370001 2.0767
6380001 2.07626
6390001 2.0759
6400001 2.07547
6410001 2.07529
6420001 2.07473
6430001 2.07445
6440001 2.07405
6450001 2.07361
6460001 2.07336
6470001 2.07293
6480001 2.07272
6490001 2.07209
6500001 2.07206
6510001 2.07144
6520001 2.07125
6530001 2.07071
6540001 2.07058
6550001 2.06992
6560001 2.06965
6570001 2.07009
6580001 2.0692
6590001 2.06893
6600001 2.06823
6610001 2.06801
6620001 2.06758
6630001 2.06723
6640001 2.06688
6650001 2.06653
6660001 2.06595
6670001 2.06577
6680001 2.0652
6690001 2.06516
6700001 2.06469
6710001 2.06428
6720001 2.06388
6730001 2.06357
6740001 2.06335
6750001 2.06282
6760001 2.06263
6770001 2.0623
6780001 2.06206
6790001 2.06158
6800001 2.06138
6810001 2.06105
6820001 2.06056
6830001 2.06014
6840001 2.05981
6850001 2.05974
6860001 2.05926
6870001 2.05866
6880001 2.05839
6890001 2.05824
6900001 2.05782
6910001 2.05763
6920001 2.05745
6930001 2.05683
6940001 2.05638
6950001 2.0562
6960001 2.05589
6970001 2.05569
6980001 2.05557
6990001 2.05493
7000001 2.05467
7010001 2.05411
7020001 2.05392
7030001 2.05371
7040001 2.05309
7050001 2.05307
7060001 2.05246
7070001 2.05228
7080001 2.05208
7090001 2.05143
7100001 2.05137
7110001 2.05094
7120001 2.05062
7130001 2.05033
7140001 2.05013
7150001 2.04986
7160001 2.04945
7170001 2.04916
7180001 2.04873
7190001 2.0484
7200001 2.04844
7210001 2.0479
7220001 2.04772
7230001 2.04752
7240001 2.04728
7250001 2.04682
7260001 2.0462
7270001 2.0462
7280001 2.04587
7290001 2.04569
7300001 2.04518
7310001 2.04509
7320001 2.0448
7330001 2.04427
7340001 2.04384
7350001 2.04356
7360001 2.04345
7370001 2.04298
7380001 2.04274
7390001 2.04252
7400001 2.0421
7410001 2.04194
7420001 2.04162
7430001 2.04114
7440001 2.041
7450001 2.0407
7460001 2.0404
7470001 2.04018
7480001 2.03974
7490001 2.03952
7500001 2.03894
7510001 2.03881
7520001 2.0385
7530001 2.03825
7540001 2.03802
7550001 2.0377
7560001 2.03734
7570001 2.03696
7580001 2.03722
7590001 2.03671
7600001 2.03655
7610001 2.03594
7620001 2.03585
7630001 2.03547
7640001 2.03536
7650001 2.03494
7660001 2.0348
7670001 2.03444
7680001 2.03405
7690001 2.03384
7700001 2.03373
7710001 2.03326
7720001 2.03309
7730001 2.03259
7740001 2.03242
7750001 2.03204
7760001 2.03208
7770001 2.032
7780001 2.03148
7790001 2.03104
7800001 2.03072
7810001 2.03049
7820001 2.0305
7830001 2.02989
7840001 2.0299
7850001 2.02933
7860001 2.02935
7870001 2.02882
7880001 2.02863
7890001 2.02849
7900001 2.02832
7910001 2.0278
7920001 2.0275
7930001 2.02737
7940001 2.02715
7950001 2.02694
7960001 2.0267
7970001 2.02637
7980001 2.02603
7990001 2.02579
8000001 2.02568
8010001 2.02543
8020001 2.02503
8030001 2.02494
8040001 2.02446
8050001 2.02434
8060001 2.02412
8070001 2.02377
8080001 2.02336
8090001 2.0232
8100001 2.02288
8110001 2.0227
8120001 2.02243
8130001 2.02214
8140001 2.02184
8150001 2.02153
8160001 2.02179
8170001 2.02115
8180001 2.0207
8190001 2.02069
8200001 2.02025
8210001 2.02004
8220001 2.01999
8230001 2.0195
8240001 2.01947
8250001 2.01921
8260001 2.01889
8270001 2.01867
8280001 2.01846
8290001 2.01821
8300001 2.0178
8310001 2.01762
8320001 2.01729
8330001 2.01708
8340001 2.01695
8350001 2.01672
8360001 2.01623
8370001 2.01639
8380001 2.01583
8390001 2.01578
8400001 2.01546
8410001 2.01508
8420001 2.01475
8430001 2.01452
8440001 2.01433
8450001 2.01411
8460001 2.01397
8470001 2.01375
8480001 2.01346
8490001 2.01324
8500001 2.01289
8510001 2.01288
8520001 2.01272
8530001 2.01233
8540001 2.01195
8550001 2.0117
8560001 2.0115
8570001 2.01156
8580001 2.01124
8590001 2.01075
8600001 2.01049
8610001 2.01066
8620001 2.01026
8630001 2.00993
8640001 2.00988
8650001 2.00963
8660001 2.00954
8670001 2.00897
8680001 2.00879
8690001 2.00877
8700001 2.00832
8710001 2.0082
8720001 2.00797
8730001 2.00774
8740001 2.00767
8750001 2.00733
8760001 2.007
8770001 2.00686
8780001 2.00654
8790001 2.00642
8800001 2.00621
8810001 2.00584
8820001 2.00581
8830001 2.00542
8840001 2.00521
8850001 2.00481
8860001 2.00472
8870001 2.00462
8880001 2.00452
8890001 2.00452
8900001 2.00391
8910001 2.00388
8920001 2.00353
8930001 2.0034
8940001 2.00327
8950001 2.00295
8960001 2.00274
8970001 2.00233
8980001 2.00252
8990001 2.00188
9000001 2.00162
9010001 2.0015
9020001 2.00163
9030001 2.00132
9040001 2.00089
9050001 2.00068
9060001 2.00029
9070001 2.00025
9080001 2.00008
9090001 2.00011
9100001 1.99968
9110001 1.99949
9120001 1.99931
9130001 1.99923
9140001 1.99883
9150001 1.99851
9160001 1.99842
9170001 1.9983
9180001 2.00108
9190001 1.99866
9200001 1.99815
9210001 1.99768
9220001 1.99707
9230001 1.99685
9240001 1.9966
9250001 1.99646
9260001 1.9973
9270001 1.9967
9280001 1.99577
9290001 1.99601
9300001 1.99565
9310001 1.99564
9320001 1.99525
9330001 1.99488
9340001 1.99479
9350001 1.99437
9360001 1.9942
9370001 1.99399
9380001 1.99393
9390001 1.99351
9400001 1.99364
9410001 1.99358
9420001 1.99326
9430001 1.99292
9440001 1.99269
9450001 1.99261
9460001 1.9924
9470001 1.99211
9480001 1.99197
9490001 1.99187
9500001 1.9916
9510001 1.99111
9520001 1.99131
9530001 1.99092
9540001 1.99084
9550001 1.99046
9560001 1.99058
9570001 1.98998
9580001 1.98975
9590001 1.98969
9600001 1.98969
9610001 1.98966
9620001 1.9891
9630001 1.98901
9640001 1.98854
9650001 1.98841
9660001 1.98829
9670001 1.98821
9680001 1.98823
9690001 1.98776
9700001 1.98718
9710001 1.9873
9720001 1.98744
9730001 1.98704
9740001 1.9866
9750001 1.98672
9760001 1.98649
9770001 1.98633
9780001 1.98614
9790001 1.9857
9800001 1.98547
9810001 1.98577
9820001 1.98551
9830001 1.98529
9840001 1.98527
9850001 1.98495
9860001 1.98448
9870001 1.98438
9880001 1.98433
9890001 1.98408
9900001 1.98391
9910001 1.98382
9920001 1.98333
9930001 1.98331
9940001 1.98321
9950001 1.98277
9960001 1.98285
9970001 1.98247
9980001 1.98249
9990001 1.9819
10000001 1.98221
10010001 1.98172
10020001 1.98166
10030001 1.98148
10040001 1.9814
10050001 1.98115
10060001 1.98078
10070001 1.98046
10080001 1.98083
10090001 1.98053
10100001 1.97995
10110001 1.97995
10120001 1.9798
10130001 1.97982
10140001 1.97948
10150001 1.97915
10160001 1.97922
10170001 1.97901
10180001 1.97894
10190001 1.97884
10200001 1.97883
10210001 1.97887
10220001 1.97861
10230001 1.97819
10240001 1.97766
10250001 1.97779
10260001 1.9772
10270001 1.97708
10280001 1.97716
10290001 1.9768
10300001 1.97676
10310001 1.97674
10320001 1.9763
10330001 1.97617
10340001 1.97594
10350001 1.97637
10360001 1.97584
10370001 1.97571
10380001 1.97538
10390001 1.97513
10400001 1.97475
10410001 1.9748
10420001 1.97461
10430001 1.97459
10440001 1.97434
10450001 1.97392
10460001 1.97382
10470001 1.9739
10480001 1.97359
10490001 1.97354
10500001 1.97352
10510001 1.97322
10520001 1.97284
10530001 1.97275
10540001 1.97264
10550001 1.97257
10560001 1.97225
10570001 1.97191
10580001 1.97235
10590001 1.97157
10600001 1.97171
10610001 1.97152
10620001 1.97133
10630001 1.97117
10640001 1.97118
10650001 1.97085
10660001 1.97074
10670001 1.97069
10680001 1.97041
10690001 1.97008
10700001 1.97015
10710001 1.96983
10720001 1.96961
10730001 1.96958
10740001 1.96954
10750001 1.96914
10760001 1.96886
10770001 1.96904
10780001 1.9687
10790001 1.96832
10800001 1.96847
10810001 1.9682
10820001 1.9679
10830001 1.96799
10840001 1.96781
10850001 1.96762
10860001 1.96745
10870001 1.96711
10880001 1.96703
10890001 1.96707
10900001 1.96673
10910001 1.96676
10920001 1.96666
10930001 1.96635
10940001 1.96643
10950001 1.96611
10960001 1.96601
10970001 1.96569
10980001 1.96554
10990001 1.96559
11000001 1.96542
11010001 1.9651
11020001 1.96508
11030001 1.96496
11040001 1.96485
11050001 1.96473
11060001 1.96447
11070001 1.96441
11080001 1.96404
11090001 1.96368
11100001 1.96372
11110001 1.96373
11120001 1.96339
11130001 1.96317
11140001 1.96337
11150001 1.96324
11160001 1.96279
11170001 1.96248
11180001 1.96263
11190001 1.96257
11200001 1.96227
11210001 1.96225
11220001 1.9619
11230001 1.96179
11240001 1.96153
11250001 1.96146
11260001 1.96118
11270001 1.96125
11280001 1.96099
11290001 1.96089
11300001 1.96066
11310001 1.96041
11320001 1.96021
11330001 1.96022
11340001 1.96024
11350001 1.96001
11360001 1.95982
11370001 1.95985
11380001 1.95942
11390001 1.95946
11400001 1.95906
11410001 1.95914
11420001 1.95923
11430001 1.95886
11440001 1.9588
11450001 1.95853
11460001 1.95818
11470001 1.95818
11480001 1.95799
11490001 1.95796
11500001 1.95768
11510001 1.95771
11520001 1.95743
11530001 1.9574
11540001 1.95713
11550001 1.957
11560001 1.95703
11570001 1.95675
11580001 1.95667
11590001 1.95663
11600001 1.95665
11610001 1.95607
11620001 1.95617
11630001 1.95607
11640001 1.95573
11650001 1.95581
11660001 1.95548
11670001 1.95543
11680001 1.95511
11690001 1.95516
11700001 1.95482
11710001 1.95491
11720001 1.95474
11730001 1.95478
11740001 1.95433
11750001 1.95432
11760001 1.95409
11770001 1.95394
11780001 1.95383
11790001 1.95386
11800001 1.95394
11810001 1.95345
11820001 1.9534
11830001 1.95331
11840001 1.95299
11850001 1.95289
11860001 1.95272
11870001 1.95247
11880001 1.95224
11890001 1.95226
11900001 1.95217
11910001 1.95216
11920001 1.95261
11930001 1.95195
11940001 1.95154
11950001 1.95154
11960001 1.9515
11970001 1.95126
11980001 1.95115
11990001 1.95102
12000001 1.95083
12010001 1.9509
12020001 1.95085
12030001 1.9505
12040001 1.95027
12050001 1.9503
12060001 1.9499
12070001 1.9498
12080001 1.94964
12090001 1.9498
12100001 1.94943
12110001 1.94919
12120001 1.94914
12130001 1.94918
12140001 1.94915
12150001 1.94908
12160001 1.94854
12170001 1.9485
12180001 1.94865
12190001 1.94827
12200001 1.94792
12210001 1.94797
12220001 1.94774
12230001 1.94795
12240001 1.94768
12250001 1.94736
12260001 1.94732
12270001 1.9472
12280001 1.94687
12290001 1.94705
12300001 1.94658
12310001 1.9466
12320001 1.94673
12330001 1.94671
12340001 1.94628
12350001 1.94623
12360001 1.94608
12370001 1.94594
12380001 1.94603
12390001 1.94555
12400001 1.94576
12410001 1.94541
12420001 1.9454
12430001 1.94531
12440001 1.94521
12450001 1.9447
12460001 1.94501
12470001 1.94487
12480001 1.94477
12490001 1.94533
12500001 1.94443
12510001 1.94401
12520001 1.944
12530001 1.94401
12540001 1.9437
12550001 1.94358
12560001 1.94339
12570001 1.94321
12580001 1.94314
12590001 1.94313
12600001 1.94311
12610001 1.94296
12620001 1.94264
12630001 1.94254
12640001 1.94228
12650001 1.94224
12660001 1.94228
12670001 1.94206
12680001 1.94189
12690001 1.94192
12700001 1.94158
12710001 1.9414
12720001 1.9417
12730001 1.94147
12740001 1.94149
12750001 1.94124
12760001 1.94093
12770001 1.94075
12780001 1.94095
12790001 1.94064
12800001 1.94056
12810001 1.94048
12820001 1.94003
12830001 1.94017
12840001 1.93998
12850001 1.94013
12860001 1.93981
12870001 1.93988
12880001 1.9395
12890001 1.93953
12900001 1.93951
12910001 1.93922
12920001 1.93916
12930001 1.93911
12940001 1.93885
12950001 1.9386
12960001 1.93856
12970001 1.93855
12980001 1.93835
12990001 1.9381
13000001 1.93808
13010001 1.93807
13020001 1.93788
13030001 1.93769
13040001 1.93778
13050001 1.93743
13060001 1.93743
13070001 1.93717
13080001 1.93716
13090001 1.93715
13100001 1.93682
13110001 1.93682
13120001 1.93683
13130001 1.93652
13140001 1.93648
13150001 1.93657
13160001 1.93644
13170001 1.93628
13180001 1.93588
13190001 1.93584
13200001 1.93573
13210001 1.93551
13220001 1.93544
13230001 1.93534
13240001 1.93553
13250001 1.93519
13260001 1.93525
13270001 1.93493
13280001 1.93469
13290001 1.93481
13300001 1.9347
13310001 1.93459
13320001 1.93449
13330001 1.9342
13340001 1.93429
13350001 1.93405
13360001 1.93392
13370001 1.93384
13380001 1.9335
13390001 1.93351
13400001 1.93335
13410001 1.93333
13420001 1.93338
13430001 1.93339
13440001 1.9331
13450001 1.93297
13460001 1.93282
13470001 1.93264
13480001 1.9328
13490001 1.93269
13500001 1.93261
13510001 1.93221
13520001 1.93181
13530001 1.93183
13540001 1.93189
13550001 1.93156
13560001 1.93179
13570001 1.93134
13580001 1.93134
13590001 1.93145
13600001 1.93141
13610001 1.93136
13620001 1.93106
13630001 1.93084
13640001 1.93095
13650001 1.93054
13660001 1.9307
13670001 1.93059
13680001 1.9305
13690001 1.9304
13700001 1.93017
13710001 1.93029
13720001 1.93014
13730001 1.92976
13740001 1.92977
13750001 1.92963
13760001 1.92951
13770001 1.92936
13780001 1.92936
13790001 1.92918
13800001 1.92888
13810001 1.92899
13820001 1.92898
13830001 1.92856
13840001 1.9287
13850001 1.92852
13860001 1.92849
13870001 1.92846
13880001 1.92821
13890001 1.92801
13900001 1.92812
13910001 1.92804
13920001 1.92783
13930001 1.92758
13940001 1.92747
13950001 1.92762
13960001 1.92772
13970001 1.92723
13980001 1.92712
13990001 1.92703
14000001 1.92706
14010001 1.92709
14020001 1.92681
14030001 1.92648
14040001 1.92693
14050001 1.92655
14060001 1.92622
14070001 1.9264
14080001 1.92623
14090001 1.92619
14100001 1.92586
14110001 1.92575
14120001 1.92568
14130001 1.92581
14140001 1.92575
14150001 1.92534
14160001 1.92524
14170001 1.92529
14180001 1.92519
14190001 1.92495
14200001 1.92478
14210001 1.92531
14220001 1.925
14230001 1.9247
14240001 1.92463
14250001 1.92429
14260001 1.92438
14270001 1.92414
14280001 1.92411
14290001 1.92395
14300001 1.92385
14310001 1.92378
14320001 1.92358
14330001 1.92373
14340001 1.92323
14350001 1.92331
14360001 1.92308
14370001 1.92332
14380001 1.92304
14390001 1.92311
14400001 1.92292
14410001 1.92274
14420001 1.92259
14430001 1.92253
14440001 1.92235
14450001 1.92243
14460001 1.92222
14470001 1.92227
14480001 1.92212
14490001 1.9218
14500001 1.92179
14510001 1.92182
14520001 1.92169
14530001 1.9216
14540001 1.92134
14550001 1.92125
14560001 1.92117
14570001 1.9211
14580001 1.92124
14590001 1.921
14600001 1.92099
14610001 1.92075
14620001 1.92068
14630001 1.9204
14640001 1.92058
14650001 1.92061
14660001 1.92011
14670001 1.92024
14680001 1.92013
14690001 1.9202
14700001 1.91998
14710001 1.91997
14720001 1.92009
14730001 1.91969
14740001 1.91964
14750001 1.91953
14760001 1.91972
14770001 1.91949
14780001 1.91927
14790001 1.91902
14800001 1.91892
14810001 1.91898
14820001 1.91896
14830001 1.91856
14840001 1.91859
14850001 1.91825
14860001 1.9181
14870001 1.91815
14880001 1.91805
14890001 1.91804
14900001 1.91795
14910001 1.91783
14920001 1.91764
14930001 1.9176
14940001 1.91762
14950001 1.91748
14960001 1.91777
14970001 1.91754
14980001 1.91725
14990001 1.91696
15000001 1.91708
15010001 1.91672
15020001 1.9169
15030001 1.91682
15040001 1.91672
15050001 1.91672
15060001 1.91639
15070001 1.91647
15080001 1.91635
15090001 1.91613
15100001 1.91617
15110001 1.91635
15120001 1.91572
15130001 1.91566
15140001 1.91583
15150001 1.91556
15160001 1.91542
15170001 1.9153
15180001 1.91529
15190001 1.91551
15200001 1.91522
15210001 1.91519
15220001 1.91497
15230001 1.91483
15240001 1.91477
15250001 1.91437
15260001 1.91437
15270001 1.9146
15280001 1.91466
15290001 1.9143
15300001 1.91444
15310001 1.91406
15320001 1.91401
15330001 1.91402
15340001 1.91388
15350001 1.9136
15360001 1.91367
15370001 1.91367
15380001 1.9135
15390001 1.91346
15400001 1.9136
15410001 1.91319
15420001 1.91311
15430001 1.91294
15440001 1.91278
15450001 1.91304
15460001 1.91295
15470001 1.91284
15480001 1.91258
15490001 1.91255
15500001 1.91244
15510001 1.91243
15520001 1.91244
15530001 1.91237
15540001 1.91226
15550001 1.91202
15560001 1.91197
15570001 1.91189
15580001 1.9118
15590001 1.91161
15600001 1.91151
15610001 1.91145
15620001 1.91158
15630001 1.91131
15640001 1.91114
15650001 1.91092
15660001 1.91112
15670001 1.9109
15680001 1.91085
15690001 1.91082
15700001 1.91051
15710001 1.91075
15720001 1.91058
15730001 1.9104
15740001 1.9102
15750001 1.91028
15760001 1.91012
15770001 1.91002
15780001 1.90978
15790001 1.90996
15800001 1.90955
15810001 1.9098
15820001 1.90966
15830001 1.90962
15840001 1.90922
15850001 1.90908
15860001 1.9092
15870001 1.90921
15880001 1.90918
15890001 1.90904
15900001 1.90883
15910001 1.90853
15920001 1.90859
15930001 1.90866
15940001 1.90867
15950001 1.90833
15960001 1.90837
15970001 1.90824
15980001 1.90842
15990001 1.90801
16000001 1.90799
16010001 1.90789
16020001 1.90776
16030001 1.90773
16040001 1.90794
16050001 1.90766
16060001 1.90757
16070001 1.90727
16080001 1.90762
16090001 1.90741
16100001 1.90724
16110001 1.90722
16120001 1.907
16130001 1.90724
16140001 1.90709
16150001 1.90679
16160001 1.90664
16170001 1.90659
16180001 1.90676
16190001 1.90697
16200001 1.90645
16210001 1.90641
16220001 1.90642
16230001 1.90637
16240001 1.90612
16250001 1.90593
16260001 1.90586
16270001 1.90583
16280001 1.90575
16290001 1.90582
16300001 1.90566
16310001 1.90533
16320001 1.90521
16330001 1.90521
16340001 1.90517
16350001 1.90526
16360001 1.90493
16370001 1.90482
16380001 1.90469
16390001 1.90452
16400001 1.90458
16410001 1.90444
16420001 1.90473
16430001 1.90478
16440001 1.90461
16450001 1.90408
16460001 1.90408
16470001 1.90407
16480001 1.904
16490001 1.90413
16500001 1.90409
16510001 1.90387
16520001 1.90369
16530001 1.90361
16540001 1.90362
16550001 1.9035
16560001 1.90328
16570001 1.90327
16580001 1.90317
16590001 1.90301
16600001 1.90298
16610001 1.90291
16620001 1.90288
16630001 1.90277
16640001 1.90257
16650001 1.90273
16660001 1.90255
16670001 1.90261
16680001 1.90218
16690001 1.90217
16700001 1.9027
16710001 1.90224
16720001 1.90232
16730001 1.90213
16740001 1.90187
16750001 1.90185
16760001 1.90162
16770001 1.90175
16780001 1.90183
16790001 1.90164
16800001 1.90146
16810001 1.90139
16820001 1.90129
16830001 1.90153
16840001 1.9012
16850001 1.90092
16860001 1.90088
16870001 1.90112
16880001 1.9006
16890001 1.90095
16900001 1.90057
16910001 1.90064
16920001 1.90056
16930001 1.90052
16940001 1.90038
16950001 1.90028
16960001 1.90039
16970001 1.90019
16980001 1.90019
16990001 1.8999
17000001 1.89985
17010001 1.89986
17020001 1.89979
17030001 1.89959
17040001 1.89976
17050001 1.89974
17060001 1.89937
17070001 1.89925
17080001 1.89955
17090001 1.8992
17100001 1.89907
17110001 1.89901
17120001 1.8991
17130001 1.89902
17140001 1.8988
17150001 1.8988
17160001 1.89883
17170001 1.89874
17180001 1.89879
17190001 1.89853
17200001 1.89849
17210001 1.89828
17220001 1.8982
17230001 1.89811
17240001 1.89825
17250001 1.89797
17260001 1.898
17270001 1.89798
17280001 1.89793
17290001 1.89773
17300001 1.89767
17310001 1.89739
17320001 1.8976
17330001 1.89757
17340001 1.89727
17350001 1.89741
17360001 1.89737
17370001 1.89706
17380001 1.897
17390001 1.89706
17400001 1.89681
17410001 1.89676
17420001 1.89672
17430001 1.89672
17440001 1.89658
17450001 1.89651
17460001 1.89673
17470001 1.89674
17480001 1.89638
17490001 1.89626
17500001 1.89612
17510001 1.89612
17520001 1.89601
17530001 1.89587
17540001 1.89602
17550001 1.896
17560001 1.89571
17570001 1.89572
17580001 1.89539
17590001 1.89573
17600001 1.89543
17610001 1.8954
17620001 1.89516
17630001 1.89536
17640001 1.89543
17650001 1.89513
17660001 1.89493
17670001 1.89501
17680001 1.89512
17690001 1.89494
17700001 1.89494
17710001 1.89483
17720001 1.89469
17730001 1.89461
17740001 1.89467
17750001 1.89434
17760001 1.89437
17770001 1.89426
17780001 1.89417
17790001 1.89417
17800001 1.89403
17810001 1.89388
17820001 1.89384
17830001 1.8939
17840001 1.89394
17850001 1.89372
17860001 1.89359
17870001 1.89352
17880001 1.89319
17890001 1.89335
17900001 1.89354
17910001 1.89352
17920001 1.89314
17930001 1.89267
17940001 1.89299
17950001 1.893
17960001 1.89303
17970001 1.89277
17980001 1.89273
17990001 1.89261
18000001 1.89286
18010001 1.89252
18020001 1.89236
18030001 1.89231
18040001 1.89223
18050001 1.89243
18060001 1.89217
18070001 1.89211
18080001 1.89201
18090001 1.89348
18100001 1.89227
18110001 1.89192
18120001 1.89172
18130001 1.89225
18140001 1.89186
18150001 1.89165
18160001 1.89142
18170001 1.89151
18180001 1.89131
18190001 1.8913
18200001 1.89127
18210001 1.89107
18220001 1.89109
18230001 1.89078
18240001 1.89082
18250001 1.8909
18260001 1.89066
18270001 1.89082
18280001 1.89088
18290001 1.89068
18300001 1.89059
18310001 1.89032
18320001 1.89054
18330001 1.89031
18340001 1.89013
18350001 1.88992
18360001 1.89008
18370001 1.89007
18380001 1.88997
18390001 1.89014
18400001 1.89002
18410001 1.88981
18420001 1.88962
18430001 1.88954
18440001 1.88967
18450001 1.88971
18460001 1.88925
18470001 1.88927
18480001 1.88907
18490001 1.88918
18500001 1.88911
18510001 1.88895
18520001 1.88884
18530001 1.88879
18540001 1.88908
18550001 1.88881
18560001 1.88892
18570001 1.88864
18580001 1.88856
18590001 1.88864
18600001 1.88864
18610001 1.88825
18620001 1.88843
18630001 1.88826
18640001 1.88835
18650001 1.88809
18660001 1.88801
18670001 1.88789
18680001 1.88812
18690001 1.88782
18700001 1.88775
18710001 1.88768
18720001 1.88773
18730001 1.88766
18740001 1.88743
18750001 1.88745
18760001 1.88731
18770001 1.88746
18780001 1.88718
18790001 1.88713
18800001 1.88723
18810001 1.8872
18820001 1.88712
18830001 1.88692
18840001 1.88708
18850001 1.88689
18860001 1.88678
18870001 1.88648
18880001 1.88683
18890001 1.88655
18900001 1.88633
18910001 1.88633
18920001 1.88638
18930001 1.88645
18940001 1.88638
18950001 1.88609
18960001 1.886
18970001 1.886
18980001 1.88586
18990001 1.88618
19000001 1.88557
19010001 1.88583
19020001 1.8858
19030001 1.88544
19040001 1.88694
19050001 1.88589
19060001 1.88576
19070001 1.88548
19080001 1.8853
19090001 1.88522
19100001 1.88532
19110001 1.88515
19120001 1.88506
19130001 1.88491
19140001 1.88503
19150001 1.88467
19160001 1.88479
19170001 1.88475
19180001 1.88495
19190001 1.8847
19200001 1.88448
19210001 1.88452
19220001 1.88449
19230001 1.88428
19240001 1.88442
19250001 1.88434
19260001 1.88427
19270001 1.88385
19280001 1.8841
19290001 1.88391
19300001 1.88417
19310001 1.88414
19320001 1.88401
19330001 1.88364
19340001 1.88357
19350001 1.88353
19360001 1.8833
19370001 1.88336
19380001 1.88348
19390001 1.88338
19400001 1.88327
19410001 1.88353
19420001 1.88336
19430001 1.88289
19440001 1.8831
19450001 1.8832
19460001 1.88299
19470001 1.88296
19480001 1.88293
19490001 1.88273
19500001 1.88269
19510001 1.88245
19520001 1.88262
19530001 1.88249
19540001 1.88235
19550001 1.88231
19560001 1.88229
19570001 1.88223
19580001 1.88202
19590001 1.88184
19600001 1.88186
19610001 1.88185
19620001 1.88183
19630001 1.88184
19640001 1.88198
19650001 1.8818
19660001 1.88148
19670001 1.88161
19680001 1.88132
19690001 1.88134
19700001 1.88127
19710001 1.88143
19720001 1.88117
19730001 1.88121
19740001 1.88095
19750001 1.88114
19760001 1.881
19770001 1.88119
19780001 1.88083
19790001 1.88103
19800001 1.88093
19810001 1.88063
19820001 1.88068
19830001 1.88055
19840001 1.88085
19850001 1.88047
19860001 1.88049
19870001 1.88049
19880001 1.88039
19890001 1.88004
19900001 1.88044
19910001 1.88025
19920001 1.88008
19930001 1.88015
19940001 1.88002
19950001 1.88016
19960001 1.88006
19970001 1.87981
19980001 1.87993
19990001 1.88023
20000001 1.88002
20010001 1.87964
20020001 1.87931
20030001 1.87954
20040001 1.87931
20050001 1.87938
20060001 1.87929
20070001 1.87936
20080001 1.87934
20090001 1.87912
20100001 1.87912
20110001 1.87903
20120001 1.87902
20130001 1.87867
20140001 1.87885
20150001 1.87954
20160001 1.87891
20170001 1.87899
20180001 1.87859
20190001 1.87857
20200001 1.87834
20210001 1.87836
20220001 1.87822
20230001 1.87808
20240001 1.87826
20250001 1.87805
20260001 1.87796
20270001 1.878
20280001 1.8778
20290001 1.87812
20300001 1.87791
20310001 1.87763
20320001 1.87766
20330001 1.87736
20340001 1.87766
20350001 1.87799
20360001 1.87773
20370001 1.87759
20380001 1.87757
20390001 1.87706
20400001 1.87717
20410001 1.87689
20420001 1.87707
20430001 1.87722
20440001 1.87684
20450001 1.87706
20460001 1.8771
20470001 1.8768
20480001 1.87675
20490001 1.87652
20500001 1.87649
20510001 1.87673
20520001 1.87664
20530001 1.87661
20540001 1.87645
20550001 1.87641
20560001 1.8761
20570001 1.87651
20580001 1.87618
20590001 1.87603
20600001 1.87593
20610001 1.87607
20620001 1.87585
20630001 1.87564
20640001 1.87607
20650001 1.87637
20660001 1.87559
20670001 1.87533
20680001 1.87559
20690001 1.87527
20700001 1.87556
20710001 1.87546
20720001 1.87539
20730001 1.87541
20740001 1.87517
20750001 1.87506
20760001 1.8753
20770001 1.87509
20780001 1.87511
20790001 1.87499
20800001 1.87508
20810001 1.87494
20820001 1.87506
20830001 1.87494
20840001 1.87478
20850001 1.87471
20860001 1.87463
20870001 1.87467
20880001 1.87445
20890001 1.87457
20900001 1.87441
20910001 1.87441
20920001 1.87466
20930001 1.87448
20940001 1.87432
20950001 1.87396
20960001 1.87404
20970001 1.87375
20980001 1.87386
20990001 1.8738
21000001 1.87375
21010001 1.87363
21020001 1.87377
21030001 1.87347
21040001 1.87352
21050001 1.87382
21060001 1.87352
21070001 1.87348
21080001 1.87341
21090001 1.87311
21100001 1.87306
21110001 1.87321
21120001 1.87329
21130001 1.87306
21140001 1.87328
21150001 1.87601
21160001 1.8739
21170001 1.87343
21180001 1.87319
21190001 1.8728
21200001 1.87301
21210001 1.87261
21220001 1.8725
21230001 1.87258
21240001 1.87234
21250001 1.87235
21260001 1.87237
21270001 1.87226
21280001 1.87205
21290001 1.8723
21300001 1.87219
21310001 1.87201
21320001 1.87202
21330001 1.87191
21340001 1.87203
21350001 1.872
21360001 1.87184
21370001 1.87195
21380001 1.87211
21390001 1.872
21400001 1.87171
21410001 1.87163
21420001 1.87158
21430001 1.87141
21440001 1.87146
21450001 1.8715
21460001 1.87118
21470001 1.87121
21480001 1.87127
21490001 1.87132
21500001 1.87099
21510001 1.87115
21520001 1.87097
21530001 1.87097
21540001 1.87091
21550001 1.87107
21560001 1.87082
21570001 1.87075
21580001 1.87105
21590001 1.87075
21600001 1.87053
21610001 1.87053
21620001 1.87062
21630001 1.87065
21640001 1.87025
21650001 1.87036
21660001 1.87023
21670001 1.87034
21680001 1.87012
21690001 1.87021
21700001 1.87017
21710001 1.87005
21720001 1.87006
21730001 1.87
21740001 1.86999
21750001 1.8697
21760001 1.86992
21770001 1.86969
21780001 1.86965
21790001 1.8698
21800001 1.86937
21810001 1.86946
21820001 1.86973
21830001 1.86933
21840001 1.869
21850001 1.86938
21860001 1.86927
21870001 1.86934
21880001 1.86918
21890001 1.86919
21900001 1.86925
21910001 1.86914
21920001 1.86917
21930001 1.86903
21940001 1.86894
21950001 1.86886
21960001 1.86895
21970001 1.86872
21980001 1.86879
21990001 1.86854
22000001 1.86847
22010001 1.86829
22020001 1.86834
22030001 1.868
22040001 1.86814
22050001 1.86815
22060001 1.86814
22070001 1.86797
22080001 1.86805
22090001 1.86813
22100001 1.86815
22110001 1.86808
22120001 1.86811
22130001 1.86794
22140001 1.86807
22150001 1.86767
22160001 1.86772
22170001 1.86744
22180001 1.86754
22190001 1.86743
22200001 1.86859
22210001 1.86771
22220001 1.86774
22230001 1.86738
22240001 1.86745
22250001 1.86728
22260001 1.8672
22270001 1.86709
22280001 1.86714
22290001 1.86707
22300001 1.86731
22310001 1.86701
22320001 1.86701
22330001 1.86686
22340001 1.86699
22350001 1.86691
22360001 1.8668
22370001 1.86635
22380001 1.86645
22390001 1.86661
22400001 1.86663
22410001 1.86644
22420001 1.86622
22430001 1.86643
22440001 1.86651
22450001 1.86633
22460001 1.86616
22470001 1.86627
22480001 1.86595
22490001 1.8662
22500001 1.86632
22510001 1.86613
22520001 1.86606
22530001 1.86581
22540001 1.86574
22550001 1.86587
22560001 1.86569
22570001 1.86558
22580001 1.86556
22590001 1.86599
22600001 1.86567
22610001 1.86518
22620001 1.86528
22630001 1.86512
22640001 1.8652
22650001 1.86527
22660001 1.8652
22670001 1.86511
22680001 1.86513
22690001 1.86506
22700001 1.86525
22710001 1.86506
22720001 1.86495
22730001 1.86487
22740001 1.86507
22750001 1.86497
22760001 1.86513
22770001 1.86488
22780001 1.8645
22790001 1.86449
22800001 1.86464
22810001 1.86486
22820001 1.86446
22830001 1.86479
22840001 1.86434
22850001 1.86427
22860001 1.86423
22870001 1.86419
22880001 1.86394
22890001 1.864
22900001 1.8643
22910001 1.86387
22920001 1.86402
22930001 1.86376
22940001 1.86389
22950001 1.86379
22960001 1.86369
22970001 1.86373
22980001 1.8641
22990001 1.86377
23000001 1.86371
23010001 1.86378
23020001 1.8636
23030001 1.86347
23040001 1.86331
23050001 1.86355
23060001 1.86345
23070001 1.86331
23080001 1.86344
23090001 1.8631
23100001 1.86331
23110001 1.86336
23120001 1.86283
23130001 1.86298
23140001 1.86308
23150001 1.86307
23160001 1.86282
23170001 1.86263
23180001 1.86286
23190001 1.86265
23200001 1.86262
23210001 1.86259
23220001 1.86241
23230001 1.86239
23240001 1.86236
23250001 1.86242
23260001 1.86216
23270001 1.86248
23280001 1.86247
23290001 1.86233
23300001 1.86199
23310001 1.86207
23320001 1.86217
23330001 1.86211
23340001 1.86174
23350001 1.86191
23360001 1.86187
23370001 1.86178
23380001 1.86271
23390001 1.86203
23400001 1.86149
23410001 1.86176
23420001 1.86159
23430001 1.8615
23440001 1.86159
23450001 1.8616
23460001 1.86152
23470001 1.86294
23480001 1.8618
23490001 1.86115
23500001 1.86131
23510001 1.86109
23520001 1.8613
23530001 1.86136
23540001 1.86125
23550001 1.8609
23560001 1.86091
23570001 1.86122
23580001 1.86087
23590001 1.86094
23600001 1.86094
23610001 1.86065
23620001 1.86057
23630001 1.86043
23640001 1.86061
23650001 1.86059
23660001 1.86051
23670001 1.86052
23680001 1.86051
23690001 1.86011
23700001 1.86042
23710001 1.86031
23720001 1.86038
23730001 1.86023
23740001 1.86007
23750001 1.85996
23760001 1.86007
23770001 1.85992
23780001 1.86
23790001 1.85973
23800001 1.85988
23810001 1.85969
23820001 1.85972
23830001 1.8598
23840001 1.85971
23850001 1.85946
23860001 1.85942
23870001 1.85938
23880001 1.85952
23890001 1.85936
23900001 1.85931
23910001 1.85918
23920001 1.85917
23930001 1.85914
23940001 1.85901
23950001 1.8589
23960001 1.85922
23970001 1.8592
23980001 1.85909
23990001 1.85882
24000001 1.85881
24010001 1.85871
24020001 1.85889
24030001 1.85907
24040001 1.85899
24050001 1.85871
24060001 1.85856
24070001 1.85858
24080001 1.85854
24090001 1.85854
24100001 1.85855
24110001 1.85847
24120001 1.85862
24130001 1.85844
24140001 1.85823
24150001 1.85844
24160001 1.85813
24170001 1.85818
24180001 1.85815
24190001 1.85808
24200001 1.85815
24210001 1.85828
24220001 1.85812
24230001 1.85798
24240001 1.85805
24250001 1.85763
24260001 1.85783
24270001 1.85784
24280001 1.8577
24290001 1.85774
24300001 1.85755
24310001 1.85764
24320001 1.85751
24330001 1.85729
24340001 1.85743
24350001 1.85738
24360001 1.85713
24370001 1.85723
24380001 1.8571
24390001 1.85715
24400001 1.85702
24410001 1.85687
24420001 1.85689
24430001 1.85711
24440001 1.85702
24450001 1.85688
24460001 1.85702
24470001 1.85692
24480001 1.85696
24490001 1.85681
24500001 1.85674
24510001 1.85692
24520001 1.85689
24530001 1.85657
24540001 1.85655
24550001 1.85679
24560001 1.85661
24570001 1.85661
24580001 1.85635
24590001 1.85628
24600001 1.85608
24610001 1.85615
24620001 1.85645
24630001 1.85616
24640001 1.85603
24650001 1.85614
24660001 1.85614
24670001 1.85603
24680001 1.85577
24690001 1.85576
24700001 1.85582
24710001 1.85555
24720001 1.85587
24730001 1.85568
24740001 1.85548
24750001 1.8558
24760001 1.8557
24770001 1.85558
24780001 1.85557
24790001 1.85658
24800001 1.85586
24810001 1.85535
24820001 1.85554
24830001 1.85542
24840001 1.85542
24850001 1.85516
24860001 1.85505
24870001 1.85508
24880001 1.85498
24890001 1.85518
24900001 1.85464
24910001 1.85484
24920001 1.85517
24930001 1.85499
24940001 1.85473
24950001 1.85476
24960001 1.85485
24970001 1.85479
24980001 1.8547
24990001 1.8546
25000001 1.85483
25010001 1.85432
25020001 1.85494
25030001 1.85463
25040001 1.85441
25050001 1.85449
25060001 1.85465
25070001 1.85434
25080001 1.85414
25090001 1.85414
25100001 1.85393
25110001 1.85424
25120001 1.85412
25130001 1.85369
25140001 1.85415
25150001 1.85384
25160001 1.85394
25170001 1.85371
25180001 1.85385
25190001 1.85387
25200001 1.85366
25210001 1.8536
25220001 1.85366
25230001 1.85371
25240001 1.85378
25250001 1.85381
25260001 1.85355
25270001 1.8536
25280001 1.85349
25290001 1.8533
25300001 1.8535
25310001 1.8533
25320001 1.8536
25330001 1.85341
25340001 1.85311
25350001 1.85305
25360001 1.85327
25370001 1.85353
25380001 1.8532
25390001 1.85309
25400001 1.853
25410001 1.85278
25420001 1.8529
25430001 1.85286
25440001 1.85279
25450001 1.85275
25460001 1.85267
25470001 1.85273
25480001 1.85253
25490001 1.85251
25500001 1.85254
25510001 1.85246
25520001 1.8525
25530001 1.8524
25540001 1.8524
25550001 1.85236
25560001 1.85237
25570001 1.85213
25580001 1.85192
25590001 1.85229
25600001 1.85207
25610001 1.85228
25620001 1.85203
25630001 1.85211
25640001 1.85227
25650001 1.85188
25660001 1.85166
25670001 1.85173
25680001 1.85194
25690001 1.85182
25700001 1.85188
25710001 1.85177
25720001 1.85152
25730001 1.85148
25740001 1.85148
25750001 1.85167
25760001 1.85153
25770001 1.8514
25780001 1.85129
25790001 1.85119
25800001 1.85153
25810001 1.85155
25820001 1.8512
25830001 1.85098
25840001 1.85107
25850001 1.85111
25860001 1.85112
25870001 1.85123
25880001 1.85106
25890001 1.85116
25900001 1.8511
25910001 1.85103
25920001 1.85071
25930001 1.85083
25940001 1.85096
25950001 1.85078
25960001 1.85071
25970001 1.85053
25980001 1.85068
25990001 1.85091
26000001 1.85075
26010001 1.85044
26020001 1.8505
26030001 1.85047
26040001 1.85033
26050001 1.85034
26060001 1.85039
26070001 1.85055
26080001 1.85049
26090001 1.84981
26100001 1.85004
26110001 1.85004
26120001 1.85019
26130001 1.85
26140001 1.84984
26150001 1.85
26160001 1.84968
26170001 1.84973
26180001 1.84995
26190001 1.84952
26200001 1.84987
26210001 1.84928
26220001 1.84945
26230001 1.84976
26240001 1.8493
26250001 1.84939
26260001 1.84954
26270001 1.84941
26280001 1.84927
26290001 1.84953
26300001 1.84945
26310001 1.84921
26320001 1.84927
26330001 1.84914
26340001 1.84911
26350001 1.84954
26360001 1.84904
26370001 1.84911
26380001 1.84901
26390001 1.84885
26400001 1.85166
26410001 1.84954
26420001 1.84922
26430001 1.84946
26440001 1.84931
26450001 1.849
26460001 1.84883
26470001 1.84874
26480001 1.84865
26490001 1.84885
26500001 1.84856
26510001 1.84866
26520001 1.84855
26530001 1.84849
26540001 1.84863
26550001 1.8483
26560001 1.84816
26570001 1.84809
26580001 1.84848
26590001 1.84805
26600001 1.84829
26610001 1.84832
26620001 1.84775
26630001 1.84798
26640001 1.84795
26650001 1.84801
26660001 1.84789
26670001 1.84765
26680001 1.84782
26690001 1.84777
26700001 1.84791
26710001 1.84797
26720001 1.84764
26730001 1.84748
26740001 1.84788
26750001 1.84763
26760001 1.84749
26770001 1.84776
26780001 1.84764
26790001 1.84743
26800001 1.84728
26810001 1.84732
26820001 1.84711
26830001 1.84739
26840001 1.84754
26850001 1.84742
26860001 1.84726
26870001 1.84735
26880001 1.84737
26890001 1.84725
26900001 1.84715
26910001 1.84688
26920001 1.84701
26930001 1.8469
26940001 1.84707
26950001 1.84963
26960001 1.84747
26970001 1.84726
26980001 1.84686
26990001 1.84686
27000001 1.84656
27010001 1.84681
27020001 1.84658
27030001 1.84659
27040001 1.84647
27050001 1.84638
27060001 1.8465
27070001 1.84638
27080001 1.84632
27090001 1.84647
27100001 1.84622
27110001 1.84633
27120001 1.84615
27130001 1.84605
27140001 1.8462
27150001 1.84605
27160001 1.84604
27170001 1.84594
27180001 1.84605
27190001 1.84565
27200001 1.84601
27210001 1.84559
27220001 1.84576
27230001 1.84558
27240001 1.84577
27250001 1.8456
27260001 1.84561
27270001 1.84544
27280001 1.84568
27290001 1.84546
27300001 1.84543
27310001 1.84541
27320001 1.8452
27330001 1.84524
27340001 1.84539
27350001 1.84524
27360001 1.84546
27370001 1.84506
27380001 1.84531
27390001 1.84507
27400001 1.84532
27410001 1.84516
27420001 1.84512
27430001 1.84534
27440001 1.84532
27450001 1.84538
27460001 1.84517
27470001 1.84491
27480001 1.84486
27490001 1.84502
27500001 1.8446
27510001 1.84456
27520001 1.8447
27530001 1.84455
27540001 1.84477
27550001 1.84475
27560001 1.84464
27570001 1.84425
27580001 1.84423
27590001 1.8445
27600001 1.8444
27610001 1.84429
27620001 1.84422
27630001 1.8441
27640001 1.84428
27650001 1.84435
27660001 1.8444
27670001 1.84436
27680001 1.84434
27690001 1.84412
27700001 1.8441
27710001 1.84411
27720001 1.84416
27730001 1.8441
27740001 1.84405
27750001 1.84389
27760001 1.84383
27770001 1.84377
27780001 1.84376
27790001 1.84374
27800001 1.84428
27810001 1.84393
27820001 1.84393
27830001 1.84375
27840001 1.8437
27850001 1.84354
27860001 1.84348
27870001 1.84339
27880001 1.84361
27890001 1.84364
27900001 1.84329
27910001 1.84343
27920001 1.84341
27930001 1.84342
27940001 1.84362
27950001 1.84326
27960001 1.84302
27970001 1.84333
27980001 1.84318
27990001 1.84322
28000001 1.84294
28010001 1.84265
28020001 1.84293
28030001 1.84299
28040001 1.84287
28050001 1.84298
28060001 1.84276
28070001 1.84249
28080001 1.84267
28090001 1.84278
28100001 1.84246
28110001 1.84265
28120001 1.84244
28130001 1.8426
28140001 1.8426
28150001 1.84257
28160001 1.84225
28170001 1.84246
28180001 1.84226
28190001 1.8423
28200001 1.84219
28210001 1.84216
28220001 1.84234
28230001 1.84245
28240001 1.84244
28250001 1.84201
28260001 1.84221
28270001 1.84205
28280001 1.84215
28290001 1.84212
28300001 1.84189
28310001 1.84212
28320001 1.84187
28330001 1.84205
28340001 1.84168
28350001 1.84169
28360001 1.84153
28370001 1.8416
28380001 1.84165
28390001 1.8417
28400001 1.84145
28410001 1.8429
28420001 1.84222
28430001 1.84169
28440001 1.84146
28450001 1.84156
28460001 1.84142
28470001 1.84159
28480001 1.8412
28490001 1.84184
28500001 1.84136
28510001 1.84135
28520001 1.84112
28530001 1.84114
28540001 1.84135
28550001 1.84117
28560001 1.84146
28570001 1.84126
28580001 1.84111
28590001 1.84101
28600001 1.84131
28610001 1.84091
28620001 1.84055
28630001 1.84083
28640001 1.84087
28650001 1.84079
28660001 1.84084
28670001 1.84092
28680001 1.84067
28690001 1.84082
28700001 1.84067
28710001 1.84069
28720001 1.84079
28730001 1.84057
28740001 1.84035
28750001 1.84029
28760001 1.84055
28770001 1.84039
28780001 1.84019
28790001 1.84254
28800001 1.84075
28810001 1.84071
28820001 1.84042
28830001 1.84051
28840001 1.84008
28850001 1.84041
28860001 1.8402
28870001 1.84012
28880001 1.83996
28890001 1.83983
28900001 1.83974
28910001 1.83995
28920001 1.83984
28930001 1.83963
28940001 1.8399
28950001 1.83961
28960001 1.83968
28970001 1.83971
28980001 1.83977
28990001 1.83965
29000001 1.83953
29010001 1.83956
29020001 1.83945
29030001 1.83944
29040001 1.8394
29050001 1.83944
29060001 1.83917
29070001 1.8393
29080001 1.83911
29090001 1.83905
29100001 1.83928
29110001 1.83912
29120001 1.83894
29130001 1.83922
29140001 1.83913
29150001 1.83933
29160001 1.83902
29170001 1.83902
29180001 1.83909
29190001 1.8389
29200001 1.83908
29210001 1.83867
29220001 1.83868
29230001 1.83892
29240001 1.83876
29250001 1.83887
29260001 1.83878
29270001 1.83883
29280001 1.8384
29290001 1.83857
29300001 1.83856
29310001 1.8384
29320001 1.83846
29330001 1.83855
29340001 1.8383
29350001 1.83836
29360001 1.83847
29370001 1.83823
29380001 1.83842
29390001 1.83839
29400001 1.83838
29410001 1.8382
29420001 1.83807
29430001 1.83812
29440001 1.83831
29450001 1.83785
29460001 1.8379
29470001 1.83781
29480001 1.83797
29490001 1.83792
29500001 1.83782
29510001 1.83803
29520001 1.83791
29530001 1.83767
29540001 1.83808
29550001 1.83793
29560001 1.83789
29570001 1.83768
29580001 1.83787
29590001 1.83775
29600001 1.83747
29610001 1.83746
29620001 1.83745
29630001 1.83764
29640001 1.83738
29650001 1.83763
29660001 1.83736
29670001 1.83758
29680001 1.83749
29690001 1.83719
29700001 1.83724
29710001 1.83729
29720001 1.83715
29730001 1.83709
29740001 1.83695
29750001 1.83713
29760001 1.83705
29770001 1.83675
29780001 1.83709
29790001 1.83694
29800001 1.83698
29810001 1.83678
29820001 1.83692
29830001 1.83669
29840001 1.83691
29850001 1.83658
29860001 1.83665
29870001 1.83663
29880001 1.83668
29890001 1.83668
29900001 1.83657
29910001 1.83641
29920001 1.83671
29930001 1.83667
29940001 1.83679
29950001 1.83651
29960001 1.83638
29970001 1.83678
29980001 1.83656
29990001 1.83633
