1 2178.5
10001 118.352
20001 60.572
30001 38.3045
40001 27.1841
50001 20.4225
60001 16.3004
70001 13.5687
80001 11.6067
90001 10.1623
100001 9.10215
110001 8.27143
120001 7.6095
130001 7.09028
140001 6.66697
150001 6.29601
160001 6.00253
170001 5.75246
180001 5.5515
190001 5.35822
200001 5.20653
210001 5.09424
220001 4.96431
230001 4.8393
240001 4.77361
250001 4.68495
260001 4.60315
270001 4.55432
280001 4.47984
290001 4.42255
300001 4.39359
310001 4.33904
320001 4.30973
330001 4.27366
340001 4.24634
350001 4.21136
360001 4.18866
370001 4.16049
380001 4.12607
390001 4.11616
400001 4.08805
410001 4.07144
420001 4.05693
430001 4.03937
440001 4.03613
450001 4.01986
460001 3.99705
470001 3.99169
480001 3.96577
490001 3.96439
500001 3.94663
510001 3.95458
520001 3.93196
530001 3.93357
540001 3.93095
550001 3.90681
560001 3.90301
570001 3.90714
580001 3.91369
590001 3.88429
600001 3.87772
610001 3.86678
620001 3.87129
630001 3.87365
640001 3.86853
650001 3.85803
660001 3.85944
670001 3.85043
680001 3.85855
690001 3.85316
700001 3.84039
710001 3.84473
720001 3.84188
730001 3.81657
740001 3.81684
750001 3.8248
760001 3.82954
770001 3.82652
780001 3.82221
790001 3.81268
800001 3.80885
810001 3.81207
820001 3.80925
830001 3.79509
840001 3.80825
850001 3.81786
860001 3.79856
870001 3.80714
880001 3.80728
890001 3.79724
900001 3.7972
910001 3.80431
920001 3.80063
930001 3.79326
940001 3.78649
950001 3.79726
960001 3.79286
970001 3.78165
980001 3.79065
990001 3.78385
1000001 3.78823
1010001 3.78022
1020001 3.77091
1030001 3.78028
1040001 3.7766
1050001 3.79489
1060001 3.779
1070001 3.79182
1080001 3.78906
1090001 3.7816
1100001 3.77901
1110001 3.78631
1120001 3.76449
1130001 3.78942
1140001 3.76349
1150001 3.77828
1160001 3.7639
1170001 3.78079
1180001 3.77325
1190001 3.78854
1200001 3.77698
1210001 3.77345
1220001 3.78805
1230001 3.76255
1240001 3.7669
1250001 3.7713
1260001 3.77263
1270001 3.77424
1280001 3.76992
1290001 3.76035
1300001 3.76879
1310001 3.77402
1320001 3.76682
1330001 3.75375
1340001 3.76448
1350001 3.76232
1360001 3.76985
1370001 3.77552
1380001 3.76263
1390001 3.76554
1400001 3.7499
1410001 3.76374
1420001 3.75824
1430001 3.76188
1440001 3.75646
1450001 3.78095
1460001 3.76679
1470001 3.76238
1480001 3.75636
1490001 3.75737
1500001 3.77171
1510001 3.75707
1520001 3.76662
1530001 3.74958
1540001 3.74707
1550001 3.77389
1560001 3.76087
1570001 3.7641
1580001 3.7586
1590001 3.74866
1600001 3.76267
1610001 3.75718
1620001 3.73845
1630001 3.74798
1640001 3.76695
1650001 3.75566
1660001 3.75027
1670001 3.75338
1680001 3.75277
1690001 3.76353
1700001 3.76071
1710001 3.76567
1720001 3.76392
1730001 3.75895
1740001 3.75663
1750001 3.74803
1760001 3.7471
1770001 3.75958
1780001 3.74431
1790001 3.7686
1800001 3.74907
1810001 3.75963
1820001 3.74386
1830001 3.749
1840001 3.75422
1850001 3.75491
1860001 3.74109
1870001 3.76582
1880001 3.75834
1890001 3.75249
1900001 3.75788
1910001 3.75037
1920001 3.74896
1930001 3.74145
1940001 3.75612
1950001 3.75158
1960001 3.75687
1970001 3.76062
1980001 3.76146
1990001 3.75984
2000001 3.75575
2010001 3.75782
2020001 3.75937
2030001 3.74444
2040001 3.76241
2050001 3.73612
2060001 3.75504
2070001 3.76185
2080001 3.73531
2090001 3.75518
2100001 3.75866
2110001 3.76388
2120001 3.74652
2130001 3.74685
2140001 3.75624
2150001 3.75491
2160001 3.74066
2170001 3.75103
2180001 3.74313
2190001 3.74246
2200001 3.74865
2210001 3.7462
2220001 3.7766
2230001 3.75538
2240001 3.74735
2250001 3.73967
2260001 3.76446
2270001 3.74661
2280001 3.75663
2290001 3.75318
2300001 3.75156
2310001 3.73963
2320001 3.74209
2330001 3.7613
2340001 3.75831
2350001 3.75663
2360001 3.75385
2370001 3.76735
2380001 3.75776
2390001 3.75027
2400001 3.73706
2410001 3.74668
2420001 3.7508
2430001 3.73814
2440001 3.74139
2450001 3.75378
2460001 3.75661
2470001 3.74103
2480001 3.7337
2490001 3.75402
2500001 3.75598
2510001 3.75118
2520001 3.75675
2530001 3.73972
2540001 3.75945
2550001 3.74843
2560001 3.76439
2570001 3.74976
2580001 3.74106
2590001 3.74711
2600001 3.74786
2610001 3.75392
2620001 3.74797
2630001 3.753
2640001 3.73786
2650001 3.75585
2660001 3.73711
2670001 3.75213
2680001 3.74643
2690001 3.74668
2700001 3.75474
2710001 3.75244
2720001 3.75284
2730001 3.74135
2740001 3.74825
2750001 3.74534
2760001 3.75261
2770001 3.75186
2780001 3.74147
2790001 3.74722
2800001 3.73288
2810001 3.74154
2820001 3.75162
2830001 3.74493
2840001 3.75539
2850001 3.75669
2860001 3.74216
2870001 3.7455
2880001 3.74085
2890001 3.74119
2900001 3.75386
2910001 3.73844
2920001 3.75402
2930001 3.77049
2940001 3.75525
2950001 3.75858
2960001 3.73926
2970001 3.755
2980001 3.76059
2990001 3.76179
3000001 3.73712
3010001 3.74894
3020001 3.75093
3030001 3.75461
3040001 3.75165
3050001 3.7603
3060001 3.74512
3070001 3.75152
3080001 3.73694
3090001 3.75147
3100001 3.74775
3110001 3.75909
3120001 3.75346
3130001 3.76248
3140001 3.76836
3150001 3.75066
3160001 3.75293
3170001 3.7625
3180001 3.7382
3190001 3.74696
3200001 3.73714
3210001 3.75272
3220001 3.75409
3230001 3.76799
3240001 3.74486
3250001 3.75195
3260001 3.7543
3270001 3.75378
3280001 3.75248
3290001 3.74336
3300001 3.74514
3310001 3.75037
3320001 3.7418
3330001 3.75672
3340001 3.73813
3350001 3.74629
3360001 3.75106
3370001 3.74952
3380001 3.74836
3390001 3.74889
3400001 3.74693
3410001 3.74285
3420001 3.74877
3430001 3.74307
3440001 3.74413
3450001 3.74188
3460001 3.73313
3470001 3.74283
3480001 3.74018
3490001 3.74391
3500001 3.73435
3510001 3.75485
3520001 3.73814
3530001 3.75673
3540001 3.75984
3550001 3.7506
3560001 3.74194
3570001 3.75312
3580001 3.75042
3590001 3.74518
3600001 3.75705
3610001 3.74801
3620001 3.73282
3630001 3.74533
3640001 3.75479
3650001 3.7484
3660001 3.75746
3670001 3.75438
3680001 3.73021
3690001 3.75022
3700001 3.7484
3710001 3.74845
3720001 3.765
3730001 3.75063
3740001 3.7437
3750001 3.76157
3760001 3.75902
3770001 3.74244
3780001 3.7503
3790001 3.75503
3800001 3.74923
3810001 3.74419
3820001 3.75058
3830001 3.74452
3840001 3.76453
3850001 3.75382
3860001 3.75847
3870001 3.73849
3880001 3.75618
3890001 3.73986
3900001 3.74905
3910001 3.76768
3920001 3.74899
3930001 3.75713
3940001 3.74622
3950001 3.75655
3960001 3.75262
3970001 3.73701
3980001 3.75908
3990001 3.74961
4000001 3.7434
4010001 3.74458
4020001 3.74716
4030001 3.76222
4040001 3.75451
4050001 3.73477
4060001 3.76248
4070001 3.74823
4080001 3.74222
4090001 3.75233
4100001 3.74633
4110001 3.74838
4120001 3.75984
4130001 3.74551
4140001 3.75297
4150001 3.75169
4160001 3.75289
4170001 3.75372
4180001 3.74357
4190001 3.75414
4200001 3.74978
4210001 3.7466
4220001 3.74336
4230001 3.73994
4240001 3.76544
4250001 3.76083
4260001 3.74408
4270001 3.74043
4280001 3.73729
4290001 3.75406
4300001 3.75753
4310001 3.73527
4320001 3.74761
4330001 3.73697
4340001 3.75955
4350001 3.74144
4360001 3.75989
4370001 3.75524
4380001 3.73205
4390001 3.74649
4400001 3.74763
4410001 3.75868
4420001 3.75741
4430001 3.7341
4440001 3.74806
4450001 3.74315
4460001 3.74402
4470001 3.74505
4480001 3.737
4490001 3.75263
4500001 3.73889
4510001 3.74212
4520001 3.75726
4530001 3.75049
4540001 3.74627
4550001 3.76032
4560001 3.7377
4570001 3.73903
4580001 3.73424
4590001 3.73181
4600001 3.75145
4610001 3.74762
4620001 3.74215
4630001 3.74943
4640001 3.74978
4650001 3.75161
4660001 3.7366
4670001 3.73732
4680001 3.74367
4690001 3.75695
4700001 3.73782
4710001 3.75305
4720001 3.75951
4730001 3.76191
4740001 3.73842
4750001 3.72991
4760001 3.74988
4770001 3.74983
4780001 3.74687
4790001 3.74436
4800001 3.75437
4810001 3.74674
4820001 3.74499
4830001 3.74605
4840001 3.74371
4850001 3.7603
4860001 3.74507
4870001 3.74291
4880001 3.74969
4890001 3.746
4900001 3.75429
4910001 3.75344
4920001 3.76022
4930001 3.74095
4940001 3.76388
4950001 3.75738
4960001 3.75807
4970001 3.74932
4980001 3.74893
4990001 3.73566
5000001 3.76585
5010001 3.74645
5020001 3.74691
5030001 3.75457
5040001 3.7566
5050001 3.75285
5060001 3.74753
5070001 3.74779
5080001 3.75844
5090001 3.75573
5100001 3.74467
5110001 3.74479
5120001 3.74384
5130001 3.751
5140001 3.74413
5150001 3.74947
5160001 3.74063
5170001 3.7427
5180001 3.74719
5190001 3.7484
5200001 3.74185
5210001 3.75227
5220001 3.74569
5230001 3.76068
5240001 3.74454
5250001 3.7367
5260001 3.76053
5270001 3.75256
5280001 3.75065
5290001 3.74416
5300001 3.74733
5310001 3.74646
5320001 3.74581
5330001 3.74633
5340001 3.75543
5350001 3.75146
5360001 3.74512
5370001 3.74641
5380001 3.74923
5390001 3.73981
5400001 3.73322
5410001 3.74851
5420001 3.75968
5430001 3.75041
5440001 3.74769
5450001 3.74844
5460001 3.74585
5470001 3.75237
5480001 3.74596
5490001 3.74918
5500001 3.74663
5510001 3.7413
5520001 3.75418
5530001 3.74467
5540001 3.74181
5550001 3.75839
5560001 3.75654
5570001 3.75301
5580001 3.74311
5590001 3.73893
5600001 3.74441
5610001 3.74493
5620001 3.73838
5630001 3.75152
5640001 3.73749
5650001 3.74457
5660001 3.74703
5670001 3.75692
5680001 3.7515
5690001 3.75619
5700001 3.73875
5710001 3.75302
5720001 3.74099
5730001 3.76326
5740001 3.73157
5750001 3.74918
5760001 3.76164
5770001 3.73947
5780001 3.75976
5790001 3.76094
5800001 3.74443
5810001 3.755
5820001 3.75263
5830001 3.75905
5840001 3.74457
5850001 3.74585
5860001 3.75935
5870001 3.73302
5880001 3.75252
5890001 3.74521
5900001 3.74747
5910001 3.74764
5920001 3.73917
5930001 3.73921
5940001 3.73796
5950001 3.75182
5960001 3.74141
5970001 3.73257
5980001 3.74433
5990001 3.75343
6000001 3.75109
6010001 3.74947
6020001 3.73342
6030001 3.74599
6040001 3.74941
6050001 3.74478
6060001 3.74373
6070001 3.73576
6080001 3.7564
6090001 3.74533
6100001 3.75083
6110001 3.76228
6120001 3.75507
6130001 3.74843
6140001 3.7536
6150001 3.76232
6160001 3.7533
6170001 3.74239
6180001 3.74902
6190001 3.74943
6200001 3.73451
6210001 3.75591
6220001 3.75804
6230001 3.74726
6240001 3.75496
6250001 3.7461
6260001 3.75468
6270001 3.74838
6280001 3.74474
6290001 3.742
6300001 3.74647
6310001 3.75375
6320001 3.7469
6330001 3.75836
6340001 3.73107
6350001 3.738
6360001 3.75286
6370001 3.76419
6380001 3.74261
6390001 3.74168
6400001 3.74815
6410001 3.74136
6420001 3.7289
6430001 3.74921
6440001 3.75015
6450001 3.74711
6460001 3.74885
6470001 3.75782
6480001 3.75007
6490001 3.74989
6500001 3.72485
6510001 3.75599
6520001 3.745
6530001 3.75964
6540001 3.74562
6550001 3.73492
6560001 3.75072
6570001 3.73306
6580001 3.73904
6590001 3.73298
6600001 3.73969
6610001 3.76137
6620001 3.74089
6630001 3.74978
6640001 3.7447
6650001 3.75038
6660001 3.74736
6670001 3.75226
6680001 3.74379
6690001 3.75687
6700001 3.76034
6710001 3.7593
6720001 3.73753
6730001 3.75345
6740001 3.74311
6750001 3.7554
6760001 3.75789
6770001 3.75907
6780001 3.75328
6790001 3.73951
6800001 3.75723
6810001 3.74504
6820001 3.7382
6830001 3.74997
6840001 3.75886
6850001 3.75384
6860001 3.73692
6870001 3.74711
6880001 3.74864
6890001 3.73667
6900001 3.75815
6910001 3.74583
6920001 3.74131
6930001 3.74111
6940001 3.75466
6950001 3.74266
6960001 3.75586
6970001 3.74651
6980001 3.74588
6990001 3.74179
7000001 3.74835
7010001 3.7426
7020001 3.74697
7030001 3.74368
7040001 3.75383
7050001 3.74928
7060001 3.75244
7070001 3.74155
7080001 3.73122
7090001 3.74989
7100001 3.7349
7110001 3.75225
7120001 3.74169
7130001 3.76532
7140001 3.73111
7150001 3.74867
7160001 3.75041
7170001 3.74788
7180001 3.74232
7190001 3.7378
7200001 3.75838
7210001 3.75709
7220001 3.74959
7230001 3.75038
7240001 3.73443
7250001 3.74653
7260001 3.75653
7270001 3.73584
7280001 3.74875
7290001 3.75438
7300001 3.74175
7310001 3.74899
7320001 3.744
7330001 3.75868
7340001 3.74882
7350001 3.74313
7360001 3.75016
7370001 3.74747
7380001 3.74055
7390001 3.74414
7400001 3.74702
7410001 3.7461
7420001 3.75675
7430001 3.73898
7440001 3.73474
7450001 3.7525
7460001 3.74495
7470001 3.74198
7480001 3.74839
7490001 3.74204
7500001 3.75773
7510001 3.74588
7520001 3.7497
7530001 3.74176
7540001 3.75166
7550001 3.73935
7560001 3.73732
7570001 3.74147
7580001 3.73984
7590001 3.74296
7600001 3.7456
7610001 3.73902
7620001 3.74253
7630001 3.74736
7640001 3.74306
7650001 3.74867
7660001 3.73606
7670001 3.76731
7680001 3.74803
7690001 3.75287
7700001 3.7372
7710001 3.7551
7720001 3.74125
7730001 3.74147
7740001 3.75188
7750001 3.74038
7760001 3.74482
7770001 3.7413
7780001 3.75567
7790001 3.7428
7800001 3.74731
7810001 3.75935
7820001 3.74124
7830001 3.7534
7840001 3.73165
7850001 3.73256
7860001 3.75016
7870001 3.74237
7880001 3.75524
7890001 3.75195
7900001 3.74666
7910001 3.73576
7920001 3.7416
7930001 3.74389
7940001 3.74221
7950001 3.76167
7960001 3.75802
7970001 3.74806
7980001 3.75236
7990001 3.75014
8000001 3.74107
8010001 3.74215
8020001 3.74122
8030001 3.74914
8040001 3.74955
8050001 3.74972
8060001 3.75939
8070001 3.75382
8080001 3.75491
8090001 3.74083
8100001 3.74511
8110001 3.75271
8120001 3.74659
8130001 3.7512
8140001 3.73406
8150001 3.73477
8160001 3.7443
8170001 3.74484
8180001 3.74965
8190001 3.73679
8200001 3.74771
8210001 3.74819
8220001 3.75106
8230001 3.74614
8240001 3.74815
8250001 3.74277
8260001 3.74496
8270001 3.74913
8280001 3.74552
8290001 3.74289
8300001 3.75241
8310001 3.75053
8320001 3.74388
8330001 3.74554
8340001 3.74674
8350001 3.75445
8360001 3.74146
8370001 3.75885
8380001 3.74339
8390001 3.73467
8400001 3.73739
8410001 3.74307
8420001 3.74424
8430001 3.75082
8440001 3.74415
8450001 3.73684
8460001 3.76003
8470001 3.73154
8480001 3.75066
8490001 3.74787
8500001 3.74157
8510001 3.74012
8520001 3.74273
8530001 3.74497
8540001 3.76344
8550001 3.76065
8560001 3.737
8570001 3.7471
8580001 3.73942
8590001 3.74412
8600001 3.7587
8610001 3.74769
8620001 3.74183
8630001 3.7415
8640001 3.7354
8650001 3.74844
8660001 3.7394
8670001 3.73976
8680001 3.75096
8690001 3.74359
8700001 3.76626
8710001 3.74531
8720001 3.74276
8730001 3.74005
8740001 3.7639
8750001 3.7551
8760001 3.73864
8770001 3.74515
8780001 3.76162
8790001 3.73526
8800001 3.74868
8810001 3.75201
8820001 3.74682
8830001 3.75353
8840001 3.74605
8850001 3.73788
8860001 3.73563
8870001 3.74282
8880001 3.75178
8890001 3.75069
8900001 3.75396
8910001 3.74805
8920001 3.75677
8930001 3.74077
8940001 3.7383
8950001 3.76021
8960001 3.73807
8970001 3.75058
8980001 3.74972
8990001 3.74002
9000001 3.75379
9010001 3.74544
9020001 3.75207
9030001 3.75166
9040001 3.73812
9050001 3.7441
9060001 3.74393
9070001 3.7615
9080001 3.73556
9090001 3.74287
9100001 3.74487
9110001 3.74627
9120001 3.73492
9130001 3.74696
9140001 3.73534
9150001 3.75277
9160001 3.73727
9170001 3.75278
9180001 3.74476
9190001 3.74837
9200001 3.74346
9210001 3.75039
9220001 3.73622
9230001 3.73762
9240001 3.74814
9250001 3.74026
9260001 3.76272
9270001 3.75308
9280001 3.74014
9290001 3.73111
9300001 3.74186
9310001 3.75925
9320001 3.73486
9330001 3.74308
9340001 3.76089
9350001 3.73473
9360001 3.74922
9370001 3.75677
9380001 3.73131
9390001 3.73928
9400001 3.74356
9410001 3.7632
9420001 3.75334
9430001 3.75041
9440001 3.73963
9450001 3.74478
9460001 3.74645
9470001 3.74903
9480001 3.75546
9490001 3.73719
9500001 3.74195
9510001 3.75322
9520001 3.74628
9530001 3.73738
9540001 3.74678
9550001 3.74952
9560001 3.7497
9570001 3.73587
9580001 3.75734
9590001 3.74393
9600001 3.74939
9610001 3.74606
9620001 3.75147
9630001 3.74486
9640001 3.73912
9650001 3.7292
9660001 3.73717
9670001 3.74348
9680001 3.74202
9690001 3.7508
9700001 3.74182
9710001 3.74056
9720001 3.75046
9730001 3.74588
9740001 3.75124
9750001 3.73809
9760001 3.74545
9770001 3.74722
9780001 3.74866
9790001 3.74173
9800001 3.73647
9810001 3.75613
9820001 3.73214
9830001 3.74799
9840001 3.75118
9850001 3.75944
9860001 3.74459
9870001 3.7381
9880001 3.74315
9890001 3.7382
9900001 3.77149
9910001 3.76419
9920001 3.73996
9930001 3.76478
9940001 3.74426
9950001 3.75039
9960001 3.7339
9970001 3.73537
9980001 3.74333
9990001 3.75129
