1 2171.61
10001 75.3704
20001 35.3854
30001 21.7755
40001 15.3737
50001 11.8389
60001 9.70973
70001 8.29216
80001 7.33746
90001 6.60184
100001 6.08002
110001 5.68642
120001 5.36689
130001 5.1191
140001 4.91209
150001 4.73752
160001 4.60384
170001 4.49389
180001 4.41496
190001 4.32373
200001 4.25962
210001 4.20967
220001 4.1519
230001 4.11057
240001 4.07489
250001 4.03104
260001 3.99173
270001 3.98194
280001 3.95139
290001 3.91605
300001 3.91574
310001 3.88695
320001 3.87184
330001 3.85799
340001 3.84606
350001 3.83345
360001 3.82866
370001 3.82057
380001 3.79372
390001 3.80007
400001 3.78011
410001 3.78219
420001 3.76563
430001 3.7789
440001 3.75847
450001 3.75445
460001 3.73592
470001 3.74021
480001 3.73443
490001 3.736
500001 3.72053
510001 3.73122
520001 3.72303
530001 3.72948
540001 3.71945
550001 3.70949
560001 3.70823
570001 3.7145
580001 3.7203
590001 3.70554
600001 3.71213
610001 3.69296
620001 3.69922
630001 3.69651
640001 3.69323
650001 3.68887
660001 3.69658
670001 3.69103
680001 3.69404
690001 3.68965
700001 3.69153
710001 3.68957
720001 3.68742
730001 3.67831
740001 3.68724
750001 3.68341
760001 3.68688
770001 3.68414
780001 3.67581
790001 3.68403
800001 3.68269
810001 3.673
820001 3.6746
830001 3.66817
840001 3.68216
850001 3.68955
860001 3.66579
870001 3.67998
880001 3.67201
890001 3.66905
900001 3.68282
910001 3.67622
920001 3.67963
930001 3.66508
940001 3.66788
950001 3.67361
960001 3.67659
970001 3.66549
980001 3.66769
990001 3.6619
1000001 3.66652
1010001 3.66098
1020001 3.65703
1030001 3.66275
1040001 3.66093
1050001 3.67682
1060001 3.66354
1070001 3.67652
1080001 3.68228
1090001 3.66889
1100001 3.66345
1110001 3.66739
1120001 3.66377
1130001 3.66697
1140001 3.65871
1150001 3.65546
1160001 3.65965
1170001 3.66836
1180001 3.66574
1190001 3.66489
1200001 3.6534
1210001 3.66628
1220001 3.67074
1230001 3.65808
1240001 3.6568
1250001 3.66285
1260001 3.66305
1270001 3.66707
1280001 3.65934
1290001 3.66065
1300001 3.66715
1310001 3.67164
1320001 3.65999
1330001 3.65376
1340001 3.65514
1350001 3.66037
1360001 3.66061
1370001 3.6711
1380001 3.65659
1390001 3.65934
1400001 3.65222
1410001 3.65624
1420001 3.66299
1430001 3.66282
1440001 3.65352
1450001 3.67234
1460001 3.67143
1470001 3.66074
1480001 3.6578
1490001 3.65387
1500001 3.6642
1510001 3.66155
1520001 3.65875
1530001 3.65316
1540001 3.65002
1550001 3.66333
1560001 3.66616
1570001 3.66754
1580001 3.65458
1590001 3.65721
1600001 3.65862
1610001 3.66248
1620001 3.65763
1630001 3.6551
1640001 3.65852
1650001 3.65872
1660001 3.6564
1670001 3.65125
1680001 3.65141
1690001 3.65799
1700001 3.66124
1710001 3.66176
1720001 3.66772
1730001 3.65985
1740001 3.6568
1750001 3.66128
1760001 3.65924
1770001 3.6617
1780001 3.64543
1790001 3.65661
1800001 3.65462
1810001 3.66292
1820001 3.65117
1830001 3.65246
1840001 3.66084
1850001 3.65852
1860001 3.64886
1870001 3.66039
1880001 3.66183
1890001 3.65709
1900001 3.666
1910001 3.64747
1920001 3.65778
1930001 3.64841
1940001 3.65855
1950001 3.65179
1960001 3.66182
1970001 3.65548
1980001 3.65662
1990001 3.66553
2000001 3.65658
2010001 3.65752
2020001 3.65658
2030001 3.65283
2040001 3.65909
2050001 3.65593
2060001 3.6564
2070001 3.66119
2080001 3.64921
2090001 3.65624
2100001 3.66758
2110001 3.66278
2120001 3.65648
2130001 3.65002
2140001 3.65701
2150001 3.65973
2160001 3.64612
2170001 3.65527
2180001 3.65964
2190001 3.65605
2200001 3.65571
2210001 3.65457
2220001 3.67277
2230001 3.65807
2240001 3.65516
2250001 3.64705
2260001 3.6651
2270001 3.65912
2280001 3.66196
2290001 3.66303
2300001 3.65051
2310001 3.64816
2320001 3.65118
2330001 3.65705
2340001 3.65676
2350001 3.66189
2360001 3.6608
2370001 3.66322
2380001 3.66261
2390001 3.65143
2400001 3.6502
2410001 3.65938
2420001 3.65744
2430001 3.65276
2440001 3.64801
2450001 3.64998
2460001 3.65994
2470001 3.64897
2480001 3.6518
2490001 3.66589
2500001 3.66542
2510001 3.65638
2520001 3.65721
2530001 3.65185
2540001 3.65257
2550001 3.64596
2560001 3.66159
2570001 3.65682
2580001 3.6533
2590001 3.65635
2600001 3.64627
2610001 3.66076
2620001 3.6534
2630001 3.64844
2640001 3.64915
2650001 3.65098
2660001 3.6423
2670001 3.66441
2680001 3.64913
2690001 3.65497
2700001 3.65927
2710001 3.65216
2720001 3.6571
2730001 3.65453
2740001 3.64824
2750001 3.65125
2760001 3.65945
2770001 3.6558
2780001 3.6544
2790001 3.65831
2800001 3.64777
2810001 3.64843
2820001 3.65756
2830001 3.65575
2840001 3.66847
2850001 3.65232
2860001 3.66127
2870001 3.65676
2880001 3.66763
2890001 3.65143
2900001 3.66188
2910001 3.6512
2920001 3.65493
2930001 3.67072
2940001 3.66291
2950001 3.6586
2960001 3.64926
2970001 3.65905
2980001 3.66084
2990001 3.66164
3000001 3.65331
3010001 3.66312
3020001 3.65629
3030001 3.66446
3040001 3.65386
3050001 3.66362
3060001 3.65958
3070001 3.65702
3080001 3.64516
3090001 3.65373
3100001 3.65558
3110001 3.66579
3120001 3.66413
3130001 3.65999
3140001 3.6622
3150001 3.65157
3160001 3.65231
3170001 3.67232
3180001 3.64804
3190001 3.65646
3200001 3.65276
3210001 3.65481
3220001 3.66499
3230001 3.67069
3240001 3.65098
3250001 3.65486
3260001 3.65024
3270001 3.65543
3280001 3.65979
3290001 3.66003
3300001 3.65103
3310001 3.65938
3320001 3.64712
3330001 3.6626
3340001 3.65288
3350001 3.65985
3360001 3.65805
3370001 3.65526
3380001 3.66444
3390001 3.65822
3400001 3.65279
3410001 3.65676
3420001 3.65224
3430001 3.65083
3440001 3.65923
3450001 3.65002
3460001 3.64528
3470001 3.64707
3480001 3.65407
3490001 3.6503
3500001 3.65566
3510001 3.66507
3520001 3.64652
3530001 3.65818
3540001 3.65988
3550001 3.64815
3560001 3.65991
3570001 3.65476
3580001 3.66248
3590001 3.65653
3600001 3.65431
3610001 3.65737
3620001 3.6503
3630001 3.65725
3640001 3.65715
3650001 3.65626
3660001 3.65273
3670001 3.65628
3680001 3.64761
3690001 3.6567
3700001 3.63958
3710001 3.6587
3720001 3.66005
3730001 3.65017
3740001 3.65469
3750001 3.65902
3760001 3.66298
3770001 3.66296
3780001 3.661
3790001 3.66028
3800001 3.66075
3810001 3.65613
3820001 3.65722
3830001 3.65205
3840001 3.6642
3850001 3.65729
3860001 3.65654
3870001 3.65049
3880001 3.65467
3890001 3.65087
3900001 3.65721
3910001 3.66619
3920001 3.65497
3930001 3.66216
3940001 3.65799
3950001 3.66259
3960001 3.65605
3970001 3.64522
3980001 3.65225
3990001 3.65262
4000001 3.65515
4010001 3.65199
4020001 3.65834
4030001 3.66273
4040001 3.66618
4050001 3.64546
4060001 3.65876
4070001 3.6517
4080001 3.66067
4090001 3.67035
4100001 3.65398
4110001 3.64976
4120001 3.65695
4130001 3.65457
4140001 3.65586
4150001 3.66233
4160001 3.65398
4170001 3.65795
4180001 3.64956
4190001 3.65492
4200001 3.65807
4210001 3.65357
4220001 3.6538
4230001 3.65179
4240001 3.66875
4250001 3.66987
4260001 3.65112
4270001 3.64914
4280001 3.64903
4290001 3.66069
4300001 3.66397
4310001 3.64536
4320001 3.65579
4330001 3.65065
4340001 3.6668
4350001 3.6586
4360001 3.66464
4370001 3.66153
4380001 3.65015
4390001 3.65704
4400001 3.66073
4410001 3.6549
4420001 3.66307
4430001 3.64751
4440001 3.64686
4450001 3.65345
4460001 3.659
4470001 3.6578
4480001 3.65286
4490001 3.66099
4500001 3.65485
4510001 3.65453
4520001 3.66592
4530001 3.65321
4540001 3.65291
4550001 3.66775
4560001 3.65304
4570001 3.646
4580001 3.64892
4590001 3.64792
4600001 3.65977
4610001 3.65099
4620001 3.64663
4630001 3.65161
4640001 3.65804
4650001 3.65608
4660001 3.65241
4670001 3.64765
4680001 3.64909
4690001 3.66254
4700001 3.65924
4710001 3.65779
4720001 3.66428
4730001 3.65971
4740001 3.65045
4750001 3.64457
4760001 3.6681
4770001 3.65592
4780001 3.65935
4790001 3.65512
4800001 3.6542
4810001 3.65928
4820001 3.64462
4830001 3.65448
4840001 3.65633
4850001 3.66266
4860001 3.64778
4870001 3.66169
4880001 3.66055
4890001 3.65256
4900001 3.66219
4910001 3.65812
4920001 3.6674
4930001 3.647
4940001 3.66893
4950001 3.65213
4960001 3.66322
4970001 3.6568
4980001 3.65738
4990001 3.65406
5000001 3.6634
5010001 3.66204
5020001 3.65116
5030001 3.66371
5040001 3.66184
5050001 3.65272
5060001 3.66403
5070001 3.65005
5080001 3.66221
5090001 3.66127
5100001 3.64922
5110001 3.66258
5120001 3.66245
5130001 3.65931
5140001 3.65744
5150001 3.65656
5160001 3.65049
5170001 3.65558
5180001 3.65466
5190001 3.65501
5200001 3.65217
5210001 3.65922
5220001 3.64899
5230001 3.6545
5240001 3.65245
5250001 3.65308
5260001 3.67199
5270001 3.65999
5280001 3.65913
5290001 3.6578
5300001 3.65027
5310001 3.65502
5320001 3.65008
5330001 3.65378
5340001 3.66297
5350001 3.66072
5360001 3.65519
5370001 3.65399
5380001 3.65232
5390001 3.6588
5400001 3.64952
5410001 3.66059
5420001 3.66159
5430001 3.65704
5440001 3.66182
5450001 3.65971
5460001 3.65909
5470001 3.65554
5480001 3.66003
5490001 3.66175
5500001 3.65245
5510001 3.65067
5520001 3.65873
5530001 3.65066
5540001 3.65382
5550001 3.65633
5560001 3.66079
5570001 3.65423
5580001 3.65141
5590001 3.64001
5600001 3.65654
5610001 3.65703
5620001 3.65298
5630001 3.66358
5640001 3.64969
5650001 3.65096
5660001 3.65359
5670001 3.65679
5680001 3.65398
5690001 3.65342
5700001 3.65693
5710001 3.65975
5720001 3.6526
5730001 3.66518
5740001 3.64379
5750001 3.6578
5760001 3.66366
5770001 3.65169
5780001 3.66016
5790001 3.65381
5800001 3.65516
5810001 3.66062
5820001 3.65338
5830001 3.66348
5840001 3.65313
5850001 3.64861
5860001 3.66827
5870001 3.65108
5880001 3.66506
5890001 3.6491
5900001 3.65817
5910001 3.65627
5920001 3.65293
5930001 3.65196
5940001 3.64713
5950001 3.66342
5960001 3.65475
5970001 3.64254
5980001 3.66153
5990001 3.65644
6000001 3.65824
6010001 3.65901
6020001 3.64838
6030001 3.65759
6040001 3.65751
6050001 3.65076
6060001 3.65742
6070001 3.65307
6080001 3.6632
6090001 3.65047
6100001 3.66256
6110001 3.66537
6120001 3.66176
6130001 3.65738
6140001 3.65745
6150001 3.66476
6160001 3.65757
6170001 3.64649
6180001 3.66023
6190001 3.66713
6200001 3.64302
6210001 3.65909
6220001 3.66451
6230001 3.6451
6240001 3.65627
6250001 3.64987
6260001 3.65668
6270001 3.65417
6280001 3.65043
6290001 3.65319
6300001 3.65077
6310001 3.65167
6320001 3.65991
6330001 3.65684
6340001 3.64624
6350001 3.64777
6360001 3.65922
6370001 3.66657
6380001 3.65521
6390001 3.64867
6400001 3.66714
6410001 3.65491
6420001 3.65761
6430001 3.66276
6440001 3.6529
6450001 3.65875
6460001 3.6605
6470001 3.65757
6480001 3.65664
6490001 3.65927
6500001 3.63803
6510001 3.65109
6520001 3.65015
6530001 3.66185
6540001 3.65997
6550001 3.64842
6560001 3.65303
6570001 3.65221
6580001 3.64605
6590001 3.6436
6600001 3.65142
6610001 3.66581
6620001 3.65434
6630001 3.65431
6640001 3.65643
6650001 3.65498
6660001 3.65665
6670001 3.65394
6680001 3.65853
6690001 3.66491
6700001 3.65676
6710001 3.66397
6720001 3.65547
6730001 3.65702
6740001 3.65257
6750001 3.65679
6760001 3.6604
6770001 3.66128
6780001 3.66015
6790001 3.65264
6800001 3.65931
6810001 3.6486
6820001 3.64981
6830001 3.65073
6840001 3.66493
6850001 3.66416
6860001 3.6489
6870001 3.65035
6880001 3.65347
6890001 3.65316
6900001 3.66649
6910001 3.65279
6920001 3.65443
6930001 3.65238
6940001 3.66048
6950001 3.64606
6960001 3.65926
6970001 3.66011
6980001 3.64981
6990001 3.65705
7000001 3.65078
7010001 3.65025
7020001 3.66002
7030001 3.64607
7040001 3.65556
7050001 3.6506
7060001 3.65604
7070001 3.64679
7080001 3.6466
7090001 3.65947
7100001 3.65283
7110001 3.66282
7120001 3.65412
7130001 3.66367
7140001 3.64259
7150001 3.65848
7160001 3.64437
7170001 3.65305
7180001 3.64967
7190001 3.64974
7200001 3.65495
7210001 3.66203
7220001 3.65294
7230001 3.64766
7240001 3.64893
7250001 3.65103
7260001 3.65542
7270001 3.64521
7280001 3.66378
7290001 3.65555
7300001 3.64276
7310001 3.65615
7320001 3.65421
7330001 3.65929
7340001 3.66229
7350001 3.65836
7360001 3.65837
7370001 3.6477
7380001 3.65212
7390001 3.64952
7400001 3.64362
7410001 3.64841
7420001 3.6633
7430001 3.64786
7440001 3.64773
7450001 3.6651
7460001 3.65302
7470001 3.65716
7480001 3.65057
7490001 3.64988
7500001 3.66093
7510001 3.6557
7520001 3.65373
7530001 3.6529
7540001 3.65855
7550001 3.64701
7560001 3.64984
7570001 3.64162
7580001 3.65317
7590001 3.65451
7600001 3.64978
7610001 3.65177
7620001 3.65239
7630001 3.6483
7640001 3.64349
7650001 3.66553
7660001 3.64806
7670001 3.66618
7680001 3.65296
7690001 3.65828
7700001 3.65365
7710001 3.6583
7720001 3.64735
7730001 3.65021
7740001 3.6609
7750001 3.65262
7760001 3.64866
7770001 3.6435
7780001 3.65438
7790001 3.65691
7800001 3.66089
7810001 3.66544
7820001 3.65132
7830001 3.66575
7840001 3.64774
7850001 3.64348
7860001 3.64995
7870001 3.65195
7880001 3.65987
7890001 3.66827
7900001 3.65625
7910001 3.64449
7920001 3.66132
7930001 3.65596
7940001 3.65007
7950001 3.6678
7960001 3.65955
7970001 3.6489
7980001 3.65671
7990001 3.65533
8000001 3.65304
8010001 3.65979
8020001 3.6514
8030001 3.6563
8040001 3.65568
8050001 3.65828
8060001 3.65219
8070001 3.65803
8080001 3.66038
8090001 3.65812
8100001 3.65053
8110001 3.65187
8120001 3.65664
8130001 3.64942
8140001 3.64688
8150001 3.64412
8160001 3.65423
8170001 3.65255
8180001 3.65752
8190001 3.65205
8200001 3.65552
8210001 3.65411
8220001 3.65606
8230001 3.65698
8240001 3.64958
8250001 3.65791
8260001 3.65314
8270001 3.66366
8280001 3.65138
8290001 3.65555
8300001 3.6533
8310001 3.65119
8320001 3.65208
8330001 3.65567
8340001 3.65563
8350001 3.65825
8360001 3.65062
8370001 3.66023
8380001 3.66131
8390001 3.64269
8400001 3.64885
8410001 3.65549
8420001 3.65188
8430001 3.6555
8440001 3.6558
8450001 3.64852
8460001 3.65754
8470001 3.6462
8480001 3.65352
8490001 3.66306
8500001 3.65605
8510001 3.64792
8520001 3.65066
8530001 3.65829
8540001 3.66702
8550001 3.66084
8560001 3.65177
8570001 3.65615
8580001 3.65262
8590001 3.65526
8600001 3.66454
8610001 3.65974
8620001 3.65636
8630001 3.66006
8640001 3.65452
8650001 3.65898
8660001 3.64721
8670001 3.65164
8680001 3.65807
8690001 3.65127
8700001 3.65642
8710001 3.65422
8720001 3.65322
8730001 3.65712
8740001 3.66617
8750001 3.65791
8760001 3.64504
8770001 3.65018
8780001 3.65778
8790001 3.63808
8800001 3.65369
8810001 3.66657
8820001 3.65196
8830001 3.66074
8840001 3.65558
8850001 3.64885
8860001 3.65526
8870001 3.65713
8880001 3.65643
8890001 3.66129
8900001 3.6536
8910001 3.65867
8920001 3.65685
8930001 3.6516
8940001 3.64972
8950001 3.66593
8960001 3.65402
8970001 3.65512
8980001 3.66212
8990001 3.64731
9000001 3.66478
9010001 3.65339
9020001 3.65951
9030001 3.66102
9040001 3.64898
9050001 3.65808
9060001 3.65448
9070001 3.65846
9080001 3.65137
9090001 3.65385
9100001 3.64285
9110001 3.65556
9120001 3.65268
9130001 3.65414
9140001 3.64421
9150001 3.66658
9160001 3.65564
9170001 3.66901
9180001 3.65376
9190001 3.64918
9200001 3.65981
9210001 3.65673
9220001 3.65439
9230001 3.65089
9240001 3.66015
9250001 3.64673
9260001 3.65927
9270001 3.65891
9280001 3.65317
9290001 3.65269
9300001 3.65632
9310001 3.67065
9320001 3.64494
9330001 3.6549
9340001 3.65856
9350001 3.6551
9360001 3.65842
9370001 3.65717
9380001 3.64956
9390001 3.65308
9400001 3.65172
9410001 3.65544
9420001 3.66566
9430001 3.66322
9440001 3.65344
9450001 3.65407
9460001 3.65797
9470001 3.64721
9480001 3.65898
9490001 3.65542
9500001 3.64974
9510001 3.66462
9520001 3.65723
9530001 3.65425
9540001 3.65239
9550001 3.66464
9560001 3.65663
9570001 3.64617
9580001 3.66205
9590001 3.6504
9600001 3.66184
9610001 3.65613
9620001 3.65591
9630001 3.65835
9640001 3.65436
9650001 3.63508
9660001 3.64567
9670001 3.65649
9680001 3.65868
9690001 3.64784
9700001 3.65474
9710001 3.65145
9720001 3.65956
9730001 3.65323
9740001 3.65733
9750001 3.64746
9760001 3.66285
9770001 3.65595
9780001 3.65961
9790001 3.65529
9800001 3.6508
9810001 3.65442
9820001 3.64654
9830001 3.65283
9840001 3.66558
9850001 3.65673
9860001 3.65226
9870001 3.65128
9880001 3.65176
9890001 3.65199
9900001 3.66939
9910001 3.6714
9920001 3.65299
9930001 3.66593
9940001 3.65352
9950001 3.65454
9960001 3.64867
9970001 3.64645
9980001 3.65371
9990001 3.65065
