1 2148.12
10001 37.9119
20001 15.7734
30001 10.2401
40001 8.23127
50001 7.21804
60001 6.5765
70001 6.13811
80001 5.78807
90001 5.51238
100001 5.27897
110001 5.0741
120001 4.89788
130001 4.73681
140001 4.59318
150001 4.47759
160001 4.36641
170001 4.27419
180001 4.17602
190001 4.0839
200001 4.0114
210001 3.93839
220001 3.87209
230001 3.80848
240001 3.74487
250001 3.69479
260001 3.647
270001 3.59205
280001 3.55234
290001 3.50439
300001 3.46714
310001 3.4287
320001 3.40184
330001 3.36774
340001 3.33866
350001 3.3017
360001 3.27725
370001 3.24297
380001 3.21399
390001 3.18906
400001 3.16999
410001 3.14526
420001 3.12432
430001 3.10338
440001 3.0801
450001 3.06978
460001 3.04572
470001 3.02627
480001 3.00975
490001 2.99752
500001 2.97872
510001 2.96695
520001 2.9481
530001 2.93546
540001 2.92085
550001 2.90535
560001 2.89625
570001 2.8742
580001 2.8665
590001 2.85104
600001 2.84258
610001 2.83086
620001 2.82064
630001 2.81351
640001 2.80416
650001 2.79335
660001 2.78651
670001 2.77967
680001 2.76561
690001 2.75633
700001 2.7482
710001 2.73365
720001 2.73331
730001 2.72323
740001 2.72235
750001 2.70691
760001 2.69821
770001 2.68774
780001 2.6804
790001 2.68023
800001 2.67376
810001 2.6673
820001 2.66071
830001 2.65283
840001 2.64603
850001 2.63836
860001 2.63459
870001 2.63002
880001 2.62468
890001 2.61595
900001 2.6156
910001 2.60612
920001 2.59847
930001 2.59731
940001 2.59172
950001 2.58997
960001 2.58036
970001 2.57402
980001 2.56334
990001 2.57055
1000001 2.56182
1010001 2.55106
1020001 2.55159
1030001 2.54175
1040001 2.54054
1050001 2.54279
1060001 2.54326
1070001 2.53296
1080001 2.53175
1090001 2.52147
1100001 2.52327
1110001 2.51532
1120001 2.50952
1130001 2.51131
1140001 2.49711
1150001 2.50076
1160001 2.49756
1170001 2.48984
1180001 2.48775
1190001 2.48618
1200001 2.4795
1210001 2.47843
1220001 2.47832
1230001 2.47305
1240001 2.47352
1250001 2.46998
1260001 2.46595
1270001 2.46567
1280001 2.45348
1290001 2.45422
1300001 2.45773
1310001 2.4538
1320001 2.45077
1330001 2.44014
1340001 2.43692
1350001 2.44072
1360001 2.43189
1370001 2.43572
1380001 2.42371
1390001 2.43453
1400001 2.42412
1410001 2.4255
1420001 2.4186
1430001 2.42178
1440001 2.40845
1450001 2.41943
1460001 2.41533
1470001 2.4122
1480001 2.40159
1490001 2.39484
1500001 2.39896
1510001 2.39187
1520001 2.3952
1530001 2.38959
1540001 2.39157
1550001 2.38276
1560001 2.38636
1570001 2.38626
1580001 2.38203
1590001 2.38184
1600001 2.37522
1610001 2.37701
1620001 2.3707
1630001 2.36902
1640001 2.36882
1650001 2.36531
1660001 2.36611
1670001 2.36318
1680001 2.36305
1690001 2.35643
1700001 2.35484
1710001 2.36027
1720001 2.35552
1730001 2.3569
1740001 2.3503
1750001 2.34553
1760001 2.34627
1770001 2.34821
1780001 2.34651
1790001 2.33899
1800001 2.34143
1810001 2.33872
1820001 2.33588
1830001 2.33339
1840001 2.3343
1850001 2.33859
1860001 2.32823
1870001 2.32979
1880001 2.33075
1890001 2.32267
1900001 2.33156
1910001 2.32982
1920001 2.32178
1930001 2.32419
1940001 2.31824
1950001 2.31966
1960001 2.3187
1970001 2.31162
1980001 2.31054
1990001 2.32133
2000001 2.30983
2010001 2.30495
2020001 2.30308
2030001 2.30298
2040001 2.30374
2050001 2.30205
2060001 2.30341
2070001 2.30479
2080001 2.30102
2090001 2.3017
2100001 2.29947
2110001 2.29933
2120001 2.29372
2130001 2.28876
2140001 2.28499
2150001 2.29511
2160001 2.28993
2170001 2.28718
2180001 2.28844
2190001 2.28878
2200001 2.2866
2210001 2.28383
2220001 2.28144
2230001 2.28744
2240001 2.27306
2250001 2.28207
2260001 2.27296
2270001 2.27059
2280001 2.27882
2290001 2.2735
2300001 2.27456
2310001 2.2694
2320001 2.27058
2330001 2.27495
2340001 2.27209
2350001 2.26709
2360001 2.26527
2370001 2.27161
2380001 2.26807
2390001 2.26485
2400001 2.26327
2410001 2.25366
2420001 2.25915
2430001 2.25623
2440001 2.26421
2450001 2.25972
2460001 2.25533
2470001 2.25866
2480001 2.26053
2490001 2.26401
2500001 2.24969
2510001 2.25254
2520001 2.24949
2530001 2.25188
2540001 2.24585
2550001 2.24616
2560001 2.24201
2570001 2.23856
2580001 2.24718
2590001 2.24406
2600001 2.23995
2610001 2.25024
2620001 2.24407
2630001 2.24712
2640001 2.24632
2650001 2.25103
2660001 2.23701
2670001 2.23663
2680001 2.2345
2690001 2.24747
2700001 2.23559
2710001 2.23638
2720001 2.2275
2730001 2.23062
2740001 2.22573
2750001 2.22678
2760001 2.22482
2770001 2.23128
2780001 2.22568
2790001 2.22908
2800001 2.23152
2810001 2.23243
2820001 2.23384
2830001 2.22867
2840001 2.22852
2850001 2.22279
2860001 2.22847
2870001 2.21484
2880001 2.22209
2890001 2.22079
2900001 2.22019
2910001 2.20933
2920001 2.21982
2930001 2.21642
2940001 2.21209
2950001 2.2103
2960001 2.21216
2970001 2.20645
2980001 2.2087
2990001 2.21206
3000001 2.21796
3010001 2.21365
3020001 2.20791
3030001 2.20825
3040001 2.20392
3050001 2.20629
3060001 2.20745
3070001 2.20853
3080001 2.20352
3090001 2.20182
3100001 2.21083
3110001 2.20416
3120001 2.2027
3130001 2.20159
3140001 2.19475
3150001 2.20467
3160001 2.20048
3170001 2.19961
3180001 2.20143
3190001 2.19924
3200001 2.19212
3210001 2.18896
3220001 2.19313
3230001 2.19382
3240001 2.19064
3250001 2.1939
3260001 2.19214
3270001 2.19735
3280001 2.18974
3290001 2.18738
3300001 2.19163
3310001 2.18869
3320001 2.18964
3330001 2.19852
3340001 2.18307
3350001 2.18998
3360001 2.18089
3370001 2.18801
3380001 2.18844
3390001 2.19109
3400001 2.18443
3410001 2.18257
3420001 2.18575
3430001 2.1888
3440001 2.18279
3450001 2.18102
3460001 2.18599
3470001 2.1801
3480001 2.18484
3490001 2.18348
3500001 2.17542
3510001 2.17568
3520001 2.18054
3530001 2.18106
3540001 2.17167
3550001 2.17438
3560001 2.18302
3570001 2.17468
3580001 2.18466
3590001 2.17225
3600001 2.17313
3610001 2.17205
3620001 2.16913
3630001 2.17618
3640001 2.17416
3650001 2.16899
3660001 2.18441
3670001 2.16967
3680001 2.16376
3690001 2.17309
3700001 2.16711
3710001 2.17283
3720001 2.17019
3730001 2.16912
3740001 2.17294
3750001 2.1702
3760001 2.16872
3770001 2.16253
3780001 2.165
3790001 2.16113
3800001 2.16273
3810001 2.1669
3820001 2.1623
3830001 2.16282
3840001 2.16296
3850001 2.16004
3860001 2.16067
3870001 2.16246
3880001 2.16336
3890001 2.15589
3900001 2.16154
3910001 2.15963
3920001 2.16276
3930001 2.15223
3940001 2.15814
3950001 2.16442
3960001 2.16045
3970001 2.15368
3980001 2.16149
3990001 2.14988
4000001 2.15514
4010001 2.15311
4020001 2.1462
4030001 2.14835
4040001 2.15473
4050001 2.1459
4060001 2.15246
4070001 2.14258
4080001 2.15436
4090001 2.15163
4100001 2.15477
4110001 2.14875
4120001 2.14764
4130001 2.14755
4140001 2.14225
4150001 2.15089
4160001 2.14709
4170001 2.15153
4180001 2.14801
4190001 2.14894
4200001 2.1457
4210001 2.15124
4220001 2.14504
4230001 2.13874
4240001 2.14935
4250001 2.14198
4260001 2.14098
4270001 2.14351
4280001 2.15055
4290001 2.14284
4300001 2.13649
4310001 2.13598
4320001 2.13936
4330001 2.13799
4340001 2.13278
4350001 2.13144
4360001 2.13323
4370001 2.13643
4380001 2.13985
4390001 2.13967
4400001 2.13425
4410001 2.13887
4420001 2.1332
4430001 2.1323
4440001 2.13623
4450001 2.14102
4460001 2.13813
4470001 2.1336
4480001 2.14422
4490001 2.13872
4500001 2.13198
4510001 2.13982
4520001 2.13823
4530001 2.13239
4540001 2.13143
4550001 2.13503
4560001 2.12857
4570001 2.1316
4580001 2.12973
4590001 2.13219
4600001 2.13263
4610001 2.12944
4620001 2.13021
4630001 2.1207
4640001 2.12832
4650001 2.13106
4660001 2.13363
4670001 2.12455
4680001 2.12332
4690001 2.13405
4700001 2.12566
4710001 2.13055
4720001 2.12669
4730001 2.12594
4740001 2.12911
4750001 2.1278
4760001 2.13183
4770001 2.12386
4780001 2.12345
4790001 2.12329
4800001 2.12677
4810001 2.12812
4820001 2.12787
4830001 2.1273
4840001 2.12706
4850001 2.12528
4860001 2.11626
4870001 2.12753
4880001 2.11961
4890001 2.11469
4900001 2.1141
4910001 2.11656
4920001 2.12343
4930001 2.12215
4940001 2.12445
4950001 2.11806
4960001 2.12259
4970001 2.11826
4980001 2.12138
4990001 2.11352
5000001 2.11564
5010001 2.11482
5020001 2.12226
5030001 2.12146
5040001 2.12307
5050001 2.12275
5060001 2.11693
5070001 2.11803
5080001 2.10996
5090001 2.11517
5100001 2.1118
5110001 2.11175
5120001 2.10983
5130001 2.11581
5140001 2.10874
5150001 2.11141
5160001 2.10968
5170001 2.11435
5180001 2.10909
5190001 2.11312
5200001 2.10709
5210001 2.10966
5220001 2.10334
5230001 2.11112
5240001 2.11038
5250001 2.11466
5260001 2.11296
5270001 2.12052
5280001 2.10523
5290001 2.10845
5300001 2.1077
5310001 2.10409
5320001 2.10097
5330001 2.1041
5340001 2.10671
5350001 2.11277
5360001 2.10204
5370001 2.10563
5380001 2.1004
5390001 2.11852
5400001 2.10579
5410001 2.10747
5420001 2.10524
5430001 2.10821
5440001 2.10463
5450001 2.10516
5460001 2.11027
5470001 2.10061
5480001 2.1005
5490001 2.1081
5500001 2.10598
5510001 2.10513
5520001 2.10225
5530001 2.09905
5540001 2.10738
5550001 2.11212
5560001 2.10441
5570001 2.1001
5580001 2.09971
5590001 2.10135
5600001 2.09388
5610001 2.09691
5620001 2.09986
5630001 2.10246
5640001 2.10395
5650001 2.09804
5660001 2.09525
5670001 2.09807
5680001 2.09374
5690001 2.10105
5700001 2.0955
5710001 2.09673
5720001 2.09409
5730001 2.10011
5740001 2.09582
5750001 2.09798
5760001 2.10144
5770001 2.09259
5780001 2.09182
5790001 2.08767
5800001 2.09648
5810001 2.09335
5820001 2.09577
5830001 2.09538
5840001 2.09661
5850001 2.08853
5860001 2.09923
5870001 2.09969
5880001 2.08706
5890001 2.08816
5900001 2.09569
5910001 2.09552
5920001 2.09286
5930001 2.09104
5940001 2.0923
5950001 2.09125
5960001 2.09512
5970001 2.09772
5980001 2.09542
5990001 2.08822
6000001 2.09831
6010001 2.08379
6020001 2.09398
6030001 2.0859
6040001 2.08553
6050001 2.09083
6060001 2.09068
6070001 2.0862
6080001 2.08236
6090001 2.0842
6100001 2.09131
6110001 2.08245
6120001 2.08682
6130001 2.09091
6140001 2.09092
6150001 2.09302
6160001 2.08826
6170001 2.08826
6180001 2.09387
6190001 2.08383
6200001 2.08551
6210001 2.08709
6220001 2.09163
6230001 2.08039
6240001 2.08451
6250001 2.08784
6260001 2.08691
6270001 2.08084
6280001 2.08042
6290001 2.09492
6300001 2.0841
6310001 2.08237
6320001 2.08503
6330001 2.08865
6340001 2.08663
6350001 2.08396
6360001 2.08677
6370001 2.07607
6380001 2.08621
6390001 2.0766
6400001 2.08892
6410001 2.08991
6420001 2.08276
6430001 2.08164
6440001 2.08198
6450001 2.08413
6460001 2.08173
6470001 2.08055
6480001 2.07652
6490001 2.08018
6500001 2.07568
6510001 2.07365
6520001 2.07901
6530001 2.07991
6540001 2.07769
6550001 2.07734
6560001 2.07564
6570001 2.08341
6580001 2.07512
6590001 2.08717
6600001 2.0803
6610001 2.08304
6620001 2.07767
6630001 2.07947
6640001 2.07807
6650001 2.07949
6660001 2.07657
6670001 2.08173
6680001 2.07598
6690001 2.0769
6700001 2.07568
6710001 2.07444
6720001 2.07731
6730001 2.07517
6740001 2.07402
6750001 2.0753
6760001 2.0729
6770001 2.0696
6780001 2.07067
6790001 2.06512
6800001 2.07371
6810001 2.07469
6820001 2.0783
6830001 2.07875
6840001 2.07254
6850001 2.07411
6860001 2.08015
6870001 2.07356
6880001 2.07545
6890001 2.06918
6900001 2.06922
6910001 2.06856
6920001 2.07018
6930001 2.06753
6940001 2.06431
6950001 2.07534
6960001 2.07418
6970001 2.07106
6980001 2.06899
6990001 2.07261
7000001 2.06762
7010001 2.07118
7020001 2.06475
7030001 2.06468
7040001 2.06716
7050001 2.07091
7060001 2.07831
7070001 2.068
7080001 2.06304
7090001 2.06536
7100001 2.0673
7110001 2.07039
7120001 2.07237
7130001 2.07022
7140001 2.06928
7150001 2.06739
7160001 2.06515
7170001 2.06635
7180001 2.06704
7190001 2.06958
7200001 2.06558
7210001 2.06816
7220001 2.07116
7230001 2.06672
7240001 2.06534
7250001 2.05945
7260001 2.07148
7270001 2.06859
7280001 2.06648
7290001 2.07221
7300001 2.05913
7310001 2.06487
7320001 2.06708
7330001 2.05998
7340001 2.0626
7350001 2.06136
7360001 2.05702
7370001 2.05848
7380001 2.06204
7390001 2.06299
7400001 2.06406
7410001 2.05851
7420001 2.06428
7430001 2.0577
7440001 2.05947
7450001 2.06233
7460001 2.06773
7470001 2.06151
7480001 2.05991
7490001 2.05543
7500001 2.0594
7510001 2.06032
7520001 2.05974
7530001 2.06592
7540001 2.0668
7550001 2.05311
7560001 2.06045
7570001 2.06201
7580001 2.07159
7590001 2.05654
7600001 2.05629
7610001 2.05676
7620001 2.06145
7630001 2.06284
7640001 2.05217
7650001 2.05621
7660001 2.05227
7670001 2.05772
7680001 2.06279
7690001 2.05594
7700001 2.05966
7710001 2.05422
7720001 2.06134
7730001 2.05378
7740001 2.05854
7750001 2.05868
7760001 2.05502
7770001 2.05509
7780001 2.05149
7790001 2.06277
7800001 2.05549
7810001 2.05645
7820001 2.04943
7830001 2.05459
7840001 2.05302
7850001 2.05329
7860001 2.05011
7870001 2.06137
7880001 2.05844
7890001 2.0535
7900001 2.06106
7910001 2.05577
7920001 2.05108
7930001 2.05382
7940001 2.05247
7950001 2.05717
7960001 2.05486
7970001 2.05918
7980001 2.05888
7990001 2.05981
8000001 2.04964
8010001 2.06093
8020001 2.05597
8030001 2.05538
8040001 2.05915
8050001 2.05102
8060001 2.05291
8070001 2.05311
8080001 2.049
8090001 2.0473
8100001 2.05091
8110001 2.04905
8120001 2.05524
8130001 2.04926
8140001 2.04561
8150001 2.05387
8160001 2.05965
8170001 2.05345
8180001 2.04713
8190001 2.05122
8200001 2.04763
8210001 2.04638
8220001 2.04917
8230001 2.04891
8240001 2.05324
8250001 2.05103
8260001 2.04846
8270001 2.05346
8280001 2.04992
8290001 2.04873
8300001 2.0521
8310001 2.05611
8320001 2.04881
8330001 2.05183
8340001 2.04454
8350001 2.04677
8360001 2.05008
8370001 2.05241
8380001 2.04699
8390001 2.0508
8400001 2.04415
8410001 2.04937
8420001 2.04925
8430001 2.05038
8440001 2.04735
8450001 2.0456
8460001 2.04639
8470001 2.03845
8480001 2.04357
8490001 2.0426
8500001 2.0562
8510001 2.04389
8520001 2.05176
8530001 2.05124
8540001 2.04318
8550001 2.04347
8560001 2.04332
8570001 2.04781
8580001 2.04201
8590001 2.038
8600001 2.04904
8610001 2.04369
8620001 2.04184
8630001 2.04446
8640001 2.0433
8650001 2.03719
8660001 2.04606
8670001 2.04687
8680001 2.04375
8690001 2.04882
8700001 2.04384
8710001 2.04278
8720001 2.03741
8730001 2.04652
8740001 2.05988
8750001 2.04537
8760001 2.04168
8770001 2.04605
8780001 2.03831
8790001 2.03926
8800001 2.04299
8810001 2.0401
8820001 2.03763
8830001 2.04485
8840001 2.04275
8850001 2.03976
8860001 2.04072
8870001 2.04756
8880001 2.02658
8890001 2.04017
8900001 2.03897
8910001 2.04686
8920001 2.04493
8930001 2.03276
8940001 2.03129
8950001 2.03765
8960001 2.04242
8970001 2.03997
8980001 2.04006
8990001 2.03552
9000001 2.04425
9010001 2.03328
9020001 2.04435
9030001 2.03738
9040001 2.03694
9050001 2.0428
9060001 2.0366
9070001 2.03961
9080001 2.04638
9090001 2.03778
9100001 2.03755
9110001 2.04163
9120001 2.04092
9130001 2.03438
9140001 2.03674
9150001 2.03663
9160001 2.03852
9170001 2.03211
9180001 2.03372
9190001 2.03484
9200001 2.03918
9210001 2.03884
9220001 2.0451
9230001 2.04119
9240001 2.04208
9250001 2.03191
9260001 2.03361
9270001 2.03482
9280001 2.04162
9290001 2.031
9300001 2.037
9310001 2.03689
9320001 2.03449
9330001 2.03923
9340001 2.03219
9350001 2.0391
9360001 2.03842
9370001 2.03261
9380001 2.0412
9390001 2.03761
9400001 2.03374
9410001 2.03833
9420001 2.03365
9430001 2.0394
9440001 2.03201
9450001 2.02432
9460001 2.03964
9470001 2.02709
9480001 2.03571
9490001 2.03416
9500001 2.02709
9510001 2.02867
9520001 2.03369
9530001 2.03439
9540001 2.03605
9550001 2.0365
9560001 2.02799
9570001 2.03203
9580001 2.04311
9590001 2.03421
9600001 2.0384
9610001 2.03
9620001 2.03113
9630001 2.03655
9640001 2.03539
9650001 2.02523
9660001 2.03138
9670001 2.02758
9680001 2.02513
9690001 2.02374
9700001 2.02767
9710001 2.02881
9720001 2.03468
9730001 2.03478
9740001 2.03159
9750001 2.0262
9760001 2.02776
9770001 2.02589
9780001 2.03616
9790001 2.03061
9800001 2.01988
9810001 2.03145
9820001 2.03363
9830001 2.02903
9840001 2.02923
9850001 2.03054
9860001 2.03639
9870001 2.024
9880001 2.02446
9890001 2.03136
9900001 2.02839
9910001 2.02902
9920001 2.02846
9930001 2.03017
9940001 2.02461
9950001 2.03338
9960001 2.02583
9970001 2.03124
9980001 2.02659
9990001 2.02002
10000001 2.02568
10010001 2.02707
10020001 2.03011
10030001 2.03045
10040001 2.02683
10050001 2.02621
10060001 2.02933
10070001 2.02552
10080001 2.02535
10090001 2.0226
10100001 2.02874
10110001 2.02633
10120001 2.02684
10130001 2.01997
10140001 2.0275
10150001 2.03085
10160001 2.02373
10170001 2.02829
10180001 2.03182
10190001 2.02677
10200001 2.02127
10210001 2.02293
10220001 2.0266
10230001 2.02746
10240001 2.02896
10250001 2.02572
10260001 2.02107
10270001 2.02028
10280001 2.01901
10290001 2.02461
10300001 2.01737
10310001 2.02732
10320001 2.02699
10330001 2.02032
10340001 2.0233
10350001 2.02263
10360001 2.02224
10370001 2.02831
10380001 2.0262
10390001 2.01974
10400001 2.02819
10410001 2.02336
10420001 2.02583
10430001 2.03095
10440001 2.02962
10450001 2.02714
10460001 2.02135
10470001 2.03051
10480001 2.02347
10490001 2.02465
10500001 2.02467
10510001 2.01952
10520001 2.01919
10530001 2.02108
10540001 2.02142
10550001 2.02042
10560001 2.03194
10570001 2.02341
10580001 2.02754
10590001 2.01758
10600001 2.02196
10610001 2.02293
10620001 2.02412
10630001 2.02679
10640001 2.02759
10650001 2.02405
10660001 2.02202
10670001 2.02259
10680001 2.01848
10690001 2.02087
10700001 2.02376
10710001 2.0272
10720001 2.02006
10730001 2.02587
10740001 2.0276
10750001 2.01993
10760001 2.02201
10770001 2.02224
10780001 2.01395
10790001 2.0104
10800001 2.02021
10810001 2.02214
10820001 2.02612
10830001 2.02853
10840001 2.02121
10850001 2.0216
10860001 2.0205
10870001 2.01903
10880001 2.01342
10890001 2.01956
10900001 2.02468
10910001 2.01941
10920001 2.0222
10930001 2.01448
10940001 2.01534
10950001 2.01381
10960001 2.0206
10970001 2.01685
10980001 2.01721
10990001 2.01431
11000001 2.0194
11010001 2.01275
11020001 2.02785
11030001 2.01438
11040001 2.02154
11050001 2.02734
11060001 2.01632
11070001 2.01709
11080001 2.0169
11090001 2.01491
11100001 2.02438
11110001 2.0216
11120001 2.01526
11130001 2.01469
11140001 2.01902
11150001 2.01546
11160001 2.01125
11170001 2.01987
11180001 2.01907
11190001 2.01873
11200001 2.01392
11210001 2.01692
11220001 2.01817
11230001 2.0144
11240001 2.00855
11250001 2.01433
11260001 2.01706
11270001 2.01942
11280001 2.02482
11290001 2.01988
11300001 2.01335
11310001 2.01452
11320001 2.01583
11330001 2.01852
11340001 2.01804
11350001 2.0186
11360001 2.01168
11370001 2.01398
11380001 2.01264
11390001 2.01472
11400001 2.00806
11410001 2.01026
11420001 2.02231
11430001 2.02125
11440001 2.02195
11450001 2.01382
11460001 2.0101
11470001 2.0195
11480001 2.01335
11490001 2.00834
11500001 2.02246
11510001 2.01002
11520001 2.01708
11530001 2.0206
11540001 2.01348
11550001 2.01121
11560001 2.01571
11570001 2.01565
11580001 2.00799
11590001 2.01477
11600001 2.01604
11610001 2.0142
11620001 2.02157
11630001 2.01017
11640001 2.01809
11650001 2.02466
11660001 2.01078
11670001 2.01356
11680001 2.01079
11690001 2.01082
11700001 2.00753
11710001 2.01143
11720001 2.01029
11730001 2.01204
11740001 2.00958
11750001 2.01297
11760001 2.01243
11770001 2.01402
11780001 2.01247
11790001 2.00767
11800001 2.00901
11810001 2.00911
11820001 2.0123
11830001 2.00982
11840001 2.01501
11850001 2.0108
11860001 2.01364
11870001 2.0037
11880001 2.0114
11890001 2.00796
11900001 2.00916
11910001 2.01798
11920001 2.01206
11930001 2.01101
11940001 2.01081
11950001 2.01058
11960001 2.0079
11970001 2.01096
11980001 2.01141
11990001 2.01173
12000001 2.00631
12010001 2.00782
12020001 2.01563
12030001 2.00982
12040001 2.01062
12050001 2.00936
12060001 2.00749
12070001 2.01047
12080001 2.01816
12090001 2.00562
12100001 2.01297
12110001 2.01007
12120001 2.0032
12130001 2.01152
12140001 2.00299
12150001 2.01439
12160001 2.01471
12170001 2.00866
12180001 2.01403
12190001 2.00481
12200001 2.00296
12210001 2.01606
12220001 2.00414
12230001 1.9999
12240001 2.0108
12250001 2.0087
12260001 2.01435
12270001 2.00418
12280001 2.01179
12290001 2.01477
12300001 2.0174
12310001 2.0036
12320001 2.00615
12330001 2.0046
12340001 2.00738
12350001 2.01052
12360001 2.00333
12370001 2.00775
12380001 2.01358
12390001 2.01279
12400001 2.01438
12410001 2.00799
12420001 2.00306
12430001 2.00528
12440001 2.00325
12450001 2.00885
12460001 2.0076
12470001 2.01315
12480001 2.01025
12490001 2.01041
12500001 2.00462
12510001 2.01237
12520001 2.00144
12530001 2.01256
12540001 2.01215
12550001 2.01349
12560001 2.00252
12570001 2.00249
12580001 1.99913
12590001 2.00581
12600001 2.00894
12610001 2.01067
12620001 1.99884
12630001 2.00504
12640001 2.0069
12650001 2.00517
12660001 2.00514
12670001 2.00637
12680001 2.0046
12690001 1.99963
12700001 2.00382
12710001 2.011
12720001 2.01025
12730001 2.00755
12740001 2.0062
12750001 2.00753
12760001 1.99854
12770001 1.99849
12780001 2.00362
12790001 2.00169
12800001 2.01363
12810001 2.00688
12820001 2.00128
12830001 2.00965
12840001 2.0008
12850001 2.00314
12860001 2.00652
12870001 2.00403
12880001 2.01242
12890001 2.00032
12900001 2.00634
12910001 2.00576
12920001 2.00579
12930001 1.99534
12940001 2.00205
12950001 2.00414
12960001 2.00023
12970001 2.00143
12980001 2.00961
12990001 2.00241
13000001 2.00316
13010001 2.00689
13020001 2.00561
13030001 1.99996
13040001 2.00312
13050001 2.00272
13060001 1.9939
13070001 2.0047
13080001 2.00191
13090001 2.0012
13100001 2.00713
13110001 2.00327
13120001 2.00649
13130001 2.00038
13140001 1.99968
13150001 2.00465
13160001 2.00039
13170001 2.00278
13180001 1.99473
13190001 1.99758
13200001 1.99708
13210001 1.99862
13220001 1.99825
13230001 2.00041
13240001 1.99983
13250001 1.99512
13260001 2.00312
13270001 1.99548
13280001 2.00078
13290001 2.00359
13300001 2.00588
13310001 2.00426
13320001 1.9995
13330001 2.00538
13340001 2.00146
13350001 2.00062
13360001 1.99902
13370001 1.99935
13380001 1.9996
13390001 2.00356
13400001 1.99703
13410001 1.99154
13420001 2.00465
13430001 2.00215
13440001 1.99709
13450001 1.99795
13460001 2.00071
13470001 1.9965
13480001 1.99535
13490001 1.99501
13500001 2.00047
13510001 2.00353
13520001 1.99724
13530001 1.99825
13540001 2.00282
13550001 1.99621
13560001 1.99828
13570001 1.99982
13580001 2.00182
13590001 2.00631
13600001 1.99213
13610001 1.99223
13620001 1.99557
13630001 2.00007
13640001 2.00322
13650001 2.0011
13660001 1.99998
13670001 1.99713
13680001 1.99839
13690001 1.99729
13700001 2.00881
13710001 2.00234
13720001 1.99641
13730001 1.99853
13740001 1.99496
13750001 1.99816
13760001 1.99253
13770001 1.98983
13780001 2.00269
13790001 1.99211
13800001 1.99788
13810001 1.99526
13820001 1.99119
13830001 1.99464
13840001 1.99573
13850001 2.00773
13860001 1.99758
13870001 2.00222
13880001 1.99969
13890001 1.99772
13900001 1.99295
13910001 1.99855
13920001 1.99648
13930001 1.98603
13940001 1.99486
13950001 2.00121
13960001 1.99432
13970001 1.99854
13980001 1.99382
13990001 1.98966
14000001 1.9982
14010001 1.99229
14020001 1.99288
14030001 1.99665
14040001 2.00394
14050001 1.99395
14060001 1.996
14070001 2.00434
14080001 1.99608
14090001 1.99346
14100001 1.99138
14110001 1.99227
14120001 1.99901
14130001 1.99706
14140001 1.9977
14150001 1.99467
14160001 1.98978
14170001 1.99877
14180001 1.98864
14190001 1.98678
14200001 1.99804
14210001 1.99777
14220001 1.99746
14230001 1.9895
14240001 1.99505
14250001 1.99246
14260001 1.99332
14270001 1.99691
14280001 1.99543
14290001 1.99756
14300001 1.99815
14310001 1.99261
14320001 1.99157
14330001 1.99092
14340001 1.99628
14350001 1.98496
14360001 1.9908
14370001 1.99233
14380001 1.99873
14390001 1.99362
14400001 1.99228
14410001 1.99094
14420001 1.99491
14430001 1.98793
14440001 1.99721
14450001 1.99127
14460001 1.99272
14470001 1.99556
14480001 1.99122
14490001 1.98588
14500001 1.98648
14510001 1.99735
14520001 1.99545
14530001 1.98944
14540001 1.98979
14550001 2.00221
14560001 1.9922
14570001 1.98764
14580001 1.99063
14590001 1.99512
14600001 1.99321
14610001 1.9895
14620001 1.98669
14630001 1.99189
14640001 1.99631
14650001 1.98958
14660001 1.99034
14670001 1.98732
14680001 1.9887
14690001 1.98856
14700001 1.98928
14710001 1.98469
14720001 1.992
14730001 1.98955
14740001 1.98443
14750001 1.99325
14760001 1.994
14770001 1.99175
14780001 1.99208
14790001 1.98952
14800001 1.98896
14810001 1.98411
14820001 1.99049
14830001 1.98657
14840001 1.98456
14850001 1.98866
14860001 1.99877
14870001 1.99571
14880001 1.98541
14890001 1.99029
14900001 1.98635
14910001 1.98758
14920001 1.98982
14930001 1.99283
14940001 1.98274
14950001 1.98707
14960001 1.98759
14970001 1.99111
14980001 1.99076
14990001 1.98767
15000001 1.98508
15010001 1.98663
15020001 1.98395
15030001 1.99012
15040001 1.99627
15050001 1.98612
15060001 1.99168
15070001 1.98727
15080001 1.98687
15090001 1.99305
15100001 1.98587
15110001 1.98752
15120001 1.98808
15130001 1.98801
15140001 1.99162
15150001 1.98417
15160001 1.99242
15170001 2.00088
15180001 1.98175
15190001 1.99366
15200001 1.98588
15210001 1.99073
15220001 1.98772
15230001 1.98736
15240001 1.99546
15250001 1.9844
15260001 1.98922
15270001 1.98838
15280001 1.99306
15290001 1.98463
15300001 1.99242
15310001 1.98938
15320001 1.98483
15330001 1.98517
15340001 1.98462
15350001 1.98703
15360001 1.99395
15370001 1.98123
15380001 1.98917
15390001 1.98539
15400001 1.97976
15410001 1.98391
15420001 1.98486
15430001 1.98622
15440001 1.98579
15450001 1.9901
15460001 1.97926
15470001 1.98765
15480001 1.98284
15490001 1.98237
15500001 1.9893
15510001 1.98161
15520001 1.98873
15530001 1.98542
15540001 1.98681
15550001 1.984
15560001 1.98957
15570001 1.98842
15580001 1.99436
15590001 1.9819
15600001 1.98702
15610001 1.9852
15620001 1.99187
15630001 1.98826
15640001 1.98003
15650001 1.98268
15660001 1.98497
15670001 1.98671
15680001 1.98064
15690001 1.97977
15700001 1.97852
15710001 1.98542
15720001 1.98566
15730001 1.98681
15740001 1.98747
15750001 1.98085
15760001 1.98375
15770001 1.98473
15780001 1.98816
15790001 1.98441
15800001 1.98203
15810001 1.98442
15820001 1.98245
15830001 1.98279
15840001 1.98469
15850001 1.9885
15860001 1.98578
15870001 1.98069
15880001 1.98357
15890001 1.98505
15900001 1.98546
15910001 1.98798
15920001 1.98336
15930001 1.97807
15940001 1.98073
15950001 1.98088
15960001 1.98602
15970001 1.98245
15980001 1.9853
15990001 1.98317
16000001 1.9834
16010001 1.98135
16020001 1.98545
16030001 1.98139
16040001 1.98402
16050001 1.98219
16060001 1.99052
16070001 1.98299
16080001 1.98264
16090001 1.98427
16100001 1.98627
16110001 1.98255
16120001 1.98589
16130001 1.97932
16140001 1.98613
16150001 1.9868
16160001 1.98619
16170001 1.98518
16180001 1.98097
16190001 1.98405
16200001 1.98151
16210001 1.98176
16220001 1.98639
16230001 1.9787
16240001 1.97504
16250001 1.98074
16260001 1.98441
16270001 1.98272
16280001 1.98232
16290001 1.99149
16300001 1.98551
16310001 1.97777
16320001 1.98048
16330001 1.97931
16340001 1.99071
16350001 1.98156
16360001 1.98137
16370001 1.98783
16380001 1.98465
16390001 1.97422
16400001 1.97668
16410001 1.97876
16420001 1.97362
16430001 1.98244
16440001 1.99135
16450001 1.98362
16460001 1.97998
16470001 1.98225
16480001 1.97973
16490001 1.98596
16500001 1.98603
16510001 1.98001
16520001 1.97977
16530001 1.98313
16540001 1.97625
16550001 1.98472
16560001 1.97688
16570001 1.97965
16580001 1.98354
16590001 1.98069
16600001 1.98672
16610001 1.98522
16620001 1.97956
16630001 1.98148
16640001 1.977
16650001 1.9804
16660001 1.97183
16670001 1.97949
16680001 1.97326
16690001 1.97814
16700001 1.98006
16710001 1.98188
16720001 1.98539
16730001 1.9838
16740001 1.97947
16750001 1.97781
16760001 1.97558
16770001 1.97723
16780001 1.97788
16790001 1.97133
16800001 1.98145
16810001 1.98907
16820001 1.98547
16830001 1.98302
16840001 1.97673
16850001 1.98545
16860001 1.97332
16870001 1.98577
16880001 1.96976
16890001 1.98004
16900001 1.9835
16910001 1.98273
16920001 1.97917
16930001 1.98643
16940001 1.98143
16950001 1.97436
16960001 1.98004
16970001 1.9765
16980001 1.98147
16990001 1.98798
17000001 1.97908
17010001 1.98248
17020001 1.97842
17030001 1.97606
17040001 1.98098
17050001 1.97897
17060001 1.97162
17070001 1.97826
17080001 1.98793
17090001 1.97323
17100001 1.97575
17110001 1.97804
17120001 1.98017
17130001 1.98128
17140001 1.97831
17150001 1.97928
17160001 1.98644
17170001 1.97104
17180001 1.98325
17190001 1.98007
17200001 1.97424
17210001 1.97574
17220001 1.97863
17230001 1.98526
17240001 1.97224
17250001 1.9768
17260001 1.98221
17270001 1.97641
17280001 1.97374
17290001 1.97964
17300001 1.97475
17310001 1.97154
17320001 1.97467
17330001 1.9756
17340001 1.97364
17350001 1.97298
17360001 1.97358
17370001 1.97705
17380001 1.97899
17390001 1.98026
17400001 1.97906
17410001 1.97765
17420001 1.96963
17430001 1.97176
17440001 1.97272
17450001 1.97552
17460001 1.97742
17470001 1.97957
17480001 1.9742
17490001 1.97833
17500001 1.97488
17510001 1.97907
17520001 1.9798
17530001 1.9798
17540001 1.98274
17550001 1.97299
17560001 1.97288
17570001 1.97031
17580001 1.97513
17590001 1.98251
17600001 1.97512
17610001 1.97087
17620001 1.97716
17630001 1.982
17640001 1.9776
17650001 1.9741
17660001 1.97435
17670001 1.97589
17680001 1.97092
17690001 1.96881
17700001 1.9754
17710001 1.97735
17720001 1.98006
17730001 1.97395
17740001 1.97587
17750001 1.96888
17760001 1.97479
17770001 1.97042
17780001 1.97934
17790001 1.98123
17800001 1.97454
17810001 1.98091
17820001 1.97564
17830001 1.98019
17840001 1.96882
17850001 1.96812
17860001 1.97517
17870001 1.97653
17880001 1.97281
17890001 1.97538
17900001 1.98016
17910001 1.96733
17920001 1.96871
17930001 1.97664
17940001 1.96694
17950001 1.97575
17960001 1.97523
17970001 1.97127
17980001 1.97274
17990001 1.97628
18000001 1.9774
18010001 1.98004
18020001 1.98185
18030001 1.96908
18040001 1.9745
18050001 1.97499
18060001 1.97793
18070001 1.97414
18080001 1.97588
18090001 1.98272
18100001 1.97396
18110001 1.97337
18120001 1.97722
18130001 2.12009
18140001 2.00043
18150001 1.9781
18160001 1.97232
18170001 1.97106
18180001 1.97469
18190001 1.9733
18200001 1.97318
18210001 1.98034
18220001 1.96847
18230001 1.97023
18240001 1.97396
18250001 1.97625
18260001 1.98048
18270001 1.97453
18280001 1.97142
18290001 1.96907
18300001 1.97003
18310001 1.978
18320001 1.97865
18330001 1.96887
18340001 1.9666
18350001 1.97173
18360001 1.96714
18370001 1.96595
18380001 1.97392
18390001 1.97216
18400001 1.96954
18410001 1.97332
18420001 1.972
18430001 1.96719
18440001 1.96657
18450001 1.96847
18460001 1.97575
18470001 1.97253
18480001 1.97547
18490001 1.97669
18500001 1.97321
18510001 1.97097
18520001 1.96965
18530001 1.97078
18540001 1.97634
18550001 1.97093
18560001 1.96531
18570001 1.97392
18580001 1.97073
18590001 1.96624
18600001 1.97445
18610001 1.97015
18620001 1.97252
18630001 1.97452
18640001 1.96693
18650001 1.96608
18660001 1.97036
18670001 1.97475
18680001 1.97619
18690001 1.97458
18700001 1.97258
18710001 1.9688
18720001 1.97506
18730001 1.97144
18740001 1.97247
18750001 1.96571
18760001 1.97267
18770001 1.97
18780001 1.97364
18790001 1.96856
18800001 1.96943
18810001 1.96659
18820001 1.96617
18830001 1.97047
18840001 1.97136
18850001 1.97555
18860001 1.97742
18870001 1.97287
18880001 1.96707
18890001 1.96898
18900001 1.97798
18910001 1.95947
18920001 1.96954
18930001 1.97774
18940001 1.96693
18950001 1.9658
18960001 1.96761
18970001 1.97238
18980001 1.96891
18990001 1.96964
19000001 1.9657
19010001 1.96041
19020001 1.96711
19030001 1.97911
19040001 1.97352
19050001 1.96818
19060001 1.97167
19070001 1.97343
19080001 1.97392
19090001 1.97112
19100001 1.96239
19110001 1.96684
19120001 1.96646
19130001 1.97268
19140001 1.96096
19150001 1.9692
19160001 1.97124
19170001 1.96879
19180001 1.96649
19190001 1.96364
19200001 1.97367
19210001 1.97235
19220001 1.96795
19230001 1.97323
19240001 1.97218
19250001 1.96115
19260001 1.97327
19270001 1.96877
19280001 1.9653
19290001 1.97085
19300001 1.97118
19310001 1.96962
19320001 1.96276
19330001 1.96621
19340001 1.96857
19350001 1.9667
19360001 1.97295
19370001 1.97609
19380001 1.97745
19390001 1.97455
19400001 1.96219
19410001 1.97192
19420001 1.97123
19430001 1.97031
19440001 1.97178
19450001 1.9738
19460001 1.96904
19470001 1.96924
19480001 1.96905
19490001 1.96338
19500001 1.96196
19510001 1.96331
19520001 1.96865
19530001 1.97515
19540001 1.96395
19550001 1.96974
19560001 1.96874
19570001 1.96399
19580001 1.9711
19590001 1.97038
19600001 1.96852
19610001 1.97054
19620001 1.96745
19630001 1.96783
19640001 1.96445
19650001 1.97054
19660001 1.96856
19670001 1.97142
19680001 1.9629
19690001 1.96622
19700001 1.97511
19710001 1.97191
19720001 1.9722
19730001 1.95864
19740001 1.96895
19750001 1.97262
19760001 1.96604
19770001 1.96469
19780001 1.96316
19790001 1.96719
19800001 1.96435
19810001 1.96048
19820001 1.96572
19830001 1.97014
19840001 1.96714
19850001 1.96299
19860001 1.97079
19870001 1.97045
19880001 1.96433
19890001 1.96443
19900001 1.96637
19910001 1.95986
19920001 1.96118
19930001 1.96187
19940001 1.96547
19950001 1.97496
19960001 1.96733
19970001 1.97049
19980001 1.96777
19990001 2.06694
20000001 1.97825
20010001 1.97192
20020001 1.96943
20030001 1.96899
20040001 1.96828
20050001 1.96839
20060001 1.96683
20070001 1.96923
20080001 1.96554
20090001 1.96826
20100001 1.97124
20110001 1.97023
20120001 1.97354
20130001 1.96171
20140001 1.97468
20150001 2.13455
20160001 2.02533
20170001 2.00362
20180001 1.97789
20190001 1.96975
20200001 1.9646
20210001 1.9745
20220001 1.96555
20230001 1.96625
20240001 1.96796
20250001 1.97116
20260001 1.96068
20270001 1.97028
20280001 1.96393
20290001 1.9676
20300001 1.96624
20310001 1.9627
20320001 1.97271
20330001 1.95885
20340001 1.96921
20350001 2.24794
20360001 2.02259
20370001 1.98231
20380001 1.97691
20390001 1.97982
20400001 1.97005
20410001 1.9707
20420001 1.9672
20430001 1.96099
20440001 1.96615
20450001 1.97101
20460001 1.96404
20470001 1.97547
20480001 1.96433
20490001 1.9657
20500001 1.966
20510001 1.96965
20520001 1.95792
20530001 1.97095
20540001 1.97048
20550001 1.96486
20560001 1.96864
20570001 1.96628
20580001 1.95914
20590001 1.96322
20600001 1.95891
20610001 1.9554
20620001 1.95565
20630001 1.96221
20640001 1.96734
20650001 1.96197
20660001 1.97178
20670001 1.96751
20680001 1.9672
20690001 1.96383
20700001 1.96372
20710001 1.96118
20720001 1.96611
20730001 1.9662
20740001 1.96671
20750001 1.97238
20760001 1.96049
20770001 1.9634
20780001 1.96027
20790001 1.97198
20800001 1.96018
20810001 1.95775
20820001 1.96361
20830001 1.95845
20840001 1.96585
20850001 1.96071
20860001 1.95678
20870001 1.96508
20880001 1.9627
20890001 1.95786
20900001 1.95833
20910001 1.96398
20920001 1.95699
20930001 1.96389
20940001 1.96742
20950001 1.96048
20960001 1.9651
20970001 1.95926
20980001 1.96287
20990001 1.96461
21000001 1.95625
21010001 1.9693
21020001 1.96225
21030001 1.96566
21040001 1.96389
21050001 1.96079
21060001 1.96148
21070001 1.96938
21080001 1.9585
21090001 1.95683
21100001 1.96548
21110001 1.96473
21120001 1.96421
21130001 1.96019
21140001 1.95659
21150001 2.50039
21160001 1.99329
21170001 1.96846
21180001 1.96587
21190001 1.95754
21200001 1.96357
21210001 1.96186
21220001 1.96196
21230001 1.95804
21240001 1.96108
21250001 1.96362
21260001 1.96406
21270001 1.96434
21280001 1.95914
21290001 1.95753
21300001 1.96494
21310001 1.95781
21320001 1.96443
21330001 1.95786
21340001 1.96292
21350001 1.96552
21360001 1.95995
21370001 1.96488
21380001 1.96622
21390001 1.97078
21400001 1.96872
21410001 1.95787
21420001 1.96454
21430001 1.95565
21440001 1.96288
21450001 1.96365
21460001 1.95663
21470001 1.96196
21480001 1.95736
21490001 1.95771
21500001 1.95913
21510001 1.95759
21520001 1.95852
21530001 1.95835
21540001 1.95844
21550001 1.95726
21560001 1.95682
21570001 1.9575
21580001 1.95229
21590001 1.96213
21600001 1.95895
21610001 1.95322
21620001 1.95469
21630001 1.96335
21640001 1.9582
21650001 1.95872
21660001 1.9553
21670001 1.95955
21680001 1.95841
21690001 1.9584
21700001 1.9538
21710001 1.9627
21720001 1.95763
21730001 1.95433
21740001 1.94962
21750001 1.96906
21760001 1.96094
21770001 1.95493
21780001 1.9545
21790001 1.96483
21800001 1.95993
21810001 1.95782
21820001 1.96515
21830001 1.95203
21840001 1.95795
21850001 1.96617
21860001 1.95734
21870001 1.96517
21880001 1.96706
21890001 1.96284
21900001 1.96052
21910001 1.9598
21920001 1.95173
21930001 1.95886
21940001 1.9561
21950001 1.96003
21960001 1.95155
21970001 1.95782
21980001 1.96233
21990001 1.95534
22000001 1.95709
22010001 1.96655
22020001 1.9595
22030001 1.95829
22040001 1.96212
22050001 1.9638
22060001 1.96298
22070001 1.95508
22080001 1.95743
22090001 1.9593
22100001 1.96076
22110001 1.9644
22120001 1.95436
22130001 1.9584
22140001 1.95125
22150001 1.96041
22160001 1.95494
22170001 1.959
22180001 1.95646
22190001 1.9582
22200001 1.95839
22210001 1.9588
22220001 1.95226
22230001 1.9558
22240001 1.95866
22250001 1.95356
22260001 1.95795
22270001 1.96017
22280001 1.95285
22290001 1.95578
22300001 1.96056
22310001 1.95771
22320001 1.9556
22330001 1.95064
22340001 1.95786
22350001 1.95756
22360001 1.96135
22370001 1.95851
22380001 1.96787
22390001 1.96197
22400001 1.96075
22410001 1.95738
22420001 1.96503
22430001 1.96041
22440001 1.95423
22450001 1.95144
22460001 1.96598
22470001 1.95312
22480001 1.95808
22490001 1.95311
22500001 1.96387
22510001 1.95157
22520001 1.95784
22530001 1.95432
22540001 1.95089
22550001 1.95496
22560001 1.95585
22570001 1.96338
22580001 1.95449
22590001 1.95727
22600001 1.95598
22610001 1.95846
22620001 1.95638
22630001 1.9549
22640001 1.95138
22650001 1.95249
22660001 1.95727
22670001 1.96213
22680001 1.95354
22690001 1.95328
22700001 1.95837
22710001 1.95487
22720001 1.96528
22730001 1.96021
22740001 1.95904
22750001 1.9627
22760001 1.96367
22770001 1.95934
22780001 1.95988
22790001 1.94941
22800001 1.95729
22810001 1.96092
22820001 1.95452
22830001 1.95992
22840001 1.9643
22850001 1.95716
22860001 1.95615
22870001 1.95479
22880001 1.95139
22890001 1.94683
22900001 1.95532
22910001 1.95602
22920001 1.95461
22930001 1.95395
22940001 1.95136
22950001 1.95344
22960001 1.95286
22970001 1.96135
22980001 1.95617
22990001 1.95748
23000001 1.95604
23010001 1.96103
23020001 1.95188
23030001 1.95581
23040001 1.95585
23050001 1.95483
23060001 1.95504
23070001 1.94543
23080001 1.95241
23090001 1.9604
23100001 1.95446
23110001 1.961
23120001 1.9498
23130001 1.95536
23140001 1.9572
23150001 1.95613
23160001 1.95689
23170001 1.95805
23180001 1.95528
23190001 1.96074
23200001 1.95207
23210001 1.95486
23220001 1.95356
23230001 1.94908
23240001 1.95102
23250001 1.95911
23260001 1.95708
23270001 1.96676
23280001 1.95859
23290001 1.96024
23300001 1.96106
23310001 1.96022
23320001 1.94986
23330001 1.95136
23340001 1.95427
23350001 1.94454
23360001 1.95963
23370001 1.95452
23380001 1.95093
23390001 1.95764
23400001 1.9602
23410001 1.94987
23420001 1.9582
23430001 1.9577
23440001 1.94993
23450001 1.95775
23460001 1.95829
23470001 1.95947
23480001 1.9492
23490001 1.95803
23500001 1.95363
23510001 1.94946
23520001 1.95832
23530001 1.9538
23540001 1.94742
23550001 1.9557
23560001 1.959
23570001 1.96418
23580001 1.96087
23590001 1.96483
23600001 1.95427
23610001 1.95272
23620001 1.95262
23630001 1.96128
23640001 1.96395
23650001 1.95192
23660001 1.95336
23670001 1.95049
23680001 1.95687
23690001 1.9552
23700001 1.95458
23710001 1.95671
23720001 1.95389
23730001 1.95505
23740001 1.95402
23750001 1.95476
23760001 1.95026
23770001 1.95021
23780001 1.94945
23790001 1.95226
23800001 1.94852
23810001 1.95178
23820001 1.94506
23830001 1.95265
23840001 1.94901
23850001 1.95117
23860001 1.95171
23870001 1.95611
23880001 1.9515
23890001 1.94974
23900001 1.95544
23910001 1.95422
23920001 1.95592
23930001 1.94971
23940001 1.9504
23950001 1.9574
23960001 1.95592
23970001 1.95044
23980001 1.94872
23990001 1.94645
24000001 1.95272
24010001 1.95066
24020001 1.95521
24030001 1.95454
24040001 1.95015
24050001 1.95011
24060001 1.95365
24070001 1.95972
24080001 1.94692
24090001 1.945
24100001 1.95517
24110001 1.95085
24120001 1.95132
24130001 1.95196
24140001 1.94842
24150001 1.95246
24160001 1.95657
24170001 1.94497
24180001 1.94891
24190001 1.95047
24200001 1.95605
24210001 1.9446
24220001 1.95371
24230001 1.95638
24240001 1.95196
24250001 1.95656
24260001 1.95845
24270001 1.95537
24280001 1.94935
24290001 1.94723
24300001 1.96434
24310001 1.95736
24320001 1.94612
24330001 1.95369
24340001 1.95349
24350001 1.94991
24360001 1.95988
24370001 1.95218
24380001 1.944
24390001 1.95892
24400001 1.95329
24410001 1.95142
24420001 1.9505
24430001 1.94578
24440001 1.95056
24450001 1.94782
24460001 1.95401
24470001 1.95471
24480001 1.95146
24490001 1.9478
24500001 1.94319
24510001 1.95183
24520001 1.95452
24530001 1.95826
24540001 1.9515
24550001 1.95962
24560001 1.95452
24570001 1.95089
24580001 1.96128
24590001 1.94996
24600001 1.95269
24610001 1.94959
24620001 1.95382
24630001 1.94918
24640001 1.95666
24650001 1.95054
24660001 1.95812
24670001 1.95066
24680001 1.94845
24690001 1.94685
24700001 1.9571
24710001 1.95045
24720001 1.95521
24730001 1.94555
24740001 1.94524
24750001 1.95285
24760001 1.94853
24770001 1.95113
24780001 1.94441
24790001 1.94449
24800001 1.95552
24810001 1.94821
24820001 1.94908
24830001 1.95685
24840001 1.94934
24850001 1.94701
24860001 1.9497
24870001 1.95095
24880001 1.95083
24890001 1.95555
24900001 1.95078
24910001 1.94982
24920001 1.95131
24930001 1.95192
24940001 1.95754
24950001 1.9444
24960001 1.94976
24970001 1.95709
24980001 1.94541
24990001 1.9474
25000001 1.94568
25010001 1.95609
25020001 1.952
25030001 1.95294
25040001 1.94775
25050001 1.94972
25060001 1.9496
25070001 1.9476
25080001 1.95733
25090001 1.95394
25100001 1.95275
25110001 1.94972
25120001 1.94587
25130001 1.94483
25140001 1.94596
25150001 1.95439
25160001 1.95147
25170001 1.94388
25180001 1.95156
25190001 1.94945
25200001 1.94482
25210001 1.95477
25220001 1.95604
25230001 1.9454
25240001 1.94727
25250001 1.95377
25260001 1.95005
25270001 1.95025
25280001 1.95371
25290001 1.95366
25300001 1.94899
25310001 1.93963
25320001 2.08925
25330001 1.97681
25340001 1.95152
25350001 1.946
25360001 1.94318
25370001 1.95565
25380001 1.9558
25390001 1.94549
25400001 1.94522
25410001 1.94423
25420001 1.947
25430001 1.95288
25440001 1.94614
25450001 1.94227
25460001 1.94985
25470001 1.94729
25480001 1.94588
25490001 1.95351
25500001 1.94374
25510001 1.9458
25520001 1.9444
25530001 1.94791
25540001 1.94691
25550001 1.94866
25560001 1.94801
25570001 1.95205
25580001 1.94367
25590001 1.9539
25600001 1.9431
25610001 1.94792
25620001 1.95117
25630001 1.94498
25640001 1.95526
25650001 1.94337
25660001 1.94807
25670001 1.94386
25680001 1.94417
25690001 1.93881
25700001 1.9542
25710001 1.94867
25720001 1.94905
25730001 1.95012
25740001 1.94672
25750001 1.95253
25760001 1.94595
25770001 1.94691
25780001 1.94946
25790001 1.94956
25800001 1.95041
25810001 1.94034
25820001 1.95012
25830001 1.94535
25840001 1.95324
25850001 1.94938
25860001 1.94296
25870001 1.95355
25880001 1.93979
25890001 1.94127
25900001 1.94525
25910001 1.95131
25920001 1.94754
25930001 1.94426
25940001 1.94641
25950001 1.95701
25960001 1.94957
25970001 1.94635
25980001 1.94819
25990001 1.94661
26000001 1.94445
26010001 1.94865
26020001 1.9522
26030001 1.95429
26040001 1.94553
26050001 1.94138
26060001 1.95053
26070001 1.94476
26080001 1.9386
26090001 1.95116
26100001 1.94609
26110001 1.94122
26120001 1.94312
26130001 1.95234
26140001 1.94751
26150001 1.94482
26160001 1.95075
26170001 1.94569
26180001 1.94811
26190001 1.93841
26200001 1.94461
26210001 1.95323
26220001 1.94193
26230001 1.944
26240001 1.94145
26250001 1.95284
26260001 1.94973
26270001 1.9468
26280001 1.95074
26290001 1.93861
26300001 1.95397
26310001 1.94897
26320001 1.9471
26330001 1.94856
26340001 1.94494
26350001 1.94425
26360001 1.94347
26370001 1.93462
26380001 1.94337
26390001 1.95078
26400001 1.94239
26410001 1.94362
26420001 1.95093
26430001 1.94482
26440001 1.94975
26450001 1.95143
26460001 1.94364
26470001 1.94756
26480001 1.95433
26490001 1.95343
26500001 1.94994
26510001 1.9516
26520001 1.94774
26530001 1.95238
26540001 1.94411
26550001 1.94666
26560001 1.94096
26570001 1.94887
26580001 1.94314
26590001 1.94966
26600001 1.95222
26610001 1.95064
26620001 1.9425
26630001 1.95072
26640001 1.93445
26650001 1.94442
26660001 1.93962
26670001 1.939
26680001 1.94246
26690001 1.94924
26700001 1.94497
26710001 1.94716
26720001 1.94985
26730001 1.94095
26740001 1.95084
26750001 1.95897
26760001 1.9435
26770001 1.95181
26780001 1.95232
26790001 1.94679
26800001 1.94033
26810001 1.94642
26820001 1.94361
26830001 1.94683
26840001 1.9434
26850001 1.941
26860001 1.95292
26870001 1.94512
26880001 1.94477
26890001 1.94178
26900001 1.94544
26910001 1.94734
26920001 1.94418
26930001 1.94031
26940001 1.95075
26950001 2.19305
26960001 1.99917
26970001 1.95877
26980001 1.95251
26990001 1.95296
27000001 1.95103
27010001 1.95411
27020001 1.93927
27030001 1.93755
27040001 1.95177
27050001 1.94176
27060001 1.94531
27070001 1.94338
27080001 1.9459
27090001 1.9452
27100001 1.94797
27110001 1.94387
27120001 1.94585
27130001 1.94909
27140001 1.94698
27150001 1.934
27160001 1.94518
27170001 1.94119
27180001 1.9471
27190001 1.94169
27200001 1.94803
27210001 1.94059
27220001 1.9389
27230001 1.93561
27240001 1.94431
27250001 1.94357
27260001 1.94116
27270001 1.94789
27280001 1.94355
27290001 1.9498
27300001 1.94169
27310001 1.94622
27320001 1.94131
27330001 1.94606
27340001 1.93739
27350001 1.94277
27360001 1.9377
27370001 1.94648
27380001 1.93877
27390001 1.94265
27400001 1.94574
27410001 1.9472
27420001 1.93866
27430001 1.95207
27440001 1.94358
27450001 1.94868
27460001 1.94047
27470001 1.93953
27480001 1.94095
27490001 1.94606
27500001 1.94323
27510001 1.9363
27520001 1.93546
27530001 1.9439
27540001 1.9472
27550001 1.94896
27560001 1.94933
27570001 1.9381
27580001 1.93745
27590001 1.93546
27600001 1.94017
27610001 1.94362
27620001 1.93465
27630001 1.93889
27640001 1.94987
27650001 1.94749
27660001 1.94773
27670001 1.94703
27680001 1.93516
27690001 1.94491
27700001 1.93721
27710001 1.94352
27720001 1.94104
27730001 1.94377
27740001 1.93279
27750001 1.94085
27760001 1.93403
27770001 1.93853
27780001 1.94033
27790001 1.94364
27800001 1.93768
27810001 1.93925
27820001 1.94234
27830001 1.94952
27840001 1.93911
27850001 1.94847
27860001 1.9391
27870001 1.95139
27880001 1.94326
27890001 1.94354
27900001 1.94913
27910001 1.94271
27920001 1.93921
27930001 1.93475
27940001 1.94881
27950001 1.94758
27960001 1.94582
27970001 1.94247
27980001 1.93886
27990001 1.95083
28000001 1.94035
28010001 1.93924
28020001 1.94489
28030001 1.93364
28040001 1.94963
28050001 1.93821
28060001 1.94409
28070001 1.94555
28080001 1.9383
28090001 1.94927
28100001 1.94746
28110001 1.94856
28120001 1.94466
28130001 1.9474
28140001 1.93995
28150001 1.93934
28160001 1.94483
28170001 1.94513
28180001 1.94156
28190001 1.94042
28200001 1.93569
28210001 1.9407
28220001 1.9491
28230001 1.93669
28240001 1.94587
28250001 1.93935
28260001 1.94671
28270001 1.93926
28280001 1.93537
28290001 1.94636
28300001 1.94328
28310001 1.94166
28320001 1.94127
28330001 1.94343
28340001 1.94494
28350001 1.94431
28360001 1.94274
28370001 1.94386
28380001 1.94397
28390001 1.93371
28400001 1.93827
28410001 1.93533
28420001 1.9468
28430001 1.94096
28440001 1.95828
28450001 1.93894
28460001 1.93876
28470001 1.94534
28480001 1.9393
28490001 1.93729
28500001 1.93851
28510001 1.94156
28520001 1.94083
28530001 1.94417
28540001 1.94007
28550001 1.93826
28560001 1.94422
28570001 1.93781
28580001 1.93586
28590001 1.93455
28600001 1.94214
28610001 1.94097
28620001 1.93923
28630001 1.93758
28640001 1.94579
28650001 1.93353
28660001 1.93851
28670001 1.93567
28680001 1.94141
28690001 1.94408
28700001 1.93895
28710001 1.93368
28720001 1.94113
28730001 1.94196
28740001 1.94118
28750001 1.93978
28760001 1.93508
28770001 1.93413
28780001 1.93748
28790001 1.94046
28800001 1.94084
28810001 1.95023
28820001 1.94149
28830001 1.93867
28840001 1.94216
28850001 1.93998
28860001 1.93799
28870001 1.9474
28880001 1.93749
28890001 1.93494
28900001 1.94192
28910001 1.93991
28920001 1.94165
28930001 1.94051
28940001 1.94082
28950001 1.94733
28960001 1.94388
28970001 1.94433
28980001 1.93187
28990001 1.94069
29000001 1.93531
29010001 1.93813
29020001 1.93851
29030001 1.94036
29040001 1.94067
29050001 1.9474
29060001 1.93719
29070001 1.94447
29080001 1.93875
29090001 1.94202
29100001 1.94829
29110001 1.93783
29120001 1.93846
29130001 1.93727
29140001 1.94199
29150001 1.94197
29160001 1.93849
29170001 1.9423
29180001 1.94166
29190001 1.94087
29200001 1.94616
29210001 1.9347
29220001 1.94287
29230001 1.93439
29240001 1.93894
29250001 1.94263
29260001 1.93497
29270001 1.93619
29280001 1.93187
29290001 1.93861
29300001 1.94057
29310001 1.9423
29320001 1.94068
29330001 1.93522
29340001 1.93853
29350001 1.94315
29360001 1.93799
29370001 1.93618
29380001 1.94339
29390001 1.94285
29400001 1.93972
29410001 1.94218
29420001 1.93601
29430001 1.9331
29440001 1.9421
29450001 1.94042
29460001 1.93895
29470001 1.94145
29480001 1.93194
29490001 1.94676
29500001 1.9381
29510001 1.9368
29520001 1.93651
29530001 1.93214
29540001 1.93593
29550001 1.93632
29560001 1.93352
29570001 1.94018
29580001 1.93946
29590001 1.93394
29600001 1.93717
29610001 1.93302
29620001 1.93865
29630001 1.93635
29640001 1.94178
29650001 1.93788
29660001 1.93795
29670001 1.93535
29680001 1.94127
29690001 1.93321
29700001 1.93266
29710001 1.93921
29720001 1.93349
29730001 1.94003
29740001 1.93913
29750001 1.93048
29760001 1.93322
29770001 1.9405
29780001 1.94371
29790001 1.94249
29800001 1.93453
29810001 1.93259
29820001 1.94272
29830001 1.93691
29840001 1.94729
29850001 1.93229
29860001 1.93727
29870001 1.93828
29880001 1.93553
29890001 1.93786
29900001 1.93504
29910001 1.93883
29920001 1.93903
29930001 1.93685
29940001 1.94007
29950001 1.94562
29960001 1.94013
29970001 1.93724
29980001 1.94577
29990001 1.93778
