1 2155.8
10001 51.0793
20001 21.6512
30001 13.2124
40001 9.56435
50001 7.69663
60001 6.59337
70001 5.88288
80001 5.43011
90001 5.0719
100001 4.84956
110001 4.68803
120001 4.54252
130001 4.43015
140001 4.3379
150001 4.24881
160001 4.20454
170001 4.15153
180001 4.13472
190001 4.08751
200001 4.06704
210001 4.05076
220001 4.02438
230001 4.01074
240001 4.0012
250001 3.96982
260001 3.94653
270001 3.96658
280001 3.94509
290001 3.91515
300001 3.93851
310001 3.91591
320001 3.911
330001 3.90631
340001 3.90438
350001 3.89965
360001 3.90714
370001 3.90516
380001 3.87434
390001 3.89484
400001 3.87413
410001 3.88951
420001 3.86839
430001 3.89539
440001 3.87132
450001 3.8759
460001 3.84926
470001 3.86389
480001 3.86087
490001 3.86783
500001 3.84627
510001 3.8712
520001 3.85737
530001 3.87582
540001 3.86101
550001 3.84948
560001 3.85648
570001 3.86744
580001 3.87826
590001 3.85826
600001 3.86922
610001 3.84679
620001 3.85216
630001 3.85277
640001 3.84502
650001 3.8481
660001 3.85649
670001 3.84949
680001 3.85202
690001 3.8518
700001 3.85633
710001 3.85705
720001 3.85523
730001 3.84512
740001 3.85759
750001 3.84926
760001 3.85665
770001 3.85464
780001 3.84121
790001 3.85367
800001 3.85219
810001 3.83975
820001 3.84331
830001 3.83421
840001 3.85896
850001 3.86544
860001 3.83328
870001 3.85498
880001 3.84476
890001 3.84023
900001 3.86465
910001 3.85535
920001 3.85657
930001 3.83707
940001 3.83715
950001 3.84985
960001 3.85926
970001 3.84027
980001 3.84232
990001 3.83604
1000001 3.8426
1010001 3.83312
1020001 3.82575
1030001 3.83633
1040001 3.83307
1050001 3.85947
1060001 3.8393
1070001 3.86121
1080001 3.87513
1090001 3.84867
1100001 3.84066
1110001 3.84814
1120001 3.84322
1130001 3.84384
1140001 3.83469
1150001 3.82486
1160001 3.8342
1170001 3.85238
1180001 3.84304
1190001 3.84539
1200001 3.82579
1210001 3.84717
1220001 3.85794
1230001 3.83324
1240001 3.82989
1250001 3.84256
1260001 3.84534
1270001 3.84931
1280001 3.83301
1290001 3.83967
1300001 3.85243
1310001 3.8641
1320001 3.84064
1330001 3.83045
1340001 3.83412
1350001 3.84126
1360001 3.83971
1370001 3.86041
1380001 3.83558
1390001 3.84186
1400001 3.82211
1410001 3.83623
1420001 3.8451
1430001 3.8431
1440001 3.83227
1450001 3.86144
1460001 3.86036
1470001 3.84488
1480001 3.83713
1490001 3.83321
1500001 3.84985
1510001 3.84228
1520001 3.84234
1530001 3.83214
1540001 3.82642
1550001 3.84488
1560001 3.85353
1570001 3.85382
1580001 3.83234
1590001 3.83893
1600001 3.83849
1610001 3.84881
1620001 3.83946
1630001 3.83243
1640001 3.84177
1650001 3.83948
1660001 3.83749
1670001 3.82878
1680001 3.83053
1690001 3.83786
1700001 3.84205
1710001 3.8496
1720001 3.85704
1730001 3.83883
1740001 3.83591
1750001 3.84507
1760001 3.83866
1770001 3.84553
1780001 3.81754
1790001 3.83477
1800001 3.8336
1810001 3.84843
1820001 3.82777
1830001 3.83227
1840001 3.84529
1850001 3.84172
1860001 3.82952
1870001 3.84647
1880001 3.84574
1890001 3.84187
1900001 3.85035
1910001 3.82758
1920001 3.84078
1930001 3.82414
1940001 3.84025
1950001 3.83162
1960001 3.85172
1970001 3.83899
1980001 3.84384
1990001 3.85319
2000001 3.83417
2010001 3.83642
2020001 3.83892
2030001 3.83536
2040001 3.83788
2050001 3.83656
2060001 3.83691
2070001 3.84148
2080001 3.82793
2090001 3.83737
2100001 3.86002
2110001 3.84895
2120001 3.838
2130001 3.82688
2140001 3.84111
2150001 3.84659
2160001 3.82212
2170001 3.83808
2180001 3.84136
2190001 3.84096
2200001 3.83692
2210001 3.83685
2220001 3.86431
2230001 3.84084
2240001 3.84111
2250001 3.82462
2260001 3.85665
2270001 3.83855
2280001 3.84854
2290001 3.84915
2300001 3.83116
2310001 3.82603
2320001 3.83113
2330001 3.84012
2340001 3.84152
2350001 3.84769
2360001 3.84711
2370001 3.85112
2380001 3.84915
2390001 3.82953
2400001 3.83035
2410001 3.84346
2420001 3.83913
2430001 3.83187
2440001 3.81822
2450001 3.82949
2460001 3.84558
2470001 3.82822
2480001 3.83281
2490001 3.8575
2500001 3.85255
2510001 3.83822
2520001 3.8395
2530001 3.83037
2540001 3.83165
2550001 3.82566
2560001 3.84668
2570001 3.84128
2580001 3.83678
2590001 3.83839
2600001 3.82279
2610001 3.84846
2620001 3.83306
2630001 3.82917
2640001 3.82981
2650001 3.83754
2660001 3.82014
2670001 3.84901
2680001 3.82479
2690001 3.83894
2700001 3.84583
2710001 3.83352
2720001 3.84401
2730001 3.83476
2740001 3.82184
2750001 3.83233
2760001 3.84543
2770001 3.8394
2780001 3.83484
2790001 3.83925
2800001 3.82641
2810001 3.82952
2820001 3.83911
2830001 3.83677
2840001 3.86206
2850001 3.8332
2860001 3.84717
2870001 3.8438
2880001 3.86303
2890001 3.83014
2900001 3.84856
2910001 3.83084
2920001 3.83878
2930001 3.85996
2940001 3.84734
2950001 3.84723
2960001 3.82682
2970001 3.84372
2980001 3.84169
2990001 3.84516
3000001 3.8332
3010001 3.85005
3020001 3.83671
3030001 3.85234
3040001 3.83898
3050001 3.85397
3060001 3.84658
3070001 3.84287
3080001 3.82019
3090001 3.83666
3100001 3.8375
3110001 3.85843
3120001 3.85159
3130001 3.84285
3140001 3.84628
3150001 3.83523
3160001 3.83132
3170001 3.86582
3180001 3.82669
3190001 3.84012
3200001 3.83531
3210001 3.83943
3220001 3.85616
3230001 3.86201
3240001 3.82947
3250001 3.83779
3260001 3.832
3270001 3.83775
3280001 3.84438
3290001 3.84747
3300001 3.83603
3310001 3.84343
3320001 3.82527
3330001 3.85388
3340001 3.83564
3350001 3.8476
3360001 3.84516
3370001 3.83647
3380001 3.85539
3390001 3.84784
3400001 3.83764
3410001 3.84299
3420001 3.83307
3430001 3.83408
3440001 3.84532
3450001 3.82651
3460001 3.82049
3470001 3.82648
3480001 3.83601
3490001 3.83076
3500001 3.83966
3510001 3.85436
3520001 3.82659
3530001 3.84205
3540001 3.8439
3550001 3.82518
3560001 3.8475
3570001 3.83351
3580001 3.85122
3590001 3.83996
3600001 3.83769
3610001 3.8381
3620001 3.83325
3630001 3.83945
3640001 3.83817
3650001 3.83943
3660001 3.8345
3670001 3.83664
3680001 3.82416
3690001 3.84326
3700001 3.81147
3710001 3.84417
3720001 3.84976
3730001 3.82875
3740001 3.83481
3750001 3.84548
3760001 3.85174
3770001 3.84739
3780001 3.8463
3790001 3.84604
3800001 3.84848
3810001 3.84102
3820001 3.83972
3830001 3.83175
3840001 3.85362
3850001 3.84605
3860001 3.84017
3870001 3.83166
3880001 3.83773
3890001 3.82768
3900001 3.84215
3910001 3.85142
3920001 3.83727
3930001 3.85332
3940001 3.84413
3950001 3.84909
3960001 3.83798
3970001 3.82131
3980001 3.82926
3990001 3.83458
4000001 3.83761
4010001 3.8303
4020001 3.84302
4030001 3.85117
4040001 3.85497
4050001 3.82342
4060001 3.8478
4070001 3.83248
4080001 3.84819
4090001 3.85898
4100001 3.83595
4110001 3.82738
4120001 3.84035
4130001 3.83829
4140001 3.8374
4150001 3.84762
4160001 3.83577
4170001 3.84445
4180001 3.8268
4190001 3.8412
4200001 3.84031
4210001 3.83516
4220001 3.83588
4230001 3.83312
4240001 3.86246
4250001 3.864
4260001 3.83432
4270001 3.83008
4280001 3.82989
4290001 3.84861
4300001 3.84992
4310001 3.82317
4320001 3.83656
4330001 3.83296
4340001 3.85806
4350001 3.84998
4360001 3.85692
4370001 3.85017
4380001 3.83143
4390001 3.84275
4400001 3.84864
4410001 3.83551
4420001 3.84805
4430001 3.82569
4440001 3.82902
4450001 3.83547
4460001 3.84492
4470001 3.83971
4480001 3.83798
4490001 3.85037
4500001 3.83938
4510001 3.83752
4520001 3.85929
4530001 3.83574
4540001 3.83286
4550001 3.85634
4560001 3.83467
4570001 3.82419
4580001 3.83208
4590001 3.82707
4600001 3.84643
4610001 3.83282
4620001 3.82362
4630001 3.83131
4640001 3.84438
4650001 3.84374
4660001 3.83524
4670001 3.82328
4680001 3.83015
4690001 3.85072
4700001 3.84416
4710001 3.84448
4720001 3.85289
4730001 3.84897
4740001 3.83248
4750001 3.8216
4760001 3.85759
4770001 3.83994
4780001 3.84574
4790001 3.83919
4800001 3.83432
4810001 3.84845
4820001 3.82292
4830001 3.83907
4840001 3.8394
4850001 3.85306
4860001 3.82389
4870001 3.85417
4880001 3.85234
4890001 3.83604
4900001 3.85116
4910001 3.84401
4920001 3.85341
4930001 3.82352
4940001 3.85954
4950001 3.83405
4960001 3.85031
4970001 3.83796
4980001 3.83996
4990001 3.83703
5000001 3.84658
5010001 3.85241
5020001 3.83066
5030001 3.85526
5040001 3.85242
5050001 3.83409
5060001 3.8496
5070001 3.82911
5080001 3.84906
5090001 3.8505
5100001 3.82653
5110001 3.85089
5120001 3.84687
5130001 3.84736
5140001 3.84183
5150001 3.83952
5160001 3.83136
5170001 3.83728
5180001 3.83971
5190001 3.8393
5200001 3.83501
5210001 3.84856
5220001 3.83035
5230001 3.83522
5240001 3.83541
5250001 3.83388
5260001 3.86615
5270001 3.84703
5280001 3.84341
5290001 3.84737
5300001 3.82775
5310001 3.84134
5320001 3.83053
5330001 3.83756
5340001 3.85385
5350001 3.85264
5360001 3.8378
5370001 3.8372
5380001 3.83537
5390001 3.8461
5400001 3.83181
5410001 3.84546
5420001 3.85137
5430001 3.84094
5440001 3.8485
5450001 3.84479
5460001 3.84673
5470001 3.84088
5480001 3.85065
5490001 3.85182
5500001 3.83165
5510001 3.83355
5520001 3.84542
5530001 3.83512
5540001 3.8398
5550001 3.83793
5560001 3.85021
5570001 3.83645
5580001 3.83473
5590001 3.81276
5600001 3.83842
5610001 3.84082
5620001 3.834
5630001 3.8517
5640001 3.83206
5650001 3.82819
5660001 3.8362
5670001 3.83696
5680001 3.83361
5690001 3.8365
5700001 3.83951
5710001 3.84735
5720001 3.83384
5730001 3.84971
5740001 3.81776
5750001 3.84507
5760001 3.85578
5770001 3.83364
5780001 3.84738
5790001 3.83432
5800001 3.83829
5810001 3.84524
5820001 3.83492
5830001 3.84961
5840001 3.8384
5850001 3.82953
5860001 3.86026
5870001 3.83062
5880001 3.85631
5890001 3.8315
5900001 3.8482
5910001 3.84121
5920001 3.83079
5930001 3.83564
5940001 3.82814
5950001 3.85603
5960001 3.83584
5970001 3.8194
5980001 3.85335
5990001 3.84029
6000001 3.84485
6010001 3.84007
6020001 3.82705
6030001 3.83754
6040001 3.84634
6050001 3.83228
6060001 3.83978
6070001 3.83656
6080001 3.85268
6090001 3.83131
6100001 3.8482
6110001 3.85809
6120001 3.85027
6130001 3.84236
6140001 3.84428
6150001 3.85425
6160001 3.84357
6170001 3.82474
6180001 3.84738
6190001 3.86049
6200001 3.8187
6210001 3.84646
6220001 3.85239
6230001 3.81853
6240001 3.8429
6250001 3.82898
6260001 3.84335
6270001 3.841
6280001 3.83181
6290001 3.83497
6300001 3.83139
6310001 3.83051
6320001 3.84619
6330001 3.83752
6340001 3.82434
6350001 3.82938
6360001 3.84444
6370001 3.85687
6380001 3.83852
6390001 3.82734
6400001 3.85671
6410001 3.84107
6420001 3.84442
6430001 3.84625
6440001 3.83728
6450001 3.84332
6460001 3.84701
6470001 3.84542
6480001 3.84364
6490001 3.84348
6500001 3.81229
6510001 3.83239
6520001 3.83478
6530001 3.84909
6540001 3.84804
6550001 3.82874
6560001 3.83591
6570001 3.83735
6580001 3.82273
6590001 3.8194
6600001 3.8337
6610001 3.85732
6620001 3.83771
6630001 3.8399
6640001 3.84408
6650001 3.84113
6660001 3.84132
6670001 3.83543
6680001 3.8462
6690001 3.85377
6700001 3.83963
6710001 3.85218
6720001 3.83849
6730001 3.83915
6740001 3.83103
6750001 3.84455
6760001 3.84667
6770001 3.84921
6780001 3.8466
6790001 3.83385
6800001 3.84556
6810001 3.82896
6820001 3.82938
6830001 3.83061
6840001 3.85738
6850001 3.85077
6860001 3.82774
6870001 3.83032
6880001 3.83646
6890001 3.83449
6900001 3.85854
6910001 3.8343
6920001 3.8381
6930001 3.83563
6940001 3.84464
6950001 3.82337
6960001 3.84922
6970001 3.84453
6980001 3.82915
6990001 3.84013
7000001 3.83282
7010001 3.83263
7020001 3.84853
7030001 3.82345
7040001 3.84004
7050001 3.8308
7060001 3.83862
7070001 3.82533
7080001 3.82588
7090001 3.84915
7100001 3.83593
7110001 3.85341
7120001 3.84179
7130001 3.85442
7140001 3.81669
7150001 3.84226
7160001 3.82212
7170001 3.83494
7180001 3.82528
7190001 3.83079
7200001 3.83902
7210001 3.84954
7220001 3.83806
7230001 3.82973
7240001 3.82749
7250001 3.82893
7260001 3.83942
7270001 3.82369
7280001 3.85103
7290001 3.83778
7300001 3.815
7310001 3.84044
7320001 3.84095
7330001 3.84545
7340001 3.85257
7350001 3.84634
7360001 3.84163
7370001 3.829
7380001 3.83494
7390001 3.83058
7400001 3.8187
7410001 3.83227
7420001 3.85347
7430001 3.82827
7440001 3.82774
7450001 3.85577
7460001 3.83341
7470001 3.84354
7480001 3.83282
7490001 3.83054
7500001 3.85007
7510001 3.83996
7520001 3.8392
7530001 3.83323
7540001 3.84245
7550001 3.827
7560001 3.83216
7570001 3.81693
7580001 3.83702
7590001 3.83837
7600001 3.83162
7610001 3.8339
7620001 3.83256
7630001 3.8271
7640001 3.82367
7650001 3.85447
7660001 3.82726
7670001 3.85589
7680001 3.82959
7690001 3.84191
7700001 3.83701
7710001 3.84375
7720001 3.82583
7730001 3.82974
7740001 3.84991
7750001 3.83541
7760001 3.83204
7770001 3.82074
7780001 3.83957
7790001 3.84408
7800001 3.84768
7810001 3.85649
7820001 3.83411
7830001 3.86334
7840001 3.82848
7850001 3.82225
7860001 3.83201
7870001 3.83556
7880001 3.84863
7890001 3.86289
7900001 3.8403
7910001 3.82189
7920001 3.85222
7930001 3.84002
7940001 3.83326
7950001 3.85648
7960001 3.84737
7970001 3.83005
7980001 3.84714
7990001 3.8405
8000001 3.83457
8010001 3.84664
8020001 3.83567
8030001 3.84019
8040001 3.83921
8050001 3.84507
8060001 3.83566
8070001 3.84227
8080001 3.84728
8090001 3.84772
8100001 3.83192
8110001 3.83466
8120001 3.84177
8130001 3.82685
8140001 3.82537
8150001 3.81891
8160001 3.83464
8170001 3.83702
8180001 3.84503
8190001 3.83511
8200001 3.84075
8210001 3.83677
8220001 3.84234
8230001 3.84231
8240001 3.82573
8250001 3.84705
8260001 3.83275
8270001 3.85521
8280001 3.83571
8290001 3.84063
8300001 3.8356
8310001 3.83199
8320001 3.82859
8330001 3.83752
8340001 3.84008
8350001 3.84333
8360001 3.83391
8370001 3.84545
8380001 3.84868
8390001 3.82069
8400001 3.83186
8410001 3.8344
8420001 3.83232
8430001 3.83751
8440001 3.84285
8450001 3.83378
8460001 3.84052
8470001 3.82303
8480001 3.83513
8490001 3.85202
8500001 3.84393
8510001 3.8242
8520001 3.8356
8530001 3.84751
8540001 3.85273
8550001 3.84384
8560001 3.83584
8570001 3.84173
8580001 3.83479
8590001 3.83476
8600001 3.8501
8610001 3.85024
8620001 3.84124
8630001 3.84871
8640001 3.83413
8650001 3.84375
8660001 3.82066
8670001 3.8364
8680001 3.84256
8690001 3.83918
8700001 3.83869
8710001 3.83814
8720001 3.83222
8730001 3.84303
8740001 3.85806
8750001 3.84671
8760001 3.82118
8770001 3.82945
8780001 3.84325
8790001 3.81009
8800001 3.83906
8810001 3.85916
8820001 3.83436
8830001 3.84845
8840001 3.83898
8850001 3.8298
8860001 3.84094
8870001 3.84239
8880001 3.841
8890001 3.84982
8900001 3.83753
8910001 3.84993
8920001 3.84144
8930001 3.83311
8940001 3.83205
8950001 3.85686
8960001 3.8378
8970001 3.83727
8980001 3.85125
8990001 3.82567
9000001 3.85414
9010001 3.83582
9020001 3.84701
9030001 3.84519
9040001 3.82984
9050001 3.8437
9060001 3.84192
9070001 3.84357
9080001 3.83435
9090001 3.83924
9100001 3.81707
9110001 3.84119
9120001 3.83399
9130001 3.83951
9140001 3.82036
9150001 3.85536
9160001 3.84192
9170001 3.85977
9180001 3.83751
9190001 3.82978
9200001 3.84817
9210001 3.84508
9220001 3.84049
9230001 3.83755
9240001 3.8484
9250001 3.82424
9260001 3.84328
9270001 3.84838
9280001 3.83378
9290001 3.83664
9300001 3.84446
9310001 3.86564
9320001 3.82221
9330001 3.83846
9340001 3.8468
9350001 3.84092
9360001 3.84796
9370001 3.84209
9380001 3.83104
9390001 3.83755
9400001 3.8357
9410001 3.83848
9420001 3.85349
9430001 3.85109
9440001 3.83658
9450001 3.83721
9460001 3.84606
9470001 3.8277
9480001 3.84888
9490001 3.84058
9500001 3.83262
9510001 3.84953
9520001 3.84405
9530001 3.83735
9540001 3.83503
9550001 3.85591
9560001 3.84064
9570001 3.82482
9580001 3.85202
9590001 3.83463
9600001 3.84964
9610001 3.84141
9620001 3.84227
9630001 3.84627
9640001 3.83569
9650001 3.80709
9660001 3.82235
9670001 3.84211
9680001 3.84733
9690001 3.82626
9700001 3.84355
9710001 3.8324
9720001 3.84859
9730001 3.83522
9740001 3.84082
9750001 3.82877
9760001 3.84924
9770001 3.84084
9780001 3.84774
9790001 3.83992
9800001 3.83308
9810001 3.83869
9820001 3.82638
9830001 3.83604
9840001 3.85357
9850001 3.83953
9860001 3.83437
9870001 3.83257
9880001 3.83137
9890001 3.83357
9900001 3.86313
9910001 3.87205
9920001 3.83528
9930001 3.8572
9940001 3.8396
9950001 3.84409
9960001 3.83213
9970001 3.82159
9980001 3.8371
9990001 3.83493
