1 31.2903
10001 10.3736
20001 6.70913
30001 4.9895
40001 4.02034
50001 3.39287
60001 2.95952
70001 2.65092
80001 2.40771
90001 2.21617
100001 2.05924
110001 1.93049
120001 1.8216
130001 1.72742
140001 1.64443
150001 1.57296
160001 1.50902
170001 1.45205
180001 1.40001
190001 1.3535
200001 1.31103
210001 1.27183
220001 1.23572
230001 1.2027
240001 1.17188
250001 1.14293
260001 1.11607
270001 1.09129
280001 1.06773
290001 1.04561
300001 1.0247
310001 1.0052
320001 0.986959
330001 0.969471
340001 0.95291
350001 0.9371
360001 0.922341
370001 0.908095
380001 0.894637
390001 0.881711
400001 0.869329
410001 0.857829
420001 0.84676
430001 0.836227
440001 0.82593
450001 0.816305
460001 0.806888
470001 0.798032
480001 0.789061
490001 0.780826
500001 0.773225
510001 0.76582
520001 0.758543
530001 0.751462
540001 0.744705
550001 0.73823
560001 0.732108
570001 0.726225
580001 0.720407
590001 0.714865
600001 0.70954
610001 0.704455
620001 0.699421
630001 0.694808
640001 0.690359
650001 0.685868
660001 0.681777
670001 0.677484
680001 0.673539
690001 0.669729
700001 0.665928
710001 0.662314
720001 0.65899
730001 0.655666
740001 0.652378
750001 0.649314
760001 0.646333
770001 0.643311
780001 0.640541
790001 0.637318
800001 0.634805
810001 0.632154
820001 0.630212
830001 0.627722
840001 0.625294
850001 0.623164
860001 0.6211
870001 0.618949
880001 0.616887
890001 0.614904
900001 0.612937
910001 0.61112
920001 0.609512
930001 0.607871
940001 0.606311
950001 0.604794
960001 0.603269
970001 0.601597
980001 0.600329
990001 0.59897
1000001 0.597426
1010001 0.596315
1020001 0.595092
1030001 0.593976
1040001 0.592504
1050001 0.591685
1060001 0.590483
1070001 0.589268
1080001 0.588381
1090001 0.587169
1100001 0.586434
1110001 0.585475
1120001 0.58442
1130001 0.583631
1140001 0.582797
1150001 0.582037
1160001 0.581102
1170001 0.580543
1180001 0.579788
1190001 0.579284
1200001 0.578356
1210001 0.577568
1220001 0.577146
1230001 0.576125
1240001 0.575386
1250001 0.575019
1260001 0.574444
1270001 0.57364
1280001 0.57321
1290001 0.572509
1300001 0.572261
1310001 0.571777
1320001 0.571098
1330001 0.570522
1340001 0.570199
1350001 0.569528
1360001 0.569216
1370001 0.568915
1380001 0.568477
1390001 0.568137
1400001 0.567431
1410001 0.567407
1420001 0.566928
1430001 0.566712
1440001 0.566268
1450001 0.566111
1460001 0.56541
1470001 0.565485
1480001 0.564971
1490001 0.564868
1500001 0.564689
1510001 0.564118
1520001 0.564075
1530001 0.563591
1540001 0.563279
1550001 0.563149
1560001 0.563031
1570001 0.563052
1580001 0.562755
1590001 0.562234
1600001 0.562263
1610001 0.562431
1620001 0.56191
1630001 0.561652
1640001 0.561564
1650001 0.561472
1660001 0.561294
1670001 0.561313
1680001 0.561368
1690001 0.561229
1700001 0.561082
1710001 0.560963
1720001 0.560554
1730001 0.560864
1740001 0.560726
1750001 0.560442
1760001 0.560448
1770001 0.560436
1780001 0.56038
1790001 0.560412
1800001 0.560238
1810001 0.560282
1820001 0.560176
1830001 0.560071
1840001 0.56023
1850001 0.56026
1860001 0.560123
1870001 0.560168
1880001 0.560171
1890001 0.560185
1900001 0.55998
1910001 0.55981
1920001 0.559841
1930001 0.559834
1940001 0.559782
1950001 0.559756
1960001 0.559735
1970001 0.559909
1980001 0.559831
1990001 0.560036
2000001 0.560138
2010001 0.560036
2020001 0.560117
2030001 0.560099
2040001 0.560132
2050001 0.560068
2060001 0.560244
2070001 0.560106
2080001 0.560113
2090001 0.560395
2100001 0.560236
2110001 0.560444
2120001 0.560238
2130001 0.560144
2140001 0.560087
2150001 0.559934
2160001 0.559965
2170001 0.560167
2180001 0.559964
2190001 0.559905
2200001 0.55983
2210001 0.559682
2220001 0.56012
2230001 0.56007
2240001 0.559996
2250001 0.560104
2260001 0.560493
2270001 0.560616
2280001 0.560585
2290001 0.560584
2300001 0.560685
2310001 0.560712
2320001 0.560885
2330001 0.561133
2340001 0.561094
2350001 0.560872
2360001 0.560994
2370001 0.561079
2380001 0.56101
2390001 0.560824
2400001 0.560821
2410001 0.560871
2420001 0.560932
2430001 0.560821
2440001 0.560742
2450001 0.560889
2460001 0.561294
2470001 0.561484
2480001 0.561348
2490001 0.561749
2500001 0.56165
2510001 0.561649
2520001 0.561648
2530001 0.561518
2540001 0.561706
2550001 0.561749
2560001 0.561832
2570001 0.561892
2580001 0.561947
2590001 0.562118
2600001 0.561942
2610001 0.562152
2620001 0.562052
2630001 0.562293
2640001 0.562245
2650001 0.562875
2660001 0.562761
2670001 0.562614
2680001 0.563007
2690001 0.562869
2700001 0.562943
2710001 0.562867
2720001 0.56293
2730001 0.562897
2740001 0.563106
2750001 0.563249
2760001 0.563236
2770001 0.563447
2780001 0.563435
2790001 0.563752
2800001 0.563928
2810001 0.563734
2820001 0.564002
2830001 0.564054
2840001 0.564266
2850001 0.564133
2860001 0.5643
2870001 0.564323
2880001 0.564346
2890001 0.564469
2900001 0.564596
2910001 0.564515
2920001 0.564579
2930001 0.564673
2940001 0.564739
2950001 0.564901
2960001 0.564886
2970001 0.564972
2980001 0.565174
2990001 0.565652
3000001 0.565626
3010001 0.565423
3020001 0.565461
3030001 0.565486
3040001 0.56538
3050001 0.565552
3060001 0.565652
3070001 0.565696
3080001 0.565639
3090001 0.565706
3100001 0.565735
3110001 0.565949
3120001 0.565951
3130001 0.565972
3140001 0.566261
3150001 0.566325
3160001 0.566284
3170001 0.566507
3180001 0.566605
3190001 0.566723
3200001 0.566739
3210001 0.566911
3220001 0.567073
3230001 0.567195
3240001 0.567185
3250001 0.567271
3260001 0.567417
3270001 0.567442
3280001 0.567413
3290001 0.56744
3300001 0.567571
3310001 0.567901
3320001 0.56773
3330001 0.568231
3340001 0.568042
3350001 0.568069
3360001 0.568143
3370001 0.568144
3380001 0.568278
3390001 0.568502
3400001 0.56867
3410001 0.568991
3420001 0.568867
3430001 0.568692
3440001 0.569173
3450001 0.568955
3460001 0.569403
3470001 0.569295
3480001 0.569227
3490001 0.569451
3500001 0.569377
3510001 0.569601
3520001 0.569499
3530001 0.569893
3540001 0.569885
3550001 0.569886
3560001 0.570005
3570001 0.570353
3580001 0.570269
3590001 0.570409
3600001 0.570573
3610001 0.570658
3620001 0.570725
3630001 0.570964
3640001 0.570885
3650001 0.571017
3660001 0.571262
3670001 0.571399
3680001 0.571104
3690001 0.571537
3700001 0.57158
3710001 0.571502
3720001 0.571824
3730001 0.571849
3740001 0.571597
3750001 0.571783
3760001 0.571826
3770001 0.572035
3780001 0.571958
3790001 0.572211
3800001 0.572248
3810001 0.572289
3820001 0.572335
3830001 0.572438
3840001 0.572496
3850001 0.572711
3860001 0.572502
3870001 0.572454
3880001 0.572673
3890001 0.572784
3900001 0.572914
3910001 0.573328
3920001 0.573121
3930001 0.573188
3940001 0.573039
3950001 0.573013
3960001 0.573174
3970001 0.573149
3980001 0.573602
3990001 0.5736
4000001 0.573634
4010001 0.573765
4020001 0.573912
4030001 0.57381
4040001 0.573985
4050001 0.573776
4060001 0.574256
4070001 0.574237
4080001 0.57435
4090001 0.574425
4100001 0.574574
4110001 0.574342
4120001 0.574465
4130001 0.574687
4140001 0.574854
4150001 0.575099
4160001 0.574883
4170001 0.575066
4180001 0.575246
4190001 0.575416
4200001 0.575473
4210001 0.575545
4220001 0.575683
4230001 0.575453
4240001 0.5759
4250001 0.575791
4260001 0.575888
4270001 0.575862
4280001 0.575934
4290001 0.575901
4300001 0.57601
4310001 0.57573
4320001 0.576078
4330001 0.576065
4340001 0.576421
4350001 0.576547
4360001 0.576775
4370001 0.576758
4380001 0.576634
4390001 0.576884
4400001 0.577098
4410001 0.577398
4420001 0.577287
4430001 0.577123
4440001 0.577337
4450001 0.577177
4460001 0.577282
4470001 0.577347
4480001 0.577695
4490001 0.577632
4500001 0.577664
4510001 0.577913
4520001 0.57796
4530001 0.577819
4540001 0.577939
4550001 0.578187
4560001 0.57788
4570001 0.57799
4580001 0.578084
4590001 0.578163
4600001 0.578454
4610001 0.578385
4620001 0.578551
4630001 0.578539
4640001 0.578379
4650001 0.578696
4660001 0.578628
4670001 0.578563
4680001 0.578708
4690001 0.579181
4700001 0.579132
4710001 0.579079
4720001 0.579223
4730001 0.579214
4740001 0.579227
4750001 0.579107
4760001 0.579245
4770001 0.57927
4780001 0.579258
4790001 0.57948
4800001 0.579632
4810001 0.579814
4820001 0.579938
4830001 0.579817
4840001 0.580145
4850001 0.580223
4860001 0.580135
4870001 0.580364
4880001 0.580586
4890001 0.580475
4900001 0.580398
4910001 0.580465
4920001 0.580481
4930001 0.580461
4940001 0.580882
4950001 0.580553
4960001 0.580592
4970001 0.580809
4980001 0.581092
4990001 0.580902
5000001 0.581257
5010001 0.581111
5020001 0.581167
5030001 0.581554
5040001 0.581934
5050001 0.582007
5060001 0.581545
5070001 0.581891
5080001 0.582149
5090001 0.58229
5100001 0.582205
5110001 0.582232
5120001 0.582293
5130001 0.582451
5140001 0.582399
5150001 0.582462
5160001 0.582785
5170001 0.582832
5180001 0.582913
5190001 0.582934
5200001 0.582771
5210001 0.582984
5220001 0.583296
5230001 0.583244
5240001 0.583316
5250001 0.583588
5260001 0.583516
5270001 0.583419
5280001 0.5835
5290001 0.58356
5300001 0.583735
5310001 0.583851
5320001 0.583881
5330001 0.584051
5340001 0.584333
5350001 0.584352
5360001 0.584409
5370001 0.584187
5380001 0.584166
5390001 0.584328
5400001 0.584373
5410001 0.584758
5420001 0.58483
5430001 0.584505
5440001 0.584709
5450001 0.584722
5460001 0.584832
5470001 0.584957
5480001 0.584833
5490001 0.584851
5500001 0.58504
5510001 0.584967
5520001 0.585131
5530001 0.585039
5540001 0.585048
5550001 0.585228
5560001 0.585402
5570001 0.585442
5580001 0.585364
5590001 0.585503
5600001 0.585505
5610001 0.585706
5620001 0.585451
5630001 0.585503
5640001 0.585745
5650001 0.585723
5660001 0.585881
5670001 0.586044
5680001 0.586163
5690001 0.586372
5700001 0.586279
5710001 0.586329
5720001 0.586224
5730001 0.5864
5740001 0.586336
5750001 0.586751
5760001 0.586819
5770001 0.58675
5780001 0.586832
5790001 0.586938
5800001 0.586805
5810001 0.586817
5820001 0.58689
5830001 0.587164
5840001 0.587344
5850001 0.587457
5860001 0.587572
5870001 0.587593
5880001 0.587409
5890001 0.58756
5900001 0.587781
5910001 0.587751
5920001 0.587679
5930001 0.587593
5940001 0.587823
5950001 0.587945
5960001 0.58794
5970001 0.588145
5980001 0.588266
5990001 0.588387
6000001 0.588496
6010001 0.58854
6020001 0.588295
6030001 0.588509
6040001 0.588635
6050001 0.588557
6060001 0.588833
6070001 0.588899
6080001 0.588967
6090001 0.588852
6100001 0.588994
6110001 0.589104
6120001 0.589082
6130001 0.58904
6140001 0.589148
6150001 0.589159
6160001 0.589393
6170001 0.589531
6180001 0.589574
6190001 0.589226
6200001 0.589185
6210001 0.589573
6220001 0.589632
6230001 0.589476
6240001 0.589477
6250001 0.58959
6260001 0.589691
6270001 0.589576
6280001 0.589773
6290001 0.589972
6300001 0.59005
6310001 0.590111
6320001 0.590309
6330001 0.590223
6340001 0.590105
6350001 0.590303
6360001 0.590289
6370001 0.590396
6380001 0.590419
6390001 0.590655
6400001 0.590847
6410001 0.590961
6420001 0.590772
6430001 0.590892
6440001 0.590911
6450001 0.590936
6460001 0.59131
6470001 0.591421
6480001 0.59155
6490001 0.59142
6500001 0.591248
6510001 0.591406
6520001 0.591392
6530001 0.591791
6540001 0.59177
6550001 0.591848
6560001 0.592041
6570001 0.592084
6580001 0.591909
6590001 0.592182
6600001 0.592137
6610001 0.592437
6620001 0.592471
6630001 0.592507
6640001 0.592289
6650001 0.592166
6660001 0.59221
6670001 0.592542
6680001 0.592713
6690001 0.592808
6700001 0.592958
6710001 0.592998
6720001 0.592891
6730001 0.593029
6740001 0.593113
6750001 0.592979
6760001 0.593352
6770001 0.593584
6780001 0.593231
6790001 0.593579
6800001 0.59365
6810001 0.593769
6820001 0.593868
6830001 0.594026
6840001 0.593867
6850001 0.594165
6860001 0.593977
6870001 0.594017
6880001 0.59393
6890001 0.594027
6900001 0.594124
6910001 0.594089
6920001 0.594233
6930001 0.594443
6940001 0.594487
6950001 0.594404
6960001 0.594608
6970001 0.594814
6980001 0.594516
6990001 0.594413
7000001 0.594703
7010001 0.594846
7020001 0.594726
7030001 0.594784
7040001 0.595003
7050001 0.59509
7060001 0.595222
7070001 0.595188
7080001 0.595098
7090001 0.595202
7100001 0.595145
7110001 0.595463
7120001 0.595605
7130001 0.596137
7140001 0.595733
7150001 0.595972
7160001 0.595913
7170001 0.595809
7180001 0.595943
7190001 0.595879
7200001 0.596168
7210001 0.5961
7220001 0.596184
7230001 0.596128
7240001 0.596136
7250001 0.596278
7260001 0.596405
7270001 0.596289
7280001 0.596297
7290001 0.596497
7300001 0.596484
7310001 0.596412
7320001 0.596716
7330001 0.596983
7340001 0.596823
7350001 0.596701
7360001 0.596839
7370001 0.596961
7380001 0.597062
7390001 0.597054
7400001 0.597014
7410001 0.597036
7420001 0.597201
7430001 0.59727
7440001 0.597332
7450001 0.597528
7460001 0.59746
7470001 0.597291
7480001 0.597491
7490001 0.597446
7500001 0.597764
7510001 0.597707
7520001 0.597839
7530001 0.597704
7540001 0.597818
7550001 0.597764
7560001 0.597768
7570001 0.597858
7580001 0.598147
7590001 0.598201
7600001 0.597891
7610001 0.59809
7620001 0.598113
7630001 0.598022
7640001 0.598129
7650001 0.598477
7660001 0.598605
7670001 0.598855
7680001 0.598601
7690001 0.598763
7700001 0.598754
7710001 0.598827
7720001 0.598721
7730001 0.598908
7740001 0.599056
7750001 0.599153
7760001 0.599327
7770001 0.599311
7780001 0.599209
7790001 0.59934
7800001 0.599406
7810001 0.599299
7820001 0.599473
7830001 0.599843
7840001 0.599926
7850001 0.599875
7860001 0.599779
7870001 0.600076
7880001 0.600068
7890001 0.600045
7900001 0.600101
7910001 0.600011
7920001 0.600025
7930001 0.600204
7940001 0.600315
7950001 0.600401
7960001 0.600204
7970001 0.600155
7980001 0.600146
7990001 0.600139
8000001 0.600297
8010001 0.60035
8020001 0.600623
8030001 0.600771
8040001 0.600855
8050001 0.600921
8060001 0.600855
8070001 0.600795
8080001 0.600885
8090001 0.600914
8100001 0.600949
8110001 0.600983
8120001 0.60113
8130001 0.601207
8140001 0.600943
8150001 0.601145
8160001 0.600979
8170001 0.60116
8180001 0.601443
8190001 0.601471
8200001 0.601675
8210001 0.601696
8220001 0.601668
8230001 0.601606
8240001 0.601991
8250001 0.601842
8260001 0.601925
8270001 0.60216
8280001 0.601908
8290001 0.602029
8300001 0.602338
8310001 0.602181
8320001 0.602275
8330001 0.602494
8340001 0.602369
8350001 0.602335
8360001 0.602289
8370001 0.602535
8380001 0.602444
8390001 0.602645
8400001 0.602705
8410001 0.602783
8420001 0.602995
8430001 0.603128
8440001 0.603055
8450001 0.603147
8460001 0.603251
8470001 0.603365
8480001 0.603555
8490001 0.60345
8500001 0.603494
8510001 0.603433
8520001 0.603733
8530001 0.603885
8540001 0.603968
8550001 0.604139
8560001 0.603881
8570001 0.603904
8580001 0.603715
8590001 0.603826
8600001 0.603956
8610001 0.603917
8620001 0.603969
8630001 0.604136
8640001 0.604044
8650001 0.604292
8660001 0.604384
8670001 0.604534
8680001 0.604541
8690001 0.604673
8700001 0.604735
8710001 0.60469
8720001 0.604628
8730001 0.604703
8740001 0.605338
8750001 0.605082
8760001 0.604926
8770001 0.604794
8780001 0.604908
8790001 0.604832
8800001 0.605064
8810001 0.605053
8820001 0.604966
8830001 0.605201
8840001 0.605319
8850001 0.605274
8860001 0.605021
8870001 0.605129
8880001 0.605278
8890001 0.605148
8900001 0.605127
8910001 0.605192
8920001 0.605456
8930001 0.605429
8940001 0.605236
8950001 0.605609
8960001 0.60563
8970001 0.605736
8980001 0.605841
8990001 0.605732
9000001 0.606001
9010001 0.606271
9020001 0.606187
9030001 0.605984
9040001 0.606277
9050001 0.606332
9060001 0.606504
9070001 0.606498
9080001 0.606868
9090001 0.606686
9100001 0.60677
9110001 0.606776
9120001 0.606736
9130001 0.606796
9140001 0.606772
9150001 0.606906
9160001 0.606787
9170001 0.606936
9180001 0.60693
9190001 0.60706
9200001 0.607121
9210001 0.60717
9220001 0.607183
9230001 0.60731
9240001 0.607306
9250001 0.607223
9260001 0.607624
9270001 0.607534
9280001 0.607499
9290001 0.607402
9300001 0.60744
9310001 0.60777
9320001 0.607657
9330001 0.607617
9340001 0.607719
9350001 0.607687
9360001 0.608005
9370001 0.608219
9380001 0.608076
9390001 0.608031
9400001 0.608174
9410001 0.608258
9420001 0.608209
9430001 0.608122
9440001 0.608017
9450001 0.608216
9460001 0.608251
9470001 0.608467
9480001 0.60852
9490001 0.608561
9500001 0.608693
9510001 0.608575
9520001 0.608556
9530001 0.608576
9540001 0.608949
9550001 0.608644
9560001 0.608568
9570001 0.60863
9580001 0.608932
9590001 0.608865
9600001 0.6091
9610001 0.60889
9620001 0.609
9630001 0.608933
9640001 0.609089
9650001 0.609127
9660001 0.609172
9670001 0.60922
9680001 0.609409
9690001 0.609375
9700001 0.609385
9710001 0.609471
9720001 0.609628
9730001 0.609326
9740001 0.609595
9750001 0.609467
9760001 0.609294
9770001 0.609478
9780001 0.609672
9790001 0.609659
9800001 0.609869
9810001 0.610116
9820001 0.609924
9830001 0.610101
9840001 0.610146
9850001 0.609995
9860001 0.610044
9870001 0.610114
9880001 0.610311
9890001 0.61015
9900001 0.610304
9910001 0.610382
9920001 0.610323
9930001 0.610566
9940001 0.610476
9950001 0.610527
9960001 0.610448
9970001 0.610554
9980001 0.610666
9990001 0.610973
