1 2147.95
10001 60.4827
20001 24.1961
30001 14.4436
40001 10.833
50001 9.13541
60001 8.14195
70001 7.50938
80001 6.99854
90001 6.62034
100001 6.30382
110001 6.03722
120001 5.82052
130001 5.575
140001 5.41788
150001 5.26134
160001 5.11744
170001 4.98227
180001 4.87647
190001 4.76305
200001 4.67715
210001 4.57456
220001 4.49678
230001 4.42359
240001 4.34278
250001 4.27244
260001 4.22841
270001 4.14848
280001 4.10514
290001 4.03842
300001 4.00759
310001 3.96058
320001 3.90895
330001 3.87245
340001 3.85135
350001 3.7987
360001 3.77334
370001 3.73326
380001 3.69115
390001 3.6772
400001 3.63573
410001 3.61066
420001 3.58599
430001 3.55834
440001 3.53562
450001 3.54299
460001 3.47993
470001 3.48551
480001 3.44413
490001 3.44031
500001 3.42354
510001 3.40147
520001 3.36498
530001 3.36434
540001 3.34616
550001 3.32343
560001 3.3345
570001 3.29893
580001 3.29365
590001 3.27621
600001 3.25615
610001 3.23324
620001 3.22752
630001 3.21989
640001 3.20819
650001 3.20206
660001 3.19171
670001 3.1871
680001 3.16627
690001 3.16254
700001 3.14056
710001 3.1271
720001 3.11375
730001 3.11395
740001 3.11672
750001 3.0967
760001 3.09195
770001 3.06647
780001 3.07008
790001 3.06293
800001 3.05405
810001 3.03873
820001 3.05447
830001 3.02838
840001 3.03047
850001 3.01299
860001 3.00852
870001 3.00515
880001 2.99228
890001 2.99226
900001 2.98426
910001 2.97694
920001 2.97279
930001 2.96421
940001 2.95328
950001 2.96323
960001 2.95311
970001 2.9336
980001 2.92865
990001 2.94679
1000001 2.93305
1010001 2.91014
1020001 2.89444
1030001 2.91046
1040001 2.89667
1050001 2.90464
1060001 2.89782
1070001 2.89824
1080001 2.89031
1090001 2.87416
1100001 2.87222
1110001 2.86516
1120001 2.87269
1130001 2.86601
1140001 2.8553
1150001 2.86138
1160001 2.85219
1170001 2.84346
1180001 2.83859
1190001 2.84587
1200001 2.834
1210001 2.8375
1220001 2.84088
1230001 2.83272
1240001 2.82277
1250001 2.81972
1260001 2.81897
1270001 2.80861
1280001 2.79458
1290001 2.79183
1300001 2.79737
1310001 2.78986
1320001 2.79415
1330001 2.78708
1340001 2.78138
1350001 2.77618
1360001 2.76466
1370001 2.78602
1380001 2.76467
1390001 2.77509
1400001 2.76926
1410001 2.77443
1420001 2.75068
1430001 2.76081
1440001 2.75563
1450001 2.7622
1460001 2.74156
1470001 2.75727
1480001 2.72157
1490001 2.73133
1500001 2.73292
1510001 2.73018
1520001 2.74286
1530001 2.72858
1540001 2.73367
1550001 2.71722
1560001 2.7299
1570001 2.72556
1580001 2.72544
1590001 2.70525
1600001 2.70781
1610001 2.71779
1620001 2.7043
1630001 2.69702
1640001 2.7041
1650001 2.70011
1660001 2.69566
1670001 2.68658
1680001 2.69664
1690001 2.68521
1700001 2.68002
1710001 2.6928
1720001 2.6758
1730001 2.69865
1740001 2.67459
1750001 2.67493
1760001 2.6936
1770001 2.68118
1780001 2.66401
1790001 2.67154
1800001 2.66707
1810001 2.66042
1820001 2.65298
1830001 2.66
1840001 2.66041
1850001 2.6774
1860001 2.6452
1870001 2.66422
1880001 2.65443
1890001 2.64457
1900001 2.65184
1910001 2.6482
1920001 2.65888
1930001 2.63645
1940001 2.64325
1950001 2.65904
1960001 2.64726
1970001 2.62717
1980001 2.64582
1990001 2.63445
2000001 2.62753
2010001 2.62933
2020001 2.62585
2030001 2.63883
2040001 2.62575
2050001 2.62039
2060001 2.63042
2070001 2.61614
2080001 2.61125
2090001 2.62163
2100001 2.63506
2110001 2.6211
2120001 2.60146
2130001 2.60064
2140001 2.60347
2150001 2.62508
2160001 2.61754
2170001 2.60754
2180001 2.61252
2190001 2.60812
2200001 2.60153
2210001 2.58764
2220001 2.59328
2230001 2.59186
2240001 2.59099
2250001 2.59412
2260001 2.59398
2270001 2.59127
2280001 2.59362
2290001 2.59242
2300001 2.59563
2310001 2.57964
2320001 2.58206
2330001 2.5872
2340001 2.59549
2350001 2.58631
2360001 2.58003
2370001 2.58786
2380001 2.5837
2390001 2.58401
2400001 2.57977
2410001 2.57247
2420001 2.57325
2430001 2.57302
2440001 2.57647
2450001 2.5597
2460001 2.56959
2470001 2.57531
2480001 2.5914
2490001 2.58673
2500001 2.56178
2510001 2.56747
2520001 2.56855
2530001 2.57019
2540001 2.559
2550001 2.56654
2560001 2.55429
2570001 2.55681
2580001 2.54511
2590001 2.57031
2600001 2.54984
2610001 2.56967
2620001 2.56321
2630001 2.56559
2640001 2.5641
2650001 2.56832
2660001 2.54431
2670001 2.54364
2680001 2.56489
2690001 2.562
2700001 2.54784
2710001 2.54094
2720001 2.54152
2730001 2.53982
2740001 2.54949
2750001 2.54147
2760001 2.52249
2770001 2.5392
2780001 2.54438
2790001 2.54613
2800001 2.56265
2810001 2.5393
2820001 2.54787
2830001 2.54443
2840001 2.54046
2850001 2.53905
2860001 2.54126
2870001 2.53586
2880001 2.5277
2890001 2.52891
2900001 2.54535
2910001 2.52985
2920001 2.54217
2930001 2.53638
2940001 2.5199
2950001 2.51331
2960001 2.51764
2970001 2.5055
2980001 2.51988
2990001 2.53666
3000001 2.53478
3010001 2.52015
3020001 2.51948
3030001 2.51322
3040001 2.50941
3050001 2.51722
3060001 2.52643
3070001 2.52474
3080001 2.49802
3090001 2.50687
3100001 2.51431
3110001 2.51033
3120001 2.50386
3130001 2.51301
3140001 2.5064
3150001 2.51171
3160001 2.50859
3170001 2.51318
3180001 2.51227
3190001 2.50996
3200001 2.49324
3210001 2.50043
3220001 2.50211
3230001 2.50487
3240001 2.50538
3250001 2.49539
3260001 2.49117
3270001 2.48646
3280001 2.49531
3290001 2.48348
3300001 2.49618
3310001 2.49282
3320001 2.47743
3330001 2.51579
3340001 2.48567
3350001 2.49441
3360001 2.50029
3370001 2.49571
3380001 2.4844
3390001 2.48715
3400001 2.48832
3410001 2.48942
3420001 2.48316
3430001 2.4837
3440001 2.48953
3450001 2.48312
3460001 2.48769
3470001 2.4741
3480001 2.49393
3490001 2.48113
3500001 2.47159
3510001 2.47378
3520001 2.48313
3530001 2.49019
3540001 2.48871
3550001 2.48646
3560001 2.4819
3570001 2.47828
3580001 2.48818
3590001 2.49319
3600001 2.48116
3610001 2.47099
3620001 2.45909
3630001 2.4882
3640001 2.49055
3650001 2.47009
3660001 2.4863
3670001 2.48342
3680001 2.46306
3690001 2.48311
3700001 2.47004
3710001 2.48167
3720001 2.48484
3730001 2.48731
3740001 2.47785
3750001 2.46642
3760001 2.47215
3770001 2.47676
3780001 2.47293
3790001 2.4833
3800001 2.46234
3810001 2.4824
3820001 2.46065
3830001 2.46982
3840001 2.45609
3850001 2.46767
3860001 2.46072
3870001 2.45221
3880001 2.47177
3890001 2.46136
3900001 2.46349
3910001 2.4568
3920001 2.46202
3930001 2.45071
3940001 2.46759
3950001 2.46477
3960001 2.45062
3970001 2.44495
3980001 2.46949
3990001 2.44336
4000001 2.44849
4010001 2.46482
4020001 2.4539
4030001 2.44543
4040001 2.44998
4050001 2.4436
4060001 2.45159
4070001 2.434
4080001 2.44355
4090001 2.4568
4100001 2.46603
4110001 2.45096
4120001 2.45406
4130001 2.44434
4140001 2.432
4150001 2.45733
4160001 2.44978
4170001 2.44948
4180001 2.43261
4190001 2.43779
4200001 2.43094
4210001 2.45353
4220001 2.44718
4230001 2.42697
4240001 2.46595
4250001 2.45149
4260001 2.44314
4270001 2.42678
4280001 2.44057
4290001 2.43645
4300001 2.44472
4310001 2.43591
4320001 2.43421
4330001 2.44949
4340001 2.42946
4350001 2.42608
4360001 2.43809
4370001 2.44091
4380001 2.43524
4390001 2.43524
4400001 2.44124
4410001 2.4394
4420001 2.4244
4430001 2.43677
4440001 2.43581
4450001 2.4464
4460001 2.44724
4470001 2.43415
4480001 2.44779
4490001 2.43132
4500001 2.44252
4510001 2.4428
4520001 2.44182
4530001 2.42969
4540001 2.42569
4550001 2.44019
4560001 2.42485
4570001 2.42196
4580001 2.41724
4590001 2.42592
4600001 2.44211
4610001 2.44324
4620001 2.42361
4630001 2.43148
4640001 2.44589
4650001 2.43201
4660001 2.43127
4670001 2.41703
4680001 2.41463
4690001 2.43704
4700001 2.41303
4710001 2.43824
4720001 2.42943
4730001 2.42872
4740001 2.41263
4750001 2.42353
4760001 2.43396
4770001 2.41498
4780001 2.42297
4790001 2.42273
4800001 2.43133
4810001 2.43289
4820001 2.43473
4830001 2.43694
4840001 2.42266
4850001 2.42026
4860001 2.40448
4870001 2.4312
4880001 2.43163
4890001 2.41183
4900001 2.41475
4910001 2.41923
4920001 2.41771
4930001 2.40233
4940001 2.41822
4950001 2.417
4960001 2.42579
4970001 2.41784
4980001 2.42778
4990001 2.39967
5000001 2.41997
5010001 2.41781
5020001 2.42216
5030001 2.41612
5040001 2.43314
5050001 2.40843
5060001 2.40374
5070001 2.41672
5080001 2.40389
5090001 2.40871
5100001 2.39547
5110001 2.41916
5120001 2.41607
5130001 2.41301
5140001 2.38232
5150001 2.39745
5160001 2.39574
5170001 2.3987
5180001 2.39865
5190001 2.40755
5200001 2.39973
5210001 2.42186
5220001 2.39511
5230001 2.40534
5240001 2.40251
5250001 2.40304
5260001 2.40564
5270001 2.42119
5280001 2.39717
5290001 2.4133
5300001 2.41019
5310001 2.407
5320001 2.38265
5330001 2.39286
5340001 2.42082
5350001 2.41916
5360001 2.38683
5370001 2.4063
5380001 2.38141
5390001 2.40959
5400001 2.40771
5410001 2.42265
5420001 2.41003
5430001 2.41247
5440001 2.40361
5450001 2.38426
5460001 2.39272
5470001 2.40851
5480001 2.40081
5490001 2.39941
5500001 2.39427
5510001 2.39424
5520001 2.40444
5530001 2.39611
5540001 2.40149
5550001 2.40852
5560001 2.39361
5570001 2.39006
5580001 2.39628
5590001 2.39222
5600001 2.3867
5610001 2.38756
5620001 2.3982
5630001 2.39718
5640001 2.40802
5650001 2.39646
5660001 2.39639
5670001 2.38137
5680001 2.39064
5690001 2.40105
5700001 2.3767
5710001 2.385
5720001 2.37548
5730001 2.3941
5740001 2.36951
5750001 2.39632
5760001 2.39623
5770001 2.3793
5780001 2.37418
5790001 2.37862
5800001 2.38559
5810001 2.39606
5820001 2.3936
5830001 2.38901
5840001 2.38805
5850001 2.38354
5860001 2.39508
5870001 2.38396
5880001 2.38304
5890001 2.37662
5900001 2.39563
5910001 2.40237
5920001 2.39148
5930001 2.38334
5940001 2.38691
5950001 2.38215
5960001 2.38815
5970001 2.39377
5980001 2.39324
5990001 2.37614
6000001 2.38303
6010001 2.38139
6020001 2.37901
6030001 2.3764
6040001 2.38477
6050001 2.38905
6060001 2.37344
6070001 2.38122
6080001 2.36399
6090001 2.38367
6100001 2.3755
6110001 2.39561
6120001 2.3928
6130001 2.3795
6140001 2.3907
6150001 2.37992
6160001 2.37317
6170001 2.37305
6180001 2.3919
6190001 2.38158
6200001 2.3742
6210001 2.38168
6220001 2.38079
6230001 2.38412
6240001 2.37644
6250001 2.3792
6260001 2.39026
6270001 2.37602
6280001 2.36953
6290001 2.40113
6300001 2.36745
6310001 2.37356
6320001 2.36614
6330001 2.38472
6340001 2.37408
6350001 2.37063
6360001 2.37852
6370001 2.36809
6380001 2.37067
6390001 2.35051
6400001 2.372
6410001 2.38887
6420001 2.37417
6430001 2.36866
6440001 2.35949
6450001 2.37021
6460001 2.3631
6470001 2.38174
6480001 2.34632
6490001 2.3741
6500001 2.37102
6510001 2.34305
6520001 2.37193
6530001 2.38924
6540001 2.36752
6550001 2.37162
6560001 2.35841
6570001 2.38539
6580001 2.36524
6590001 2.37093
6600001 2.3687
6610001 2.35452
6620001 2.36591
6630001 2.36452
6640001 2.37451
6650001 2.36143
6660001 2.3724
6670001 2.36877
6680001 2.37477
6690001 2.3812
6700001 2.36199
6710001 2.3599
6720001 2.36444
6730001 2.36425
6740001 2.36562
6750001 2.35771
6760001 2.36832
6770001 2.36331
6780001 2.36361
6790001 2.35864
6800001 2.36162
6810001 2.35645
6820001 2.36195
6830001 2.37682
6840001 2.36134
6850001 2.3515
6860001 2.36998
6870001 2.35518
6880001 2.37373
6890001 2.36419
6900001 2.36079
6910001 2.35075
6920001 2.35464
6930001 2.3519
6940001 2.34669
6950001 2.35223
6960001 2.36133
6970001 2.36651
6980001 2.34496
6990001 2.36725
7000001 2.36676
7010001 2.37101
7020001 2.35342
7030001 2.34605
7040001 2.35019
7050001 2.33979
7060001 2.34908
7070001 2.35272
7080001 2.35574
7090001 2.35189
7100001 2.36727
7110001 2.36307
7120001 2.35948
7130001 2.36935
7140001 2.35526
7150001 2.36245
7160001 2.34219
7170001 2.36289
7180001 2.34996
7190001 2.35862
7200001 2.3553
7210001 2.3679
7220001 2.35553
7230001 2.34711
7240001 2.33963
7250001 2.33617
7260001 2.3596
7270001 2.35059
7280001 2.35342
7290001 2.3699
7300001 2.34852
7310001 2.35648
7320001 2.35306
7330001 2.34604
7340001 2.34788
7350001 2.34864
7360001 2.35344
7370001 2.3359
7380001 2.34592
7390001 2.36664
7400001 2.37317
7410001 2.33888
7420001 2.35451
7430001 2.35423
7440001 2.34529
7450001 2.35142
7460001 2.35524
7470001 2.34571
7480001 2.35007
7490001 2.3344
7500001 2.34286
7510001 2.35464
7520001 2.35526
7530001 2.35045
7540001 2.34937
7550001 2.34796
7560001 2.3388
7570001 2.34841
7580001 2.37436
7590001 2.34101
7600001 2.34661
7610001 2.3349
7620001 2.35481
7630001 2.35469
7640001 2.32759
7650001 2.34157
7660001 2.34614
7670001 2.35682
7680001 2.33535
7690001 2.34188
7700001 2.35091
7710001 2.33852
7720001 2.35029
7730001 2.33364
7740001 2.35494
7750001 2.35987
7760001 2.35139
7770001 2.3394
7780001 2.34033
7790001 2.34044
7800001 2.33978
7810001 2.33904
7820001 2.34028
7830001 2.33643
7840001 2.32814
7850001 2.35296
7860001 2.3388
7870001 2.35483
7880001 2.34667
7890001 2.35908
7900001 2.33339
7910001 2.32602
7920001 2.32826
7930001 2.33114
7940001 2.34008
7950001 2.35354
7960001 2.33966
7970001 2.33021
7980001 2.351
7990001 2.34713
8000001 2.33849
8010001 2.355
8020001 2.34056
8030001 2.347
8040001 2.3442
8050001 2.34027
8060001 2.34489
8070001 2.33803
8080001 2.34305
8090001 2.33784
8100001 2.34481
8110001 2.33176
8120001 2.34118
8130001 2.32011
8140001 2.31811
8150001 2.34527
8160001 2.32876
8170001 2.32658
8180001 2.34249
8190001 2.32862
8200001 2.32548
8210001 2.32188
8220001 2.33857
8230001 2.34272
8240001 2.33621
8250001 2.33106
8260001 2.33647
8270001 2.35296
8280001 2.33241
8290001 2.34325
8300001 2.33744
8310001 2.3474
8320001 2.33878
8330001 2.33171
8340001 2.32587
8350001 2.31835
8360001 2.32589
8370001 2.34361
8380001 2.33431
8390001 2.33501
8400001 2.3272
8410001 2.32878
8420001 2.3239
8430001 2.32524
8440001 2.32894
8450001 2.33071
8460001 2.33979
8470001 2.32206
8480001 2.34197
8490001 2.31474
8500001 2.36009
8510001 2.33442
8520001 2.34142
8530001 2.35772
8540001 2.33742
8550001 2.32566
8560001 2.31878
8570001 2.32627
8580001 2.32255
8590001 2.32186
8600001 2.3448
8610001 2.31616
8620001 2.31275
8630001 2.33095
8640001 2.33424
8650001 2.32482
8660001 2.3334
8670001 2.32656
8680001 2.34848
8690001 2.34721
8700001 2.32178
8710001 2.32429
8720001 2.32764
8730001 2.34065
8740001 2.35627
8750001 2.33123
8760001 2.32644
8770001 2.32042
8780001 2.32104
8790001 2.32458
8800001 2.32659
8810001 2.31232
8820001 2.31128
8830001 2.32149
8840001 2.33768
8850001 2.33093
8860001 2.31503
8870001 2.33125
8880001 2.31719
8890001 2.32527
8900001 2.33456
8910001 2.33892
8920001 2.31698
8930001 2.31762
8940001 2.32187
8950001 2.33576
8960001 2.33841
8970001 2.32006
8980001 2.33179
8990001 2.3169
9000001 2.33095
9010001 2.30634
9020001 2.33466
9030001 2.32133
9040001 2.31145
9050001 2.33203
9060001 2.32474
9070001 2.32265
9080001 2.32211
9090001 2.32229
9100001 2.29821
9110001 2.32134
9120001 2.32326
9130001 2.31123
9140001 2.32193
9150001 2.3164
9160001 2.32667
9170001 2.3166
9180001 2.30878
9190001 2.3151
9200001 2.33048
9210001 2.32354
9220001 2.32022
9230001 2.33009
9240001 2.33022
9250001 2.31615
9260001 2.33435
9270001 2.31798
9280001 2.32503
9290001 2.31116
9300001 2.31008
9310001 2.33916
9320001 2.31562
9330001 2.32094
9340001 2.31313
9350001 2.32542
9360001 2.32484
9370001 2.33003
9380001 2.32631
9390001 2.32007
9400001 2.32128
9410001 2.32198
9420001 2.32813
9430001 2.32139
9440001 2.31086
9450001 2.29508
9460001 2.32268
9470001 2.30675
9480001 2.30853
9490001 2.32154
9500001 2.31439
9510001 2.31071
9520001 2.3176
9530001 2.32488
9540001 2.31564
9550001 2.33261
9560001 2.31628
9570001 2.31391
9580001 2.33977
9590001 2.33383
9600001 2.33163
9610001 2.30997
9620001 2.32119
9630001 2.33258
9640001 2.32377
9650001 2.30175
9660001 2.30923
9670001 2.32693
9680001 2.31596
9690001 2.318
9700001 2.31828
9710001 2.30361
9720001 2.31661
9730001 2.31715
9740001 2.32155
9750001 2.30682
9760001 2.30076
9770001 2.31857
9780001 2.33273
9790001 2.30577
9800001 2.29852
9810001 2.31523
9820001 2.32384
9830001 2.31882
9840001 2.30575
9850001 2.31036
9860001 2.31304
9870001 2.29834
9880001 2.30691
9890001 2.31256
9900001 2.32447
9910001 2.3186
9920001 2.31249
9930001 2.32295
9940001 2.30013
9950001 2.31908
9960001 2.30439
9970001 2.30647
9980001 2.31271
9990001 2.30958
10000001 2.32439
10010001 2.29286
10020001 2.31541
10030001 2.31397
10040001 2.30224
10050001 2.31013
10060001 2.31414
10070001 2.30727
10080001 2.30823
10090001 2.30336
10100001 2.30277
10110001 2.30013
10120001 2.30728
10130001 2.30505
10140001 2.32392
10150001 2.30897
10160001 2.29174
10170001 2.32234
10180001 2.31253
10190001 2.30165
10200001 2.286
10210001 2.30688
10220001 2.32123
10230001 2.30089
10240001 2.30762
10250001 2.29906
10260001 2.3057
10270001 2.30016
10280001 2.30936
10290001 2.30809
10300001 2.30401
10310001 2.31234
10320001 2.29946
10330001 2.30376
10340001 2.30161
10350001 2.29213
10360001 2.29956
10370001 2.30811
10380001 2.31026
10390001 2.30037
10400001 2.30809
10410001 2.31162
10420001 2.29873
10430001 2.31387
10440001 2.30601
10450001 2.30467
10460001 2.30805
10470001 2.32296
10480001 2.3135
10490001 2.30178
10500001 2.30939
10510001 2.28732
10520001 2.3058
10530001 2.31959
10540001 2.30843
10550001 2.29479
10560001 2.31167
10570001 2.30844
10580001 2.31197
10590001 2.3053
10600001 2.30606
10610001 2.29946
10620001 2.29873
10630001 2.30776
10640001 2.31682
10650001 2.29996
10660001 2.31153
10670001 2.30094
10680001 2.30441
10690001 2.31343
10700001 2.30477
10710001 2.31232
10720001 2.2999
10730001 2.31179
10740001 2.30674
10750001 2.31209
10760001 2.30666
10770001 2.30258
10780001 2.2943
10790001 2.29658
10800001 2.29789
10810001 2.29702
10820001 2.30918
10830001 2.31657
10840001 2.29392
10850001 2.32085
10860001 2.31752
10870001 2.30717
10880001 2.28748
10890001 2.29043
10900001 2.30665
10910001 2.30898
10920001 2.30627
10930001 2.29361
10940001 2.30236
10950001 2.292
10960001 2.30536
10970001 2.29351
10980001 2.30816
10990001 2.306
11000001 2.30249
11010001 2.29738
11020001 2.32902
11030001 2.29457
11040001 2.30972
11050001 2.28674
11060001 2.28652
11070001 2.30326
11080001 2.30354
11090001 2.29821
11100001 2.3074
11110001 2.29771
11120001 2.29045
11130001 2.30516
11140001 2.30194
11150001 2.28778
11160001 2.28073
11170001 2.28005
11180001 2.30186
11190001 2.3096
11200001 2.30835
11210001 2.30025
11220001 2.30916
11230001 2.29769
11240001 2.27328
11250001 2.28694
11260001 2.2846
11270001 2.30505
11280001 2.30063
11290001 2.3092
11300001 2.28582
11310001 2.29962
11320001 2.29331
11330001 2.28851
11340001 2.3048
11350001 2.2915
11360001 2.30624
11370001 2.29316
11380001 2.29968
11390001 2.29281
11400001 2.28472
11410001 2.30239
11420001 2.30492
11430001 2.30822
11440001 2.28895
11450001 2.28769
11460001 2.29408
11470001 2.29313
11480001 2.29538
11490001 2.28194
11500001 2.29842
11510001 2.29256
11520001 2.29732
11530001 2.31108
11540001 2.29237
11550001 2.30152
11560001 2.29519
11570001 2.29565
11580001 2.2933
11590001 2.2907
11600001 2.30166
11610001 2.29496
11620001 2.31162
11630001 2.29273
11640001 2.30196
11650001 2.30108
11660001 2.29544
11670001 2.30041
11680001 2.27919
11690001 2.2974
11700001 2.29028
11710001 2.28893
11720001 2.27766
11730001 2.28214
11740001 2.29312
11750001 2.28781
11760001 2.29516
11770001 2.27454
11780001 2.30207
11790001 2.29521
11800001 2.29205
11810001 2.28319
11820001 2.29316
11830001 2.30076
11840001 2.30418
11850001 2.28313
11860001 2.30376
11870001 2.27931
11880001 2.30567
11890001 2.28044
11900001 2.28073
11910001 2.30527
11920001 2.29328
11930001 2.28817
11940001 2.28253
11950001 2.29748
11960001 2.28711
11970001 2.27645
11980001 2.29228
11990001 2.28047
12000001 2.28012
12010001 2.2848
12020001 2.29498
12030001 2.28135
12040001 2.28384
12050001 2.27145
12060001 2.28671
12070001 2.28838
12080001 2.30676
12090001 2.28634
12100001 2.28976
12110001 2.29
12120001 2.28332
12130001 2.29449
12140001 2.29166
12150001 2.28906
12160001 2.30171
12170001 2.28911
12180001 2.29151
12190001 2.27254
12200001 2.28711
12210001 2.2861
12220001 2.28528
12230001 2.28197
12240001 2.28747
12250001 2.31076
12260001 2.28001
12270001 2.29066
12280001 2.30744
12290001 2.28997
12300001 2.29786
12310001 2.27359
12320001 2.29101
12330001 2.28551
12340001 2.28651
12350001 2.28907
12360001 2.30754
12370001 2.28045
12380001 2.29881
12390001 2.28364
12400001 2.29194
12410001 2.28702
12420001 2.28821
12430001 2.27718
12440001 2.27774
12450001 2.29375
12460001 2.2897
12470001 2.29828
12480001 2.29532
12490001 2.30435
12500001 2.2806
12510001 2.31092
12520001 2.28846
12530001 2.28169
12540001 2.30199
12550001 2.29315
12560001 2.28792
12570001 2.28437
12580001 2.27418
12590001 2.28239
12600001 2.29697
12610001 2.28367
12620001 2.2845
12630001 2.26611
12640001 2.29797
12650001 2.28371
12660001 2.28995
12670001 2.28127
12680001 2.26839
12690001 2.26185
12700001 2.28043
12710001 2.2822
12720001 2.2901
12730001 2.29328
12740001 2.29726
12750001 2.28407
12760001 2.27978
12770001 2.27926
12780001 2.28354
12790001 2.27325
12800001 2.30643
12810001 2.28824
12820001 2.2791
12830001 2.27764
12840001 2.26759
12850001 2.28929
12860001 2.28346
12870001 2.29367
12880001 2.2996
12890001 2.28026
12900001 2.28231
12910001 2.28755
12920001 2.29141
12930001 2.28489
12940001 2.28366
12950001 2.2893
12960001 2.2838
12970001 2.27906
12980001 2.28722
12990001 2.27258
13000001 2.29412
13010001 2.27865
13020001 2.28616
13030001 2.28279
13040001 2.26255
13050001 2.27245
13060001 2.26675
13070001 2.27454
13080001 2.28388
13090001 2.29189
13100001 2.29921
13110001 2.27872
13120001 2.27988
13130001 2.27105
13140001 2.27438
13150001 2.283
13160001 2.27547
13170001 2.30385
13180001 2.28352
13190001 2.28324
13200001 2.26988
13210001 2.26717
13220001 2.27251
13230001 2.28076
13240001 2.29475
13250001 2.26572
13260001 2.28746
13270001 2.28332
13280001 2.28609
13290001 2.28798
13300001 2.27658
13310001 2.2966
13320001 2.29588
13330001 2.29962
13340001 2.28122
13350001 2.26823
13360001 2.29352
13370001 2.29035
13380001 2.28558
13390001 2.27571
13400001 2.28375
13410001 2.25717
13420001 2.28033
13430001 2.29786
13440001 2.27498
13450001 2.27165
13460001 2.27725
13470001 2.2841
13480001 2.28339
13490001 2.27135
13500001 2.27983
13510001 2.28942
13520001 2.27377
13530001 2.29348
13540001 2.29264
13550001 2.26961
13560001 2.27782
13570001 2.27772
13580001 2.29059
13590001 2.28272
13600001 2.26792
13610001 2.27257
13620001 2.26496
13630001 2.2781
13640001 2.2798
13650001 2.27724
13660001 2.27061
13670001 2.28524
13680001 2.27479
13690001 2.26258
13700001 2.28239
13710001 2.28839
13720001 2.28085
13730001 2.27157
13740001 2.27931
13750001 2.28974
13760001 2.26114
13770001 2.27608
13780001 2.28426
13790001 2.26889
13800001 2.27651
13810001 2.27509
13820001 2.26583
13830001 2.265
13840001 2.27236
13850001 2.27432
13860001 2.28367
13870001 2.28121
13880001 2.26531
13890001 2.27401
13900001 2.26524
13910001 2.28009
13920001 2.27519
13930001 2.2694
13940001 2.2742
13950001 2.27322
13960001 2.26894
13970001 2.27185
13980001 2.25991
13990001 2.25809
14000001 2.27444
14010001 2.27089
14020001 2.27764
14030001 2.26671
14040001 2.28368
14050001 2.26694
14060001 2.27561
14070001 2.27537
14080001 2.2723
14090001 2.25943
14100001 2.27111
14110001 2.27822
14120001 2.27964
14130001 2.28111
14140001 2.27367
14150001 2.27209
14160001 2.25941
14170001 2.28142
14180001 2.26539
14190001 2.27328
14200001 2.28527
14210001 2.28679
14220001 2.27277
14230001 2.263
14240001 2.26632
14250001 2.26599
14260001 2.26415
14270001 2.26391
14280001 2.26875
14290001 2.27192
14300001 2.28237
14310001 2.27199
14320001 2.25998
14330001 2.28082
14340001 2.27426
14350001 2.24926
14360001 2.25017
14370001 2.268
14380001 2.2773
14390001 2.2916
14400001 2.27162
14410001 2.27161
14420001 2.2806
14430001 2.28222
14440001 2.27818
14450001 2.26108
14460001 2.26847
14470001 2.27317
14480001 2.26419
14490001 2.28283
14500001 2.26691
14510001 2.27574
14520001 2.28188
14530001 2.2571
14540001 2.26905
14550001 2.28784
14560001 2.27045
14570001 2.26207
14580001 2.265
14590001 2.26063
14600001 2.26254
14610001 2.26146
14620001 2.26848
14630001 2.25078
14640001 2.28571
14650001 2.25665
14660001 2.26869
14670001 2.26075
14680001 2.26301
14690001 2.26285
14700001 2.27303
14710001 2.27868
14720001 2.26962
14730001 2.27201
14740001 2.26506
14750001 2.26935
14760001 2.277
14770001 2.27025
14780001 2.27443
14790001 2.26241
14800001 2.26774
14810001 2.2459
14820001 2.26128
14830001 2.2678
14840001 2.25248
14850001 2.26902
14860001 2.28333
14870001 2.28445
14880001 2.25843
14890001 2.26224
14900001 2.26197
14910001 2.25965
14920001 2.25535
14930001 2.25837
14940001 2.25389
14950001 2.2699
14960001 2.2641
14970001 2.27048
14980001 2.27147
14990001 2.26396
15000001 2.2663
15010001 2.2687
15020001 2.27291
15030001 2.27764
15040001 2.26971
15050001 2.25477
15060001 2.26169
15070001 2.25977
15080001 2.26939
15090001 2.27089
15100001 2.25972
15110001 2.27
15120001 2.28505
15130001 2.25828
15140001 2.24426
15150001 2.27121
15160001 2.28034
15170001 2.28089
15180001 2.26734
15190001 2.2901
15200001 2.24853
15210001 2.2713
15220001 2.26748
15230001 2.27198
15240001 2.28103
15250001 2.25137
15260001 2.26703
15270001 2.27115
15280001 2.28215
15290001 2.25779
15300001 2.26521
15310001 2.2597
15320001 2.25468
15330001 2.25053
15340001 2.25236
15350001 2.26534
15360001 2.27419
15370001 2.25298
15380001 2.2515
15390001 2.26025
15400001 2.25855
15410001 2.26966
15420001 2.25786
15430001 2.27214
15440001 2.27235
15450001 2.27203
15460001 2.25009
15470001 2.26134
15480001 2.26183
15490001 2.25391
15500001 2.2747
15510001 2.26581
15520001 2.25707
15530001 2.2661
15540001 2.28127
15550001 2.26325
15560001 2.25988
15570001 2.26445
15580001 2.28743
15590001 2.25983
15600001 2.26643
15610001 2.27111
15620001 2.2601
15630001 2.25698
15640001 2.25295
15650001 2.25932
15660001 2.26205
15670001 2.26222
15680001 2.25113
15690001 2.26109
15700001 2.25882
15710001 2.25878
15720001 2.26051
15730001 2.25092
15740001 2.26274
15750001 2.25317
15760001 2.26132
15770001 2.24468
15780001 2.26965
15790001 2.25083
15800001 2.25446
15810001 2.25973
15820001 2.2589
15830001 2.25084
15840001 2.25941
15850001 2.2507
15860001 2.26414
15870001 2.2639
15880001 2.2688
15890001 2.27354
15900001 2.26301
15910001 2.27279
15920001 2.268
15930001 2.256
15940001 2.25121
15950001 2.26404
15960001 2.27534
15970001 2.26483
15980001 2.2613
15990001 2.25733
16000001 2.25632
16010001 2.26889
16020001 2.24928
16030001 2.2653
16040001 2.27272
16050001 2.24705
16060001 2.26619
16070001 2.27249
16080001 2.25612
16090001 2.25862
16100001 2.27362
16110001 2.25076
16120001 2.25033
16130001 2.25095
16140001 2.2681
16150001 2.2727
16160001 2.25824
16170001 2.26224
16180001 2.26867
16190001 2.2708
16200001 2.27892
16210001 2.25905
16220001 2.25245
16230001 2.24881
16240001 2.24563
16250001 2.24978
16260001 2.24897
16270001 2.25181
16280001 2.24515
16290001 2.26863
16300001 2.27079
16310001 2.26565
16320001 2.25277
16330001 2.2633
16340001 2.2899
16350001 2.26033
16360001 2.25039
16370001 2.26111
16380001 2.26918
16390001 2.2527
16400001 2.27009
16410001 2.25556
16420001 2.2489
16430001 2.2617
16440001 2.2706
16450001 2.25565
16460001 2.26011
16470001 2.2497
16480001 2.25161
16490001 2.26947
16500001 2.25998
16510001 2.26119
16520001 2.24492
16530001 2.24678
16540001 2.24207
16550001 2.27467
16560001 2.25312
16570001 2.2745
16580001 2.26006
16590001 2.26564
16600001 2.25509
16610001 2.24815
16620001 2.26187
16630001 2.27532
16640001 2.25136
16650001 2.2779
16660001 2.24383
16670001 2.24477
16680001 2.24861
16690001 2.25296
16700001 2.26273
16710001 2.26325
16720001 2.27066
16730001 2.25732
16740001 2.24724
16750001 2.2402
16760001 2.2604
16770001 2.25467
16780001 2.25661
16790001 2.24283
16800001 2.25541
16810001 2.27802
16820001 2.25384
16830001 2.25253
16840001 2.23661
16850001 2.25701
16860001 2.25128
16870001 2.27497
16880001 2.24945
16890001 2.26699
16900001 2.26131
16910001 2.26756
16920001 2.24696
16930001 2.25922
16940001 2.25785
16950001 2.25391
16960001 2.25051
16970001 2.25814
16980001 2.27667
16990001 2.26674
17000001 2.26677
17010001 2.26119
17020001 2.24945
17030001 2.24043
17040001 2.24608
17050001 2.24902
17060001 2.25075
17070001 2.25312
17080001 2.26518
17090001 2.24786
17100001 2.25989
17110001 2.23935
17120001 2.24958
17130001 2.24699
17140001 2.25628
17150001 2.25831
17160001 2.25207
17170001 2.2537
17180001 2.26629
17190001 2.2429
17200001 2.2436
17210001 2.24286
17220001 2.25633
17230001 2.26126
17240001 2.25478
17250001 2.24198
17260001 2.27881
17270001 2.25784
17280001 2.2489
17290001 2.26294
17300001 2.25307
17310001 2.2404
17320001 2.25884
17330001 2.23987
17340001 2.25705
17350001 2.2532
17360001 2.25448
17370001 2.24799
17380001 2.24981
17390001 2.25976
17400001 2.27248
17410001 2.26207
17420001 2.24867
17430001 2.25367
17440001 2.23571
17450001 2.26349
17460001 2.24441
17470001 2.24355
17480001 2.24874
17490001 2.26596
17500001 2.24551
17510001 2.25663
17520001 2.26113
17530001 2.24667
17540001 2.27533
17550001 2.24212
17560001 2.24484
17570001 2.25119
17580001 2.25332
17590001 2.27364
17600001 2.25147
17610001 2.26152
17620001 2.24745
17630001 2.24547
17640001 2.26623
17650001 2.24392
17660001 2.25249
17670001 2.26522
17680001 2.24582
17690001 2.23928
17700001 2.25644
17710001 2.26155
17720001 2.25888
17730001 2.24509
17740001 2.26363
17750001 2.24735
17760001 2.24498
17770001 2.22763
17780001 2.26304
17790001 2.27651
17800001 2.24461
17810001 2.24967
17820001 2.25652
17830001 2.25155
17840001 2.25785
17850001 2.23998
17860001 2.24476
17870001 2.23371
17880001 2.24954
17890001 2.24129
17900001 2.25682
17910001 2.2425
17920001 2.23819
17930001 2.24375
17940001 2.23295
17950001 2.25382
17960001 2.23622
17970001 2.24668
17980001 2.25079
17990001 2.25101
18000001 2.24373
18010001 2.26436
18020001 2.2536
18030001 2.24996
18040001 2.25158
18050001 2.25118
18060001 2.24882
18070001 2.251
18080001 2.25475
18090001 2.24773
18100001 2.25294
18110001 2.24774
18120001 2.24705
18130001 2.24636
18140001 2.24405
18150001 2.24744
18160001 2.24703
18170001 2.25951
18180001 2.24588
18190001 2.23538
18200001 2.24281
18210001 2.26092
18220001 2.24115
18230001 2.2472
18240001 2.26304
18250001 2.25315
18260001 2.24833
18270001 2.24939
18280001 2.24419
18290001 2.24243
18300001 2.2447
18310001 2.2687
18320001 2.26858
18330001 2.25584
18340001 2.2397
18350001 2.23267
18360001 2.2487
18370001 2.24908
18380001 2.25914
18390001 2.2437
18400001 2.24865
18410001 2.25191
18420001 2.25096
18430001 2.23342
18440001 2.24746
18450001 2.24161
18460001 2.23662
18470001 2.25636
18480001 2.25165
18490001 2.25375
18500001 2.25556
18510001 2.2509
18520001 2.246
18530001 2.24194
18540001 2.25749
18550001 2.26489
18560001 2.2526
18570001 2.23935
18580001 2.22471
18590001 2.24828
18600001 2.25201
18610001 2.24896
18620001 2.26415
18630001 2.25831
18640001 2.25213
18650001 2.24
18660001 2.26035
18670001 2.24149
18680001 2.24282
18690001 2.2435
18700001 2.24782
18710001 2.24264
18720001 2.24412
18730001 2.25369
18740001 2.25489
18750001 2.24765
18760001 2.244
18770001 2.25291
18780001 2.25007
18790001 2.24689
18800001 2.23688
18810001 2.23746
18820001 2.23522
18830001 2.21915
18840001 2.24426
18850001 2.2655
18860001 2.25845
18870001 2.2324
18880001 2.23578
18890001 2.23997
18900001 2.26182
18910001 2.23751
18920001 2.24851
18930001 2.2487
18940001 2.24756
18950001 2.23762
18960001 2.25006
18970001 2.25595
18980001 2.24257
18990001 2.25476
19000001 2.23941
19010001 2.23474
19020001 2.23848
19030001 2.26281
19040001 2.25312
19050001 2.24698
19060001 2.245
19070001 2.24554
19080001 2.25288
19090001 2.25734
19100001 2.23635
19110001 2.24787
19120001 2.25325
19130001 2.23876
19140001 2.23203
19150001 2.25319
19160001 2.25029
19170001 2.24506
19180001 2.25231
19190001 2.24339
19200001 2.2528
19210001 2.24939
19220001 2.24326
19230001 2.26356
19240001 2.26119
19250001 2.23561
19260001 2.24681
19270001 2.23026
19280001 2.24281
19290001 2.24624
19300001 2.23728
19310001 2.25034
19320001 2.22986
19330001 2.23221
19340001 2.24509
19350001 2.23393
19360001 2.24651
19370001 2.24646
19380001 2.26425
19390001 2.26
19400001 2.24533
19410001 2.24273
19420001 2.24412
19430001 2.25752
19440001 2.25522
19450001 2.25728
19460001 2.25166
19470001 2.25117
19480001 2.24073
19490001 2.23528
19500001 2.24477
19510001 2.24104
19520001 2.23931
19530001 2.24968
19540001 2.2403
19550001 2.23258
19560001 2.2378
19570001 2.2405
19580001 2.24511
19590001 2.2477
19600001 2.23849
19610001 2.24424
19620001 2.25182
19630001 2.24106
19640001 2.23217
19650001 2.23582
19660001 2.24795
19670001 2.23625
19680001 2.24693
19690001 2.2506
19700001 2.27893
19710001 2.2453
19720001 2.24422
19730001 2.23448
19740001 2.24433
19750001 2.24116
19760001 2.23306
19770001 2.23095
19780001 2.24797
19790001 2.2405
19800001 2.23934
19810001 2.22908
19820001 2.24181
19830001 2.24567
19840001 2.23175
19850001 2.23775
19860001 2.24472
19870001 2.24175
19880001 2.23931
19890001 2.23415
19900001 2.23612
19910001 2.22692
19920001 2.24086
19930001 2.22378
19940001 2.24396
19950001 2.27748
19960001 2.25097
19970001 2.24608
19980001 2.2451
19990001 2.24549
20000001 2.24236
20010001 2.24731
20020001 2.24409
20030001 2.2335
20040001 2.23463
20050001 2.23093
20060001 2.23768
20070001 2.25354
20080001 2.22636
20090001 2.23935
20100001 2.25314
20110001 2.2488
20120001 2.24961
20130001 2.23188
20140001 2.2407
20150001 2.70683
20160001 2.39258
20170001 2.34361
20180001 2.3014
20190001 2.26057
20200001 2.2455
20210001 2.24585
20220001 2.24775
20230001 2.24467
20240001 2.25691
20250001 2.25734
20260001 2.23403
20270001 2.23878
20280001 2.23264
20290001 2.24223
20300001 2.24395
20310001 2.23664
20320001 2.24036
20330001 2.23454
20340001 2.25411
20350001 2.24882
20360001 2.23461
20370001 2.23529
20380001 2.24623
20390001 2.24636
20400001 2.24868
20410001 2.24505
20420001 2.24348
20430001 2.22114
20440001 2.2438
20450001 2.24595
20460001 2.24124
20470001 2.26052
20480001 2.23736
20490001 2.23078
20500001 2.23806
20510001 2.25083
20520001 2.23872
20530001 2.25077
20540001 2.25832
20550001 2.24891
20560001 2.24441
20570001 2.23747
20580001 2.22333
20590001 2.23568
20600001 2.23058
20610001 2.21363
20620001 2.22317
20630001 2.24157
20640001 2.23465
20650001 2.23861
20660001 2.24757
20670001 2.23705
20680001 2.26142
20690001 2.25355
20700001 2.23566
20710001 2.23065
20720001 2.25048
20730001 2.2551
20740001 2.25022
20750001 2.24758
20760001 2.23226
20770001 2.24438
20780001 2.23421
20790001 2.24571
20800001 2.23119
20810001 2.2379
20820001 2.24032
20830001 2.22943
20840001 2.23895
20850001 2.2191
20860001 2.21643
20870001 2.25971
20880001 2.24572
20890001 2.23319
20900001 2.22761
20910001 2.24185
20920001 2.23549
20930001 2.24442
20940001 2.24918
20950001 2.24834
20960001 2.23966
20970001 2.23467
20980001 2.23497
20990001 2.24102
21000001 2.22622
21010001 2.25717
21020001 2.24271
21030001 2.23504
21040001 2.22258
21050001 2.22864
21060001 2.2175
21070001 2.25123
21080001 2.22498
21090001 2.22791
21100001 2.24978
21110001 2.24323
21120001 2.23527
21130001 2.23698
21140001 2.23031
21150001 2.24015
21160001 2.24391
21170001 2.2332
21180001 2.23715
21190001 2.21543
21200001 2.24243
21210001 2.24786
21220001 2.21843
21230001 2.23763
21240001 2.24788
21250001 2.25428
21260001 2.2316
21270001 2.2279
21280001 2.2396
21290001 2.22955
21300001 2.23816
21310001 2.2393
21320001 2.24699
21330001 2.2225
21340001 2.23096
21350001 2.23168
21360001 2.231
21370001 2.22072
21380001 2.23679
21390001 2.24897
21400001 2.24544
21410001 2.22778
21420001 2.22803
21430001 2.2312
21440001 2.23885
21450001 2.22954
21460001 2.23459
21470001 2.23101
21480001 2.23249
21490001 2.21688
21500001 2.22968
21510001 2.22328
21520001 2.22654
21530001 2.2421
21540001 2.24339
21550001 2.24236
21560001 2.23223
21570001 2.23256
21580001 2.23069
21590001 2.23077
21600001 2.22948
21610001 2.22422
21620001 2.23297
21630001 2.23404
21640001 2.22003
21650001 2.21703
21660001 2.22044
21670001 2.23896
21680001 2.23927
21690001 2.24194
21700001 2.23029
21710001 2.24651
21720001 2.22609
21730001 2.22673
21740001 2.22699
21750001 2.24896
21760001 2.2331
21770001 2.21943
21780001 2.23132
21790001 2.24271
21800001 2.23947
21810001 2.23815
21820001 2.24915
21830001 2.23918
21840001 2.23195
21850001 2.22932
21860001 2.22353
21870001 2.25035
21880001 2.23962
21890001 2.24922
21900001 2.24514
21910001 2.23302
21920001 2.22479
21930001 2.24267
21940001 2.23068
21950001 2.22821
21960001 2.22829
21970001 2.21544
21980001 2.23529
21990001 2.23005
22000001 2.23307
22010001 2.24291
22020001 2.23841
22030001 2.23047
22040001 2.23118
22050001 2.24
22060001 2.22608
22070001 2.2337
22080001 2.23887
22090001 2.23128
22100001 2.24219
22110001 2.23611
22120001 2.23421
22130001 2.23124
22140001 2.23332
22150001 2.24227
22160001 2.23366
22170001 2.23128
22180001 2.22971
22190001 2.23109
22200001 2.23201
22210001 2.21524
22220001 2.21288
22230001 2.22655
22240001 2.2337
22250001 2.23298
22260001 2.22721
22270001 2.23426
22280001 2.22675
22290001 2.23401
22300001 2.24783
22310001 2.22563
22320001 2.2479
22330001 2.22366
22340001 2.22338
22350001 2.22878
22360001 2.23512
22370001 2.22919
22380001 2.24262
22390001 2.2513
22400001 2.24312
22410001 2.21808
22420001 2.23113
22430001 2.22778
22440001 2.24048
22450001 2.21108
22460001 2.24837
22470001 2.22993
22480001 2.22374
22490001 2.22863
22500001 2.24289
22510001 2.21678
22520001 2.24418
22530001 2.23438
22540001 2.22714
22550001 2.24097
22560001 2.23112
22570001 2.23065
22580001 2.21582
22590001 2.21666
22600001 2.21674
22610001 2.21925
22620001 2.22681
22630001 2.21856
22640001 2.21745
22650001 2.21451
22660001 2.22259
22670001 2.2273
22680001 2.22315
22690001 2.22845
22700001 2.21893
22710001 2.2247
22720001 2.24213
22730001 2.23334
22740001 2.22292
22750001 2.2295
22760001 2.22656
22770001 2.22649
22780001 2.24457
22790001 2.21234
22800001 2.22659
22810001 2.25041
22820001 2.23761
22830001 2.23796
22840001 2.23474
22850001 2.24505
22860001 2.25203
22870001 2.242
22880001 2.22731
22890001 2.21116
22900001 2.23883
22910001 2.23267
22920001 2.23364
22930001 2.22711
22940001 2.23026
22950001 2.22335
22960001 2.22117
22970001 2.2395
22980001 2.21919
22990001 2.23786
23000001 2.23724
23010001 2.24368
23020001 2.2193
23030001 2.22529
23040001 2.22027
23050001 2.20907
23060001 2.22552
23070001 2.21641
23080001 2.2358
23090001 2.22633
23100001 2.22887
23110001 2.22962
23120001 2.2229
23130001 2.21907
23140001 2.2383
23150001 2.22884
23160001 2.21887
23170001 2.23003
23180001 2.2259
23190001 2.22343
23200001 2.22776
23210001 2.22344
23220001 2.23462
23230001 2.22522
23240001 2.21982
23250001 2.24618
23260001 2.24921
23270001 2.24237
23280001 2.2421
23290001 2.22516
23300001 2.23379
23310001 2.22405
23320001 2.22589
23330001 2.22831
23340001 2.23577
23350001 2.21368
23360001 2.23307
23370001 2.23186
23380001 2.22721
23390001 2.23063
23400001 2.23352
23410001 2.21881
23420001 2.2382
23430001 2.2309
23440001 2.22037
23450001 2.23375
23460001 2.21732
23470001 2.22732
23480001 2.22387
23490001 2.22199
23500001 2.22511
23510001 2.23673
23520001 2.23779
23530001 2.23515
23540001 2.21657
23550001 2.23502
23560001 2.22965
23570001 2.24524
23580001 2.23909
23590001 2.25248
23600001 2.23965
23610001 2.22854
23620001 2.23504
23630001 2.241
23640001 2.24567
23650001 2.22914
23660001 2.21803
23670001 2.22553
23680001 2.24642
23690001 2.2257
23700001 2.23032
23710001 2.22749
23720001 2.22052
23730001 2.2314
23740001 2.22572
23750001 2.20461
23760001 2.21972
23770001 2.21261
23780001 2.23091
23790001 2.22683
23800001 2.22978
23810001 2.21897
23820001 2.21443
23830001 2.23981
23840001 2.23183
23850001 2.22252
23860001 2.22955
23870001 2.23006
23880001 2.22073
23890001 2.23386
23900001 2.24362
23910001 2.21849
23920001 2.21155
23930001 2.22891
23940001 2.23196
23950001 2.22741
23960001 2.2318
23970001 2.22987
23980001 2.22024
23990001 2.22525
24000001 2.23059
24010001 2.22875
24020001 2.24383
24030001 2.23083
24040001 2.21721
24050001 2.22716
24060001 2.24247
24070001 2.24893
24080001 2.21464
24090001 2.21976
24100001 2.22636
24110001 2.2189
24120001 2.21184
24130001 2.22957
24140001 2.23078
24150001 2.23149
24160001 2.23365
24170001 2.20553
24180001 2.22582
24190001 2.22588
24200001 2.23318
24210001 2.20681
24220001 2.22381
24230001 2.22359
24240001 2.22525
24250001 2.22304
24260001 2.24484
24270001 2.23397
24280001 2.23127
24290001 2.22723
24300001 2.2338
24310001 2.24311
24320001 2.21421
24330001 2.24255
24340001 2.23712
24350001 2.21331
24360001 2.23409
24370001 2.23351
24380001 2.21722
24390001 2.24221
24400001 2.23293
24410001 2.21018
24420001 2.21222
24430001 2.21215
24440001 2.22588
24450001 2.23344
24460001 2.20679
24470001 2.22123
24480001 2.21067
24490001 2.22196
24500001 2.2205
24510001 2.22395
24520001 2.2484
24530001 2.22857
24540001 2.21579
24550001 2.23229
24560001 2.23353
24570001 2.22856
24580001 2.23366
24590001 2.21804
24600001 2.22483
24610001 2.22155
24620001 2.23625
24630001 2.21887
24640001 2.229
24650001 2.22083
24660001 2.22268
24670001 2.21845
24680001 2.23136
24690001 2.21303
24700001 2.24477
24710001 2.21109
24720001 2.22553
24730001 2.20744
24740001 2.21936
24750001 2.21825
24760001 2.22355
24770001 2.21504
24780001 2.21047
24790001 2.212
24800001 2.24423
24810001 2.22964
24820001 2.22507
24830001 2.24003
24840001 2.2053
24850001 2.20618
24860001 2.23067
24870001 2.22964
24880001 2.22312
24890001 2.22006
24900001 2.22477
24910001 2.20898
24920001 2.22109
24930001 2.23276
24940001 2.24152
24950001 2.21201
24960001 2.22633
24970001 2.25138
24980001 2.21773
24990001 2.21227
25000001 2.22225
25010001 2.21109
25020001 2.22267
25030001 2.23433
25040001 2.21488
25050001 2.21887
25060001 2.22902
25070001 2.21425
25080001 2.23481
25090001 2.21528
25100001 2.2175
25110001 2.22018
25120001 2.21261
25130001 2.21628
25140001 2.21244
25150001 2.21836
25160001 2.23587
25170001 2.21687
25180001 2.2299
25190001 2.21796
25200001 2.21887
25210001 2.22996
25220001 2.22349
25230001 2.21695
25240001 2.22084
25250001 2.22579
25260001 2.21669
25270001 2.22247
25280001 2.20854
25290001 2.23889
25300001 2.22095
25310001 2.21364
25320001 2.21034
25330001 2.21128
25340001 2.21303
25350001 2.19417
25360001 2.21291
25370001 2.2343
25380001 2.2369
25390001 2.22316
25400001 2.21536
25410001 2.21547
25420001 2.20661
25430001 2.24577
25440001 2.22584
25450001 2.21989
25460001 2.21839
25470001 2.21611
25480001 2.2207
25490001 2.22444
25500001 2.21191
25510001 2.22354
25520001 2.21738
25530001 2.22213
25540001 2.22244
25550001 2.21736
25560001 2.2231
25570001 2.22135
25580001 2.21807
25590001 2.20785
25600001 2.23315
25610001 2.22004
25620001 2.2215
25630001 2.22494
25640001 2.20984
25650001 2.22346
25660001 2.23196
25670001 2.21649
25680001 2.20712
25690001 2.19707
25700001 2.21801
25710001 2.2203
25720001 2.22721
25730001 2.21763
25740001 2.21313
25750001 2.22303
25760001 2.21611
25770001 2.22215
25780001 2.23449
25790001 2.20865
25800001 2.22126
25810001 2.20352
25820001 2.21266
25830001 2.21712
25840001 2.21504
25850001 2.21434
25860001 2.23056
25870001 2.22709
25880001 2.20736
25890001 2.21589
25900001 2.21362
25910001 2.23005
25920001 2.21606
25930001 2.2128
25940001 2.22744
25950001 2.24795
25960001 2.21449
25970001 2.21367
25980001 2.20818
25990001 2.22271
26000001 2.22175
26010001 2.22516
26020001 2.2243
26030001 2.2243
26040001 2.20278
26050001 2.22745
26060001 2.23653
26070001 2.21761
26080001 2.20861
26090001 2.23036
26100001 2.21694
26110001 2.21045
26120001 2.208
26130001 2.2112
26140001 2.22085
26150001 2.20697
26160001 2.22672
26170001 2.21279
26180001 2.21813
26190001 2.20676
26200001 2.2195
26210001 2.24024
26220001 2.21027
26230001 2.21946
26240001 2.21379
26250001 2.2343
26260001 2.2274
26270001 2.22208
26280001 2.22029
26290001 2.20637
26300001 2.22884
26310001 2.22611
26320001 2.20744
26330001 2.216
26340001 2.21835
26350001 2.22941
26360001 2.23264
26370001 2.20009
26380001 2.21484
26390001 2.19667
26400001 2.21285
26410001 2.204
26420001 2.21562
26430001 2.20832
26440001 2.22176
26450001 2.22844
26460001 2.20842
26470001 2.21933
26480001 2.23691
26490001 2.21671
26500001 2.22715
26510001 2.22608
26520001 2.22509
26530001 2.24571
26540001 2.21912
26550001 2.21444
26560001 2.20433
26570001 2.22347
26580001 2.20448
26590001 2.19858
26600001 2.21975
26610001 2.22476
26620001 2.21686
26630001 2.21935
26640001 2.20282
26650001 2.2048
26660001 2.20935
26670001 2.23627
26680001 2.22785
26690001 2.22279
26700001 2.22487
26710001 2.22081
26720001 2.23801
26730001 2.20951
26740001 2.23448
26750001 2.23566
26760001 2.21191
26770001 2.21982
26780001 2.22373
26790001 2.21661
26800001 2.22512
26810001 2.22484
26820001 2.20864
26830001 2.2211
26840001 2.20645
26850001 2.20714
26860001 2.22994
26870001 2.21856
26880001 2.22817
26890001 2.21142
26900001 2.23486
26910001 2.21478
26920001 2.21809
26930001 2.21048
26940001 2.21472
26950001 2.21379
26960001 2.21889
26970001 2.20641
26980001 2.21835
26990001 2.21372
27000001 2.23054
27010001 2.22313
27020001 2.21699
27030001 2.20779
27040001 2.21767
27050001 2.20563
27060001 2.21178
27070001 2.21809
27080001 2.20645
27090001 2.19717
27100001 2.20889
27110001 2.21599
27120001 2.21069
27130001 2.21732
27140001 2.21199
27150001 2.20843
27160001 2.19778
27170001 2.2099
27180001 2.22316
27190001 2.20704
27200001 2.2195
27210001 2.213
27220001 2.20776
27230001 2.20938
27240001 2.21284
27250001 2.20652
27260001 2.21503
27270001 2.21403
27280001 2.21268
27290001 2.23762
27300001 2.21176
27310001 2.22613
27320001 2.21447
27330001 2.21521
27340001 2.20596
27350001 2.20132
27360001 2.20503
27370001 2.21377
27380001 2.209
27390001 2.20504
27400001 2.22045
27410001 2.2202
27420001 2.21402
27430001 2.21927
27440001 2.2099
27450001 2.20982
27460001 2.21618
27470001 2.21211
27480001 2.21681
27490001 2.22414
27500001 2.21049
27510001 2.20123
27520001 2.21027
27530001 2.21672
27540001 2.19902
27550001 2.21249
27560001 2.21589
27570001 2.20844
27580001 2.20538
27590001 2.20167
27600001 2.2065
27610001 2.21904
27620001 2.20193
27630001 2.20916
27640001 2.24281
27650001 2.21331
27660001 2.21395
27670001 2.23471
27680001 2.20178
27690001 2.21718
27700001 2.20876
27710001 2.22586
27720001 2.19821
27730001 2.21748
27740001 2.21978
27750001 2.21605
27760001 2.21127
27770001 2.20112
27780001 2.21777
27790001 2.20937
27800001 2.20426
27810001 2.20131
27820001 2.21054
27830001 2.21885
27840001 2.2006
27850001 2.22415
27860001 2.21768
27870001 2.22211
27880001 2.22591
27890001 2.21356
27900001 2.21561
27910001 2.21264
27920001 2.20555
27930001 2.19488
27940001 2.22585
27950001 2.19619
27960001 2.21143
27970001 2.21808
27980001 2.20688
27990001 2.22985
28000001 2.21109
28010001 2.20492
28020001 2.22267
28030001 2.20136
28040001 2.19436
28050001 2.21206
28060001 2.21791
28070001 2.21455
28080001 2.21382
28090001 2.21568
28100001 2.21183
28110001 2.23133
28120001 2.20856
28130001 2.21401
28140001 2.20263
28150001 2.20648
28160001 2.21368
28170001 2.23292
28180001 2.21445
28190001 2.21394
28200001 2.20519
28210001 2.21342
28220001 2.22851
28230001 2.20831
28240001 2.21226
28250001 2.19796
28260001 2.20466
28270001 2.21695
28280001 2.19467
28290001 2.21207
28300001 2.21364
28310001 2.22882
28320001 2.21064
28330001 2.21272
28340001 2.20863
28350001 2.21052
28360001 2.20211
28370001 2.22499
28380001 2.22369
28390001 2.19887
28400001 2.20166
28410001 2.19987
28420001 2.20163
28430001 2.19843
28440001 2.24005
28450001 2.21208
28460001 2.20047
28470001 2.22013
28480001 2.19987
28490001 2.20259
28500001 2.20457
28510001 2.20457
28520001 2.2184
28530001 2.21212
28540001 2.22192
28550001 2.20666
28560001 2.21637
28570001 2.2072
28580001 2.20133
28590001 2.19593
28600001 2.20981
28610001 2.20147
28620001 2.21052
28630001 2.21753
28640001 2.23153
28650001 2.19637
28660001 2.20521
28670001 2.19923
28680001 2.21326
28690001 2.21554
28700001 2.2136
28710001 2.19805
28720001 2.211
28730001 2.22664
28740001 2.21887
28750001 2.22489
28760001 2.20897
28770001 2.20098
28780001 2.20256
28790001 2.20923
28800001 2.2299
28810001 2.22571
28820001 2.21948
28830001 2.22743
28840001 2.19767
28850001 2.21041
28860001 2.20945
28870001 2.20906
28880001 2.21737
28890001 2.19083
28900001 2.20144
28910001 2.21709
28920001 2.21487
28930001 2.23642
28940001 2.2215
28950001 2.23412
28960001 2.23359
28970001 2.23472
28980001 2.20509
28990001 2.2244
29000001 2.22703
29010001 2.19216
29020001 2.21933
29030001 2.22759
29040001 2.21714
29050001 2.22039
29060001 2.21271
29070001 2.22549
29080001 2.21499
29090001 2.21127
29100001 2.22702
29110001 2.22397
29120001 2.19806
29130001 2.22057
29140001 2.21976
29150001 2.21732
29160001 2.20391
29170001 2.21383
29180001 2.21139
29190001 2.20344
29200001 2.20864
29210001 2.2043
29220001 2.20892
29230001 2.19794
29240001 2.20736
29250001 2.21572
29260001 2.19592
29270001 2.20525
29280001 2.19757
29290001 2.21351
29300001 2.21175
29310001 2.23144
29320001 2.22074
29330001 2.19096
29340001 2.20093
29350001 2.22322
29360001 2.2099
29370001 2.21009
29380001 2.21317
29390001 2.21766
29400001 2.21456
29410001 2.20323
29420001 2.21155
29430001 2.19751
29440001 2.21415
29450001 2.21503
29460001 2.19523
29470001 2.21036
29480001 2.19524
29490001 2.20827
29500001 2.20953
29510001 2.20273
29520001 2.218
29530001 2.20117
29540001 2.22511
29550001 2.20373
29560001 2.20787
29570001 2.22002
29580001 2.20757
29590001 2.1952
29600001 2.19023
29610001 2.20349
29620001 2.20785
29630001 2.20182
29640001 2.21883
29650001 2.20193
29660001 2.21217
29670001 2.1889
29680001 2.20482
29690001 2.21041
29700001 2.18711
29710001 2.21588
29720001 2.19556
29730001 2.21085
29740001 2.20001
29750001 2.19295
29760001 2.20283
29770001 2.22041
29780001 2.22061
29790001 2.23298
29800001 2.20845
29810001 2.203
29820001 2.21829
29830001 2.20935
29840001 2.2226
29850001 2.20431
29860001 2.19408
29870001 2.20982
29880001 2.2108
29890001 2.20553
29900001 2.20142
29910001 2.22043
29920001 2.19446
29930001 2.21432
29940001 2.21232
29950001 2.21177
29960001 2.20117
29970001 2.21587
29980001 2.21321
29990001 2.20797
