1 31.2799
10001 12.0828
20001 8.42651
30001 6.88841
40001 6.1484
50001 5.74342
60001 5.49291
70001 5.33257
80001 5.21251
90001 5.11777
100001 5.03886
110001 4.97098
120001 4.91225
130001 4.85875
140001 4.80959
150001 4.76477
160001 4.72363
170001 4.68435
180001 4.64783
190001 4.61291
200001 4.58009
210001 4.54918
220001 4.5191
230001 4.49025
240001 4.46328
250001 4.4373
260001 4.41217
270001 4.38809
280001 4.36489
290001 4.34221
300001 4.32054
310001 4.29965
320001 4.27958
330001 4.26017
340001 4.2415
350001 4.22318
360001 4.20552
370001 4.18814
380001 4.17164
390001 4.15541
400001 4.13952
410001 4.12388
420001 4.10895
430001 4.09443
440001 4.08011
450001 4.06593
460001 4.05216
470001 4.03888
480001 4.02573
490001 4.01308
500001 4.0006
510001 3.98856
520001 3.9766
530001 3.96509
540001 3.95379
550001 3.94263
560001 3.93174
570001 3.92121
580001 3.91072
590001 3.90041
600001 3.89026
610001 3.88049
620001 3.87097
630001 3.86153
640001 3.85226
650001 3.84306
660001 3.83407
670001 3.82518
680001 3.81658
690001 3.80799
700001 3.79949
710001 3.7913
720001 3.78323
730001 3.77526
740001 3.76735
750001 3.75973
760001 3.7522
770001 3.74468
780001 3.73742
790001 3.73006
800001 3.72305
810001 3.71605
820001 3.70927
830001 3.70248
840001 3.69572
850001 3.68914
860001 3.68264
870001 3.67624
880001 3.67007
890001 3.66379
900001 3.65764
910001 3.65168
920001 3.64571
930001 3.63983
940001 3.63394
950001 3.62823
960001 3.62262
970001 3.61703
980001 3.61164
990001 3.60614
1000001 3.60071
1010001 3.59542
1020001 3.59022
1030001 3.58503
1040001 3.57987
1050001 3.57488
1060001 3.56991
1070001 3.56495
1080001 3.55999
1090001 3.55519
1100001 3.55052
1110001 3.54598
1120001 3.54138
1130001 3.53666
1140001 3.5322
1150001 3.52782
1160001 3.52324
1170001 3.51894
1180001 3.51458
1190001 3.51037
1200001 3.50619
1210001 3.50195
1220001 3.49785
1230001 3.49382
1240001 3.48968
1250001 3.48573
1260001 3.4817
1270001 3.47781
1280001 3.47383
1290001 3.47003
1300001 3.46623
1310001 3.46254
1320001 3.45871
1330001 3.45504
1340001 3.45138
1350001 3.4477
1360001 3.44412
1370001 3.44065
1380001 3.43709
1390001 3.43367
1400001 3.4302
1410001 3.42681
1420001 3.42342
1430001 3.42004
1440001 3.4166
1450001 3.41329
1460001 3.41009
1470001 3.40701
1480001 3.40369
1490001 3.40056
1500001 3.39748
1510001 3.39437
1520001 3.39137
1530001 3.38823
1540001 3.38515
1550001 3.3821
1560001 3.37924
1570001 3.37638
1580001 3.37356
1590001 3.3706
1600001 3.36781
1610001 3.36506
1620001 3.36223
1630001 3.35946
1640001 3.35677
1650001 3.35409
1660001 3.35139
1670001 3.34882
1680001 3.34612
1690001 3.34349
1700001 3.34088
1710001 3.33832
1720001 3.33575
1730001 3.33331
1740001 3.33082
1750001 3.32836
1760001 3.32591
1770001 3.32344
1780001 3.32098
1790001 3.31854
1800001 3.31608
1810001 3.31361
1820001 3.3114
1830001 3.30904
1840001 3.30674
1850001 3.3046
1860001 3.30214
1870001 3.30002
1880001 3.29781
1890001 3.29561
1900001 3.29337
1910001 3.29119
1920001 3.28907
1930001 3.2869
1940001 3.28478
1950001 3.28274
1960001 3.28067
1970001 3.27862
1980001 3.27646
1990001 3.27437
2000001 3.27239
2010001 3.2704
2020001 3.26841
2030001 3.26642
2040001 3.26447
2050001 3.26248
2060001 3.26054
2070001 3.25859
2080001 3.25668
2090001 3.25477
2100001 3.25294
2110001 3.25116
2120001 3.24929
2130001 3.24736
2140001 3.24551
2150001 3.24372
2160001 3.24199
2170001 3.24015
2180001 3.23838
2190001 3.23662
2200001 3.23479
2210001 3.23301
2220001 3.23133
2230001 3.22972
2240001 3.22809
2250001 3.22634
2260001 3.22477
2270001 3.22319
2280001 3.22157
2290001 3.21991
2300001 3.21821
2310001 3.21665
2320001 3.215
2330001 3.21342
2340001 3.21187
2350001 3.2103
2360001 3.20884
2370001 3.20726
2380001 3.20574
2390001 3.20423
2400001 3.20277
2410001 3.2014
2420001 3.1999
2430001 3.19834
2440001 3.19688
2450001 3.19541
2460001 3.194
2470001 3.19247
2480001 3.19103
2490001 3.1897
2500001 3.18832
2510001 3.1869
2520001 3.18543
2530001 3.18412
2540001 3.18281
2550001 3.18148
2560001 3.18012
2570001 3.17886
2580001 3.1775
2590001 3.17624
2600001 3.17491
2610001 3.1737
2620001 3.17239
2630001 3.17106
2640001 3.16975
2650001 3.1686
2660001 3.1672
2670001 3.16586
2680001 3.16473
2690001 3.16345
2700001 3.16233
2710001 3.16105
2720001 3.15992
2730001 3.15871
2740001 3.15758
2750001 3.15653
2760001 3.15533
2770001 3.15414
2780001 3.15293
2790001 3.15193
2800001 3.15087
2810001 3.14958
2820001 3.14851
2830001 3.14743
2840001 3.14637
2850001 3.14522
2860001 3.14422
2870001 3.14312
2880001 3.14205
2890001 3.14095
2900001 3.13985
2910001 3.13889
2920001 3.13786
2930001 3.13681
2940001 3.13572
2950001 3.13481
2960001 3.13382
2970001 3.13275
2980001 3.13187
2990001 3.1311
3000001 3.13009
3010001 3.12907
3020001 3.12802
3030001 3.12697
3040001 3.126
3050001 3.12507
3060001 3.12427
3070001 3.12323
3080001 3.12224
3090001 3.12116
3100001 3.12037
3110001 3.1194
3120001 3.11855
3130001 3.1176
3140001 3.11681
3150001 3.11581
3160001 3.11496
3170001 3.11405
3180001 3.11322
3190001 3.11242
3200001 3.11147
3210001 3.11073
3220001 3.10981
3230001 3.10894
3240001 3.10815
3250001 3.10726
3260001 3.10651
3270001 3.10549
3280001 3.10479
3290001 3.10383
3300001 3.10316
3310001 3.10239
3320001 3.10158
3330001 3.10088
3340001 3.10009
3350001 3.09929
3360001 3.09857
3370001 3.09779
3380001 3.09708
3390001 3.09629
3400001 3.09565
3410001 3.09492
3420001 3.09415
3430001 3.0934
3440001 3.09254
3450001 3.09183
3460001 3.09114
3470001 3.0905
3480001 3.08991
3490001 3.0892
3500001 3.08839
3510001 3.08767
3520001 3.08698
3530001 3.0862
3540001 3.0856
3550001 3.0849
3560001 3.08417
3570001 3.08351
3580001 3.08288
3590001 3.08217
3600001 3.08158
3610001 3.08089
3620001 3.08017
3630001 3.07957
3640001 3.07892
3650001 3.07823
3660001 3.07759
3670001 3.07705
3680001 3.07634
3690001 3.07578
3700001 3.07512
3710001 3.07457
3720001 3.07399
3730001 3.0733
3740001 3.07267
3750001 3.07207
3760001 3.07162
3770001 3.071
3780001 3.07046
3790001 3.06978
3800001 3.06929
3810001 3.0687
3820001 3.06817
3830001 3.06752
3840001 3.06695
3850001 3.06646
3860001 3.06588
3870001 3.06533
3880001 3.06475
3890001 3.06425
3900001 3.06368
3910001 3.06321
3920001 3.06268
3930001 3.06212
3940001 3.0616
3950001 3.06123
3960001 3.0607
3970001 3.06015
3980001 3.05976
3990001 3.05914
4000001 3.05868
4010001 3.05819
4020001 3.05774
4030001 3.05717
4040001 3.05678
4050001 3.05612
4060001 3.05573
4070001 3.05528
4080001 3.05493
4090001 3.0544
4100001 3.05402
4110001 3.0535
4120001 3.05317
4130001 3.05266
4140001 3.05232
4150001 3.05194
4160001 3.05146
4170001 3.05103
4180001 3.05067
4190001 3.05019
4200001 3.04979
4210001 3.04943
4220001 3.04906
4230001 3.04859
4240001 3.04832
4250001 3.04803
4260001 3.04753
4270001 3.04711
4280001 3.04668
4290001 3.04632
4300001 3.0459
4310001 3.04548
4320001 3.04523
4330001 3.04483
4340001 3.04448
4350001 3.04413
4360001 3.04384
4370001 3.04344
4380001 3.04305
4390001 3.04265
4400001 3.04235
4410001 3.04204
4420001 3.04164
4430001 3.04129
4440001 3.04099
4450001 3.04065
4460001 3.04029
4470001 3.03988
4480001 3.03973
4490001 3.03937
4500001 3.03908
4510001 3.03882
4520001 3.03851
4530001 3.03804
4540001 3.03765
4550001 3.03728
4560001 3.03696
4570001 3.03668
4580001 3.03642
4590001 3.03606
4600001 3.03587
4610001 3.03569
4620001 3.03544
4630001 3.03522
4640001 3.03488
4650001 3.03456
4660001 3.03418
4670001 3.03393
4680001 3.03362
4690001 3.03344
4700001 3.03306
4710001 3.03276
4720001 3.03251
4730001 3.03222
4740001 3.03191
4750001 3.03159
4760001 3.03144
4770001 3.03114
4780001 3.03089
4790001 3.03067
4800001 3.03046
4810001 3.0302
4820001 3.02999
4830001 3.02971
4840001 3.02952
4850001 3.02929
4860001 3.02899
4870001 3.02881
4880001 3.02852
4890001 3.02826
4900001 3.02807
4910001 3.02784
4920001 3.02768
4930001 3.02739
4940001 3.02731
4950001 3.02716
4960001 3.02693
4970001 3.02673
4980001 3.02654
4990001 3.02614
5000001 3.02599
5010001 3.0257
5020001 3.02566
5030001 3.02544
5040001 3.02534
5050001 3.02507
5060001 3.02491
5070001 3.02476
5080001 3.02455
5090001 3.02433
5100001 3.02411
5110001 3.02389
5120001 3.02372
5130001 3.02347
5140001 3.02334
5150001 3.02319
5160001 3.02296
5170001 3.02276
5180001 3.02268
5190001 3.02242
5200001 3.02225
5210001 3.02214
5220001 3.02195
5230001 3.02183
5240001 3.02174
5250001 3.02158
5260001 3.02134
5270001 3.02125
5280001 3.0211
5290001 3.02095
5300001 3.02072
5310001 3.02062
5320001 3.0204
5330001 3.02024
5340001 3.02011
5350001 3.02004
5360001 3.01996
5370001 3.01971
5380001 3.01963
5390001 3.01958
5400001 3.0195
5410001 3.01941
5420001 3.01933
5430001 3.01915
5440001 3.01908
5450001 3.01894
5460001 3.01882
5470001 3.01884
5480001 3.01863
5490001 3.01854
5500001 3.01846
5510001 3.0184
5520001 3.01813
5530001 3.01803
5540001 3.01792
5550001 3.01794
5560001 3.01782
5570001 3.01771
5580001 3.01754
5590001 3.01739
5600001 3.01727
5610001 3.01722
5620001 3.01713
5630001 3.01705
5640001 3.01699
5650001 3.01694
5660001 3.01686
5670001 3.01686
5680001 3.01677
5690001 3.01675
5700001 3.01664
5710001 3.01651
5720001 3.01644
5730001 3.01638
5740001 3.01616
5750001 3.01619
5760001 3.01602
5770001 3.01596
5780001 3.01592
5790001 3.01602
5800001 3.0159
5810001 3.01597
5820001 3.01583
5830001 3.0157
5840001 3.01552
5850001 3.01558
5860001 3.01552
5870001 3.01539
5880001 3.0154
5890001 3.01537
5900001 3.0154
5910001 3.01533
5920001 3.01518
5930001 3.01506
5940001 3.01499
5950001 3.01489
5960001 3.0148
5970001 3.01476
5980001 3.0148
5990001 3.01485
6000001 3.01476
6010001 3.01473
6020001 3.0147
6030001 3.01463
6040001 3.01455
6050001 3.0145
6060001 3.01446
6070001 3.0144
6080001 3.01436
6090001 3.01434
6100001 3.0143
6110001 3.01432
6120001 3.01437
6130001 3.01433
6140001 3.0143
6150001 3.0143
6160001 3.01424
6170001 3.01416
6180001 3.0143
6190001 3.01422
6200001 3.01418
6210001 3.0143
6220001 3.01423
6230001 3.01424
6240001 3.01419
6250001 3.01419
6260001 3.01429
6270001 3.01411
6280001 3.0141
6290001 3.01413
6300001 3.01411
6310001 3.01417
6320001 3.01419
6330001 3.01425
6340001 3.01427
6350001 3.01427
6360001 3.01434
6370001 3.01437
6380001 3.01446
6390001 3.01447
6400001 3.01457
6410001 3.01451
6420001 3.01446
6430001 3.01449
6440001 3.01452
6450001 3.01452
6460001 3.01457
6470001 3.01456
6480001 3.01458
6490001 3.01461
6500001 3.01463
6510001 3.01465
6520001 3.01475
6530001 3.01483
6540001 3.01475
6550001 3.01481
6560001 3.01481
6570001 3.01497
6580001 3.01494
6590001 3.01502
6600001 3.015
6610001 3.01496
6620001 3.01511
6630001 3.01511
6640001 3.01512
6650001 3.01516
6660001 3.01529
6670001 3.01543
6680001 3.01549
6690001 3.01552
6700001 3.01553
6710001 3.01554
6720001 3.01566
6730001 3.01574
6740001 3.01578
6750001 3.01584
6760001 3.01593
6770001 3.01609
6780001 3.016
6790001 3.01594
6800001 3.01602
6810001 3.01609
6820001 3.01611
6830001 3.01631
6840001 3.01627
6850001 3.01639
6860001 3.01648
6870001 3.01649
6880001 3.01653
6890001 3.01656
6900001 3.01656
6910001 3.01663
6920001 3.01665
6930001 3.01676
6940001 3.01679
6950001 3.0169
6960001 3.01704
6970001 3.01726
6980001 3.0172
6990001 3.01731
7000001 3.01746
7010001 3.01758
7020001 3.01753
7030001 3.0176
7040001 3.01768
7050001 3.01778
7060001 3.01785
7070001 3.01801
7080001 3.01796
7090001 3.01809
7100001 3.01812
7110001 3.01823
7120001 3.01819
7130001 3.01843
7140001 3.01849
7150001 3.01859
7160001 3.01861
7170001 3.01869
7180001 3.01877
7190001 3.01897
7200001 3.01912
7210001 3.01908
7220001 3.01929
7230001 3.01931
7240001 3.01928
7250001 3.0194
7260001 3.01956
7270001 3.01961
7280001 3.01967
7290001 3.01985
7300001 3.01993
7310001 3.02012
7320001 3.02013
7330001 3.02029
7340001 3.02045
7350001 3.02059
7360001 3.02069
7370001 3.02081
7380001 3.02092
7390001 3.02103
7400001 3.02116
7410001 3.02128
7420001 3.02146
7430001 3.02149
7440001 3.0216
7450001 3.02179
7460001 3.02194
7470001 3.02208
7480001 3.02216
7490001 3.02227
7500001 3.02243
7510001 3.02251
7520001 3.02268
7530001 3.02275
7540001 3.02287
7550001 3.02291
7560001 3.02303
7570001 3.02311
7580001 3.02327
7590001 3.02343
7600001 3.02357
7610001 3.02364
7620001 3.02379
7630001 3.02387
7640001 3.02402
7650001 3.02416
7660001 3.02427
7670001 3.02442
7680001 3.02443
7690001 3.02459
7700001 3.0248
7710001 3.02494
7720001 3.02505
7730001 3.02508
7740001 3.02524
7750001 3.02545
7760001 3.02559
7770001 3.02575
7780001 3.02586
7790001 3.02609
7800001 3.02617
7810001 3.02629
7820001 3.02644
7830001 3.0266
7840001 3.02671
7850001 3.02698
7860001 3.02704
7870001 3.02726
7880001 3.02741
7890001 3.02751
7900001 3.02764
7910001 3.02769
7920001 3.02779
7930001 3.02786
7940001 3.02813
7950001 3.02829
7960001 3.02856
7970001 3.02858
7980001 3.02874
7990001 3.02894
8000001 3.0291
8010001 3.0293
8020001 3.02947
8030001 3.02961
8040001 3.02976
8050001 3.02987
8060001 3.03005
8070001 3.03025
8080001 3.03034
8090001 3.03051
8100001 3.03065
8110001 3.03085
8120001 3.03093
8130001 3.03118
8140001 3.03131
8150001 3.03147
8160001 3.03159
8170001 3.03165
8180001 3.03195
8190001 3.03214
8200001 3.03234
8210001 3.03249
8220001 3.03265
8230001 3.03282
8240001 3.0331
8250001 3.03326
8260001 3.0334
8270001 3.0336
8280001 3.03382
8290001 3.0339
8300001 3.0342
8310001 3.03438
8320001 3.03454
8330001 3.0347
8340001 3.03488
8350001 3.03505
8360001 3.03519
8370001 3.03547
8380001 3.03554
8390001 3.03576
8400001 3.03597
8410001 3.03613
8420001 3.03626
8430001 3.03644
8440001 3.03654
8450001 3.03672
8460001 3.03701
8470001 3.03713
8480001 3.03743
8490001 3.03748
8500001 3.03774
8510001 3.03787
8520001 3.0382
8530001 3.03844
8540001 3.03862
8550001 3.03882
8560001 3.03893
8570001 3.03913
8580001 3.03925
8590001 3.03949
8600001 3.03972
8610001 3.03978
8620001 3.04001
8630001 3.0402
8640001 3.04038
8650001 3.04058
8660001 3.0407
8670001 3.04086
8680001 3.04106
8690001 3.04137
8700001 3.04156
8710001 3.04178
8720001 3.042
8730001 3.04221
8740001 3.04274
8750001 3.04284
8760001 3.04297
8770001 3.04316
8780001 3.04336
8790001 3.04344
8800001 3.04362
8810001 3.04369
8820001 3.0439
8830001 3.04416
8840001 3.04437
8850001 3.04461
8860001 3.0448
8870001 3.04502
8880001 3.04525
8890001 3.04552
8900001 3.04571
8910001 3.04585
8920001 3.04596
8930001 3.04623
8940001 3.04642
8950001 3.0467
8960001 3.04701
8970001 3.04716
8980001 3.04742
8990001 3.04756
9000001 3.04774
9010001 3.04804
9020001 3.04829
9030001 3.04853
9040001 3.04868
9050001 3.04895
9060001 3.04918
9070001 3.04933
9080001 3.04959
9090001 3.0498
9100001 3.04995
9110001 3.05017
9120001 3.05036
9130001 3.05055
9140001 3.0508
9150001 3.05101
9160001 3.05115
9170001 3.05135
9180001 3.05168
9190001 3.05183
9200001 3.05215
9210001 3.05247
9220001 3.05264
9230001 3.05287
9240001 3.05307
9250001 3.05328
9260001 3.05352
9270001 3.05365
9280001 3.05385
9290001 3.05397
9300001 3.05425
9310001 3.0545
9320001 3.05475
9330001 3.05495
9340001 3.0551
9350001 3.05534
9360001 3.05553
9370001 3.05577
9380001 3.05596
9390001 3.05614
9400001 3.05634
9410001 3.05653
9420001 3.0568
9430001 3.057
9440001 3.05721
9450001 3.0574
9460001 3.05761
9470001 3.05793
9480001 3.05825
9490001 3.05853
9500001 3.05862
9510001 3.05882
9520001 3.059
9530001 3.05932
9540001 3.05968
9550001 3.05992
9560001 3.06006
9570001 3.06028
9580001 3.06055
9590001 3.06086
9600001 3.06116
9610001 3.06133
9620001 3.06161
9630001 3.06176
9640001 3.06199
9650001 3.06213
9660001 3.06241
9670001 3.06266
9680001 3.06292
9690001 3.0631
9700001 3.06332
9710001 3.0636
9720001 3.06378
9730001 3.06407
9740001 3.06436
9750001 3.06457
9760001 3.06482
9770001 3.06502
9780001 3.06528
9790001 3.06558
9800001 3.06582
9810001 3.06612
9820001 3.06642
9830001 3.06659
9840001 3.06693
9850001 3.06713
9860001 3.0674
9870001 3.06758
9880001 3.06791
9890001 3.06812
9900001 3.06835
9910001 3.06856
9920001 3.06878
9930001 3.069
9940001 3.06921
9950001 3.06949
9960001 3.06959
9970001 3.06991
9980001 3.07018
9990001 3.07037
10000001 3.07064
10010001 3.07085
10020001 3.07108
10030001 3.07137
10040001 3.07157
10050001 3.07185
10060001 3.07205
10070001 3.07227
10080001 3.07256
10090001 3.07288
10100001 3.07316
10110001 3.07336
10120001 3.07354
10130001 3.07389
10140001 3.07417
10150001 3.07447
10160001 3.07462
10170001 3.07498
10180001 3.07525
10190001 3.07545
10200001 3.07575
10210001 3.07594
10220001 3.07608
10230001 3.07625
10240001 3.07654
10250001 3.07677
10260001 3.07715
10270001 3.07737
10280001 3.0776
10290001 3.07795
10300001 3.07827
10310001 3.07849
10320001 3.07875
10330001 3.079
10340001 3.07922
10350001 3.07945
10360001 3.07973
10370001 3.07999
10380001 3.08019
10390001 3.08039
10400001 3.08084
10410001 3.08108
10420001 3.0813
10430001 3.08147
10440001 3.08182
10450001 3.08205
10460001 3.08227
10470001 3.08253
10480001 3.08282
10490001 3.08302
10500001 3.08326
10510001 3.08351
10520001 3.08383
10530001 3.08413
10540001 3.08435
10550001 3.08456
10560001 3.08483
10570001 3.08514
10580001 3.08531
10590001 3.08566
10600001 3.08594
10610001 3.0861
10620001 3.08649
10630001 3.08672
10640001 3.08702
10650001 3.08721
10660001 3.08762
10670001 3.0879
10680001 3.0881
10690001 3.08817
10700001 3.08856
10710001 3.08877
10720001 3.08908
10730001 3.08936
10740001 3.08961
10750001 3.08996
10760001 3.09025
10770001 3.09062
10780001 3.09089
10790001 3.09116
10800001 3.09139
10810001 3.0916
10820001 3.09175
10830001 3.09208
10840001 3.09233
10850001 3.09258
10860001 3.09291
10870001 3.09311
10880001 3.09332
10890001 3.09349
10900001 3.09388
10910001 3.09408
10920001 3.09424
10930001 3.09464
10940001 3.09494
10950001 3.09507
10960001 3.09527
10970001 3.09557
10980001 3.0957
10990001 3.09607
11000001 3.09634
11010001 3.09656
11020001 3.0969
11030001 3.09712
11040001 3.09754
11050001 3.0978
11060001 3.0981
11070001 3.09838
11080001 3.09869
11090001 3.09887
11100001 3.0992
11110001 3.09945
11120001 3.09983
11130001 3.10005
11140001 3.10028
11150001 3.1005
11160001 3.1008
11170001 3.10114
11180001 3.10145
11190001 3.10179
11200001 3.10196
11210001 3.10226
11220001 3.10252
11230001 3.10289
11240001 3.10308
11250001 3.10336
11260001 3.10364
11270001 3.10391
11280001 3.10428
11290001 3.10456
11300001 3.10479
11310001 3.10509
11320001 3.1054
11330001 3.10558
11340001 3.10596
11350001 3.10624
11360001 3.10659
11370001 3.10689
11380001 3.10713
11390001 3.10729
11400001 3.10757
11410001 3.1079
11420001 3.10821
11430001 3.1085
11440001 3.1087
11450001 3.109
11460001 3.10923
11470001 3.10963
11480001 3.10991
11490001 3.1101
11500001 3.11049
11510001 3.1107
11520001 3.11105
11530001 3.11124
11540001 3.11152
11550001 3.11176
11560001 3.1121
11570001 3.11242
11580001 3.11265
11590001 3.11293
11600001 3.11318
11610001 3.11359
11620001 3.11388
11630001 3.1142
11640001 3.11445
11650001 3.11477
11660001 3.11505
11670001 3.1154
11680001 3.11565
11690001 3.11596
11700001 3.11632
11710001 3.11656
11720001 3.11694
11730001 3.11721
11740001 3.11751
11750001 3.11773
11760001 3.11799
11770001 3.1183
11780001 3.11846
11790001 3.11879
11800001 3.11903
11810001 3.11935
11820001 3.11961
11830001 3.1199
11840001 3.12021
11850001 3.12045
11860001 3.12081
11870001 3.12109
11880001 3.12143
11890001 3.12176
11900001 3.12198
11910001 3.12226
11920001 3.12254
11930001 3.12288
11940001 3.12317
11950001 3.1235
11960001 3.12382
11970001 3.12409
11980001 3.1245
11990001 3.12475
12000001 3.12498
12010001 3.1252
12020001 3.12544
12030001 3.12568
12040001 3.12596
12050001 3.12632
12060001 3.12658
12070001 3.12693
12080001 3.1273
12090001 3.12755
12100001 3.1279
12110001 3.12813
12120001 3.12842
12130001 3.12866
12140001 3.12896
12150001 3.1292
12160001 3.12955
12170001 3.12988
12180001 3.13017
12190001 3.13037
12200001 3.13065
12210001 3.131
12220001 3.13131
12230001 3.13162
12240001 3.13176
12250001 3.13216
12260001 3.13247
12270001 3.13276
12280001 3.1332
12290001 3.13343
12300001 3.13378
12310001 3.13403
12320001 3.13432
12330001 3.13456
12340001 3.13486
12350001 3.13516
12360001 3.13543
12370001 3.13567
12380001 3.13603
12390001 3.13624
12400001 3.13664
12410001 3.13693
12420001 3.13712
12430001 3.13741
12440001 3.13773
12450001 3.13802
12460001 3.13833
12470001 3.13869
12480001 3.1389
12490001 3.13909
12500001 3.13938
12510001 3.1397
12520001 3.14
12530001 3.14034
12540001 3.1407
12550001 3.14095
12560001 3.14128
12570001 3.14163
12580001 3.14203
12590001 3.14242
12600001 3.14277
12610001 3.14302
12620001 3.14333
12630001 3.14364
12640001 3.14405
12650001 3.14435
12660001 3.14464
12670001 3.1449
12680001 3.14517
12690001 3.14547
12700001 3.14578
12710001 3.1461
12720001 3.14635
12730001 3.14663
12740001 3.1469
12750001 3.14718
12760001 3.14746
12770001 3.14774
12780001 3.1481
12790001 3.14843
12800001 3.14869
12810001 3.14903
12820001 3.14933
12830001 3.14955
12840001 3.14987
12850001 3.15036
12860001 3.15061
12870001 3.15088
12880001 3.15124
12890001 3.15144
12900001 3.15168
12910001 3.15194
12920001 3.15236
12930001 3.15262
12940001 3.15288
12950001 3.15327
12960001 3.15353
12970001 3.15382
12980001 3.15409
12990001 3.15437
13000001 3.15466
13010001 3.15499
13020001 3.1553
13030001 3.15566
13040001 3.1559
13050001 3.15619
13060001 3.15655
13070001 3.15683
13080001 3.15718
13090001 3.15747
13100001 3.15781
13110001 3.15823
13120001 3.1585
13130001 3.15871
13140001 3.15892
13150001 3.15934
13160001 3.15968
13170001 3.16004
13180001 3.16024
13190001 3.16059
13200001 3.16089
13210001 3.16129
13220001 3.16158
13230001 3.16182
13240001 3.16209
13250001 3.16238
13260001 3.16281
13270001 3.16299
13280001 3.1633
13290001 3.16345
13300001 3.16382
13310001 3.16415
13320001 3.16451
13330001 3.16491
13340001 3.16519
13350001 3.1654
13360001 3.16578
13370001 3.16606
13380001 3.16633
13390001 3.16668
13400001 3.167
13410001 3.16731
13420001 3.16771
13430001 3.16802
13440001 3.16826
13450001 3.16856
13460001 3.16891
13470001 3.16926
13480001 3.16948
13490001 3.16981
13500001 3.17007
13510001 3.17046
13520001 3.17062
13530001 3.17098
13540001 3.17131
13550001 3.17157
13560001 3.17189
13570001 3.17215
13580001 3.17249
13590001 3.17274
13600001 3.173
13610001 3.17332
13620001 3.17365
13630001 3.17396
13640001 3.17436
13650001 3.1747
13660001 3.17509
13670001 3.17543
13680001 3.17582
13690001 3.17602
13700001 3.1763
13710001 3.17661
13720001 3.17699
13730001 3.1774
13740001 3.17761
13750001 3.17803
13760001 3.17825
13770001 3.17852
13780001 3.17888
13790001 3.17906
13800001 3.17946
13810001 3.17982
13820001 3.18005
13830001 3.18026
13840001 3.18073
13850001 3.1809
13860001 3.18112
13870001 3.18151
13880001 3.18176
13890001 3.18206
13900001 3.18241
13910001 3.18276
13920001 3.183
13930001 3.18333
13940001 3.1837
13950001 3.18396
13960001 3.18438
13970001 3.18472
13980001 3.18507
13990001 3.18534
14000001 3.18567
14010001 3.18598
14020001 3.18625
14030001 3.18656
14040001 3.18688
14050001 3.18716
14060001 3.18743
14070001 3.18788
14080001 3.18817
14090001 3.18846
14100001 3.18883
14110001 3.18915
14120001 3.18947
14130001 3.18977
14140001 3.19004
14150001 3.19025
14160001 3.19061
14170001 3.19094
14180001 3.19124
14190001 3.1916
14200001 3.19197
14210001 3.19222
14220001 3.19259
14230001 3.19299
14240001 3.19331
14250001 3.19363
14260001 3.19386
14270001 3.19428
14280001 3.19458
14290001 3.19489
14300001 3.19525
14310001 3.19556
14320001 3.19586
14330001 3.1962
14340001 3.19649
14350001 3.19675
14360001 3.19705
14370001 3.19739
14380001 3.19763
14390001 3.19794
14400001 3.19827
14410001 3.1986
14420001 3.19895
14430001 3.1993
14440001 3.1997
14450001 3.19985
14460001 3.20022
14470001 3.20054
14480001 3.20087
14490001 3.20127
14500001 3.20157
14510001 3.20181
14520001 3.20216
14530001 3.20243
14540001 3.20275
14550001 3.20314
14560001 3.20346
14570001 3.20364
14580001 3.20401
14590001 3.20438
14600001 3.20479
14610001 3.205
14620001 3.20536
14630001 3.20565
14640001 3.20604
14650001 3.20626
14660001 3.20659
14670001 3.20713
14680001 3.20741
14690001 3.20769
14700001 3.20801
14710001 3.20833
14720001 3.20872
14730001 3.20901
14740001 3.20927
14750001 3.20953
14760001 3.20995
14770001 3.21028
14780001 3.21061
14790001 3.21093
14800001 3.21129
14810001 3.21162
14820001 3.21182
14830001 3.21225
14840001 3.21256
14850001 3.21294
14860001 3.21324
14870001 3.21362
14880001 3.21384
14890001 3.21411
14900001 3.21442
14910001 3.21482
14920001 3.21511
14930001 3.21548
14940001 3.21581
14950001 3.21613
14960001 3.21643
14970001 3.21668
14980001 3.21694
14990001 3.21731
15000001 3.21763
15010001 3.2179
15020001 3.21827
15030001 3.2186
15040001 3.21901
15050001 3.2193
15060001 3.21964
15070001 3.21988
15080001 3.22023
15090001 3.22058
15100001 3.22081
15110001 3.22103
15120001 3.22134
15130001 3.22165
15140001 3.22194
15150001 3.22237
15160001 3.22265
15170001 3.22306
15180001 3.22335
15190001 3.22376
15200001 3.224
15210001 3.22436
15220001 3.22466
15230001 3.22495
15240001 3.22522
15250001 3.22555
15260001 3.22592
15270001 3.22616
15280001 3.22657
15290001 3.22693
15300001 3.22718
15310001 3.22751
15320001 3.22792
15330001 3.22816
15340001 3.22853
15350001 3.22896
15360001 3.22926
15370001 3.22952
15380001 3.2298
15390001 3.23007
15400001 3.23035
15410001 3.23067
15420001 3.23108
15430001 3.23143
15440001 3.23178
15450001 3.2321
15460001 3.23243
15470001 3.23273
15480001 3.23303
15490001 3.23331
15500001 3.23363
15510001 3.23392
15520001 3.23415
15530001 3.23465
15540001 3.23506
15550001 3.2352
15560001 3.2355
15570001 3.23583
15580001 3.2362
15590001 3.23643
15600001 3.23684
15610001 3.23718
15620001 3.23746
15630001 3.23785
15640001 3.23805
15650001 3.23831
15660001 3.2386
15670001 3.23889
15680001 3.23928
15690001 3.2396
15700001 3.23999
15710001 3.24035
15720001 3.24066
15730001 3.241
15740001 3.24139
15750001 3.24164
15760001 3.24196
15770001 3.24227
15780001 3.24261
15790001 3.24292
15800001 3.24323
15810001 3.24357
15820001 3.2438
15830001 3.24419
15840001 3.24456
15850001 3.24481
15860001 3.24509
15870001 3.24542
15880001 3.24576
15890001 3.24617
15900001 3.24648
15910001 3.24677
15920001 3.24701
15930001 3.24729
15940001 3.24771
15950001 3.24799
15960001 3.24831
15970001 3.24861
15980001 3.24902
15990001 3.24933
16000001 3.24954
16010001 3.24987
16020001 3.25016
16030001 3.25052
16040001 3.25085
16050001 3.25116
16060001 3.2515
16070001 3.25185
16080001 3.25207
16090001 3.25243
16100001 3.25269
16110001 3.253
16120001 3.25329
16130001 3.25364
16140001 3.25402
16150001 3.25439
16160001 3.25467
16170001 3.25494
16180001 3.25529
16190001 3.25558
16200001 3.25596
16210001 3.25622
16220001 3.25655
16230001 3.2569
16240001 3.25729
16250001 3.25762
16260001 3.25788
16270001 3.25816
16280001 3.25846
16290001 3.25883
16300001 3.25916
16310001 3.25952
16320001 3.25989
16330001 3.26023
16340001 3.26058
16350001 3.26088
16360001 3.26123
16370001 3.26162
16380001 3.26197
16390001 3.26215
16400001 3.26251
16410001 3.26292
16420001 3.26323
16430001 3.26363
16440001 3.26383
16450001 3.26425
16460001 3.26453
16470001 3.26477
16480001 3.26522
16490001 3.26551
16500001 3.26577
16510001 3.26608
16520001 3.26638
16530001 3.26666
16540001 3.26698
16550001 3.26741
16560001 3.26774
16570001 3.2681
16580001 3.26829
16590001 3.2686
16600001 3.26891
16610001 3.26917
16620001 3.26946
16630001 3.26985
16640001 3.27012
16650001 3.2704
16660001 3.27071
16670001 3.27101
16680001 3.27144
16690001 3.27181
16700001 3.27217
16710001 3.27248
16720001 3.27277
16730001 3.27311
16740001 3.27339
16750001 3.27378
16760001 3.27404
16770001 3.27431
16780001 3.27461
16790001 3.27483
16800001 3.27526
16810001 3.27566
16820001 3.27598
16830001 3.27632
16840001 3.27661
16850001 3.27691
16860001 3.27725
16870001 3.27759
16880001 3.27785
16890001 3.27819
16900001 3.27867
16910001 3.27895
16920001 3.27929
16930001 3.27956
16940001 3.27988
16950001 3.28021
16960001 3.28054
16970001 3.28092
16980001 3.28133
16990001 3.28165
17000001 3.282
17010001 3.28227
17020001 3.28266
17030001 3.28295
17040001 3.28333
17050001 3.28355
17060001 3.28391
17070001 3.2842
17080001 3.28457
17090001 3.28484
17100001 3.28518
17110001 3.28553
17120001 3.2858
17130001 3.28615
17140001 3.28648
17150001 3.28676
17160001 3.28707
17170001 3.28748
17180001 3.28781
17190001 3.28812
17200001 3.28842
17210001 3.28873
17220001 3.28907
17230001 3.28948
17240001 3.28979
17250001 3.29017
17260001 3.29048
17270001 3.2908
17280001 3.29122
17290001 3.29152
17300001 3.29173
17310001 3.29213
17320001 3.29233
17330001 3.29268
17340001 3.29303
17350001 3.29327
17360001 3.2936
17370001 3.29393
17380001 3.29428
17390001 3.29463
17400001 3.29509
17410001 3.29541
17420001 3.29563
17430001 3.29606
17440001 3.29631
17450001 3.29666
17460001 3.29696
17470001 3.29731
17480001 3.29761
17490001 3.29792
17500001 3.29827
17510001 3.29872
17520001 3.2991
17530001 3.29939
17540001 3.2997
17550001 3.29993
17560001 3.30031
17570001 3.30051
17580001 3.30088
17590001 3.30124
17600001 3.30155
17610001 3.30185
17620001 3.30218
17630001 3.30253
17640001 3.30299
17650001 3.30327
17660001 3.3036
17670001 3.30388
17680001 3.30413
17690001 3.30434
17700001 3.3046
17710001 3.30495
17720001 3.30535
17730001 3.30562
17740001 3.30599
17750001 3.30631
17760001 3.30661
17770001 3.3069
17780001 3.30733
17790001 3.30779
17800001 3.308
17810001 3.30832
17820001 3.30867
17830001 3.30897
17840001 3.3092
17850001 3.30957
17860001 3.30993
17870001 3.31024
17880001 3.31059
17890001 3.31084
17900001 3.31118
17910001 3.3115
17920001 3.31191
17930001 3.31226
17940001 3.31271
17950001 3.31289
17960001 3.31315
17970001 3.31346
17980001 3.31385
17990001 3.31409
18000001 3.31436
18010001 3.31478
18020001 3.31507
18030001 3.31539
18040001 3.31585
18050001 3.31608
18060001 3.31641
18070001 3.31668
18080001 3.31705
18090001 3.31743
18100001 3.31776
18110001 3.31809
18120001 3.31838
18130001 3.31873
18140001 3.31907
18150001 3.3194
18160001 3.31978
18170001 3.32015
18180001 3.32045
18190001 3.32085
18200001 3.32098
18210001 3.32135
18220001 3.32171
18230001 3.32201
18240001 3.32234
18250001 3.3226
18260001 3.32301
18270001 3.32338
18280001 3.32375
18290001 3.32409
18300001 3.32437
18310001 3.32471
18320001 3.32508
18330001 3.32538
18340001 3.32568
18350001 3.32602
18360001 3.32637
18370001 3.32669
18380001 3.32707
18390001 3.32733
18400001 3.32779
18410001 3.32801
18420001 3.32834
18430001 3.32868
18440001 3.32906
18450001 3.32939
18460001 3.32968
18470001 3.32999
18480001 3.33029
18490001 3.33063
18500001 3.33098
18510001 3.3313
18520001 3.33162
18530001 3.33187
18540001 3.33225
18550001 3.33264
18560001 3.3329
18570001 3.33322
18580001 3.33354
18590001 3.33393
18600001 3.33421
18610001 3.33457
18620001 3.33495
18630001 3.33533
18640001 3.33555
18650001 3.33584
18660001 3.33616
18670001 3.3365
18680001 3.33678
18690001 3.33717
18700001 3.33752
18710001 3.33783
18720001 3.33819
18730001 3.33856
18740001 3.33887
18750001 3.33915
18760001 3.33954
18770001 3.33993
18780001 3.34029
18790001 3.34062
18800001 3.3408
18810001 3.34124
18820001 3.34154
18830001 3.34179
18840001 3.34214
18850001 3.34254
18860001 3.34286
18870001 3.34317
18880001 3.34356
18890001 3.34379
18900001 3.34416
18910001 3.34451
18920001 3.34482
18930001 3.34513
18940001 3.34538
18950001 3.34568
18960001 3.34601
18970001 3.34638
18980001 3.34671
18990001 3.34708
19000001 3.34739
19010001 3.34767
19020001 3.34802
19030001 3.3484
19040001 3.34872
19050001 3.349
19060001 3.34936
19070001 3.34964
19080001 3.35002
19090001 3.35042
19100001 3.35067
19110001 3.35103
19120001 3.35132
19130001 3.35162
19140001 3.35198
19150001 3.35232
19160001 3.35274
19170001 3.35306
19180001 3.3534
19190001 3.35361
19200001 3.35399
19210001 3.3543
19220001 3.35464
19230001 3.35505
19240001 3.3553
19250001 3.35553
19260001 3.35584
19270001 3.35618
19280001 3.35652
19290001 3.35683
19300001 3.35713
19310001 3.35737
19320001 3.35774
19330001 3.35809
19340001 3.35836
19350001 3.35868
19360001 3.35905
19370001 3.35945
19380001 3.35979
19390001 3.36015
19400001 3.36042
19410001 3.36068
19420001 3.36111
19430001 3.36137
19440001 3.36171
19450001 3.36203
19460001 3.36228
19470001 3.36269
19480001 3.36302
19490001 3.36339
19500001 3.36372
19510001 3.36407
19520001 3.36449
19530001 3.36481
19540001 3.36523
19550001 3.36549
19560001 3.36573
19570001 3.36605
19580001 3.3664
19590001 3.36676
19600001 3.36699
19610001 3.36724
19620001 3.36766
19630001 3.36793
19640001 3.36826
19650001 3.36857
19660001 3.36894
19670001 3.36927
19680001 3.36963
19690001 3.36989
19700001 3.37018
19710001 3.3705
19720001 3.37083
19730001 3.37109
19740001 3.37143
19750001 3.37173
19760001 3.37203
19770001 3.37229
19780001 3.37264
19790001 3.37302
19800001 3.37343
19810001 3.37365
19820001 3.37393
19830001 3.37427
19840001 3.37463
19850001 3.37492
19860001 3.37526
19870001 3.37559
19880001 3.37596
19890001 3.37614
19900001 3.37647
19910001 3.3769
19920001 3.37721
19930001 3.37741
19940001 3.3777
19950001 3.37809
19960001 3.37844
19970001 3.37875
19980001 3.3791
19990001 3.37952
20000001 3.37983
20010001 3.38014
20020001 3.38039
20030001 3.38066
20040001 3.38102
20050001 3.38143
20060001 3.3818
20070001 3.38211
20080001 3.38235
20090001 3.38266
20100001 3.38314
20110001 3.38349
20120001 3.38374
20130001 3.38405
20140001 3.38443
20150001 3.38476
20160001 3.38506
20170001 3.38535
20180001 3.38569
20190001 3.38603
20200001 3.38633
20210001 3.38671
20220001 3.38703
20230001 3.38725
20240001 3.38758
20250001 3.38799
20260001 3.38823
20270001 3.38854
20280001 3.38883
20290001 3.38913
20300001 3.38942
20310001 3.38971
20320001 3.39009
20330001 3.39037
20340001 3.39063
20350001 3.39095
20360001 3.39114
20370001 3.39149
20380001 3.39184
20390001 3.39213
20400001 3.39259
20410001 3.39287
20420001 3.39322
20430001 3.39352
20440001 3.39382
20450001 3.39423
20460001 3.39454
20470001 3.39479
20480001 3.395
20490001 3.39539
20500001 3.3957
20510001 3.39608
20520001 3.39624
20530001 3.3966
20540001 3.39698
20550001 3.39735
20560001 3.3976
20570001 3.39792
20580001 3.39826
20590001 3.39857
20600001 3.39888
20610001 3.39919
20620001 3.39947
20630001 3.39985
20640001 3.40018
20650001 3.40041
20660001 3.40071
20670001 3.40103
20680001 3.40137
20690001 3.40172
20700001 3.40197
20710001 3.40217
20720001 3.40258
20730001 3.40288
20740001 3.40316
20750001 3.40347
20760001 3.40376
20770001 3.40415
20780001 3.40451
20790001 3.40488
20800001 3.40521
20810001 3.40547
20820001 3.40575
20830001 3.40597
20840001 3.40638
20850001 3.40671
20860001 3.40701
20870001 3.40744
20880001 3.40778
20890001 3.40804
20900001 3.4085
20910001 3.4089
20920001 3.40912
20930001 3.4095
20940001 3.40973
20950001 3.41003
20960001 3.41043
20970001 3.41075
20980001 3.41106
20990001 3.41135
21000001 3.41172
21010001 3.41215
21020001 3.41237
21030001 3.41267
21040001 3.41296
21050001 3.41326
21060001 3.41343
21070001 3.41389
21080001 3.41421
21090001 3.41449
21100001 3.41482
21110001 3.41514
21120001 3.41545
21130001 3.41579
21140001 3.41605
21150001 3.41641
21160001 3.41668
21170001 3.41698
21180001 3.41735
21190001 3.41763
21200001 3.41794
21210001 3.41818
21220001 3.41855
21230001 3.4189
21240001 3.4192
21250001 3.41944
21260001 3.41978
21270001 3.42008
21280001 3.4204
21290001 3.42074
21300001 3.42108
21310001 3.42154
21320001 3.42188
21330001 3.42216
21340001 3.42246
21350001 3.42274
21360001 3.42303
21370001 3.42341
21380001 3.42376
21390001 3.42413
21400001 3.42447
21410001 3.42471
21420001 3.42507
21430001 3.42534
21440001 3.42567
21450001 3.42603
21460001 3.42634
21470001 3.42662
21480001 3.42696
21490001 3.42726
21500001 3.42755
21510001 3.42788
21520001 3.4282
21530001 3.42856
21540001 3.42882
21550001 3.4292
21560001 3.42959
21570001 3.4299
21580001 3.43016
21590001 3.43053
21600001 3.43083
21610001 3.43113
21620001 3.43149
21630001 3.43186
21640001 3.43213
21650001 3.43243
21660001 3.43275
21670001 3.43312
21680001 3.43347
21690001 3.43373
21700001 3.43397
21710001 3.43442
21720001 3.43467
21730001 3.43504
21740001 3.4353
21750001 3.43575
21760001 3.43611
21770001 3.43642
21780001 3.43671
21790001 3.43704
21800001 3.43734
21810001 3.43777
21820001 3.43805
21830001 3.43835
21840001 3.43869
21850001 3.43897
21860001 3.43923
21870001 3.43963
21880001 3.43997
21890001 3.4403
21900001 3.44062
21910001 3.44092
21920001 3.44119
21930001 3.4415
21940001 3.44181
21950001 3.44218
21960001 3.44252
21970001 3.44279
21980001 3.443
21990001 3.44342
22000001 3.44379
22010001 3.44412
22020001 3.44447
22030001 3.44481
22040001 3.44507
22050001 3.44541
22060001 3.44571
22070001 3.44601
22080001 3.44629
22090001 3.4466
22100001 3.44699
22110001 3.4473
22120001 3.44762
22130001 3.44794
22140001 3.44826
22150001 3.44858
22160001 3.44885
22170001 3.4492
22180001 3.4496
22190001 3.4499
22200001 3.45025
22210001 3.45052
22220001 3.45076
22230001 3.45117
22240001 3.45149
22250001 3.45184
22260001 3.45222
22270001 3.45256
22280001 3.45282
22290001 3.45323
22300001 3.4536
22310001 3.45381
22320001 3.4541
22330001 3.45443
22340001 3.45469
22350001 3.455
22360001 3.45536
22370001 3.4557
22380001 3.45617
22390001 3.45658
22400001 3.4569
22410001 3.45704
22420001 3.45735
22430001 3.45767
22440001 3.45794
22450001 3.45824
22460001 3.45864
22470001 3.45897
22480001 3.45932
22490001 3.45969
22500001 3.46003
22510001 3.46029
22520001 3.46059
22530001 3.46102
22540001 3.46143
22550001 3.46176
22560001 3.46209
22570001 3.46246
22580001 3.4627
22590001 3.46299
22600001 3.46333
22610001 3.46365
22620001 3.46395
22630001 3.46425
22640001 3.46451
22650001 3.46482
22660001 3.46511
22670001 3.46544
22680001 3.46566
22690001 3.46599
22700001 3.46626
22710001 3.46659
22720001 3.46692
22730001 3.46724
22740001 3.46753
22750001 3.46794
22760001 3.46823
22770001 3.46855
22780001 3.46898
22790001 3.46921
22800001 3.4696
22810001 3.46996
22820001 3.4704
22830001 3.47065
22840001 3.47095
22850001 3.47125
22860001 3.47156
22870001 3.47185
22880001 3.47215
22890001 3.47246
22900001 3.47279
22910001 3.47312
22920001 3.47347
22930001 3.47383
22940001 3.47417
22950001 3.47438
22960001 3.47471
22970001 3.47509
22980001 3.47538
22990001 3.47579
23000001 3.47618
23010001 3.47643
23020001 3.47669
23030001 3.477
23040001 3.47733
23050001 3.47767
23060001 3.47802
23070001 3.47832
23080001 3.47866
23090001 3.47898
23100001 3.47931
23110001 3.47962
23120001 3.47997
23130001 3.48019
23140001 3.48062
23150001 3.48094
23160001 3.48131
23170001 3.48162
23180001 3.48194
23190001 3.48229
23200001 3.48257
23210001 3.48281
23220001 3.48313
23230001 3.48345
23240001 3.48383
23250001 3.48417
23260001 3.48449
23270001 3.48496
23280001 3.48528
23290001 3.48553
23300001 3.48592
23310001 3.48619
23320001 3.48659
23330001 3.48691
23340001 3.48712
23350001 3.48741
23360001 3.48772
23370001 3.48808
23380001 3.48836
23390001 3.48868
23400001 3.48892
23410001 3.48929
23420001 3.48968
23430001 3.48994
23440001 3.49023
23450001 3.49047
23460001 3.49072
23470001 3.49105
23480001 3.49133
23490001 3.49169
23500001 3.49196
23510001 3.49233
23520001 3.4927
23530001 3.49301
23540001 3.4934
23550001 3.49379
23560001 3.49422
23570001 3.49449
23580001 3.49478
23590001 3.49516
23600001 3.49541
23610001 3.49565
23620001 3.496
23630001 3.49632
23640001 3.49671
23650001 3.49697
23660001 3.49721
23670001 3.49747
23680001 3.49779
23690001 3.49811
23700001 3.49844
23710001 3.49878
23720001 3.4991
23730001 3.4995
23740001 3.49975
23750001 3.50014
23760001 3.50036
23770001 3.50065
23780001 3.50101
23790001 3.50128
23800001 3.5016
23810001 3.50193
23820001 3.50225
23830001 3.50266
23840001 3.50292
23850001 3.50323
23860001 3.50358
23870001 3.50388
23880001 3.5042
23890001 3.50455
23900001 3.50479
23910001 3.50502
23920001 3.50544
23930001 3.50573
23940001 3.50615
23950001 3.50654
23960001 3.50678
23970001 3.50718
23980001 3.50747
23990001 3.50779
24000001 3.50821
24010001 3.50842
24020001 3.50872
24030001 3.50906
24040001 3.50925
24050001 3.50965
24060001 3.50998
24070001 3.51033
24080001 3.51055
24090001 3.5108
24100001 3.51102
24110001 3.51142
24120001 3.51173
24130001 3.51211
24140001 3.51254
24150001 3.51284
24160001 3.51308
24170001 3.51329
24180001 3.51364
24190001 3.51398
24200001 3.51425
24210001 3.51464
24220001 3.51493
24230001 3.51524
24240001 3.51562
24250001 3.51595
24260001 3.51629
24270001 3.51661
24280001 3.51691
24290001 3.51724
24300001 3.51766
24310001 3.518
24320001 3.5182
24330001 3.51854
24340001 3.51887
24350001 3.5191
24360001 3.51945
24370001 3.51978
24380001 3.52009
24390001 3.52041
24400001 3.52075
24410001 3.52111
24420001 3.52135
24430001 3.52158
24440001 3.52197
24450001 3.5224
24460001 3.52261
24470001 3.52293
24480001 3.52323
24490001 3.52354
24500001 3.52388
24510001 3.52422
24520001 3.52458
24530001 3.52494
24540001 3.52517
24550001 3.52547
24560001 3.5257
24570001 3.52599
24580001 3.52632
24590001 3.5267
24600001 3.52698
24610001 3.52733
24620001 3.52769
24630001 3.52797
24640001 3.52824
24650001 3.52856
24660001 3.52884
24670001 3.52908
24680001 3.5294
24690001 3.52974
24700001 3.53015
24710001 3.53046
24720001 3.53072
24730001 3.53101
24740001 3.53136
24750001 3.53163
24760001 3.53186
24770001 3.53214
24780001 3.53242
24790001 3.53282
24800001 3.53316
24810001 3.53346
24820001 3.5337
24830001 3.53407
24840001 3.53439
24850001 3.53469
24860001 3.53499
24870001 3.53535
24880001 3.53565
24890001 3.536
24900001 3.53625
24910001 3.5367
24920001 3.537
24930001 3.53726
24940001 3.53756
24950001 3.53778
24960001 3.53807
24970001 3.53846
24980001 3.53872
24990001 3.53906
25000001 3.53932
25010001 3.5396
25020001 3.5399
25030001 3.54016
25040001 3.54043
25050001 3.54079
25060001 3.54112
25070001 3.54136
25080001 3.54173
25090001 3.54205
25100001 3.5424
25110001 3.54277
25120001 3.54301
25130001 3.5433
25140001 3.54359
25150001 3.54394
25160001 3.54432
25170001 3.54462
25180001 3.54494
25190001 3.54519
25200001 3.54553
25210001 3.54581
25220001 3.54611
25230001 3.54644
25240001 3.54665
25250001 3.54708
25260001 3.5474
25270001 3.5477
25280001 3.54801
25290001 3.5483
25300001 3.54865
25310001 3.54892
25320001 3.54929
25330001 3.54963
25340001 3.5499
25350001 3.5502
25360001 3.55059
25370001 3.55093
25380001 3.5513
25390001 3.55164
25400001 3.55193
25410001 3.55215
25420001 3.55244
25430001 3.55278
25440001 3.55308
25450001 3.55339
25460001 3.55373
25470001 3.55399
25480001 3.55434
25490001 3.55473
25500001 3.55505
25510001 3.55528
25520001 3.55547
25530001 3.55585
25540001 3.55615
25550001 3.55662
25560001 3.55695
25570001 3.55725
25580001 3.55755
25590001 3.5579
25600001 3.55829
25610001 3.55857
25620001 3.55899
25630001 3.55925
25640001 3.55971
25650001 3.55997
25660001 3.56022
25670001 3.56051
25680001 3.56083
25690001 3.56109
25700001 3.5614
25710001 3.56173
25720001 3.56202
25730001 3.56236
25740001 3.5626
25750001 3.56294
25760001 3.56322
25770001 3.56363
25780001 3.56397
25790001 3.56432
25800001 3.56463
25810001 3.56486
25820001 3.56518
25830001 3.56544
25840001 3.56578
25850001 3.56611
25860001 3.56647
25870001 3.56667
25880001 3.56699
25890001 3.56727
25900001 3.5676
25910001 3.56795
25920001 3.56832
25930001 3.56863
25940001 3.56891
25950001 3.56928
25960001 3.5696
25970001 3.56989
25980001 3.57022
25990001 3.57053
26000001 3.57085
26010001 3.57123
26020001 3.57158
26030001 3.57178
26040001 3.57202
26050001 3.57238
26060001 3.57275
26070001 3.57305
26080001 3.57329
26090001 3.57361
26100001 3.5739
26110001 3.57419
26120001 3.57453
26130001 3.57479
26140001 3.57517
26150001 3.57545
26160001 3.57582
26170001 3.57615
26180001 3.57645
26190001 3.5767
26200001 3.57699
26210001 3.57736
26220001 3.57762
26230001 3.57786
26240001 3.57817
26250001 3.57861
26260001 3.57891
26270001 3.57906
26280001 3.57941
26290001 3.57978
26300001 3.5801
26310001 3.58034
26320001 3.58066
26330001 3.58102
26340001 3.58131
26350001 3.5816
26360001 3.58186
26370001 3.58218
26380001 3.58259
26390001 3.58282
26400001 3.5832
26410001 3.58345
26420001 3.58377
26430001 3.58408
26440001 3.58445
26450001 3.58471
26460001 3.58497
26470001 3.58534
26480001 3.58569
26490001 3.58594
26500001 3.58632
26510001 3.58648
26520001 3.58675
26530001 3.58711
26540001 3.58736
26550001 3.58756
26560001 3.58783
26570001 3.58823
26580001 3.58843
26590001 3.58883
26600001 3.58918
26610001 3.5896
26620001 3.58976
26630001 3.59003
26640001 3.59027
26650001 3.59058
26660001 3.59101
26670001 3.59139
26680001 3.5916
26690001 3.59191
26700001 3.59225
26710001 3.59257
26720001 3.59297
26730001 3.59324
26740001 3.59351
26750001 3.59384
26760001 3.59419
26770001 3.59448
26780001 3.59482
26790001 3.59511
26800001 3.5954
26810001 3.59571
26820001 3.59594
26830001 3.59634
26840001 3.59661
26850001 3.5969
26860001 3.59724
26870001 3.59749
26880001 3.59781
26890001 3.59813
26900001 3.59839
26910001 3.59873
26920001 3.59906
26930001 3.5993
26940001 3.59958
26950001 3.59995
26960001 3.60026
26970001 3.60049
26980001 3.6007
26990001 3.60098
27000001 3.60135
27010001 3.60168
27020001 3.60197
27030001 3.60232
27040001 3.60258
27050001 3.60288
27060001 3.6032
27070001 3.60355
27080001 3.60388
27090001 3.60414
27100001 3.60447
27110001 3.6047
27120001 3.60503
27130001 3.60539
27140001 3.6057
27150001 3.60592
27160001 3.60618
27170001 3.60651
27180001 3.60685
27190001 3.60711
27200001 3.60741
27210001 3.60767
27220001 3.60799
27230001 3.60833
27240001 3.60857
27250001 3.60885
27260001 3.60919
27270001 3.60949
27280001 3.60977
27290001 3.61016
27300001 3.61045
27310001 3.61075
27320001 3.61104
27330001 3.61133
27340001 3.61159
27350001 3.61188
27360001 3.61226
27370001 3.6126
27380001 3.61289
27390001 3.61313
27400001 3.61339
27410001 3.61375
27420001 3.61405
27430001 3.61438
27440001 3.61468
27450001 3.61497
27460001 3.6153
27470001 3.61563
27480001 3.61588
27490001 3.61616
27500001 3.61646
27510001 3.61673
27520001 3.617
27530001 3.61734
27540001 3.61764
27550001 3.61792
27560001 3.6183
27570001 3.61852
27580001 3.61881
27590001 3.61907
27600001 3.61941
27610001 3.61975
27620001 3.62001
27630001 3.62036
27640001 3.62056
27650001 3.62085
27660001 3.62116
27670001 3.62153
27680001 3.62174
27690001 3.622
27700001 3.62225
27710001 3.62257
27720001 3.62281
27730001 3.62308
27740001 3.62342
27750001 3.62382
27760001 3.62412
27770001 3.62437
27780001 3.62466
27790001 3.62494
27800001 3.62523
27810001 3.62557
27820001 3.62591
27830001 3.6262
27840001 3.6265
27850001 3.62684
27860001 3.62722
27870001 3.62746
27880001 3.6278
27890001 3.62808
27900001 3.62833
27910001 3.62876
27920001 3.62902
27930001 3.62927
27940001 3.62958
27950001 3.62992
27960001 3.63027
27970001 3.63051
27980001 3.63087
27990001 3.63123
28000001 3.63146
28010001 3.6317
28020001 3.63195
28030001 3.63224
28040001 3.6326
28050001 3.63294
28060001 3.63325
28070001 3.63353
28080001 3.63382
28090001 3.63415
28100001 3.63448
28110001 3.63477
28120001 3.6351
28130001 3.63544
28140001 3.63576
28150001 3.63592
28160001 3.63616
28170001 3.63655
28180001 3.63689
28190001 3.63723
28200001 3.63745
28210001 3.63769
28220001 3.63803
28230001 3.63828
28240001 3.63859
28250001 3.63896
28260001 3.63925
28270001 3.63959
28280001 3.63986
28290001 3.64023
28300001 3.6405
28310001 3.64077
28320001 3.64118
28330001 3.64143
28340001 3.64177
28350001 3.64206
28360001 3.64242
28370001 3.6427
28380001 3.64303
28390001 3.64331
28400001 3.64367
28410001 3.64398
28420001 3.64424
28430001 3.64458
28440001 3.64498
28450001 3.6453
28460001 3.64557
28470001 3.64588
28480001 3.64608
28490001 3.64641
28500001 3.64659
28510001 3.64691
28520001 3.64727
28530001 3.64753
28540001 3.64781
28550001 3.64813
28560001 3.64854
28570001 3.64881
28580001 3.64906
28590001 3.6494
28600001 3.64975
28610001 3.64999
28620001 3.6503
28630001 3.65065
28640001 3.65097
28650001 3.65125
28660001 3.65158
28670001 3.65189
28680001 3.65207
28690001 3.65233
28700001 3.65271
28710001 3.65306
28720001 3.65337
28730001 3.65376
28740001 3.65412
28750001 3.65431
28760001 3.65457
28770001 3.6549
28780001 3.6552
28790001 3.65552
28800001 3.65577
28810001 3.65606
28820001 3.65633
28830001 3.65661
28840001 3.65694
28850001 3.65718
28860001 3.65757
28870001 3.6578
28880001 3.65809
28890001 3.65834
28900001 3.65876
28910001 3.65913
28920001 3.6594
28930001 3.65977
28940001 3.66011
28950001 3.66047
28960001 3.66067
28970001 3.66092
28980001 3.66119
28990001 3.66146
29000001 3.66177
29010001 3.66206
29020001 3.66232
29030001 3.66262
29040001 3.66293
29050001 3.66326
29060001 3.66348
29070001 3.66383
29080001 3.66415
29090001 3.66442
29100001 3.66472
29110001 3.66508
29120001 3.66533
29130001 3.6656
29140001 3.66586
29150001 3.66629
29160001 3.66656
29170001 3.66692
29180001 3.66714
29190001 3.66732
29200001 3.66769
29210001 3.66798
29220001 3.66837
29230001 3.66854
29240001 3.66888
29250001 3.66911
29260001 3.66937
29270001 3.66969
29280001 3.66996
29290001 3.6703
29300001 3.67066
29310001 3.67084
29320001 3.6711
29330001 3.67149
29340001 3.67184
29350001 3.67216
29360001 3.67245
29370001 3.67275
29380001 3.67304
29390001 3.67328
29400001 3.67367
29410001 3.67394
29420001 3.67422
29430001 3.67451
29440001 3.67488
29450001 3.67513
29460001 3.67548
29470001 3.67573
29480001 3.67598
29490001 3.67621
29500001 3.67658
29510001 3.67689
29520001 3.67718
29530001 3.6775
29540001 3.67779
29550001 3.67815
29560001 3.67839
29570001 3.67868
29580001 3.67893
29590001 3.67918
29600001 3.67952
29610001 3.67988
29620001 3.68019
29630001 3.68047
29640001 3.68075
29650001 3.68095
29660001 3.68131
29670001 3.68154
29680001 3.68185
29690001 3.6822
29700001 3.6824
29710001 3.68275
29720001 3.68299
29730001 3.68333
29740001 3.68356
29750001 3.68384
29760001 3.68417
29770001 3.68449
29780001 3.68482
29790001 3.68513
29800001 3.68535
29810001 3.68578
29820001 3.68597
29830001 3.68622
29840001 3.6865
29850001 3.68679
29860001 3.68706
29870001 3.68737
29880001 3.68768
29890001 3.688
29900001 3.68827
29910001 3.68868
29920001 3.68894
29930001 3.68927
29940001 3.6895
29950001 3.68978
29960001 3.69007
29970001 3.69037
29980001 3.69067
29990001 3.69105
