1 2178.09
10001 153.822
20001 82.9051
30001 52.7931
40001 37.541
50001 27.8165
60001 21.7395
70001 17.7364
80001 14.9982
90001 12.9658
100001 11.4721
110001 10.3005
120001 9.40515
130001 8.6654
140001 8.13698
150001 7.60168
160001 7.21376
170001 6.88616
180001 6.60721
190001 6.35955
200001 6.16517
210001 6.00713
220001 5.83878
230001 5.65047
240001 5.61717
250001 5.45471
260001 5.35881
270001 5.26348
280001 5.14938
290001 5.11021
300001 5.03984
310001 4.98172
320001 4.92486
330001 4.87639
340001 4.83414
350001 4.79112
360001 4.74524
370001 4.73044
380001 4.68108
390001 4.68934
400001 4.63626
410001 4.60226
420001 4.57774
430001 4.53889
440001 4.56707
450001 4.55838
460001 4.51072
470001 4.50316
480001 4.45083
490001 4.46974
500001 4.42771
510001 4.45713
520001 4.40705
530001 4.39834
540001 4.41146
550001 4.37765
560001 4.35206
570001 4.36435
580001 4.3694
590001 4.34479
600001 4.32916
610001 4.3102
620001 4.31394
630001 4.3198
640001 4.3079
650001 4.29195
660001 4.33333
670001 4.26876
680001 4.32035
690001 4.29783
700001 4.27741
710001 4.28249
720001 4.29137
730001 4.23988
740001 4.26354
750001 4.25311
760001 4.25095
770001 4.2566
780001 4.25164
790001 4.24764
800001 4.21883
810001 4.22688
820001 4.25132
830001 4.23263
840001 4.23556
850001 4.2321
860001 4.23084
870001 4.23705
880001 4.24605
890001 4.22226
900001 4.21202
910001 4.24283
920001 4.21241
930001 4.21158
940001 4.22364
950001 4.21149
960001 4.21665
970001 4.18499
980001 4.19531
990001 4.18305
1000001 4.19695
1010001 4.18914
1020001 4.17645
1030001 4.21915
1040001 4.1747
1050001 4.19751
1060001 4.17992
1070001 4.2005
1080001 4.20811
1090001 4.1968
1100001 4.1875
1110001 4.20127
1120001 4.15682
1130001 4.19409
1140001 4.15771
1150001 4.20062
1160001 4.17374
1170001 4.17154
1180001 4.18107
1190001 4.2013
1200001 4.1794
1210001 4.16812
1220001 4.21438
1230001 4.16677
1240001 4.19233
1250001 4.18594
1260001 4.18785
1270001 4.19087
1280001 4.19104
1290001 4.18229
1300001 4.15145
1310001 4.17103
1320001 4.17483
1330001 4.15041
1340001 4.16994
1350001 4.16683
1360001 4.18622
1370001 4.1864
1380001 4.15795
1390001 4.15868
1400001 4.16233
1410001 4.1662
1420001 4.15243
1430001 4.18399
1440001 4.1653
1450001 4.21206
1460001 4.1666
1470001 4.14496
1480001 4.17245
1490001 4.15877
1500001 4.17297
1510001 4.15805
1520001 4.15975
1530001 4.16124
1540001 4.14171
1550001 4.16366
1560001 4.18532
1570001 4.1727
1580001 4.18287
1590001 4.14952
1600001 4.17154
1610001 4.15521
1620001 4.13831
1630001 4.14867
1640001 4.19884
1650001 4.1665
1660001 4.15424
1670001 4.14054
1680001 4.17162
1690001 4.16787
1700001 4.146
1710001 4.18863
1720001 4.17133
1730001 4.15655
1740001 4.13568
1750001 4.1351
1760001 4.13543
1770001 4.17234
1780001 4.16074
1790001 4.17135
1800001 4.14427
1810001 4.16162
1820001 4.13555
1830001 4.15503
1840001 4.16132
1850001 4.17392
1860001 4.14625
1870001 4.17677
1880001 4.16655
1890001 4.16025
1900001 4.17054
1910001 4.14632
1920001 4.16026
1930001 4.14197
1940001 4.14257
1950001 4.1512
1960001 4.17829
1970001 4.15467
1980001 4.14885
1990001 4.15921
2000001 4.18007
2010001 4.17011
2020001 4.18328
2030001 4.16113
2040001 4.19797
2050001 4.12655
2060001 4.16885
2070001 4.17348
2080001 4.12962
2090001 4.13944
2100001 4.14187
2110001 4.16858
2120001 4.16237
2130001 4.14224
2140001 4.19339
2150001 4.14174
2160001 4.14476
2170001 4.16253
2180001 4.13743
2190001 4.13474
2200001 4.16165
2210001 4.15016
2220001 4.17329
2230001 4.15587
2240001 4.1441
2250001 4.14519
2260001 4.16446
2270001 4.1402
2280001 4.17726
2290001 4.17276
2300001 4.15968
2310001 4.13358
2320001 4.14051
2330001 4.16061
2340001 4.14619
2350001 4.15958
2360001 4.15788
2370001 4.15703
2380001 4.16317
2390001 4.15558
2400001 4.14145
2410001 4.14818
2420001 4.14962
2430001 4.13546
2440001 4.13247
2450001 4.1642
2460001 4.16568
2470001 4.13388
2480001 4.12914
2490001 4.165
2500001 4.17586
2510001 4.13824
2520001 4.14588
2530001 4.14155
2540001 4.16874
2550001 4.15779
2560001 4.17934
2570001 4.16446
2580001 4.14922
2590001 4.11529
2600001 4.13018
2610001 4.15301
2620001 4.14638
2630001 4.14837
2640001 4.16281
2650001 4.1847
2660001 4.15012
2670001 4.14007
2680001 4.13943
2690001 4.13675
2700001 4.17235
2710001 4.14731
2720001 4.15272
2730001 4.14086
2740001 4.14659
2750001 4.13371
2760001 4.14159
2770001 4.14536
2780001 4.17005
2790001 4.13149
2800001 4.14808
2810001 4.13096
2820001 4.16691
2830001 4.12838
2840001 4.17104
2850001 4.16076
2860001 4.15687
2870001 4.14225
2880001 4.14406
2890001 4.14332
2900001 4.14312
2910001 4.11485
2920001 4.15849
2930001 4.1762
2940001 4.15195
2950001 4.17012
2960001 4.14924
2970001 4.14486
2980001 4.16569
2990001 4.1737
3000001 4.13367
3010001 4.15086
3020001 4.1551
3030001 4.15093
3040001 4.15789
3050001 4.16743
3060001 4.12701
3070001 4.15431
3080001 4.1299
3090001 4.14874
3100001 4.14245
3110001 4.14498
3120001 4.13693
3130001 4.16225
3140001 4.18144
3150001 4.16428
3160001 4.15608
3170001 4.1529
3180001 4.14232
3190001 4.14583
3200001 4.13157
3210001 4.13878
3220001 4.15056
3230001 4.16831
3240001 4.12931
3250001 4.15422
3260001 4.1582
3270001 4.14277
3280001 4.14478
3290001 4.14352
3300001 4.15808
3310001 4.15383
3320001 4.13136
3330001 4.16187
3340001 4.12896
3350001 4.1368
3360001 4.17143
3370001 4.12905
3380001 4.13975
3390001 4.1438
3400001 4.13907
3410001 4.14127
3420001 4.15166
3430001 4.1507
3440001 4.14279
3450001 4.13376
3460001 4.11983
3470001 4.13237
3480001 4.15728
3490001 4.15403
3500001 4.12296
3510001 4.1634
3520001 4.15092
3530001 4.16173
3540001 4.17466
3550001 4.1618
3560001 4.11225
3570001 4.14286
3580001 4.13389
3590001 4.13243
3600001 4.17278
3610001 4.15647
3620001 4.12686
3630001 4.12913
3640001 4.14344
3650001 4.14389
3660001 4.1686
3670001 4.17439
3680001 4.13808
3690001 4.14492
3700001 4.14436
3710001 4.15657
3720001 4.18273
3730001 4.16783
3740001 4.14861
3750001 4.17235
3760001 4.17578
3770001 4.12898
3780001 4.147
3790001 4.16963
3800001 4.141
3810001 4.13153
3820001 4.14571
3830001 4.13849
3840001 4.15109
3850001 4.13116
3860001 4.16675
3870001 4.1141
3880001 4.1522
3890001 4.14973
3900001 4.17106
3910001 4.17515
3920001 4.12153
3930001 4.15803
3940001 4.14175
3950001 4.14576
3960001 4.16657
3970001 4.13576
3980001 4.16675
3990001 4.14111
4000001 4.15524
4010001 4.15308
4020001 4.17005
4030001 4.16049
4040001 4.16165
4050001 4.13624
4060001 4.16953
4070001 4.13785
4080001 4.14924
4090001 4.12485
4100001 4.15043
4110001 4.16025
4120001 4.16651
4130001 4.14096
4140001 4.15542
4150001 4.17969
4160001 4.18363
4170001 4.1598
4180001 4.13939
4190001 4.15936
4200001 4.16601
4210001 4.13839
4220001 4.1501
4230001 4.12871
4240001 4.16373
4250001 4.19314
4260001 4.14773
4270001 4.14167
4280001 4.13516
4290001 4.15937
4300001 4.16286
4310001 4.13916
4320001 4.15771
4330001 4.1477
4340001 4.16629
4350001 4.15422
4360001 4.16001
4370001 4.1558
4380001 4.13007
4390001 4.13843
4400001 4.12548
4410001 4.1777
4420001 4.15438
4430001 4.12504
4440001 4.15811
4450001 4.15268
4460001 4.1366
4470001 4.16515
4480001 4.1162
4490001 4.14833
4500001 4.14321
4510001 4.15869
4520001 4.17976
4530001 4.15157
4540001 4.14155
4550001 4.15137
4560001 4.1275
4570001 4.14599
4580001 4.13514
4590001 4.12573
4600001 4.14916
4610001 4.16258
4620001 4.18012
4630001 4.14853
4640001 4.14857
4650001 4.1537
4660001 4.15108
4670001 4.15061
4680001 4.14819
4690001 4.16483
4700001 4.13082
4710001 4.17106
4720001 4.14162
4730001 4.16153
4740001 4.13942
4750001 4.13185
4760001 4.13984
4770001 4.158
4780001 4.14779
4790001 4.14752
4800001 4.14745
4810001 4.14994
4820001 4.12429
4830001 4.15277
4840001 4.13363
4850001 4.17871
4860001 4.15333
4870001 4.13573
4880001 4.15855
4890001 4.14562
4900001 4.1503
4910001 4.15086
4920001 4.14975
4930001 4.14451
4940001 4.17353
4950001 4.1357
4960001 4.15603
4970001 4.14771
4980001 4.15421
4990001 4.14554
5000001 4.17271
5010001 4.13689
5020001 4.16136
5030001 4.17605
5040001 4.15443
5050001 4.16659
5060001 4.15876
5070001 4.13693
5080001 4.154
5090001 4.15304
5100001 4.14764
5110001 4.12454
5120001 4.16491
5130001 4.15637
5140001 4.14317
5150001 4.14954
5160001 4.13694
5170001 4.12494
5180001 4.13336
5190001 4.1561
5200001 4.13797
5210001 4.16527
5220001 4.12118
5230001 4.16988
5240001 4.1301
5250001 4.15306
5260001 4.19274
5270001 4.16003
5280001 4.1492
5290001 4.13072
5300001 4.15765
5310001 4.13746
5320001 4.14887
5330001 4.15004
5340001 4.16309
5350001 4.15645
5360001 4.13551
5370001 4.14945
5380001 4.14437
5390001 4.15702
5400001 4.13974
5410001 4.13343
5420001 4.17388
5430001 4.13278
5440001 4.15937
5450001 4.15251
5460001 4.16578
5470001 4.14931
5480001 4.14639
5490001 4.15883
5500001 4.14874
5510001 4.14588
5520001 4.16076
5530001 4.14249
5540001 4.12181
5550001 4.14582
5560001 4.17404
5570001 4.15996
5580001 4.14969
5590001 4.15939
5600001 4.14858
5610001 4.12896
5620001 4.15399
5630001 4.1568
5640001 4.13167
5650001 4.14727
5660001 4.14852
5670001 4.1802
5680001 4.14142
5690001 4.16623
5700001 4.11146
5710001 4.14174
5720001 4.1598
5730001 4.13835
5740001 4.12446
5750001 4.12577
5760001 4.16531
5770001 4.13692
5780001 4.17439
5790001 4.16726
5800001 4.1481
5810001 4.16695
5820001 4.15733
5830001 4.17527
5840001 4.14389
5850001 4.13793
5860001 4.17571
5870001 4.14834
5880001 4.14203
5890001 4.14391
5900001 4.14282
5910001 4.15242
5920001 4.13401
5930001 4.12435
5940001 4.1385
5950001 4.14815
5960001 4.12594
5970001 4.1345
5980001 4.14818
5990001 4.15012
6000001 4.16295
6010001 4.1627
6020001 4.11287
6030001 4.15145
6040001 4.14411
6050001 4.1794
6060001 4.15267
6070001 4.14036
6080001 4.16506
6090001 4.15941
6100001 4.13411
6110001 4.15573
6120001 4.15703
6130001 4.14625
6140001 4.15863
6150001 4.15945
6160001 4.14307
6170001 4.14722
6180001 4.13799
6190001 4.14463
6200001 4.13776
6210001 4.17723
6220001 4.18003
6230001 4.15154
6240001 4.16084
6250001 4.15056
6260001 4.1551
6270001 4.15257
6280001 4.13038
6290001 4.14936
6300001 4.16132
6310001 4.15645
6320001 4.14428
6330001 4.1548
6340001 4.12154
6350001 4.14715
6360001 4.13677
6370001 4.15563
6380001 4.16031
6390001 4.12811
6400001 4.14275
6410001 4.16397
6420001 4.11654
6430001 4.14519
6440001 4.16337
6450001 4.12121
6460001 4.16385
6470001 4.14847
6480001 4.1677
6490001 4.16203
6500001 4.10892
6510001 4.14424
6520001 4.14253
6530001 4.18895
6540001 4.16242
6550001 4.1345
6560001 4.14877
6570001 4.13903
6580001 4.14912
6590001 4.14216
6600001 4.1275
6610001 4.15071
6620001 4.13639
6630001 4.15563
6640001 4.13277
6650001 4.1512
6660001 4.13316
6670001 4.16505
6680001 4.12048
6690001 4.15245
6700001 4.14054
6710001 4.1615
6720001 4.14558
6730001 4.12607
6740001 4.15548
6750001 4.16656
6760001 4.14781
6770001 4.1711
6780001 4.16488
6790001 4.15329
6800001 4.16986
6810001 4.15151
6820001 4.14182
6830001 4.15021
6840001 4.14095
6850001 4.14595
6860001 4.14738
6870001 4.15562
6880001 4.16731
6890001 4.16178
6900001 4.15086
6910001 4.14195
6920001 4.15275
6930001 4.14847
6940001 4.16395
6950001 4.13037
6960001 4.16421
6970001 4.16352
6980001 4.17803
6990001 4.13464
7000001 4.15587
7010001 4.12064
7020001 4.14991
7030001 4.14992
7040001 4.16752
7050001 4.15657
7060001 4.15326
7070001 4.14163
7080001 4.1309
7090001 4.16159
7100001 4.11396
7110001 4.16002
7120001 4.15199
7130001 4.15936
7140001 4.11421
7150001 4.13913
7160001 4.13891
7170001 4.14847
7180001 4.1328
7190001 4.13454
7200001 4.16733
7210001 4.19226
7220001 4.17789
7230001 4.15882
7240001 4.11457
7250001 4.1265
7260001 4.15966
7270001 4.11855
7280001 4.15721
7290001 4.16434
7300001 4.13679
7310001 4.1686
7320001 4.1439
7330001 4.14897
7340001 4.13711
7350001 4.14212
7360001 4.16688
7370001 4.15586
7380001 4.1556
7390001 4.14327
7400001 4.15449
7410001 4.16149
7420001 4.16719
7430001 4.11906
7440001 4.13532
7450001 4.14936
7460001 4.16459
7470001 4.16166
7480001 4.15889
7490001 4.14562
7500001 4.17003
7510001 4.15001
7520001 4.13872
7530001 4.14402
7540001 4.18271
7550001 4.1311
7560001 4.13324
7570001 4.13067
7580001 4.1473
7590001 4.15686
7600001 4.13906
7610001 4.14106
7620001 4.1279
7630001 4.14608
7640001 4.16533
7650001 4.14359
7660001 4.13023
7670001 4.18586
7680001 4.1278
7690001 4.16266
7700001 4.14822
7710001 4.17274
7720001 4.15281
7730001 4.13392
7740001 4.18107
7750001 4.13671
7760001 4.15664
7770001 4.13928
7780001 4.16307
7790001 4.13621
7800001 4.16389
7810001 4.16054
7820001 4.12303
7830001 4.1443
7840001 4.12937
7850001 4.12775
7860001 4.15686
7870001 4.14334
7880001 4.16967
7890001 4.16603
7900001 4.16334
7910001 4.11917
7920001 4.13363
7930001 4.12938
7940001 4.13349
7950001 4.15661
7960001 4.13672
7970001 4.15828
7980001 4.15161
7990001 4.14184
8000001 4.13465
8010001 4.14231
8020001 4.13922
8030001 4.15908
8040001 4.18534
8050001 4.1325
8060001 4.17035
8070001 4.1583
8080001 4.14742
8090001 4.14236
8100001 4.15394
8110001 4.15326
8120001 4.15291
8130001 4.13255
8140001 4.13215
8150001 4.13553
8160001 4.13382
8170001 4.15827
8180001 4.13962
8190001 4.12013
8200001 4.14917
8210001 4.14982
8220001 4.15746
8230001 4.14262
8240001 4.16966
8250001 4.14443
8260001 4.14121
8270001 4.1361
8280001 4.16553
8290001 4.12954
8300001 4.16369
8310001 4.14281
8320001 4.15494
8330001 4.15954
8340001 4.15989
8350001 4.15138
8360001 4.12715
8370001 4.14178
8380001 4.16918
8390001 4.12313
8400001 4.14645
8410001 4.14303
8420001 4.13807
8430001 4.15161
8440001 4.14117
8450001 4.12555
8460001 4.17856
8470001 4.10908
8480001 4.15128
8490001 4.16239
8500001 4.1544
8510001 4.12906
8520001 4.12762
8530001 4.13866
8540001 4.15656
8550001 4.16042
8560001 4.14387
8570001 4.14998
8580001 4.13389
8590001 4.14028
8600001 4.15439
8610001 4.13626
8620001 4.14545
8630001 4.13857
8640001 4.1259
8650001 4.13994
8660001 4.13152
8670001 4.14451
8680001 4.11996
8690001 4.15907
8700001 4.18303
8710001 4.14506
8720001 4.12102
8730001 4.11895
8740001 4.1706
8750001 4.13446
8760001 4.11749
8770001 4.12756
8780001 4.18306
8790001 4.11303
8800001 4.14471
8810001 4.16639
8820001 4.14095
8830001 4.14631
8840001 4.14914
8850001 4.13163
8860001 4.14914
8870001 4.13439
8880001 4.16171
8890001 4.16446
8900001 4.15226
8910001 4.14834
8920001 4.15848
8930001 4.12428
8940001 4.12775
8950001 4.1581
8960001 4.13062
8970001 4.16285
8980001 4.15487
8990001 4.13739
9000001 4.14936
9010001 4.14834
9020001 4.13385
9030001 4.16088
9040001 4.12895
9050001 4.1468
9060001 4.16804
9070001 4.17843
9080001 4.14336
9090001 4.14631
9100001 4.13816
9110001 4.16062
9120001 4.12769
9130001 4.13855
9140001 4.13602
9150001 4.16359
9160001 4.13708
9170001 4.15804
9180001 4.12424
9190001 4.13651
9200001 4.13666
9210001 4.1685
9220001 4.11483
9230001 4.13856
9240001 4.12514
9250001 4.13263
9260001 4.15789
9270001 4.1664
9280001 4.11243
9290001 4.12635
9300001 4.14444
9310001 4.17329
9320001 4.122
9330001 4.13445
9340001 4.16354
9350001 4.1304
9360001 4.12057
9370001 4.14537
9380001 4.13011
9390001 4.13715
9400001 4.15161
9410001 4.17796
9420001 4.13964
9430001 4.1285
9440001 4.1427
9450001 4.13594
9460001 4.16229
9470001 4.16584
9480001 4.16523
9490001 4.14151
9500001 4.14247
9510001 4.19243
9520001 4.16321
9530001 4.14725
9540001 4.11027
9550001 4.1438
9560001 4.1504
9570001 4.13125
9580001 4.17442
9590001 4.15961
9600001 4.1747
9610001 4.13496
9620001 4.17427
9630001 4.15677
9640001 4.14724
9650001 4.12697
9660001 4.11392
9670001 4.13712
9680001 4.14648
9690001 4.14186
9700001 4.12759
9710001 4.13506
9720001 4.16514
9730001 4.14064
9740001 4.13509
9750001 4.14728
9760001 4.15607
9770001 4.1411
9780001 4.15167
9790001 4.15984
9800001 4.15579
9810001 4.14179
9820001 4.10823
9830001 4.15912
9840001 4.15444
9850001 4.16841
9860001 4.14484
9870001 4.12478
9880001 4.13029
9890001 4.1384
9900001 4.18987
9910001 4.1642
9920001 4.14165
9930001 4.17173
9940001 4.16011
9950001 4.15345
9960001 4.11941
9970001 4.14627
9980001 4.1473
9990001 4.16392
