1 31.2683
10001 8.4181
20001 4.99141
30001 3.59387
40001 2.87476
50001 2.43308
60001 2.13264
70001 1.91981
80001 1.75318
90001 1.6207
100001 1.51308
110001 1.42344
120001 1.34772
130001 1.28146
140001 1.22301
150001 1.17311
160001 1.12772
170001 1.08742
180001 1.05079
190001 1.01803
200001 0.987933
210001 0.960303
220001 0.935043
230001 0.912508
240001 0.891061
250001 0.870918
260001 0.852582
270001 0.836217
280001 0.819936
290001 0.805304
300001 0.791748
310001 0.778778
320001 0.767134
330001 0.755964
340001 0.745554
350001 0.735615
360001 0.726789
370001 0.718016
380001 0.710009
390001 0.702378
400001 0.695189
410001 0.688844
420001 0.682618
430001 0.676752
440001 0.671006
450001 0.666014
460001 0.660798
470001 0.656638
480001 0.651285
490001 0.647055
500001 0.643634
510001 0.640131
520001 0.636544
530001 0.632961
540001 0.629731
550001 0.626682
560001 0.62396
570001 0.621542
580001 0.618767
590001 0.616311
600001 0.614019
610001 0.611893
620001 0.60975
630001 0.608213
640001 0.606635
650001 0.604781
660001 0.60369
670001 0.601606
680001 0.600285
690001 0.599285
700001 0.597556
710001 0.596337
720001 0.595228
730001 0.594114
740001 0.592937
750001 0.591988
760001 0.591239
770001 0.590063
780001 0.589458
790001 0.587661
800001 0.587193
810001 0.586398
820001 0.586604
830001 0.585426
840001 0.584586
850001 0.58439
860001 0.584067
870001 0.583462
880001 0.582803
890001 0.582136
900001 0.581563
910001 0.581299
920001 0.581172
930001 0.580976
940001 0.580809
950001 0.580671
960001 0.580479
970001 0.57977
980001 0.57994
990001 0.579907
1000001 0.579075
1010001 0.579256
1020001 0.579048
1030001 0.579176
1040001 0.57835
1050001 0.578984
1060001 0.578615
1070001 0.578284
1080001 0.578496
1090001 0.577819
1100001 0.57829
1110001 0.578016
1120001 0.577911
1130001 0.577925
1140001 0.578056
1150001 0.577972
1160001 0.577692
1170001 0.578098
1180001 0.57822
1190001 0.578526
1200001 0.578002
1210001 0.577718
1220001 0.578562
1230001 0.577478
1240001 0.577399
1250001 0.577893
1260001 0.578027
1270001 0.577622
1280001 0.577855
1290001 0.577575
1300001 0.578418
1310001 0.57838
1320001 0.577909
1330001 0.577678
1340001 0.577992
1350001 0.577713
1360001 0.578007
1370001 0.578308
1380001 0.578112
1390001 0.578371
1400001 0.577821
1410001 0.578544
1420001 0.578335
1430001 0.578598
1440001 0.578429
1450001 0.578947
1460001 0.578286
1470001 0.579183
1480001 0.578865
1490001 0.579256
1500001 0.579505
1510001 0.578877
1520001 0.579362
1530001 0.578966
1540001 0.578932
1550001 0.579318
1560001 0.579695
1570001 0.580095
1580001 0.579997
1590001 0.579623
1600001 0.580014
1610001 0.581048
1620001 0.580226
1630001 0.580115
1640001 0.580538
1650001 0.580654
1660001 0.580834
1670001 0.581089
1680001 0.581463
1690001 0.581555
1700001 0.581536
1710001 0.58183
1720001 0.581322
1730001 0.582293
1740001 0.582344
1750001 0.58202
1760001 0.582362
1770001 0.582584
1780001 0.582785
1790001 0.583069
1800001 0.582969
1810001 0.583298
1820001 0.583374
1830001 0.583339
1840001 0.583787
1850001 0.584087
1860001 0.58394
1870001 0.584346
1880001 0.58462
1890001 0.584825
1900001 0.58476
1910001 0.584576
1920001 0.584918
1930001 0.584986
1940001 0.584989
1950001 0.585085
1960001 0.585383
1970001 0.585839
1980001 0.585814
1990001 0.586135
2000001 0.58639
2010001 0.586435
2020001 0.586704
2030001 0.586789
2040001 0.586909
2050001 0.586908
2060001 0.587362
2070001 0.587233
2080001 0.587263
2090001 0.587793
2100001 0.587732
2110001 0.588173
2120001 0.587806
2130001 0.587658
2140001 0.587757
2150001 0.587653
2160001 0.58775
2170001 0.588291
2180001 0.587973
2190001 0.587981
2200001 0.587804
2210001 0.587811
2220001 0.588707
2230001 0.588618
2240001 0.58858
2250001 0.588831
2260001 0.589631
2270001 0.589744
2280001 0.58981
2290001 0.589844
2300001 0.589996
2310001 0.590091
2320001 0.59033
2330001 0.590891
2340001 0.590717
2350001 0.590554
2360001 0.5909
2370001 0.591027
2380001 0.590953
2390001 0.59071
2400001 0.590708
2410001 0.59085
2420001 0.591022
2430001 0.590869
2440001 0.590837
2450001 0.591033
2460001 0.591933
2470001 0.592185
2480001 0.591924
2490001 0.59262
2500001 0.592466
2510001 0.592423
2520001 0.59266
2530001 0.592383
2540001 0.592726
2550001 0.592908
2560001 0.593018
2570001 0.593106
2580001 0.593219
2590001 0.593383
2600001 0.593206
2610001 0.593738
2620001 0.593531
2630001 0.594029
2640001 0.593953
2650001 0.595473
2660001 0.594584
2670001 0.594386
2680001 0.595017
2690001 0.59493
2700001 0.595042
2710001 0.594726
2720001 0.595097
2730001 0.595019
2740001 0.595154
2750001 0.595564
2760001 0.595571
2770001 0.595849
2780001 0.595797
2790001 0.596343
2800001 0.596698
2810001 0.596262
2820001 0.596792
2830001 0.596626
2840001 0.597001
2850001 0.596767
2860001 0.597135
2870001 0.597042
2880001 0.597014
2890001 0.597227
2900001 0.597547
2910001 0.5973
2920001 0.597501
2930001 0.597742
2940001 0.597797
2950001 0.598035
2960001 0.597971
2970001 0.598087
2980001 0.598516
2990001 0.599289
3000001 0.599327
3010001 0.59889
3020001 0.598814
3030001 0.598888
3040001 0.598612
3050001 0.598895
3060001 0.599088
3070001 0.599014
3080001 0.598912
3090001 0.599059
3100001 0.599095
3110001 0.599347
3120001 0.599372
3130001 0.599521
3140001 0.600072
3150001 0.600095
3160001 0.599905
3170001 0.600294
3180001 0.60028
3190001 0.600544
3200001 0.600587
3210001 0.600953
3220001 0.601221
3230001 0.601353
3240001 0.601198
3250001 0.601485
3260001 0.60159
3270001 0.601559
3280001 0.601573
3290001 0.601558
3300001 0.601724
3310001 0.602307
3320001 0.601905
3330001 0.602964
3340001 0.602619
3350001 0.602433
3360001 0.602706
3370001 0.602635
3380001 0.602777
3390001 0.603252
3400001 0.603465
3410001 0.603875
3420001 0.603619
3430001 0.603391
3440001 0.604026
3450001 0.603518
3460001 0.604311
3470001 0.604192
3480001 0.604008
3490001 0.604342
3500001 0.604059
3510001 0.604355
3520001 0.604252
3530001 0.604926
3540001 0.604896
3550001 0.60475
3560001 0.605014
3570001 0.605491
3580001 0.605191
3590001 0.605471
3600001 0.605655
3610001 0.605918
3620001 0.605943
3630001 0.606273
3640001 0.606164
3650001 0.606348
3660001 0.606779
3670001 0.60693
3680001 0.606427
3690001 0.607094
3700001 0.607179
3710001 0.607067
3720001 0.60764
3730001 0.607557
3740001 0.607137
3750001 0.607483
3760001 0.607457
3770001 0.607906
3780001 0.607794
3790001 0.608112
3800001 0.608131
3810001 0.608203
3820001 0.608185
3830001 0.608112
3840001 0.608416
3850001 0.608883
3860001 0.60834
3870001 0.608195
3880001 0.608679
3890001 0.608588
3900001 0.608889
3910001 0.609438
3920001 0.608999
3930001 0.609255
3940001 0.60904
3950001 0.608989
3960001 0.609285
3970001 0.609109
3980001 0.609815
3990001 0.609707
4000001 0.609693
4010001 0.609865
4020001 0.610305
4030001 0.610083
4040001 0.610216
4050001 0.609947
4060001 0.610825
4070001 0.610661
4080001 0.610834
4090001 0.610869
4100001 0.611106
4110001 0.610597
4120001 0.610812
4130001 0.611206
4140001 0.611429
4150001 0.611731
4160001 0.611432
4170001 0.611731
4180001 0.611917
4190001 0.612192
4200001 0.61212
4210001 0.612228
4220001 0.612554
4230001 0.61212
4240001 0.613213
4250001 0.612717
4260001 0.612865
4270001 0.612695
4280001 0.612721
4290001 0.612658
4300001 0.612734
4310001 0.612193
4320001 0.612917
4330001 0.612841
4340001 0.61347
4350001 0.613648
4360001 0.613943
4370001 0.613987
4380001 0.61358
4390001 0.613834
4400001 0.61423
4410001 0.614694
4420001 0.614329
4430001 0.614045
4440001 0.614412
4450001 0.614085
4460001 0.614328
4470001 0.614448
4480001 0.615103
4490001 0.614738
4500001 0.614695
4510001 0.615239
4520001 0.615281
4530001 0.614897
4540001 0.615005
4550001 0.61549
4560001 0.614842
4570001 0.615018
4580001 0.615297
4590001 0.61539
4600001 0.615915
4610001 0.615861
4620001 0.616015
4630001 0.61595
4640001 0.615686
4650001 0.61647
4660001 0.616183
4670001 0.616139
4680001 0.616215
4690001 0.617109
4700001 0.6168
4710001 0.616757
4720001 0.616855
4730001 0.616928
4740001 0.616739
4750001 0.616557
4760001 0.616921
4770001 0.61685
4780001 0.616925
4790001 0.61718
4800001 0.617387
4810001 0.617657
4820001 0.618009
4830001 0.617545
4840001 0.618099
4850001 0.618216
4860001 0.618099
4870001 0.618614
4880001 0.618746
4890001 0.618553
4900001 0.618305
4910001 0.618343
4920001 0.618383
4930001 0.618254
4940001 0.619136
4950001 0.618292
4960001 0.618406
4970001 0.618827
4980001 0.619242
4990001 0.618884
5000001 0.61949
5010001 0.619312
5020001 0.619264
5030001 0.620013
5040001 0.621018
5050001 0.620541
5060001 0.619664
5070001 0.6203
5080001 0.620698
5090001 0.620813
5100001 0.620593
5110001 0.620592
5120001 0.620719
5130001 0.621058
5140001 0.620785
5150001 0.620945
5160001 0.621448
5170001 0.6214
5180001 0.621532
5190001 0.62149
5200001 0.621135
5210001 0.621629
5220001 0.622165
5230001 0.621932
5240001 0.621941
5250001 0.622233
5260001 0.622211
5270001 0.622003
5280001 0.622111
5290001 0.622205
5300001 0.622368
5310001 0.622641
5320001 0.62247
5330001 0.622781
5340001 0.623301
5350001 0.623219
5360001 0.623203
5370001 0.622745
5380001 0.622816
5390001 0.622988
5400001 0.623115
5410001 0.623786
5420001 0.623831
5430001 0.623229
5440001 0.623603
5450001 0.623565
5460001 0.623686
5470001 0.623884
5480001 0.623736
5490001 0.62376
5500001 0.623952
5510001 0.623771
5520001 0.623989
5530001 0.623831
5540001 0.623835
5550001 0.624185
5560001 0.624534
5570001 0.624503
5580001 0.624415
5590001 0.624559
5600001 0.624549
5610001 0.625005
5620001 0.624472
5630001 0.62452
5640001 0.62489
5650001 0.624789
5660001 0.625054
5670001 0.625242
5680001 0.625329
5690001 0.625735
5700001 0.625522
5710001 0.625557
5720001 0.625299
5730001 0.625633
5740001 0.625311
5750001 0.626213
5760001 0.626388
5770001 0.626226
5780001 0.626227
5790001 0.626336
5800001 0.626044
5810001 0.626101
5820001 0.626289
5830001 0.626688
5840001 0.626976
5850001 0.627123
5860001 0.627279
5870001 0.627128
5880001 0.626765
5890001 0.627031
5900001 0.627491
5910001 0.627377
5920001 0.627096
5930001 0.626901
5940001 0.627374
5950001 0.627403
5960001 0.627372
5970001 0.627632
5980001 0.62786
5990001 0.627996
6000001 0.628266
6010001 0.628278
6020001 0.627663
6030001 0.628116
6040001 0.628365
6050001 0.628174
6060001 0.628567
6070001 0.628472
6080001 0.628559
6090001 0.628482
6100001 0.628556
6110001 0.628767
6120001 0.628998
6130001 0.628667
6140001 0.628767
6150001 0.628887
6160001 0.629232
6170001 0.629333
6180001 0.629385
6190001 0.628819
6200001 0.62876
6210001 0.629568
6220001 0.62946
6230001 0.629087
6240001 0.629126
6250001 0.629283
6260001 0.629533
6270001 0.629273
6280001 0.629581
6290001 0.629834
6300001 0.630093
6310001 0.630209
6320001 0.630203
6330001 0.630138
6340001 0.629988
6350001 0.630394
6360001 0.630219
6370001 0.630434
6380001 0.630317
6390001 0.630729
6400001 0.631004
6410001 0.631174
6420001 0.630816
6430001 0.63091
6440001 0.630892
6450001 0.630926
6460001 0.631605
6470001 0.63166
6480001 0.631839
6490001 0.63153
6500001 0.631137
6510001 0.63156
6520001 0.631564
6530001 0.632189
6540001 0.632082
6550001 0.632077
6560001 0.632407
6570001 0.632557
6580001 0.631993
6590001 0.632416
6600001 0.632351
6610001 0.632786
6620001 0.632773
6630001 0.632817
6640001 0.632452
6650001 0.632262
6660001 0.632193
6670001 0.632758
6680001 0.633092
6690001 0.633288
6700001 0.633519
6710001 0.633432
6720001 0.633249
6730001 0.633439
6740001 0.633462
6750001 0.633315
6760001 0.633854
6770001 0.634166
6780001 0.633665
6790001 0.634226
6800001 0.63432
6810001 0.634514
6820001 0.634497
6830001 0.634736
6840001 0.634451
6850001 0.634853
6860001 0.634474
6870001 0.63446
6880001 0.634268
6890001 0.634435
6900001 0.634644
6910001 0.634399
6920001 0.634593
6930001 0.634959
6940001 0.634902
6950001 0.63463
6960001 0.635152
6970001 0.635548
6980001 0.634954
6990001 0.63479
7000001 0.635319
7010001 0.63548
7020001 0.635308
7030001 0.635262
7040001 0.635605
7050001 0.635569
7060001 0.635693
7070001 0.635772
7080001 0.635518
7090001 0.635645
7100001 0.63541
7110001 0.636153
7120001 0.636309
7130001 0.637229
7140001 0.636301
7150001 0.636691
7160001 0.636581
7170001 0.636422
7180001 0.636644
7190001 0.63665
7200001 0.637231
7210001 0.636897
7220001 0.636964
7230001 0.636777
7240001 0.636805
7250001 0.636991
7260001 0.63718
7270001 0.63689
7280001 0.636925
7290001 0.637213
7300001 0.637032
7310001 0.637073
7320001 0.63748
7330001 0.637931
7340001 0.637605
7350001 0.63738
7360001 0.637646
7370001 0.637719
7380001 0.637956
7390001 0.637856
7400001 0.637681
7410001 0.637785
7420001 0.638134
7430001 0.638205
7440001 0.63821
7450001 0.638473
7460001 0.638368
7470001 0.637945
7480001 0.638321
7490001 0.638281
7500001 0.638999
7510001 0.638741
7520001 0.638967
7530001 0.63859
7540001 0.638921
7550001 0.638727
7560001 0.638768
7570001 0.638955
7580001 0.639356
7590001 0.639238
7600001 0.638699
7610001 0.639153
7620001 0.639072
7630001 0.638923
7640001 0.63912
7650001 0.639636
7660001 0.639738
7670001 0.640425
7680001 0.639835
7690001 0.639916
7700001 0.639721
7710001 0.640005
7720001 0.639953
7730001 0.640144
7740001 0.640333
7750001 0.640477
7760001 0.640625
7770001 0.640706
7780001 0.64052
7790001 0.64063
7800001 0.640649
7810001 0.640476
7820001 0.640727
7830001 0.641434
7840001 0.641284
7850001 0.641114
7860001 0.64115
7870001 0.641656
7880001 0.641548
7890001 0.641495
7900001 0.641439
7910001 0.641167
7920001 0.641248
7930001 0.641506
7940001 0.641646
7950001 0.641779
7960001 0.641447
7970001 0.641416
7980001 0.641455
7990001 0.641387
8000001 0.641517
8010001 0.641635
8020001 0.642083
8030001 0.64224
8040001 0.642308
8050001 0.642401
8060001 0.642237
8070001 0.642063
8080001 0.642282
8090001 0.642262
8100001 0.642374
8110001 0.64234
8120001 0.64259
8130001 0.642533
8140001 0.642125
8150001 0.642383
8160001 0.642076
8170001 0.642529
8180001 0.642973
8190001 0.642812
8200001 0.643169
8210001 0.643171
8220001 0.642986
8230001 0.64276
8240001 0.643649
8250001 0.643139
8260001 0.643307
8270001 0.643646
8280001 0.643183
8290001 0.64336
8300001 0.643927
8310001 0.64366
8320001 0.643682
8330001 0.644064
8340001 0.643846
8350001 0.643588
8360001 0.643591
8370001 0.643978
8380001 0.643942
8390001 0.644179
8400001 0.644269
8410001 0.64423
8420001 0.644619
8430001 0.644763
8440001 0.644562
8450001 0.644663
8460001 0.64483
8470001 0.644942
8480001 0.645389
8490001 0.645056
8500001 0.645078
8510001 0.645019
8520001 0.645551
8530001 0.645792
8540001 0.645633
8550001 0.645957
8560001 0.645291
8570001 0.645374
8580001 0.645085
8590001 0.645349
8600001 0.645534
8610001 0.645437
8620001 0.645452
8630001 0.645802
8640001 0.645484
8650001 0.646022
8660001 0.645963
8670001 0.646262
8680001 0.646181
8690001 0.646611
8700001 0.646412
8710001 0.646336
8720001 0.646116
8730001 0.646235
8740001 0.647778
8750001 0.646873
8760001 0.646499
8770001 0.646352
8780001 0.646643
8790001 0.646386
8800001 0.646904
8810001 0.646738
8820001 0.646559
8830001 0.647101
8840001 0.647114
8850001 0.647017
8860001 0.646545
8870001 0.646783
8880001 0.646955
8890001 0.64674
8900001 0.646884
8910001 0.646866
8920001 0.647207
8930001 0.647071
8940001 0.646756
8950001 0.647381
8960001 0.647315
8970001 0.647519
8980001 0.647831
8990001 0.64739
9000001 0.647853
9010001 0.648211
9020001 0.648057
9030001 0.6476
9040001 0.647979
9050001 0.64817
9060001 0.648544
9070001 0.648472
9080001 0.648878
9090001 0.64862
9100001 0.648701
9110001 0.648661
9120001 0.648504
9130001 0.64864
9140001 0.648484
9150001 0.648649
9160001 0.648439
9170001 0.648566
9180001 0.648529
9190001 0.648768
9200001 0.64877
9210001 0.648988
9220001 0.64884
9230001 0.649128
9240001 0.649062
9250001 0.64875
9260001 0.649564
9270001 0.649221
9280001 0.649112
9290001 0.648899
9300001 0.64906
9310001 0.649676
9320001 0.649368
9330001 0.649238
9340001 0.649411
9350001 0.649356
9360001 0.650058
9370001 0.650192
9380001 0.64979
9390001 0.649599
9400001 0.649755
9410001 0.649973
9420001 0.649966
9430001 0.649677
9440001 0.649403
9450001 0.649765
9460001 0.649879
9470001 0.65011
9480001 0.650259
9490001 0.650195
9500001 0.65047
9510001 0.650202
9520001 0.650216
9530001 0.650307
9540001 0.651024
9550001 0.650122
9560001 0.649917
9570001 0.650168
9580001 0.650753
9590001 0.650606
9600001 0.651023
9610001 0.650467
9620001 0.650787
9630001 0.650652
9640001 0.650793
9650001 0.650887
9660001 0.65089
9670001 0.650872
9680001 0.651274
9690001 0.651188
9700001 0.65119
9710001 0.651127
9720001 0.651593
9730001 0.650857
9740001 0.651315
9750001 0.651164
9760001 0.650881
9770001 0.651253
9780001 0.651559
9790001 0.651354
9800001 0.651781
9810001 0.652176
9820001 0.651644
9830001 0.651905
9840001 0.651872
9850001 0.651609
9860001 0.651821
9870001 0.6518
9880001 0.652102
9890001 0.651813
9900001 0.652185
9910001 0.652268
9920001 0.652222
9930001 0.652572
9940001 0.652527
9950001 0.65248
9960001 0.652291
9970001 0.652417
9980001 0.652554
9990001 0.653092
