1 31.2855
10001 9.84594
20001 7.2395
30001 6.25191
40001 5.77896
50001 5.50926
60001 5.3371
70001 5.21576
80001 5.12358
90001 5.04913
100001 4.98652
110001 4.93249
120001 4.88388
130001 4.8404
140001 4.80048
150001 4.76359
160001 4.72915
170001 4.69672
180001 4.66605
190001 4.6368
200001 4.60894
210001 4.58235
220001 4.55695
230001 4.53246
240001 4.50916
250001 4.48658
260001 4.4647
270001 4.44366
280001 4.42328
290001 4.40345
300001 4.38432
310001 4.36573
320001 4.34766
330001 4.33017
340001 4.31314
350001 4.29644
360001 4.28027
370001 4.2645
380001 4.24916
390001 4.23425
400001 4.21961
410001 4.20528
420001 4.19141
430001 4.17777
440001 4.16444
450001 4.15131
460001 4.13849
470001 4.12603
480001 4.11378
490001 4.1018
500001 4.09004
510001 4.07856
520001 4.06723
530001 4.05621
540001 4.04542
550001 4.03472
560001 4.02429
570001 4.01407
580001 4.00398
590001 3.99417
600001 3.98443
610001 3.97491
620001 3.96554
630001 3.95629
640001 3.94717
650001 3.93831
660001 3.92953
670001 3.92092
680001 3.91253
690001 3.90419
700001 3.89594
710001 3.88788
720001 3.87996
730001 3.87217
740001 3.86443
750001 3.85681
760001 3.84929
770001 3.84189
780001 3.8347
790001 3.8276
800001 3.82058
810001 3.81365
820001 3.80675
830001 3.8
840001 3.7933
850001 3.78678
860001 3.7803
870001 3.77387
880001 3.76756
890001 3.76131
900001 3.75518
910001 3.74916
920001 3.74312
930001 3.73719
940001 3.73133
950001 3.7256
960001 3.71992
970001 3.71429
980001 3.70872
990001 3.70325
1000001 3.69778
1010001 3.69243
1020001 3.68717
1030001 3.68192
1040001 3.67679
1050001 3.67166
1060001 3.66664
1070001 3.66164
1080001 3.6567
1090001 3.65179
1100001 3.64689
1110001 3.64212
1120001 3.63737
1130001 3.63267
1140001 3.62803
1150001 3.62345
1160001 3.61892
1170001 3.61446
1180001 3.61005
1190001 3.60568
1200001 3.60132
1210001 3.59701
1220001 3.59273
1230001 3.58853
1240001 3.58436
1250001 3.58025
1260001 3.57616
1270001 3.57211
1280001 3.56808
1290001 3.56416
1300001 3.56023
1310001 3.55632
1320001 3.55244
1330001 3.5486
1340001 3.54485
1350001 3.5411
1360001 3.53734
1370001 3.53369
1380001 3.53005
1390001 3.52644
1400001 3.52285
1410001 3.51929
1420001 3.51578
1430001 3.5123
1440001 3.50884
1450001 3.50545
1460001 3.50202
1470001 3.49867
1480001 3.49535
1490001 3.49207
1500001 3.48879
1510001 3.48556
1520001 3.48234
1530001 3.47918
1540001 3.47599
1550001 3.47287
1560001 3.46975
1570001 3.4667
1580001 3.4637
1590001 3.46063
1600001 3.45763
1610001 3.45467
1620001 3.45173
1630001 3.44882
1640001 3.44591
1650001 3.44302
1660001 3.44017
1670001 3.43738
1680001 3.43456
1690001 3.43176
1700001 3.42897
1710001 3.42626
1720001 3.42355
1730001 3.42083
1740001 3.41817
1750001 3.41552
1760001 3.41291
1770001 3.41028
1780001 3.40769
1790001 3.4051
1800001 3.40252
1810001 3.39999
1820001 3.39749
1830001 3.39495
1840001 3.39247
1850001 3.39004
1860001 3.38757
1870001 3.38516
1880001 3.3828
1890001 3.38043
1900001 3.37804
1910001 3.3757
1920001 3.37336
1930001 3.37102
1940001 3.36872
1950001 3.36645
1960001 3.36416
1970001 3.3619
1980001 3.35964
1990001 3.35745
2000001 3.35522
2010001 3.35302
2020001 3.35084
2030001 3.34866
2040001 3.3465
2050001 3.34439
2060001 3.34227
2070001 3.34017
2080001 3.33807
2090001 3.33601
2100001 3.33397
2110001 3.33194
2120001 3.32988
2130001 3.32786
2140001 3.32586
2150001 3.32385
2160001 3.3219
2170001 3.31991
2180001 3.31799
2190001 3.31606
2200001 3.31411
2210001 3.3122
2220001 3.3103
2230001 3.30843
2240001 3.30654
2250001 3.3047
2260001 3.30287
2270001 3.30105
2280001 3.29928
2290001 3.29746
2300001 3.29562
2310001 3.29383
2320001 3.29205
2330001 3.29029
2340001 3.28854
2350001 3.28678
2360001 3.28506
2370001 3.28332
2380001 3.28161
2390001 3.27989
2400001 3.2782
2410001 3.27651
2420001 3.27489
2430001 3.27322
2440001 3.27157
2450001 3.26993
2460001 3.2683
2470001 3.26669
2480001 3.2651
2490001 3.26352
2500001 3.26191
2510001 3.26034
2520001 3.25874
2530001 3.25718
2540001 3.25565
2550001 3.25412
2560001 3.25262
2570001 3.25111
2580001 3.2496
2590001 3.24809
2600001 3.24661
2610001 3.24516
2620001 3.2437
2630001 3.24225
2640001 3.24083
2650001 3.23938
2660001 3.23794
2670001 3.23649
2680001 3.23507
2690001 3.23365
2700001 3.23226
2710001 3.23085
2720001 3.22948
2730001 3.2281
2740001 3.22674
2750001 3.22541
2760001 3.22405
2770001 3.2227
2780001 3.22135
2790001 3.22004
2800001 3.2187
2810001 3.21737
2820001 3.21606
2830001 3.21478
2840001 3.2135
2850001 3.21221
2860001 3.21091
2870001 3.20964
2880001 3.20841
2890001 3.20718
2900001 3.20592
2910001 3.20468
2920001 3.20346
2930001 3.20222
2940001 3.20101
2950001 3.19981
2960001 3.1986
2970001 3.19739
2980001 3.19623
2990001 3.19512
3000001 3.19394
3010001 3.19277
3020001 3.19158
3030001 3.19044
3040001 3.18928
3050001 3.18817
3060001 3.18706
3070001 3.18593
3080001 3.18477
3090001 3.18362
3100001 3.18251
3110001 3.18139
3120001 3.18032
3130001 3.1792
3140001 3.17812
3150001 3.17702
3160001 3.17599
3170001 3.17493
3180001 3.1739
3190001 3.17285
3200001 3.17177
3210001 3.17072
3220001 3.16969
3230001 3.16868
3240001 3.16764
3250001 3.16662
3260001 3.16561
3270001 3.16459
3280001 3.16359
3290001 3.16259
3300001 3.1616
3310001 3.16064
3320001 3.15966
3330001 3.1587
3340001 3.15774
3350001 3.15678
3360001 3.15581
3370001 3.15487
3380001 3.15394
3390001 3.15299
3400001 3.15207
3410001 3.15116
3420001 3.15022
3430001 3.14928
3440001 3.14833
3450001 3.1474
3460001 3.14648
3470001 3.14559
3480001 3.14471
3490001 3.14383
3500001 3.14292
3510001 3.14204
3520001 3.14115
3530001 3.14025
3540001 3.13935
3550001 3.13849
3560001 3.13766
3570001 3.13681
3580001 3.13597
3590001 3.13512
3600001 3.13428
3610001 3.13345
3620001 3.13265
3630001 3.13183
3640001 3.131
3650001 3.13016
3660001 3.12935
3670001 3.12849
3680001 3.12766
3690001 3.12688
3700001 3.1261
3710001 3.12532
3720001 3.12458
3730001 3.12379
3740001 3.12302
3750001 3.12222
3760001 3.12147
3770001 3.12067
3780001 3.1199
3790001 3.11913
3800001 3.11843
3810001 3.11769
3820001 3.11695
3830001 3.11622
3840001 3.11549
3850001 3.11476
3860001 3.11405
3870001 3.11333
3880001 3.11261
3890001 3.11192
3900001 3.11121
3910001 3.11052
3920001 3.10982
3930001 3.10912
3940001 3.10842
3950001 3.10775
3960001 3.10705
3970001 3.10639
3980001 3.10569
3990001 3.10499
4000001 3.10432
4010001 3.10362
4020001 3.10296
4030001 3.10228
4040001 3.10164
4050001 3.10098
4060001 3.10035
4070001 3.09969
4080001 3.0991
4090001 3.09847
4100001 3.09783
4110001 3.09721
4120001 3.0966
4130001 3.09598
4140001 3.09538
4150001 3.09476
4160001 3.09415
4170001 3.09352
4180001 3.09293
4190001 3.09234
4200001 3.09175
4210001 3.09113
4220001 3.09052
4230001 3.08994
4240001 3.08934
4250001 3.08875
4260001 3.08814
4270001 3.08758
4280001 3.08703
4290001 3.08646
4300001 3.0859
4310001 3.08532
4320001 3.08478
4330001 3.08423
4340001 3.08367
4350001 3.08313
4360001 3.08256
4370001 3.08199
4380001 3.08144
4390001 3.0809
4400001 3.08038
4410001 3.07988
4420001 3.07934
4430001 3.07881
4440001 3.07828
4450001 3.07777
4460001 3.07725
4470001 3.0767
4480001 3.07616
4490001 3.07565
4500001 3.0751
4510001 3.07462
4520001 3.0741
4530001 3.07359
4540001 3.07309
4550001 3.07262
4560001 3.07211
4570001 3.0716
4580001 3.07113
4590001 3.07063
4600001 3.07016
4610001 3.06968
4620001 3.06921
4630001 3.06873
4640001 3.06825
4650001 3.06779
4660001 3.06731
4670001 3.06687
4680001 3.0664
4690001 3.06594
4700001 3.06548
4710001 3.06504
4720001 3.06459
4730001 3.06417
4740001 3.06369
4750001 3.06325
4760001 3.06283
4770001 3.06238
4780001 3.06195
4790001 3.06155
4800001 3.06115
4810001 3.06072
4820001 3.06029
4830001 3.05984
4840001 3.05942
4850001 3.05899
4860001 3.05858
4870001 3.05817
4880001 3.05776
4890001 3.05734
4900001 3.05693
4910001 3.05652
4920001 3.05614
4930001 3.05571
4940001 3.05534
4950001 3.05496
4960001 3.05457
4970001 3.05419
4980001 3.05381
4990001 3.05341
5000001 3.05304
5010001 3.05264
5020001 3.05229
5030001 3.05191
5040001 3.05154
5050001 3.05117
5060001 3.0508
5070001 3.05044
5080001 3.05009
5090001 3.04975
5100001 3.04942
5110001 3.04905
5120001 3.0487
5130001 3.04837
5140001 3.04805
5150001 3.04769
5160001 3.04734
5170001 3.04701
5180001 3.04666
5190001 3.04632
5200001 3.04596
5210001 3.04563
5220001 3.04528
5230001 3.04498
5240001 3.04467
5250001 3.04435
5260001 3.04402
5270001 3.04371
5280001 3.0434
5290001 3.04309
5300001 3.04276
5310001 3.04245
5320001 3.04211
5330001 3.04179
5340001 3.04149
5350001 3.04117
5360001 3.04086
5370001 3.04056
5380001 3.04029
5390001 3.03999
5400001 3.0397
5410001 3.03941
5420001 3.03909
5430001 3.03879
5440001 3.0385
5450001 3.03822
5460001 3.03794
5470001 3.03769
5480001 3.03741
5490001 3.03713
5500001 3.0369
5510001 3.03661
5520001 3.03634
5530001 3.03605
5540001 3.03579
5550001 3.03553
5560001 3.03525
5570001 3.03499
5580001 3.03472
5590001 3.03446
5600001 3.03419
5610001 3.03394
5620001 3.03367
5630001 3.03341
5640001 3.03314
5650001 3.03287
5660001 3.03264
5670001 3.03242
5680001 3.03216
5690001 3.03192
5700001 3.03167
5710001 3.03147
5720001 3.03122
5730001 3.03096
5740001 3.0307
5750001 3.03047
5760001 3.03022
5770001 3.02997
5780001 3.02976
5790001 3.02953
5800001 3.02931
5810001 3.02911
5820001 3.02883
5830001 3.02857
5840001 3.02836
5850001 3.02817
5860001 3.02796
5870001 3.02773
5880001 3.02751
5890001 3.02731
5900001 3.02712
5910001 3.0269
5920001 3.02672
5930001 3.02652
5940001 3.02628
5950001 3.02607
5960001 3.02586
5970001 3.02564
5980001 3.02542
5990001 3.02526
6000001 3.02505
6010001 3.02486
6020001 3.02466
6030001 3.02447
6040001 3.02427
6050001 3.02406
6060001 3.02386
6070001 3.02368
6080001 3.02348
6090001 3.02328
6100001 3.0231
6110001 3.02292
6120001 3.02273
6130001 3.02257
6140001 3.02242
6150001 3.02225
6160001 3.02209
6170001 3.02191
6180001 3.02173
6190001 3.02156
6200001 3.02139
6210001 3.02124
6220001 3.02107
6230001 3.02091
6240001 3.02074
6250001 3.02058
6260001 3.02042
6270001 3.02026
6280001 3.02012
6290001 3.01995
6300001 3.0198
6310001 3.01966
6320001 3.01954
6330001 3.01938
6340001 3.01926
6350001 3.01911
6360001 3.01897
6370001 3.01881
6380001 3.01868
6390001 3.01853
6400001 3.01839
6410001 3.01826
6420001 3.01811
6430001 3.01796
6440001 3.01783
6450001 3.0177
6460001 3.01756
6470001 3.01741
6480001 3.01727
6490001 3.01715
6500001 3.01703
6510001 3.01686
6520001 3.01676
6530001 3.01664
6540001 3.01652
6550001 3.01639
6560001 3.01627
6570001 3.01617
6580001 3.01603
6590001 3.01594
6600001 3.01581
6610001 3.01569
6620001 3.01559
6630001 3.01548
6640001 3.01537
6650001 3.01525
6660001 3.01516
6670001 3.01504
6680001 3.01493
6690001 3.01483
6700001 3.01474
6710001 3.01461
6720001 3.01447
6730001 3.01438
6740001 3.01426
6750001 3.01418
6760001 3.01408
6770001 3.014
6780001 3.01391
6790001 3.01382
6800001 3.01372
6810001 3.01365
6820001 3.01358
6830001 3.01348
6840001 3.01337
6850001 3.0133
6860001 3.01323
6870001 3.01312
6880001 3.01303
6890001 3.01294
6900001 3.01288
6910001 3.01278
6920001 3.01269
6930001 3.01261
6940001 3.01253
6950001 3.01245
6960001 3.01238
6970001 3.0123
6980001 3.0122
6990001 3.01214
7000001 3.01208
7010001 3.01202
7020001 3.01193
7030001 3.01187
7040001 3.01182
7050001 3.01174
7060001 3.01168
7070001 3.01161
7080001 3.01151
7090001 3.01145
7100001 3.01141
7110001 3.01136
7120001 3.01129
7130001 3.01126
7140001 3.01118
7150001 3.01116
7160001 3.01111
7170001 3.01103
7180001 3.01096
7190001 3.01093
7200001 3.01088
7210001 3.01084
7220001 3.01078
7230001 3.01072
7240001 3.01068
7250001 3.0106
7260001 3.0106
7270001 3.01054
7280001 3.01049
7290001 3.01043
7300001 3.01039
7310001 3.01037
7320001 3.01031
7330001 3.01028
7340001 3.01025
7350001 3.01024
7360001 3.01018
7370001 3.01014
7380001 3.01008
7390001 3.01003
7400001 3.01
7410001 3.00998
7420001 3.00995
7430001 3.00993
7440001 3.0099
7450001 3.00989
7460001 3.00987
7470001 3.00986
7480001 3.00983
7490001 3.00979
7500001 3.00977
7510001 3.00976
7520001 3.00972
7530001 3.00967
7540001 3.00965
7550001 3.00965
7560001 3.00962
7570001 3.00962
7580001 3.00964
7590001 3.00963
7600001 3.00962
7610001 3.00959
7620001 3.0096
7630001 3.00961
7640001 3.00959
7650001 3.00958
7660001 3.00951
7670001 3.0095
7680001 3.00948
7690001 3.0095
7700001 3.0095
7710001 3.00948
7720001 3.00946
7730001 3.00945
7740001 3.00943
7750001 3.00943
7760001 3.00947
7770001 3.00946
7780001 3.00946
7790001 3.00951
7800001 3.00949
7810001 3.00948
7820001 3.0095
7830001 3.00947
7840001 3.00949
7850001 3.0095
7860001 3.0095
7870001 3.0095
7880001 3.00951
7890001 3.00952
7900001 3.00952
7910001 3.0095
7920001 3.00951
7930001 3.00952
7940001 3.00954
7950001 3.00957
7960001 3.00961
7970001 3.00963
7980001 3.00965
7990001 3.00966
8000001 3.00965
8010001 3.00968
8020001 3.0097
8030001 3.00973
8040001 3.00973
8050001 3.00971
8060001 3.00977
8070001 3.0098
8080001 3.0098
8090001 3.00983
8100001 3.00983
8110001 3.00983
8120001 3.00987
8130001 3.00989
8140001 3.0099
8150001 3.00995
8160001 3.01001
8170001 3.01002
8180001 3.01005
8190001 3.01009
8200001 3.01014
8210001 3.01014
8220001 3.01019
8230001 3.01021
8240001 3.01028
8250001 3.0103
8260001 3.01032
8270001 3.01038
8280001 3.01042
8290001 3.01047
8300001 3.01049
8310001 3.01057
8320001 3.01062
8330001 3.01066
8340001 3.0107
8350001 3.01076
8360001 3.01078
8370001 3.01082
8380001 3.01086
8390001 3.01087
8400001 3.01096
8410001 3.01102
8420001 3.01104
8430001 3.0111
8440001 3.01113
8450001 3.01121
8460001 3.01125
8470001 3.0113
8480001 3.01139
8490001 3.01143
8500001 3.01151
8510001 3.01154
8520001 3.01163
8530001 3.01166
8540001 3.01167
8550001 3.01175
8560001 3.01182
8570001 3.01186
8580001 3.01189
8590001 3.01197
8600001 3.01199
8610001 3.01206
8620001 3.01213
8630001 3.0122
8640001 3.01228
8650001 3.01232
8660001 3.01242
8670001 3.01247
8680001 3.01255
8690001 3.01262
8700001 3.01266
8710001 3.01272
8720001 3.01275
8730001 3.01283
8740001 3.01296
8750001 3.013
8760001 3.01307
8770001 3.01313
8780001 3.01319
8790001 3.01321
8800001 3.01332
8810001 3.01337
8820001 3.01345
8830001 3.01353
8840001 3.0136
8850001 3.01367
8860001 3.01373
8870001 3.01381
8880001 3.01385
8890001 3.01393
8900001 3.014
8910001 3.01406
8920001 3.01415
8930001 3.01423
8940001 3.01429
8950001 3.01439
8960001 3.01451
8970001 3.01457
8980001 3.01463
8990001 3.01469
9000001 3.01481
9010001 3.01489
9020001 3.015
9030001 3.01509
9040001 3.01515
9050001 3.01525
9060001 3.01535
9070001 3.01542
9080001 3.01554
9090001 3.01562
9100001 3.0157
9110001 3.01578
9120001 3.01588
9130001 3.01597
9140001 3.01608
9150001 3.01617
9160001 3.01625
9170001 3.01631
9180001 3.01637
9190001 3.01644
9200001 3.01656
9210001 3.01665
9220001 3.01674
9230001 3.01685
9240001 3.01695
9250001 3.01704
9260001 3.01715
9270001 3.01723
9280001 3.01731
9290001 3.01739
9300001 3.01752
9310001 3.01763
9320001 3.01772
9330001 3.01781
9340001 3.01788
9350001 3.01798
9360001 3.01807
9370001 3.01816
9380001 3.0183
9390001 3.01837
9400001 3.0185
9410001 3.01859
9420001 3.01869
9430001 3.01881
9440001 3.01891
9450001 3.01903
9460001 3.01913
9470001 3.01923
9480001 3.01935
9490001 3.01946
9500001 3.01955
9510001 3.01965
9520001 3.01977
9530001 3.01991
9540001 3.02
9550001 3.02007
9560001 3.02017
9570001 3.02024
9580001 3.02035
9590001 3.02045
9600001 3.02059
9610001 3.02069
9620001 3.02079
9630001 3.02085
9640001 3.02096
9650001 3.02108
9660001 3.02119
9670001 3.0213
9680001 3.02143
9690001 3.02154
9700001 3.02165
9710001 3.02178
9720001 3.02188
9730001 3.02199
9740001 3.0221
9750001 3.02224
9760001 3.02237
9770001 3.02249
9780001 3.0226
9790001 3.02273
9800001 3.02284
9810001 3.02296
9820001 3.0231
9830001 3.02323
9840001 3.02341
9850001 3.02352
9860001 3.02364
9870001 3.02375
9880001 3.02389
9890001 3.02399
9900001 3.02409
9910001 3.02422
9920001 3.02433
9930001 3.02446
9940001 3.02463
9950001 3.02474
9960001 3.02486
9970001 3.02499
9980001 3.0251
9990001 3.02521
10000001 3.02532
10010001 3.02546
10020001 3.02558
10030001 3.02574
10040001 3.02584
10050001 3.02599
10060001 3.02612
10070001 3.02625
10080001 3.02637
10090001 3.0265
10100001 3.02662
10110001 3.02675
10120001 3.02686
10130001 3.02702
10140001 3.02717
10150001 3.02731
10160001 3.02744
10170001 3.02758
10180001 3.02775
10190001 3.02791
10200001 3.02805
10210001 3.02815
10220001 3.02827
10230001 3.02838
10240001 3.02852
10250001 3.02867
10260001 3.02879
10270001 3.02893
10280001 3.02908
10290001 3.0292
10300001 3.02933
10310001 3.0295
10320001 3.02965
10330001 3.02978
10340001 3.02992
10350001 3.03008
10360001 3.03024
10370001 3.03038
10380001 3.03052
10390001 3.03064
10400001 3.03078
10410001 3.03094
10420001 3.03108
10430001 3.03119
10440001 3.03136
10450001 3.0315
10460001 3.03163
10470001 3.03174
10480001 3.03189
10490001 3.03202
10500001 3.03215
10510001 3.03229
10520001 3.03244
10530001 3.03258
10540001 3.03269
10550001 3.03282
10560001 3.03299
10570001 3.03314
10580001 3.03331
10590001 3.03345
10600001 3.03361
10610001 3.03374
10620001 3.0339
10630001 3.03409
10640001 3.03427
10650001 3.03439
10660001 3.03453
10670001 3.0347
10680001 3.03483
10690001 3.03495
10700001 3.03513
10710001 3.03529
10720001 3.03545
10730001 3.03559
10740001 3.03577
10750001 3.03593
10760001 3.03611
10770001 3.03626
10780001 3.0364
10790001 3.03656
10800001 3.03674
10810001 3.03685
10820001 3.03698
10830001 3.03713
10840001 3.03731
10850001 3.03747
10860001 3.03762
10870001 3.0378
10880001 3.03795
10890001 3.0381
10900001 3.03827
10910001 3.0384
10920001 3.03852
10930001 3.03869
10940001 3.03885
10950001 3.03901
10960001 3.03918
10970001 3.03935
10980001 3.0395
10990001 3.03964
11000001 3.03981
11010001 3.03995
11020001 3.04012
11030001 3.0403
11040001 3.04046
11050001 3.04061
11060001 3.0408
11070001 3.04096
11080001 3.04111
11090001 3.04125
11100001 3.04142
11110001 3.04159
11120001 3.04174
11130001 3.04185
11140001 3.04201
11150001 3.04215
11160001 3.04232
11170001 3.0425
11180001 3.04269
11190001 3.04288
11200001 3.043
11210001 3.04318
11220001 3.04337
11230001 3.04355
11240001 3.04374
11250001 3.04391
11260001 3.0441
11270001 3.04426
11280001 3.04446
11290001 3.04463
11300001 3.04479
11310001 3.04494
11320001 3.04511
11330001 3.04524
11340001 3.04543
11350001 3.0456
11360001 3.0458
11370001 3.04597
11380001 3.04614
11390001 3.04629
11400001 3.04646
11410001 3.04662
11420001 3.04682
11430001 3.04699
11440001 3.04715
11450001 3.04731
11460001 3.04747
11470001 3.04765
11480001 3.04782
11490001 3.04799
11500001 3.04814
11510001 3.04831
11520001 3.0485
11530001 3.0487
11540001 3.04885
11550001 3.04904
11560001 3.04924
11570001 3.04943
11580001 3.04963
11590001 3.04978
11600001 3.04996
11610001 3.05015
11620001 3.05034
11630001 3.0505
11640001 3.05068
11650001 3.05091
11660001 3.0511
11670001 3.05126
11680001 3.05142
11690001 3.0516
11700001 3.0518
11710001 3.05202
11720001 3.05222
11730001 3.0524
11740001 3.05255
11750001 3.05273
11760001 3.05292
11770001 3.05311
11780001 3.05327
11790001 3.05347
11800001 3.05364
11810001 3.05382
11820001 3.05401
11830001 3.05419
11840001 3.05438
11850001 3.05459
11860001 3.05479
11870001 3.05499
11880001 3.05517
11890001 3.05538
11900001 3.05553
11910001 3.05575
11920001 3.05593
11930001 3.05613
11940001 3.05632
11950001 3.05649
11960001 3.05668
11970001 3.0569
11980001 3.0571
11990001 3.05728
12000001 3.05746
12010001 3.05764
12020001 3.05781
12030001 3.05796
12040001 3.05813
12050001 3.05834
12060001 3.05852
12070001 3.05867
12080001 3.05888
12090001 3.05907
12100001 3.05924
12110001 3.0594
12120001 3.05958
12130001 3.05979
12140001 3.06
12150001 3.06018
12160001 3.06039
12170001 3.06059
12180001 3.06079
12190001 3.06098
12200001 3.06115
12210001 3.06134
12220001 3.06153
12230001 3.06169
12240001 3.06186
12250001 3.06207
12260001 3.0623
12270001 3.06248
12280001 3.0627
12290001 3.06287
12300001 3.06309
12310001 3.06327
12320001 3.06345
12330001 3.06363
12340001 3.06385
12350001 3.06404
12360001 3.06423
12370001 3.06443
12380001 3.06465
12390001 3.06482
12400001 3.06501
12410001 3.06521
12420001 3.06534
12430001 3.06556
12440001 3.06574
12450001 3.06594
12460001 3.06615
12470001 3.06636
12480001 3.06656
12490001 3.06674
12500001 3.06691
12510001 3.06708
12520001 3.06727
12530001 3.06751
12540001 3.06772
12550001 3.0679
12560001 3.06811
12570001 3.0683
12580001 3.06851
12590001 3.06871
12600001 3.06893
12610001 3.06912
12620001 3.0693
12630001 3.06951
12640001 3.06974
12650001 3.06995
12660001 3.07015
12670001 3.07037
12680001 3.07061
12690001 3.07084
12700001 3.07102
12710001 3.07119
12720001 3.07139
12730001 3.07158
12740001 3.07177
12750001 3.07198
12760001 3.07215
12770001 3.07235
12780001 3.07254
12790001 3.07276
12800001 3.07296
12810001 3.07316
12820001 3.07335
12830001 3.07357
12840001 3.07378
12850001 3.07399
12860001 3.0742
12870001 3.07439
12880001 3.0746
12890001 3.0748
12900001 3.07501
12910001 3.07521
12920001 3.07541
12930001 3.0756
12940001 3.0758
12950001 3.07602
12960001 3.07622
12970001 3.07644
12980001 3.07665
12990001 3.07684
13000001 3.07705
13010001 3.0773
13020001 3.07748
13030001 3.07766
13040001 3.07784
13050001 3.07804
13060001 3.07824
13070001 3.07848
13080001 3.07869
13090001 3.0789
13100001 3.07912
13110001 3.07934
13120001 3.07954
13130001 3.07974
13140001 3.07996
13150001 3.08021
13160001 3.08044
13170001 3.08063
13180001 3.08079
13190001 3.081
13200001 3.08123
13210001 3.08146
13220001 3.08168
13230001 3.08188
13240001 3.08209
13250001 3.08229
13260001 3.08249
13270001 3.08267
13280001 3.0829
13290001 3.0831
13300001 3.08329
13310001 3.08349
13320001 3.0837
13330001 3.08389
13340001 3.08413
13350001 3.08434
13360001 3.08455
13370001 3.08474
13380001 3.08499
13390001 3.08519
13400001 3.0854
13410001 3.08563
13420001 3.08587
13430001 3.08608
13440001 3.0863
13450001 3.0865
13460001 3.08669
13470001 3.08694
13480001 3.08717
13490001 3.0874
13500001 3.08765
13510001 3.08787
13520001 3.08804
13530001 3.08825
13540001 3.08849
13550001 3.08871
13560001 3.08892
13570001 3.08912
13580001 3.08933
13590001 3.08956
13600001 3.08978
13610001 3.08999
13620001 3.09023
13630001 3.09042
13640001 3.09064
13650001 3.09086
13660001 3.09109
13670001 3.09131
13680001 3.09153
13690001 3.09172
13700001 3.09195
13710001 3.09216
13720001 3.09237
13730001 3.0926
13740001 3.09282
13750001 3.09305
13760001 3.09326
13770001 3.09348
13780001 3.09371
13790001 3.09393
13800001 3.09418
13810001 3.09438
13820001 3.09458
13830001 3.09478
13840001 3.09504
13850001 3.09523
13860001 3.09542
13870001 3.09565
13880001 3.09586
13890001 3.09604
13900001 3.09628
13910001 3.09652
13920001 3.09673
13930001 3.09694
13940001 3.09712
13950001 3.09736
13960001 3.0976
13970001 3.09783
13980001 3.09807
13990001 3.09827
14000001 3.09852
14010001 3.09874
14020001 3.09895
14030001 3.09918
14040001 3.09941
14050001 3.09966
14060001 3.09988
14070001 3.10013
14080001 3.10037
14090001 3.10059
14100001 3.10081
14110001 3.10105
14120001 3.10125
14130001 3.10144
14140001 3.10167
14150001 3.10189
14160001 3.10216
14170001 3.1024
14180001 3.10265
14190001 3.10286
14200001 3.10311
14210001 3.10332
14220001 3.10358
14230001 3.10379
14240001 3.104
14250001 3.10422
14260001 3.10443
14270001 3.10469
14280001 3.10493
14290001 3.10515
14300001 3.10538
14310001 3.10557
14320001 3.10578
14330001 3.10601
14340001 3.10623
14350001 3.10645
14360001 3.10666
14370001 3.10691
14380001 3.10712
14390001 3.10734
14400001 3.10758
14410001 3.1078
14420001 3.10805
14430001 3.10827
14440001 3.10851
14450001 3.10871
14460001 3.10895
14470001 3.1092
14480001 3.10943
14490001 3.10966
14500001 3.10988
14510001 3.1101
14520001 3.11033
14530001 3.11059
14540001 3.11082
14550001 3.11104
14560001 3.11124
14570001 3.11149
14580001 3.11171
14590001 3.11196
14600001 3.11219
14610001 3.11245
14620001 3.11264
14630001 3.11288
14640001 3.11313
14650001 3.11335
14660001 3.1136
14670001 3.11385
14680001 3.11409
14690001 3.11432
14700001 3.11453
14710001 3.11478
14720001 3.11502
14730001 3.11523
14740001 3.11547
14750001 3.11569
14760001 3.11593
14770001 3.11617
14780001 3.1164
14790001 3.11662
14800001 3.11686
14810001 3.1171
14820001 3.11731
14830001 3.11757
14840001 3.11781
14850001 3.11807
14860001 3.11833
14870001 3.11857
14880001 3.11879
14890001 3.11901
14900001 3.11927
14910001 3.11948
14920001 3.11972
14930001 3.11996
14940001 3.12019
14950001 3.12041
14960001 3.12063
14970001 3.12085
14980001 3.12109
14990001 3.12131
15000001 3.12156
15010001 3.12177
15020001 3.122
15030001 3.12222
15040001 3.12248
15050001 3.12272
15060001 3.12294
15070001 3.12316
15080001 3.12339
15090001 3.12366
15100001 3.12387
15110001 3.1241
15120001 3.12434
15130001 3.12458
15140001 3.12482
15150001 3.12508
15160001 3.12533
15170001 3.12559
15180001 3.12581
15190001 3.12606
15200001 3.12629
15210001 3.12653
15220001 3.12675
15230001 3.12697
15240001 3.1272
15250001 3.12743
15260001 3.12767
15270001 3.1279
15280001 3.12815
15290001 3.12838
15300001 3.12862
15310001 3.12886
15320001 3.1291
15330001 3.12934
15340001 3.12958
15350001 3.12982
15360001 3.13006
15370001 3.13028
15380001 3.13053
15390001 3.13075
15400001 3.13096
15410001 3.1312
15420001 3.13144
15430001 3.13171
15440001 3.13195
15450001 3.13222
15460001 3.13242
15470001 3.13266
15480001 3.13289
15490001 3.13312
15500001 3.13336
15510001 3.1336
15520001 3.13384
15530001 3.13406
15540001 3.13429
15550001 3.13451
15560001 3.13478
15570001 3.13501
15580001 3.13526
15590001 3.13549
15600001 3.13575
15610001 3.13601
15620001 3.13624
15630001 3.13648
15640001 3.1367
15650001 3.13692
15660001 3.13715
15670001 3.13739
15680001 3.13763
15690001 3.13785
15700001 3.13809
15710001 3.13835
15720001 3.13858
15730001 3.13884
15740001 3.13908
15750001 3.13931
15760001 3.13957
15770001 3.13982
15780001 3.14007
15790001 3.14031
15800001 3.14054
15810001 3.14077
15820001 3.14097
15830001 3.14125
15840001 3.14148
15850001 3.14174
15860001 3.14199
15870001 3.14224
15880001 3.14246
15890001 3.14269
15900001 3.14294
15910001 3.14319
15920001 3.14342
15930001 3.14365
15940001 3.14391
15950001 3.14413
15960001 3.14439
15970001 3.1446
15980001 3.14488
15990001 3.14509
16000001 3.14533
16010001 3.14558
16020001 3.14583
16030001 3.14608
16040001 3.14635
16050001 3.14659
16060001 3.14682
16070001 3.14708
16080001 3.1473
16090001 3.14757
16100001 3.1478
16110001 3.14802
16120001 3.14829
16130001 3.14854
16140001 3.14881
16150001 3.14903
16160001 3.14928
16170001 3.14952
16180001 3.14977
16190001 3.14999
16200001 3.15023
16210001 3.15045
16220001 3.15071
16230001 3.15094
16240001 3.15121
16250001 3.15145
16260001 3.15171
16270001 3.15196
16280001 3.1522
16290001 3.15242
16300001 3.15267
16310001 3.15292
16320001 3.1532
16330001 3.15347
16340001 3.15371
16350001 3.15393
16360001 3.15417
16370001 3.15445
16380001 3.1547
16390001 3.15494
16400001 3.15516
16410001 3.15541
16420001 3.15567
16430001 3.15594
16440001 3.15618
16450001 3.1564
16460001 3.15664
16470001 3.15687
16480001 3.15715
16490001 3.15738
16500001 3.15762
16510001 3.15786
16520001 3.15811
16530001 3.15836
16540001 3.15864
16550001 3.1589
16560001 3.15915
16570001 3.15941
16580001 3.15963
16590001 3.15987
16600001 3.16009
16610001 3.16033
16620001 3.16056
16630001 3.16082
16640001 3.16107
16650001 3.1613
16660001 3.16155
16670001 3.16178
16680001 3.16207
16690001 3.16234
16700001 3.16258
16710001 3.16284
16720001 3.16309
16730001 3.16334
16740001 3.16359
16750001 3.16386
16760001 3.1641
16770001 3.16433
16780001 3.16454
16790001 3.1648
16800001 3.16507
16810001 3.16532
16820001 3.16556
16830001 3.1658
16840001 3.16604
16850001 3.16629
16860001 3.16655
16870001 3.16679
16880001 3.16703
16890001 3.16726
16900001 3.16751
16910001 3.16776
16920001 3.168
16930001 3.16825
16940001 3.1685
16950001 3.16873
16960001 3.169
16970001 3.16928
16980001 3.16952
16990001 3.16979
17000001 3.17006
17010001 3.17028
17020001 3.17054
17030001 3.17077
17040001 3.17103
17050001 3.17126
17060001 3.17153
17070001 3.17179
17080001 3.17202
17090001 3.17226
17100001 3.17249
17110001 3.17278
17120001 3.17301
17130001 3.17327
17140001 3.17352
17150001 3.17375
17160001 3.17399
17170001 3.17423
17180001 3.17451
17190001 3.17477
17200001 3.17498
17210001 3.17523
17220001 3.17549
17230001 3.17574
17240001 3.17596
17250001 3.17622
17260001 3.17647
17270001 3.17672
17280001 3.17701
17290001 3.17724
17300001 3.17748
17310001 3.17776
17320001 3.17802
17330001 3.17824
17340001 3.17852
17350001 3.17877
17360001 3.17901
17370001 3.17928
17380001 3.17952
17390001 3.17977
17400001 3.18003
17410001 3.18031
17420001 3.18055
17430001 3.18082
17440001 3.18104
17450001 3.18128
17460001 3.18151
17470001 3.18177
17480001 3.18202
17490001 3.18229
17500001 3.18254
17510001 3.1828
17520001 3.18307
17530001 3.18331
17540001 3.18357
17550001 3.18381
17560001 3.18407
17570001 3.18428
17580001 3.18451
17590001 3.18476
17600001 3.18501
17610001 3.18523
17620001 3.1855
17630001 3.18576
17640001 3.18603
17650001 3.18629
17660001 3.18654
17670001 3.18681
17680001 3.18707
17690001 3.18731
17700001 3.18757
17710001 3.18782
17720001 3.18805
17730001 3.18829
17740001 3.18853
17750001 3.18879
17760001 3.18902
17770001 3.18928
17780001 3.18952
17790001 3.18979
17800001 3.19004
17810001 3.19031
17820001 3.19056
17830001 3.19079
17840001 3.19105
17850001 3.19131
17860001 3.19158
17870001 3.19182
17880001 3.19205
17890001 3.19229
17900001 3.19255
17910001 3.19278
17920001 3.19304
17930001 3.19331
17940001 3.19358
17950001 3.19384
17960001 3.19411
17970001 3.19431
17980001 3.19456
17990001 3.19482
18000001 3.19506
18010001 3.19532
18020001 3.19557
18030001 3.19581
18040001 3.19605
18050001 3.19633
18060001 3.19658
18070001 3.19681
18080001 3.19707
18090001 3.19737
18100001 3.19762
18110001 3.19787
18120001 3.19811
18130001 3.19878
18140001 3.19878
18150001 3.19899
18160001 3.19919
18170001 3.19942
18180001 3.19969
18190001 3.19994
18200001 3.20015
18210001 3.20044
18220001 3.20068
18230001 3.20092
18240001 3.20119
18250001 3.20143
18260001 3.20169
18270001 3.20196
18280001 3.20222
18290001 3.20248
18300001 3.20273
18310001 3.20296
18320001 3.20321
18330001 3.20344
18340001 3.20371
18350001 3.20397
18360001 3.20421
18370001 3.20446
18380001 3.20473
18390001 3.205
18400001 3.20527
18410001 3.20554
18420001 3.20582
18430001 3.20611
18440001 3.20636
18450001 3.20663
18460001 3.2069
18470001 3.20713
18480001 3.20737
18490001 3.20763
18500001 3.20789
18510001 3.2082
18520001 3.20844
18530001 3.20869
18540001 3.20892
18550001 3.20918
18560001 3.20942
18570001 3.2097
18580001 3.20993
18590001 3.21017
18600001 3.21043
18610001 3.2107
18620001 3.21099
18630001 3.21125
18640001 3.21149
18650001 3.21171
18660001 3.21198
18670001 3.21224
18680001 3.21247
18690001 3.21274
18700001 3.21301
18710001 3.21326
18720001 3.21351
18730001 3.21378
18740001 3.21404
18750001 3.21429
18760001 3.21457
18770001 3.21485
18780001 3.2151
18790001 3.21537
18800001 3.21561
18810001 3.21587
18820001 3.21611
18830001 3.21638
18840001 3.21662
18850001 3.21688
18860001 3.21714
18870001 3.21741
18880001 3.21767
18890001 3.21792
18900001 3.21816
18910001 3.2184
18920001 3.21867
18930001 3.21893
18940001 3.21917
18950001 3.21941
18960001 3.21967
18970001 3.21996
18980001 3.22018
18990001 3.22044
19000001 3.2207
19010001 3.22096
19020001 3.22124
19030001 3.22149
19040001 3.22178
19050001 3.22201
19060001 3.22229
19070001 3.22255
19080001 3.22281
19090001 3.22305
19100001 3.22331
19110001 3.22358
19120001 3.22382
19130001 3.22406
19140001 3.22436
19150001 3.22463
19160001 3.22489
19170001 3.22516
19180001 3.22542
19190001 3.22567
19200001 3.22595
19210001 3.22621
19220001 3.22646
19230001 3.22671
19240001 3.22694
19250001 3.2272
19260001 3.22746
19270001 3.22772
19280001 3.22799
19290001 3.22824
19300001 3.2285
19310001 3.22871
19320001 3.22899
19330001 3.22927
19340001 3.22953
19350001 3.22979
19360001 3.23007
19370001 3.23031
19380001 3.23058
19390001 3.23086
19400001 3.23111
19410001 3.23138
19420001 3.23164
19430001 3.23189
19440001 3.23214
19450001 3.23237
19460001 3.23262
19470001 3.23289
19480001 3.23313
19490001 3.2334
19500001 3.23365
19510001 3.23392
19520001 3.23419
19530001 3.23447
19540001 3.23474
19550001 3.23501
19560001 3.23525
19570001 3.23548
19580001 3.23573
19590001 3.236
19600001 3.23624
19610001 3.23651
19620001 3.23679
19630001 3.23704
19640001 3.23732
19650001 3.23756
19660001 3.23781
19670001 3.23805
19680001 3.23832
19690001 3.23858
19700001 3.23881
19710001 3.23905
19720001 3.23931
19730001 3.23956
19740001 3.23982
19750001 3.24007
19760001 3.24034
19770001 3.24058
19780001 3.24083
19790001 3.24111
19800001 3.24139
19810001 3.24163
19820001 3.2419
19830001 3.24214
19840001 3.2424
19850001 3.24267
19860001 3.24295
19870001 3.24321
19880001 3.24346
19890001 3.24372
19900001 3.24398
19910001 3.24425
19920001 3.24451
19930001 3.24477
19940001 3.24502
19950001 3.24529
19960001 3.24556
19970001 3.24581
19980001 3.24609
19990001 3.24642
20000001 3.24666
20010001 3.24691
20020001 3.24713
20030001 3.24739
20040001 3.24765
20050001 3.24793
20060001 3.24822
20070001 3.24848
20080001 3.24872
20090001 3.249
20100001 3.24928
20110001 3.24956
20120001 3.24979
20130001 3.25007
20140001 3.25034
20150001 3.2509
20160001 3.25107
20170001 3.25129
20180001 3.25146
20190001 3.25172
20200001 3.25193
20210001 3.25218
20220001 3.2524
20230001 3.25265
20240001 3.25291
20250001 3.25318
20260001 3.25342
20270001 3.25367
20280001 3.25393
20290001 3.25417
20300001 3.25442
20310001 3.25467
20320001 3.25491
20330001 3.25516
20340001 3.25542
20350001 3.25602
20360001 3.2561
20370001 3.25628
20380001 3.25654
20390001 3.2568
20400001 3.25705
20410001 3.25728
20420001 3.25754
20430001 3.25778
20440001 3.25804
20450001 3.25831
20460001 3.25855
20470001 3.25882
20480001 3.25905
20490001 3.25931
20500001 3.25956
20510001 3.25983
20520001 3.26006
20530001 3.26033
20540001 3.26057
20550001 3.26085
20560001 3.26112
20570001 3.26137
20580001 3.26163
20590001 3.26188
20600001 3.26215
20610001 3.2624
20620001 3.26266
20630001 3.26294
20640001 3.2632
20650001 3.26344
20660001 3.26369
20670001 3.26397
20680001 3.26425
20690001 3.2645
20700001 3.26475
20710001 3.26499
20720001 3.26524
20730001 3.26549
20740001 3.26576
20750001 3.26604
20760001 3.26628
20770001 3.26654
20780001 3.2668
20790001 3.26706
20800001 3.26734
20810001 3.26762
20820001 3.26787
20830001 3.26812
20840001 3.26838
20850001 3.26866
20860001 3.26893
20870001 3.26919
20880001 3.26943
20890001 3.26968
20900001 3.26995
20910001 3.27021
20920001 3.27045
20930001 3.27071
20940001 3.27095
20950001 3.27119
20960001 3.27148
20970001 3.27173
20980001 3.27198
20990001 3.27223
21000001 3.27248
21010001 3.27275
21020001 3.27299
21030001 3.27325
21040001 3.27347
21050001 3.27372
21060001 3.27398
21070001 3.27428
21080001 3.27452
21090001 3.2748
21100001 3.27504
21110001 3.27531
21120001 3.27557
21130001 3.27585
21140001 3.27613
21150001 3.27721
21160001 3.27683
21170001 3.27701
21180001 3.27727
21190001 3.27754
21200001 3.27776
21210001 3.27798
21220001 3.27823
21230001 3.2785
21240001 3.27878
21250001 3.27902
21260001 3.27931
21270001 3.27958
21280001 3.27979
21290001 3.28005
21300001 3.28033
21310001 3.28058
21320001 3.28085
21330001 3.28109
21340001 3.28135
21350001 3.28162
21360001 3.28185
21370001 3.28215
21380001 3.28242
21390001 3.28266
21400001 3.28293
21410001 3.28319
21420001 3.28346
21430001 3.28371
21440001 3.28397
21450001 3.28425
21460001 3.28449
21470001 3.28477
21480001 3.28505
21490001 3.2853
21500001 3.28557
21510001 3.28582
21520001 3.28608
21530001 3.28635
21540001 3.28658
21550001 3.28684
21560001 3.28711
21570001 3.28737
21580001 3.28764
21590001 3.28791
21600001 3.28816
21610001 3.28842
21620001 3.28868
21630001 3.28896
21640001 3.2892
21650001 3.28946
21660001 3.28969
21670001 3.28997
21680001 3.29024
21690001 3.29051
21700001 3.29076
21710001 3.29104
21720001 3.29132
21730001 3.29158
21740001 3.29183
21750001 3.29212
21760001 3.29239
21770001 3.29265
21780001 3.29293
21790001 3.29319
21800001 3.29343
21810001 3.29369
21820001 3.29392
21830001 3.29419
21840001 3.29448
21850001 3.29472
21860001 3.29498
21870001 3.29524
21880001 3.29552
21890001 3.29579
21900001 3.29605
21910001 3.29632
21920001 3.29656
21930001 3.29685
21940001 3.2971
21950001 3.29736
21960001 3.29762
21970001 3.29787
21980001 3.29815
21990001 3.29842
22000001 3.2987
22010001 3.29898
22020001 3.29923
22030001 3.29946
22040001 3.29973
22050001 3.3
22060001 3.30023
22070001 3.30048
22080001 3.30073
22090001 3.30099
22100001 3.30124
22110001 3.30152
22120001 3.30179
22130001 3.30204
22140001 3.30229
22150001 3.30255
22160001 3.30283
22170001 3.3031
22180001 3.30338
22190001 3.30361
22200001 3.3039
22210001 3.30416
22220001 3.30443
22230001 3.3047
22240001 3.30496
22250001 3.30522
22260001 3.30548
22270001 3.30574
22280001 3.30602
22290001 3.30627
22300001 3.30654
22310001 3.30678
22320001 3.30704
22330001 3.30731
22340001 3.30756
22350001 3.30782
22360001 3.3081
22370001 3.30835
22380001 3.30862
22390001 3.30889
22400001 3.30915
22410001 3.30938
22420001 3.30967
22430001 3.30993
22440001 3.31018
22450001 3.31043
22460001 3.31071
22470001 3.31098
22480001 3.31121
22490001 3.3115
22500001 3.31179
22510001 3.31205
22520001 3.31233
22530001 3.3126
22540001 3.31289
22550001 3.31317
22560001 3.31344
22570001 3.31369
22580001 3.31393
22590001 3.31418
22600001 3.31445
22610001 3.31469
22620001 3.31493
22630001 3.31519
22640001 3.31543
22650001 3.31571
22660001 3.31595
22670001 3.31621
22680001 3.3165
22690001 3.31673
22700001 3.31696
22710001 3.31721
22720001 3.31748
22730001 3.31775
22740001 3.31798
22750001 3.31825
22760001 3.3185
22770001 3.31877
22780001 3.31905
22790001 3.31929
22800001 3.31959
22810001 3.31986
22820001 3.32011
22830001 3.32035
22840001 3.32061
22850001 3.32086
22860001 3.32111
22870001 3.32135
22880001 3.3216
22890001 3.32187
22900001 3.32214
22910001 3.32241
22920001 3.32268
22930001 3.32295
22940001 3.32322
22950001 3.32345
22960001 3.32373
22970001 3.324
22980001 3.32428
22990001 3.32456
23000001 3.3248
23010001 3.32506
23020001 3.32532
23030001 3.32558
23040001 3.32582
23050001 3.32609
23060001 3.32638
23070001 3.32662
23080001 3.32691
23090001 3.32717
23100001 3.32743
23110001 3.32766
23120001 3.32794
23130001 3.3282
23140001 3.32845
23150001 3.32872
23160001 3.32898
23170001 3.32923
23180001 3.32949
23190001 3.32977
23200001 3.33003
23210001 3.3303
23220001 3.33053
23230001 3.33078
23240001 3.33105
23250001 3.33131
23260001 3.33157
23270001 3.33185
23280001 3.33212
23290001 3.33239
23300001 3.33264
23310001 3.3329
23320001 3.33319
23330001 3.33344
23340001 3.33369
23350001 3.33394
23360001 3.33419
23370001 3.33448
23380001 3.33473
23390001 3.335
23400001 3.33524
23410001 3.33552
23420001 3.3358
23430001 3.33606
23440001 3.33632
23450001 3.33656
23460001 3.33681
23470001 3.33704
23480001 3.33731
23490001 3.33758
23500001 3.33783
23510001 3.33807
23520001 3.33836
23530001 3.33862
23540001 3.33888
23550001 3.33917
23560001 3.33946
23570001 3.33974
23580001 3.34
23590001 3.34026
23600001 3.34051
23610001 3.34077
23620001 3.34105
23630001 3.34131
23640001 3.34159
23650001 3.34181
23660001 3.34207
23670001 3.34234
23680001 3.34262
23690001 3.3429
23700001 3.34317
23710001 3.34342
23720001 3.34367
23730001 3.34394
23740001 3.34421
23750001 3.34447
23760001 3.34471
23770001 3.34496
23780001 3.34521
23790001 3.34546
23800001 3.34573
23810001 3.346
23820001 3.34624
23830001 3.34652
23840001 3.34679
23850001 3.34707
23860001 3.34733
23870001 3.34758
23880001 3.34784
23890001 3.34808
23900001 3.34831
23910001 3.34855
23920001 3.34884
23930001 3.34909
23940001 3.34935
23950001 3.34964
23960001 3.34989
23970001 3.35014
23980001 3.35041
23990001 3.35068
24000001 3.35097
24010001 3.35121
24020001 3.35145
24030001 3.35172
24040001 3.35196
24050001 3.35224
24060001 3.35248
24070001 3.35277
24080001 3.35303
24090001 3.3533
24100001 3.35355
24110001 3.35381
24120001 3.35408
24130001 3.35436
24140001 3.35466
24150001 3.35493
24160001 3.35519
24170001 3.35541
24180001 3.35567
24190001 3.35594
24200001 3.35621
24210001 3.35647
24220001 3.35675
24230001 3.357
24240001 3.35728
24250001 3.35755
24260001 3.3578
24270001 3.35804
24280001 3.35832
24290001 3.35858
24300001 3.35887
24310001 3.35912
24320001 3.35936
24330001 3.35963
24340001 3.35991
24350001 3.36015
24360001 3.36039
24370001 3.36068
24380001 3.36096
24390001 3.36123
24400001 3.36148
24410001 3.36173
24420001 3.36198
24430001 3.36224
24440001 3.36248
24450001 3.36275
24460001 3.36301
24470001 3.36326
24480001 3.36351
24490001 3.36373
24500001 3.36398
24510001 3.36428
24520001 3.36452
24530001 3.36484
24540001 3.36508
24550001 3.36531
24560001 3.36557
24570001 3.36584
24580001 3.3661
24590001 3.36636
24600001 3.36662
24610001 3.36689
24620001 3.36715
24630001 3.36741
24640001 3.36766
24650001 3.36794
24660001 3.36819
24670001 3.36844
24680001 3.36871
24690001 3.36895
24700001 3.36922
24710001 3.36947
24720001 3.36975
24730001 3.37001
24740001 3.37028
24750001 3.37054
24760001 3.37077
24770001 3.37103
24780001 3.37127
24790001 3.37154
24800001 3.37181
24810001 3.37205
24820001 3.37231
24830001 3.37257
24840001 3.37282
24850001 3.37307
24860001 3.37333
24870001 3.37361
24880001 3.37384
24890001 3.37412
24900001 3.37437
24910001 3.37464
24920001 3.37493
24930001 3.37517
24940001 3.37543
24950001 3.37569
24960001 3.37595
24970001 3.37621
24980001 3.37643
24990001 3.37668
25000001 3.37693
25010001 3.37721
25020001 3.37746
25030001 3.3777
25040001 3.37796
25050001 3.37824
25060001 3.37852
25070001 3.37877
25080001 3.37903
25090001 3.37931
25100001 3.37955
25110001 3.37979
25120001 3.38005
25130001 3.38032
25140001 3.38058
25150001 3.38087
25160001 3.38115
25170001 3.38138
25180001 3.38167
25190001 3.38191
25200001 3.38218
25210001 3.38244
25220001 3.3827
25230001 3.38298
25240001 3.3832
25250001 3.38348
25260001 3.38373
25270001 3.38399
25280001 3.38422
25290001 3.38447
25300001 3.38473
25310001 3.38498
25320001 3.38549
25330001 3.38563
25340001 3.38579
25350001 3.38604
25360001 3.38629
25370001 3.38653
25380001 3.38681
25390001 3.38707
25400001 3.3873
25410001 3.38757
25420001 3.38781
25430001 3.38807
25440001 3.38831
25450001 3.38858
25460001 3.38886
25470001 3.38913
25480001 3.38937
25490001 3.38967
25500001 3.38992
25510001 3.39018
25520001 3.39043
25530001 3.39067
25540001 3.39094
25550001 3.39123
25560001 3.39147
25570001 3.39174
25580001 3.39198
25590001 3.39225
25600001 3.39249
25610001 3.39274
25620001 3.39302
25630001 3.39329
25640001 3.39355
25650001 3.3938
25660001 3.39409
25670001 3.39435
25680001 3.39461
25690001 3.39487
25700001 3.39514
25710001 3.3954
25720001 3.39564
25730001 3.3959
25740001 3.39615
25750001 3.3964
25760001 3.39667
25770001 3.39696
25780001 3.39724
25790001 3.3975
25800001 3.39775
25810001 3.398
25820001 3.39826
25830001 3.39851
25840001 3.39876
25850001 3.399
25860001 3.39924
25870001 3.39947
25880001 3.39974
25890001 3.4
25900001 3.40025
25910001 3.40052
25920001 3.40078
25930001 3.40106
25940001 3.40131
25950001 3.40158
25960001 3.40184
25970001 3.40209
25980001 3.40237
25990001 3.40263
26000001 3.40291
26010001 3.40316
26020001 3.40343
26030001 3.4037
26040001 3.40394
26050001 3.40418
26060001 3.40446
26070001 3.4047
26080001 3.40494
26090001 3.40519
26100001 3.40545
26110001 3.40571
26120001 3.406
26130001 3.40627
26140001 3.40654
26150001 3.4068
26160001 3.40705
26170001 3.40732
26180001 3.4076
26190001 3.40785
26200001 3.40811
26210001 3.40835
26220001 3.4086
26230001 3.40886
26240001 3.40913
26250001 3.40942
26260001 3.40967
26270001 3.40992
26280001 3.41018
26290001 3.41045
26300001 3.41072
26310001 3.41096
26320001 3.41119
26330001 3.41148
26340001 3.41174
26350001 3.41198
26360001 3.41224
26370001 3.4125
26380001 3.41279
26390001 3.41304
26400001 3.41331
26410001 3.41355
26420001 3.41381
26430001 3.41408
26440001 3.41436
26450001 3.41464
26460001 3.41489
26470001 3.41517
26480001 3.41544
26490001 3.41567
26500001 3.41593
26510001 3.41618
26520001 3.41644
26530001 3.41669
26540001 3.41694
26550001 3.41719
26560001 3.41744
26570001 3.41772
26580001 3.41794
26590001 3.41821
26600001 3.41851
26610001 3.41878
26620001 3.41902
26630001 3.41927
26640001 3.4195
26650001 3.41975
26660001 3.42004
26670001 3.42029
26680001 3.42052
26690001 3.42079
26700001 3.42105
26710001 3.42131
26720001 3.42159
26730001 3.42185
26740001 3.42211
26750001 3.42239
26760001 3.42264
26770001 3.42289
26780001 3.42315
26790001 3.4234
26800001 3.42367
26810001 3.42392
26820001 3.42416
26830001 3.42443
26840001 3.42465
26850001 3.42493
26860001 3.42516
26870001 3.42542
26880001 3.42568
26890001 3.42594
26900001 3.4262
26910001 3.42647
26920001 3.42671
26930001 3.42696
26940001 3.42719
26950001 3.4283
26960001 3.42817
26970001 3.42821
26980001 3.42839
26990001 3.42864
27000001 3.42887
27010001 3.42912
27020001 3.42935
27030001 3.42961
27040001 3.42989
27050001 3.43014
27060001 3.43038
27070001 3.43063
27080001 3.43086
27090001 3.43112
27100001 3.4314
27110001 3.43162
27120001 3.43189
27130001 3.43215
27140001 3.43239
27150001 3.43263
27160001 3.43288
27170001 3.43314
27180001 3.43341
27190001 3.43363
27200001 3.4339
27210001 3.43417
27220001 3.43442
27230001 3.43468
27240001 3.43491
27250001 3.43516
27260001 3.43542
27270001 3.43568
27280001 3.43594
27290001 3.43621
27300001 3.43647
27310001 3.43674
27320001 3.43699
27330001 3.43723
27340001 3.43748
27350001 3.43774
27360001 3.43802
27370001 3.43829
27380001 3.43854
27390001 3.43882
27400001 3.43907
27410001 3.43932
27420001 3.43957
27430001 3.43986
27440001 3.4401
27450001 3.44035
27460001 3.44062
27470001 3.44086
27480001 3.44109
27490001 3.44136
27500001 3.44163
27510001 3.44189
27520001 3.44214
27530001 3.4424
27540001 3.44264
27550001 3.44291
27560001 3.44317
27570001 3.44342
27580001 3.44369
27590001 3.44396
27600001 3.44424
27610001 3.44449
27620001 3.44472
27630001 3.44496
27640001 3.44521
27650001 3.44548
27660001 3.44569
27670001 3.44593
27680001 3.4462
27690001 3.44643
27700001 3.44671
27710001 3.44698
27720001 3.4472
27730001 3.44746
27740001 3.44771
27750001 3.44799
27760001 3.44825
27770001 3.44851
27780001 3.44878
27790001 3.44901
27800001 3.44927
27810001 3.44953
27820001 3.44979
27830001 3.45004
27840001 3.45028
27850001 3.45054
27860001 3.45079
27870001 3.45105
27880001 3.45128
27890001 3.45157
27900001 3.45184
27910001 3.45209
27920001 3.45236
27930001 3.45262
27940001 3.45287
27950001 3.45314
27960001 3.45339
27970001 3.45363
27980001 3.45389
27990001 3.45412
28000001 3.45441
28010001 3.45466
28020001 3.45494
28030001 3.4552
28040001 3.45547
28050001 3.45571
28060001 3.45597
28070001 3.45623
28080001 3.45648
28090001 3.45672
28100001 3.45702
28110001 3.4573
28120001 3.45754
28130001 3.45778
28140001 3.45803
28150001 3.45827
28160001 3.45852
28170001 3.45877
28180001 3.45902
28190001 3.45928
28200001 3.45951
28210001 3.45975
28220001 3.46002
28230001 3.46029
28240001 3.46054
28250001 3.4608
28260001 3.46106
28270001 3.46133
28280001 3.46157
28290001 3.46183
28300001 3.46208
28310001 3.46234
28320001 3.46262
28330001 3.46285
28340001 3.4631
28350001 3.46338
28360001 3.46361
28370001 3.46387
28380001 3.46412
28390001 3.46437
28400001 3.46463
28410001 3.46487
28420001 3.46512
28430001 3.46538
28440001 3.46566
28450001 3.46591
28460001 3.46617
28470001 3.46643
28480001 3.46667
28490001 3.46692
28500001 3.46717
28510001 3.46743
28520001 3.46768
28530001 3.46793
28540001 3.46821
28550001 3.46845
28560001 3.46871
28570001 3.46895
28580001 3.46921
28590001 3.46947
28600001 3.46972
28610001 3.46995
28620001 3.47024
28630001 3.47048
28640001 3.47076
28650001 3.471
28660001 3.47125
28670001 3.47149
28680001 3.47172
28690001 3.472
28700001 3.47225
28710001 3.47253
28720001 3.47277
28730001 3.47303
28740001 3.47328
28750001 3.47354
28760001 3.47381
28770001 3.47406
28780001 3.47432
28790001 3.47457
28800001 3.47483
28810001 3.47511
28820001 3.47536
28830001 3.47561
28840001 3.47587
28850001 3.47609
28860001 3.47635
28870001 3.47663
28880001 3.47689
28890001 3.47712
28900001 3.47741
28910001 3.47767
28920001 3.47792
28930001 3.47817
28940001 3.47844
28950001 3.4787
28960001 3.47897
28970001 3.47921
28980001 3.47946
28990001 3.47971
29000001 3.47995
29010001 3.4802
29020001 3.48045
29030001 3.4807
29040001 3.48095
29050001 3.4812
29060001 3.48141
29070001 3.48168
29080001 3.48193
29090001 3.4822
29100001 3.48246
29110001 3.48273
29120001 3.48297
29130001 3.48321
29140001 3.48348
29150001 3.48375
29160001 3.48398
29170001 3.48424
29180001 3.48451
29190001 3.48472
29200001 3.48497
29210001 3.48524
29220001 3.48549
29230001 3.48574
29240001 3.48601
29250001 3.48625
29260001 3.48653
29270001 3.48678
29280001 3.48702
29290001 3.48729
29300001 3.48753
29310001 3.48777
29320001 3.48804
29330001 3.48828
29340001 3.48854
29350001 3.48881
29360001 3.48904
29370001 3.4893
29380001 3.48954
29390001 3.4898
29400001 3.49008
29410001 3.49033
29420001 3.49057
29430001 3.49081
29440001 3.49109
29450001 3.49136
29460001 3.49161
29470001 3.49187
29480001 3.4921
29490001 3.49236
29500001 3.4926
29510001 3.49286
29520001 3.49308
29530001 3.49332
29540001 3.4936
29550001 3.49384
29560001 3.49411
29570001 3.49438
29580001 3.49464
29590001 3.49489
29600001 3.49515
29610001 3.49538
29620001 3.49564
29630001 3.49591
29640001 3.49615
29650001 3.49641
29660001 3.49667
29670001 3.49692
29680001 3.49719
29690001 3.49744
29700001 3.49768
29710001 3.49793
29720001 3.49817
29730001 3.49844
29740001 3.49868
29750001 3.49893
29760001 3.49919
29770001 3.49944
29780001 3.49971
29790001 3.49995
29800001 3.50018
29810001 3.50044
29820001 3.50068
29830001 3.50093
29840001 3.50116
29850001 3.5014
29860001 3.50165
29870001 3.50189
29880001 3.50215
29890001 3.50238
29900001 3.50262
29910001 3.50288
29920001 3.50316
29930001 3.50339
29940001 3.50365
29950001 3.50393
29960001 3.5042
29970001 3.50447
29980001 3.50472
29990001 3.50501
