1 2179.69
10001 93.8724
20001 48.2822
30001 30.8991
40001 22.037
50001 16.8399
60001 13.6683
70001 11.5439
80001 10.0815
90001 8.99118
100001 8.16954
110001 7.52615
120001 7.01831
130001 6.60211
140001 6.25588
150001 5.96717
160001 5.72119
170001 5.50994
180001 5.32946
190001 5.16772
200001 5.02582
210001 4.90931
220001 4.79458
230001 4.6999
240001 4.61034
250001 4.52876
260001 4.45773
270001 4.39451
280001 4.3331
290001 4.27692
300001 4.2298
310001 4.18086
320001 4.13847
330001 4.10071
340001 4.06411
350001 4.02961
360001 4.00189
370001 3.97221
380001 3.94004
390001 3.9195
400001 3.89443
410001 3.87368
420001 3.85094
430001 3.83376
440001 3.81245
450001 3.79612
460001 3.77762
470001 3.76521
480001 3.7468
490001 3.73539
500001 3.71909
510001 3.70977
520001 3.69968
530001 3.69016
540001 3.67406
550001 3.66639
560001 3.65835
570001 3.6541
580001 3.64391
590001 3.63007
600001 3.62482
610001 3.61099
620001 3.60999
630001 3.60478
640001 3.59496
650001 3.59063
660001 3.58245
670001 3.57879
680001 3.57405
690001 3.56679
700001 3.56302
710001 3.55851
720001 3.55558
730001 3.54601
740001 3.54877
750001 3.54034
760001 3.53693
770001 3.53503
780001 3.528
790001 3.5277
800001 3.52438
810001 3.51926
820001 3.51836
830001 3.51138
840001 3.51426
850001 3.51189
860001 3.5044
870001 3.50494
880001 3.50233
890001 3.49901
900001 3.49885
910001 3.49505
920001 3.49492
930001 3.48717
940001 3.48963
950001 3.48714
960001 3.48592
970001 3.48359
980001 3.48032
990001 3.47784
1000001 3.47417
1010001 3.47441
1020001 3.47064
1030001 3.47111
1040001 3.47206
1050001 3.47357
1060001 3.46629
1070001 3.46858
1080001 3.46855
1090001 3.46486
1100001 3.46235
1110001 3.46139
1120001 3.45939
1130001 3.461
1140001 3.45443
1150001 3.45737
1160001 3.45486
1170001 3.45674
1180001 3.45694
1190001 3.45312
1200001 3.4475
1210001 3.45461
1220001 3.44921
1230001 3.4486
1240001 3.44713
1250001 3.44734
1260001 3.44696
1270001 3.44725
1280001 3.44919
1290001 3.44422
1300001 3.44766
1310001 3.44709
1320001 3.44256
1330001 3.44094
1340001 3.43988
1350001 3.44188
1360001 3.43864
1370001 3.4414
1380001 3.43959
1390001 3.43692
1400001 3.43323
1410001 3.43376
1420001 3.43755
1430001 3.43645
1440001 3.43317
1450001 3.43812
1460001 3.43976
1470001 3.43664
1480001 3.43469
1490001 3.43215
1500001 3.43551
1510001 3.43332
1520001 3.43472
1530001 3.43165
1540001 3.42823
1550001 3.43268
1560001 3.43416
1570001 3.43149
1580001 3.42855
1590001 3.43017
1600001 3.42953
1610001 3.4285
1620001 3.42612
1630001 3.42704
1640001 3.42636
1650001 3.42736
1660001 3.42617
1670001 3.42588
1680001 3.42579
1690001 3.42374
1700001 3.42605
1710001 3.42872
1720001 3.42842
1730001 3.42637
1740001 3.42301
1750001 3.42369
1760001 3.42518
1770001 3.4264
1780001 3.42192
1790001 3.42385
1800001 3.42264
1810001 3.42468
1820001 3.42373
1830001 3.42042
1840001 3.4263
1850001 3.42376
1860001 3.42051
1870001 3.42365
1880001 3.42245
1890001 3.41871
1900001 3.4245
1910001 3.41843
1920001 3.42018
1930001 3.41738
1940001 3.41979
1950001 3.41752
1960001 3.42027
1970001 3.41786
1980001 3.41795
1990001 3.4189
2000001 3.41725
2010001 3.41845
2020001 3.41562
2030001 3.41591
2040001 3.41834
2050001 3.41669
2060001 3.41525
2070001 3.41821
2080001 3.41403
2090001 3.41785
2100001 3.4169
2110001 3.42204
2120001 3.41683
2130001 3.41835
2140001 3.4147
2150001 3.41745
2160001 3.41329
2170001 3.41513
2180001 3.41811
2190001 3.41749
2200001 3.41714
2210001 3.41623
2220001 3.41687
2230001 3.41856
2240001 3.41176
2250001 3.41117
2260001 3.41514
2270001 3.41713
2280001 3.41894
2290001 3.41637
2300001 3.41284
2310001 3.41177
2320001 3.41062
2330001 3.41464
2340001 3.41558
2350001 3.41994
2360001 3.41557
2370001 3.41545
2380001 3.41546
2390001 3.40982
2400001 3.41207
2410001 3.41294
2420001 3.41422
2430001 3.41151
2440001 3.41164
2450001 3.41239
2460001 3.41446
2470001 3.41236
2480001 3.41308
2490001 3.41266
2500001 3.4166
2510001 3.41503
2520001 3.41288
2530001 3.41149
2540001 3.41102
2550001 3.40947
2560001 3.41553
2570001 3.4121
2580001 3.41141
2590001 3.4125
2600001 3.40826
2610001 3.4121
2620001 3.40874
2630001 3.41029
2640001 3.40838
2650001 3.41014
2660001 3.40721
2670001 3.41334
2680001 3.41048
2690001 3.41242
2700001 3.4117
2710001 3.41213
2720001 3.41164
2730001 3.41082
2740001 3.41015
2750001 3.40935
2760001 3.41116
2770001 3.41324
2780001 3.412
2790001 3.41401
2800001 3.40686
2810001 3.41112
2820001 3.41322
2830001 3.41224
2840001 3.41591
2850001 3.40811
2860001 3.41254
2870001 3.40989
2880001 3.41711
2890001 3.40837
2900001 3.40967
2910001 3.40907
2920001 3.4066
2930001 3.4117
2940001 3.4125
2950001 3.40998
2960001 3.40994
2970001 3.40961
2980001 3.41065
2990001 3.41124
3000001 3.41034
3010001 3.41427
3020001 3.40821
3030001 3.41295
3040001 3.40886
3050001 3.41242
3060001 3.41221
3070001 3.4096
3080001 3.40639
3090001 3.40934
3100001 3.40905
3110001 3.41327
3120001 3.4124
3130001 3.4104
3140001 3.41132
3150001 3.40835
3160001 3.4081
3170001 3.41237
3180001 3.40779
3190001 3.40955
3200001 3.40801
3210001 3.40859
3220001 3.40966
3230001 3.41444
3240001 3.40682
3250001 3.40963
3260001 3.40799
3270001 3.40842
3280001 3.41157
3290001 3.41391
3300001 3.40735
3310001 3.4127
3320001 3.40718
3330001 3.40915
3340001 3.40727
3350001 3.40898
3360001 3.40594
3370001 3.41014
3380001 3.41259
3390001 3.40944
3400001 3.40507
3410001 3.40816
3420001 3.40718
3430001 3.40856
3440001 3.40791
3450001 3.40982
3460001 3.40629
3470001 3.40729
3480001 3.41083
3490001 3.40917
3500001 3.40899
3510001 3.40998
3520001 3.40511
3530001 3.4067
3540001 3.41082
3550001 3.40889
3560001 3.40743
3570001 3.40721
3580001 3.40866
3590001 3.40835
3600001 3.4089
3610001 3.40886
3620001 3.40668
3630001 3.40776
3640001 3.41036
3650001 3.40863
3660001 3.4062
3670001 3.40813
3680001 3.40422
3690001 3.40913
3700001 3.40413
3710001 3.41007
3720001 3.40727
3730001 3.40638
3740001 3.4065
3750001 3.41007
3760001 3.40857
3770001 3.40997
3780001 3.40939
3790001 3.4074
3800001 3.40979
3810001 3.40568
3820001 3.40713
3830001 3.40575
3840001 3.41018
3850001 3.4048
3860001 3.40539
3870001 3.40592
3880001 3.40576
3890001 3.40553
3900001 3.40621
3910001 3.4091
3920001 3.41013
3930001 3.40786
3940001 3.40589
3950001 3.40679
3960001 3.40798
3970001 3.40402
3980001 3.40837
3990001 3.40804
4000001 3.4094
4010001 3.40585
4020001 3.40726
4030001 3.40785
4040001 3.41042
4050001 3.40341
4060001 3.40522
4070001 3.40511
4080001 3.40604
4090001 3.40848
4100001 3.40591
4110001 3.40534
4120001 3.40923
4130001 3.40579
4140001 3.40756
4150001 3.40863
4160001 3.40423
4170001 3.40685
4180001 3.40554
4190001 3.40575
4200001 3.40567
4210001 3.40618
4220001 3.40401
4230001 3.40352
4240001 3.41091
4250001 3.40906
4260001 3.40475
4270001 3.40485
4280001 3.40605
4290001 3.40785
4300001 3.40852
4310001 3.40362
4320001 3.4064
4330001 3.40523
4340001 3.40916
4350001 3.40481
4360001 3.40695
4370001 3.40552
4380001 3.40495
4390001 3.40389
4400001 3.40538
4410001 3.40857
4420001 3.40743
4430001 3.40496
4440001 3.4008
4450001 3.40771
4460001 3.40617
4470001 3.40403
4480001 3.40681
4490001 3.40669
4500001 3.4063
4510001 3.4048
4520001 3.40868
4530001 3.40469
4540001 3.40468
4550001 3.41015
4560001 3.40439
4570001 3.40433
4580001 3.40455
4590001 3.40473
4600001 3.40643
4610001 3.40333
4620001 3.40352
4630001 3.40368
4640001 3.4069
4650001 3.40708
4660001 3.4053
4670001 3.40293
4680001 3.40589
4690001 3.40634
4700001 3.40677
4710001 3.40643
4720001 3.40799
4730001 3.40662
4740001 3.40443
4750001 3.40337
4760001 3.4067
4770001 3.40312
4780001 3.40709
4790001 3.40443
4800001 3.40406
4810001 3.40472
4820001 3.40245
4830001 3.40607
4840001 3.40729
4850001 3.40501
4860001 3.40364
4870001 3.40734
4880001 3.40638
4890001 3.40496
4900001 3.40596
4910001 3.4045
4920001 3.41131
4930001 3.40458
4940001 3.40949
4950001 3.40495
4960001 3.40762
4970001 3.40462
4980001 3.40449
4990001 3.40708
5000001 3.40595
5010001 3.40547
5020001 3.40561
5030001 3.40833
5040001 3.40532
5050001 3.40553
5060001 3.40705
5070001 3.4054
5080001 3.40925
5090001 3.40572
5100001 3.40444
5110001 3.4085
5120001 3.4056
5130001 3.40708
5140001 3.40582
5150001 3.40336
5160001 3.40278
5170001 3.40547
5180001 3.40541
5190001 3.40414
5200001 3.40448
5210001 3.40522
5220001 3.40431
5230001 3.40443
5240001 3.40548
5250001 3.40641
5260001 3.4081
5270001 3.40565
5280001 3.40575
5290001 3.40272
5300001 3.40299
5310001 3.40264
5320001 3.4028
5330001 3.40615
5340001 3.40597
5350001 3.40543
5360001 3.40228
5370001 3.40461
5380001 3.4066
5390001 3.40641
5400001 3.40326
5410001 3.40849
5420001 3.40384
5430001 3.40891
5440001 3.40577
5450001 3.40827
5460001 3.40631
5470001 3.40597
5480001 3.40508
5490001 3.40751
5500001 3.40643
5510001 3.40263
5520001 3.40483
5530001 3.40191
5540001 3.40309
5550001 3.40614
5560001 3.40872
5570001 3.40381
5580001 3.4053
5590001 3.40143
5600001 3.40369
5610001 3.40466
5620001 3.40341
5630001 3.40906
5640001 3.4037
5650001 3.40285
5660001 3.40443
5670001 3.404
5680001 3.40178
5690001 3.40562
5700001 3.40591
5710001 3.40699
5720001 3.40184
5730001 3.40807
5740001 3.4056
5750001 3.40309
5760001 3.40799
5770001 3.40125
5780001 3.40461
5790001 3.40221
5800001 3.40342
5810001 3.40416
5820001 3.40551
5830001 3.40613
5840001 3.4056
5850001 3.4029
5860001 3.40569
5870001 3.40524
5880001 3.40854
5890001 3.40278
5900001 3.40394
5910001 3.40234
5920001 3.40343
5930001 3.40477
5940001 3.40305
5950001 3.40609
5960001 3.4013
5970001 3.40271
5980001 3.4056
5990001 3.40549
6000001 3.40594
6010001 3.40638
6020001 3.4003
6030001 3.4031
6040001 3.40457
6050001 3.40444
6060001 3.4057
6070001 3.40677
6080001 3.4059
6090001 3.40125
6100001 3.40311
6110001 3.40584
6120001 3.40522
6130001 3.40618
6140001 3.40491
6150001 3.40686
6160001 3.40457
6170001 3.40147
6180001 3.40466
6190001 3.40764
6200001 3.40253
6210001 3.40595
6220001 3.40794
6230001 3.40243
6240001 3.40318
6250001 3.40561
6260001 3.40278
6270001 3.40166
6280001 3.40088
6290001 3.40416
6300001 3.40304
6310001 3.40472
6320001 3.40443
6330001 3.40541
6340001 3.4036
6350001 3.40127
6360001 3.40506
6370001 3.40668
6380001 3.40384
6390001 3.40257
6400001 3.40634
6410001 3.40675
6420001 3.40346
6430001 3.40378
6440001 3.40253
6450001 3.40643
6460001 3.40603
6470001 3.40186
6480001 3.40456
6490001 3.40607
6500001 3.39899
6510001 3.40614
6520001 3.40205
6530001 3.40352
6540001 3.40563
6550001 3.401
6560001 3.40429
6570001 3.40298
6580001 3.4035
6590001 3.40097
6600001 3.40302
6610001 3.40898
6620001 3.40183
6630001 3.40094
6640001 3.40521
6650001 3.40413
6660001 3.40293
6670001 3.40228
6680001 3.40419
6690001 3.40723
6700001 3.40327
6710001 3.4043
6720001 3.40346
6730001 3.40404
6740001 3.40608
6750001 3.4072
6760001 3.40547
6770001 3.40559
6780001 3.40776
6790001 3.40127
6800001 3.40539
6810001 3.40383
6820001 3.40362
6830001 3.40094
6840001 3.40849
6850001 3.40486
6860001 3.40158
6870001 3.40462
6880001 3.40451
6890001 3.40483
6900001 3.40682
6910001 3.40426
6920001 3.40463
6930001 3.40234
6940001 3.40589
6950001 3.4017
6960001 3.40552
6970001 3.40544
6980001 3.40498
6990001 3.40504
7000001 3.40166
7010001 3.40219
7020001 3.40608
7030001 3.40387
7040001 3.4054
7050001 3.40352
7060001 3.40582
7070001 3.4045
7080001 3.4016
7090001 3.40469
7100001 3.40183
7110001 3.40591
7120001 3.40447
7130001 3.40538
7140001 3.40035
7150001 3.40512
7160001 3.40457
7170001 3.40436
7180001 3.40566
7190001 3.40382
7200001 3.40564
7210001 3.40458
7220001 3.40099
7230001 3.40026
7240001 3.40347
7250001 3.40262
7260001 3.40507
7270001 3.40306
7280001 3.40786
7290001 3.4043
7300001 3.40044
7310001 3.4032
7320001 3.40359
7330001 3.40426
7340001 3.40501
7350001 3.40338
7360001 3.40471
7370001 3.40179
7380001 3.40402
7390001 3.40183
7400001 3.40391
7410001 3.40126
7420001 3.4028
7430001 3.40351
7440001 3.40351
7450001 3.40536
7460001 3.40198
7470001 3.40443
7480001 3.40434
7490001 3.40442
7500001 3.40382
7510001 3.40534
7520001 3.40335
7530001 3.40528
7540001 3.40655
7550001 3.39943
7560001 3.40387
7570001 3.3983
7580001 3.40455
7590001 3.40561
7600001 3.40002
7610001 3.4015
7620001 3.40149
7630001 3.40309
7640001 3.40036
7650001 3.40553
7660001 3.40128
7670001 3.40418
7680001 3.4041
7690001 3.40673
7700001 3.40441
7710001 3.40685
7720001 3.40201
7730001 3.40209
7740001 3.40552
7750001 3.40111
7760001 3.40392
7770001 3.39953
7780001 3.40467
7790001 3.40341
7800001 3.40374
7810001 3.40398
7820001 3.40105
7830001 3.4054
7840001 3.40184
7850001 3.40295
7860001 3.40212
7870001 3.40238
7880001 3.40914
7890001 3.40703
7900001 3.40809
7910001 3.40037
7920001 3.40583
7930001 3.40353
7940001 3.401
7950001 3.40651
7960001 3.40258
7970001 3.40293
7980001 3.40439
7990001 3.40459
8000001 3.40228
8010001 3.40473
8020001 3.40202
8030001 3.40323
8040001 3.40373
8050001 3.40604
8060001 3.4032
8070001 3.40857
8080001 3.40627
8090001 3.40528
8100001 3.40378
8110001 3.40452
8120001 3.40515
8130001 3.40065
8140001 3.4029
8150001 3.40405
8160001 3.40381
8170001 3.40528
8180001 3.40127
8190001 3.40394
8200001 3.4039
8210001 3.4054
8220001 3.40155
8230001 3.40436
8240001 3.40003
8250001 3.40417
8260001 3.40209
8270001 3.40451
8280001 3.40398
8290001 3.40411
8300001 3.40234
8310001 3.40572
8320001 3.40379
8330001 3.40435
8340001 3.40046
8350001 3.40554
8360001 3.40352
8370001 3.40464
8380001 3.40484
8390001 3.40132
8400001 3.40405
8410001 3.40557
8420001 3.4046
8430001 3.40437
8440001 3.4045
8450001 3.40131
8460001 3.40483
8470001 3.40035
8480001 3.40509
8490001 3.40233
8500001 3.40666
8510001 3.40184
8520001 3.40181
8530001 3.40415
8540001 3.4052
8550001 3.4073
8560001 3.40081
8570001 3.40076
8580001 3.4027
8590001 3.40115
8600001 3.40667
8610001 3.40308
8620001 3.40212
8630001 3.40733
8640001 3.40529
8650001 3.40335
8660001 3.40462
8670001 3.40287
8680001 3.40575
8690001 3.40557
8700001 3.40494
8710001 3.40262
8720001 3.40233
8730001 3.40351
8740001 3.40854
8750001 3.40494
8760001 3.40157
8770001 3.40315
8780001 3.40327
8790001 3.40105
8800001 3.40278
8810001 3.40397
8820001 3.40183
8830001 3.40329
8840001 3.40472
8850001 3.40395
8860001 3.40336
8870001 3.4055
8880001 3.40381
8890001 3.40439
8900001 3.40572
8910001 3.40621
8920001 3.40277
8930001 3.40293
8940001 3.40412
8950001 3.40809
8960001 3.40405
8970001 3.40003
8980001 3.40649
8990001 3.40066
9000001 3.407
9010001 3.40285
9020001 3.40378
9030001 3.40346
9040001 3.40288
9050001 3.4011
9060001 3.40143
9070001 3.4067
9080001 3.40102
9090001 3.40268
9100001 3.3995
9110001 3.40323
9120001 3.40256
9130001 3.40424
9140001 3.40162
9150001 3.40709
9160001 3.40392
9170001 3.40592
9180001 3.40325
9190001 3.40041
9200001 3.40613
9210001 3.40465
9220001 3.40609
9230001 3.40168
9240001 3.40623
9250001 3.40112
9260001 3.40467
9270001 3.40537
9280001 3.40231
9290001 3.4003
9300001 3.40537
9310001 3.40748
9320001 3.39934
9330001 3.40357
9340001 3.40126
9350001 3.404
9360001 3.40503
9370001 3.40282
9380001 3.40161
9390001 3.4029
9400001 3.40364
9410001 3.40413
9420001 3.40826
9430001 3.40541
9440001 3.40339
9450001 3.40141
9460001 3.40686
9470001 3.40415
9480001 3.40643
9490001 3.40378
9500001 3.4024
9510001 3.40462
9520001 3.40168
9530001 3.40241
9540001 3.40113
9550001 3.40468
9560001 3.40489
9570001 3.39935
9580001 3.40666
9590001 3.40075
9600001 3.4077
9610001 3.40495
9620001 3.40107
9630001 3.40416
9640001 3.40261
9650001 3.39556
9660001 3.40143
9670001 3.4021
9680001 3.40295
9690001 3.39816
9700001 3.40412
9710001 3.40146
9720001 3.40376
9730001 3.40333
9740001 3.40623
9750001 3.39966
9760001 3.40531
9770001 3.4066
9780001 3.40423
9790001 3.40627
9800001 3.40193
9810001 3.40226
9820001 3.39964
9830001 3.40209
9840001 3.40654
9850001 3.40147
9860001 3.40191
9870001 3.40044
9880001 3.40098
9890001 3.40217
9900001 3.4073
9910001 3.4069
9920001 3.40113
9930001 3.40418
9940001 3.40173
9950001 3.40097
9960001 3.39908
9970001 3.40211
9980001 3.40276
9990001 3.39954
