1 2187.01
10001 175.145
20001 101.655
30001 69.8589
40001 52.467
50001 41.0088
60001 33.3009
70001 27.9071
80001 23.8135
90001 20.6305
100001 18.1873
110001 16.2195
120001 14.611
130001 13.3204
140001 12.2135
150001 11.2961
160001 10.5367
170001 9.85647
180001 9.2673
190001 8.77119
200001 8.34414
210001 7.96989
220001 7.61693
230001 7.28633
240001 7.02422
250001 6.77462
260001 6.55156
270001 6.34972
280001 6.15739
290001 5.99646
300001 5.8485
310001 5.70856
320001 5.58443
330001 5.47431
340001 5.36421
350001 5.26582
360001 5.17438
370001 5.08442
380001 5.00666
390001 4.93562
400001 4.86869
410001 4.80561
420001 4.75191
430001 4.6879
440001 4.64678
450001 4.59385
460001 4.54787
470001 4.50949
480001 4.46179
490001 4.42886
500001 4.39107
510001 4.36263
520001 4.32586
530001 4.3016
540001 4.2775
550001 4.2412
560001 4.21755
570001 4.20338
580001 4.18457
590001 4.15498
600001 4.13318
610001 4.10778
620001 4.09592
630001 4.08036
640001 4.06297
650001 4.04411
660001 4.03056
670001 4.01428
680001 4.00723
690001 3.99068
700001 3.9753
710001 3.96604
720001 3.95301
730001 3.93038
740001 3.92299
750001 3.91767
760001 3.9109
770001 3.90122
780001 3.88996
790001 3.87856
800001 3.86752
810001 3.86299
820001 3.85285
830001 3.83917
840001 3.83995
850001 3.84115
860001 3.82606
870001 3.82395
880001 3.81639
890001 3.80628
900001 3.79762
910001 3.79758
920001 3.79323
930001 3.78519
940001 3.77638
950001 3.77746
960001 3.77014
970001 3.76004
980001 3.76194
990001 3.75195
1000001 3.75193
1010001 3.74444
1020001 3.73724
1030001 3.73778
1040001 3.73341
1050001 3.73692
1060001 3.72607
1070001 3.73013
1080001 3.72277
1090001 3.72145
1100001 3.7172
1110001 3.71598
1120001 3.7013
1130001 3.71225
1140001 3.6968
1150001 3.70357
1160001 3.69089
1170001 3.6982
1180001 3.69312
1190001 3.69638
1200001 3.68961
1210001 3.68589
1220001 3.68962
1230001 3.67607
1240001 3.67751
1250001 3.67725
1260001 3.67312
1270001 3.67367
1280001 3.6705
1290001 3.66501
1300001 3.66547
1310001 3.66429
1320001 3.66113
1330001 3.65311
1340001 3.65793
1350001 3.65398
1360001 3.65566
1370001 3.65623
1380001 3.65091
1390001 3.65047
1400001 3.64291
1410001 3.64804
1420001 3.64308
1430001 3.64421
1440001 3.6403
1450001 3.65134
1460001 3.64364
1470001 3.63948
1480001 3.63589
1490001 3.6362
1500001 3.63985
1510001 3.63247
1520001 3.63551
1530001 3.6288
1540001 3.62517
1550001 3.63771
1560001 3.63133
1570001 3.63083
1580001 3.62882
1590001 3.62074
1600001 3.62644
1610001 3.62174
1620001 3.61437
1630001 3.61807
1640001 3.62575
1650001 3.62179
1660001 3.61609
1670001 3.61831
1680001 3.61679
1690001 3.62009
1700001 3.61988
1710001 3.61906
1720001 3.6184
1730001 3.61479
1740001 3.61228
1750001 3.60971
1760001 3.60562
1770001 3.61268
1780001 3.60748
1790001 3.61694
1800001 3.60641
1810001 3.61137
1820001 3.6038
1830001 3.60669
1840001 3.60763
1850001 3.60529
1860001 3.59953
1870001 3.61109
1880001 3.60556
1890001 3.60197
1900001 3.60454
1910001 3.60187
1920001 3.5987
1930001 3.59561
1940001 3.60224
1950001 3.59848
1960001 3.60071
1970001 3.60207
1980001 3.60139
1990001 3.60311
2000001 3.59869
2010001 3.60057
2020001 3.60064
2030001 3.59249
2040001 3.60203
2050001 3.58784
2060001 3.5968
2070001 3.60056
2080001 3.58635
2090001 3.5957
2100001 3.59511
2110001 3.60138
2120001 3.59073
2130001 3.5922
2140001 3.59398
2150001 3.59416
2160001 3.58646
2170001 3.5901
2180001 3.58619
2190001 3.58624
2200001 3.58891
2210001 3.58841
2220001 3.60182
2230001 3.59304
2240001 3.58608
2250001 3.58349
2260001 3.59331
2270001 3.58802
2280001 3.5917
2290001 3.58904
2300001 3.58749
2310001 3.58171
2320001 3.58452
2330001 3.59324
2340001 3.59115
2350001 3.5896
2360001 3.58583
2370001 3.59602
2380001 3.59106
2390001 3.58424
2400001 3.57817
2410001 3.5821
2420001 3.5855
2430001 3.57756
2440001 3.5825
2450001 3.58809
2460001 3.58654
2470001 3.58097
2480001 3.57684
2490001 3.58448
2500001 3.58662
2510001 3.58337
2520001 3.58616
2530001 3.57964
2540001 3.58782
2550001 3.58271
2560001 3.59047
2570001 3.58355
2580001 3.577
2590001 3.58047
2600001 3.57989
2610001 3.58257
2620001 3.57948
2630001 3.58014
2640001 3.57473
2650001 3.58048
2660001 3.57283
2670001 3.57971
2680001 3.57903
2690001 3.57796
2700001 3.58177
2710001 3.58249
2720001 3.57887
2730001 3.57481
2740001 3.58041
2750001 3.5776
2760001 3.57994
2770001 3.57941
2780001 3.57518
2790001 3.57824
2800001 3.57095
2810001 3.57474
2820001 3.58072
2830001 3.57631
2840001 3.58135
2850001 3.58227
2860001 3.57308
2870001 3.57592
2880001 3.57401
2890001 3.57355
2900001 3.58003
2910001 3.57306
2920001 3.57942
2930001 3.58946
2940001 3.58172
2950001 3.58096
2960001 3.57182
2970001 3.57918
2980001 3.5845
2990001 3.58301
3000001 3.56802
3010001 3.57604
3020001 3.57866
3030001 3.58111
3040001 3.57526
3050001 3.58106
3060001 3.57344
3070001 3.57744
3080001 3.56972
3090001 3.57844
3100001 3.5746
3110001 3.57876
3120001 3.57852
3130001 3.58119
3140001 3.58491
3150001 3.5755
3160001 3.57654
3170001 3.58034
3180001 3.56885
3190001 3.57443
3200001 3.57014
3210001 3.57624
3220001 3.57716
3230001 3.5824
3240001 3.57232
3250001 3.57526
3260001 3.57534
3270001 3.57685
3280001 3.5765
3290001 3.57122
3300001 3.57015
3310001 3.574
3320001 3.57142
3330001 3.57762
3340001 3.5675
3350001 3.57133
3360001 3.57333
3370001 3.57488
3380001 3.573
3390001 3.57232
3400001 3.57147
3410001 3.57
3420001 3.57441
3430001 3.56983
3440001 3.57104
3450001 3.57121
3460001 3.56488
3470001 3.56934
3480001 3.56852
3490001 3.56995
3500001 3.56436
3510001 3.57497
3520001 3.56505
3530001 3.57573
3540001 3.57895
3550001 3.57297
3560001 3.56907
3570001 3.57401
3580001 3.57219
3590001 3.57073
3600001 3.57809
3610001 3.57231
3620001 3.5638
3630001 3.57061
3640001 3.57611
3650001 3.57149
3660001 3.57777
3670001 3.57566
3680001 3.56451
3690001 3.57374
3700001 3.5734
3710001 3.57232
3720001 3.57954
3730001 3.57323
3740001 3.57036
3750001 3.57686
3760001 3.57604
3770001 3.56866
3780001 3.57197
3790001 3.57607
3800001 3.57251
3810001 3.56856
3820001 3.57248
3830001 3.56965
3840001 3.57783
3850001 3.57228
3860001 3.57623
3870001 3.56632
3880001 3.57473
3890001 3.56634
3900001 3.57215
3910001 3.58104
3920001 3.57119
3930001 3.57232
3940001 3.56941
3950001 3.5746
3960001 3.57319
3970001 3.56446
3980001 3.57866
3990001 3.57143
4000001 3.56833
4010001 3.56982
4020001 3.56924
4030001 3.57546
4040001 3.57449
4050001 3.56397
4060001 3.57455
4070001 3.57036
4080001 3.56705
4090001 3.57163
4100001 3.56971
4110001 3.57191
4120001 3.57499
4130001 3.56847
4140001 3.57147
4150001 3.57445
4160001 3.57292
4170001 3.57236
4180001 3.56959
4190001 3.57395
4200001 3.57163
4210001 3.57046
4220001 3.56655
4230001 3.56418
4240001 3.57509
4250001 3.576
4260001 3.5676
4270001 3.56441
4280001 3.56573
4290001 3.57221
4300001 3.57515
4310001 3.56288
4320001 3.57123
4330001 3.56293
4340001 3.57404
4350001 3.56329
4360001 3.57336
4370001 3.57228
4380001 3.56087
4390001 3.56731
4400001 3.56949
4410001 3.57617
4420001 3.57462
4430001 3.56345
4440001 3.57042
4450001 3.56616
4460001 3.56754
4470001 3.56815
4480001 3.56137
4490001 3.57261
4500001 3.56546
4510001 3.5653
4520001 3.57175
4530001 3.57078
4540001 3.56826
4550001 3.57678
4560001 3.56512
4570001 3.56422
4580001 3.56177
4590001 3.56076
4600001 3.57219
4610001 3.5672
4620001 3.56734
4630001 3.57003
4640001 3.57059
4650001 3.57057
4660001 3.56113
4670001 3.56323
4680001 3.5666
4690001 3.57251
4700001 3.56475
4710001 3.57141
4720001 3.57434
4730001 3.5773
4740001 3.56415
4750001 3.55971
4760001 3.56897
4770001 3.56945
4780001 3.56753
4790001 3.56602
4800001 3.57064
4810001 3.56712
4820001 3.56458
4830001 3.5675
4840001 3.56758
4850001 3.57406
4860001 3.56632
4870001 3.56301
4880001 3.57039
4890001 3.5676
4900001 3.57102
4910001 3.56957
4920001 3.57527
4930001 3.56589
4940001 3.57647
4950001 3.57222
4960001 3.57214
4970001 3.56758
4980001 3.5689
4990001 3.56235
5000001 3.57821
5010001 3.56728
5020001 3.56791
5030001 3.56925
5040001 3.57166
5050001 3.57078
5060001 3.56773
5070001 3.56855
5080001 3.57322
5090001 3.57225
5100001 3.56732
5110001 3.56582
5120001 3.56788
5130001 3.56859
5140001 3.56694
5150001 3.56949
5160001 3.56544
5170001 3.56637
5180001 3.56717
5190001 3.56868
5200001 3.56664
5210001 3.56868
5220001 3.56763
5230001 3.57491
5240001 3.56511
5250001 3.56329
5260001 3.57323
5270001 3.57022
5280001 3.57018
5290001 3.56397
5300001 3.56946
5310001 3.56656
5320001 3.56648
5330001 3.56624
5340001 3.57137
5350001 3.56944
5360001 3.56816
5370001 3.56704
5380001 3.5684
5390001 3.56478
5400001 3.55993
5410001 3.56859
5420001 3.57357
5430001 3.56944
5440001 3.56796
5450001 3.56633
5460001 3.56706
5470001 3.56856
5480001 3.56599
5490001 3.56855
5500001 3.56874
5510001 3.56289
5520001 3.57079
5530001 3.56567
5540001 3.56312
5550001 3.57513
5560001 3.57191
5570001 3.57027
5580001 3.56368
5590001 3.56376
5600001 3.56675
5610001 3.56571
5620001 3.56445
5630001 3.57125
5640001 3.56122
5650001 3.56865
5660001 3.56789
5670001 3.57426
5680001 3.57137
5690001 3.57109
5700001 3.56214
5710001 3.56877
5720001 3.56489
5730001 3.57497
5740001 3.561
5750001 3.56695
5760001 3.57411
5770001 3.56367
5780001 3.57268
5790001 3.57497
5800001 3.56634
5810001 3.57203
5820001 3.5699
5830001 3.57404
5840001 3.56578
5850001 3.56598
5860001 3.57394
5870001 3.55895
5880001 3.56905
5890001 3.5639
5900001 3.5659
5910001 3.56571
5920001 3.56512
5930001 3.5635
5940001 3.56281
5950001 3.56888
5960001 3.56426
5970001 3.55883
5980001 3.56472
5990001 3.5716
6000001 3.56754
6010001 3.56812
6020001 3.5614
6030001 3.569
6040001 3.56565
6050001 3.56523
6060001 3.5656
6070001 3.56047
6080001 3.5724
6090001 3.56546
6100001 3.56809
6110001 3.57289
6120001 3.56951
6130001 3.56668
6140001 3.57011
6150001 3.57267
6160001 3.57297
6170001 3.56422
6180001 3.56755
6190001 3.56714
6200001 3.55863
6210001 3.56985
6220001 3.57198
6230001 3.56824
6240001 3.57091
6250001 3.56582
6260001 3.57051
6270001 3.56653
6280001 3.56818
6290001 3.56594
6300001 3.5664
6310001 3.5699
6320001 3.5661
6330001 3.57381
6340001 3.55866
6350001 3.5603
6360001 3.56956
6370001 3.57542
6380001 3.56467
6390001 3.56382
6400001 3.56792
6410001 3.56291
6420001 3.55659
6430001 3.56711
6440001 3.56777
6450001 3.5678
6460001 3.56673
6470001 3.57244
6480001 3.56716
6490001 3.56877
6500001 3.5561
6510001 3.57136
6520001 3.56238
6530001 3.57236
6540001 3.56396
6550001 3.56039
6560001 3.56658
6570001 3.55902
6580001 3.56317
6590001 3.55818
6600001 3.56343
6610001 3.57376
6620001 3.5638
6630001 3.56754
6640001 3.56494
6650001 3.56872
6660001 3.56626
6670001 3.56965
6680001 3.56557
6690001 3.56963
6700001 3.57378
6710001 3.57202
6720001 3.5614
6730001 3.5694
6740001 3.56605
6750001 3.56888
6760001 3.5708
6770001 3.57382
6780001 3.57103
6790001 3.56283
6800001 3.5715
6810001 3.5644
6820001 3.56173
6830001 3.56951
6840001 3.56996
6850001 3.57077
6860001 3.56121
6870001 3.56815
6880001 3.56769
6890001 3.56178
6900001 3.57076
6910001 3.56624
6920001 3.56348
6930001 3.56285
6940001 3.57028
6950001 3.56579
6960001 3.56984
6970001 3.56588
6980001 3.56628
6990001 3.56199
7000001 3.56728
7010001 3.56159
7020001 3.56681
7030001 3.56385
7040001 3.56923
7050001 3.5683
7060001 3.57015
7070001 3.56412
7080001 3.55748
7090001 3.56553
7100001 3.56119
7110001 3.56826
7120001 3.56243
7130001 3.57422
7140001 3.55906
7150001 3.56917
7160001 3.56972
7170001 3.56728
7180001 3.56526
7190001 3.56114
7200001 3.57068
7210001 3.57096
7220001 3.56805
7230001 3.56942
7240001 3.55873
7250001 3.56775
7260001 3.57281
7270001 3.55957
7280001 3.56666
7290001 3.57058
7300001 3.56402
7310001 3.56758
7320001 3.56488
7330001 3.5707
7340001 3.56758
7350001 3.56398
7360001 3.56691
7370001 3.56675
7380001 3.56236
7390001 3.56455
7400001 3.56855
7410001 3.56446
7420001 3.57063
7430001 3.56196
7440001 3.56148
7450001 3.56847
7460001 3.56578
7470001 3.56386
7480001 3.56683
7490001 3.56412
7500001 3.57108
7510001 3.56504
7520001 3.56688
7530001 3.5647
7540001 3.56845
7550001 3.56155
7560001 3.55948
7570001 3.56287
7580001 3.562
7590001 3.56418
7600001 3.56512
7610001 3.56083
7620001 3.56367
7630001 3.56705
7640001 3.56486
7650001 3.56839
7660001 3.56348
7670001 3.57504
7680001 3.56856
7690001 3.57053
7700001 3.56416
7710001 3.57147
7720001 3.56278
7730001 3.56196
7740001 3.5677
7750001 3.56306
7760001 3.56514
7770001 3.56277
7780001 3.56747
7790001 3.56305
7800001 3.56699
7810001 3.5722
7820001 3.56178
7830001 3.56789
7840001 3.55732
7850001 3.56106
7860001 3.56808
7870001 3.5629
7880001 3.56771
7890001 3.56625
7900001 3.56535
7910001 3.56263
7920001 3.56263
7930001 3.56461
7940001 3.56419
7950001 3.57748
7960001 3.57105
7970001 3.56595
7980001 3.56817
7990001 3.56792
8000001 3.5632
8010001 3.56346
8020001 3.56227
8030001 3.56625
8040001 3.56728
8050001 3.5652
8060001 3.57195
8070001 3.57005
8080001 3.57061
8090001 3.56256
8100001 3.56585
8110001 3.56917
8120001 3.5645
8130001 3.56946
8140001 3.55928
8150001 3.56014
8160001 3.56704
8170001 3.56322
8180001 3.56649
8190001 3.56117
8200001 3.56639
8210001 3.5646
8220001 3.56709
8230001 3.56612
8240001 3.56496
8250001 3.56379
8260001 3.56475
8270001 3.56752
8280001 3.56705
8290001 3.56441
8300001 3.57047
8310001 3.56839
8320001 3.56355
8330001 3.56568
8340001 3.5646
8350001 3.57026
8360001 3.56299
8370001 3.57214
8380001 3.56302
8390001 3.55957
8400001 3.5599
8410001 3.56556
8420001 3.56548
8430001 3.56711
8440001 3.5662
8450001 3.55925
8460001 3.57448
8470001 3.56002
8480001 3.56762
8490001 3.56734
8500001 3.56286
8510001 3.56462
8520001 3.5628
8530001 3.56415
8540001 3.57266
8550001 3.5741
8560001 3.56186
8570001 3.56505
8580001 3.56369
8590001 3.56353
8600001 3.57349
8610001 3.56595
8620001 3.56441
8630001 3.56143
8640001 3.56088
8650001 3.56579
8660001 3.56207
8670001 3.55997
8680001 3.56888
8690001 3.56381
8700001 3.57589
8710001 3.56543
8720001 3.56339
8730001 3.56312
8740001 3.57317
8750001 3.56754
8760001 3.56258
8770001 3.56606
8780001 3.57423
8790001 3.56055
8800001 3.56812
8810001 3.56785
8820001 3.56769
8830001 3.56905
8840001 3.56645
8850001 3.56059
8860001 3.5605
8870001 3.56323
8880001 3.56841
8890001 3.56759
8900001 3.5693
8910001 3.56447
8920001 3.56979
8930001 3.56412
8940001 3.56226
8950001 3.57167
8960001 3.56274
8970001 3.56794
8980001 3.56728
8990001 3.56224
9000001 3.56873
9010001 3.56403
9020001 3.56773
9030001 3.56877
9040001 3.56226
9050001 3.56528
9060001 3.56385
9070001 3.57128
9080001 3.56051
9090001 3.56245
9100001 3.56504
9110001 3.56425
9120001 3.56308
9130001 3.56657
9140001 3.56019
9150001 3.56963
9160001 3.5606
9170001 3.5685
9180001 3.56339
9190001 3.56682
9200001 3.56441
9210001 3.56689
9220001 3.56161
9230001 3.55832
9240001 3.56616
9250001 3.56285
9260001 3.57348
9270001 3.56667
9280001 3.56363
9290001 3.55884
9300001 3.56278
9310001 3.57148
9320001 3.55962
9330001 3.56402
9340001 3.57084
9350001 3.55907
9360001 3.56506
9370001 3.56951
9380001 3.55902
9390001 3.56066
9400001 3.56509
9410001 3.5737
9420001 3.5706
9430001 3.56726
9440001 3.56178
9450001 3.56466
9460001 3.5655
9470001 3.56765
9480001 3.56925
9490001 3.56132
9500001 3.56229
9510001 3.56899
9520001 3.56403
9530001 3.55997
9540001 3.56419
9550001 3.56658
9560001 3.56684
9570001 3.56036
9580001 3.56969
9590001 3.56438
9600001 3.56585
9610001 3.56446
9620001 3.56876
9630001 3.56557
9640001 3.56105
9650001 3.557
9660001 3.56258
9670001 3.56436
9680001 3.56294
9690001 3.56851
9700001 3.56102
9710001 3.56322
9720001 3.56637
9730001 3.56522
9740001 3.5675
9750001 3.56171
9760001 3.56529
9770001 3.56457
9780001 3.56737
9790001 3.56351
9800001 3.56089
9810001 3.56853
9820001 3.55592
9830001 3.56582
9840001 3.56675
9850001 3.57392
9860001 3.56504
9870001 3.56201
9880001 3.56415
9890001 3.56185
9900001 3.57592
9910001 3.57317
9920001 3.5613
9930001 3.57359
9940001 3.56191
9950001 3.56723
9960001 3.55857
9970001 3.56007
9980001 3.56311
9990001 3.56807
