1 31.2828
10001 8.84844
20001 5.93829
30001 4.58522
40001 3.81863
50001 3.33499
60001 3.00277
70001 2.75812
80001 2.56881
90001 2.41588
100001 2.28935
110001 2.18231
120001 2.08954
130001 2.00826
140001 1.93631
150001 1.87192
160001 1.81359
170001 1.7607
180001 1.71215
190001 1.66747
200001 1.62614
210001 1.58778
220001 1.55198
230001 1.51847
240001 1.48703
250001 1.45747
260001 1.4295
270001 1.40314
280001 1.37818
290001 1.35451
300001 1.33201
310001 1.3106
320001 1.2902
330001 1.27073
340001 1.25217
350001 1.23442
360001 1.21742
370001 1.20116
380001 1.18557
390001 1.17061
400001 1.15624
410001 1.14242
420001 1.12915
430001 1.11641
440001 1.10405
450001 1.09218
460001 1.08077
470001 1.06975
480001 1.05913
490001 1.04885
500001 1.03895
510001 1.02933
520001 1.02007
530001 1.01109
540001 1.00242
550001 0.99401
560001 0.985872
570001 0.977956
580001 0.970295
590001 0.962918
600001 0.955726
610001 0.948739
620001 0.941968
630001 0.935416
640001 0.929051
650001 0.922865
660001 0.916883
670001 0.911046
680001 0.905388
690001 0.899841
700001 0.894491
710001 0.889262
720001 0.884216
730001 0.879278
740001 0.874471
750001 0.869795
760001 0.865227
770001 0.860781
780001 0.856482
790001 0.85228
800001 0.848176
810001 0.844197
820001 0.840323
830001 0.836489
840001 0.832784
850001 0.82919
860001 0.825662
870001 0.822231
880001 0.818934
890001 0.81568
900001 0.812507
910001 0.809405
920001 0.806407
930001 0.803424
940001 0.800535
950001 0.797697
960001 0.794969
970001 0.7923
980001 0.789659
990001 0.787101
1000001 0.784588
1010001 0.782172
1020001 0.779794
1030001 0.777484
1040001 0.775231
1050001 0.772989
1060001 0.770809
1070001 0.768685
1080001 0.766601
1090001 0.76455
1100001 0.762602
1110001 0.760663
1120001 0.758725
1130001 0.756889
1140001 0.755068
1150001 0.753258
1160001 0.751522
1170001 0.749805
1180001 0.748158
1190001 0.746539
1200001 0.744923
1210001 0.743371
1220001 0.741869
1230001 0.740358
1240001 0.738886
1250001 0.737472
1260001 0.736085
1270001 0.734714
1280001 0.733347
1290001 0.732033
1300001 0.730728
1310001 0.72948
1320001 0.728244
1330001 0.727044
1340001 0.725895
1350001 0.724717
1360001 0.723582
1370001 0.722463
1380001 0.721362
1390001 0.720277
1400001 0.719231
1410001 0.718195
1420001 0.717212
1430001 0.716238
1440001 0.71529
1450001 0.714369
1460001 0.713442
1470001 0.712521
1480001 0.71164
1490001 0.710774
1500001 0.709928
1510001 0.709102
1520001 0.708315
1530001 0.707481
1540001 0.706698
1550001 0.70592
1560001 0.705162
1570001 0.704433
1580001 0.703715
1590001 0.703015
1600001 0.702305
1610001 0.701616
1620001 0.700937
1630001 0.700265
1640001 0.699618
1650001 0.698976
1660001 0.698369
1670001 0.697763
1680001 0.697178
1690001 0.696554
1700001 0.69601
1710001 0.695422
1720001 0.69489
1730001 0.694375
1740001 0.69385
1750001 0.693348
1760001 0.692848
1770001 0.692339
1780001 0.691873
1790001 0.691388
1800001 0.690921
1810001 0.690462
1820001 0.689994
1830001 0.689542
1840001 0.68914
1850001 0.688676
1860001 0.688271
1870001 0.68786
1880001 0.687451
1890001 0.68705
1900001 0.68669
1910001 0.686317
1920001 0.685954
1930001 0.685577
1940001 0.68522
1950001 0.684872
1960001 0.684556
1970001 0.684218
1980001 0.683869
1990001 0.683552
2000001 0.683228
2010001 0.682907
2020001 0.682588
2030001 0.682299
2040001 0.681991
2050001 0.681727
2060001 0.681441
2070001 0.681187
2080001 0.680904
2090001 0.680635
2100001 0.680379
2110001 0.680134
2120001 0.679876
2130001 0.679649
2140001 0.679369
2150001 0.679147
2160001 0.679023
2170001 0.678732
2180001 0.678511
2190001 0.678272
2200001 0.678036
2210001 0.677808
2220001 0.677626
2230001 0.677437
2240001 0.677244
2250001 0.677059
2260001 0.676856
2270001 0.676676
2280001 0.676509
2290001 0.676337
2300001 0.676156
2310001 0.675962
2320001 0.675776
2330001 0.675665
2340001 0.675516
2350001 0.675343
2360001 0.675207
2370001 0.675072
2380001 0.674887
2390001 0.674778
2400001 0.674666
2410001 0.67454
2420001 0.674424
2430001 0.674293
2440001 0.674169
2450001 0.674043
2460001 0.673932
2470001 0.673821
2480001 0.673693
2490001 0.673572
2500001 0.673493
2510001 0.673402
2520001 0.673286
2530001 0.673183
2540001 0.673083
2550001 0.672993
2560001 0.672899
2570001 0.672784
2580001 0.672684
2590001 0.672602
2600001 0.672506
2610001 0.672472
2620001 0.672364
2630001 0.672263
2640001 0.6722
2650001 0.672116
2660001 0.672033
2670001 0.671995
2680001 0.671939
2690001 0.671866
2700001 0.671819
2710001 0.67175
2720001 0.671681
2730001 0.671598
2740001 0.671531
2750001 0.671474
2760001 0.671448
2770001 0.671372
2780001 0.671343
2790001 0.671273
2800001 0.671241
2810001 0.671168
2820001 0.671135
2830001 0.671117
2840001 0.671088
2850001 0.671052
2860001 0.670994
2870001 0.670939
2880001 0.67092
2890001 0.670886
2900001 0.670853
2910001 0.670852
2920001 0.670814
2930001 0.670789
2940001 0.670743
2950001 0.670699
2960001 0.6707
2970001 0.670638
2980001 0.67064
2990001 0.670651
3000001 0.670624
3010001 0.670566
3020001 0.670597
3030001 0.670572
3040001 0.670528
3050001 0.670506
3060001 0.670537
3070001 0.670511
3080001 0.670543
3090001 0.670551
3100001 0.670539
3110001 0.670513
3120001 0.670497
3130001 0.670508
3140001 0.670508
3150001 0.670522
3160001 0.67049
3170001 0.67049
3180001 0.670507
3190001 0.670482
3200001 0.670465
3210001 0.670485
3220001 0.670506
3230001 0.670514
3240001 0.670527
3250001 0.670517
3260001 0.670549
3270001 0.670541
3280001 0.670525
3290001 0.670563
3300001 0.670594
3310001 0.670613
3320001 0.670597
3330001 0.670613
3340001 0.67061
3350001 0.670609
3360001 0.670618
3370001 0.670636
3380001 0.670679
3390001 0.670704
3400001 0.670712
3410001 0.670775
3420001 0.670815
3430001 0.670849
3440001 0.670893
3450001 0.670906
3460001 0.670944
3470001 0.670956
3480001 0.670979
3490001 0.671006
3500001 0.671028
3510001 0.671048
3520001 0.67107
3530001 0.671072
3540001 0.671102
3550001 0.671109
3560001 0.671152
3570001 0.671171
3580001 0.671227
3590001 0.671252
3600001 0.671301
3610001 0.671315
3620001 0.671379
3630001 0.671416
3640001 0.671443
3650001 0.671478
3660001 0.671505
3670001 0.671552
3680001 0.671586
3690001 0.67162
3700001 0.671669
3710001 0.671691
3720001 0.671751
3730001 0.671822
3740001 0.671832
3750001 0.671846
3760001 0.671919
3770001 0.671954
3780001 0.671986
3790001 0.672005
3800001 0.672064
3810001 0.672119
3820001 0.672166
3830001 0.672203
3840001 0.672242
3850001 0.672254
3860001 0.672295
3870001 0.672307
3880001 0.672332
3890001 0.672351
3900001 0.672403
3910001 0.672455
3920001 0.672505
3930001 0.672558
3940001 0.672623
3950001 0.672657
3960001 0.672721
3970001 0.672741
3980001 0.672797
3990001 0.672832
4000001 0.672867
4010001 0.67293
4020001 0.672948
4030001 0.673012
4040001 0.673079
4050001 0.673113
4060001 0.673162
4070001 0.673248
4080001 0.673268
4090001 0.673318
4100001 0.673343
4110001 0.673399
4120001 0.673484
4130001 0.673542
4140001 0.673611
4150001 0.673646
4160001 0.673691
4170001 0.673741
4180001 0.673798
4190001 0.673881
4200001 0.673944
4210001 0.674004
4220001 0.674051
4230001 0.6741
4240001 0.674157
4250001 0.67423
4260001 0.67429
4270001 0.674344
4280001 0.6744
4290001 0.674439
4300001 0.674521
4310001 0.67459
4320001 0.674691
4330001 0.674721
4340001 0.674782
4350001 0.674846
4360001 0.67489
4370001 0.674931
4380001 0.675025
4390001 0.675085
4400001 0.675117
4410001 0.675178
4420001 0.675255
4430001 0.675299
4440001 0.675377
4450001 0.675431
4460001 0.675474
4470001 0.675528
4480001 0.675593
4490001 0.67566
4500001 0.675731
4510001 0.675795
4520001 0.675835
4530001 0.675909
4540001 0.675974
4550001 0.676046
4560001 0.676119
4570001 0.676157
4580001 0.676224
4590001 0.676292
4600001 0.676344
4610001 0.676401
4620001 0.676472
4630001 0.676562
4640001 0.676644
4650001 0.676698
4660001 0.676736
4670001 0.676805
4680001 0.676884
4690001 0.676938
4700001 0.676979
4710001 0.67703
4720001 0.677114
4730001 0.677169
4740001 0.677263
4750001 0.677303
4760001 0.677376
4770001 0.677443
4780001 0.677544
4790001 0.677599
4800001 0.677657
4810001 0.677722
4820001 0.677806
4830001 0.677858
4840001 0.677929
4850001 0.677975
4860001 0.67804
4870001 0.67812
4880001 0.678189
4890001 0.678261
4900001 0.678309
4910001 0.678358
4920001 0.678411
4930001 0.678504
4940001 0.678573
4950001 0.678616
4960001 0.678692
4970001 0.678765
4980001 0.67883
4990001 0.678891
5000001 0.678965
5010001 0.679027
5020001 0.679111
5030001 0.679185
5040001 0.679258
5050001 0.67931
5060001 0.679366
5070001 0.679446
5080001 0.679512
5090001 0.679596
5100001 0.679673
5110001 0.679735
5120001 0.679809
5130001 0.679888
5140001 0.679963
5150001 0.680027
5160001 0.680122
5170001 0.680193
5180001 0.680268
5190001 0.68034
5200001 0.680397
5210001 0.680434
5220001 0.680536
5230001 0.68061
5240001 0.68069
5250001 0.680756
5260001 0.680811
5270001 0.680886
5280001 0.680964
5290001 0.681009
5300001 0.681106
5310001 0.681176
5320001 0.681249
5330001 0.68132
5340001 0.681385
5350001 0.68143
5360001 0.681499
5370001 0.681565
5380001 0.681658
5390001 0.681727
5400001 0.681796
5410001 0.681842
5420001 0.681912
5430001 0.681982
5440001 0.68206
5450001 0.682115
5460001 0.682205
5470001 0.682258
5480001 0.68234
5490001 0.682405
5500001 0.682472
5510001 0.682529
5520001 0.682603
5530001 0.68268
5540001 0.682747
5550001 0.682841
5560001 0.682902
5570001 0.68298
5580001 0.683065
5590001 0.683124
5600001 0.683202
5610001 0.683313
5620001 0.683359
5630001 0.683435
5640001 0.683508
5650001 0.683567
5660001 0.683625
5670001 0.683713
5680001 0.683813
5690001 0.683874
5700001 0.683954
5710001 0.684017
5720001 0.684091
5730001 0.68415
5740001 0.684218
5750001 0.684287
5760001 0.684355
5770001 0.684428
5780001 0.684508
5790001 0.684589
5800001 0.684657
5810001 0.684715
5820001 0.684766
5830001 0.684867
5840001 0.68493
5850001 0.684996
5860001 0.685079
5870001 0.68514
5880001 0.685202
5890001 0.685305
5900001 0.68536
5910001 0.685461
5920001 0.685525
5930001 0.685552
5940001 0.685614
5950001 0.685707
5960001 0.68579
5970001 0.685876
5980001 0.685943
5990001 0.686004
6000001 0.686076
6010001 0.686139
6020001 0.686202
6030001 0.686274
6040001 0.686345
6050001 0.686444
6060001 0.68649
6070001 0.686571
6080001 0.686653
6090001 0.686712
6100001 0.686785
6110001 0.686849
6120001 0.686915
6130001 0.686992
6140001 0.687077
6150001 0.687156
6160001 0.687231
6170001 0.687258
6180001 0.687356
6190001 0.687421
6200001 0.687493
6210001 0.687586
6220001 0.687649
6230001 0.687719
6240001 0.687796
6250001 0.687878
6260001 0.687968
6270001 0.688036
6280001 0.688096
6290001 0.688168
6300001 0.68827
6310001 0.688348
6320001 0.688401
6330001 0.688479
6340001 0.688567
6350001 0.688661
6360001 0.688745
6370001 0.688813
6380001 0.688872
6390001 0.688965
6400001 0.689041
6410001 0.689094
6420001 0.689162
6430001 0.689253
6440001 0.689309
6450001 0.689377
6460001 0.689442
6470001 0.68954
6480001 0.68961
6490001 0.689661
6500001 0.689733
6510001 0.689797
6520001 0.689891
6530001 0.689987
6540001 0.690067
6550001 0.690164
6560001 0.690225
6570001 0.690338
6580001 0.690377
6590001 0.690458
6600001 0.69052
6610001 0.690615
6620001 0.690682
6630001 0.69074
6640001 0.690826
6650001 0.690896
6660001 0.690966
6670001 0.691028
6680001 0.691081
6690001 0.691139
6700001 0.69121
6710001 0.691277
6720001 0.691364
6730001 0.691448
6740001 0.691536
6750001 0.691603
6760001 0.691683
6770001 0.691765
6780001 0.691829
6790001 0.691899
6800001 0.691979
6810001 0.692057
6820001 0.692128
6830001 0.692204
6840001 0.692258
6850001 0.692342
6860001 0.692424
6870001 0.692481
6880001 0.692534
6890001 0.692586
6900001 0.692675
6910001 0.692758
6920001 0.692812
6930001 0.692906
6940001 0.692991
6950001 0.693057
6960001 0.693109
6970001 0.693202
6980001 0.693247
6990001 0.693352
7000001 0.693426
7010001 0.693523
7020001 0.693578
7030001 0.693639
7040001 0.693692
7050001 0.693782
7060001 0.69385
7070001 0.69392
7080001 0.693981
7090001 0.694078
7100001 0.694132
7110001 0.694205
7120001 0.694267
7130001 0.694333
7140001 0.694421
7150001 0.694522
7160001 0.694612
7170001 0.694671
7180001 0.694754
7190001 0.694804
7200001 0.694896
7210001 0.694988
7220001 0.695037
7230001 0.695098
7240001 0.695139
7250001 0.695206
7260001 0.695307
7270001 0.695381
7280001 0.69545
7290001 0.695524
7300001 0.695622
7310001 0.695701
7320001 0.695797
7330001 0.695855
7340001 0.695888
7350001 0.69596
7360001 0.696039
7370001 0.696125
7380001 0.696177
7390001 0.696242
7400001 0.696305
7410001 0.696413
7420001 0.696503
7430001 0.69658
7440001 0.696641
7450001 0.696719
7460001 0.696778
7470001 0.696832
7480001 0.69691
7490001 0.69698
7500001 0.697074
7510001 0.697121
7520001 0.697196
7530001 0.697274
7540001 0.697356
7550001 0.697428
7560001 0.697502
7570001 0.697563
7580001 0.697634
7590001 0.697682
7600001 0.697746
7610001 0.697798
7620001 0.697876
7630001 0.697932
7640001 0.698008
7650001 0.69808
7660001 0.69816
7670001 0.698232
7680001 0.698307
7690001 0.698394
7700001 0.698475
7710001 0.698553
7720001 0.698624
7730001 0.698685
7740001 0.698767
7750001 0.698812
7760001 0.6989
7770001 0.698976
7780001 0.69904
7790001 0.69913
7800001 0.69921
7810001 0.699284
7820001 0.699392
7830001 0.699451
7840001 0.699548
7850001 0.699598
7860001 0.69965
7870001 0.699741
7880001 0.699818
7890001 0.699869
7900001 0.699945
7910001 0.700023
7920001 0.700104
7930001 0.700186
7940001 0.700263
7950001 0.700323
7960001 0.700397
7970001 0.700452
7980001 0.700536
7990001 0.700602
8000001 0.700684
8010001 0.70075
8020001 0.70083
8030001 0.700924
8040001 0.70097
8050001 0.70106
8060001 0.701125
8070001 0.701203
8080001 0.701253
8090001 0.701322
8100001 0.701394
8110001 0.701446
8120001 0.701526
8130001 0.701604
8140001 0.701664
8150001 0.701742
8160001 0.701809
8170001 0.701894
8180001 0.701956
8190001 0.702044
8200001 0.702122
8210001 0.70218
8220001 0.702254
8230001 0.70232
8240001 0.702373
8250001 0.702463
8260001 0.702528
8270001 0.702601
8280001 0.702649
8290001 0.702739
8300001 0.702796
8310001 0.702849
8320001 0.702897
8330001 0.702976
8340001 0.703047
8350001 0.703132
8360001 0.703204
8370001 0.703268
8380001 0.703339
8390001 0.703411
8400001 0.703459
8410001 0.703524
8420001 0.703596
8430001 0.703707
8440001 0.70377
8450001 0.703841
8460001 0.703895
8470001 0.703967
8480001 0.704019
8490001 0.704079
8500001 0.704171
8510001 0.704233
8520001 0.704321
8530001 0.704388
8540001 0.704431
8550001 0.704504
8560001 0.704599
8570001 0.704663
8580001 0.704713
8590001 0.704757
8600001 0.704843
8610001 0.704909
8620001 0.704974
8630001 0.705058
8640001 0.705125
8650001 0.705215
8660001 0.705302
8670001 0.705374
8680001 0.705428
8690001 0.705491
8700001 0.705556
8710001 0.705629
8720001 0.705704
8730001 0.705759
8740001 0.70584
8750001 0.705913
8760001 0.705947
8770001 0.706011
8780001 0.706081
8790001 0.706182
8800001 0.706227
8810001 0.706315
8820001 0.706376
8830001 0.706422
8840001 0.706499
8850001 0.706525
8860001 0.706604
8870001 0.706678
8880001 0.706734
8890001 0.7068
8900001 0.70687
8910001 0.706948
8920001 0.707039
8930001 0.707129
8940001 0.707207
8950001 0.707262
8960001 0.707316
8970001 0.707381
8980001 0.707443
8990001 0.707521
9000001 0.707562
9010001 0.707637
9020001 0.707712
9030001 0.707751
9040001 0.707819
9050001 0.707881
9060001 0.707943
9070001 0.708026
9080001 0.708134
9090001 0.708193
9100001 0.708263
9110001 0.708333
9120001 0.708408
9130001 0.70847
9140001 0.708558
9150001 0.708603
9160001 0.708673
9170001 0.708734
9180001 0.708858
9190001 0.708876
9200001 0.708924
9210001 0.708984
9220001 0.709028
9230001 0.709103
9240001 0.709175
9250001 0.709271
9260001 0.709369
9270001 0.709405
9280001 0.709476
9290001 0.709547
9300001 0.709594
9310001 0.709677
9320001 0.709756
9330001 0.709824
9340001 0.7099
9350001 0.709959
9360001 0.71003
9370001 0.710115
9380001 0.710185
9390001 0.71023
9400001 0.710293
9410001 0.710374
9420001 0.710435
9430001 0.710477
9440001 0.710524
9450001 0.710616
9460001 0.710682
9470001 0.710744
9480001 0.710834
9490001 0.710902
9500001 0.710955
9510001 0.711023
9520001 0.711062
9530001 0.711123
9540001 0.711181
9550001 0.711258
9560001 0.711334
9570001 0.711424
9580001 0.711506
9590001 0.711574
9600001 0.711619
9610001 0.711672
9620001 0.711753
9630001 0.711796
9640001 0.71185
9650001 0.711921
9660001 0.711977
9670001 0.712033
9680001 0.712107
9690001 0.712176
9700001 0.712245
9710001 0.712278
9720001 0.712337
9730001 0.712395
9740001 0.712447
9750001 0.712518
9760001 0.712569
9770001 0.712657
9780001 0.712722
9790001 0.712782
9800001 0.712829
9810001 0.712931
9820001 0.712976
9830001 0.713029
9840001 0.713113
9850001 0.713167
9860001 0.713237
9870001 0.713301
9880001 0.713371
9890001 0.713426
9900001 0.713486
9910001 0.713545
9920001 0.713624
9930001 0.713676
9940001 0.713757
9950001 0.713827
9960001 0.713871
9970001 0.713953
9980001 0.714018
9990001 0.714069
