1 31.2883
10001 9.53933
20001 6.28087
30001 4.79541
40001 3.97187
50001 3.4517
60001 3.09523
70001 2.83622
80001 2.63639
90001 2.47406
100001 2.34073
110001 2.2284
120001 2.13187
130001 2.04739
140001 1.97097
150001 1.9034
160001 1.84212
170001 1.78684
180001 1.73592
190001 1.68935
200001 1.6462
210001 1.60594
220001 1.56869
230001 1.5337
240001 1.5008
250001 1.46992
260001 1.44092
270001 1.41367
280001 1.38802
290001 1.36332
300001 1.34013
310001 1.31812
320001 1.29704
330001 1.27683
340001 1.25761
350001 1.2394
360001 1.2219
370001 1.20502
380001 1.18903
390001 1.17362
400001 1.15886
410001 1.14461
420001 1.13109
430001 1.11804
440001 1.10535
450001 1.09318
460001 1.0815
470001 1.07019
480001 1.0593
490001 1.04881
500001 1.03876
510001 1.02898
520001 1.01951
530001 1.01047
540001 1.00161
550001 0.993031
560001 0.984896
570001 0.976902
580001 0.969201
590001 0.961615
600001 0.954353
610001 0.947281
620001 0.940342
630001 0.933607
640001 0.927175
650001 0.921
660001 0.914932
670001 0.908973
680001 0.903251
690001 0.897761
700001 0.892399
710001 0.887162
720001 0.882161
730001 0.877256
740001 0.872523
750001 0.867794
760001 0.863273
770001 0.858694
780001 0.854497
790001 0.85019
800001 0.846166
810001 0.842161
820001 0.838435
830001 0.834572
840001 0.830823
850001 0.827316
860001 0.823841
870001 0.82047
880001 0.817064
890001 0.813802
900001 0.810643
910001 0.807577
920001 0.804708
930001 0.801708
940001 0.798887
950001 0.796071
960001 0.79336
970001 0.790646
980001 0.788172
990001 0.78566
1000001 0.78313
1010001 0.780811
1020001 0.778478
1030001 0.776315
1040001 0.774005
1050001 0.771963
1060001 0.769681
1070001 0.767648
1080001 0.765658
1090001 0.763639
1100001 0.761774
1110001 0.759914
1120001 0.757945
1130001 0.756127
1140001 0.754369
1150001 0.752576
1160001 0.750858
1170001 0.74927
1180001 0.74756
1190001 0.745986
1200001 0.744352
1210001 0.742825
1220001 0.741336
1230001 0.739796
1240001 0.738372
1250001 0.737084
1260001 0.735782
1270001 0.734365
1280001 0.733166
1290001 0.731821
1300001 0.730546
1310001 0.729424
1320001 0.728142
1330001 0.72701
1340001 0.725898
1350001 0.724659
1360001 0.723516
1370001 0.722567
1380001 0.721579
1390001 0.720523
1400001 0.719422
1410001 0.718523
1420001 0.717571
1430001 0.716633
1440001 0.715765
1450001 0.714854
1460001 0.713906
1470001 0.713157
1480001 0.712192
1490001 0.711471
1500001 0.710726
1510001 0.709906
1520001 0.709207
1530001 0.708361
1540001 0.707466
1550001 0.706866
1560001 0.706217
1570001 0.705622
1580001 0.704961
1590001 0.704192
1600001 0.70363
1610001 0.702966
1620001 0.702221
1630001 0.701624
1640001 0.700889
1650001 0.700282
1660001 0.699776
1670001 0.699185
1680001 0.698636
1690001 0.698005
1700001 0.697532
1710001 0.696984
1720001 0.69637
1730001 0.695989
1740001 0.695427
1750001 0.695009
1760001 0.694493
1770001 0.694102
1780001 0.693641
1790001 0.69308
1800001 0.692602
1810001 0.692258
1820001 0.691815
1830001 0.691426
1840001 0.691101
1850001 0.690656
1860001 0.690228
1870001 0.689819
1880001 0.689471
1890001 0.689054
1900001 0.68869
1910001 0.688343
1920001 0.687983
1930001 0.687663
1940001 0.687257
1950001 0.686854
1960001 0.686603
1970001 0.686258
1980001 0.685844
1990001 0.685674
2000001 0.685352
2010001 0.684998
2020001 0.684721
2030001 0.684453
2040001 0.684216
2050001 0.683988
2060001 0.683749
2070001 0.683499
2080001 0.683292
2090001 0.683103
2100001 0.682877
2110001 0.682658
2120001 0.682396
2130001 0.682095
2140001 0.681852
2150001 0.68159
2160001 0.68131
2170001 0.681172
2180001 0.680836
2190001 0.68066
2200001 0.680493
2210001 0.680159
2220001 0.679993
2230001 0.679755
2240001 0.67954
2250001 0.679459
2260001 0.679423
2270001 0.67926
2280001 0.679078
2290001 0.678939
2300001 0.67872
2310001 0.678571
2320001 0.678452
2330001 0.678317
2340001 0.678135
2350001 0.677921
2360001 0.677805
2370001 0.677674
2380001 0.677405
2390001 0.677377
2400001 0.677212
2410001 0.677147
2420001 0.677131
2430001 0.677015
2440001 0.676763
2450001 0.676657
2460001 0.676544
2470001 0.676623
2480001 0.676468
2490001 0.676396
2500001 0.676302
2510001 0.676168
2520001 0.67612
2530001 0.675875
2540001 0.675888
2550001 0.675781
2560001 0.675713
2570001 0.675608
2580001 0.675494
2590001 0.675435
2600001 0.675277
2610001 0.675248
2620001 0.675222
2630001 0.675136
2640001 0.675051
2650001 0.675061
2660001 0.674972
2670001 0.674823
2680001 0.674798
2690001 0.67467
2700001 0.674743
2710001 0.674571
2720001 0.674425
2730001 0.674296
2740001 0.674377
2750001 0.674249
2760001 0.6742
2770001 0.67422
2780001 0.674236
2790001 0.674321
2800001 0.674278
2810001 0.674119
2820001 0.674116
2830001 0.674112
2840001 0.674213
2850001 0.674099
2860001 0.674082
2870001 0.673994
2880001 0.674118
2890001 0.673943
2900001 0.673887
2910001 0.673789
2920001 0.673733
2930001 0.673725
2940001 0.673692
2950001 0.673637
2960001 0.673586
2970001 0.673536
2980001 0.673641
2990001 0.67378
3000001 0.673681
3010001 0.673554
3020001 0.673601
3030001 0.673527
3040001 0.673339
3050001 0.673482
3060001 0.673483
3070001 0.673504
3080001 0.67342
3090001 0.67341
3100001 0.673342
3110001 0.673411
3120001 0.673353
3130001 0.673321
3140001 0.673276
3150001 0.673274
3160001 0.673255
3170001 0.67334
3180001 0.673385
3190001 0.673376
3200001 0.673401
3210001 0.67328
3220001 0.673376
3230001 0.673463
3240001 0.673395
3250001 0.673273
3260001 0.673338
3270001 0.67335
3280001 0.673287
3290001 0.673293
3300001 0.673377
3310001 0.673446
3320001 0.673352
3330001 0.673605
3340001 0.673504
3350001 0.673464
3360001 0.673488
3370001 0.673496
3380001 0.673467
3390001 0.673566
3400001 0.673712
3410001 0.673853
3420001 0.673841
3430001 0.673765
3440001 0.674043
3450001 0.673953
3460001 0.674085
3470001 0.673946
3480001 0.673894
3490001 0.674
3500001 0.674058
3510001 0.674122
3520001 0.674061
3530001 0.674029
3540001 0.673991
3550001 0.67397
3560001 0.674079
3570001 0.674167
3580001 0.674216
3590001 0.674345
3600001 0.674422
3610001 0.674441
3620001 0.674464
3630001 0.674645
3640001 0.674615
3650001 0.674661
3660001 0.674775
3670001 0.674865
3680001 0.674818
3690001 0.674925
3700001 0.674932
3710001 0.674963
3720001 0.675094
3730001 0.675199
3740001 0.675105
3750001 0.674968
3760001 0.675011
3770001 0.675098
3780001 0.67501
3790001 0.675173
3800001 0.67525
3810001 0.675306
3820001 0.675392
3830001 0.675504
3840001 0.675566
3850001 0.675593
3860001 0.675462
3870001 0.675481
3880001 0.675528
3890001 0.675676
3900001 0.675742
3910001 0.675911
3920001 0.675828
3930001 0.675871
3940001 0.675902
3950001 0.675789
3960001 0.67588
3970001 0.675933
3980001 0.675985
3990001 0.676042
4000001 0.676107
4010001 0.67615
4020001 0.676216
4030001 0.67631
4040001 0.676448
4050001 0.676366
4060001 0.676469
4070001 0.676435
4080001 0.676455
4090001 0.676468
4100001 0.676569
4110001 0.676442
4120001 0.676595
4130001 0.676637
4140001 0.676723
4150001 0.676846
4160001 0.676782
4170001 0.676975
4180001 0.676989
4190001 0.677054
4200001 0.677132
4210001 0.677149
4220001 0.677318
4230001 0.677218
4240001 0.677377
4250001 0.677426
4260001 0.677473
4270001 0.677532
4280001 0.67761
4290001 0.677638
4300001 0.677738
4310001 0.67766
4320001 0.677783
4330001 0.677896
4340001 0.677951
4350001 0.677989
4360001 0.678011
4370001 0.677992
4380001 0.678105
4390001 0.678206
4400001 0.678353
4410001 0.678446
4420001 0.678494
4430001 0.678523
4440001 0.678629
4450001 0.678657
4460001 0.678745
4470001 0.678822
4480001 0.678885
4490001 0.679
4500001 0.678993
4510001 0.679096
4520001 0.67919
4530001 0.679325
4540001 0.679472
4550001 0.679655
4560001 0.67952
4570001 0.679481
4580001 0.679621
4590001 0.679608
4600001 0.679749
4610001 0.679752
4620001 0.67978
4630001 0.679892
4640001 0.679897
4650001 0.680034
4660001 0.680015
4670001 0.679992
4680001 0.679988
4690001 0.680208
4700001 0.680277
4710001 0.680248
4720001 0.680392
4730001 0.680536
4740001 0.680579
4750001 0.680564
4760001 0.680625
4770001 0.680638
4780001 0.680686
4790001 0.680853
4800001 0.680957
4810001 0.681028
4820001 0.68101
4830001 0.681083
4840001 0.681202
4850001 0.681191
4860001 0.681156
4870001 0.68133
4880001 0.681512
4890001 0.681436
4900001 0.681487
4910001 0.681528
4920001 0.68156
4930001 0.68159
4940001 0.681693
4950001 0.6816
4960001 0.681675
4970001 0.681691
4980001 0.681918
4990001 0.681875
5000001 0.682089
5010001 0.682124
5020001 0.682223
5030001 0.682321
5040001 0.682578
5050001 0.682583
5060001 0.682435
5070001 0.682552
5080001 0.682705
5090001 0.682834
5100001 0.682873
5110001 0.683039
5120001 0.683093
5130001 0.683177
5140001 0.683272
5150001 0.683246
5160001 0.683445
5170001 0.683446
5180001 0.683476
5190001 0.683605
5200001 0.683509
5210001 0.683661
5220001 0.683801
5230001 0.683828
5240001 0.683932
5250001 0.684073
5260001 0.68408
5270001 0.684152
5280001 0.684212
5290001 0.684382
5300001 0.684535
5310001 0.684558
5320001 0.684594
5330001 0.684647
5340001 0.684821
5350001 0.684881
5360001 0.684836
5370001 0.684909
5380001 0.684994
5390001 0.685138
5400001 0.685217
5410001 0.685332
5420001 0.685471
5430001 0.685365
5440001 0.685587
5450001 0.68566
5460001 0.685816
5470001 0.685852
5480001 0.685922
5490001 0.686003
5500001 0.686021
5510001 0.686048
5520001 0.686204
5530001 0.686112
5540001 0.686185
5550001 0.686291
5560001 0.686376
5570001 0.686495
5580001 0.686598
5590001 0.686741
5600001 0.686728
5610001 0.686869
5620001 0.686784
5630001 0.686899
5640001 0.687045
5650001 0.687
5660001 0.687197
5670001 0.687221
5680001 0.687344
5690001 0.687453
5700001 0.68744
5710001 0.687475
5720001 0.687543
5730001 0.687651
5740001 0.687679
5750001 0.687877
5760001 0.688024
5770001 0.68803
5780001 0.688061
5790001 0.688043
5800001 0.688132
5810001 0.688186
5820001 0.688269
5830001 0.688462
5840001 0.688647
5850001 0.688699
5860001 0.688873
5870001 0.688867
5880001 0.688774
5890001 0.688909
5900001 0.689064
5910001 0.689116
5920001 0.689194
5930001 0.689257
5940001 0.689258
5950001 0.689182
5960001 0.689369
5970001 0.689466
5980001 0.689649
5990001 0.689668
6000001 0.689716
6010001 0.689749
6020001 0.689725
6030001 0.689782
6040001 0.689865
6050001 0.68996
6060001 0.69014
6070001 0.690192
6080001 0.690267
6090001 0.690236
6100001 0.690521
6110001 0.690558
6120001 0.690516
6130001 0.690496
6140001 0.690457
6150001 0.690588
6160001 0.690708
6170001 0.690779
6180001 0.690913
6190001 0.690894
6200001 0.690855
6210001 0.691085
6220001 0.691116
6230001 0.691099
6240001 0.691151
6250001 0.691327
6260001 0.69145
6270001 0.691398
6280001 0.691565
6290001 0.691628
6300001 0.691644
6310001 0.691617
6320001 0.691762
6330001 0.691768
6340001 0.691796
6350001 0.691878
6360001 0.69192
6370001 0.692074
6380001 0.692179
6390001 0.692244
6400001 0.692489
6410001 0.692548
6420001 0.692544
6430001 0.69265
6440001 0.692669
6450001 0.692797
6460001 0.692962
6470001 0.693003
6480001 0.693093
6490001 0.693223
6500001 0.693118
6510001 0.693107
6520001 0.693254
6530001 0.693489
6540001 0.69359
6550001 0.69369
6560001 0.693684
6570001 0.693813
6580001 0.693927
6590001 0.694174
6600001 0.69418
6610001 0.694312
6620001 0.69439
6630001 0.694443
6640001 0.694377
6650001 0.694366
6660001 0.694533
6670001 0.694639
6680001 0.694777
6690001 0.694829
6700001 0.694871
6710001 0.69489
6720001 0.694901
6730001 0.695056
6740001 0.695164
6750001 0.695209
6760001 0.695358
6770001 0.695532
6780001 0.695475
6790001 0.695629
6800001 0.695624
6810001 0.695804
6820001 0.695914
6830001 0.695959
6840001 0.695984
6850001 0.696113
6860001 0.696136
6870001 0.696196
6880001 0.696156
6890001 0.696155
6900001 0.696384
6910001 0.696305
6920001 0.696356
6930001 0.696465
6940001 0.696608
6950001 0.696573
6960001 0.696666
6970001 0.6969
6980001 0.696815
6990001 0.69694
7000001 0.697046
7010001 0.697086
7020001 0.697097
7030001 0.697187
7040001 0.697293
7050001 0.697397
7060001 0.697349
7070001 0.697436
7080001 0.697444
7090001 0.697542
7100001 0.697622
7110001 0.697711
7120001 0.697848
7130001 0.697961
7140001 0.697971
7150001 0.698239
7160001 0.698218
7170001 0.698214
7180001 0.698392
7190001 0.698429
7200001 0.698552
7210001 0.698722
7220001 0.698744
7230001 0.698723
7240001 0.698809
7250001 0.698816
7260001 0.698867
7270001 0.698841
7280001 0.699053
7290001 0.699017
7300001 0.699104
7310001 0.699137
7320001 0.699333
7330001 0.699453
7340001 0.699492
7350001 0.699528
7360001 0.699637
7370001 0.69967
7380001 0.699728
7390001 0.699829
7400001 0.699822
7410001 0.699923
7420001 0.700022
7430001 0.699995
7440001 0.700208
7450001 0.700293
7460001 0.700322
7470001 0.700383
7480001 0.700441
7490001 0.700492
7500001 0.700609
7510001 0.700664
7520001 0.700726
7530001 0.700738
7540001 0.700889
7550001 0.700974
7560001 0.701045
7570001 0.701076
7580001 0.701352
7590001 0.701237
7600001 0.701102
7610001 0.701288
7620001 0.701368
7630001 0.701372
7640001 0.701493
7650001 0.701641
7660001 0.701788
7670001 0.701957
7680001 0.70187
7690001 0.702055
7700001 0.702109
7710001 0.702062
7720001 0.70211
7730001 0.702321
7740001 0.7024
7750001 0.702418
7760001 0.702492
7770001 0.702511
7780001 0.702571
7790001 0.702763
7800001 0.702776
7810001 0.702831
7820001 0.702926
7830001 0.703136
7840001 0.703185
7850001 0.703191
7860001 0.703128
7870001 0.703246
7880001 0.703326
7890001 0.703485
7900001 0.703607
7910001 0.703605
7920001 0.703719
7930001 0.703809
7940001 0.7038
7950001 0.7039
7960001 0.703888
7970001 0.703944
7980001 0.704001
7990001 0.704047
8000001 0.704117
8010001 0.704238
8020001 0.704362
8030001 0.704507
8040001 0.704534
8050001 0.704585
8060001 0.704647
8070001 0.704802
8080001 0.704984
8090001 0.705125
8100001 0.705125
8110001 0.705099
8120001 0.705293
8130001 0.705312
8140001 0.705272
8150001 0.705428
8160001 0.70545
8170001 0.705554
8180001 0.705739
8190001 0.70579
8200001 0.706003
8210001 0.706018
8220001 0.706078
8230001 0.706152
8240001 0.706254
8250001 0.706291
8260001 0.706428
8270001 0.70648
8280001 0.706411
8290001 0.70654
8300001 0.706645
8310001 0.70664
8320001 0.706739
8330001 0.706803
8340001 0.706871
8350001 0.706845
8360001 0.706868
8370001 0.706961
8380001 0.706978
8390001 0.707105
8400001 0.707144
8410001 0.707246
8420001 0.707352
8430001 0.707524
8440001 0.707541
8450001 0.707507
8460001 0.707547
8470001 0.70767
8480001 0.707806
8490001 0.707874
8500001 0.708087
8510001 0.708086
8520001 0.708219
8530001 0.708331
8540001 0.708363
8550001 0.708416
8560001 0.708513
8570001 0.708546
8580001 0.708592
8590001 0.708641
8600001 0.708665
8610001 0.708724
8620001 0.708829
8630001 0.708994
8640001 0.708962
8650001 0.709063
8660001 0.7092
8670001 0.709229
8680001 0.70925
8690001 0.709509
8700001 0.709584
8710001 0.709539
8720001 0.709555
8730001 0.709674
8740001 0.709767
8750001 0.709833
8760001 0.709825
8770001 0.709852
8780001 0.709894
8790001 0.710027
8800001 0.710174
8810001 0.710173
8820001 0.710149
8830001 0.710176
8840001 0.710307
8850001 0.710308
8860001 0.710288
8870001 0.710429
8880001 0.710533
8890001 0.710501
8900001 0.71049
8910001 0.710614
8920001 0.710789
8930001 0.710877
8940001 0.711003
8950001 0.711151
8960001 0.711232
8970001 0.711198
8980001 0.711221
8990001 0.711218
9000001 0.711305
9010001 0.71146
9020001 0.711624
9030001 0.711519
9040001 0.711595
9050001 0.711717
9060001 0.711902
9070001 0.712011
9080001 0.712141
9090001 0.712023
9100001 0.712083
9110001 0.712218
9120001 0.712289
9130001 0.71234
9140001 0.712419
9150001 0.712571
9160001 0.712595
9170001 0.712698
9180001 0.712686
9190001 0.712817
9200001 0.712944
9210001 0.712982
9220001 0.713046
9230001 0.713033
9240001 0.713091
9250001 0.713109
9260001 0.713266
9270001 0.713203
9280001 0.713296
9290001 0.713334
9300001 0.713248
9310001 0.71341
9320001 0.713514
9330001 0.71354
9340001 0.713561
9350001 0.713743
9360001 0.713899
9370001 0.713974
9380001 0.714068
9390001 0.714076
9400001 0.714213
9410001 0.71432
9420001 0.714384
9430001 0.714356
9440001 0.714412
9450001 0.714547
9460001 0.714631
9470001 0.714723
9480001 0.71483
9490001 0.714851
9500001 0.714906
9510001 0.714952
9520001 0.714956
9530001 0.715084
9540001 0.715303
9550001 0.715292
9560001 0.715369
9570001 0.715336
9580001 0.715425
9590001 0.715523
9600001 0.715666
9610001 0.715601
9620001 0.715663
9630001 0.715633
9640001 0.715647
9650001 0.715719
9660001 0.715691
9670001 0.715812
9680001 0.715862
9690001 0.715835
9700001 0.715917
9710001 0.716051
9720001 0.71617
9730001 0.716144
9740001 0.71623
9750001 0.716159
9760001 0.71616
9770001 0.716312
9780001 0.716472
9790001 0.716444
9800001 0.716521
9810001 0.716745
9820001 0.716763
9830001 0.716858
9840001 0.717037
9850001 0.717075
9860001 0.717181
9870001 0.717175
9880001 0.717329
9890001 0.717303
9900001 0.717442
9910001 0.717545
9920001 0.717616
9930001 0.717686
9940001 0.717739
9950001 0.717859
9960001 0.71784
9970001 0.717858
9980001 0.717911
9990001 0.718043
