1 31.3038
10001 12.986
20001 9.45856
30001 7.7497
40001 6.82796
50001 6.27543
60001 5.91708
70001 5.68777
80001 5.51925
90001 5.3945
100001 5.29729
110001 5.21762
120001 5.15228
130001 5.09542
140001 5.04483
150001 5.00049
160001 4.96025
170001 4.9226
180001 4.88811
190001 4.85548
200001 4.82501
210001 4.79639
220001 4.76883
230001 4.74239
240001 4.71762
250001 4.69376
260001 4.67081
270001 4.64883
280001 4.62762
290001 4.60677
300001 4.58686
310001 4.56749
320001 4.54889
330001 4.53082
340001 4.51331
350001 4.49622
360001 4.47964
370001 4.46338
380001 4.44771
390001 4.43236
400001 4.41725
410001 4.40234
420001 4.3881
430001 4.37412
440001 4.36028
450001 4.34664
460001 4.33331
470001 4.32038
480001 4.30761
490001 4.29521
500001 4.28298
510001 4.27117
520001 4.25947
530001 4.24813
540001 4.23695
550001 4.22588
560001 4.215
570001 4.20445
580001 4.19396
590001 4.18366
600001 4.17354
610001 4.16369
620001 4.15403
630001 4.14438
640001 4.13488
650001 4.12555
660001 4.11634
670001 4.10727
680001 4.09841
690001 4.08958
700001 4.08091
710001 4.07244
720001 4.06412
730001 4.05591
740001 4.04776
750001 4.03986
760001 4.03197
770001 4.02411
780001 4.01645
790001 4.00884
800001 4.0015
810001 3.9941
820001 3.98687
830001 3.97969
840001 3.9726
850001 3.96565
860001 3.95866
870001 3.95185
880001 3.9452
890001 3.93851
900001 3.93197
910001 3.92557
920001 3.9192
930001 3.91283
940001 3.90654
950001 3.9004
960001 3.89437
970001 3.88836
980001 3.88247
990001 3.8765
1000001 3.87062
1010001 3.86492
1020001 3.8593
1030001 3.85368
1040001 3.84809
1050001 3.84258
1060001 3.83712
1070001 3.83168
1080001 3.82633
1090001 3.82108
1100001 3.81586
1110001 3.81078
1120001 3.8057
1130001 3.80056
1140001 3.79557
1150001 3.7907
1160001 3.78571
1170001 3.78088
1180001 3.77608
1190001 3.77137
1200001 3.76669
1210001 3.76199
1220001 3.75736
1230001 3.75286
1240001 3.74829
1250001 3.74384
1260001 3.73936
1270001 3.73497
1280001 3.73055
1290001 3.72627
1300001 3.72198
1310001 3.71779
1320001 3.71353
1330001 3.70933
1340001 3.70523
1350001 3.70112
1360001 3.69709
1370001 3.6931
1380001 3.6891
1390001 3.68515
1400001 3.68121
1410001 3.67732
1420001 3.6735
1430001 3.66969
1440001 3.6658
1450001 3.66203
1460001 3.65834
1470001 3.65471
1480001 3.65103
1490001 3.64746
1500001 3.64391
1510001 3.64036
1520001 3.63684
1530001 3.63328
1540001 3.62977
1550001 3.62628
1560001 3.62289
1570001 3.61955
1580001 3.61625
1590001 3.61286
1600001 3.60957
1610001 3.60629
1620001 3.603
1630001 3.59982
1640001 3.59661
1650001 3.59342
1660001 3.59029
1670001 3.58722
1680001 3.5841
1690001 3.58101
1700001 3.57791
1710001 3.57484
1720001 3.5718
1730001 3.56885
1740001 3.56588
1750001 3.56297
1760001 3.56005
1770001 3.5571
1780001 3.55421
1790001 3.55132
1800001 3.54844
1810001 3.54554
1820001 3.54279
1830001 3.53999
1840001 3.53722
1850001 3.53457
1860001 3.53173
1870001 3.52907
1880001 3.5264
1890001 3.52374
1900001 3.52106
1910001 3.51842
1920001 3.51582
1930001 3.5132
1940001 3.51063
1950001 3.5081
1960001 3.50557
1970001 3.50305
1980001 3.50049
1990001 3.49795
2000001 3.49547
2010001 3.49303
2020001 3.49058
2030001 3.48815
2040001 3.48574
2050001 3.48332
2060001 3.48093
2070001 3.47856
2080001 3.4762
2090001 3.47385
2100001 3.47155
2110001 3.4693
2120001 3.46701
2130001 3.46467
2140001 3.46239
2150001 3.46013
2160001 3.45793
2170001 3.45566
2180001 3.45346
2190001 3.45123
2200001 3.44902
2210001 3.44678
2220001 3.44466
2230001 3.44255
2240001 3.44047
2250001 3.43831
2260001 3.43627
2270001 3.43421
2280001 3.43217
2290001 3.43006
2300001 3.42797
2310001 3.42596
2320001 3.4239
2330001 3.42187
2340001 3.41987
2350001 3.41785
2360001 3.41591
2370001 3.41392
2380001 3.41196
2390001 3.41002
2400001 3.40811
2410001 3.40624
2420001 3.40432
2430001 3.40238
2440001 3.40046
2450001 3.39857
2460001 3.39672
2470001 3.39479
2480001 3.39292
2490001 3.39112
2500001 3.3893
2510001 3.38745
2520001 3.38559
2530001 3.38381
2540001 3.38202
2550001 3.38024
2560001 3.37847
2570001 3.37674
2580001 3.37499
2590001 3.37327
2600001 3.37152
2610001 3.36983
2620001 3.3681
2630001 3.36638
2640001 3.36465
2650001 3.363
2660001 3.36127
2670001 3.35955
2680001 3.35793
2690001 3.35625
2700001 3.35466
2710001 3.35298
2720001 3.35138
2730001 3.34974
2740001 3.34816
2750001 3.34664
2760001 3.34503
2770001 3.34342
2780001 3.34183
2790001 3.34033
2800001 3.3388
2810001 3.33719
2820001 3.33568
2830001 3.33415
2840001 3.33264
2850001 3.3311
2860001 3.32961
2870001 3.3281
2880001 3.32664
2890001 3.32512
2900001 3.32361
2910001 3.32218
2920001 3.32071
2930001 3.31924
2940001 3.31778
2950001 3.31637
2960001 3.31495
2970001 3.31348
2980001 3.31213
2990001 3.31084
3000001 3.30942
3010001 3.30802
3020001 3.30657
3030001 3.30515
3040001 3.30377
3050001 3.30239
3060001 3.3011
3070001 3.29972
3080001 3.29832
3090001 3.29688
3100001 3.29559
3110001 3.29423
3120001 3.29294
3130001 3.29161
3140001 3.29035
3150001 3.28897
3160001 3.28767
3170001 3.28633
3180001 3.28507
3190001 3.28382
3200001 3.2825
3210001 3.28127
3220001 3.27999
3230001 3.27871
3240001 3.27748
3250001 3.2762
3260001 3.27498
3270001 3.27363
3280001 3.27246
3290001 3.27116
3300001 3.27001
3310001 3.26879
3320001 3.26758
3330001 3.26639
3340001 3.2652
3350001 3.264
3360001 3.26282
3370001 3.26164
3380001 3.26051
3390001 3.25932
3400001 3.25822
3410001 3.25707
3420001 3.25592
3430001 3.25475
3440001 3.25355
3450001 3.2524
3460001 3.25128
3470001 3.25019
3480001 3.24911
3490001 3.24802
3500001 3.24685
3510001 3.24574
3520001 3.24463
3530001 3.2435
3540001 3.24242
3550001 3.24135
3560001 3.24024
3570001 3.23915
3580001 3.23811
3590001 3.237
3600001 3.23595
3610001 3.23486
3620001 3.23378
3630001 3.23275
3640001 3.2317
3650001 3.23064
3660001 3.22961
3670001 3.22861
3680001 3.22754
3690001 3.22656
3700001 3.22551
3710001 3.22451
3720001 3.22355
3730001 3.2225
3740001 3.22148
3750001 3.22049
3760001 3.21956
3770001 3.21853
3780001 3.21759
3790001 3.21656
3800001 3.21564
3810001 3.21465
3820001 3.21369
3830001 3.21268
3840001 3.21169
3850001 3.21076
3860001 3.20979
3870001 3.20884
3880001 3.20786
3890001 3.20697
3900001 3.20601
3910001 3.20512
3920001 3.20419
3930001 3.20323
3940001 3.20229
3950001 3.20146
3960001 3.20055
3970001 3.19962
3980001 3.19877
3990001 3.19783
4000001 3.19695
4010001 3.19606
4020001 3.19518
4030001 3.19426
4040001 3.19344
4050001 3.19248
4060001 3.19163
4070001 3.19077
4080001 3.18998
4090001 3.18911
4100001 3.18828
4110001 3.18741
4120001 3.18663
4130001 3.18579
4140001 3.185
4150001 3.18419
4160001 3.18332
4170001 3.18248
4180001 3.18172
4190001 3.18089
4200001 3.18009
4210001 3.1793
4220001 3.17852
4230001 3.17769
4240001 3.17693
4250001 3.17619
4260001 3.17536
4270001 3.17454
4280001 3.17375
4290001 3.17297
4300001 3.17217
4310001 3.17139
4320001 3.17067
4330001 3.16988
4340001 3.16912
4350001 3.16838
4360001 3.16765
4370001 3.16686
4380001 3.16609
4390001 3.16534
4400001 3.16464
4410001 3.16392
4420001 3.16315
4430001 3.16241
4440001 3.16171
4450001 3.16096
4460001 3.16024
4470001 3.15948
4480001 3.15883
4490001 3.15809
4500001 3.15739
4510001 3.15672
4520001 3.15603
4530001 3.15525
4540001 3.1545
4550001 3.15377
4560001 3.15309
4570001 3.15238
4580001 3.15169
4590001 3.15098
4600001 3.15033
4610001 3.14971
4620001 3.14907
4630001 3.14845
4640001 3.14771
4650001 3.14701
4660001 3.14629
4670001 3.14563
4680001 3.14494
4690001 3.14433
4700001 3.14364
4710001 3.14297
4720001 3.14234
4730001 3.14168
4740001 3.14104
4750001 3.14035
4760001 3.13975
4770001 3.13909
4780001 3.13847
4790001 3.13786
4800001 3.13723
4810001 3.13661
4820001 3.13599
4830001 3.13534
4840001 3.13476
4850001 3.13415
4860001 3.1335
4870001 3.13292
4880001 3.13227
4890001 3.13165
4900001 3.13105
4910001 3.13047
4920001 3.1299
4930001 3.12927
4940001 3.12875
4950001 3.12815
4960001 3.12758
4970001 3.127
4980001 3.12644
4990001 3.12576
5000001 3.1252
5010001 3.12458
5020001 3.12409
5030001 3.12351
5040001 3.12296
5050001 3.12236
5060001 3.1218
5070001 3.12127
5080001 3.12072
5090001 3.12015
5100001 3.11959
5110001 3.119
5120001 3.11845
5130001 3.11785
5140001 3.11734
5150001 3.11682
5160001 3.11625
5170001 3.1157
5180001 3.1152
5190001 3.1146
5200001 3.11406
5210001 3.11355
5220001 3.11303
5230001 3.1125
5240001 3.112
5250001 3.11147
5260001 3.11089
5270001 3.1104
5280001 3.10989
5290001 3.10937
5300001 3.10882
5310001 3.10834
5320001 3.1078
5330001 3.10727
5340001 3.10676
5350001 3.10628
5360001 3.10582
5370001 3.10526
5380001 3.1048
5390001 3.10436
5400001 3.1039
5410001 3.1034
5420001 3.10295
5430001 3.10245
5440001 3.102
5450001 3.10149
5460001 3.10102
5470001 3.10059
5480001 3.10005
5490001 3.09959
5500001 3.09914
5510001 3.09871
5520001 3.09816
5530001 3.0977
5540001 3.09722
5550001 3.09682
5560001 3.09634
5570001 3.09589
5580001 3.09541
5590001 3.09493
5600001 3.09446
5610001 3.094
5620001 3.09358
5630001 3.09314
5640001 3.0927
5650001 3.09229
5660001 3.09182
5670001 3.09143
5680001 3.09098
5690001 3.09058
5700001 3.09014
5710001 3.0897
5720001 3.08926
5730001 3.08884
5740001 3.08834
5750001 3.08796
5760001 3.08748
5770001 3.08705
5780001 3.08664
5790001 3.08632
5800001 3.08584
5810001 3.08549
5820001 3.08506
5830001 3.0846
5840001 3.08412
5850001 3.08378
5860001 3.08336
5870001 3.08294
5880001 3.08257
5890001 3.0822
5900001 3.08184
5910001 3.08142
5920001 3.08097
5930001 3.08053
5940001 3.08011
5950001 3.07969
5960001 3.07928
5970001 3.07889
5980001 3.07854
5990001 3.0782
6000001 3.07778
6010001 3.07739
6020001 3.07703
6030001 3.07664
6040001 3.07623
6050001 3.07584
6060001 3.07543
6070001 3.07504
6080001 3.07467
6090001 3.07429
6100001 3.0739
6110001 3.07355
6120001 3.07321
6130001 3.07284
6140001 3.07249
6150001 3.07212
6160001 3.07175
6170001 3.07134
6180001 3.07108
6190001 3.0707
6200001 3.07033
6210001 3.07005
6220001 3.06967
6230001 3.06932
6240001 3.06894
6250001 3.06861
6260001 3.06831
6270001 3.06789
6280001 3.06752
6290001 3.06721
6300001 3.06684
6310001 3.06653
6320001 3.06621
6330001 3.06591
6340001 3.06557
6350001 3.06524
6360001 3.06494
6370001 3.06463
6380001 3.06433
6390001 3.06402
6400001 3.06374
6410001 3.06337
6420001 3.06303
6430001 3.06272
6440001 3.06241
6450001 3.0621
6460001 3.06178
6470001 3.06144
6480001 3.06113
6490001 3.06082
6500001 3.06051
6510001 3.0602
6520001 3.05992
6530001 3.05962
6540001 3.05929
6550001 3.05898
6560001 3.05866
6570001 3.05841
6580001 3.05809
6590001 3.05782
6600001 3.05748
6610001 3.05715
6620001 3.05689
6630001 3.05658
6640001 3.0563
6650001 3.05602
6660001 3.05578
6670001 3.05553
6680001 3.05525
6690001 3.05496
6700001 3.05468
6710001 3.05439
6720001 3.05413
6730001 3.05386
6740001 3.05358
6750001 3.05333
6760001 3.05307
6770001 3.05286
6780001 3.05251
6790001 3.05217
6800001 3.05189
6810001 3.05163
6820001 3.05136
6830001 3.05116
6840001 3.05082
6850001 3.0506
6860001 3.05036
6870001 3.05006
6880001 3.04977
6890001 3.0495
6900001 3.0492
6910001 3.04893
6920001 3.04863
6930001 3.04841
6940001 3.04813
6950001 3.0479
6960001 3.04767
6970001 3.04748
6980001 3.04717
6990001 3.04692
7000001 3.04671
7010001 3.04651
7020001 3.0462
7030001 3.04596
7040001 3.04571
7050001 3.04549
7060001 3.04523
7070001 3.04504
7080001 3.0447
7090001 3.0445
7100001 3.04423
7110001 3.044
7120001 3.04369
7130001 3.04353
7140001 3.04331
7150001 3.04308
7160001 3.04279
7170001 3.04254
7180001 3.04231
7190001 3.04215
7200001 3.04192
7210001 3.04164
7220001 3.04147
7230001 3.04121
7240001 3.04092
7250001 3.0407
7260001 3.04052
7270001 3.04026
7280001 3.04
7290001 3.03983
7300001 3.03961
7310001 3.03942
7320001 3.03917
7330001 3.03899
7340001 3.0388
7350001 3.03861
7360001 3.0384
7370001 3.0382
7380001 3.038
7390001 3.03779
7400001 3.03759
7410001 3.03742
7420001 3.03726
7430001 3.03701
7440001 3.0368
7450001 3.03665
7460001 3.03645
7470001 3.03627
7480001 3.03603
7490001 3.03583
7500001 3.03565
7510001 3.03543
7520001 3.03528
7530001 3.03505
7540001 3.03486
7550001 3.03464
7560001 3.03443
7570001 3.03421
7580001 3.03406
7590001 3.03389
7600001 3.03372
7610001 3.03351
7620001 3.03334
7630001 3.03314
7640001 3.03299
7650001 3.03282
7660001 3.03264
7670001 3.03247
7680001 3.03222
7690001 3.03206
7700001 3.03194
7710001 3.03175
7720001 3.03154
7730001 3.03133
7740001 3.03118
7750001 3.03105
7760001 3.03088
7770001 3.03072
7780001 3.03052
7790001 3.03042
7800001 3.03021
7810001 3.03004
7820001 3.02988
7830001 3.02973
7840001 3.02955
7850001 3.02944
7860001 3.02923
7870001 3.02912
7880001 3.02896
7890001 3.02877
7900001 3.0286
7910001 3.02839
7920001 3.02821
7930001 3.02803
7940001 3.02791
7950001 3.02776
7960001 3.02765
7970001 3.02744
7980001 3.02728
7990001 3.02716
8000001 3.027
8010001 3.02689
8020001 3.02674
8030001 3.02658
8040001 3.02643
8050001 3.02626
8060001 3.02614
8070001 3.02603
8080001 3.02584
8090001 3.02572
8100001 3.02556
8110001 3.02543
8120001 3.02526
8130001 3.02518
8140001 3.02502
8150001 3.02486
8160001 3.02471
8170001 3.02453
8180001 3.02447
8190001 3.02438
8200001 3.02427
8210001 3.02414
8220001 3.02401
8230001 3.02388
8240001 3.02378
8250001 3.02366
8260001 3.02352
8270001 3.02342
8280001 3.02333
8290001 3.02318
8300001 3.02311
8310001 3.02301
8320001 3.02288
8330001 3.02274
8340001 3.02262
8350001 3.02251
8360001 3.02239
8370001 3.02231
8380001 3.02214
8390001 3.02204
8400001 3.02193
8410001 3.02183
8420001 3.02169
8430001 3.02156
8440001 3.02141
8450001 3.0213
8460001 3.02124
8470001 3.02111
8480001 3.02106
8490001 3.02089
8500001 3.0208
8510001 3.02066
8520001 3.02062
8530001 3.02054
8540001 3.02045
8550001 3.02039
8560001 3.02024
8570001 3.02013
8580001 3.01999
8590001 3.0199
8600001 3.01981
8610001 3.01967
8620001 3.01959
8630001 3.01946
8640001 3.01936
8650001 3.01927
8660001 3.01915
8670001 3.019
8680001 3.01892
8690001 3.01886
8700001 3.01878
8710001 3.0187
8720001 3.01859
8730001 3.0185
8740001 3.01858
8750001 3.01848
8760001 3.01836
8770001 3.01825
8780001 3.01818
8790001 3.01801
8800001 3.0179
8810001 3.01774
8820001 3.01766
8830001 3.01758
8840001 3.01751
8850001 3.01745
8860001 3.01736
8870001 3.01729
8880001 3.01721
8890001 3.01715
8900001 3.01707
8910001 3.01697
8920001 3.01686
8930001 3.01681
8940001 3.01671
8950001 3.01667
8960001 3.01661
8970001 3.01652
8980001 3.01647
8990001 3.01637
9000001 3.01628
9010001 3.01626
9020001 3.01621
9030001 3.01617
9040001 3.01606
9050001 3.01601
9060001 3.01596
9070001 3.01583
9080001 3.01581
9090001 3.01574
9100001 3.01564
9110001 3.01556
9120001 3.0155
9130001 3.01543
9140001 3.01539
9150001 3.01532
9160001 3.01522
9170001 3.01512
9180001 3.01513
9190001 3.01504
9200001 3.01504
9210001 3.01502
9220001 3.01494
9230001 3.01489
9240001 3.01482
9250001 3.01476
9260001 3.01469
9270001 3.01459
9280001 3.01453
9290001 3.01442
9300001 3.01441
9310001 3.01435
9320001 3.01432
9330001 3.01425
9340001 3.01415
9350001 3.01409
9360001 3.01403
9370001 3.01397
9380001 3.0139
9390001 3.01382
9400001 3.01374
9410001 3.01367
9420001 3.01364
9430001 3.01361
9440001 3.01356
9450001 3.01348
9460001 3.01342
9470001 3.01342
9480001 3.01344
9490001 3.01341
9500001 3.0133
9510001 3.01323
9520001 3.01315
9530001 3.01314
9540001 3.01318
9550001 3.01315
9560001 3.01311
9570001 3.01304
9580001 3.01301
9590001 3.013
9600001 3.01299
9610001 3.01293
9620001 3.01291
9630001 3.01283
9640001 3.01282
9650001 3.01273
9660001 3.01271
9670001 3.01269
9680001 3.01268
9690001 3.0126
9700001 3.01254
9710001 3.01255
9720001 3.01247
9730001 3.01244
9740001 3.01244
9750001 3.01239
9760001 3.01237
9770001 3.01232
9780001 3.01229
9790001 3.01231
9800001 3.01228
9810001 3.01228
9820001 3.01229
9830001 3.01223
9840001 3.01226
9850001 3.01223
9860001 3.01221
9870001 3.01216
9880001 3.01218
9890001 3.01215
9900001 3.0121
9910001 3.01207
9920001 3.01202
9930001 3.01199
9940001 3.01195
9950001 3.01196
9960001 3.01187
9970001 3.0119
9980001 3.01187
9990001 3.01183
10000001 3.01183
10010001 3.01181
10020001 3.01176
10030001 3.01175
10040001 3.0117
10050001 3.0117
10060001 3.01165
10070001 3.01164
10080001 3.01164
10090001 3.01167
10100001 3.01168
10110001 3.01165
10120001 3.01159
10130001 3.01162
10140001 3.01164
10150001 3.01169
10160001 3.01162
10170001 3.01166
10180001 3.01163
10190001 3.0116
10200001 3.01163
10210001 3.01158
10220001 3.01152
10230001 3.01145
10240001 3.01146
10250001 3.01144
10260001 3.01151
10270001 3.0115
10280001 3.01148
10290001 3.01152
10300001 3.01156
10310001 3.01155
10320001 3.01157
10330001 3.01157
10340001 3.01155
10350001 3.01155
10360001 3.01154
10370001 3.01153
10380001 3.01151
10390001 3.01148
10400001 3.01159
10410001 3.01161
10420001 3.01159
10430001 3.01154
10440001 3.01159
10450001 3.01156
10460001 3.01155
10470001 3.01154
10480001 3.01156
10490001 3.01155
10500001 3.01153
10510001 3.01152
10520001 3.01156
10530001 3.01157
10540001 3.01155
10550001 3.01154
10560001 3.01156
10570001 3.01161
10580001 3.01155
10590001 3.0116
10600001 3.01163
10610001 3.01158
10620001 3.01165
10630001 3.01164
10640001 3.01168
10650001 3.01165
10660001 3.01173
10670001 3.01176
10680001 3.01173
10690001 3.01162
10700001 3.01171
10710001 3.01168
10720001 3.01173
10730001 3.01175
10740001 3.01174
10750001 3.01181
10760001 3.01188
10770001 3.01192
10780001 3.01194
10790001 3.01197
10800001 3.01199
10810001 3.01196
10820001 3.0119
10830001 3.01194
10840001 3.01196
10850001 3.01197
10860001 3.01203
10870001 3.01201
10880001 3.01199
10890001 3.01197
10900001 3.01203
10910001 3.012
10920001 3.01197
10930001 3.01206
10940001 3.01211
10950001 3.01205
10960001 3.01205
10970001 3.01208
10980001 3.01203
10990001 3.0121
11000001 3.01213
11010001 3.01211
11020001 3.01216
11030001 3.01216
11040001 3.01228
11050001 3.01228
11060001 3.01235
11070001 3.01238
11080001 3.01241
11090001 3.0124
11100001 3.01245
11110001 3.01245
11120001 3.01254
11130001 3.01255
11140001 3.01257
11150001 3.01256
11160001 3.0126
11170001 3.01267
11180001 3.01271
11190001 3.01278
11200001 3.01276
11210001 3.01279
11220001 3.01282
11230001 3.01293
11240001 3.01293
11250001 3.01296
11260001 3.01298
11270001 3.013
11280001 3.01308
11290001 3.01313
11300001 3.01315
11310001 3.01317
11320001 3.01324
11330001 3.01324
11340001 3.01333
11350001 3.01336
11360001 3.01342
11370001 3.01348
11380001 3.01351
11390001 3.01348
11400001 3.01354
11410001 3.0136
11420001 3.01367
11430001 3.0137
11440001 3.01371
11450001 3.01378
11460001 3.01378
11470001 3.01388
11480001 3.01392
11490001 3.01394
11500001 3.01402
11510001 3.01404
11520001 3.01412
11530001 3.01411
11540001 3.01416
11550001 3.01419
11560001 3.01424
11570001 3.0143
11580001 3.01433
11590001 3.01436
11600001 3.0144
11610001 3.01449
11620001 3.01454
11630001 3.01459
11640001 3.01463
11650001 3.0147
11660001 3.01475
11670001 3.01482
11680001 3.01486
11690001 3.01493
11700001 3.01503
11710001 3.01506
11720001 3.01517
11730001 3.01523
11740001 3.01528
11750001 3.0153
11760001 3.01536
11770001 3.01544
11780001 3.0154
11790001 3.01548
11800001 3.0155
11810001 3.01558
11820001 3.01564
11830001 3.01568
11840001 3.01574
11850001 3.01576
11860001 3.01584
11870001 3.01589
11880001 3.01597
11890001 3.01607
11900001 3.01609
11910001 3.01614
11920001 3.01619
11930001 3.01627
11940001 3.01633
11950001 3.0164
11960001 3.01647
11970001 3.01654
11980001 3.01666
11990001 3.01669
12000001 3.01671
12010001 3.01674
12020001 3.01676
12030001 3.0168
12040001 3.01684
12050001 3.01695
12060001 3.01699
12070001 3.01709
12080001 3.01716
12090001 3.01721
12100001 3.01732
12110001 3.01734
12120001 3.01741
12130001 3.01745
12140001 3.01751
12150001 3.01756
12160001 3.01764
12170001 3.01773
12180001 3.0178
12190001 3.01782
12200001 3.01787
12210001 3.01796
12220001 3.01803
12230001 3.0181
12240001 3.01809
12250001 3.01822
12260001 3.01829
12270001 3.01833
12280001 3.01847
12290001 3.01851
12300001 3.0186
12310001 3.01866
12320001 3.01871
12330001 3.01877
12340001 3.01884
12350001 3.01892
12360001 3.01897
12370001 3.01901
12380001 3.01912
12390001 3.01916
12400001 3.01926
12410001 3.01933
12420001 3.01937
12430001 3.01945
12440001 3.01954
12450001 3.01961
12460001 3.01967
12470001 3.01978
12480001 3.0198
12490001 3.0198
12500001 3.01985
12510001 3.01994
12520001 3.02
12530001 3.02008
12540001 3.02019
12550001 3.02025
12560001 3.02034
12570001 3.02043
12580001 3.02057
12590001 3.02069
12600001 3.02081
12610001 3.02087
12620001 3.02095
12630001 3.02104
12640001 3.02118
12650001 3.02126
12660001 3.02134
12670001 3.0214
12680001 3.02146
12690001 3.02155
12700001 3.02163
12710001 3.02171
12720001 3.02176
12730001 3.02184
12740001 3.02189
12750001 3.02197
12760001 3.02204
12770001 3.02209
12780001 3.02222
12790001 3.02233
12800001 3.02239
12810001 3.0225
12820001 3.02256
12830001 3.02261
12840001 3.0227
12850001 3.02287
12860001 3.02293
12870001 3.02298
12880001 3.02308
12890001 3.02313
12900001 3.02317
12910001 3.02324
12920001 3.02337
12930001 3.02344
12940001 3.02351
12950001 3.02363
12960001 3.0237
12970001 3.02377
12980001 3.02384
12990001 3.0239
13000001 3.02397
13010001 3.02408
13020001 3.02419
13030001 3.02429
13040001 3.02434
13050001 3.0244
13060001 3.02451
13070001 3.0246
13080001 3.0247
13090001 3.02478
13100001 3.02485
13110001 3.02501
13120001 3.02509
13130001 3.02513
13140001 3.02516
13150001 3.02531
13160001 3.02542
13170001 3.02553
13180001 3.02556
13190001 3.02567
13200001 3.02577
13210001 3.02591
13220001 3.026
13230001 3.02606
13240001 3.02612
13250001 3.02621
13260001 3.02636
13270001 3.02637
13280001 3.02646
13290001 3.02646
13300001 3.02657
13310001 3.02667
13320001 3.02679
13330001 3.02692
13340001 3.02701
13350001 3.02706
13360001 3.02719
13370001 3.02726
13380001 3.02735
13390001 3.02747
13400001 3.02758
13410001 3.0277
13420001 3.02786
13430001 3.02794
13440001 3.028
13450001 3.0281
13460001 3.0282
13470001 3.0283
13480001 3.02834
13490001 3.02845
13500001 3.02852
13510001 3.02866
13520001 3.02868
13530001 3.0288
13540001 3.02892
13550001 3.029
13560001 3.02909
13570001 3.02917
13580001 3.02927
13590001 3.02933
13600001 3.02942
13610001 3.02952
13620001 3.02963
13630001 3.02974
13640001 3.02989
13650001 3.03
13660001 3.03016
13670001 3.03028
13680001 3.03044
13690001 3.03047
13700001 3.03055
13710001 3.03067
13720001 3.03079
13730001 3.03093
13740001 3.031
13750001 3.03116
13760001 3.03121
13770001 3.03131
13780001 3.03144
13790001 3.03147
13800001 3.03162
13810001 3.03176
13820001 3.03181
13830001 3.03186
13840001 3.03207
13850001 3.0321
13860001 3.03215
13870001 3.03229
13880001 3.03236
13890001 3.03246
13900001 3.03258
13910001 3.03271
13920001 3.03279
13930001 3.03289
13940001 3.03304
13950001 3.0331
13960001 3.03329
13970001 3.03342
13980001 3.03355
13990001 3.03362
14000001 3.03373
14010001 3.03381
14020001 3.0339
14030001 3.03402
14040001 3.03411
14050001 3.0342
14060001 3.03429
14070001 3.03446
14080001 3.03457
14090001 3.03466
14100001 3.03479
14110001 3.03492
14120001 3.03502
14130001 3.03512
14140001 3.03523
14150001 3.03528
14160001 3.03542
14170001 3.03554
14180001 3.03567
14190001 3.03579
14200001 3.03593
14210001 3.03602
14220001 3.03617
14230001 3.03632
14240001 3.03644
14250001 3.03655
14260001 3.03662
14270001 3.03679
14280001 3.03691
14290001 3.03701
14300001 3.03713
14310001 3.03726
14320001 3.03735
14330001 3.03749
14340001 3.03759
14350001 3.03767
14360001 3.03777
14370001 3.0379
14380001 3.03797
14390001 3.03808
14400001 3.03821
14410001 3.03832
14420001 3.03845
14430001 3.03855
14440001 3.03872
14450001 3.03876
14460001 3.03892
14470001 3.03904
14480001 3.03916
14490001 3.03931
14500001 3.03942
14510001 3.03948
14520001 3.03962
14530001 3.03973
14540001 3.03984
14550001 3.03998
14560001 3.0401
14570001 3.04016
14580001 3.0403
14590001 3.04044
14600001 3.04061
14610001 3.04067
14620001 3.0408
14630001 3.04092
14640001 3.04107
14650001 3.04117
14660001 3.0413
14670001 3.04153
14680001 3.04165
14690001 3.04176
14700001 3.04187
14710001 3.04202
14720001 3.04216
14730001 3.04225
14740001 3.04237
14750001 3.04244
14760001 3.0426
14770001 3.04275
14780001 3.04288
14790001 3.04299
14800001 3.04314
14810001 3.04328
14820001 3.04333
14830001 3.04351
14840001 3.04364
14850001 3.04381
14860001 3.04392
14870001 3.04407
14880001 3.04414
14890001 3.04423
14900001 3.04434
14910001 3.0445
14920001 3.04461
14930001 3.04478
14940001 3.0449
14950001 3.04503
14960001 3.04514
14970001 3.04521
14980001 3.0453
14990001 3.04543
15000001 3.04557
15010001 3.04569
15020001 3.04585
15030001 3.04598
15040001 3.04613
15050001 3.04625
15060001 3.0464
15070001 3.04649
15080001 3.04664
15090001 3.04677
15100001 3.04686
15110001 3.04694
15120001 3.04704
15130001 3.04717
15140001 3.0473
15150001 3.04749
15160001 3.04759
15170001 3.04774
15180001 3.04786
15190001 3.04802
15200001 3.04815
15210001 3.0483
15220001 3.04843
15230001 3.04851
15240001 3.0486
15250001 3.04874
15260001 3.04891
15270001 3.04899
15280001 3.04917
15290001 3.04931
15300001 3.0494
15310001 3.04954
15320001 3.04971
15330001 3.04981
15340001 3.04995
15350001 3.05013
15360001 3.05025
15370001 3.05037
15380001 3.05048
15390001 3.05059
15400001 3.05069
15410001 3.05081
15420001 3.05098
15430001 3.05114
15440001 3.0513
15450001 3.05144
15460001 3.05159
15470001 3.05171
15480001 3.05183
15490001 3.05195
15500001 3.05208
15510001 3.0522
15520001 3.05228
15530001 3.0525
15540001 3.05268
15550001 3.05273
15560001 3.05284
15570001 3.05296
15580001 3.05311
15590001 3.05321
15600001 3.05338
15610001 3.05354
15620001 3.05367
15630001 3.05384
15640001 3.0539
15650001 3.05399
15660001 3.0541
15670001 3.05423
15680001 3.05439
15690001 3.05451
15700001 3.05467
15710001 3.05482
15720001 3.05495
15730001 3.05513
15740001 3.05532
15750001 3.05541
15760001 3.05556
15770001 3.05569
15780001 3.05584
15790001 3.05599
15800001 3.05611
15810001 3.05624
15820001 3.05633
15830001 3.05651
15840001 3.05666
15850001 3.05676
15860001 3.05687
15870001 3.05703
15880001 3.05718
15890001 3.05736
15900001 3.0575
15910001 3.05761
15920001 3.0577
15930001 3.05783
15940001 3.05802
15950001 3.05813
15960001 3.05829
15970001 3.05842
15980001 3.05861
15990001 3.05876
16000001 3.05884
16010001 3.05899
16020001 3.0591
16030001 3.05923
16040001 3.05936
16050001 3.05952
16060001 3.05966
16070001 3.05982
16080001 3.05991
16090001 3.06005
16100001 3.06016
16110001 3.06027
16120001 3.0604
16130001 3.06056
16140001 3.06075
16150001 3.06091
16160001 3.06104
16170001 3.06114
16180001 3.06129
16190001 3.06142
16200001 3.06159
16210001 3.06169
16220001 3.06186
16230001 3.06202
16240001 3.06221
16250001 3.06236
16260001 3.06246
16270001 3.0626
16280001 3.06273
16290001 3.06287
16300001 3.06301
16310001 3.06319
16320001 3.06336
16330001 3.06352
16340001 3.06367
16350001 3.0638
16360001 3.06395
16370001 3.06414
16380001 3.06429
16390001 3.06437
16400001 3.06453
16410001 3.06472
16420001 3.06485
16430001 3.06504
16440001 3.06511
16450001 3.06528
16460001 3.06541
16470001 3.06551
16480001 3.0657
16490001 3.06582
16500001 3.06592
16510001 3.06607
16520001 3.0662
16530001 3.06632
16540001 3.06647
16550001 3.06667
16560001 3.06681
16570001 3.06696
16580001 3.06707
16590001 3.0672
16600001 3.06733
16610001 3.06744
16620001 3.06757
16630001 3.06775
16640001 3.06786
16650001 3.06798
16660001 3.0681
16670001 3.06821
16680001 3.06842
16690001 3.06861
16700001 3.06878
16710001 3.06891
16720001 3.06904
16730001 3.06919
16740001 3.06932
16750001 3.06951
16760001 3.06963
16770001 3.06977
16780001 3.06988
16790001 3.06997
16800001 3.07016
16810001 3.07036
16820001 3.07052
16830001 3.07067
16840001 3.07081
16850001 3.07096
16860001 3.07112
16870001 3.07126
16880001 3.07136
16890001 3.07152
16900001 3.07174
16910001 3.07187
16920001 3.07205
16930001 3.07217
16940001 3.0723
16950001 3.07244
16960001 3.07261
16970001 3.07278
16980001 3.07298
16990001 3.07314
17000001 3.07331
17010001 3.07343
17020001 3.07361
17030001 3.07375
17040001 3.07394
17050001 3.07404
17060001 3.07421
17070001 3.07436
17080001 3.07454
17090001 3.07467
17100001 3.07483
17110001 3.07501
17120001 3.07512
17130001 3.07528
17140001 3.07544
17150001 3.07554
17160001 3.07567
17170001 3.07587
17180001 3.07603
17190001 3.07618
17200001 3.07632
17210001 3.07644
17220001 3.07662
17230001 3.07681
17240001 3.07696
17250001 3.07714
17260001 3.07731
17270001 3.07746
17280001 3.07765
17290001 3.0778
17300001 3.07789
17310001 3.0781
17320001 3.07818
17330001 3.07834
17340001 3.0785
17350001 3.0786
17360001 3.07875
17370001 3.07888
17380001 3.07905
17390001 3.07921
17400001 3.07942
17410001 3.0796
17420001 3.07972
17430001 3.07994
17440001 3.08008
17450001 3.08023
17460001 3.08037
17470001 3.08054
17480001 3.0807
17490001 3.08084
17500001 3.08102
17510001 3.08125
17520001 3.08144
17530001 3.08159
17540001 3.08172
17550001 3.08183
17560001 3.08201
17570001 3.08209
17580001 3.08224
17590001 3.08242
17600001 3.08256
17610001 3.0827
17620001 3.08286
17630001 3.08305
17640001 3.08326
17650001 3.08342
17660001 3.08356
17670001 3.08373
17680001 3.08384
17690001 3.08392
17700001 3.08403
17710001 3.08421
17720001 3.0844
17730001 3.08453
17740001 3.0847
17750001 3.08486
17760001 3.08502
17770001 3.08515
17780001 3.08536
17790001 3.0856
17800001 3.08572
17810001 3.08587
17820001 3.08606
17830001 3.0862
17840001 3.08631
17850001 3.0865
17860001 3.08667
17870001 3.08682
17880001 3.08698
17890001 3.08711
17900001 3.08726
17910001 3.08741
17920001 3.08763
17930001 3.0878
17940001 3.08804
17950001 3.08812
17960001 3.08826
17970001 3.08839
17980001 3.0886
17990001 3.0887
18000001 3.08883
18010001 3.08902
18020001 3.08916
18030001 3.08933
18040001 3.08956
18050001 3.08967
18060001 3.08984
18070001 3.08997
18080001 3.09016
18090001 3.09035
18100001 3.09053
18110001 3.09068
18120001 3.09083
18130001 3.091
18140001 3.09119
18150001 3.09135
18160001 3.09155
18170001 3.09172
18180001 3.09187
18190001 3.09208
18200001 3.09213
18210001 3.09233
18220001 3.09251
18230001 3.09266
18240001 3.09282
18250001 3.09293
18260001 3.09314
18270001 3.09333
18280001 3.09352
18290001 3.09371
18300001 3.09386
18310001 3.094
18320001 3.0942
18330001 3.09435
18340001 3.09451
18350001 3.09467
18360001 3.09485
18370001 3.095
18380001 3.09519
18390001 3.09533
18400001 3.09556
18410001 3.09566
18420001 3.09584
18430001 3.09603
18440001 3.09622
18450001 3.09639
18460001 3.09653
18470001 3.09669
18480001 3.09684
18490001 3.09698
18500001 3.09718
18510001 3.09735
18520001 3.09752
18530001 3.09764
18540001 3.09783
18550001 3.09804
18560001 3.09816
18570001 3.09834
18580001 3.09851
18590001 3.09871
18600001 3.09884
18610001 3.09903
18620001 3.09925
18630001 3.09945
18640001 3.09955
18650001 3.09968
18660001 3.09986
18670001 3.10001
18680001 3.10015
18690001 3.10033
18700001 3.1005
18710001 3.10067
18720001 3.10087
18730001 3.10104
18740001 3.10121
18750001 3.10134
18760001 3.10156
18770001 3.10177
18780001 3.10197
18790001 3.10215
18800001 3.10222
18810001 3.10244
18820001 3.10261
18830001 3.10274
18840001 3.10292
18850001 3.10312
18860001 3.1033
18870001 3.10347
18880001 3.10368
18890001 3.10379
18900001 3.104
18910001 3.10418
18920001 3.10434
18930001 3.10448
18940001 3.10462
18950001 3.10478
18960001 3.10495
18970001 3.10514
18980001 3.1053
18990001 3.10548
19000001 3.10565
19010001 3.10581
19020001 3.10599
19030001 3.10617
19040001 3.10634
19050001 3.10649
19060001 3.10669
19070001 3.10687
19080001 3.10707
19090001 3.10725
19100001 3.10738
19110001 3.10758
19120001 3.10772
19130001 3.10788
19140001 3.10807
19150001 3.10825
19160001 3.10845
19170001 3.10862
19180001 3.1088
19190001 3.10893
19200001 3.10915
19210001 3.10933
19220001 3.10952
19230001 3.10973
19240001 3.10985
19250001 3.10999
19260001 3.11015
19270001 3.11033
19280001 3.11049
19290001 3.11066
19300001 3.1108
19310001 3.11091
19320001 3.11111
19330001 3.1113
19340001 3.11144
19350001 3.1116
19360001 3.11179
19370001 3.11199
19380001 3.11216
19390001 3.11235
19400001 3.1125
19410001 3.11265
19420001 3.11287
19430001 3.11301
19440001 3.11319
19450001 3.11335
19460001 3.11347
19470001 3.11371
19480001 3.11387
19490001 3.11409
19500001 3.11427
19510001 3.11443
19520001 3.11465
19530001 3.11481
19540001 3.11506
19550001 3.11521
19560001 3.11534
19570001 3.1155
19580001 3.11567
19590001 3.11585
19600001 3.11597
19610001 3.11612
19620001 3.11634
19630001 3.1165
19640001 3.11668
19650001 3.11685
19660001 3.11706
19670001 3.11724
19680001 3.11745
19690001 3.11757
19700001 3.11771
19710001 3.11791
19720001 3.11808
19730001 3.11822
19740001 3.11839
19750001 3.11855
19760001 3.11871
19770001 3.11885
19780001 3.11902
19790001 3.11923
19800001 3.11947
19810001 3.11959
19820001 3.11974
19830001 3.11993
19840001 3.12013
19850001 3.12029
19860001 3.12046
19870001 3.12064
19880001 3.12083
19890001 3.12093
19900001 3.1211
19910001 3.12134
19920001 3.12151
19930001 3.12162
19940001 3.12178
19950001 3.12197
19960001 3.12218
19970001 3.12234
19980001 3.12252
19990001 3.12274
20000001 3.12293
20010001 3.1231
20020001 3.12324
20030001 3.12338
20040001 3.12358
20050001 3.12381
20060001 3.12402
20070001 3.12417
20080001 3.12431
20090001 3.12447
20100001 3.12473
20110001 3.12493
20120001 3.12507
20130001 3.12523
20140001 3.12544
20150001 3.12563
20160001 3.1258
20170001 3.12597
20180001 3.12616
20190001 3.12635
20200001 3.12652
20210001 3.12674
20220001 3.1269
20230001 3.12702
20240001 3.12719
20250001 3.12742
20260001 3.12757
20270001 3.12773
20280001 3.12789
20290001 3.12806
20300001 3.1282
20310001 3.12835
20320001 3.12854
20330001 3.12869
20340001 3.12883
20350001 3.12899
20360001 3.1291
20370001 3.12926
20380001 3.12947
20390001 3.12963
20400001 3.12988
20410001 3.13005
20420001 3.13023
20430001 3.13042
20440001 3.13058
20450001 3.1308
20460001 3.13096
20470001 3.13111
20480001 3.13121
20490001 3.13143
20500001 3.13159
20510001 3.1318
20520001 3.13189
20530001 3.13208
20540001 3.13228
20550001 3.13248
20560001 3.13263
20570001 3.13281
20580001 3.133
20590001 3.13316
20600001 3.13333
20610001 3.13351
20620001 3.13365
20630001 3.13386
20640001 3.13405
20650001 3.13417
20660001 3.13433
20670001 3.1345
20680001 3.13469
20690001 3.13489
20700001 3.13502
20710001 3.13513
20720001 3.13535
20730001 3.1355
20740001 3.13566
20750001 3.13584
20760001 3.136
20770001 3.13622
20780001 3.13643
20790001 3.13662
20800001 3.13682
20810001 3.13697
20820001 3.13712
20830001 3.13726
20840001 3.13748
20850001 3.13768
20860001 3.13785
20870001 3.13809
20880001 3.13828
20890001 3.13842
20900001 3.13867
20910001 3.13888
20920001 3.13899
20930001 3.13919
20940001 3.13933
20950001 3.13949
20960001 3.1397
20970001 3.13988
20980001 3.14008
20990001 3.14024
21000001 3.14045
21010001 3.14067
21020001 3.14079
21030001 3.14096
21040001 3.14113
21050001 3.14129
21060001 3.1414
21070001 3.14165
21080001 3.14183
21090001 3.142
21100001 3.14218
21110001 3.14236
21120001 3.14254
21130001 3.14272
21140001 3.14286
21150001 3.14306
21160001 3.14321
21170001 3.14337
21180001 3.14359
21190001 3.14373
21200001 3.1439
21210001 3.14404
21220001 3.14425
21230001 3.14445
21240001 3.14463
21250001 3.14474
21260001 3.14494
21270001 3.14513
21280001 3.14527
21290001 3.14548
21300001 3.14566
21310001 3.14593
21320001 3.14612
21330001 3.14629
21340001 3.14647
21350001 3.14661
21360001 3.14676
21370001 3.14698
21380001 3.14719
21390001 3.14741
21400001 3.1476
21410001 3.14773
21420001 3.14793
21430001 3.14808
21440001 3.14826
21450001 3.14845
21460001 3.14862
21470001 3.1488
21480001 3.14899
21490001 3.14918
21500001 3.14935
21510001 3.14955
21520001 3.14971
21530001 3.1499
21540001 3.15004
21550001 3.15024
21560001 3.15047
21570001 3.15065
21580001 3.1508
21590001 3.151
21600001 3.15118
21610001 3.15136
21620001 3.15155
21630001 3.15177
21640001 3.15192
21650001 3.15209
21660001 3.15227
21670001 3.15248
21680001 3.15268
21690001 3.15283
21700001 3.15296
21710001 3.1532
21720001 3.15336
21730001 3.15356
21740001 3.15371
21750001 3.15395
21760001 3.15417
21770001 3.15437
21780001 3.15455
21790001 3.15474
21800001 3.15491
21810001 3.15513
21820001 3.1553
21830001 3.15547
21840001 3.15566
21850001 3.15581
21860001 3.15595
21870001 3.15618
21880001 3.15638
21890001 3.15657
21900001 3.15675
21910001 3.15692
21920001 3.15709
21930001 3.15728
21940001 3.15744
21950001 3.15765
21960001 3.15784
21970001 3.15801
21980001 3.15813
21990001 3.15837
22000001 3.15859
22010001 3.15877
22020001 3.15898
22030001 3.15917
22040001 3.15932
22050001 3.15953
22060001 3.1597
22070001 3.15986
22080001 3.16003
22090001 3.16021
22100001 3.16042
22110001 3.16062
22120001 3.1608
22130001 3.16098
22140001 3.16118
22150001 3.16135
22160001 3.16152
22170001 3.16171
22180001 3.16192
22190001 3.1621
22200001 3.16229
22210001 3.16247
22220001 3.16262
22230001 3.16283
22240001 3.16302
22250001 3.16324
22260001 3.16346
22270001 3.16367
22280001 3.16382
22290001 3.16404
22300001 3.16425
22310001 3.16438
22320001 3.16456
22330001 3.16475
22340001 3.1649
22350001 3.16508
22360001 3.16528
22370001 3.16548
22380001 3.16576
22390001 3.166
22400001 3.16618
22410001 3.16627
22420001 3.16647
22430001 3.16664
22440001 3.1668
22450001 3.16697
22460001 3.16719
22470001 3.16739
22480001 3.16758
22490001 3.16779
22500001 3.16801
22510001 3.16816
22520001 3.16835
22530001 3.16858
22540001 3.16883
22550001 3.16902
22560001 3.16922
22570001 3.16944
22580001 3.16956
22590001 3.16975
22600001 3.16994
22610001 3.17014
22620001 3.17031
22630001 3.1705
22640001 3.17064
22650001 3.17082
22660001 3.17098
22670001 3.17118
22680001 3.17132
22690001 3.17151
22700001 3.17167
22710001 3.17186
22720001 3.17204
22730001 3.17222
22740001 3.1724
22750001 3.17263
22760001 3.1728
22770001 3.17299
22780001 3.17323
22790001 3.17338
22800001 3.17362
22810001 3.17382
22820001 3.17408
22830001 3.17424
22840001 3.17441
22850001 3.17458
22860001 3.17476
22870001 3.17494
22880001 3.1751
22890001 3.17531
22900001 3.17552
22910001 3.17571
22920001 3.17592
22930001 3.17614
22940001 3.17634
22950001 3.17647
22960001 3.17666
22970001 3.17687
22980001 3.17704
22990001 3.17728
23000001 3.1775
23010001 3.17765
23020001 3.17781
23030001 3.17801
23040001 3.17818
23050001 3.17839
23060001 3.1786
23070001 3.17877
23080001 3.17898
23090001 3.17916
23100001 3.17937
23110001 3.17955
23120001 3.17975
23130001 3.17986
23140001 3.1801
23150001 3.18029
23160001 3.18052
23170001 3.18071
23180001 3.18091
23190001 3.18112
23200001 3.18131
23210001 3.18146
23220001 3.18162
23230001 3.1818
23240001 3.18203
23250001 3.18223
23260001 3.1824
23270001 3.18268
23280001 3.18289
23290001 3.18306
23300001 3.18326
23310001 3.18344
23320001 3.18369
23330001 3.18389
23340001 3.18403
23350001 3.1842
23360001 3.18439
23370001 3.18462
23380001 3.18477
23390001 3.18495
23400001 3.18509
23410001 3.18531
23420001 3.18553
23430001 3.18569
23440001 3.18587
23450001 3.186
23460001 3.18616
23470001 3.18636
23480001 3.18652
23490001 3.18672
23500001 3.1869
23510001 3.18713
23520001 3.18737
23530001 3.18755
23540001 3.18778
23550001 3.18799
23560001 3.18826
23570001 3.18844
23580001 3.18862
23590001 3.18884
23600001 3.18897
23610001 3.18914
23620001 3.18935
23630001 3.18952
23640001 3.18975
23650001 3.18992
23660001 3.19008
23670001 3.19024
23680001 3.19044
23690001 3.19063
23700001 3.1908
23710001 3.19099
23720001 3.19115
23730001 3.19138
23740001 3.19157
23750001 3.1918
23760001 3.19196
23770001 3.19213
23780001 3.19235
23790001 3.19251
23800001 3.1927
23810001 3.1929
23820001 3.19308
23830001 3.19332
23840001 3.19349
23850001 3.19367
23860001 3.19389
23870001 3.19408
23880001 3.19428
23890001 3.19448
23900001 3.19463
23910001 3.19478
23920001 3.19502
23930001 3.19519
23940001 3.19544
23950001 3.19567
23960001 3.19583
23970001 3.19605
23980001 3.19622
23990001 3.19642
24000001 3.19667
24010001 3.19681
24020001 3.197
24030001 3.19719
24040001 3.19729
24050001 3.19753
24060001 3.19773
24070001 3.19795
24080001 3.1981
24090001 3.19824
24100001 3.19837
24110001 3.19862
24120001 3.19882
24130001 3.19904
24140001 3.19931
24150001 3.19952
24160001 3.19966
24170001 3.19979
24180001 3.2
24190001 3.20019
24200001 3.20037
24210001 3.20061
24220001 3.20078
24230001 3.20096
24240001 3.2012
24250001 3.20141
24260001 3.20162
24270001 3.20181
24280001 3.20199
24290001 3.2022
24300001 3.20244
24310001 3.20265
24320001 3.20278
24330001 3.20299
24340001 3.20318
24350001 3.20334
24360001 3.20355
24370001 3.20376
24380001 3.20393
24390001 3.20411
24400001 3.20431
24410001 3.20454
24420001 3.2047
24430001 3.20483
24440001 3.20507
24450001 3.20531
24460001 3.20547
24470001 3.20565
24480001 3.20584
24490001 3.20602
24500001 3.20621
24510001 3.20643
24520001 3.20665
24530001 3.20687
24540001 3.20702
24550001 3.20719
24560001 3.20732
24570001 3.2075
24580001 3.20771
24590001 3.20793
24600001 3.2081
24610001 3.20833
24620001 3.20856
24630001 3.20875
24640001 3.20892
24650001 3.20912
24660001 3.20929
24670001 3.20944
24680001 3.20964
24690001 3.20985
24700001 3.21008
24710001 3.21028
24720001 3.21047
24730001 3.21065
24740001 3.21087
24750001 3.21102
24760001 3.21116
24770001 3.21134
24780001 3.21151
24790001 3.21173
24800001 3.21194
24810001 3.21211
24820001 3.21228
24830001 3.21249
24840001 3.2127
24850001 3.21289
24860001 3.21305
24870001 3.21326
24880001 3.21345
24890001 3.21366
24900001 3.21381
24910001 3.21408
24920001 3.21428
24930001 3.21444
24940001 3.21463
24950001 3.21478
24960001 3.21496
24970001 3.21518
24980001 3.21535
24990001 3.21554
25000001 3.21571
25010001 3.21589
25020001 3.21607
25030001 3.21622
25040001 3.21639
25050001 3.21659
25060001 3.2168
25070001 3.21695
25080001 3.21717
25090001 3.21737
25100001 3.21757
25110001 3.21778
25120001 3.21794
25130001 3.21813
25140001 3.2183
25150001 3.21851
25160001 3.21876
25170001 3.21893
25180001 3.21914
25190001 3.21929
25200001 3.21951
25210001 3.21967
25220001 3.21985
25230001 3.22006
25240001 3.22019
25250001 3.22045
25260001 3.22065
25270001 3.22085
25280001 3.22104
25290001 3.22121
25300001 3.22142
25310001 3.2216
25320001 3.22182
25330001 3.22204
25340001 3.22219
25350001 3.22239
25360001 3.22264
25370001 3.22285
25380001 3.22307
25390001 3.2233
25400001 3.22349
25410001 3.22362
25420001 3.2238
25430001 3.224
25440001 3.22419
25450001 3.22439
25460001 3.22461
25470001 3.22478
25480001 3.22496
25490001 3.22521
25500001 3.22541
25510001 3.22556
25520001 3.22568
25530001 3.22588
25540001 3.22605
25550001 3.22635
25560001 3.22655
25570001 3.22674
25580001 3.22692
25590001 3.22713
25600001 3.22737
25610001 3.22756
25620001 3.22783
25630001 3.228
25640001 3.22828
25650001 3.22844
25660001 3.22861
25670001 3.22879
25680001 3.22901
25690001 3.22916
25700001 3.22935
25710001 3.22955
25720001 3.22972
25730001 3.22993
25740001 3.23008
25750001 3.23029
25760001 3.23045
25770001 3.2307
25780001 3.23091
25790001 3.23115
25800001 3.23133
25810001 3.23148
25820001 3.23169
25830001 3.23185
25840001 3.23206
25850001 3.23225
25860001 3.23247
25870001 3.23261
25880001 3.2328
25890001 3.23297
25900001 3.23318
25910001 3.23338
25920001 3.23361
25930001 3.23382
25940001 3.23399
25950001 3.23422
25960001 3.23445
25970001 3.23461
25980001 3.23481
25990001 3.235
26000001 3.23521
26010001 3.23544
26020001 3.23566
26030001 3.2358
26040001 3.23595
26050001 3.23617
26060001 3.2364
26070001 3.23661
26080001 3.23676
26090001 3.23696
26100001 3.23714
26110001 3.23731
26120001 3.23752
26130001 3.23769
26140001 3.23793
26150001 3.23811
26160001 3.23833
26170001 3.23854
26180001 3.23876
26190001 3.23891
26200001 3.23909
26210001 3.23931
26220001 3.23947
26230001 3.23962
26240001 3.23982
26250001 3.24009
26260001 3.24027
26270001 3.24039
26280001 3.24061
26290001 3.24084
26300001 3.24102
26310001 3.24118
26320001 3.24137
26330001 3.24159
26340001 3.24178
26350001 3.24196
26360001 3.24212
26370001 3.24233
26380001 3.2426
26390001 3.24277
26400001 3.24301
26410001 3.24317
26420001 3.24335
26430001 3.24357
26440001 3.24381
26450001 3.24399
26460001 3.24416
26470001 3.24438
26480001 3.24457
26490001 3.24477
26500001 3.24502
26510001 3.24512
26520001 3.2453
26530001 3.24551
26540001 3.24567
26550001 3.24582
26560001 3.24597
26570001 3.24621
26580001 3.24635
26590001 3.2466
26600001 3.24683
26610001 3.24709
26620001 3.24722
26630001 3.2474
26640001 3.24755
26650001 3.24774
26660001 3.24802
26670001 3.24825
26680001 3.24838
26690001 3.24859
26700001 3.2488
26710001 3.249
26720001 3.24925
26730001 3.24944
26740001 3.24961
26750001 3.24983
26760001 3.25004
26770001 3.25021
26780001 3.25044
26790001 3.25064
26800001 3.25082
26810001 3.25103
26820001 3.25117
26830001 3.25141
26840001 3.25159
26850001 3.25179
26860001 3.252
26870001 3.25218
26880001 3.25237
26890001 3.2526
26900001 3.25275
26910001 3.25298
26920001 3.25318
26930001 3.25333
26940001 3.25353
26950001 3.25376
26960001 3.25396
26970001 3.25411
26980001 3.25425
26990001 3.25443
27000001 3.25466
27010001 3.25487
27020001 3.25506
27030001 3.25528
27040001 3.25546
27050001 3.25566
27060001 3.25585
27070001 3.25608
27080001 3.25629
27090001 3.25646
27100001 3.25665
27110001 3.2568
27120001 3.257
27130001 3.25723
27140001 3.25743
27150001 3.25759
27160001 3.25775
27170001 3.25795
27180001 3.25815
27190001 3.25831
27200001 3.25851
27210001 3.25869
27220001 3.25891
27230001 3.25913
27240001 3.25928
27250001 3.25946
27260001 3.25969
27270001 3.25988
27280001 3.26007
27290001 3.26028
27300001 3.26048
27310001 3.26065
27320001 3.26086
27330001 3.26104
27340001 3.26122
27350001 3.26141
27360001 3.26162
27370001 3.26183
27380001 3.26202
27390001 3.26218
27400001 3.26234
27410001 3.26255
27420001 3.26276
27430001 3.26296
27440001 3.26316
27450001 3.26334
27460001 3.26354
27470001 3.26374
27480001 3.26391
27490001 3.26408
27500001 3.26429
27510001 3.26448
27520001 3.26465
27530001 3.26486
27540001 3.26505
27550001 3.26522
27560001 3.26544
27570001 3.26559
27580001 3.26581
27590001 3.26598
27600001 3.26619
27610001 3.2664
27620001 3.26659
27630001 3.26679
27640001 3.26694
27650001 3.26712
27660001 3.26731
27670001 3.26753
27680001 3.26768
27690001 3.26784
27700001 3.26802
27710001 3.26821
27720001 3.26837
27730001 3.26854
27740001 3.26875
27750001 3.269
27760001 3.2692
27770001 3.26934
27780001 3.26953
27790001 3.26969
27800001 3.26989
27810001 3.27011
27820001 3.27033
27830001 3.27053
27840001 3.27072
27850001 3.27093
27860001 3.27115
27870001 3.27132
27880001 3.27153
27890001 3.27172
27900001 3.2719
27910001 3.27216
27920001 3.27236
27930001 3.27253
27940001 3.27272
27950001 3.27293
27960001 3.27315
27970001 3.27331
27980001 3.27355
27990001 3.27377
28000001 3.27393
28010001 3.27409
28020001 3.27426
28030001 3.27444
28040001 3.27466
28050001 3.27487
28060001 3.27507
28070001 3.27524
28080001 3.27542
28090001 3.27564
28100001 3.27586
28110001 3.27605
28120001 3.27626
28130001 3.27648
28140001 3.27669
28150001 3.27681
28160001 3.27698
28170001 3.2772
28180001 3.27742
28190001 3.27762
28200001 3.27778
28210001 3.27794
28220001 3.27816
28230001 3.27834
28240001 3.27854
28250001 3.27877
28260001 3.27897
28270001 3.2792
28280001 3.27936
28290001 3.27961
28300001 3.27978
28310001 3.27996
28320001 3.28022
28330001 3.28037
28340001 3.28059
28350001 3.28078
28360001 3.28101
28370001 3.2812
28380001 3.28142
28390001 3.2816
28400001 3.28184
28410001 3.28204
28420001 3.2822
28430001 3.28238
28440001 3.28262
28450001 3.28285
28460001 3.28303
28470001 3.28324
28480001 3.28337
28490001 3.28358
28500001 3.2837
28510001 3.28389
28520001 3.28413
28530001 3.28429
28540001 3.28448
28550001 3.28469
28560001 3.28493
28570001 3.2851
28580001 3.28529
28590001 3.2855
28600001 3.28572
28610001 3.2859
28620001 3.28609
28630001 3.28631
28640001 3.28653
28650001 3.28671
28660001 3.28694
28670001 3.28714
28680001 3.28727
28690001 3.28744
28700001 3.28768
28710001 3.28791
28720001 3.28811
28730001 3.28834
28740001 3.28858
28750001 3.28872
28760001 3.2889
28770001 3.28911
28780001 3.28931
28790001 3.28953
28800001 3.28969
28810001 3.28987
28820001 3.29005
28830001 3.29024
28840001 3.29045
28850001 3.29062
28860001 3.29084
28870001 3.29101
28880001 3.29118
28890001 3.29135
28900001 3.29162
28910001 3.29186
28920001 3.29204
28930001 3.29228
28940001 3.2925
28950001 3.29271
28960001 3.29286
28970001 3.29302
28980001 3.29321
28990001 3.29339
29000001 3.29357
29010001 3.29376
29020001 3.29395
29030001 3.29414
29040001 3.29433
29050001 3.29454
29060001 3.2947
29070001 3.29491
29080001 3.29512
29090001 3.2953
29100001 3.2955
29110001 3.29574
29120001 3.29591
29130001 3.2961
29140001 3.29628
29150001 3.29655
29160001 3.29671
29170001 3.29695
29180001 3.2971
29190001 3.29721
29200001 3.29745
29210001 3.29763
29220001 3.29789
29230001 3.298
29240001 3.29822
29250001 3.29838
29260001 3.29857
29270001 3.29878
29280001 3.29896
29290001 3.29916
29300001 3.29938
29310001 3.29951
29320001 3.29969
29330001 3.29994
29340001 3.30017
29350001 3.30038
29360001 3.30058
29370001 3.30076
29380001 3.30095
29390001 3.30111
29400001 3.30136
29410001 3.30155
29420001 3.30174
29430001 3.30193
29440001 3.30216
29450001 3.30236
29460001 3.30259
29470001 3.30275
29480001 3.30292
29490001 3.30307
29500001 3.30331
29510001 3.30351
29520001 3.3037
29530001 3.3039
29540001 3.30409
29550001 3.30432
29560001 3.30449
29570001 3.30468
29580001 3.30485
29590001 3.30503
29600001 3.30525
29610001 3.30547
29620001 3.30568
29630001 3.30586
29640001 3.30604
29650001 3.30619
29660001 3.30642
29670001 3.30659
29680001 3.3068
29690001 3.30701
29700001 3.30716
29710001 3.30739
29720001 3.30754
29730001 3.30775
29740001 3.3079
29750001 3.3081
29760001 3.30832
29770001 3.30854
29780001 3.30876
29790001 3.30895
29800001 3.30911
29810001 3.30938
29820001 3.30952
29830001 3.3097
29840001 3.30987
29850001 3.31006
29860001 3.31024
29870001 3.31045
29880001 3.31064
29890001 3.31086
29900001 3.31103
29910001 3.31128
29920001 3.31146
29930001 3.31167
29940001 3.31183
29950001 3.31199
29960001 3.31219
29970001 3.31239
29980001 3.31259
29990001 3.31284
