1 2140.14
10001 40.0754
20001 16.2998
30001 10.2164
40001 7.66541
50001 6.43829
60001 5.71567
70001 5.26456
80001 4.98711
90001 4.74241
100001 4.62506
110001 4.54352
120001 4.44835
130001 4.37403
140001 4.31685
150001 4.25217
160001 4.23988
170001 4.19782
180001 4.20264
190001 4.1665
200001 4.16348
210001 4.15897
220001 4.14064
230001 4.13256
240001 4.13413
250001 4.10102
260001 4.08098
270001 4.11902
280001 4.09303
290001 4.06137
300001 4.09579
310001 4.07407
320001 4.0706
330001 4.07318
340001 4.07344
350001 4.06895
360001 4.08531
370001 4.08412
380001 4.04423
390001 4.07448
400001 4.04835
410001 4.07462
420001 4.04682
430001 4.08267
440001 4.05238
450001 4.06329
460001 4.02692
470001 4.05221
480001 4.04611
490001 4.05833
500001 4.02717
510001 4.06409
520001 4.04169
530001 4.07111
540001 4.05077
550001 4.03532
560001 4.05232
570001 4.06377
580001 4.07703
590001 4.05149
600001 4.06347
610001 4.04145
620001 4.04188
630001 4.0479
640001 4.03067
650001 4.04324
660001 4.05068
670001 4.04159
680001 4.04032
690001 4.04544
700001 4.05377
710001 4.0559
720001 4.05385
730001 4.04235
740001 4.05768
750001 4.04316
760001 4.05301
770001 4.05208
780001 4.03389
790001 4.04897
800001 4.04637
810001 4.03165
820001 4.03904
830001 4.02585
840001 4.05969
850001 4.06366
860001 4.02542
870001 4.05316
880001 4.0415
890001 4.0349
900001 4.06703
910001 4.05749
920001 4.057
930001 4.03221
940001 4.02876
950001 4.04643
960001 4.06573
970001 4.03754
980001 4.03918
990001 4.03312
1000001 4.04233
1010001 4.02576
1020001 4.01466
1030001 4.03096
1040001 4.026
1050001 4.06235
1060001 4.03513
1070001 4.06538
1080001 4.08746
1090001 4.04883
1100001 4.03713
1110001 4.04606
1120001 4.04164
1130001 4.0411
1140001 4.03107
1150001 4.01276
1160001 4.02659
1170001 4.05502
1180001 4.04239
1190001 4.04459
1200001 4.019
1210001 4.04596
1220001 4.06279
1230001 4.02685
1240001 4.02039
1250001 4.04044
1260001 4.04416
1270001 4.04815
1280001 4.02354
1290001 4.03627
1300001 4.05514
1310001 4.07535
1320001 4.03686
1330001 4.02599
1340001 4.03222
1350001 4.03943
1360001 4.03347
1370001 4.06673
1380001 4.03203
1390001 4.04369
1400001 4.00794
1410001 4.03109
1420001 4.04151
1430001 4.03853
1440001 4.02891
1450001 4.06542
1460001 4.06598
1470001 4.04453
1480001 4.03237
1490001 4.029
1500001 4.05285
1510001 4.04001
1520001 4.04358
1530001 4.0284
1540001 4.01916
1550001 4.0414
1560001 4.05754
1570001 4.05527
1580001 4.0258
1590001 4.03785
1600001 4.03471
1610001 4.05342
1620001 4.03875
1630001 4.02581
1640001 4.04053
1650001 4.03452
1660001 4.03521
1670001 4.02149
1680001 4.02704
1690001 4.03321
1700001 4.03807
1710001 4.05445
1720001 4.06045
1730001 4.03076
1740001 4.03108
1750001 4.04547
1760001 4.03242
1770001 4.04566
1780001 4.00522
1790001 4.02757
1800001 4.02737
1810001 4.04901
1820001 4.02026
1830001 4.02849
1840001 4.04488
1850001 4.04125
1860001 4.02805
1870001 4.04779
1880001 4.04402
1890001 4.04289
1900001 4.04831
1910001 4.02711
1920001 4.04019
1930001 4.01515
1940001 4.03655
1950001 4.02681
1960001 4.05755
1970001 4.03892
1980001 4.04859
1990001 4.05471
2000001 4.02529
2010001 4.02982
2020001 4.03557
2030001 4.03437
2040001 4.0296
2050001 4.03211
2060001 4.03153
2070001 4.03527
2080001 4.02314
2090001 4.03445
2100001 4.06813
2110001 4.05008
2120001 4.03638
2130001 4.0184
2140001 4.04099
2150001 4.04935
2160001 4.01387
2170001 4.03674
2180001 4.0363
2190001 4.04206
2200001 4.03345
2210001 4.03512
2220001 4.06956
2230001 4.03853
2240001 4.04253
2250001 4.01817
2260001 4.06487
2270001 4.03298
2280001 4.05122
2290001 4.05008
2300001 4.02835
2310001 4.01957
2320001 4.026
2330001 4.0381
2340001 4.04208
2350001 4.04863
2360001 4.04954
2370001 4.05464
2380001 4.05017
2390001 4.02113
2400001 4.02662
2410001 4.04249
2420001 4.03579
2430001 4.0241
2440001 4.00119
2450001 4.02755
2460001 4.04731
2470001 4.02398
2480001 4.03059
2490001 4.06677
2500001 4.05433
2510001 4.03517
2520001 4.03546
2530001 4.02357
2540001 4.02616
2550001 4.02279
2560001 4.0472
2570001 4.04185
2580001 4.0368
2590001 4.03574
2600001 4.01501
2610001 4.0512
2620001 4.02826
2630001 4.02759
2640001 4.02527
2650001 4.04165
2660001 4.01519
2670001 4.04625
2680001 4.01415
2690001 4.03766
2700001 4.04674
2710001 4.03013
2720001 4.04663
2730001 4.02808
2740001 4.01008
2750001 4.02849
2760001 4.04624
2770001 4.03886
2780001 4.02967
2790001 4.03447
2800001 4.01992
2810001 4.02635
2820001 4.03604
2830001 4.03351
2840001 4.07208
2850001 4.02948
2860001 4.04687
2870001 4.04578
2880001 4.07336
2890001 4.02327
2900001 4.04976
2910001 4.02574
2920001 4.03812
2930001 4.063
2940001 4.04716
2950001 4.05322
2960001 4.0187
2970001 4.04211
2980001 4.03604
2990001 4.04392
3000001 4.02549
3010001 4.05176
3020001 4.03108
3030001 4.05465
3040001 4.03936
3050001 4.05941
3060001 4.05028
3070001 4.04641
3080001 4.0092
3090001 4.03407
3100001 4.03404
3110001 4.06663
3120001 4.05286
3130001 4.04067
3140001 4.04292
3150001 4.03509
3160001 4.02603
3170001 4.07337
3180001 4.02033
3190001 4.03909
3200001 4.03545
3210001 4.03846
3220001 4.06224
3230001 4.06681
3240001 4.02348
3250001 4.03624
3260001 4.02946
3270001 4.0361
3280001 4.04077
3290001 4.05125
3300001 4.03818
3310001 4.04075
3320001 4.01893
3330001 4.06035
3340001 4.03422
3350001 4.05018
3360001 4.04552
3370001 4.03297
3380001 4.06168
3390001 4.0543
3400001 4.03887
3410001 4.04541
3420001 4.02919
3430001 4.0332
3440001 4.0479
3450001 4.01738
3460001 4.00845
3470001 4.02139
3480001 4.03169
3490001 4.02585
3500001 4.03755
3510001 4.05763
3520001 4.02274
3530001 4.0406
3540001 4.04177
3550001 4.01442
3560001 4.05038
3570001 4.02875
3580001 4.0535
3590001 4.03632
3600001 4.03575
3610001 4.03331
3620001 4.03051
3630001 4.03433
3640001 4.03327
3650001 4.03724
3660001 4.03172
3670001 4.03115
3680001 4.01703
3690001 4.04644
3700001 3.99826
3710001 4.04605
3720001 4.05573
3730001 4.02224
3740001 4.02958
3750001 4.0479
3760001 4.05633
3770001 4.04593
3780001 4.04329
3790001 4.04695
3800001 4.05253
3810001 4.03982
3820001 4.03652
3830001 4.02607
3840001 4.05711
3850001 4.05142
3860001 4.0376
3870001 4.02774
3880001 4.0367
3890001 4.01849
3900001 4.04153
3910001 4.04939
3920001 4.03352
3930001 4.05904
3940001 4.04553
3950001 4.04816
3960001 4.03567
3970001 4.01149
3980001 4.02176
3990001 4.033
4000001 4.03416
4010001 4.02285
4020001 4.0406
4030001 4.05343
4040001 4.05775
4050001 4.01612
4060001 4.0529
4070001 4.02788
4080001 4.04814
4090001 4.05928
4100001 4.03318
4110001 4.01877
4120001 4.0373
4130001 4.03519
4140001 4.03205
4150001 4.04574
4160001 4.03394
4170001 4.04663
4180001 4.01923
4190001 4.045
4200001 4.03602
4210001 4.03149
4220001 4.03131
4230001 4.0284
4240001 4.0696
4250001 4.07298
4260001 4.0351
4270001 4.02393
4280001 4.02493
4290001 4.05026
4300001 4.04808
4310001 4.0183
4320001 4.03098
4330001 4.02927
4340001 4.06442
4350001 4.0579
4360001 4.06488
4370001 4.05404
4380001 4.02976
4390001 4.042
4400001 4.05006
4410001 4.02958
4420001 4.04403
4430001 4.02058
4440001 4.02784
4450001 4.03226
4460001 4.04521
4470001 4.03639
4480001 4.03768
4490001 4.05494
4500001 4.03934
4510001 4.03417
4520001 4.06765
4530001 4.03219
4540001 4.02875
4550001 4.05761
4560001 4.02977
4570001 4.01784
4580001 4.03086
4590001 4.02157
4600001 4.04856
4610001 4.03006
4620001 4.01622
4630001 4.02541
4640001 4.04667
4650001 4.04734
4660001 4.03266
4670001 4.01342
4680001 4.02777
4690001 4.05592
4700001 4.04345
4710001 4.04571
4720001 4.0541
4730001 4.05603
4740001 4.03057
4750001 4.01407
4760001 4.05728
4770001 4.03754
4780001 4.04756
4790001 4.03842
4800001 4.02729
4810001 4.05119
4820001 4.01599
4830001 4.04054
4840001 4.03852
4850001 4.05934
4860001 4.01306
4870001 4.06194
4880001 4.06244
4890001 4.03529
4900001 4.05447
4910001 4.04297
4920001 4.05147
4930001 4.01345
4940001 4.06362
4950001 4.03117
4960001 4.04981
4970001 4.03274
4980001 4.03812
4990001 4.03427
5000001 4.04183
5010001 4.05791
5020001 4.02415
5030001 4.06299
5040001 4.06168
5050001 4.03012
5060001 4.04832
5070001 4.02171
5080001 4.04981
5090001 4.0553
5100001 4.01709
5110001 4.05305
5120001 4.04437
5130001 4.04845
5140001 4.04158
5150001 4.036
5160001 4.02694
5170001 4.03417
5180001 4.04068
5190001 4.04016
5200001 4.03258
5210001 4.05149
5220001 4.02721
5230001 4.0292
5240001 4.0349
5250001 4.03037
5260001 4.07423
5270001 4.04852
5280001 4.0422
5290001 4.05254
5300001 4.01983
5310001 4.04262
5320001 4.02612
5330001 4.03678
5340001 4.05983
5350001 4.05935
5360001 4.03445
5370001 4.03397
5380001 4.03245
5390001 4.04841
5400001 4.02975
5410001 4.043
5420001 4.0563
5430001 4.03965
5440001 4.04959
5450001 4.04301
5460001 4.04854
5470001 4.04288
5480001 4.05776
5490001 4.05666
5500001 4.0252
5510001 4.03076
5520001 4.04771
5530001 4.03612
5540001 4.04046
5550001 4.03436
5560001 4.05565
5570001 4.03394
5580001 4.03298
5590001 4.00016
5600001 4.03458
5610001 4.03865
5620001 4.02865
5630001 4.05365
5640001 4.03009
5650001 4.02171
5660001 4.034
5670001 4.03051
5680001 4.02821
5690001 4.03244
5700001 4.03605
5710001 4.04962
5720001 4.02945
5730001 4.04724
5740001 4.00706
5750001 4.0483
5760001 4.06327
5770001 4.0312
5780001 4.04924
5790001 4.02838
5800001 4.03514
5810001 4.04303
5820001 4.03086
5830001 4.0492
5840001 4.0389
5850001 4.02587
5860001 4.06689
5870001 4.02449
5880001 4.05961
5890001 4.03174
5900001 4.05439
5910001 4.04185
5920001 4.02339
5930001 4.03577
5940001 4.0274
5950001 4.06348
5960001 4.02931
5970001 4.01078
5980001 4.06102
5990001 4.03799
6000001 4.0454
6010001 4.0341
6020001 4.0187
6030001 4.03158
6040001 4.05096
6050001 4.02803
6060001 4.0347
6070001 4.03387
6080001 4.05464
6090001 4.02728
6100001 4.04633
6110001 4.06534
6120001 4.05345
6130001 4.04345
6140001 4.04692
6150001 4.05558
6160001 4.04383
6170001 4.01723
6180001 4.04967
6190001 4.0666
6200001 4.00861
6210001 4.04932
6220001 4.05366
6230001 4.00675
6240001 4.04523
6250001 4.02303
6260001 4.04343
6270001 4.04413
6280001 4.02894
6290001 4.03364
6300001 4.02741
6310001 4.02334
6320001 4.04652
6330001 4.03225
6340001 4.0179
6350001 4.02675
6360001 4.0453
6370001 4.06286
6380001 4.03606
6390001 4.02054
6400001 4.06094
6410001 4.0419
6420001 4.04555
6430001 4.043
6440001 4.03546
6450001 4.04047
6460001 4.04734
6470001 4.0483
6480001 4.04568
6490001 4.04208
6500001 4.00328
6510001 4.02734
6520001 4.03565
6530001 4.05093
6540001 4.05061
6550001 4.02346
6560001 4.03422
6570001 4.03902
6580001 4.01435
6590001 4.00822
6600001 4.03183
6610001 4.06444
6620001 4.0346
6630001 4.04176
6640001 4.04678
6650001 4.04264
6660001 4.03745
6670001 4.03202
6680001 4.04877
6690001 4.05776
6700001 4.03733
6710001 4.05291
6720001 4.03552
6730001 4.03561
6740001 4.02296
6750001 4.04861
6760001 4.04497
6770001 4.05122
6780001 4.04674
6790001 4.02907
6800001 4.04564
6810001 4.02536
6820001 4.0237
6830001 4.02444
6840001 4.06556
6850001 4.05078
6860001 4.021
6870001 4.02423
6880001 4.03339
6890001 4.02924
6900001 4.06522
6910001 4.02973
6920001 4.03575
6930001 4.03334
6940001 4.04195
6950001 4.01474
6960001 4.05531
6970001 4.04245
6980001 4.02404
6990001 4.03692
7000001 4.0296
7010001 4.02771
7020001 4.05079
7030001 4.01562
7040001 4.03993
7050001 4.02589
7060001 4.03438
7070001 4.01886
7080001 4.01929
7090001 4.05536
7100001 4.03453
7110001 4.05807
7120001 4.04417
7130001 4.0591
7140001 4.00733
7150001 4.04085
7160001 4.0165
7170001 4.03182
7180001 4.01457
7190001 4.02603
7200001 4.03746
7210001 4.05109
7220001 4.03811
7230001 4.02762
7240001 4.02192
7250001 4.02113
7260001 4.03789
7270001 4.01719
7280001 4.05246
7290001 4.03354
7300001 4.0019
7310001 4.03824
7320001 4.04271
7330001 4.04347
7340001 4.05598
7350001 4.04953
7360001 4.03847
7370001 4.02721
7380001 4.03261
7390001 4.02642
7400001 4.00921
7410001 4.03274
7420001 4.05845
7430001 4.02228
7440001 4.0235
7450001 4.06039
7460001 4.02815
7470001 4.04535
7480001 4.03077
7490001 4.02723
7500001 4.05292
7510001 4.03921
7520001 4.03957
7530001 4.02685
7540001 4.04041
7550001 4.02258
7560001 4.02946
7570001 4.00824
7580001 4.03413
7590001 4.03527
7600001 4.0287
7610001 4.03067
7620001 4.02849
7630001 4.02167
7640001 4.01953
7650001 4.05995
7660001 4.02255
7670001 4.06118
7680001 4.01812
7690001 4.03991
7700001 4.03414
7710001 4.04332
7720001 4.01956
7730001 4.02245
7740001 4.05396
7750001 4.0339
7760001 4.03125
7770001 4.01365
7780001 4.03725
7790001 4.04572
7800001 4.04895
7810001 4.06215
7820001 4.03095
7830001 4.07698
7840001 4.02359
7850001 4.01629
7860001 4.02844
7870001 4.0325
7880001 4.05053
7890001 4.07182
7900001 4.03669
7910001 4.01431
7920001 4.05751
7930001 4.03743
7940001 4.03195
7950001 4.05912
7960001 4.04876
7970001 4.02675
7980001 4.05266
7990001 4.04085
8000001 4.02948
8010001 4.04678
8020001 4.03375
8030001 4.03798
8040001 4.03641
8050001 4.04558
8060001 4.03448
8070001 4.03987
8080001 4.04754
8090001 4.0542
8100001 4.02806
8110001 4.03313
8120001 4.04226
8130001 4.01888
8140001 4.01832
8150001 4.00778
8160001 4.02825
8170001 4.03635
8180001 4.04748
8190001 4.0319
8200001 4.03901
8210001 4.03497
8220001 4.04364
8230001 4.04154
8240001 4.01417
8250001 4.05092
8260001 4.02537
8270001 4.05982
8280001 4.03676
8290001 4.03977
8300001 4.03416
8310001 4.02778
8320001 4.01812
8330001 4.03295
8340001 4.03888
8350001 4.04241
8360001 4.03167
8370001 4.04464
8380001 4.05062
8390001 4.01413
8400001 4.02961
8410001 4.02561
8420001 4.02653
8430001 4.0336
8440001 4.04704
8450001 4.0338
8460001 4.03651
8470001 4.01265
8480001 4.03045
8490001 4.05622
8500001 4.05087
8510001 4.01457
8520001 4.03744
8530001 4.04979
8540001 4.05051
8550001 4.0404
8560001 4.03669
8570001 4.04206
8580001 4.02989
8590001 4.02712
8600001 4.04746
8610001 4.05585
8620001 4.03974
8630001 4.04913
8640001 4.02747
8650001 4.04191
8660001 4.00836
8670001 4.03696
8680001 4.04146
8690001 4.04381
8700001 4.03576
8710001 4.03507
8720001 4.02402
8730001 4.04429
8740001 4.06457
8750001 4.04996
8760001 4.01251
8770001 4.02263
8780001 4.04221
8790001 3.99684
8800001 4.03976
8810001 4.06437
8820001 4.03297
8830001 4.05013
8840001 4.03701
8850001 4.02491
8860001 4.04054
8870001 4.04098
8880001 4.03768
8890001 4.05487
8900001 4.03718
8910001 4.05758
8920001 4.04107
8930001 4.02838
8940001 4.02841
8950001 4.06179
8960001 4.03695
8970001 4.03385
8980001 4.05356
8990001 4.01886
9000001 4.05757
9010001 4.03166
9020001 4.04642
9030001 4.04076
9040001 4.02422
9050001 4.04234
9060001 4.04462
9070001 4.04177
9080001 4.03375
9090001 4.0396
9100001 4.00499
9110001 4.03988
9120001 4.02983
9130001 4.041
9140001 4.01162
9150001 4.05501
9160001 4.04338
9170001 4.06089
9180001 4.03408
9190001 4.02531
9200001 4.0519
9210001 4.04695
9220001 4.04263
9230001 4.03813
9240001 4.04976
9250001 4.01772
9260001 4.04058
9270001 4.05298
9280001 4.02985
9290001 4.03437
9300001 4.04654
9310001 4.07429
9320001 4.01257
9330001 4.03626
9340001 4.04915
9350001 4.04054
9360001 4.05207
9370001 4.04042
9380001 4.02857
9390001 4.03888
9400001 4.03356
9410001 4.03537
9420001 4.05452
9430001 4.05168
9440001 4.03496
9450001 4.03412
9460001 4.04853
9470001 4.02235
9480001 4.05308
9490001 4.0404
9500001 4.02969
9510001 4.04726
9520001 4.0456
9530001 4.03386
9540001 4.03123
9550001 4.05968
9560001 4.03887
9570001 4.017
9580001 4.05488
9590001 4.03448
9600001 4.05144
9610001 4.04248
9620001 4.04473
9630001 4.04944
9640001 4.03013
9650001 3.9948
9660001 4.01454
9670001 4.04265
9680001 4.05197
9690001 4.01826
9700001 4.04714
9710001 4.02762
9720001 4.05265
9730001 4.0326
9740001 4.03805
9750001 4.02562
9760001 4.04837
9770001 4.0392
9780001 4.05038
9790001 4.03719
9800001 4.03138
9810001 4.0378
9820001 4.02032
9830001 4.0322
9840001 4.05256
9850001 4.03563
9860001 4.03143
9870001 4.02687
9880001 4.02574
9890001 4.02984
9900001 4.0716
9910001 4.08755
9920001 4.03103
9930001 4.06085
9940001 4.03998
9950001 4.04972
9960001 4.03035
9970001 4.00797
9980001 4.03547
9990001 4.03467
