1 73.837
11 6.30111
21 4.81486
31 4.14499
41 3.72975
51 3.45038
61 3.25091
71 3.10184
81 2.97705
91 2.88204
101 2.80201
111 2.73809
121 2.68291
131 2.63455
141 2.59177
151 2.55356
161 2.52155
171 2.49014
181 2.46665
191 2.44313
201 2.41892
211 2.3984
221 2.3783
231 2.36211
241 2.34723
251 2.33268
261 2.31762
271 2.30119
281 2.29508
291 2.27987
301 2.26818
311 2.25626
321 2.25003
331 2.23844
341 2.22974
351 2.22293
361 2.21533
371 2.20642
381 2.20036
391 2.19232
401 2.18648
411 2.18111
421 2.1738
431 2.16731
441 2.1599
451 2.15502
461 2.14941
471 2.14263
481 2.14079
491 2.13184
501 2.1295
511 2.12988
521 2.12344
531 2.11709
541 2.11675
551 2.10953
561 2.10608
571 2.1015
581 2.09885
591 2.09404
601 2.09105
611 2.08775
621 2.08683
631 2.08101
641 2.07679
651 2.07573
661 2.07204
671 2.07118
681 2.06836
691 2.06467
701 2.05998
711 2.06088
721 2.05776
731 2.05825
741 2.05307
751 2.0486
761 2.04919
771 2.04875
781 2.04374
791 2.04113
801 2.039
811 2.0363
821 2.03334
831 2.03353
841 2.0302
851 2.02772
861 2.02606
871 2.02236
881 2.02459
891 2.02054
901 2.01834
911 2.01523
921 2.0154
931 2.01282
941 2.01447
951 2.0095
961 2.00958
971 2.00713
981 2.00732
991 2.00595
1001 2.00315
1011 2.00266
1021 2.00046
1031 1.99907
1041 1.99772
1051 1.99598
1061 1.9934
1071 1.99504
1081 1.99066
1091 1.9926
1101 1.98732
1111 1.98732
1121 1.98707
1131 1.98361
1141 1.98616
1151 1.98257
1161 1.9818
1171 1.98038
1181 1.98233
1191 1.97675
1201 1.9803
1211 1.97853
1221 1.97393
1231 1.97649
1241 1.97685
1251 1.97404
1261 1.96942
1271 1.97147
1281 1.96885
1291 1.96807
1301 1.96701
1311 1.96636
1321 1.96355
1331 1.96369
1341 1.9647
1351 1.96266
1361 1.96436
1371 1.96201
1381 1.96038
1391 1.95629
1401 1.95811
1411 1.98153
1421 1.95794
1431 1.95397
1441 1.95188
1451 1.95046
1461 1.95142
1471 1.9515
1481 1.95189
1491 1.95022
1501 1.94754
1511 1.94995
1521 1.94858
1531 1.94748
1541 1.94606
1551 1.94521
1561 1.94413
1571 1.94424
1581 1.94157
1591 1.94231
1601 1.94155
1611 1.94086
1621 1.94152
1631 1.94062
1641 1.93802
1651 1.9398
1661 1.94091
1671 1.94299
1681 1.93343
1691 1.93672
1701 1.93702
1711 1.93208
1721 1.93166
1731 1.9334
1741 1.93269
1751 1.93311
1761 1.92936
1771 1.92884
1781 1.93039
1791 1.93181
1801 1.93202
1811 1.93006
1821 1.9289
1831 1.92703
1841 1.92694
1851 1.9233
1861 1.925
1871 1.92737
1881 1.92354
1891 1.92845
1901 1.92712
1911 1.9232
1921 1.92165
1931 1.92394
1941 1.92168
1951 1.92311
1961 1.92196
1971 1.91999
1981 1.91971
1991 1.9178
2001 1.9199
2011 1.91805
2021 1.91721
2031 1.91855
2041 1.91664
2051 1.91515
2061 1.91695
2071 1.91341
2081 1.91525
2091 1.91291
2101 1.91453
2111 1.91279
2121 1.91327
2131 1.91238
2141 1.91157
2151 1.91179
2161 1.91186
2171 1.91059
2181 1.91305
2191 1.90818
2201 1.90809
2211 1.90793
2221 1.90819
2231 1.90601
2241 1.90785
2251 1.9528
2261 1.90569
2271 1.90705
2281 1.90549
2291 1.90387
2301 1.90448
2311 1.90274
2321 1.90361
2331 1.90316
2341 1.90377
2351 1.90396
2361 1.90397
2371 1.90827
2381 1.90264
2391 1.90324
2401 1.90489
2411 1.90117
2421 1.90042
2431 1.89888
2441 1.89921
2451 1.89832
2461 1.89628
2471 1.90035
2481 1.8969
2491 1.89749
2501 1.89679
2511 1.89524
2521 1.89488
2531 1.89842
2541 1.89709
2551 1.89599
2561 1.8948
2571 1.89474
2581 1.89273
2591 1.89303
2601 1.93111
2611 1.89448
2621 1.89247
2631 1.89319
2641 1.89357
2651 1.89056
2661 1.89152
2671 1.8917
2681 1.89029
2691 1.88899
2701 1.8916
2711 1.95154
2721 1.88891
2731 1.88934
2741 1.88519
2751 1.89304
2761 1.88844
2771 1.88684
2781 1.8877
2791 1.88588
2801 1.88758
2811 1.88534
2821 1.8884
2831 1.88916
2841 1.88599
2851 1.88603
2861 1.88541
2871 1.88714
2881 1.88569
2891 1.88618
2901 1.88654
2911 1.88347
2921 1.88449
2931 1.88499
2941 1.8829
2951 1.88186
2961 1.88328
2971 1.88343
2981 1.88346
2991 1.88201
3001 1.8823
3011 1.88204
3021 1.88321
3031 1.88287
3041 1.88355
3051 1.88197
3061 1.88124
3071 1.87878
3081 1.87804
3091 1.87938
3101 1.87909
3111 1.88064
3121 1.88139
3131 1.88074
3141 1.87777
3151 1.87983
3161 1.87792
3171 1.87181
3181 1.87747
3191 1.87599
3201 1.87831
3211 1.87578
3221 1.87861
3231 1.87569
3241 1.87423
3251 1.87151
3261 1.87474
3271 1.87486
3281 1.87586
3291 1.87674
3301 1.87376
3311 1.87533
3321 1.87443
3331 1.87733
3341 1.87143
3351 1.87558
3361 1.87174
3371 1.87278
3381 1.87008
3391 1.87092
3401 1.87174
3411 1.87098
3421 1.87246
3431 1.87086
3441 1.86893
3451 1.87373
3461 1.87004
3471 1.86966
3481 1.86948
3491 1.86994
3501 1.86994
3511 1.86938
3521 1.87187
3531 1.86925
3541 1.86759
3551 1.86874
3561 1.86717
3571 1.86725
3581 1.87085
3591 1.86786
3601 1.86748
3611 1.93848
3621 1.87028
3631 1.86743
3641 1.86565
3651 1.86667
3661 1.8674
3671 1.86592
3681 1.86516
3691 1.8672
3701 1.86596
3711 1.86503
3721 1.86404
3731 1.86597
3741 1.86682
3751 1.86679
3761 1.86431
3771 1.86462
3781 1.86286
3791 1.86737
3801 1.86261
3811 1.86116
3821 1.86332
3831 1.86517
3841 1.86478
3851 1.86147
3861 1.86146
3871 1.86448
3881 1.86149
3891 1.85956
3901 1.86197
3911 1.86343
3921 1.86218
3931 1.86073
3941 1.85976
3951 1.85851
3961 1.86153
3971 1.86258
3981 1.86207
3991 1.85932
4001 1.86031
4011 1.8764
4021 1.85754
4031 1.85961
4041 1.86106
4051 1.85722
4061 1.85645
4071 1.85996
4081 1.85925
4091 1.85744
4101 1.86006
4111 1.85841
4121 1.85705
4131 1.85961
4141 1.85643
4151 1.85715
4161 1.85964
4171 1.85701
4181 1.8546
4191 1.85534
4201 1.85292
4211 1.85392
4221 1.85566
4231 1.85461
4241 1.85636
4251 1.85527
4261 1.85475
4271 1.85315
4281 1.85323
4291 1.85539
4301 1.85418
4311 1.85391
4321 1.85422
4331 1.85238
4341 1.85448
4351 1.85389
4361 1.8518
4371 1.85262
4381 1.85404
4391 1.85388
4401 1.85069
4411 1.85116
4421 1.85036
4431 1.85466
4441 1.85375
4451 1.85009
4461 1.86191
4471 1.85131
4481 1.85374
4491 1.85117
4501 1.85232
4511 1.85426
4521 1.85074
4531 1.8503
4541 1.84774
4551 1.85399
4561 1.84985
4571 1.85045
4581 1.85174
4591 1.84997
4601 1.84896
4611 1.84927
4621 1.84836
4631 1.85025
4641 1.85001
4651 1.85267
4661 1.84947
4671 1.85044
4681 1.84994
4691 1.848
4701 1.84801
4711 1.84719
4721 1.84847
4731 1.84926
4741 1.84816
4751 1.84865
4761 1.84684
4771 1.84997
4781 1.84639
4791 1.84801
4801 1.84854
4811 1.84925
4821 1.84549
4831 1.84566
4841 1.84626
4851 1.84602
4861 1.84676
4871 1.84447
4881 1.84606
4891 1.84812
4901 1.8424
4911 1.84418
4921 1.84256
4931 1.84559
4941 1.84253
4951 1.8441
4961 1.84349
4971 1.84716
4981 1.84728
4991 1.84614
5001 1.84467
5011 1.84213
5021 1.84372
5031 1.84318
5041 1.84101
5051 1.84312
5061 1.84132
5071 1.84218
5081 1.84148
5091 1.84585
5101 1.84385
5111 1.84363
5121 1.84569
5131 1.8425
5141 1.84336
5151 1.8437
5161 1.84006
5171 1.84017
5181 1.84327
5191 1.84189
5201 1.84166
5211 1.84218
5221 1.84314
5231 1.84011
5241 1.84137
5251 1.84
5261 1.84146
5271 1.83954
5281 1.84024
5291 1.8407
5301 1.83767
5311 1.84238
5321 1.84039
5331 1.83883
5341 1.84011
5351 1.83998
5361 1.84183
5371 1.83915
5381 1.83857
5391 1.83886
5401 1.8378
5411 1.84464
5421 1.83906
5431 1.84024
5441 1.83937
5451 1.84029
5461 1.8397
5471 1.83668
5481 1.83753
5491 1.83719
5501 1.8355
5511 1.83778
5521 1.83632
5531 1.83364
5541 1.83339
5551 1.8368
5561 1.83805
5571 1.83419
5581 1.83831
5591 1.83911
5601 1.83953
5611 1.83873
5621 1.83611
5631 1.83452
5641 1.83831
5651 1.83538
5661 1.83391
5671 1.83551
5681 1.83747
5691 1.83673
5701 1.8346
5711 1.83758
5721 1.83711
5731 1.8378
5741 1.83725
5751 1.83378
5761 1.8318
5771 1.83458
5781 1.83533
5791 1.83433
5801 1.83439
5811 1.83416
5821 1.83369
5831 1.83123
5841 1.83115
5851 1.83538
5861 1.837
5871 1.83761
5881 1.83301
5891 1.83513
5901 1.84335
5911 1.83431
5921 1.83247
5931 1.83088
5941 1.83459
5951 1.8325
5961 1.83297
5971 1.83277
5981 1.83258
5991 1.83337
6001 1.83187
6011 1.83279
6021 1.83192
6031 1.83324
6041 1.82945
6051 1.8307
6061 1.8301
6071 1.83204
6081 1.83195
6091 1.83031
6101 1.83116
6111 1.8315
6121 1.82994
6131 1.83256
6141 1.85684
6151 1.83056
6161 1.83055
6171 1.83423
6181 1.8318
6191 1.83101
6201 1.83252
6211 1.8281
6221 1.83038
6231 1.82845
6241 1.83049
6251 1.82978
6261 1.83278
6271 1.82922
6281 1.82779
6291 1.83232
6301 1.83126
6311 1.82716
6321 1.82918
6331 1.83122
6341 1.83191
6351 1.83003
6361 1.82791
6371 1.82767
6381 1.83011
6391 1.82869
6401 1.82906
6411 1.8284
6421 1.82814
6431 1.8265
6441 1.82927
6451 1.83024
6461 1.8272
6471 1.82996
6481 1.8286
6491 1.82606
6501 1.82714
6511 1.82561
6521 1.82632
6531 1.82702
6541 1.82502
6551 1.82864
6561 1.82844
6571 1.82631
6581 1.82634
6591 1.82949
6601 1.82947
6611 1.82969
6621 1.8276
6631 1.82659
6641 1.82608
6651 1.82707
6661 1.82538
6671 1.82513
6681 1.82723
6691 1.8315
6701 1.82933
6711 1.82478
6721 1.82631
6731 1.82389
6741 1.82622
6751 1.82481
6761 1.8255
6771 1.8284
6781 1.82423
6791 1.82437
6801 1.82429
6811 1.82483
6821 1.82437
6831 1.82498
6841 1.82435
6851 1.82603
6861 1.82482
6871 1.8255
6881 1.82715
6891 1.82389
6901 1.82562
6911 1.82177
6921 1.82349
6931 1.82535
6941 1.82517
6951 1.82401
6961 1.82373
6971 1.82136
6981 1.81982
6991 1.82492
7001 1.82293
7011 1.82302
7021 1.82349
7031 1.82356
7041 1.82431
7051 1.82566
7061 1.82386
7071 1.82128
7081 1.82066
7091 1.82379
7101 1.82107
7111 1.82323
7121 1.82216
7131 1.82149
7141 1.82251
7151 1.82339
7161 1.82092
7171 1.82302
7181 1.82237
7191 1.82194
7201 1.82455
7211 1.82123
7221 1.82042
7231 1.82213
7241 1.8223
7251 1.8227
7261 1.81964
7271 1.82309
7281 1.81991
7291 1.82117
7301 1.82168
7311 1.81888
7321 1.82164
7331 1.81917
7341 1.82119
7351 1.82593
7361 1.82317
7371 1.82165
7381 1.82318
7391 1.81941
7401 1.82116
7411 1.81896
7421 1.81923
7431 1.81889
7441 1.81647
7451 1.82293
7461 1.82037
7471 1.82326
7481 1.82076
7491 1.81802
7501 1.81947
7511 1.82007
7521 1.81758
7531 1.81994
7541 1.81999
7551 1.81729
7561 1.81949
7571 1.81831
7581 1.81873
7591 1.82048
7601 1.81847
7611 1.81846
7621 1.82017
7631 1.81599
7641 1.82256
7651 1.81509
7661 1.81687
7671 1.82022
7681 1.81801
7691 1.81786
7701 1.81667
7711 1.81711
7721 1.81829
7731 1.81696
7741 1.81664
7751 1.81943
7761 1.81814
7771 1.81661
7781 1.81909
7791 1.81826
7801 1.81786
7811 1.8171
7821 1.81764
7831 1.81917
7841 1.81876
7851 1.81887
7861 1.81879
7871 1.81863
7881 1.81843
7891 1.81647
7901 1.81809
7911 1.81587
7921 1.81616
7931 1.81895
7941 1.81647
7951 1.8168
7961 1.81673
7971 1.81596
7981 1.81676
7991 1.81789
8001 1.81915
8011 1.81693
8021 1.81473
8031 1.81547
8041 1.81736
8051 1.81347
8061 1.81434
8071 1.81343
8081 1.81916
8091 1.81688
8101 1.81623
8111 1.81688
8121 1.81598
8131 1.81595
8141 1.81602
8151 1.8158
8161 1.81348
8171 1.8195
8181 1.81408
8191 1.81312
8201 1.81526
8211 1.81715
8221 1.81233
8231 1.81466
8241 1.81423
8251 1.81366
8261 1.81537
8271 1.81794
8281 1.81723
8291 1.81465
8301 1.8119
8311 1.81772
8321 1.81667
8331 1.81426
8341 1.8139
8351 1.81385
8361 1.81629
8371 1.81315
8381 1.81315
8391 1.81084
8401 1.81028
8411 1.81696
8421 1.81279
8431 1.81296
8441 1.81531
8451 1.81274
8461 1.81562
8471 1.81108
8481 1.81253
8491 1.81317
8501 1.81275
8511 1.81418
8521 1.81434
8531 1.81466
8541 1.8156
8551 1.8179
8561 1.81351
8571 1.81141
8581 1.8123
8591 1.81313
8601 1.81417
8611 1.8115
8621 1.81275
8631 1.81178
8641 1.81384
8651 1.8126
8661 1.80936
8671 1.81078
8681 1.81374
8691 1.8136
8701 1.81232
8711 1.81121
8721 1.81258
8731 1.81103
8741 1.81209
8751 1.81016
8761 1.81469
8771 1.81404
8781 1.81105
8791 1.8102
8801 1.80943
8811 1.81111
8821 1.81177
8831 1.81129
8841 1.8104
8851 1.81124
8861 1.81234
8871 1.81035
8881 1.81237
8891 1.81209
8901 1.81087
8911 1.80972
8921 1.81266
8931 1.81008
8941 1.80992
8951 1.81046
8961 1.81001
8971 1.81052
8981 1.81152
8991 1.81198
9001 1.8086
9011 1.80919
9021 1.80907
9031 1.81199
9041 1.80578
9051 1.81108
9061 1.81216
9071 1.81464
9081 1.8102
9091 1.81107
9101 1.81068
9111 1.81154
9121 1.81083
9131 1.80914
9141 1.80945
9151 1.81369
9161 1.81025
9171 1.81011
9181 1.80772
9191 1.80974
9201 1.80966
9211 1.80988
9221 1.80826
9231 1.81078
9241 1.81133
9251 1.80882
9261 1.80944
9271 1.81159
9281 1.809
9291 1.80942
9301 1.80594
9311 1.80983
9321 1.80654
9331 1.80633
9341 1.80956
9351 1.80809
9361 1.80864
9371 1.80896
9381 1.80708
9391 1.80952
9401 1.80675
9411 1.80837
9421 1.80738
9431 1.80825
9441 1.80648
9451 1.8091
9461 1.80995
9471 1.80779
9481 1.80986
9491 1.80613
9501 1.80835
9511 1.80955
9521 1.80517
9531 1.80764
9541 1.80895
9551 1.80746
9561 1.80588
9571 1.80754
9581 1.80523
9591 1.80483
9601 1.80744
9611 1.80545
9621 1.80684
9631 1.80537
9641 1.80674
9651 1.80607
9661 1.80909
9671 1.80905
9681 1.80992
9691 1.8072
9701 1.80378
9711 1.80412
9721 1.80573
9731 1.80779
9741 1.80781
9751 1.80484
9761 1.80642
9771 1.80713
9781 1.8064
9791 1.80393
9801 1.80569
9811 1.80873
9821 1.80626
9831 1.80586
9841 1.80517
9851 1.80627
9861 1.80806
9871 1.80636
9881 1.80346
9891 1.80236
9901 1.80627
9911 1.8051
9921 1.80609
9931 1.80296
9941 1.8077
9951 1.80471
9961 1.80662
9971 1.80632
9981 1.80571
9991 1.80668
10001 1.80558
10011 1.81043
10021 1.80129
10031 1.80256
10041 1.80551
10051 1.80711
10061 1.80341
10071 1.80809
10081 1.80343
10091 1.8057
10101 1.80204
10111 1.80496
10121 1.80516
10131 1.80349
10141 1.80534
10151 1.80691
10161 1.80513
10171 1.80557
10181 1.80544
10191 1.80415
10201 1.8022
10211 1.80199
10221 1.80354
10231 1.80188
10241 1.80522
10251 1.80491
10261 1.80638
10271 1.80503
10281 1.80769
10291 1.80573
10301 1.80814
10311 1.8047
10321 1.80141
10331 1.80286
10341 1.80231
10351 1.80673
10361 1.80299
10371 1.80344
10381 1.80314
10391 1.80532
10401 1.80181
10411 1.80193
10421 1.80364
10431 1.81321
10441 1.8038
10451 1.80332
10461 1.79991
10471 1.80317
10481 1.80444
10491 1.80611
10501 1.8042
10511 1.80346
10521 1.80316
10531 1.80175
10541 1.80009
10551 1.80283
10561 1.80053
10571 1.8053
10581 1.80215
10591 1.80231
10601 1.80361
10611 1.80407
10621 1.80473
10631 1.80424
10641 1.80092
10651 1.80403
10661 1.80416
10671 1.80305
10681 1.80253
10691 1.80471
10701 1.79996
10711 1.80163
10721 1.80375
10731 1.79857
10741 1.8023
10751 1.80277
10761 1.80236
10771 1.80266
10781 1.80184
10791 1.80198
10801 1.80519
10811 1.80069
10821 1.7991
10831 1.80467
10841 1.80267
10851 1.80069
10861 1.80251
10871 1.80098
10881 1.80218
10891 1.80076
10901 1.79997
10911 1.80118
10921 1.80087
10931 1.79968
10941 1.80066
10951 1.80272
10961 1.80185
10971 1.80163
10981 1.80127
10991 1.79963
11001 1.80117
11011 1.80083
11021 1.80045
11031 1.79961
11041 1.80225
11051 1.80055
11061 1.80141
11071 1.80148
11081 1.80244
11091 1.80167
11101 1.8027
11111 1.80204
11121 1.80153
11131 1.80116
11141 1.80155
11151 1.80165
11161 1.79949
11171 1.79629
11181 1.80024
11191 1.80104
11201 1.80071
11211 1.80142
11221 1.79908
11231 1.79759
11241 1.79847
11251 1.7993
11261 1.79939
11271 1.7953
11281 1.79992
11291 1.80157
11301 1.80001
11311 1.79797
11321 1.80105
11331 1.80055
11341 1.79619
11351 1.79923
11361 1.80214
11371 1.79831
11381 1.80142
11391 1.83179
11401 1.80092
11411 1.79869
11421 1.79689
11431 1.79655
11441 1.79873
11451 1.79943
11461 1.7975
11471 1.79907
11481 1.79789
11491 1.79951
11501 1.80047
11511 1.80223
11521 1.79847
11531 1.79945
11541 1.80198
11551 1.79828
11561 1.79643
11571 1.7995
11581 1.79862
11591 1.79793
11601 1.79769
11611 1.80019
11621 1.79675
11631 1.80014
11641 1.79732
11651 1.79806
11661 1.80014
11671 1.80109
11681 1.79516
11691 1.79927
11701 1.79841
11711 1.79716
11721 1.79946
11731 1.79658
11741 1.79642
11751 1.79771
11761 1.79874
11771 1.79754
11781 1.79871
11791 1.79614
11801 1.799
11811 1.79568
11821 1.79778
11831 1.79664
11841 1.79852
11851 1.7971
11861 1.79998
11871 1.79787
11881 1.80147
11891 1.79653
11901 1.79735
11911 1.79637
11921 1.80014
11931 1.79591
11941 1.79936
11951 1.79583
11961 1.80113
11971 1.79831
11981 1.79948
11991 1.79759
12001 1.79595
12011 1.79757
12021 1.79773
12031 1.79653
12041 1.79909
12051 1.79695
12061 1.79879
12071 1.7978
12081 1.79791
12091 1.79586
12101 1.79427
12111 1.79531
12121 1.79929
12131 1.79577
12141 1.79783
12151 1.80043
12161 1.79746
12171 1.7949
12181 1.79395
12191 1.79604
12201 1.79666
12211 1.79429
12221 1.79807
12231 1.79542
12241 1.79827
12251 1.79919
12261 1.79591
12271 1.79594
12281 1.79793
12291 1.79762
12301 1.79842
12311 1.79589
12321 1.79447
12331 1.79516
12341 1.79644
12351 1.79396
12361 1.79307
12371 1.79928
12381 1.79832
12391 1.79683
12401 1.79519
12411 1.79356
12421 1.79594
12431 1.79452
12441 1.79899
12451 1.79747
12461 1.79251
12471 1.79764
12481 1.79548
12491 1.79452
12501 1.79495
12511 1.79742
12521 1.79669
12531 1.79518
12541 1.79613
12551 1.79742
12561 1.79581
12571 1.79505
12581 1.7967
12591 1.79608
12601 1.79594
12611 1.79419
12621 1.79273
12631 1.79273
12641 1.7973
12651 1.79531
12661 1.79945
12671 1.79471
12681 1.79419
12691 1.79523
12701 1.79577
12711 1.79598
12721 1.79449
12731 1.79336
12741 1.79278
12751 1.79408
12761 1.7953
12771 1.79751
12781 1.7947
12791 1.7964
12801 1.79246
12811 1.79589
12821 1.79319
12831 1.79733
12841 1.79353
12851 1.79322
12861 1.79326
12871 1.79286
12881 1.7978
12891 1.79579
12901 1.79359
12911 1.7933
12921 1.79474
12931 1.79348
12941 1.79409
12951 1.79564
12961 1.79835
12971 1.79596
12981 1.79691
12991 1.79197
13001 1.79409
13011 1.7898
13021 1.79033
13031 1.79835
13041 1.79311
13051 1.79295
13061 1.79558
13071 1.79545
13081 1.79282
13091 1.79787
13101 1.7938
13111 1.7951
13121 1.79527
13131 1.7912
13141 1.79482
13151 1.79368
13161 1.79528
13171 1.7952
13181 1.7926
13191 1.79449
13201 1.79483
13211 1.79326
13221 1.79419
13231 1.79288
13241 1.79257
13251 1.79237
13261 1.79326
13271 1.79259
13281 1.794
13291 1.79155
13301 1.79311
13311 1.79489
13321 1.79258
13331 1.79381
13341 1.7939
13351 1.79234
13361 1.79481
13371 1.79434
13381 1.79598
13391 1.79101
13401 1.80931
13411 1.79571
13421 1.79204
13431 1.79483
13441 1.92464
13451 1.79272
13461 1.79171
13471 1.79211
13481 1.79428
13491 1.79386
13501 1.79198
13511 1.79062
13521 1.79261
13531 1.79196
13541 1.79343
13551 1.79256
13561 1.79409
13571 1.79377
13581 1.79067
13591 1.79145
13601 1.79436
13611 1.79373
13621 1.79387
13631 1.79245
13641 1.79268
13651 1.79364
13661 1.80104
13671 1.79262
13681 1.7925
13691 1.79379
13701 1.7918
13711 1.79177
13721 1.78945
13731 1.78877
13741 1.79107
13751 1.7918
13761 1.7902
13771 1.79142
13781 1.7919
13791 1.79457
13801 1.79573
13811 1.79484
13821 1.78963
13831 1.79235
13841 1.79099
13851 1.79121
13861 1.79191
13871 1.79124
13881 1.79304
13891 1.79109
13901 1.79076
13911 1.79305
13921 1.79181
13931 1.79223
13941 1.79298
13951 1.79046
13961 1.79233
13971 1.79431
13981 1.79091
13991 1.7942
14001 1.7924
14011 1.78969
14021 1.7911
14031 1.79144
14041 1.79171
14051 1.79323
14061 1.79423
14071 1.79315
14081 1.79201
14091 1.78958
14101 1.79005
14111 1.78897
14121 1.79163
14131 1.78951
14141 1.79346
14151 1.80873
14161 1.78961
14171 1.79446
14181 1.79053
14191 1.78916
14201 1.79384
14211 1.79439
14221 1.7908
14231 1.78998
14241 1.79021
14251 1.79099
14261 1.78897
14271 1.79136
14281 1.78985
14291 1.78957
14301 1.79068
14311 1.78866
14321 1.78966
14331 1.78996
14341 1.79084
14351 1.78903
14361 1.79218
14371 1.7887
14381 1.79361
14391 1.78923
14401 1.79259
14411 1.79364
14421 1.79003
14431 1.78864
14441 1.79092
14451 1.79173
14461 1.78934
14471 1.79027
14481 1.78862
14491 1.7891
14501 1.7938
14511 1.79085
14521 1.79202
14531 1.78857
14541 1.79148
14551 1.79142
14561 1.79035
14571 1.78915
14581 1.79161
14591 1.79116
14601 1.78971
14611 1.78835
14621 1.78794
14631 1.78909
14641 1.79052
14651 1.79136
14661 1.78682
14671 1.78924
14681 1.78922
14691 1.79047
14701 1.78982
14711 1.79279
14721 1.78805
14731 1.78811
14741 1.79041
14751 1.78695
14761 1.78882
14771 1.78817
14781 1.78682
14791 1.78668
14801 1.78646
14811 1.78908
14821 1.79253
14831 1.79148
14841 1.78972
14851 1.78911
14861 1.78641
14871 1.78666
14881 1.7891
14891 1.78999
14901 1.7918
14911 1.78948
14921 1.78809
14931 1.78958
14941 1.7899
14951 1.78665
14961 1.78701
14971 1.791
14981 1.79175
14991 1.79023
15001 1.7874
15011 1.79043
15021 1.78922
15031 1.79092
15041 1.78715
15051 1.78871
15061 1.79126
15071 1.79075
15081 1.78726
15091 1.78873
15101 1.78945
15111 1.79204
15121 1.79083
15131 1.7907
15141 1.78733
15151 1.78879
15161 1.78957
15171 1.78715
15181 1.79008
15191 1.78935
15201 1.78742
15211 1.79001
15221 1.78566
15231 1.78906
15241 1.79043
15251 1.78613
15261 1.785
15271 1.78848
15281 1.78779
15291 1.78928
15301 1.78994
15311 1.78892
15321 1.78698
15331 1.78718
15341 1.79027
15351 1.78567
15361 1.78982
15371 1.78771
15381 1.79027
15391 1.78779
15401 1.79044
15411 1.78863
15421 1.79007
15431 1.7897
15441 1.78981
15451 1.78447
15461 1.7869
15471 1.79101
15481 1.79113
15491 1.7883
15501 1.78605
15511 1.79162
15521 1.78521
15531 1.79184
15541 1.78756
15551 1.7886
15561 1.7878
15571 1.78815
15581 1.78858
15591 1.78576
15601 1.78751
15611 1.78731
15621 1.78748
15631 1.78604
15641 1.78992
15651 1.78751
15661 1.79024
15671 1.78839
15681 1.78603
15691 1.78582
15701 1.78411
15711 1.78684
15721 1.78649
15731 1.78559
15741 1.78415
15751 1.78484
15761 1.78679
15771 1.78596
15781 1.78832
15791 1.79027
15801 1.78479
15811 1.78626
15821 1.78812
15831 1.78486
15841 1.78702
15851 1.78559
15861 1.78507
15871 1.7848
15881 1.78711
15891 1.78669
15901 1.78256
15911 1.78459
15921 1.78601
15931 1.78601
15941 1.78527
15951 1.78832
15961 1.7869
15971 1.78725
15981 1.78453
15991 1.78534
16001 1.78709
16011 1.78633
16021 1.78461
16031 1.78793
16041 1.78938
16051 1.78772
16061 1.7869
16071 1.78764
16081 1.78975
16091 1.78594
16101 1.78423
16111 1.78697
16121 1.78772
16131 1.78332
16141 1.78934
16151 1.78682
16161 1.78618
16171 1.78509
16181 1.78829
16191 1.7866
16201 1.78434
16211 1.78642
16221 1.78366
16231 1.78664
16241 1.78683
16251 1.78779
16261 1.78444
16271 1.78787
16281 1.79081
16291 1.78524
16301 1.78842
16311 1.78586
16321 1.78761
16331 1.78451
16341 1.78514
16351 1.78691
16361 1.78858
16371 1.78423
16381 1.78657
16391 1.78595
16401 1.78442
16411 1.78565
16421 1.78627
16431 1.78734
16441 1.78564
16451 1.78398
16461 1.78195
16471 1.78735
16481 1.78619
16491 1.78677
16501 1.78686
16511 1.78675
16521 1.78532
16531 1.78546
16541 1.78391
16551 1.78374
16561 1.78517
16571 1.78402
16581 1.78611
16591 1.78572
16601 1.78707
16611 1.78651
16621 1.78334
16631 1.78549
16641 1.78384
16651 1.78842
16661 1.78641
16671 1.7861
16681 1.79017
16691 1.78606
16701 1.78484
16711 1.78206
16721 1.78564
16731 1.78343
16741 1.78431
16751 1.78521
16761 1.7855
16771 1.78654
16781 1.78376
16791 1.78705
16801 1.7835
16811 1.78262
16821 1.7845
16831 1.78603
16841 1.78563
16851 1.78849
16861 1.78532
16871 1.7893
16881 1.78282
16891 1.78635
16901 1.78436
16911 1.78774
16921 1.78579
16931 1.78441
16941 1.78172
16951 1.78371
16961 1.78398
16971 1.78012
16981 1.78379
16991 1.7849
17001 1.78375
17011 1.78551
17021 1.78449
17031 1.78388
17041 1.78453
17051 1.78234
17061 1.78429
17071 1.78641
17081 1.78379
17091 1.7836
17101 1.78558
17111 1.82013
17121 1.7874
17131 1.78621
17141 1.78369
17151 1.78686
17161 1.78315
17171 1.78454
17181 1.78551
17191 1.78411
17201 1.78376
17211 1.78454
17221 1.78403
17231 1.78523
17241 1.79366
17251 1.78428
17261 1.78552
17271 1.78514
17281 1.78557
17291 1.78491
17301 1.78441
17311 1.78473
17321 1.78312
17331 1.78382
17341 1.78528
17351 1.78345
17361 1.78474
17371 1.78185
17381 1.78427
17391 1.78689
17401 1.78368
17411 1.78177
17421 1.78636
17431 1.7825
17441 1.78433
17451 1.78493
17461 1.78379
17471 1.78296
17481 1.78757
17491 1.78379
17501 1.78388
17511 1.78189
17521 1.78405
17531 1.7874
17541 1.78292
17551 1.79369
17561 1.78613
17571 1.7842
17581 1.78761
17591 1.78327
17601 1.78114
17611 1.78525
17621 1.783
17631 1.78285
17641 1.78324
17651 1.78357
17661 1.78484
17671 1.78162
17681 1.78521
17691 1.78304
17701 1.7833
17711 1.78325
17721 1.7829
17731 1.78172
17741 1.78391
17751 1.7842
17761 1.7806
17771 1.78373
17781 1.78245
17791 1.78329
17801 1.78306
17811 1.77994
17821 1.78017
17831 1.78653
17841 1.78259
17851 1.78224
17861 1.78112
17871 1.78156
17881 1.78179
17891 1.78429
17901 1.78182
17911 1.78047
17921 1.78233
17931 1.78452
17941 1.78496
17951 1.78154
17961 1.78264
17971 1.7818
17981 1.78244
17991 1.78063
18001 1.7832
18011 1.78366
18021 1.78456
18031 1.7807
18041 1.7826
18051 1.78027
18061 1.78191
18071 1.78114
18081 1.78056
18091 1.78229
18101 1.78437
18111 1.78169
18121 1.7808
18131 1.78414
18141 1.78435
18151 1.78121
18161 1.78296
18171 1.78206
18181 1.78159
18191 1.78218
18201 1.78159
18211 1.78267
18221 1.78141
18231 1.78309
18241 1.78437
18251 1.78262
18261 1.78098
18271 1.78455
18281 1.78083
18291 1.78209
18301 1.78126
18311 1.78213
18321 1.78044
18331 1.78239
18341 1.78246
18351 1.78118
18361 1.78105
18371 1.78053
18381 1.78346
18391 1.78599
18401 1.78084
18411 1.78419
18421 1.78008
18431 1.78239
18441 1.78195
18451 1.7842
18461 1.78004
18471 1.78037
18481 1.77983
18491 1.78227
18501 1.78191
18511 1.78356
18521 1.7824
18531 1.77891
18541 1.78441
18551 1.78301
18561 1.78117
18571 1.78118
18581 1.78295
18591 1.77842
18601 1.77913
18611 1.78397
18621 1.78083
18631 1.78271
18641 1.77953
18651 1.78291
18661 1.78134
18671 1.78099
18681 1.78245
18691 1.78142
18701 1.7812
18711 1.78329
18721 1.78127
18731 1.78264
18741 1.77945
18751 1.78276
18761 1.78171
18771 1.78281
18781 1.78257
18791 1.77945
18801 1.7819
18811 1.78159
18821 1.77996
18831 1.78413
18841 1.78553
18851 1.78077
18861 1.77905
18871 1.77973
18881 1.77874
18891 1.7795
18901 1.78235
18911 1.78241
18921 1.78185
18931 1.78193
18941 1.78192
18951 1.78094
18961 1.77747
18971 1.78369
18981 1.78238
18991 1.77937
19001 1.77991
19011 1.78467
19021 1.77998
19031 1.78304
19041 1.78078
19051 1.7831
19061 1.7815
19071 1.78095
19081 1.78056
19091 1.78309
19101 1.78175
19111 1.77909
19121 1.78229
19131 1.77891
19141 1.77801
19151 1.7974
19161 1.78091
19171 1.7826
19181 1.78071
19191 1.78285
19201 1.78129
19211 1.78183
19221 1.78184
19231 1.78145
19241 1.77967
19251 1.78074
19261 1.78012
19271 1.78103
19281 1.77955
19291 1.78068
19301 1.78056
19311 1.78109
19321 1.78093
19331 1.78099
19341 1.78036
19351 1.78146
19361 1.78073
19371 1.77915
19381 1.77978
19391 1.77979
19401 1.77923
19411 1.77674
19421 1.78068
19431 1.77952
19441 1.78396
19451 1.77892
19461 1.77985
19471 1.77973
19481 1.78819
19491 1.78177
19501 1.78208
19511 1.77971
19521 1.78106
19531 1.77922
19541 1.77702
19551 1.7813
19561 1.77961
19571 1.77743
19581 1.78067
19591 1.7794
19601 1.77818
19611 1.78389
19621 1.78206
19631 1.77964
19641 1.77922
19651 1.77944
19661 1.77971
19671 1.77744
19681 1.77848
19691 1.77881
19701 1.78
19711 1.78129
19721 1.78382
19731 1.78039
19741 1.77713
19751 1.78039
19761 1.78501
19771 1.78006
19781 1.77851
19791 1.78076
19801 1.78313
19811 1.78262
19821 1.77883
19831 1.77914
19841 1.77969
19851 1.7813
19861 1.77915
19871 1.78051
19881 1.78034
19891 1.78043
19901 1.77836
19911 1.78069
19921 1.7812
19931 1.77668
19941 1.77847
19951 1.78157
19961 1.77609
19971 1.78135
19981 1.77997
19991 1.78201
20001 1.77826
20011 1.78119
20021 1.77835
20031 1.77928
20041 1.77775
20051 1.77939
20061 1.77791
20071 1.77993
20081 1.77971
20091 1.78045
20101 1.78165
20111 1.78046
20121 1.78243
20131 1.7782
20141 1.77745
20151 1.782
20161 1.78201
20171 1.77638
20181 1.77989
20191 1.77967
20201 1.78166
20211 1.78157
20221 1.77566
20231 1.78066
20241 1.77693
20251 1.7789
20261 1.78237
20271 1.78049
20281 1.77736
20291 1.77822
20301 1.77847
20311 1.77892
20321 1.78022
20331 1.78186
20341 1.77961
20351 1.78063
20361 1.77583
20371 1.78081
20381 1.77672
20391 1.77976
20401 1.77605
20411 1.77742
20421 1.78005
20431 1.77673
20441 1.77942
20451 1.77812
20461 1.7791
20471 1.77936
20481 1.7801
20491 1.7818
20501 1.77888
20511 1.78069
20521 1.78093
20531 1.77842
20541 1.78034
20551 1.77721
20561 1.77898
20571 1.77763
20581 1.78265
20591 1.78137
20601 1.7786
20611 1.77986
20621 1.77734
20631 1.77635
20641 1.77799
20651 1.77892
20661 1.77934
20671 1.77743
20681 1.77851
20691 1.77812
20701 1.77884
20711 1.77727
20721 1.77894
20731 1.7788
20741 1.77424
20751 1.77791
20761 1.77742
20771 1.77882
20781 1.77952
20791 1.77695
20801 1.77777
20811 1.77974
20821 1.77869
20831 1.77588
20841 1.7785
20851 1.78005
20861 1.77986
20871 1.77924
20881 1.7787
20891 1.77907
20901 1.77951
20911 1.77601
20921 1.77971
20931 1.78119
20941 1.77778
20951 1.77956
20961 1.77523
20971 1.77905
20981 1.77887
20991 1.77691
21001 1.77779
21011 1.77715
21021 1.77883
21031 1.77829
21041 1.77355
21051 1.77727
21061 1.77759
21071 1.77762
21081 1.77811
21091 1.77839
21101 1.77605
21111 1.77928
21121 1.77785
21131 1.77799
21141 1.77717
21151 1.77623
21161 1.77778
21171 1.77831
21181 1.77987
21191 1.77961
21201 1.78162
21211 1.77844
21221 1.77796
21231 1.7813
21241 1.77628
21251 1.7764
21261 1.77947
21271 1.77957
21281 1.77904
21291 1.77572
21301 1.77743
21311 1.77806
21321 1.77649
21331 1.77817
21341 1.78145
21351 1.77736
21361 1.77987
21371 1.77538
21381 1.77755
21391 1.77594
21401 1.77724
21411 1.77842
21421 1.77782
21431 1.77313
21441 1.78106
21451 1.77821
21461 1.77834
21471 1.77506
21481 1.77691
21491 1.7803
21501 1.77914
21511 1.77753
21521 1.77661
21531 1.77884
21541 1.77735
21551 1.77522
21561 1.77554
21571 1.77304
21581 1.77893
21591 1.77886
21601 1.77631
21611 1.77839
21621 1.77761
21631 1.77747
21641 1.78222
21651 1.77807
21661 1.77572
21671 1.77587
21681 1.77767
21691 1.77621
21701 1.78053
21711 1.77975
21721 1.77681
21731 1.78101
21741 1.77644
21751 1.77803
21761 1.77547
21771 1.77511
21781 1.77757
21791 1.77809
21801 1.77673
21811 1.78114
21821 1.77557
21831 1.77634
21841 1.7773
21851 1.7786
21861 1.77559
21871 1.77722
21881 1.77598
21891 1.77679
21901 1.77915
21911 1.77543
21921 1.77717
21931 1.77834
21941 1.77755
21951 1.77841
21961 1.77694
21971 1.77705
21981 1.77566
21991 1.77759
22001 1.77744
22011 1.7764
22021 1.77474
22031 1.77632
22041 1.77885
22051 1.77557
22061 1.77838
22071 1.7767
22081 1.77482
22091 1.77616
22101 1.77562
22111 1.77675
22121 1.77727
22131 1.77556
22141 1.77691
22151 1.77861
22161 1.77471
22171 1.77534
22181 1.77624
22191 1.77585
22201 1.78018
22211 1.77846
22221 1.77679
22231 1.77557
22241 1.77705
22251 1.7768
22261 1.77506
22271 1.77723
22281 1.7781
22291 1.77491
22301 1.77783
22311 1.77695
22321 1.77856
22331 1.77569
22341 1.77466
22351 1.77686
22361 1.77837
22371 1.7761
22381 1.77866
22391 1.77741
22401 1.77689
22411 1.77452
22421 1.77519
22431 1.77485
22441 1.7765
22451 1.77584
22461 1.77571
22471 1.77303
22481 1.77971
22491 1.77492
22501 1.77369
22511 1.77448
22521 1.77717
22531 1.77527
22541 1.77644
22551 1.77341
22561 1.77741
22571 1.77639
22581 1.77653
22591 1.77285
22601 1.77703
22611 1.77506
22621 1.77818
22631 1.77244
22641 1.77518
22651 1.84166
22661 1.78037
22671 1.77366
22681 1.77848
22691 1.77619
22701 1.77769
22711 1.77394
22721 1.77838
22731 1.77673
22741 1.77321
22751 1.77735
22761 1.77821
22771 1.77507
22781 1.77501
22791 1.77561
22801 1.7749
22811 1.77355
22821 1.77478
22831 1.77718
22841 1.77673
22851 1.7739
22861 1.77307
22871 1.77727
22881 1.77621
22891 1.77778
22901 1.77889
22911 1.7738
22921 1.77572
22931 1.77485
22941 1.77614
22951 1.77724
22961 1.77693
22971 1.7761
22981 1.77515
22991 1.77695
23001 1.77399
23011 1.77483
23021 1.77515
23031 1.78112
23041 1.77546
23051 1.7782
23061 1.77845
23071 1.77572
23081 1.77513
23091 1.77255
23101 1.7761
23111 1.77595
23121 1.77433
23131 1.77748
23141 1.77468
23151 1.77569
23161 1.77682
23171 1.77907
23181 1.77577
23191 1.77634
23201 1.77593
23211 1.77713
23221 1.776
23231 1.77516
23241 1.77629
23251 1.77534
23261 1.77685
23271 1.77497
23281 1.77474
23291 1.77633
23301 1.77541
23311 1.77538
23321 1.77282
23331 1.77326
23341 1.77486
23351 1.77413
23361 1.77524
23371 1.77184
23381 1.77608
23391 1.7772
23401 1.77452
23411 1.77539
23421 1.77587
23431 1.77285
23441 1.77411
23451 1.7738
23461 1.77691
23471 1.77833
23481 1.775
23491 1.77349
23501 1.77711
23511 1.77601
23521 1.77342
23531 1.77256
23541 1.77656
23551 1.77629
23561 1.77457
23571 1.7754
23581 1.77458
23591 1.77263
23601 1.77516
23611 1.77788
23621 1.77517
23631 1.77654
23641 1.77648
23651 1.77462
23661 1.77386
23671 1.77372
23681 1.77634
23691 1.77516
23701 1.77341
23711 1.77543
23721 1.77603
23731 1.77322
23741 1.77537
23751 1.7748
23761 1.76999
23771 1.77592
23781 1.77493
23791 1.77658
23801 1.77437
23811 1.77521
23821 1.77549
23831 1.77628
23841 1.77653
23851 1.77507
23861 1.77508
23871 1.77456
23881 1.77446
23891 1.77425
23901 1.77398
23911 1.77359
23921 1.77408
23931 1.77418
23941 1.77381
23951 1.77332
23961 1.77601
23971 1.77458
23981 1.77621
23991 1.77448
24001 1.77287
24011 1.77355
24021 1.77251
24031 1.77386
24041 1.77548
24051 1.77687
24061 1.77445
24071 1.77231
24081 1.77104
24091 1.77484
24101 1.77342
24111 1.77605
24121 1.77686
24131 1.77327
24141 1.77488
24151 1.77377
24161 1.77278
24171 1.7731
24181 1.77679
24191 1.77491
24201 1.77493
24211 1.77382
24221 1.77371
24231 1.77377
24241 1.77619
24251 1.77554
24261 1.77583
24271 1.77524
24281 1.77086
24291 1.77246
24301 1.77359
24311 1.77308
24321 1.77403
24331 1.77345
24341 1.77319
24351 1.77252
24361 1.77339
24371 1.77422
24381 1.77267
24391 1.77598
24401 1.77125
24411 1.77562
24421 1.77548
24431 1.77178
24441 1.77081
24451 1.77319
24461 1.77291
24471 1.77439
24481 1.7734
24491 1.7755
24501 1.77425
24511 1.77626
24521 1.77403
24531 1.77244
24541 1.77465
24551 1.77478
24561 1.7776
24571 1.77312
24581 1.77674
24591 1.7745
24601 1.77409
24611 1.77353
24621 1.77408
24631 1.77191
24641 1.77097
24651 1.77341
24661 1.77344
24671 1.77248
24681 1.77285
24691 1.77177
24701 1.77404
24711 1.77229
24721 1.77447
24731 1.77306
24741 1.77373
24751 1.77226
24761 1.7759
24771 1.77077
24781 1.77083
24791 1.7745
24801 1.77357
24811 1.77181
24821 1.77305
24831 1.77299
24841 1.77238
24851 1.77201
24861 1.77367
24871 1.77459
24881 1.77111
24891 1.77397
24901 1.77784
24911 1.77427
24921 1.77351
24931 1.77478
24941 1.77213
24951 1.7766
24961 1.77088
24971 1.77457
24981 1.77906
24991 1.77312
25001 1.77425
25011 1.7764
25021 1.77288
25031 1.77108
25041 1.7748
25051 1.77343
25061 1.77202
25071 1.77511
25081 1.7727
25091 1.76993
25101 1.77374
25111 1.77306
25121 1.77428
25131 1.77161
25141 1.77302
25151 1.77309
25161 1.77367
25171 1.77294
25181 1.7747
25191 1.77159
25201 1.77341
25211 1.77253
25221 1.77423
25231 1.77314
25241 1.77535
25251 1.7767
25261 1.77439
25271 1.77138
25281 1.77545
25291 1.77441
25301 1.77585
25311 1.77155
25321 1.77571
25331 1.77031
25341 1.77265
25351 1.77116
25361 1.77101
25371 1.77312
25381 1.77288
25391 1.77133
25401 1.77398
25411 1.77659
25421 1.7709
25431 1.76951
25441 1.772
25451 1.77169
25461 1.77377
25471 1.77712
25481 1.77285
25491 1.77181
25501 1.77709
25511 1.77129
25521 1.77396
25531 1.77365
25541 1.77131
25551 1.77056
25561 1.77772
25571 1.77659
25581 1.76977
25591 1.7737
25601 1.77575
25611 1.77462
25621 1.77005
25631 1.77423
25641 1.7736
25651 1.7752
25661 1.77091
25671 1.77401
25681 1.77407
25691 1.76898
25701 1.77216
25711 1.77509
25721 1.77314
25731 1.77188
25741 1.77261
25751 1.77244
25761 1.77444
25771 1.77055
25781 1.77189
25791 1.7718
25801 1.77114
25811 1.77298
25821 1.77723
25831 1.77484
25841 1.77214
25851 1.7728
25861 1.77351
25871 1.77173
25881 1.7744
25891 1.77233
25901 1.77686
25911 1.77013
25921 1.77155
25931 1.77364
25941 1.77148
25951 1.77263
25961 1.77453
25971 1.77166
25981 1.77045
25991 1.77251
26001 1.77219
26011 1.77141
26021 1.77189
26031 1.77258
26041 1.77511
26051 1.77331
26061 1.77038
26071 1.77235
26081 1.77482
26091 1.77347
26101 1.7715
26111 1.7761
26121 1.77505
26131 1.7747
26141 1.77321
26151 1.77439
26161 1.78292
26171 1.77231
26181 1.77197
26191 1.78769
26201 1.77346
26211 1.77432
26221 1.77201
26231 1.77107
26241 1.77536
26251 1.77565
26261 1.77361
26271 1.77337
26281 1.77112
26291 1.77323
26301 1.77412
26311 1.7715
26321 1.77614
26331 1.77176
26341 1.77245
26351 1.77247
26361 1.77068
26371 1.77554
26381 1.77344
26391 1.77685
26401 1.77045
26411 1.77253
26421 1.77147
26431 1.77523
26441 1.77098
26451 1.7741
26461 1.77272
26471 1.77343
26481 1.77059
26491 1.77545
26501 1.76873
26511 1.77148
26521 1.77281
26531 1.76936
26541 1.76967
26551 1.77472
26561 1.77371
26571 1.77171
26581 1.77253
26591 1.774
26601 1.76945
26611 1.77037
26621 1.77115
26631 1.77285
26641 1.77259
26651 1.77202
26661 1.76798
26671 1.77276
26681 1.76995
26691 1.76897
26701 1.77361
26711 1.76703
26721 1.76795
26731 1.77316
26741 1.77042
26751 1.77228
26761 1.76945
26771 1.7701
26781 1.7723
26791 1.77358
26801 1.76979
26811 1.77444
26821 1.77175
26831 1.77129
26841 1.77246
26851 1.76933
26861 1.77134
26871 1.76989
26881 1.77016
26891 1.77115
26901 1.7708
26911 1.77553
26921 1.77613
26931 1.77255
26941 1.77215
26951 1.77441
26961 1.7688
26971 1.77088
26981 1.77033
26991 1.77063
27001 1.76875
27011 1.77301
27021 1.7743
27031 1.77079
27041 1.77178
27051 1.77382
27061 1.76919
27071 1.77526
27081 1.77065
27091 1.77426
27101 1.77383
27111 1.77046
27121 1.76982
27131 1.7746
27141 1.77525
27151 1.76957
27161 1.76969
27171 1.77261
27181 1.77097
27191 1.77049
27201 1.77192
27211 1.77678
27221 1.77069
27231 1.78027
27241 1.77115
27251 1.77186
27261 1.76788
27271 1.77217
27281 1.77658
27291 1.77283
27301 1.77105
27311 1.77305
27321 1.77005
27331 1.77065
27341 1.77283
27351 1.77005
27361 1.77133
27371 1.77069
27381 1.76989
27391 1.77013
27401 1.77144
27411 1.76937
27421 1.77099
27431 1.77035
27441 1.77393
27451 1.76894
27461 1.76967
27471 1.7712
27481 1.77481
27491 1.77165
27501 1.77205
27511 1.77017
27521 1.76876
27531 1.77328
27541 1.77057
27551 1.77298
27561 1.7729
27571 1.77194
27581 1.77047
27591 1.77314
27601 1.77253
27611 1.76981
27621 1.77056
27631 1.77242
27641 1.77241
27651 1.77094
27661 1.76923
27671 1.77312
27681 1.77042
27691 1.77313
27701 1.77132
27711 1.77181
27721 1.77219
27731 1.76985
27741 1.7694
27751 1.7717
27761 1.77014
27771 1.77105
27781 1.77021
27791 1.77201
27801 1.77244
27811 1.76946
27821 1.7719
27831 1.76963
27841 1.76928
27851 1.77487
27861 1.77018
27871 1.76941
27881 1.77084
27891 1.77351
27901 1.76991
27911 1.76998
27921 1.77008
27931 1.76828
27941 1.7707
27951 1.77035
27961 1.77012
27971 1.76975
27981 1.77097
27991 1.7717
28001 1.76961
28011 1.7707
28021 1.76955
28031 1.77528
28041 1.77019
28051 1.77091
28061 1.77243
28071 1.76875
28081 1.76861
28091 1.77083
28101 1.77085
28111 1.77015
28121 1.77243
28131 1.76884
28141 1.7691
28151 1.77031
28161 1.77224
28171 1.76925
28181 1.77092
28191 1.7702
28201 1.77147
28211 1.76937
28221 1.77405
28231 1.76998
28241 1.77113
28251 1.76989
28261 1.77158
28271 1.77212
28281 1.77019
28291 1.77199
28301 1.76957
28311 1.77014
28321 1.77371
28331 1.77103
28341 1.77052
28351 1.76903
28361 1.76627
28371 1.77046
28381 1.77189
28391 1.76953
28401 1.77272
28411 1.76919
28421 1.77065
28431 1.77172
28441 1.77014
28451 1.77159
28461 1.77126
28471 1.77076
28481 1.7705
28491 1.77383
28501 1.77208
28511 1.76824
28521 1.77248
28531 1.76895
28541 1.77349
28551 1.77163
28561 1.76902
28571 1.76903
28581 1.76903
28591 1.76766
28601 1.77054
28611 1.77265
28621 1.77297
28631 1.76923
28641 1.77155
28651 1.77208
28661 1.76935
28671 1.76817
28681 1.7718
28691 1.77181
28701 1.7713
28711 1.77214
28721 1.77186
28731 1.76979
28741 1.76914
28751 1.77129
28761 1.76998
28771 1.76873
28781 1.77109
28791 1.77146
28801 1.77062
28811 1.77007
28821 1.76953
28831 1.7713
28841 1.77204
28851 1.77081
28861 1.76931
28871 1.77351
28881 1.773
28891 1.76969
28901 1.77155
28911 1.77541
28921 1.77013
28931 1.77263
28941 1.76958
28951 1.76774
28961 1.77047
28971 1.77035
28981 1.76905
28991 1.77215
29001 1.77207
29011 1.77123
29021 1.77124
29031 1.77002
29041 1.77194
29051 1.77019
29061 1.76872
29071 1.76873
29081 1.76928
29091 1.7691
29101 1.76919
29111 1.76928
29121 1.76967
29131 1.77117
29141 1.76814
29151 1.77136
29161 1.76874
29171 1.76911
29181 1.76766
29191 1.76948
29201 1.76989
29211 1.77106
29221 1.76956
29231 1.77041
29241 1.76891
29251 1.7721
29261 1.7699
29271 1.77228
29281 1.7673
29291 1.76972
29301 1.77161
29311 1.77128
29321 1.76896
29331 1.77133
29341 1.77024
29351 1.77071
29361 1.76888
29371 1.76918
29381 1.76621
29391 1.77052
29401 1.7735
29411 1.77217
29421 1.77111
29431 1.78198
29441 1.76886
29451 1.767
29461 1.77063
29471 1.7722
29481 1.77141
29491 1.7681
29501 1.76947
29511 1.76914
29521 1.77172
29531 1.77006
29541 1.7693
29551 1.76796
29561 1.76918
29571 1.76961
29581 1.77013
29591 1.76898
29601 1.77107
29611 1.77318
29621 1.76926
29631 1.77002
29641 1.76753
29651 1.76821
29661 1.77054
29671 1.7695
29681 1.77111
29691 1.77166
29701 1.77157
29711 1.76924
29721 1.77262
29731 1.77139
29741 1.76908
29751 1.76587
29761 1.77118
29771 1.768
29781 1.76936
29791 1.7719
29801 1.76962
29811 1.76987
29821 1.76867
29831 1.77047
29841 1.76917
29851 1.77076
29861 1.76894
29871 1.7686
29881 1.76992
29891 1.77198
29901 1.76978
29911 1.77008
29921 1.77151
29931 1.76946
29941 1.76921
29951 1.76769
29961 1.76953
29971 1.77064
29981 1.77217
29991 1.76884
