1 8.73373
11 4.7275
21 4.36503
31 4.13813
41 3.97471
51 3.84917
61 3.74907
71 3.66662
81 3.59691
91 3.53728
101 3.48548
111 3.44016
121 3.40001
131 3.36422
141 3.33195
151 3.30293
161 3.27661
171 3.25274
181 3.23095
191 3.21101
201 3.19281
211 3.17606
221 3.16071
231 3.14653
241 3.13358
251 3.12157
261 3.1106
271 3.10043
281 3.09121
291 3.08265
301 3.07474
311 3.06748
321 3.06092
331 3.05473
341 3.04922
351 3.04424
361 3.03961
371 3.03549
381 3.0317
391 3.02822
401 3.02516
411 3.02235
421 3.0199
431 3.01776
441 3.01597
451 3.01437
461 3.01306
471 3.01193
481 3.01105
491 3.01038
501 3.00994
511 3.00974
521 3.00974
531 3.00985
541 3.01007
551 3.01054
561 3.01116
571 3.012
581 3.01292
591 3.01395
601 3.0151
611 3.01649
621 3.0179
631 3.01938
641 3.0209
651 3.02261
661 3.02446
671 3.02635
681 3.02841
691 3.03047
701 3.0325
711 3.0347
721 3.03703
731 3.03944
741 3.04181
751 3.04429
761 3.04682
771 3.0494
781 3.05221
791 3.05498
801 3.05787
811 3.06057
821 3.06348
831 3.06638
841 3.0693
851 3.07237
861 3.07545
871 3.0785
881 3.08171
891 3.08476
901 3.0881
911 3.09135
921 3.09463
931 3.09785
941 3.10126
951 3.10466
961 3.10803
971 3.11148
981 3.11501
991 3.11859
1001 3.122
1011 3.12558
1021 3.12914
1031 3.13269
1041 3.13626
1051 3.13978
1061 3.1434
1071 3.14704
1081 3.15066
1091 3.15443
1101 3.15812
1111 3.16179
1121 3.16557
1131 3.16922
1141 3.17298
1151 3.1767
1161 3.18057
1171 3.18429
1181 3.18806
1191 3.19181
1201 3.19558
1211 3.19945
1221 3.20322
1231 3.20712
1241 3.21096
1251 3.2149
1261 3.21868
1271 3.22252
1281 3.22645
1291 3.23031
1301 3.23414
1311 3.23802
1321 3.24188
1331 3.24578
1341 3.24976
1351 3.25361
1361 3.25749
1371 3.26127
1381 3.26519
1391 3.26912
1401 3.27291
1411 3.27704
1421 3.28075
1431 3.2847
1441 3.28864
1451 3.29261
1461 3.29653
1471 3.3005
1481 3.30436
1491 3.30831
1501 3.3123
1511 3.3162
1521 3.32013
1531 3.32394
1541 3.32789
1551 3.33184
1561 3.33577
1571 3.33966
1581 3.34363
1591 3.34754
1601 3.35138
1611 3.35538
1621 3.35937
1631 3.36325
1641 3.36711
1651 3.37098
1661 3.37492
1671 3.37877
1681 3.38269
1691 3.3865
1701 3.39041
1711 3.39438
1721 3.3983
1731 3.40213
1741 3.40603
1751 3.40997
1761 3.41383
1771 3.41774
1781 3.42159
1791 3.42541
1801 3.42936
1811 3.43309
1821 3.43697
1831 3.44083
1841 3.44469
1851 3.44845
1861 3.45232
1871 3.4562
1881 3.46
1891 3.46379
1901 3.46765
1911 3.47143
1921 3.47524
1931 3.47909
1941 3.48285
1951 3.48668
1961 3.49042
1971 3.49423
1981 3.49804
1991 3.50176
2001 3.50563
2011 3.50945
2021 3.51328
2031 3.5171
2041 3.52081
2051 3.52458
2061 3.52831
2071 3.53208
2081 3.5358
2091 3.53963
2101 3.54338
2111 3.54706
2121 3.55081
2131 3.5545
2141 3.55818
2151 3.56185
2161 3.56558
2171 3.56926
2181 3.57296
2191 3.57669
2201 3.5803
2211 3.58392
2221 3.58761
2231 3.59129
2241 3.59488
2251 3.59904
2261 3.60229
2271 3.60595
2281 3.60963
2291 3.61329
2301 3.61696
2311 3.62063
2321 3.62423
2331 3.62782
2341 3.63139
2351 3.63505
2361 3.63869
2371 3.64233
2381 3.64593
2391 3.6496
2401 3.65314
2411 3.65673
2421 3.66028
2431 3.66389
2441 3.66748
2451 3.67104
2461 3.67465
2471 3.67823
2481 3.68183
2491 3.68542
2501 3.68892
2511 3.69241
2521 3.69591
2531 3.69943
2541 3.70296
2551 3.7066
2561 3.71012
2571 3.71364
2581 3.71713
2591 3.7206
2601 3.72433
2611 3.72771
2621 3.73124
2631 3.73473
2641 3.73827
2651 3.74163
2661 3.74511
2671 3.74858
2681 3.75202
2691 3.75547
2701 3.75893
2711 3.76273
2721 3.7659
2731 3.76945
2741 3.77293
2751 3.77632
2761 3.77975
2771 3.78328
2781 3.78672
2791 3.79014
2801 3.79351
2811 3.79691
2821 3.80029
2831 3.80373
2841 3.80717
2851 3.81051
2861 3.8139
2871 3.81726
2881 3.82061
2891 3.82398
2901 3.82736
2911 3.83076
2921 3.83413
2931 3.83745
2941 3.84088
2951 3.84427
2961 3.84763
2971 3.8509
2981 3.85417
2991 3.85752
3001 3.86089
3011 3.86418
3021 3.86755
3031 3.87087
3041 3.87424
3051 3.87751
3061 3.88075
3071 3.88416
3081 3.88735
3091 3.89063
3101 3.89395
3111 3.89723
3121 3.90056
3131 3.9039
3141 3.90721
3151 3.91048
3161 3.91374
3171 3.91693
3181 3.92027
3191 3.92347
3201 3.92673
3211 3.92998
3221 3.93327
3231 3.93645
3241 3.93977
3251 3.94291
3261 3.94617
3271 3.94944
3281 3.95263
3291 3.95586
3301 3.95908
3311 3.96228
3321 3.96544
3331 3.96864
3341 3.97181
3351 3.97507
3361 3.9783
3371 3.98155
3381 3.98469
3391 3.98787
3401 3.99093
3411 3.99416
3421 3.99732
3431 4.00043
3441 4.00356
3451 4.00667
3461 4.0098
3471 4.01299
3481 4.01613
3491 4.01924
3501 4.02235
3511 4.02545
3521 4.02855
3531 4.03166
3541 4.0348
3551 4.03793
3561 4.04106
3571 4.04414
3581 4.04719
3591 4.05031
3601 4.05346
3611 4.05699
3621 4.05957
3631 4.06257
3641 4.06561
3651 4.0687
3661 4.07181
3671 4.07487
3681 4.07787
3691 4.08096
3701 4.08399
3711 4.08703
3721 4.09007
3731 4.09314
3741 4.09617
3751 4.09918
3761 4.10213
3771 4.10519
3781 4.1082
3791 4.11121
3801 4.11427
3811 4.11731
3821 4.12032
3831 4.12337
3841 4.12638
3851 4.1293
3861 4.13232
3871 4.13523
3881 4.13821
3891 4.14121
3901 4.14423
3911 4.14727
3921 4.15023
3931 4.15317
3941 4.15617
3951 4.15919
3961 4.16209
3971 4.165
3981 4.16796
3991 4.17089
4001 4.17383
4011 4.17691
4021 4.17962
4031 4.1826
4041 4.18559
4051 4.18845
4061 4.19142
4071 4.19434
4081 4.19732
4091 4.2002
4101 4.20312
4111 4.2061
4121 4.20897
4131 4.21188
4141 4.2147
4151 4.21761
4161 4.22045
4171 4.22331
4181 4.2262
4191 4.22916
4201 4.23203
4211 4.23478
4221 4.23773
4231 4.24056
4241 4.24344
4251 4.24634
4261 4.24925
4271 4.25203
4281 4.2549
4291 4.25773
4301 4.26061
4311 4.26344
4321 4.2663
4331 4.26916
4341 4.2719
4351 4.27475
4361 4.27759
4371 4.28049
4381 4.28328
4391 4.2861
4401 4.28889
4411 4.29175
4421 4.29451
4431 4.29736
4441 4.3002
4451 4.30309
4461 4.30591
4471 4.3087
4481 4.31147
4491 4.31423
4501 4.31707
4511 4.31986
4521 4.32263
4531 4.32543
4541 4.32822
4551 4.33094
4561 4.33364
4571 4.33643
4581 4.33914
4591 4.34185
4601 4.34464
4611 4.34733
4621 4.35003
4631 4.35285
4641 4.35555
4651 4.3583
4661 4.36106
4671 4.36385
4681 4.36655
4691 4.3693
4701 4.372
4711 4.37473
4721 4.37749
4731 4.38019
4741 4.38296
4751 4.38564
4761 4.38832
4771 4.39102
4781 4.3937
4791 4.39636
4801 4.39902
4811 4.40181
4821 4.40446
4831 4.40714
4841 4.4099
4851 4.4126
4861 4.41522
4871 4.41794
4881 4.42065
4891 4.42329
4901 4.42593
4911 4.42855
4921 4.43119
4931 4.43386
4941 4.43659
4951 4.43923
4961 4.44191
4971 4.44455
4981 4.44716
4991 4.44982
5001 4.45244
5011 4.4551
5021 4.45769
5031 4.46024
5041 4.46283
5051 4.4655
5061 4.46811
5071 4.47073
5081 4.47336
5091 4.47595
5101 4.47858
5111 4.4811
5121 4.48368
5131 4.48631
5141 4.4889
5151 4.49152
5161 4.49414
5171 4.49676
5181 4.49935
5191 4.50189
5201 4.50451
5211 4.50701
5221 4.50961
5231 4.51223
5241 4.51476
5251 4.51739
5261 4.51991
5271 4.52244
5281 4.52504
5291 4.52758
5301 4.53015
5311 4.53272
5321 4.5353
5331 4.53782
5341 4.54039
5351 4.54295
5361 4.54547
5371 4.54801
5381 4.5505
5391 4.55308
5401 4.55552
5411 4.55807
5421 4.56062
5431 4.56311
5441 4.56571
5451 4.56821
5461 4.57069
5471 4.57319
5481 4.57573
5491 4.57825
5501 4.58078
5511 4.58326
5521 4.58575
5531 4.58828
5541 4.59083
5551 4.59331
5561 4.5958
5571 4.59826
5581 4.60076
5591 4.6033
5601 4.6058
5611 4.60828
5621 4.61075
5631 4.61319
5641 4.61572
5651 4.61821
5661 4.62069
5671 4.62316
5681 4.62559
5691 4.6281
5701 4.63051
5711 4.63298
5721 4.63536
5731 4.63788
5741 4.64038
5751 4.64286
5761 4.64532
5771 4.64776
5781 4.65018
5791 4.6526
5801 4.65507
5811 4.65746
5821 4.65985
5831 4.66226
5841 4.6647
5851 4.66717
5861 4.6696
5871 4.67202
5881 4.67438
5891 4.6768
5901 4.6793
5911 4.68169
5921 4.6841
5931 4.68647
5941 4.68884
5951 4.69125
5961 4.69363
5971 4.69604
5981 4.69847
5991 4.70084
6001 4.70328
6011 4.70567
6021 4.70808
6031 4.71046
6041 4.71286
6051 4.71526
6061 4.71762
6071 4.72
6081 4.72234
6091 4.72467
6101 4.72704
6111 4.72947
6121 4.73183
6131 4.73418
6141 4.73664
6151 4.73886
6161 4.7412
6171 4.74354
6181 4.74588
6191 4.74826
6201 4.75063
6211 4.75298
6221 4.75531
6231 4.75765
6241 4.76003
6251 4.76236
6261 4.7647
6271 4.76703
6281 4.76936
6291 4.77172
6301 4.77403
6311 4.77639
6321 4.77867
6331 4.78099
6341 4.78331
6351 4.78561
6361 4.78789
6371 4.79025
6381 4.79253
6391 4.7948
6401 4.79711
6411 4.79941
6421 4.80171
6431 4.80398
6441 4.80627
6451 4.80853
6461 4.81082
6471 4.81308
6481 4.81533
6491 4.8176
6501 4.81988
6511 4.82214
6521 4.82441
6531 4.82663
6541 4.82895
6551 4.83121
6561 4.83349
6571 4.83576
6581 4.83803
6591 4.84028
6601 4.8425
6611 4.84478
6621 4.847
6631 4.84927
6641 4.85151
6651 4.85381
6661 4.85604
6671 4.8583
6681 4.8606
6691 4.86288
6701 4.86506
6711 4.86722
6721 4.86947
6731 4.87169
6741 4.87395
6751 4.87618
6761 4.87842
6771 4.88071
6781 4.88289
6791 4.88512
6801 4.88737
6811 4.8895
6821 4.89174
6831 4.89395
6841 4.89613
6851 4.89838
6861 4.90058
6871 4.90281
6881 4.90499
6891 4.90719
6901 4.90934
6911 4.91156
6921 4.91379
6931 4.91601
6941 4.91817
6951 4.92036
6961 4.92256
6971 4.92476
6981 4.92692
6991 4.92911
7001 4.9313
7011 4.9335
7021 4.93569
7031 4.93789
7041 4.94008
7051 4.9423
7061 4.94447
7071 4.94664
7081 4.94879
7091 4.95097
7101 4.95315
7111 4.95531
7121 4.95753
7131 4.95961
7141 4.96182
7151 4.96395
7161 4.96603
7171 4.9682
7181 4.97032
7191 4.97251
7201 4.97464
7211 4.97678
7221 4.97891
7231 4.98103
7241 4.9832
7251 4.98532
7261 4.98749
7271 4.98964
7281 4.99175
7291 4.99387
7301 4.99594
7311 4.99805
7321 5.00012
7331 5.00226
7341 5.00438
7351 5.0065
7361 5.00856
7371 5.01064
7381 5.0127
7391 5.01483
7401 5.01695
7411 5.01904
7421 5.02112
7431 5.02321
7441 5.02528
7451 5.02739
7461 5.02952
7471 5.03157
7481 5.03362
7491 5.03573
7501 5.03785
7511 5.0399
7521 5.04192
7531 5.04398
7541 5.04611
7551 5.04823
7561 5.05033
7571 5.05242
7581 5.05452
7591 5.05661
7601 5.05865
7611 5.06071
7621 5.06278
7631 5.06479
7641 5.06697
7651 5.06897
7661 5.07107
7671 5.0731
7681 5.07519
7691 5.07721
7701 5.07927
7711 5.08131
7721 5.08332
7731 5.0854
7741 5.08737
7751 5.08945
7761 5.09155
7771 5.09355
7781 5.0956
7791 5.09765
7801 5.09962
7811 5.10165
7821 5.10368
7831 5.10573
7841 5.10773
7851 5.10976
7861 5.11175
7871 5.11381
7881 5.11584
7891 5.11785
7901 5.11982
7911 5.12184
7921 5.12382
7931 5.12585
7941 5.12788
7951 5.12989
7961 5.13186
7971 5.13388
7981 5.13593
7991 5.13794
8001 5.13993
8011 5.14195
8021 5.1439
8031 5.14588
8041 5.14792
8051 5.14989
8061 5.15193
8071 5.15394
8081 5.1559
8091 5.15783
8101 5.15986
8111 5.16186
8121 5.16383
8131 5.16585
8141 5.16777
8151 5.16974
8161 5.17172
8171 5.17375
8181 5.17569
8191 5.17763
8201 5.1796
8211 5.18159
8221 5.1835
8231 5.18547
8241 5.18744
8251 5.18938
8261 5.19136
8271 5.19331
8281 5.19532
8291 5.19725
8301 5.19918
8311 5.20112
8321 5.20311
8331 5.20505
8341 5.207
8351 5.20895
8361 5.21092
8371 5.21289
8381 5.21482
8391 5.21669
8401 5.21865
8411 5.22064
8421 5.22251
8431 5.22443
8441 5.22642
8451 5.22834
8461 5.2303
8471 5.23225
8481 5.23411
8491 5.23602
8501 5.2379
8511 5.23988
8521 5.24174
8531 5.24362
8541 5.2456
8551 5.24753
8561 5.2494
8571 5.25127
8581 5.2532
8591 5.25514
8601 5.25705
8611 5.25896
8621 5.26084
8631 5.2627
8641 5.26459
8651 5.2665
8661 5.26838
8671 5.27026
8681 5.27215
8691 5.27407
8701 5.27594
8711 5.27791
8721 5.27975
8731 5.28166
8741 5.28356
8751 5.28543
8761 5.2873
8771 5.28922
8781 5.2911
8791 5.29296
8801 5.29483
8811 5.29676
8821 5.29864
8831 5.30048
8841 5.30235
8851 5.30428
8861 5.30616
8871 5.30803
8881 5.30988
8891 5.31176
8901 5.31359
8911 5.3154
8921 5.3173
8931 5.31914
8941 5.321
8951 5.32281
8961 5.32464
8971 5.32651
8981 5.32839
8991 5.3302
9001 5.33201
9011 5.33385
9021 5.33564
9031 5.33748
9041 5.33937
9051 5.34121
9061 5.343
9071 5.34493
9081 5.34669
9091 5.34848
9101 5.35035
9111 5.3522
9121 5.35403
9131 5.3558
9141 5.35764
9151 5.35946
9161 5.3613
9171 5.36314
9181 5.36487
9191 5.36681
9201 5.36857
9211 5.37039
9221 5.37219
9231 5.37408
9241 5.3759
9251 5.37777
9261 5.37955
9271 5.3814
9281 5.3832
9291 5.38502
9301 5.38682
9311 5.38861
9321 5.39041
9331 5.39222
9341 5.39403
9351 5.39584
9361 5.39765
9371 5.39937
9381 5.40118
9391 5.40298
9401 5.40474
9411 5.40652
9421 5.40834
9431 5.41012
9441 5.4119
9451 5.41368
9461 5.41545
9471 5.41718
9481 5.41902
9491 5.4208
9501 5.42254
9511 5.42429
9521 5.42605
9531 5.42782
9541 5.4296
9551 5.43137
9561 5.43313
9571 5.43486
9581 5.43667
9591 5.43846
9601 5.44021
9611 5.44199
9621 5.44377
9631 5.44555
9641 5.4473
9651 5.4491
9661 5.4509
9671 5.45267
9681 5.45439
9691 5.45613
9701 5.45788
9711 5.45962
9721 5.46136
9731 5.46309
9741 5.46481
9751 5.46661
9761 5.46831
9771 5.47005
9781 5.47175
9791 5.47345
9801 5.47522
9811 5.47697
9821 5.47861
9831 5.48037
9841 5.48211
9851 5.48383
9861 5.48558
9871 5.48731
9881 5.48907
9891 5.49075
9901 5.49244
9911 5.49421
9921 5.49594
9931 5.49765
9941 5.49935
9951 5.50102
9961 5.50271
9971 5.50442
9981 5.50614
9991 5.50786
10001 5.50953
10011 5.51122
10021 5.51297
10031 5.51466
10041 5.5164
10051 5.51816
10061 5.51983
10071 5.52153
10081 5.52328
10091 5.52496
10101 5.52665
10111 5.52833
10121 5.53001
10131 5.5317
10141 5.5334
10151 5.53514
10161 5.5368
10171 5.53851
10181 5.54017
10191 5.54188
10201 5.54362
10211 5.54527
10221 5.54697
10231 5.54865
10241 5.5504
10251 5.55204
10261 5.55376
10271 5.55546
10281 5.55713
10291 5.5588
10301 5.56046
10311 5.56211
10321 5.5638
10331 5.56548
10341 5.56712
10351 5.5688
10361 5.57046
10371 5.57217
10381 5.57382
10391 5.57546
10401 5.57713
10411 5.5788
10421 5.58044
10431 5.58215
10441 5.58379
10451 5.58539
10461 5.58706
10471 5.58874
10481 5.59039
10491 5.59199
10501 5.5937
10511 5.59531
10521 5.59699
10531 5.59861
10541 5.60028
10551 5.60194
10561 5.60359
10571 5.60523
10581 5.60686
10591 5.60845
10601 5.61011
10611 5.61177
10621 5.61342
10631 5.61506
10641 5.61664
10651 5.61832
10661 5.61999
10671 5.62164
10681 5.62319
10691 5.62485
10701 5.62646
10711 5.62809
10721 5.62974
10731 5.63133
10741 5.63299
10751 5.63462
10761 5.63622
10771 5.63781
10781 5.63941
10791 5.64106
10801 5.64267
10811 5.64431
10821 5.64591
10831 5.64755
10841 5.64914
10851 5.65073
10861 5.65233
10871 5.65394
10881 5.65556
10891 5.65712
10901 5.65872
10911 5.66035
10921 5.66199
10931 5.66359
10941 5.66515
10951 5.66675
10961 5.66837
10971 5.66996
10981 5.67155
10991 5.67317
11001 5.67478
11011 5.67638
11021 5.67798
11031 5.67951
11041 5.68111
11051 5.6827
11061 5.68427
11071 5.68586
11081 5.68741
11091 5.68904
11101 5.69066
11111 5.69221
11121 5.69378
11131 5.69535
11141 5.69694
11151 5.69852
11161 5.70011
11171 5.7017
11181 5.70327
11191 5.70488
11201 5.70651
11211 5.70808
11221 5.70964
11231 5.71119
11241 5.71284
11251 5.71438
11261 5.71591
11271 5.71751
11281 5.71902
11291 5.72059
11301 5.72211
11311 5.72364
11321 5.72518
11331 5.72671
11341 5.72823
11351 5.72976
11361 5.73134
11371 5.7329
11381 5.73447
11391 5.73616
11401 5.73759
11411 5.73915
11421 5.74071
11431 5.74222
11441 5.74381
11451 5.74533
11461 5.74686
11471 5.74837
11481 5.74993
11491 5.75144
11501 5.75299
11511 5.75457
11521 5.75608
11531 5.75759
11541 5.75909
11551 5.76071
11561 5.76223
11571 5.76375
11581 5.76526
11591 5.76677
11601 5.7683
11611 5.76986
11621 5.77141
11631 5.77295
11641 5.77445
11651 5.776
11661 5.77754
11671 5.779
11681 5.78052
11691 5.78206
11701 5.78357
11711 5.78506
11721 5.7866
11731 5.78811
11741 5.78963
11751 5.79112
11761 5.79261
11771 5.79408
11781 5.79557
11791 5.79707
11801 5.79856
11811 5.80012
11821 5.80163
11831 5.80315
11841 5.80458
11851 5.80609
11861 5.80762
11871 5.80911
11881 5.81059
11891 5.81205
11901 5.81354
11911 5.81505
11921 5.81656
11931 5.81808
11941 5.81958
11951 5.82111
11961 5.82261
11971 5.82409
11981 5.82559
11991 5.82707
12001 5.8286
12011 5.83007
12021 5.83157
12031 5.83306
12041 5.83457
12051 5.83604
12061 5.83748
12071 5.83897
12081 5.84045
12091 5.84196
12101 5.84349
12111 5.84493
12121 5.84643
12131 5.84793
12141 5.84939
12151 5.85084
12161 5.85233
12171 5.85374
12181 5.85524
12191 5.8567
12201 5.85812
12211 5.85965
12221 5.8611
12231 5.86258
12241 5.86398
12251 5.86547
12261 5.86689
12271 5.86835
12281 5.86983
12291 5.8713
12301 5.87276
12311 5.87425
12321 5.87572
12331 5.87709
12341 5.87856
12351 5.88003
12361 5.88147
12371 5.88297
12381 5.88442
12391 5.88588
12401 5.88732
12411 5.88876
12421 5.89023
12431 5.89166
12441 5.89308
12451 5.89451
12461 5.89594
12471 5.89741
12481 5.89888
12491 5.90031
12501 5.90177
12511 5.90326
12521 5.90469
12531 5.90606
12541 5.90747
12551 5.90895
12561 5.91036
12571 5.9118
12581 5.91323
12591 5.91466
12601 5.91611
12611 5.91753
12621 5.91902
12631 5.92047
12641 5.9219
12651 5.92335
12661 5.92481
12671 5.92621
12681 5.92761
12691 5.92904
12701 5.93045
12711 5.93189
12721 5.93329
12731 5.93469
12741 5.93613
12751 5.93757
12761 5.93897
12771 5.94045
12781 5.94182
12791 5.94324
12801 5.94465
12811 5.94603
12821 5.94744
12831 5.9489
12841 5.95034
12851 5.95174
12861 5.95313
12871 5.95455
12881 5.95594
12891 5.95733
12901 5.95875
12911 5.96011
12921 5.96154
12931 5.96291
12941 5.96435
12951 5.96574
12961 5.96719
12971 5.96858
12981 5.96993
12991 5.97133
13001 5.97272
13011 5.97412
13021 5.97551
13031 5.97692
13041 5.97833
13051 5.9797
13061 5.98115
13071 5.98256
13081 5.98393
13091 5.98527
13101 5.98663
13111 5.98803
13121 5.98943
13131 5.99079
13141 5.99218
13151 5.99356
13161 5.99491
13171 5.99631
13181 5.99764
13191 5.99897
13201 6.00034
13211 6.00169
13221 6.0031
13231 6.00446
13241 6.00579
13251 6.00713
13261 6.00854
13271 6.00993
13281 6.01137
13291 6.01275
13301 6.01411
13311 6.01548
13321 6.01687
13331 6.01821
13341 6.01961
13351 6.02096
13361 6.02228
13371 6.02365
13381 6.02501
13391 6.02637
13401 6.0278
13411 6.02908
13421 6.03042
13431 6.03178
13441 6.03364
13451 6.03455
13461 6.03592
13471 6.03729
13481 6.03867
13491 6.03999
13501 6.04133
13511 6.0427
13521 6.04409
13531 6.0454
13541 6.04682
13551 6.04819
13561 6.04958
13571 6.05084
13581 6.05223
13591 6.05362
13601 6.05499
13611 6.05629
13621 6.05758
13631 6.05891
13641 6.06029
13651 6.06163
13661 6.06303
13671 6.0643
13681 6.06566
13691 6.06696
13701 6.06829
13711 6.06959
13721 6.07097
13731 6.07225
13741 6.0736
13751 6.07494
13761 6.07631
13771 6.07761
13781 6.07892
13791 6.08023
13801 6.08159
13811 6.0829
13821 6.0842
13831 6.08554
13841 6.08687
13851 6.0882
13861 6.08953
13871 6.09086
13881 6.09215
13891 6.0935
13901 6.09483
13911 6.09612
13921 6.09743
13931 6.09875
13941 6.10008
13951 6.10138
13961 6.10273
13971 6.10404
13981 6.10534
13991 6.10664
14001 6.10797
14011 6.10927
14021 6.11061
14031 6.11191
14041 6.11321
14051 6.11452
14061 6.11581
14071 6.11711
14081 6.11845
14091 6.11976
14101 6.1211
14111 6.1224
14121 6.12366
14131 6.12493
14141 6.12626
14151 6.12768
14161 6.12889
14171 6.13025
14181 6.13152
14191 6.13281
14201 6.13411
14211 6.13544
14221 6.13671
14231 6.13794
14241 6.13925
14251 6.14055
14261 6.14184
14271 6.14315
14281 6.14445
14291 6.14575
14301 6.14707
14311 6.14832
14321 6.14958
14331 6.15089
14341 6.15214
14351 6.15339
14361 6.15471
14371 6.15594
14381 6.1572
14391 6.15847
14401 6.15983
14411 6.16114
14421 6.16243
14431 6.16371
14441 6.16498
14451 6.16626
14461 6.1675
14471 6.16877
14481 6.17006
14491 6.17135
14501 6.17262
14511 6.17387
14521 6.17515
14531 6.17641
14541 6.17773
14551 6.17897
14561 6.18027
14571 6.18155
14581 6.18281
14591 6.18409
14601 6.18536
14611 6.18666
14621 6.1879
14631 6.18919
14641 6.19044
14651 6.19168
14661 6.19298
14671 6.19427
14681 6.19551
14691 6.19677
14701 6.19804
14711 6.1993
14721 6.2005
14731 6.20171
14741 6.20302
14751 6.20428
14761 6.20552
14771 6.20675
14781 6.20801
14791 6.20924
14801 6.2105
14811 6.21175
14821 6.213
14831 6.21425
14841 6.21552
14851 6.21675
14861 6.21797
14871 6.21921
14881 6.22045
14891 6.22173
14901 6.22298
14911 6.22424
14921 6.22547
14931 6.22672
14941 6.22798
14951 6.22922
14961 6.2305
14971 6.23172
14981 6.23289
14991 6.23415
15001 6.2354
15011 6.23665
15021 6.2379
15031 6.2391
15041 6.24034
15051 6.24158
15061 6.24281
15071 6.24401
15081 6.24526
15091 6.24648
15101 6.24774
15111 6.24899
15121 6.25021
15131 6.25147
15141 6.25265
15151 6.25389
15161 6.25512
15171 6.2563
15181 6.25752
15191 6.25872
15201 6.25992
15211 6.26117
15221 6.26241
15231 6.26365
15241 6.26484
15251 6.26612
15261 6.26731
15271 6.26859
15281 6.26975
15291 6.27098
15301 6.27225
15311 6.27339
15321 6.27463
15331 6.27584
15341 6.27709
15351 6.2783
15361 6.27949
15371 6.2807
15381 6.28197
15391 6.28318
15401 6.2844
15411 6.28565
15421 6.28684
15431 6.28804
15441 6.28921
15451 6.29037
15461 6.29161
15471 6.29283
15481 6.29406
15491 6.29527
15501 6.29645
15511 6.29764
15521 6.29881
15531 6.30006
15541 6.30123
15551 6.30245
15561 6.30364
15571 6.30484
15581 6.30605
15591 6.30725
15601 6.30849
15611 6.30968
15621 6.31084
15631 6.31207
15641 6.31329
15651 6.31445
15661 6.31561
15671 6.31684
15681 6.31804
15691 6.31923
15701 6.32044
15711 6.32161
15721 6.32276
15731 6.32394
15741 6.32514
15751 6.32629
15761 6.32752
15771 6.32868
15781 6.32983
15791 6.33102
15801 6.33217
15811 6.33334
15821 6.33449
15831 6.33568
15841 6.33687
15851 6.33802
15861 6.33922
15871 6.34034
15881 6.34155
15891 6.34273
15901 6.34392
15911 6.34509
15921 6.3463
15931 6.34741
15941 6.3486
15951 6.34981
15961 6.35099
15971 6.35219
15981 6.35336
15991 6.35451
16001 6.3557
16011 6.35688
16021 6.35804
16031 6.35923
16041 6.36041
16051 6.36154
16061 6.36268
16071 6.36388
16081 6.365
16091 6.36615
16101 6.36733
16111 6.36849
16121 6.3697
16131 6.37083
16141 6.372
16151 6.37316
16161 6.37435
16171 6.37549
16181 6.37663
16191 6.37778
16201 6.37894
16211 6.38004
16221 6.38121
16231 6.38238
16241 6.38353
16251 6.38469
16261 6.38583
16271 6.38697
16281 6.38814
16291 6.3893
16301 6.39045
16311 6.39159
16321 6.39275
16331 6.3939
16341 6.39508
16351 6.39624
16361 6.39739
16371 6.39856
16381 6.39968
16391 6.40085
16401 6.40195
16411 6.4031
16421 6.40424
16431 6.40541
16441 6.4065
16451 6.40768
16461 6.40883
16471 6.41003
16481 6.41111
16491 6.41226
16501 6.41338
16511 6.41448
16521 6.41564
16531 6.41678
16541 6.41794
16551 6.41905
16561 6.42019
16571 6.42131
16581 6.42246
16591 6.4236
16601 6.42472
16611 6.4258
16621 6.42691
16631 6.42806
16641 6.42919
16651 6.43028
16661 6.43142
16671 6.43256
16681 6.4337
16691 6.43477
16701 6.43592
16711 6.43702
16721 6.43821
16731 6.43927
16741 6.44037
16751 6.44154
16761 6.44269
16771 6.44376
16781 6.44486
16791 6.44598
16801 6.44718
16811 6.44834
16821 6.44948
16831 6.45057
16841 6.45166
16851 6.4528
16861 6.45393
16871 6.45501
16881 6.45612
16891 6.45724
16901 6.45828
16911 6.45943
16921 6.46055
16931 6.46162
16941 6.46268
16951 6.46387
16961 6.46493
16971 6.46606
16981 6.46715
16991 6.46829
17001 6.46943
17011 6.47053
17021 6.4717
17031 6.47277
17041 6.47392
17051 6.47503
17061 6.47617
17071 6.47729
17081 6.47839
17091 6.47946
17101 6.48055
17111 6.4818
17121 6.48283
17131 6.48387
17141 6.48494
17151 6.48606
17161 6.48716
17171 6.4883
17181 6.48938
17191 6.49052
17201 6.49161
17211 6.49274
17221 6.49379
17231 6.49486
17241 6.49609
17251 6.49711
17261 6.49818
17271 6.49925
17281 6.50036
17291 6.50144
17301 6.50252
17311 6.5036
17321 6.5047
17331 6.50578
17341 6.50688
17351 6.50793
17361 6.50906
17371 6.51016
17381 6.51126
17391 6.51234
17401 6.51344
17411 6.51452
17421 6.51566
17431 6.51669
17441 6.51776
17451 6.51882
17461 6.51992
17471 6.52099
17481 6.5221
17491 6.52317
17501 6.52428
17511 6.52538
17521 6.52644
17531 6.52752
17541 6.52857
17551 6.52972
17561 6.53078
17571 6.53184
17581 6.53293
17591 6.534
17601 6.53507
17611 6.53617
17621 6.5372
17631 6.53826
17641 6.53939
17651 6.54044
17661 6.54153
17671 6.54256
17681 6.54371
17691 6.54476
17701 6.54582
17711 6.5469
17721 6.54793
17731 6.54899
17741 6.55002
17751 6.55107
17761 6.55212
17771 6.55324
17781 6.55428
17791 6.55536
17801 6.55645
17811 6.55753
17821 6.55858
17831 6.55965
17841 6.5607
17851 6.56178
17861 6.56283
17871 6.56384
17881 6.56493
17891 6.566
17901 6.5671
17911 6.5681
17921 6.56916
17931 6.57019
17941 6.57127
17951 6.57233
17961 6.5734
17971 6.57444
17981 6.57554
17991 6.57661
18001 6.57769
18011 6.57875
18021 6.57982
18031 6.58084
18041 6.58186
18051 6.58289
18061 6.58396
18071 6.585
18081 6.58607
18091 6.5871
18101 6.5882
18111 6.58922
18121 6.5903
18131 6.59133
18141 6.59237
18151 6.5934
18161 6.59444
18171 6.59555
18181 6.59663
18191 6.59763
18201 6.59872
18211 6.59974
18221 6.60077
18231 6.60182
18241 6.60286
18251 6.60391
18261 6.60497
18271 6.60605
18281 6.60705
18291 6.6081
18301 6.60915
18311 6.61021
18321 6.61124
18331 6.61228
18341 6.61334
18351 6.61437
18361 6.6154
18371 6.61647
18381 6.61754
18391 6.61853
18401 6.61955
18411 6.62059
18421 6.62161
18431 6.62266
18441 6.62371
18451 6.62478
18461 6.62583
18471 6.62682
18481 6.62785
18491 6.62888
18501 6.6299
18511 6.63095
18521 6.63196
18531 6.63301
18541 6.63404
18551 6.63509
18561 6.6361
18571 6.63712
18581 6.63815
18591 6.63917
18601 6.6402
18611 6.64116
18621 6.64218
18631 6.64319
18641 6.6442
18651 6.64524
18661 6.6463
18671 6.64728
18681 6.64831
18691 6.64937
18701 6.65038
18711 6.65136
18721 6.65238
18731 6.6534
18741 6.65444
18751 6.65547
18761 6.65649
18771 6.65751
18781 6.65856
18791 6.65957
18801 6.66052
18811 6.66157
18821 6.66256
18831 6.66354
18841 6.66454
18851 6.66553
18861 6.66657
18871 6.66756
18881 6.66854
18891 6.6696
18901 6.67061
18911 6.67159
18921 6.67267
18931 6.67368
18941 6.67467
18951 6.67568
18961 6.67666
18971 6.67766
18981 6.67865
18991 6.67965
19001 6.68068
19011 6.68169
19021 6.68268
19031 6.6837
19041 6.68469
19051 6.68572
19061 6.68669
19071 6.68766
19081 6.68865
19091 6.6896
19101 6.6906
19111 6.69162
19121 6.69268
19131 6.69367
19141 6.69466
19151 6.69568
19161 6.69665
19171 6.69764
19181 6.6987
19191 6.69966
19201 6.7007
19211 6.70169
19221 6.70267
19231 6.70362
19241 6.70465
19251 6.70561
19261 6.7066
19271 6.70758
19281 6.7086
19291 6.70955
19301 6.71053
19311 6.71149
19321 6.71248
19331 6.71349
19341 6.71452
19351 6.71546
19361 6.71646
19371 6.71745
19381 6.71842
19391 6.71943
19401 6.72043
19411 6.72142
19421 6.7224
19431 6.72342
19441 6.7244
19451 6.7254
19461 6.72639
19471 6.72736
19481 6.72839
19491 6.72938
19501 6.73038
19511 6.73135
19521 6.73233
19531 6.73329
19541 6.73424
19551 6.73525
19561 6.7362
19571 6.73718
19581 6.73815
19591 6.73915
19601 6.7401
19611 6.74106
19621 6.74204
19631 6.74297
19641 6.74398
19651 6.74494
19661 6.74597
19671 6.74696
19681 6.74794
19691 6.74889
19701 6.74985
19711 6.75084
19721 6.75181
19731 6.75275
19741 6.75375
19751 6.7547
19761 6.75568
19771 6.75661
19781 6.75758
19791 6.75854
19801 6.75949
19811 6.76048
19821 6.76148
19831 6.76248
19841 6.7634
19851 6.7644
19861 6.76535
19871 6.76624
19881 6.7672
19891 6.76816
19901 6.76912
19911 6.77007
19921 6.77104
19931 6.77199
19941 6.77291
19951 6.77387
19961 6.77479
19971 6.7758
19981 6.77671
19991 6.77766
20001 6.77857
20011 6.77954
20021 6.78048
20031 6.78146
20041 6.78244
20051 6.7834
20061 6.78436
20071 6.78534
20081 6.78625
20091 6.78723
20101 6.78818
20111 6.7891
20121 6.79007
20131 6.79101
20141 6.79197
20151 6.79295
20161 6.79391
20171 6.79487
20181 6.79581
20191 6.79677
20201 6.79772
20211 6.79867
20221 6.79965
20231 6.80064
20241 6.80158
20251 6.80252
20261 6.80345
20271 6.80437
20281 6.80532
20291 6.80624
20301 6.80718
20311 6.8081
20321 6.80904
20331 6.80997
20341 6.81092
20351 6.81186
20361 6.81281
20371 6.81378
20381 6.81472
20391 6.81566
20401 6.81663
20411 6.8176
20421 6.81852
20431 6.81946
20441 6.82039
20451 6.8213
20461 6.82224
20471 6.82316
20481 6.82414
20491 6.82501
20501 6.82592
20511 6.82689
20521 6.82785
20531 6.82878
20541 6.82972
20551 6.83064
20561 6.83161
20571 6.83253
20581 6.83347
20591 6.8344
20601 6.83535
20611 6.83627
20621 6.83718
20631 6.83813
20641 6.83905
20651 6.83993
20661 6.84086
20671 6.84181
20681 6.84273
20691 6.84366
20701 6.84456
20711 6.84549
20721 6.84641
20731 6.84738
20741 6.84828
20751 6.8492
20761 6.85014
20771 6.85107
20781 6.85199
20791 6.85292
20801 6.85386
20811 6.85478
20821 6.85567
20831 6.85663
20841 6.85758
20851 6.85847
20861 6.85936
20871 6.86033
20881 6.86128
20891 6.86221
20901 6.86317
20911 6.8641
20921 6.86502
20931 6.86592
20941 6.86683
20951 6.86776
20961 6.86864
20971 6.86961
20981 6.8705
20991 6.87143
21001 6.87234
21011 6.87321
21021 6.87415
21031 6.87506
21041 6.876
21051 6.87687
21061 6.87781
21071 6.87875
21081 6.87965
21091 6.88057
21101 6.88148
21111 6.88243
21121 6.88333
21131 6.88421
21141 6.8851
21151 6.88598
21161 6.88693
21171 6.88785
21181 6.88878
21191 6.88966
21201 6.89061
21211 6.89151
21221 6.89239
21231 6.89325
21241 6.89417
21251 6.8951
21261 6.89601
21271 6.89692
21281 6.89779
21291 6.89866
21301 6.89958
21311 6.90048
21321 6.90138
21331 6.90226
21341 6.90317
21351 6.90415
21361 6.90503
21371 6.90593
21381 6.90682
21391 6.9077
21401 6.9086
21411 6.90952
21421 6.91041
21431 6.9113
21441 6.9122
21451 6.91311
21461 6.91404
21471 6.91493
21481 6.9158
21491 6.91667
21501 6.9176
21511 6.91851
21521 6.91938
21531 6.92027
21541 6.92112
21551 6.92203
21561 6.92296
21571 6.92387
21581 6.92478
21591 6.92563
21601 6.92649
21611 6.92743
21621 6.92833
21631 6.92923
21641 6.9301
21651 6.93098
21661 6.93189
21671 6.93282
21681 6.93372
21691 6.93461
21701 6.93549
21711 6.93644
21721 6.93734
21731 6.93826
21741 6.9391
21751 6.94
21761 6.94087
21771 6.94174
21781 6.94264
21791 6.94353
21801 6.94438
21811 6.94526
21821 6.94612
21831 6.947
21841 6.9479
21851 6.94881
21861 6.94965
21871 6.95052
21881 6.9514
21891 6.95224
21901 6.95312
21911 6.954
21921 6.95488
21931 6.9558
21941 6.95663
21951 6.95756
21961 6.9584
21971 6.95927
21981 6.96017
21991 6.96108
22001 6.96197
22011 6.96283
22021 6.96374
22031 6.96457
22041 6.96541
22051 6.96628
22061 6.96718
22071 6.96804
22081 6.96894
22091 6.96981
22101 6.97065
22111 6.97152
22121 6.97237
22131 6.97324
22141 6.97411
22151 6.97496
22161 6.97582
22171 6.97672
22181 6.97755
22191 6.97841
22201 6.97934
22211 6.98018
22221 6.98106
22231 6.98192
22241 6.9828
22251 6.9837
22261 6.98455
22271 6.98543
22281 6.98631
22291 6.98718
22301 6.98803
22311 6.98885
22321 6.98973
22331 6.9906
22341 6.99149
22351 6.99232
22361 6.99321
22371 6.9941
22381 6.99493
22391 6.9958
22401 6.99664
22411 6.99751
22421 6.99836
22431 6.99923
22441 7.00009
22451 7.00093
22461 7.00181
22471 7.00262
22481 7.00347
22491 7.0043
22501 7.00512
22511 7.006
22521 7.00687
22531 7.00772
22541 7.0086
22551 7.00946
22561 7.01034
22571 7.01116
22581 7.01204
22591 7.01289
22601 7.01376
22611 7.0146
22621 7.01546
22631 7.01632
22641 7.01713
22651 7.01817
22661 7.01883
22671 7.01968
22681 7.02057
22691 7.02139
22701 7.02224
22711 7.02308
22721 7.02392
22731 7.02474
22741 7.02562
22751 7.02646
22761 7.02729
22771 7.02815
22781 7.029
22791 7.02984
22801 7.03066
22811 7.03153
22821 7.03237
22831 7.03321
22841 7.03407
22851 7.03492
22861 7.03573
22871 7.03659
22881 7.03744
22891 7.03829
22901 7.03915
22911 7.04003
22921 7.04088
22931 7.04174
22941 7.04256
22951 7.04339
22961 7.04427
22971 7.04509
22981 7.04591
22991 7.04672
23001 7.0476
23011 7.04842
23021 7.04924
23031 7.0501
23041 7.0509
23051 7.05173
23061 7.05259
23071 7.05346
23081 7.05428
23091 7.05512
23101 7.05595
23111 7.05681
23121 7.05765
23131 7.0585
23141 7.05929
23151 7.06015
23161 7.06102
23171 7.06187
23181 7.06268
23191 7.06353
23201 7.06435
23211 7.06514
23221 7.066
23231 7.06681
23241 7.06762
23251 7.06847
23261 7.06932
23271 7.07012
23281 7.07094
23291 7.07178
23301 7.07257
23311 7.07338
23321 7.07422
23331 7.075
23341 7.07585
23351 7.07667
23361 7.07751
23371 7.07831
23381 7.07911
23391 7.07989
23401 7.08076
23411 7.08157
23421 7.08242
23431 7.08323
23441 7.08411
23451 7.08493
23461 7.08577
23471 7.08657
23481 7.08739
23491 7.08821
23501 7.08902
23511 7.08984
23521 7.09069
23531 7.09148
23541 7.09229
23551 7.09309
23561 7.09393
23571 7.09475
23581 7.09556
23591 7.09638
23601 7.09723
23611 7.09801
23621 7.09887
23631 7.09972
23641 7.10051
23651 7.10127
23661 7.10212
23671 7.10294
23681 7.10376
23691 7.10459
23701 7.10538
23711 7.10621
23721 7.10703
23731 7.10785
23741 7.10867
23751 7.10945
23761 7.11025
23771 7.11106
23781 7.1119
23791 7.11269
23801 7.11351
23811 7.11432
23821 7.11515
23831 7.11597
23841 7.1168
23851 7.11756
23861 7.11838
23871 7.11916
23881 7.11999
23891 7.12079
23901 7.12159
23911 7.12236
23921 7.1232
23931 7.12403
23941 7.12484
23951 7.12564
23961 7.12649
23971 7.1273
23981 7.12812
23991 7.12894
24001 7.12977
24011 7.1306
24021 7.1314
24031 7.13222
24041 7.133
24051 7.1338
24061 7.13458
24071 7.1354
24081 7.13619
24091 7.137
24101 7.13778
24111 7.13856
24121 7.13936
24131 7.14016
24141 7.14091
24151 7.14172
24161 7.14257
24171 7.14334
24181 7.14414
24191 7.14493
24201 7.14568
24211 7.1465
24221 7.14731
24231 7.14812
24241 7.1489
24251 7.1497
24261 7.15052
24271 7.15135
24281 7.15209
24291 7.15293
24301 7.15369
24311 7.15449
24321 7.15529
24331 7.15604
24341 7.15684
24351 7.15764
24361 7.15844
24371 7.15923
24381 7.16004
24391 7.16084
24401 7.16165
24411 7.16244
24421 7.16325
24431 7.16402
24441 7.16479
24451 7.16556
24461 7.16637
24471 7.16722
24481 7.16798
24491 7.16881
24501 7.1696
24511 7.1704
24521 7.1712
24531 7.17199
24541 7.17279
24551 7.17355
24561 7.17436
24571 7.17514
24581 7.17594
24591 7.17673
24601 7.17752
24611 7.17833
24621 7.17911
24631 7.1799
24641 7.18069
24651 7.18145
24661 7.18221
24671 7.18297
24681 7.18379
24691 7.18457
24701 7.18535
24711 7.18613
24721 7.18693
24731 7.18769
24741 7.18845
24751 7.18922
24761 7.19
24771 7.19077
24781 7.19151
24791 7.19228
24801 7.19301
24811 7.19381
24821 7.19461
24831 7.19537
24841 7.19616
24851 7.19693
24861 7.19775
24871 7.19854
24881 7.19934
24891 7.20013
24901 7.20089
24911 7.20167
24921 7.20246
24931 7.20324
24941 7.20402
24951 7.20483
24961 7.20559
24971 7.20635
24981 7.20712
24991 7.20788
25001 7.20867
25011 7.2094
25021 7.21016
25031 7.21094
25041 7.21174
25051 7.21255
25061 7.21333
25071 7.2141
25081 7.21488
25091 7.21568
25101 7.21645
25111 7.21724
25121 7.21799
25131 7.21873
25141 7.21954
25151 7.22027
25161 7.22106
25171 7.22182
25181 7.22263
25191 7.2234
25201 7.22418
25211 7.22488
25221 7.22565
25231 7.22639
25241 7.22721
25251 7.22798
25261 7.22874
25271 7.22949
25281 7.2303
25291 7.23104
25301 7.23184
25311 7.2326
25321 7.23335
25331 7.23414
25341 7.23488
25351 7.23569
25361 7.23642
25371 7.23716
25381 7.23791
25391 7.23869
25401 7.23943
25411 7.2402
25421 7.24099
25431 7.24176
25441 7.24251
25451 7.24327
25461 7.244
25471 7.24477
25481 7.24555
25491 7.2463
25501 7.24707
25511 7.24782
25521 7.24859
25531 7.24935
25541 7.25011
25551 7.25089
25561 7.25167
25571 7.25243
25581 7.25318
25591 7.25393
25601 7.25472
25611 7.25547
25621 7.25622
25631 7.25695
25641 7.25773
25651 7.25845
25661 7.2592
25671 7.25996
25681 7.26072
25691 7.26145
25701 7.26223
25711 7.26297
25721 7.2637
25731 7.26446
25741 7.26526
25751 7.26598
25761 7.26668
25771 7.26739
25781 7.26813
25791 7.26893
25801 7.2697
25811 7.27043
25821 7.27118
25831 7.27189
25841 7.27264
25851 7.27339
25861 7.27413
25871 7.27491
25881 7.27564
25891 7.27639
25901 7.27716
25911 7.27787
25921 7.27863
25931 7.2794
25941 7.28019
25951 7.28097
25961 7.28168
25971 7.2824
25981 7.28312
25991 7.28388
26001 7.28461
26011 7.28533
26021 7.2861
26031 7.28691
26041 7.28765
26051 7.28836
26061 7.28913
26071 7.2899
26081 7.29066
26091 7.29136
26101 7.29206
26111 7.29281
26121 7.29351
26131 7.29422
26141 7.29499
26151 7.29575
26161 7.29647
26171 7.29723
26181 7.29796
26191 7.29872
26201 7.29945
26211 7.30022
26221 7.30093
26231 7.30168
26241 7.30243
26251 7.30315
26261 7.30391
26271 7.30467
26281 7.30539
26291 7.30615
26301 7.30687
26311 7.30764
26321 7.30835
26331 7.30906
26341 7.3098
26351 7.31054
26361 7.31127
26371 7.31203
26381 7.31281
26391 7.31354
26401 7.31427
26411 7.31499
26421 7.31569
26431 7.31649
26441 7.31722
26451 7.31793
26461 7.31867
26471 7.31941
26481 7.32009
26491 7.32086
26501 7.32163
26511 7.32234
26521 7.32309
26531 7.32377
26541 7.32451
26551 7.32524
26561 7.32597
26571 7.32673
26581 7.32742
26591 7.3282
26601 7.32891
26611 7.32961
26621 7.33037
26631 7.3311
26641 7.33183
26651 7.33255
26661 7.33331
26671 7.33402
26681 7.33476
26691 7.33551
26701 7.33623
26711 7.33693
26721 7.33767
26731 7.33842
26741 7.3391
26751 7.33982
26761 7.34056
26771 7.34127
26781 7.34196
26791 7.34268
26801 7.34341
26811 7.34417
26821 7.3449
26831 7.34564
26841 7.34634
26851 7.34707
26861 7.34779
26871 7.3485
26881 7.34919
26891 7.34994
26901 7.35069
26911 7.35141
26921 7.3521
26931 7.35281
26941 7.35353
26951 7.35422
26961 7.35496
26971 7.35568
26981 7.35641
26991 7.35712
27001 7.35788
27011 7.35861
27021 7.35929
27031 7.36005
27041 7.36074
27051 7.36147
27061 7.36219
27071 7.3629
27081 7.36361
27091 7.36435
27101 7.36502
27111 7.36572
27121 7.36644
27131 7.36712
27141 7.36787
27151 7.36859
27161 7.36926
27171 7.37002
27181 7.37072
27191 7.37146
27201 7.37214
27211 7.37284
27221 7.37353
27231 7.37431
27241 7.37496
27251 7.37568
27261 7.37644
27271 7.37714
27281 7.37786
27291 7.37854
27301 7.37924
27311 7.37996
27321 7.38068
27331 7.38135
27341 7.38206
27351 7.38276
27361 7.38351
27371 7.38419
27381 7.38491
27391 7.38564
27401 7.38631
27411 7.38702
27421 7.38773
27431 7.38846
27441 7.38918
27451 7.38988
27461 7.39058
27471 7.39131
27481 7.392
27491 7.39269
27501 7.39342
27511 7.3941
27521 7.39482
27531 7.3955
27541 7.39619
27551 7.39693
27561 7.3976
27571 7.39833
27581 7.39904
27591 7.39974
27601 7.40045
27611 7.40118
27621 7.40189
27631 7.40259
27641 7.4033
27651 7.40401
27661 7.40469
27671 7.40539
27681 7.40608
27691 7.40676
27701 7.40749
27711 7.40817
27721 7.40884
27731 7.40953
27741 7.41025
27751 7.41096
27761 7.41161
27771 7.41229
27781 7.41298
27791 7.41371
27801 7.41445
27811 7.41511
27821 7.41581
27831 7.41648
27841 7.41725
27851 7.41787
27861 7.41859
27871 7.41926
27881 7.41999
27891 7.42068
27901 7.42135
27911 7.42201
27921 7.4227
27931 7.42336
27941 7.42408
27951 7.42477
27961 7.42549
27971 7.42618
27981 7.42688
27991 7.42756
28001 7.42824
28011 7.42899
28021 7.42968
28031 7.4304
28041 7.43106
28051 7.43172
28061 7.43245
28071 7.43314
28081 7.43379
28091 7.43449
28101 7.43515
28111 7.43588
28121 7.43654
28131 7.43722
28141 7.4379
28151 7.43856
28161 7.43926
28171 7.43996
28181 7.44067
28191 7.44137
28201 7.44206
28211 7.44274
28221 7.44345
28231 7.44413
28241 7.4448
28251 7.44547
28261 7.4462
28271 7.44692
28281 7.44758
28291 7.44827
28301 7.44896
28311 7.44965
28321 7.45032
28331 7.45098
28341 7.45166
28351 7.45233
28361 7.45304
28371 7.45371
28381 7.45435
28391 7.45505
28401 7.45576
28411 7.45643
28421 7.45712
28431 7.45783
28441 7.45855
28451 7.45923
28461 7.45989
28471 7.46056
28481 7.46125
28491 7.46195
28501 7.46262
28511 7.46333
28521 7.46398
28531 7.46464
28541 7.46533
28551 7.46596
28561 7.46667
28571 7.46738
28581 7.46808
28591 7.46872
28601 7.46942
28611 7.47008
28621 7.47073
28631 7.47141
28641 7.47206
28651 7.4727
28661 7.47339
28671 7.47407
28681 7.47476
28691 7.47545
28701 7.47614
28711 7.47683
28721 7.47749
28731 7.47816
28741 7.47886
28751 7.47956
28761 7.48025
28771 7.48093
28781 7.48162
28791 7.48228
28801 7.48297
28811 7.48363
28821 7.48432
28831 7.48497
28841 7.48567
28851 7.48635
28861 7.48704
28871 7.48774
28881 7.48842
28891 7.48908
28901 7.48973
28911 7.4904
28921 7.49108
28931 7.49181
28941 7.49242
28951 7.49311
28961 7.49378
28971 7.49439
28981 7.49504
28991 7.49571
29001 7.49638
29011 7.49704
29021 7.4977
29031 7.49835
29041 7.49899
29051 7.49967
29061 7.50035
29071 7.50101
29081 7.50166
29091 7.50233
29101 7.50303
29111 7.50371
29121 7.5044
29131 7.50506
29141 7.5057
29151 7.50637
29161 7.50698
29171 7.50768
29181 7.50835
29191 7.50904
29201 7.5097
29211 7.51036
29221 7.511
29231 7.51167
29241 7.51236
29251 7.51304
29261 7.51371
29271 7.51441
29281 7.51503
29291 7.51569
29301 7.51636
29311 7.51699
29321 7.51759
29331 7.51828
29341 7.51897
29351 7.51963
29361 7.5203
29371 7.52095
29381 7.52161
29391 7.52231
29401 7.52295
29411 7.52355
29421 7.52423
29431 7.52497
29441 7.52556
29451 7.52622
29461 7.52684
29471 7.52752
29481 7.5282
29491 7.52883
29501 7.52951
29511 7.53015
29521 7.53082
29531 7.53149
29541 7.53212
29551 7.53282
29561 7.53345
29571 7.53411
29581 7.53476
29591 7.53544
29601 7.5361
29611 7.53674
29621 7.53739
29631 7.53802
29641 7.53866
29651 7.53931
29661 7.53996
29671 7.54059
29681 7.54128
29691 7.54193
29701 7.54257
29711 7.54324
29721 7.5439
29731 7.54455
29741 7.54521
29751 7.54588
29761 7.54652
29771 7.54716
29781 7.54784
29791 7.54847
29801 7.5491
29811 7.54972
29821 7.55039
29831 7.55104
29841 7.5517
29851 7.55237
29861 7.55299
29871 7.55365
29881 7.55435
29891 7.55499
29901 7.55562
29911 7.55629
29921 7.55693
29931 7.55754
29941 7.55816
29951 7.55885
29961 7.55953
29971 7.56021
29981 7.56086
29991 7.56148
