1 57.8418
11 5.88159
21 4.55326
31 3.93679
41 3.55541
51 3.29456
61 3.10545
71 2.9618
81 2.84927
91 2.75883
101 2.68422
111 2.62185
121 2.56848
131 2.52313
141 2.48277
151 2.44782
161 2.41601
171 2.38777
181 2.36268
191 2.3389
201 2.3181
211 2.29873
221 2.28065
231 2.26437
241 2.24875
251 2.23445
261 2.22142
271 2.20866
281 2.19698
291 2.18593
301 2.17511
311 2.16554
321 2.15619
331 2.14728
341 2.13862
351 2.13058
361 2.1231
371 2.11592
381 2.10888
391 2.10184
401 2.09552
411 2.0892
421 2.08326
431 2.07806
441 2.07273
451 2.06687
461 2.06167
471 2.05688
481 2.05241
491 2.04765
501 2.04302
511 2.03897
521 2.035
531 2.03048
541 2.02718
551 2.02344
561 2.01952
571 2.01615
581 2.01248
591 2.0088
601 2.00588
611 2.00239
621 1.99974
631 1.99678
641 1.99345
651 1.99081
661 1.98805
671 1.9855
681 1.98363
691 1.98002
701 1.97733
711 1.97497
721 1.97235
731 1.97035
741 1.96783
751 1.96538
761 1.96353
771 1.96134
781 1.95927
791 1.95703
801 1.95492
811 1.95312
821 1.95086
831 1.94947
841 1.94673
851 1.94558
861 1.94359
871 1.94151
881 1.94011
891 1.93792
901 1.93663
911 1.93488
921 1.93349
931 1.93148
941 1.93012
951 1.92819
961 1.9271
971 1.92515
981 1.92534
991 1.92218
1001 1.92105
1011 1.91962
1021 1.91795
1031 1.91696
1041 1.91592
1051 1.91445
1061 1.91256
1071 1.91153
1081 1.91069
1091 1.90936
1101 1.90757
1111 1.90664
1121 1.90586
1131 1.90479
1141 1.90378
1151 1.90232
1161 1.90081
1171 1.90015
1181 1.89878
1191 1.89802
1201 1.89708
1211 1.89545
1221 1.89448
1231 1.89322
1241 1.89225
1251 1.89142
1261 1.89026
1271 1.88998
1281 1.88848
1291 1.88766
1301 1.88675
1311 1.88577
1321 1.88469
1331 1.88341
1341 1.88306
1351 1.88205
1361 1.88111
1371 1.88045
1381 1.8801
1391 1.87845
1401 1.87775
1411 1.87754
1421 1.8766
1431 1.87553
1441 1.87497
1451 1.87359
1461 1.87292
1471 1.87251
1481 1.87211
1491 1.87064
1501 1.86991
1511 1.86918
1521 1.86846
1531 1.86781
1541 1.86743
1551 1.86638
1561 1.86542
1571 1.86512
1581 1.86446
1591 1.86319
1601 1.86276
1611 1.86208
1621 1.86123
1631 1.86064
1641 1.86019
1651 1.85987
1661 1.85929
1671 1.85873
1681 1.8575
1691 1.85683
1701 1.85676
1711 1.85589
1721 1.85541
1731 1.85504
1741 1.85388
1751 1.85334
1761 1.85354
1771 1.85269
1781 1.8518
1791 1.85133
1801 1.85066
1811 1.85032
1821 1.84974
1831 1.84894
1841 1.84815
1851 1.84757
1861 1.84719
1871 1.8467
1881 1.84638
1891 1.84552
1901 1.84519
1911 1.84518
1921 1.84411
1931 1.84405
1941 1.84318
1951 1.8429
1961 1.8418
1971 1.84155
1981 1.84159
1991 1.8404
2001 1.84032
2011 1.83974
2021 1.83963
2031 1.83901
2041 1.8385
2051 1.83795
2061 1.83718
2071 1.83687
2081 1.83653
2091 1.83614
2101 1.83595
2111 1.83511
2121 1.83483
2131 1.83396
2141 1.83385
2151 1.83341
2161 1.83294
2171 1.83248
2181 1.83228
2191 1.83153
2201 1.83143
2211 1.83093
2221 1.83012
2231 1.83038
2241 1.8298
2251 1.83004
2261 1.82894
2271 1.82869
2281 1.8283
2291 1.82736
2301 1.82714
2311 1.8268
2321 1.82646
2331 1.82644
2341 1.82587
2351 1.82562
2361 1.82501
2371 1.82486
2381 1.82441
2391 1.82399
2401 1.82337
2411 1.82338
2421 1.82265
2431 1.82231
2441 1.82215
2451 1.82205
2461 1.82147
2471 1.8211
2481 1.82092
2491 1.82039
2501 1.82005
2511 1.81951
2521 1.8196
2531 1.81893
2541 1.81875
2551 1.81841
2561 1.81812
2571 1.81765
2581 1.81732
2591 1.81694
2601 1.81731
2611 1.81676
2621 1.81601
2631 1.8154
2641 1.81553
2651 1.81472
2661 1.8147
2671 1.81429
2681 1.81403
2691 1.81368
2701 1.81331
2711 1.81406
2721 1.81295
2731 1.81247
2741 1.81239
2751 1.8119
2761 1.81172
2771 1.81141
2781 1.81079
2791 1.81085
2801 1.81094
2811 1.81002
2821 1.81032
2831 1.80962
2841 1.80919
2851 1.80919
2861 1.80894
2871 1.80831
2881 1.80836
2891 1.80814
2901 1.80791
2911 1.80754
2921 1.80752
2931 1.80693
2941 1.80664
2951 1.80654
2961 1.80632
2971 1.80568
2981 1.80567
2991 1.80532
3001 1.805
3011 1.80481
3021 1.8045
3031 1.80761
3041 1.80419
3051 1.8041
3061 1.80377
3071 1.80328
3081 1.80282
3091 1.80268
3101 1.80229
3111 1.80223
3121 1.80177
3131 1.80196
3141 1.80157
3151 1.80167
3161 1.80121
3171 1.80063
3181 1.80044
3191 1.80024
3201 1.79991
3211 1.80004
3221 1.79948
3231 1.79966
3241 1.79919
3251 1.79924
3261 1.79858
3271 1.79847
3281 1.79835
3291 1.7982
3301 1.79803
3311 1.79751
3321 1.79722
3331 1.79692
3341 1.79678
3351 1.79924
3361 1.79645
3371 1.79631
3381 1.79594
3391 1.79585
3401 1.79572
3411 1.79532
3421 1.79578
3431 1.79514
3441 1.79449
3451 1.79487
3461 1.79435
3471 1.79415
3481 1.79381
3491 1.79381
3501 1.79344
3511 1.79332
3521 1.79261
3531 1.79258
3541 1.79272
3551 1.79247
3561 1.79221
3571 1.7918
3581 1.79166
3591 1.79214
3601 1.7913
3611 1.79217
3621 1.79096
3631 1.79094
3641 1.79057
3651 1.79008
3661 1.79
3671 1.78971
3681 1.78974
3691 1.78964
3701 1.78947
3711 1.78918
3721 1.78903
3731 1.78894
3741 1.78861
3751 1.78843
3761 1.78796
3771 1.78827
3781 1.78857
3791 1.78771
3801 1.78729
3811 1.78768
3821 1.78674
3831 1.78685
3841 1.78645
3851 1.78643
3861 1.78637
3871 1.7863
3881 1.78591
3891 1.78636
3901 1.78577
3911 1.78502
3921 1.7862
3931 1.78489
3941 1.7848
3951 1.78464
3961 1.78467
3971 1.78436
3981 1.78418
3991 1.78386
4001 1.7837
4011 1.78417
4021 1.78325
4031 1.78301
4041 1.78297
4051 1.78301
4061 1.78292
4071 1.78253
4081 1.78252
4091 1.78243
4101 1.78254
4111 1.78176
4121 1.7814
4131 1.78134
4141 1.78164
4151 1.78109
4161 1.78102
4171 1.78111
4181 1.78072
4191 1.78067
4201 1.78042
4211 1.78035
4221 1.77994
4231 1.77956
4241 1.77992
4251 1.77941
4261 1.77955
4271 1.77934
4281 1.77943
4291 1.77876
4301 1.77875
4311 1.77898
4321 1.77815
4331 1.77814
4341 1.77833
4351 1.77758
4361 1.77779
4371 1.77763
4381 1.77735
4391 1.77743
4401 1.77758
4411 1.77727
4421 1.77681
4431 1.77674
4441 1.7766
4451 1.77642
4461 1.7761
4471 1.77628
4481 1.77618
4491 1.77583
4501 1.77572
4511 1.77556
4521 1.77546
4531 1.7753
4541 1.77524
4551 1.77516
4561 1.77481
4571 1.77492
4581 1.77475
4591 1.77456
4601 1.77441
4611 1.77374
4621 1.77408
4631 1.77369
4641 1.77375
4651 1.77392
4661 1.77358
4671 1.77376
4681 1.77356
4691 1.77301
4701 1.77288
4711 1.77282
4721 1.77217
4731 1.77267
4741 1.77218
4751 1.77245
4761 1.77206
4771 1.77203
4781 1.77175
4791 1.77175
4801 1.77171
4811 1.77122
4821 1.77132
4831 1.77084
4841 1.77124
4851 1.77077
4861 1.7707
4871 1.77032
4881 1.77044
4891 1.77031
4901 1.77053
4911 1.76977
4921 1.76997
4931 1.76994
4941 1.76966
4951 1.76965
4961 1.76955
4971 1.76932
4981 1.76925
4991 1.76894
5001 1.76904
5011 1.76868
5021 1.76897
5031 1.76837
5041 1.76857
5051 1.76831
5061 1.76874
5071 1.7682
5081 1.76802
5091 1.76796
5101 1.76768
5111 1.76771
5121 1.7673
5131 1.76727
5141 1.76749
5151 1.76707
5161 1.76738
5171 1.76694
5181 1.76665
5191 1.76656
5201 1.7666
5211 1.76652
5221 1.76619
5231 1.76614
5241 1.76622
5251 1.76555
5261 1.76582
5271 1.76557
5281 1.76593
5291 1.76541
5301 1.76549
5311 1.76519
5321 1.76531
5331 1.76511
5341 1.76485
5351 1.7649
5361 1.76449
5371 1.76432
5381 1.76459
5391 1.76449
5401 1.7647
5411 1.76433
5421 1.7643
5431 1.76444
5441 1.76349
5451 1.76387
5461 1.76386
5471 1.76327
5481 1.76347
5491 1.7653
5501 1.76279
5511 1.76283
5521 1.76298
5531 1.76294
5541 1.76271
5551 1.76222
5561 1.76251
5571 1.76242
5581 1.76226
5591 1.76187
5601 1.76206
5611 1.76191
5621 1.76199
5631 1.76176
5641 1.76181
5651 1.76128
5661 1.76128
5671 1.76132
5681 1.76111
5691 1.76096
5701 1.76094
5711 1.76054
5721 1.76097
5731 1.76067
5741 1.76078
5751 1.76017
5761 1.76019
5771 1.76026
5781 1.75998
5791 1.75989
5801 1.75996
5811 1.75958
5821 1.75971
5831 1.75958
5841 1.75948
5851 1.75948
5861 1.75942
5871 1.75935
5881 1.75917
5891 1.75934
5901 1.75899
5911 1.75865
5921 1.75863
5931 1.75836
5941 1.75849
5951 1.75844
5961 1.75826
5971 1.75808
5981 1.75795
5991 1.75828
6001 1.75803
6011 1.75906
6021 1.75777
6031 1.75769
6041 1.75771
6051 1.75723
6061 1.75721
6071 1.7573
6081 1.75706
6091 1.75728
6101 1.75685
6111 1.75722
6121 1.75727
6131 1.75674
6141 1.75735
6151 1.7567
6161 1.75651
6171 1.75654
6181 1.75583
6191 1.75624
6201 1.75589
6211 1.75599
6221 1.75604
6231 1.75543
6241 1.75606
6251 1.75553
6261 1.75595
6271 1.75506
6281 1.75502
6291 1.75496
6301 1.75606
6311 1.75516
6321 1.75474
6331 1.75452
6341 1.75502
6351 1.75484
6361 1.75445
6371 1.75423
6381 1.75446
6391 1.75433
6401 1.75444
6411 1.75446
6421 1.75443
6431 1.75381
6441 1.75378
6451 1.75377
6461 1.75382
6471 1.75347
6481 1.75385
6491 1.75358
6501 1.75325
6511 1.75306
6521 1.75298
6531 1.75308
6541 1.75289
6551 1.7529
6561 1.75272
6571 1.75279
6581 1.75237
6591 1.75253
6601 1.75257
6611 1.75238
6621 1.7527
6631 1.75221
6641 1.75272
6651 1.75208
6661 1.75216
6671 1.75205
6681 1.75185
6691 1.75194
6701 1.75177
6711 1.75225
6721 1.75155
6731 1.7512
6741 1.75139
6751 1.75124
6761 1.75135
6771 1.75096
6781 1.75107
6791 1.75095
6801 1.75104
6811 1.75084
6821 1.75052
6831 1.75101
6841 1.75064
6851 1.75039
6861 1.75032
6871 1.75024
6881 1.75036
6891 1.75068
6901 1.75001
6911 1.7502
6921 1.7501
6931 1.75004
6941 1.74982
6951 1.74972
6961 1.74969
6971 1.74949
6981 1.74924
6991 1.74941
7001 1.74921
7011 1.74906
7021 1.74904
7031 1.7491
7041 1.74901
7051 1.74861
7061 1.74905
7071 1.74886
7081 1.74914
7091 1.74858
7101 1.74817
7111 1.7484
7121 1.74816
7131 1.74849
7141 1.74849
7151 1.74841
7161 1.74786
7171 1.74804
7181 1.7476
7191 1.74799
7201 1.74762
7211 1.74759
7221 1.74769
7231 1.74761
7241 1.74719
7251 1.74706
7261 1.74734
7271 1.74775
7281 1.74706
7291 1.74725
7301 1.74713
7311 1.74696
7321 1.74706
7331 1.74706
7341 1.74653
7351 1.74683
7361 1.74677
7371 1.74651
7381 1.74629
7391 1.74639
7401 1.74624
7411 1.74655
7421 1.74642
7431 1.74635
7441 1.74609
7451 1.74622
7461 1.74565
7471 1.74575
7481 1.74568
7491 1.74534
7501 1.74532
7511 1.74564
7521 1.74543
7531 1.74525
7541 1.74551
7551 1.745
7561 1.74522
7571 1.74511
7581 1.74487
7591 1.74513
7601 1.74508
7611 1.7451
7621 1.74512
7631 1.74487
7641 1.74489
7651 1.7448
7661 1.74482
7671 1.74429
7681 1.74452
7691 1.74456
7701 1.74441
7711 1.74388
7721 1.74402
7731 1.74439
7741 1.74446
7751 1.74432
7761 1.74391
7771 1.74368
7781 1.74369
7791 1.74348
7801 1.74356
7811 1.74333
7821 1.74347
7831 1.74336
7841 1.74349
7851 1.74338
7861 1.74317
7871 1.7433
7881 1.74332
7891 1.74329
7901 1.74266
7911 1.74293
7921 1.74297
7931 1.74284
7941 1.74282
7951 1.74288
7961 1.74274
7971 1.74265
7981 1.74228
7991 1.74253
8001 1.74261
8011 1.7425
8021 1.74242
8031 1.74215
8041 1.74253
8051 1.7421
8061 1.74206
8071 1.74225
8081 1.74229
8091 1.74189
8101 1.74206
8111 1.74189
8121 1.74166
8131 1.74173
8141 1.74142
8151 1.7414
8161 1.74128
8171 1.74145
8181 1.74084
8191 1.74134
8201 1.74106
8211 1.74099
8221 1.74102
8231 1.74089
8241 1.74104
8251 1.74072
8261 1.74081
8271 1.74055
8281 1.74062
8291 1.74066
8301 1.74037
8311 1.74044
8321 1.74036
8331 1.74041
8341 1.74048
8351 1.74039
8361 1.74011
8371 1.73992
8381 1.73987
8391 1.73985
8401 1.73974
8411 1.7399
8421 1.74
8431 1.74
8441 1.73975
8451 1.7399
8461 1.73963
8471 1.73955
8481 1.73959
8491 1.73963
8501 1.73946
8511 1.7393
8521 1.73937
8531 1.7395
8541 1.73891
8551 1.73931
8561 1.73891
8571 1.73922
8581 1.73874
8591 1.73867
8601 1.73886
8611 1.73899
8621 1.73881
8631 1.7389
8641 1.73883
8651 1.7388
8661 1.73851
8671 1.73838
8681 1.73838
8691 1.73816
8701 1.73812
8711 1.73828
8721 1.73833
8731 1.73843
8741 1.738
8751 1.73786
8761 1.73818
8771 1.73804
8781 1.73768
8791 1.73786
8801 1.73766
8811 1.73757
8821 1.73749
8831 1.7376
8841 1.73721
8851 1.73729
8861 1.73718
8871 1.73773
8881 1.73709
8891 1.73697
8901 1.73703
8911 1.73703
8921 1.73729
8931 1.73732
8941 1.73687
8951 1.73726
8961 1.73688
8971 1.73692
8981 1.73672
8991 1.73731
9001 1.73658
9011 1.73661
9021 1.73674
9031 1.73648
9041 1.73628
9051 1.73643
9061 1.73675
9071 1.73621
9081 1.73626
9091 1.73602
9101 1.73617
9111 1.73622
9121 1.73584
9131 1.73612
9141 1.73591
9151 1.73614
9161 1.73571
9171 1.73577
9181 1.73543
9191 1.73553
9201 1.73583
9211 1.7355
9221 1.73554
9231 1.73568
9241 1.73516
9251 1.73557
9261 1.73521
9271 1.73542
9281 1.73488
9291 1.73546
9301 1.73517
9311 1.73508
9321 1.73534
9331 1.73493
9341 1.73493
9351 1.73515
9361 1.73477
9371 1.73469
9381 1.73472
9391 1.73469
9401 1.73478
9411 1.73487
9421 1.73425
9431 1.73448
9441 1.73439
9451 1.73463
9461 1.73477
9471 1.73409
9481 1.73425
9491 1.73431
9501 1.73397
9511 1.7341
9521 1.73447
9531 1.73461
9541 1.73391
9551 1.73389
9561 1.73386
9571 1.73385
9581 1.7338
9591 1.73354
9601 1.73342
9611 1.73366
9621 1.73353
9631 1.73329
9641 1.73335
9651 1.73358
9661 1.73353
9671 1.73322
9681 1.73354
9691 1.73372
9701 1.73359
9711 1.73308
9721 1.733
9731 1.73319
9741 1.73301
9751 1.73278
9761 1.7333
9771 1.7327
9781 1.73287
9791 1.7323
9801 1.73306
9811 1.73256
9821 1.73272
9831 1.733
9841 1.73268
9851 1.73228
9861 1.7326
9871 1.73265
9881 1.73238
9891 1.7324
9901 1.73226
9911 1.73207
9921 1.73207
9931 1.73259
9941 1.73216
9951 1.73256
9961 1.73162
9971 1.73186
9981 1.73226
9991 1.73185
10001 1.73205
10011 1.73192
10021 1.7321
10031 1.73182
10041 1.73168
10051 1.73188
10061 1.73144
10071 1.73156
10081 1.73147
10091 1.73152
10101 1.73148
10111 1.73163
10121 1.73119
10131 1.73137
10141 1.73114
10151 1.73123
10161 1.73119
10171 1.73137
10181 1.73088
10191 1.73125
10201 1.73095
10211 1.7309
10221 1.73118
10231 1.73089
10241 1.73118
10251 1.7307
10261 1.73104
10271 1.7308
10281 1.73062
10291 1.73112
10301 1.73099
10311 1.73034
10321 1.73048
10331 1.72994
10341 1.73025
10351 1.73049
10361 1.73035
10371 1.73034
10381 1.73008
10391 1.73024
10401 1.73007
10411 1.73016
10421 1.73041
10431 1.73036
10441 1.72992
10451 1.72977
10461 1.7295
10471 1.73003
10481 1.73002
10491 1.73016
10501 1.72993
10511 1.72964
10521 1.72966
10531 1.72962
10541 1.72967
10551 1.72983
10561 1.72959
10571 1.7298
10581 1.72933
10591 1.72953
10601 1.72929
10611 1.72943
10621 1.72929
10631 1.72918
10641 1.72917
10651 1.72943
10661 1.72904
10671 1.72939
10681 1.72906
10691 1.72926
10701 1.72874
10711 1.72955
10721 1.72873
10731 1.72897
10741 1.72868
10751 1.7287
10761 1.72872
10771 1.72892
10781 1.72864
10791 1.72877
10801 1.729
10811 1.72849
10821 1.72877
10831 1.72861
10841 1.72853
10851 1.7286
10861 1.72818
10871 1.72831
10881 1.72823
10891 1.72813
10901 1.72801
10911 1.729
10921 1.72804
10931 1.72789
10941 1.72794
10951 1.72812
10961 1.72844
10971 1.72817
10981 1.72781
10991 1.72786
11001 1.72804
11011 1.72759
11021 1.72822
11031 1.72762
11041 1.72786
11051 1.72774
11061 1.72753
11071 1.7276
11081 1.72797
11091 1.72737
11101 1.7274
11111 1.72743
11121 1.7276
11131 1.72733
11141 1.72713
11151 1.72743
11161 1.72749
11171 1.72708
11181 1.72688
11191 1.72756
11201 1.7271
11211 1.72706
11221 1.72698
11231 1.72693
11241 1.72712
11251 1.72659
11261 1.7263
11271 1.72687
11281 1.72659
11291 1.7268
11301 1.72677
11311 1.72642
11321 1.72629
11331 1.72643
11341 1.72618
11351 1.72667
11361 1.72616
11371 1.72647
11381 1.72615
11391 1.72701
11401 1.72628
11411 1.72644
11421 1.72605
11431 1.72619
11441 1.72626
11451 1.72625
11461 1.72587
11471 1.72578
11481 1.72582
11491 1.726
11501 1.72602
11511 1.726
11521 1.72633
11531 1.72596
11541 1.7257
11551 1.72609
11561 1.72553
11571 1.72601
11581 1.72572
11591 1.72588
11601 1.72568
11611 1.72569
11621 1.72541
11631 1.72573
11641 1.72551
11651 1.72527
11661 1.72529
11671 1.72574
11681 1.72531
11691 1.72569
11701 1.72513
11711 1.72523
11721 1.72568
11731 1.72525
11741 1.72499
11751 1.72516
11761 1.72478
11771 1.72471
11781 1.72486
11791 1.725
11801 1.72499
11811 1.72471
11821 1.72489
11831 1.72486
11841 1.72496
11851 1.72497
11861 1.72499
11871 1.72495
11881 1.72473
11891 1.72471
11901 1.72454
11911 1.7247
11921 1.72476
11931 1.72444
11941 1.72412
11951 1.72434
11961 1.7242
11971 1.72466
11981 1.72434
11991 1.72379
12001 1.72434
12011 1.72422
12021 1.72412
12031 1.72419
12041 1.72404
12051 1.7244
12061 1.72431
12071 1.72403
12081 1.72396
12091 1.7239
12101 1.72379
12111 1.72396
12121 1.72414
12131 1.72384
12141 1.72411
12151 1.72377
12161 1.72372
12171 1.72355
12181 1.72355
12191 1.72347
12201 1.72336
12211 1.7236
12221 1.72365
12231 1.72403
12241 1.72407
12251 1.72342
12261 1.72329
12271 1.72323
12281 1.72364
12291 1.72321
12301 1.72324
12311 1.72338
12321 1.72333
12331 1.7234
12341 1.72301
12351 1.72324
12361 1.72285
12371 1.72361
12381 1.7232
12391 1.72312
12401 1.72288
12411 1.72268
12421 1.72277
12431 1.72246
12441 1.72303
12451 1.7226
12461 1.72281
12471 1.72269
12481 1.72267
12491 1.72297
12501 1.7227
12511 1.72294
12521 1.72419
12531 1.72298
12541 1.72245
12551 1.72251
12561 1.72241
12571 1.72265
12581 1.72257
12591 1.72224
12601 1.72233
12611 1.72228
12621 1.72211
12631 1.7226
12641 1.72249
12651 1.7221
12661 1.72232
12671 1.72208
12681 1.72222
12691 1.7225
12701 1.72193
12711 1.72189
12721 1.72188
12731 1.72158
12741 1.72168
12751 1.72176
12761 1.72177
12771 1.72191
12781 1.72165
12791 1.72181
12801 1.72186
12811 1.72155
12821 1.72161
12831 1.72189
12841 1.72177
12851 1.72186
12861 1.72168
12871 1.72184
12881 1.72151
12891 1.72144
12901 1.72143
12911 1.72114
12921 1.72089
12931 1.72162
12941 1.72132
12951 1.72199
12961 1.72175
12971 1.72124
12981 1.72131
12991 1.72143
13001 1.72121
13011 1.72088
13021 1.72114
13031 1.72106
13041 1.72121
13051 1.72121
13061 1.72081
13071 1.7213
13081 1.72092
13091 1.7213
13101 1.72105
13111 1.72065
13121 1.72113
13131 1.72086
13141 1.72035
13151 1.72039
13161 1.72074
13171 1.72061
13181 1.72089
13191 1.7207
13201 1.72066
13211 1.72077
13221 1.7203
13231 1.72039
13241 1.72052
13251 1.72051
13261 1.72022
13271 1.72015
13281 1.72025
13291 1.72033
13301 1.72037
13311 1.72058
13321 1.72031
13331 1.72054
13341 1.72065
13351 1.72004
13361 1.72012
13371 1.7201
13381 1.72039
13391 1.71979
13401 1.72061
13411 1.71979
13421 1.71962
13431 1.72017
13441 1.72292
13451 1.72018
13461 1.71946
13471 1.71975
13481 1.71996
13491 1.71981
13501 1.72023
13511 1.71987
13521 1.71968
13531 1.71969
13541 1.71972
13551 1.71974
13561 1.71946
13571 1.71969
13581 1.71999
13591 1.71941
13601 1.71942
13611 1.71957
13621 1.71996
13631 1.7194
13641 1.71944
13651 1.72007
13661 1.7192
13671 1.71944
13681 1.71945
13691 1.71932
13701 1.71914
13711 1.71956
13721 1.71921
13731 1.71897
13741 1.71897
13751 1.71927
13761 1.71919
13771 1.719
13781 1.71891
13791 1.7187
13801 1.71877
13811 1.71874
13821 1.71892
13831 1.71862
13841 1.7193
13851 1.71882
13861 1.7193
13871 1.71863
13881 1.71869
13891 1.71834
13901 1.7185
13911 1.71887
13921 1.71888
13931 1.71914
13941 1.71861
13951 1.71879
13961 1.71886
13971 1.71868
13981 1.71874
13991 1.71853
14001 1.71869
14011 1.71857
14021 1.71863
14031 1.71834
14041 1.71884
14051 1.71829
14061 1.71853
14071 1.71869
14081 1.71841
14091 1.71801
14101 1.71828
14111 1.71801
14121 1.7184
14131 1.71827
14141 1.71805
14151 1.71832
14161 1.71806
14171 1.71836
14181 1.71809
14191 1.718
14201 1.71798
14211 1.71841
14221 1.71812
14231 1.7176
14241 1.71763
14251 1.71776
14261 1.7176
14271 1.71768
14281 1.71764
14291 1.71753
14301 1.71795
14311 1.71748
14321 1.71754
14331 1.71748
14341 1.71724
14351 1.71765
14361 1.71786
14371 1.7175
14381 1.71748
14391 1.71756
14401 1.71731
14411 1.71725
14421 1.71766
14431 1.71757
14441 1.71742
14451 1.71733
14461 1.7179
14471 1.71712
14481 1.71746
14491 1.71732
14501 1.7176
14511 1.7171
14521 1.71726
14531 1.71735
14541 1.71722
14551 1.71719
14561 1.71707
14571 1.71732
14581 1.71714
14591 1.71704
14601 1.7169
14611 1.71656
14621 1.71736
14631 1.71662
14641 1.71678
14651 1.71708
14661 1.71697
14671 1.71704
14681 1.71679
14691 1.71661
14701 1.71676
14711 1.71689
14721 1.71666
14731 1.71652
14741 1.717
14751 1.71662
14761 1.71658
14771 1.71628
14781 1.71673
14791 1.71663
14801 1.71624
14811 1.71618
14821 1.71692
14831 1.71718
14841 1.71607
14851 1.71648
14861 1.7162
14871 1.71644
14881 1.71604
14891 1.71638
14901 1.71639
14911 1.71612
14921 1.71635
14931 1.71611
14941 1.71639
14951 1.71643
14961 1.7162
14971 1.71927
14981 1.71604
14991 1.71638
15001 1.71614
15011 1.7164
15021 1.71593
15031 1.71604
15041 1.71596
15051 1.71603
15061 1.7159
15071 1.71564
15081 1.71575
15091 1.71597
15101 1.71564
15111 1.71592
15121 1.71566
15131 1.71525
15141 1.71538
15151 1.71569
15161 1.71587
15171 1.71569
15181 1.71573
15191 1.71606
15201 1.71556
15211 1.71575
15221 1.71569
15231 1.71567
15241 1.71526
15251 1.71641
15261 1.71535
15271 1.71524
15281 1.71547
15291 1.71574
15301 1.7156
15311 1.71563
15321 1.71534
15331 1.71524
15341 1.7154
15351 1.71492
15361 1.71528
15371 1.71504
15381 1.71484
15391 1.71533
15401 1.71546
15411 1.71489
15421 1.71561
15431 1.71535
15441 1.71506
15451 1.71498
15461 1.71528
15471 1.71594
15481 1.71541
15491 1.71464
15501 1.715
15511 1.71485
15521 1.71539
15531 1.71509
15541 1.7148
15551 1.71498
15561 1.71463
15571 1.71508
15581 1.71462
15591 1.71467
15601 1.71499
15611 1.71484
15621 1.71477
15631 1.71458
15641 1.71478
15651 1.71463
15661 1.71472
15671 1.71449
15681 1.7148
15691 1.71481
15701 1.71486
15711 1.71436
15721 1.71508
15731 1.71486
15741 1.7147
15751 1.71466
15761 1.71489
15771 1.71434
15781 1.71448
15791 1.71459
15801 1.71422
15811 1.714
15821 1.71412
15831 1.71402
15841 1.71458
15851 1.71457
15861 1.7143
15871 1.71399
15881 1.71431
15891 1.71415
15901 1.71388
15911 1.71395
15921 1.71372
15931 1.71375
15941 1.71428
15951 1.7143
15961 1.71397
15971 1.71378
15981 1.71413
15991 1.7142
16001 1.71407
16011 1.7138
16021 1.71391
16031 1.7139
16041 1.71417
16051 1.71364
16061 1.71339
16071 1.71378
16081 1.71356
16091 1.71356
16101 1.71355
16111 1.71341
16121 1.71362
16131 1.71373
16141 1.71393
16151 1.71346
16161 1.71384
16171 1.71342
16181 1.71337
16191 1.71352
16201 1.71359
16211 1.71333
16221 1.71363
16231 1.71336
16241 1.71343
16251 1.71301
16261 1.71341
16271 1.71334
16281 1.71327
16291 1.71305
16301 1.71298
16311 1.7135
16321 1.71344
16331 1.71326
16341 1.71303
16351 1.71326
16361 1.71326
16371 1.71316
16381 1.71361
16391 1.71349
16401 1.71314
16411 1.71317
16421 1.7134
16431 1.71307
16441 1.71325
16451 1.71311
16461 1.71292
16471 1.71299
16481 1.71268
16491 1.71325
16501 1.71322
16511 1.71264
16521 1.71276
16531 1.71287
16541 1.71286
16551 1.71273
16561 1.71273
16571 1.71244
16581 1.7123
16591 1.71271
16601 1.71248
16611 1.71278
16621 1.71275
16631 1.71263
16641 1.71267
16651 1.71263
16661 1.71267
16671 1.71275
16681 1.7128
16691 1.71279
16701 1.71265
16711 1.71256
16721 1.7123
16731 1.71273
16741 1.71239
16751 1.71278
16761 1.71228
16771 1.71264
16781 1.71207
16791 1.71239
16801 1.71236
16811 1.71232
16821 1.71241
16831 1.71251
16841 1.71258
16851 1.71245
16861 1.71215
16871 1.71245
16881 1.71209
16891 1.71237
16901 1.71223
16911 1.71187
16921 1.7121
16931 1.71229
16941 1.71219
16951 1.71201
16961 1.71239
16971 1.71214
16981 1.71188
16991 1.71235
17001 1.71227
17011 1.71215
17021 1.71184
17031 1.71257
17041 1.71218
17051 1.7119
17061 1.71186
17071 1.71189
17081 1.71194
17091 1.71168
17101 1.7117
17111 1.71266
17121 1.71173
17131 1.71173
17141 1.71178
17151 1.71168
17161 1.71197
17171 1.71183
17181 1.7116
17191 1.71203
17201 1.71178
17211 1.71192
17221 1.71132
17231 1.7116
17241 1.7119
17251 1.71137
17261 1.71178
17271 1.71164
17281 1.71145
17291 1.71154
17301 1.71153
17311 1.71175
17321 1.71144
17331 1.71164
17341 1.71177
17351 1.71141
17361 1.71155
17371 1.71134
17381 1.71136
17391 1.71139
17401 1.71156
17411 1.711
17421 1.71132
17431 1.7111
17441 1.71165
17451 1.71129
17461 1.71115
17471 1.71143
17481 1.71123
17491 1.71104
17501 1.71114
17511 1.71125
17521 1.71149
17531 1.7115
17541 1.71069
17551 1.71119
17561 1.71085
17571 1.71119
17581 1.71088
17591 1.71102
17601 1.71065
17611 1.71111
17621 1.71102
17631 1.71083
17641 1.71078
17651 1.71109
17661 1.71103
17671 1.71085
17681 1.7108
17691 1.71108
17701 1.71067
17711 1.71101
17721 1.71083
17731 1.7105
17741 1.71045
17751 1.71069
17761 1.71067
17771 1.71064
17781 1.71072
17791 1.71064
17801 1.71045
17811 1.71082
17821 1.71034
17831 1.71078
17841 1.71047
17851 1.7112
17861 1.71086
17871 1.7105
17881 1.71028
17891 1.71016
17901 1.71135
17911 1.71038
17921 1.71048
17931 1.71047
17941 1.71051
17951 1.71094
17961 1.71063
17971 1.71046
17981 1.71039
17991 1.71045
18001 1.71025
18011 1.71031
18021 1.71039
18031 1.71017
18041 1.71071
18051 1.71043
18061 1.71023
18071 1.71021
18081 1.70989
18091 1.71045
18101 1.71027
18111 1.71006
18121 1.70999
18131 1.70959
18141 1.71021
18151 1.71027
18161 1.70973
18171 1.71021
18181 1.71009
18191 1.71004
18201 1.70982
18211 1.71001
18221 1.70978
18231 1.70981
18241 1.70993
18251 1.70982
18261 1.71293
18271 1.70979
18281 1.70989
18291 1.71002
18301 1.71011
18311 1.71026
18321 1.70966
18331 1.70989
18341 1.7099
18351 1.70958
18361 1.70969
18371 1.70964
18381 1.70996
18391 1.70967
18401 1.70939
18411 1.70975
18421 1.70937
18431 1.70954
18441 1.70935
18451 1.70988
18461 1.7094
18471 1.70951
18481 1.70951
18491 1.70948
18501 1.70934
18511 1.70928
18521 1.70934
18531 1.70926
18541 1.70953
18551 1.70902
18561 1.70918
18571 1.70944
18581 1.70928
18591 1.70904
18601 1.70942
18611 1.70962
18621 1.7095
18631 1.70904
18641 1.70895
18651 1.70978
18661 1.70984
18671 1.70943
18681 1.70896
18691 1.70911
18701 1.70952
18711 1.70902
18721 1.70908
18731 1.70903
18741 1.70923
18751 1.70872
18761 1.70947
18771 1.70902
18781 1.70881
18791 1.7087
18801 1.70899
18811 1.7089
18821 1.70907
18831 1.70877
18841 1.70888
18851 1.70879
18861 1.70885
18871 1.7087
18881 1.70913
18891 1.70908
18901 1.70892
18911 1.70883
18921 1.70859
18931 1.70855
18941 1.70861
18951 1.70884
18961 1.70902
18971 1.7089
18981 1.70902
18991 1.70877
19001 1.70886
19011 1.70868
19021 1.70885
19031 1.70873
19041 1.70863
19051 1.70861
19061 1.70879
19071 1.70849
19081 1.70883
19091 1.70855
19101 1.70864
19111 1.70839
19121 1.70871
19131 1.70838
19141 1.70852
19151 1.7088
19161 1.70845
19171 1.70787
19181 1.70792
19191 1.70818
19201 1.70784
19211 1.70846
19221 1.70832
19231 1.70829
19241 1.70839
19251 1.70854
19261 1.70816
19271 1.70798
19281 1.70772
19291 1.70808
19301 1.70847
19311 1.70815
19321 1.70827
19331 1.70821
19341 1.70844
19351 1.70845
19361 1.70805
19371 1.70796
19381 1.71128
19391 1.70814
19401 1.70802
19411 1.70936
19421 1.70757
19431 1.70798
19441 1.70807
19451 1.70822
19461 1.70792
19471 1.70951
19481 1.70818
19491 1.70849
19501 1.70784
19511 1.70808
19521 1.70781
19531 1.70768
19541 1.70791
19551 1.70793
19561 1.70776
19571 1.70821
19581 1.70761
19591 1.70754
19601 1.70772
19611 1.70799
19621 1.70798
19631 1.70774
19641 1.70811
19651 1.70823
19661 1.70753
19671 1.70773
19681 1.70789
19691 1.70765
19701 1.7077
19711 1.70774
19721 1.70771
19731 1.70793
19741 1.7075
19751 1.7074
19761 1.70812
19771 1.70747
19781 1.70733
19791 1.70736
19801 1.70755
19811 1.70753
19821 1.70725
19831 1.70715
19841 1.70737
19851 1.70724
19861 1.70945
19871 1.70749
19881 1.70767
19891 1.70754
19901 1.70741
19911 1.70729
19921 1.70718
19931 1.70704
19941 1.70698
19951 1.70764
19961 1.70737
19971 1.70722
19981 1.70714
19991 1.70684
20001 1.70704
20011 1.70728
20021 1.70723
20031 1.70756
20041 1.70725
20051 1.70708
20061 1.70722
20071 1.70709
20081 1.70679
20091 1.70726
20101 1.70706
20111 1.70729
20121 1.7072
20131 1.70705
20141 1.70682
20151 1.70716
20161 1.70718
20171 1.70709
20181 1.70699
20191 1.70708
20201 1.70706
20211 1.70704
20221 1.70714
20231 1.70688
20241 1.70675
20251 1.70722
20261 1.70679
20271 1.7068
20281 1.7067
20291 1.7066
20301 1.70666
20311 1.70683
20321 1.70672
20331 1.70674
20341 1.70648
20351 1.7069
20361 1.7065
20371 1.70699
20381 1.70697
20391 1.7069
20401 1.70657
20411 1.70658
20421 1.70647
20431 1.70664
20441 1.70757
20451 1.70662
20461 1.70666
20471 1.70693
20481 1.7065
20491 1.70674
20501 1.70618
20511 1.70688
20521 1.70667
20531 1.70685
20541 1.7068
20551 1.70651
20561 1.70627
20571 1.70646
20581 1.7062
20591 1.70676
20601 1.70645
20611 1.7063
20621 1.70637
20631 1.70615
20641 1.70664
20651 1.70608
20661 1.70654
20671 1.70638
20681 1.7062
20691 1.70645
20701 1.70604
20711 1.7065
20721 1.70614
20731 1.70575
20741 1.70586
20751 1.706
20761 1.70601
20771 1.70605
20781 1.70615
20791 1.70604
20801 1.706
20811 1.70622
20821 1.70611
20831 1.70651
20841 1.70604
20851 1.70592
20861 1.70588
20871 1.70593
20881 1.70595
20891 1.70584
20901 1.70574
20911 1.7058
20921 1.70611
20931 1.70591
20941 1.70607
20951 1.70583
20961 1.70595
20971 1.70625
20981 1.70605
20991 1.70589
21001 1.70569
21011 1.70566
21021 1.70584
21031 1.7061
21041 1.70599
21051 1.70607
21061 1.70636
21071 1.70594
21081 1.70574
21091 1.70592
21101 1.70579
21111 1.70576
21121 1.70598
21131 1.70573
21141 1.70583
21151 1.70583
21161 1.70584
21171 1.70562
21181 1.70601
21191 1.70594
21201 1.7056
21211 1.70554
21221 1.70542
21231 1.70567
21241 1.70585
21251 1.70548
21261 1.70563
21271 1.70526
21281 1.70574
21291 1.70578
21301 1.70569
21311 1.70553
21321 1.70549
21331 1.70541
21341 1.70537
21351 1.70558
21361 1.70572
21371 1.70572
21381 1.70567
21391 1.70537
21401 1.7055
21411 1.7052
21421 1.70567
21431 1.70519
21441 1.70531
21451 1.70576
21461 1.70529
21471 1.70535
21481 1.70518
21491 1.70641
21501 1.70497
21511 1.70557
21521 1.70531
21531 1.7054
21541 1.70611
21551 1.70507
21561 1.7053
21571 1.70521
21581 1.7053
21591 1.70527
21601 1.70519
21611 1.70512
21621 1.70485
21631 1.70496
21641 1.70527
21651 1.70508
21661 1.70493
21671 1.7047
21681 1.70511
21691 1.70488
21701 1.70517
21711 1.70505
21721 1.70529
21731 1.70513
21741 1.7049
21751 1.70551
21761 1.7045
21771 1.70517
21781 1.70529
21791 1.70506
21801 1.7049
21811 1.70507
21821 1.70475
21831 1.70499
21841 1.70496
21851 1.70473
21861 1.70479
21871 1.70506
21881 1.70492
21891 1.70519
21901 1.7049
21911 1.70486
21921 1.70444
21931 1.70483
21941 1.70497
21951 1.70507
21961 1.70536
21971 1.70461
21981 1.70458
21991 1.70458
22001 1.70448
22011 1.70472
22021 1.70492
22031 1.70428
22041 1.70439
22051 1.70458
22061 1.70492
22071 1.70445
22081 1.70446
22091 1.70474
22101 1.70437
22111 1.70432
22121 1.70487
22131 1.70456
22141 1.7047
22151 1.70476
22161 1.70446
22171 1.70456
22181 1.70458
22191 1.70419
22201 1.7047
22211 1.70482
22221 1.70403
22231 1.70438
22241 1.7042
22251 1.70438
22261 1.70449
22271 1.7043
22281 1.70467
22291 1.70415
22301 1.70437
22311 1.70431
22321 1.70428
22331 1.70399
22341 1.70449
22351 1.70435
22361 1.70454
22371 1.70452
22381 1.7043
22391 1.70427
22401 1.70428
22411 1.70434
22421 1.70421
22431 1.70412
22441 1.70419
22451 1.70401
22461 1.70427
22471 1.70409
22481 1.70389
22491 1.70393
22501 1.70412
22511 1.70408
22521 1.70392
22531 1.70424
22541 1.70729
22551 1.70504
22561 1.70408
22571 1.70389
22581 1.70429
22591 1.70407
22601 1.70403
22611 1.70445
22621 1.70424
22631 1.70397
22641 1.70392
22651 1.7054
22661 1.70387
22671 1.70372
22681 1.70374
22691 1.70431
22701 1.70378
22711 1.70386
22721 1.70371
22731 1.70458
22741 1.70357
22751 1.70384
22761 1.704
22771 1.70366
22781 1.70361
22791 1.70388
22801 1.70361
22811 1.70362
22821 1.70369
22831 1.7042
22841 1.70381
22851 1.704
22861 1.70409
22871 1.70373
22881 1.7036
22891 1.70376
22901 1.70368
22911 1.70356
22921 1.70363
22931 1.70295
22941 1.70314
22951 1.70362
22961 1.70356
22971 1.70346
22981 1.70387
22991 1.70358
23001 1.70335
23011 1.70354
23021 1.70341
23031 1.70376
23041 1.70332
23051 1.70384
23061 1.70335
23071 1.70378
23081 1.70355
23091 1.70304
23101 1.704
23111 1.70356
23121 1.70337
23131 1.70315
23141 1.70351
23151 1.70316
23161 1.70334
23171 1.70339
23181 1.70374
23191 1.70368
23201 1.70307
23211 1.7035
23221 1.70416
23231 1.7035
23241 1.70352
23251 1.70355
23261 1.7035
23271 1.70333
23281 1.70308
23291 1.70315
23301 1.70315
23311 1.70379
23321 1.70309
23331 1.70351
23341 1.70332
23351 1.70329
23361 1.70332
23371 1.70325
23381 1.70324
23391 1.70337
23401 1.70329
23411 1.70303
23421 1.70323
23431 1.70306
23441 1.70313
23451 1.70423
23461 1.70318
23471 1.70311
23481 1.7032
23491 1.70341
23501 1.7033
23511 1.70305
23521 1.70337
23531 1.70303
23541 1.70296
23551 1.703
23561 1.70287
23571 1.70308
23581 1.70287
23591 1.70317
23601 1.70332
23611 1.70305
23621 1.70306
23631 1.70319
23641 1.7029
23651 1.70292
23661 1.70284
23671 1.70303
23681 1.70296
23691 1.70337
23701 1.70263
23711 1.70268
23721 1.70271
23731 1.70274
23741 1.70275
23751 1.70289
23761 1.70276
23771 1.70297
23781 1.70265
23791 1.70278
23801 1.70253
23811 1.70233
23821 1.70266
23831 1.70293
23841 1.70299
23851 1.70247
23861 1.70279
23871 1.7026
23881 1.70255
23891 1.70234
23901 1.70262
23911 1.70282
23921 1.70247
23931 1.7024
23941 1.70265
23951 1.70251
23961 1.70238
23971 1.70268
23981 1.70264
23991 1.70252
24001 1.70251
24011 1.70224
24021 1.70255
24031 1.70247
24041 1.7025
24051 1.70277
24061 1.7025
24071 1.70235
24081 1.70256
24091 1.70247
24101 1.70271
24111 1.70285
24121 1.70275
24131 1.7026
24141 1.70233
24151 1.70248
24161 1.70255
24171 1.7021
24181 1.70256
24191 1.70234
24201 1.70213
24211 1.70215
24221 1.70238
24231 1.70258
24241 1.70297
24251 1.70236
24261 1.70232
24271 1.70215
24281 1.70245
24291 1.70252
24301 1.70212
24311 1.70246
24321 1.70236
24331 1.70199
24341 1.7018
24351 1.70239
24361 1.70214
24371 1.70184
24381 1.70209
24391 1.70215
24401 1.70209
24411 1.70218
24421 1.70208
24431 1.70209
24441 1.70363
24451 1.70208
24461 1.70211
24471 1.70377
24481 1.70219
24491 1.70255
24501 1.70197
24511 1.70249
24521 1.70222
24531 1.70209
24541 1.70219
24551 1.70202
24561 1.70209
24571 1.70145
24581 1.70208
24591 1.70204
24601 1.70216
24611 1.70225
24621 1.7021
24631 1.70163
24641 1.7022
24651 1.70202
24661 1.70162
24671 1.70203
24681 1.70184
24691 1.70179
24701 1.7017
24711 1.70182
24721 1.70197
24731 1.7019
24741 1.70174
24751 1.70193
24761 1.70178
24771 1.70178
24781 1.70198
24791 1.70184
24801 1.7017
24811 1.70141
24821 1.7018
24831 1.70164
24841 1.70125
24851 1.70171
24861 1.7018
24871 1.70132
24881 1.70217
24891 1.70176
24901 1.7017
24911 1.70171
24921 1.7016
24931 1.70143
24941 1.70135
24951 1.70165
24961 1.70149
24971 1.70153
24981 1.70155
24991 1.70188
25001 1.70152
25011 1.70147
25021 1.70193
25031 1.70173
25041 1.70208
25051 1.70126
25061 1.70162
25071 1.70145
25081 1.70136
25091 1.70181
25101 1.70138
25111 1.70135
25121 1.70131
25131 1.70139
25141 1.70163
25151 1.70143
25161 1.70131
25171 1.70137
25181 1.70137
25191 1.70156
25201 1.7014
25211 1.70172
25221 1.70235
25231 1.70153
25241 1.70165
25251 1.7015
25261 1.70154
25271 1.70148
25281 1.70135
25291 1.70153
25301 1.70128
25311 1.70148
25321 1.70157
25331 1.7014
25341 1.70111
25351 1.70132
25361 1.70127
25371 1.70102
25381 1.70141
25391 1.70089
25401 1.70147
25411 1.70102
25421 1.70129
25431 1.70087
25441 1.70146
25451 1.70103
25461 1.70152
25471 1.70107
25481 1.70117
25491 1.7009
25501 1.70104
25511 1.70086
25521 1.70138
25531 1.70103
25541 1.70121
25551 1.70114
25561 1.70096
25571 1.70117
25581 1.70067
25591 1.70087
25601 1.70123
25611 1.70127
25621 1.70101
25631 1.70115
25641 1.70141
25651 1.70096
25661 1.70092
25671 1.70112
25681 1.70116
25691 1.70109
25701 1.70382
25711 1.70094
25721 1.70082
25731 1.70091
25741 1.70079
25751 1.70082
25761 1.70102
25771 1.70088
25781 1.70132
25791 1.70074
25801 1.70048
25811 1.7012
25821 1.70105
25831 1.7013
25841 1.7011
25851 1.70086
25861 1.70041
25871 1.70103
25881 1.70097
25891 1.70049
25901 1.70039
25911 1.70061
25921 1.70077
25931 1.70083
25941 1.70027
25951 1.70069
25961 1.70101
25971 1.70283
25981 1.70077
25991 1.70058
26001 1.70079
26011 1.7008
26021 1.70053
26031 1.70101
26041 1.70061
26051 1.70026
26061 1.70101
26071 1.70027
26081 1.70073
26091 1.70074
26101 1.70057
26111 1.70036
26121 1.70077
26131 1.70099
26141 1.70044
26151 1.70058
26161 1.70061
26171 1.70031
26181 1.7004
26191 1.70097
26201 1.70042
26211 1.70074
26221 1.70059
26231 1.70058
26241 1.7007
26251 1.70055
26261 1.70081
26271 1.70034
26281 1.70036
26291 1.70029
26301 1.70062
26311 1.70052
26321 1.70006
26331 1.7005
26341 1.70051
26351 1.70033
26361 1.7007
26371 1.69989
26381 1.70044
26391 1.70062
26401 1.70041
26411 1.70038
26421 1.70023
26431 1.70043
26441 1.70026
26451 1.70017
26461 1.70023
26471 1.69991
26481 1.7003
26491 1.7002
26501 1.70012
26511 1.70057
26521 1.7003
26531 1.70018
26541 1.70026
26551 1.70079
26561 1.70029
26571 1.70041
26581 1.70044
26591 1.70033
26601 1.70032
26611 1.7007
26621 1.70014
26631 1.70008
26641 1.70025
26651 1.69972
26661 1.70044
26671 1.70023
26681 1.69991
26691 1.70005
26701 1.70023
26711 1.70007
26721 1.69972
26731 1.69969
26741 1.69962
26751 1.69997
26761 1.70046
26771 1.70015
26781 1.69964
26791 1.70038
26801 1.6996
26811 1.70023
26821 1.70012
26831 1.69971
26841 1.69984
26851 1.69992
26861 1.69997
26871 1.69996
26881 1.69972
26891 1.70011
26901 1.69983
26911 1.70032
26921 1.70152
26931 1.70015
26941 1.70006
26951 1.69998
26961 1.70016
26971 1.69982
26981 1.69986
26991 1.70006
27001 1.69973
27011 1.69992
27021 1.69992
27031 1.69972
27041 1.69984
27051 1.69999
27061 1.69982
27071 1.69994
27081 1.69992
27091 1.69975
27101 1.70034
27111 1.69987
27121 1.69963
27131 1.69994
27141 1.69965
27151 1.70019
27161 1.69963
27171 1.69993
27181 1.69969
27191 1.69983
27201 1.69954
27211 1.70022
27221 1.69938
27231 1.69965
27241 1.69959
27251 1.70027
27261 1.69954
27271 1.69961
27281 1.69964
27291 1.69973
27301 1.69936
27311 1.7013
27321 1.69971
27331 1.70009
27341 1.69912
27351 1.69931
27361 1.70015
27371 1.69981
27381 1.69955
27391 1.6999
27401 1.69976
27411 1.69915
27421 1.70064
27431 1.6997
27441 1.69976
27451 1.69918
27461 1.69931
27471 1.69957
27481 1.69978
27491 1.6992
27501 1.69951
27511 1.69951
27521 1.69938
27531 1.69939
27541 1.69952
27551 1.69991
27561 1.69931
27571 1.69902
27581 1.69968
27591 1.69977
27601 1.69898
27611 1.69959
27621 1.69953
27631 1.69968
27641 1.69955
27651 1.69944
27661 1.69938
27671 1.69903
27681 1.69917
27691 1.69939
27701 1.69928
27711 1.69965
27721 1.69939
27731 1.69905
27741 1.69937
27751 1.69905
27761 1.69919
27771 1.69948
27781 1.69934
27791 1.69964
27801 1.69932
27811 1.69969
27821 1.69901
27831 1.69922
27841 1.69901
27851 1.6991
27861 1.69911
27871 1.69932
27881 1.69912
27891 1.69916
27901 1.69918
27911 1.69917
27921 1.69898
27931 1.69914
27941 1.69908
27951 1.69911
27961 1.69911
27971 1.69948
27981 1.69886
27991 1.69947
28001 1.69907
28011 1.69915
28021 1.6989
28031 1.69906
28041 1.69923
28051 1.69911
28061 1.69908
28071 1.6989
28081 1.69905
28091 1.69912
28101 1.69875
28111 1.69898
28121 1.69875
28131 1.69889
28141 1.69893
28151 1.69888
28161 1.69891
28171 1.69899
28181 1.69915
28191 1.69919
28201 1.69862
28211 1.69863
28221 1.69892
28231 1.69885
28241 1.699
28251 1.69901
28261 1.69891
28271 1.6989
28281 1.69879
28291 1.69887
28301 1.69861
28311 1.69888
28321 1.69887
28331 1.69875
28341 1.69872
28351 1.69906
28361 1.69863
28371 1.69886
28381 1.69858
28391 1.69892
28401 1.69885
28411 1.69883
28421 1.70153
28431 1.6983
28441 1.7011
28451 1.69874
28461 1.69872
28471 1.69887
28481 1.69896
28491 1.69973
28501 1.69905
28511 1.69865
28521 1.69892
28531 1.69926
28541 1.6989
28551 1.69858
28561 1.69834
28571 1.69878
28581 1.69855
28591 1.69872
28601 1.69853
28611 1.69853
28621 1.69885
28631 1.69877
28641 1.69871
28651 1.69861
28661 1.69822
28671 1.69819
28681 1.69996
28691 1.69826
28701 1.6988
28711 1.69863
28721 1.69909
28731 1.69837
28741 1.69865
28751 1.69819
28761 1.69849
28771 1.69858
28781 1.69848
28791 1.69823
28801 1.69833
28811 1.69892
28821 1.69851
28831 1.69872
28841 1.69873
28851 1.69833
28861 1.6985
28871 1.69843
28881 1.69811
28891 1.69869
28901 1.69837
28911 1.69851
28921 1.69834
28931 1.69869
28941 1.69864
28951 1.69831
28961 1.69848
28971 1.69846
28981 1.6984
28991 1.69811
29001 1.69845
29011 1.69844
29021 1.6985
29031 1.69818
29041 1.69852
29051 1.69848
29061 1.69802
29071 1.69847
29081 1.69846
29091 1.69798
29101 1.69831
29111 1.69838
29121 1.69826
29131 1.69814
29141 1.69843
29151 1.69839
29161 1.69804
29171 1.6984
29181 1.69812
29191 1.69852
29201 1.69879
29211 1.69797
29221 1.69845
29231 1.69844
29241 1.69853
29251 1.69826
29261 1.70229
29271 1.69812
29281 1.69779
29291 1.69791
29301 1.69839
29311 1.69795
29321 1.69791
29331 1.69812
29341 1.69834
29351 1.698
29361 1.69813
29371 1.69777
29381 1.69821
29391 1.69801
29401 1.69798
29411 1.69791
29421 1.69863
29431 1.6983
29441 1.6978
29451 1.69814
29461 1.69854
29471 1.69828
29481 1.69797
29491 1.69808
29501 1.6979
29511 1.69844
29521 1.69826
29531 1.69797
29541 1.69766
29551 1.69806
29561 1.69822
29571 1.69784
29581 1.6984
29591 1.69844
29601 1.69812
29611 1.6978
29621 1.69762
29631 1.69805
29641 1.69781
29651 1.69771
29661 1.69804
29671 1.69819
29681 1.6981
29691 1.69781
29701 1.69765
29711 1.6976
29721 1.6976
29731 1.69795
29741 1.69759
29751 1.69791
29761 1.69764
29771 1.69753
29781 1.69759
29791 1.69781
29801 1.6978
29811 1.6975
29821 1.69778
29831 1.69805
29841 1.69799
29851 1.69795
29861 1.69774
29871 1.69764
29881 1.69752
29891 1.69756
29901 1.69782
29911 1.69765
29921 1.69763
29931 1.69756
29941 1.69754
29951 1.69765
29961 1.69756
29971 1.69767
29981 1.69774
29991 1.69763
