1 7.81739 533.036 0.394199
11 4.69208 424.016 0.286262
21 4.34448 398.672 0.253931
31 4.12348 381.905 0.230006
41 3.96352 369.633 0.211702
51 3.84028 360.216 0.19685
61 3.74159 352.752 0.184951
71 3.66011 346.556 0.175181
81 3.59138 341.313 0.167199
91 3.5325 336.818 0.160523
101 3.4813 332.891 0.156245
111 3.43634 329.413 0.152778
121 3.39654 326.308 0.149672
131 3.36103 323.514 0.146677
141 3.32908 321.024 0.144246
151 3.30025 318.756 0.142398
161 3.27413 316.735 0.140834
171 3.25042 314.928 0.139385
181 3.22879 313.291 0.13818
191 3.20902 311.798 0.136888
201 3.19096 310.467 0.135701
211 3.17435 309.272 0.134663
221 3.15908 308.17 0.133657
231 3.14504 307.158 0.132695
241 3.13214 306.227 0.131812
251 3.12029 305.359 0.13092
261 3.10933 304.575 0.130125
271 3.09929 303.863 0.129326
281 3.09005 303.204 0.128665
291 3.08154 302.595 0.12793
301 3.07373 302.05 0.127277
311 3.06653 301.542 0.126607
321 3.05994 301.085 0.126067
331 3.0539 300.667 0.125562
341 3.04836 300.278 0.124994
351 3.0433 299.95 0.124585
361 3.03869 299.641 0.124079
371 3.03454 299.391 0.123679
381 3.03078 299.17 0.123327
391 3.02738 298.973 0.123058
401 3.02434 298.804 0.122623
411 3.02162 298.659 0.122309
421 3.01922 298.547 0.121975
431 3.01711 298.447 0.121631
441 3.0153 298.395 0.121292
451 3.01374 298.35 0.120974
461 3.01243 298.325 0.12062
471 3.01137 298.331 0.12033
481 3.0105 298.332 0.12003
491 3.00989 298.363 0.119659
501 3.00947 298.406 0.119329
511 3.00925 298.464 0.119031
521 3.00919 298.534 0.118692
531 3.00935 298.628 0.118455
541 3.00961 298.719 0.118085
551 3.01008 298.828 0.117807
561 3.01071 298.965 0.117513
571 3.01147 299.11 0.117232
581 3.01239 299.276 0.116911
591 3.0134 299.449 0.116649
601 3.01457 299.636 0.116365
611 3.01585 299.824 0.116164
621 3.01723 300.008 0.115857
631 3.01877 300.228 0.115563
641 3.02033 300.434 0.115303
651 3.02202 300.653 0.115056
661 3.02384 300.898 0.114765
671 3.02576 301.146 0.114471
681 3.02773 301.399 0.114163
691 3.0298 301.665 0.113957
701 3.03195 301.946 0.113746
711 3.03418 302.22 0.113482
721 3.03647 302.499 0.113275
731 3.03882 302.788 0.113014
741 3.04125 303.079 0.112788
751 3.04379 303.373 0.112525
761 3.04635 303.681 0.112311
771 3.04898 303.997 0.11208
781 3.05166 304.303 0.11184
791 3.0544 304.615 0.111633
801 3.0572 304.951 0.111406
811 3.06 305.268 0.111232
821 3.06291 305.604 0.110971
831 3.06583 305.932 0.110755
841 3.06881 306.277 0.110494
851 3.07182 306.613 0.110249
861 3.07488 306.963 0.110093
871 3.07802 307.321 0.109905
881 3.08115 307.673 0.109645
891 3.08431 308.018 0.109528
901 3.08754 308.377 0.109338
911 3.09078 308.732 0.10913
921 3.09405 309.083 0.108897
931 3.09735 309.437 0.108664
941 3.1007 309.799 0.108491
951 3.10406 310.162 0.108321
961 3.10747 310.527 0.108178
971 3.11091 310.9 0.108044
981 3.11437 311.265 0.108072
991 3.11784 311.639 0.108023
1001 3.12134 312.016 0.108012
1011 3.12489 312.401 0.107992
1021 3.1284 312.782 0.108012
1031 3.13198 313.163 0.107953
1041 3.13555 313.545 0.107995
1051 3.13915 313.931 0.107962
1061 3.14276 314.313 0.107994
1071 3.14638 314.703 0.107962
1081 3.15005 315.09 0.107954
1091 3.15374 315.475 0.10801
1101 3.1574 315.865 0.108023
1111 3.16111 316.247 0.107991
1121 3.16485 316.649 0.107971
1131 3.16856 317.032 0.107976
1141 3.17231 317.431 0.107927
1151 3.17605 317.82 0.107964
1161 3.17981 318.222 0.108136
1171 3.18357 318.604 0.108496
1181 3.18738 319.022 0.108894
1191 3.19115 319.412 0.109343
1201 3.19495 319.807 0.109746
1211 3.19876 320.216 0.110126
1221 3.2026 320.626 0.110541
1231 3.20642 321.03 0.110928
1241 3.21025 321.44 0.111307
1251 3.21409 321.858 0.111648
1261 3.21795 322.261 0.111981
1271 3.2218 322.668 0.112359
1281 3.22567 323.087 0.112772
1291 3.22952 323.496 0.113126
1301 3.23339 323.902 0.113533
1311 3.23724 324.316 0.113908
1321 3.24114 324.735 0.114206
1331 3.24504 325.149 0.114572
1341 3.24889 325.544 0.114926
1351 3.2528 325.967 0.11524
1361 3.25669 326.377 0.11567
1371 3.2606 326.786 0.115958
1381 3.26449 327.194 0.116313
1391 3.2684 327.601 0.116644
1401 3.27232 328.012 0.116982
1411 3.27623 328.423 0.117337
1421 3.28015 328.838 0.117614
1431 3.28406 329.242 0.117958
1441 3.28799 329.654 0.118256
1451 3.29192 330.059 0.118662
1461 3.29583 330.467 0.118945
1471 3.29972 330.869 0.119265
1481 3.30362 331.282 0.119601
1491 3.30758 331.682 0.119943
1501 3.31153 332.1 0.120244
1511 3.31544 332.509 0.120565
1521 3.31934 332.903 0.120881
1531 3.32326 333.31 0.121127
1541 3.32722 333.713 0.121442
1551 3.33115 334.116 0.121704
1561 3.33507 334.525 0.122032
1571 3.33898 334.923 0.122316
1581 3.34288 335.322 0.122655
1591 3.34683 335.729 0.122952
1601 3.35073 336.128 0.123215
1611 3.35466 336.528 0.123499
1621 3.35857 336.935 0.123797
1631 3.36247 337.328 0.124038
1641 3.36636 337.728 0.124407
1651 3.37024 338.119 0.124667
1661 3.37415 338.517 0.124928
1671 3.37803 338.908 0.125216
1681 3.38194 339.313 0.12543
1691 3.38581 339.7 0.125759
1701 3.38967 340.091 0.126038
1711 3.39357 340.486 0.126312
1721 3.39748 340.876 0.126576
1731 3.40135 341.272 0.126916
1741 3.40524 341.662 0.127112
1751 3.40912 342.053 0.127403
1761 3.413 342.442 0.127662
1771 3.41687 342.842 0.127888
1781 3.42073 343.23 0.128148
1791 3.42459 343.611 0.128395
1801 3.42845 344.001 0.128664
1811 3.43232 344.391 0.128934
1821 3.43618 344.78 0.12913
1831 3.44001 345.16 0.129434
1841 3.44384 345.55 0.129641
1851 3.44767 345.929 0.129905
1861 3.45154 346.323 0.130159
1871 3.45537 346.705 0.130416
1881 3.45922 347.089 0.130664
1891 3.46303 347.475 0.13089
1901 3.46686 347.867 0.131094
1911 3.47065 348.241 0.131366
1921 3.47448 348.624 0.131595
1931 3.47831 349.007 0.131872
1941 3.48216 349.4 0.132084
1951 3.48596 349.786 0.132307
1961 3.48977 350.17 0.132549
1971 3.49357 350.554 0.13275
1981 3.49736 350.922 0.133024
1991 3.50116 351.308 0.133254
2001 3.50497 351.692 0.133461
2011 3.50874 352.066 0.133681
2021 3.51253 352.448 0.133855
2031 3.5163 352.831 0.134107
2041 3.52006 353.201 0.134414
2051 3.52383 353.585 0.134619
2061 3.52758 353.956 0.134828
2071 3.5313 354.323 0.135006
2081 3.53505 354.712 0.135282
2091 3.53881 355.087 0.135432
2101 3.54255 355.463 0.135676
2111 3.54627 355.834 0.135898
2121 3.55 356.209 0.136115
2131 3.55374 356.578 0.136296
2141 3.55747 356.96 0.136451
2151 3.56117 357.324 0.136726
2161 3.56489 357.706 0.136911
2171 3.56861 358.076 0.137127
2181 3.57233 358.447 0.137259
2191 3.57604 358.82 0.137529
2201 3.57975 359.189 0.137658
2211 3.58345 359.565 0.137948
2221 3.58711 359.926 0.138119
2231 3.5908 360.29 0.138359
2241 3.59446 360.662 0.138542
2251 3.59813 361.03 0.138769
2261 3.60177 361.389 0.138891
2271 3.60547 361.764 0.139134
2281 3.60914 362.129 0.139362
2291 3.61282 362.496 0.139517
2301 3.61645 362.856 0.139739
2311 3.6201 363.222 0.139894
2321 3.62376 363.584 0.140076
2331 3.62737 363.941 0.140381
2341 3.63099 364.309 0.140502
2351 3.63461 364.662 0.140617
2361 3.63823 365.021 0.140886
2371 3.64183 365.374 0.14109
2381 3.64545 365.743 0.141234
2391 3.64907 366.098 0.141379
2401 3.65269 366.459 0.141577
2411 3.65632 366.817 0.141758
2421 3.65989 367.178 0.141956
2431 3.66348 367.532 0.142119
2441 3.66708 367.892 0.142325
2451 3.67067 368.255 0.14245
2461 3.67423 368.602 0.142609
2471 3.67781 368.953 0.142741
2481 3.68135 369.302 0.142994
2491 3.68494 369.664 0.143146
2501 3.68849 370.01 0.143304
2511 3.69207 370.373 0.143508
2521 3.6956 370.711 0.14365
2531 3.69912 371.069 0.143837
2541 3.70267 371.413 0.144008
2551 3.70623 371.77 0.144149
2561 3.70975 372.115 0.144268
2571 3.71328 372.467 0.144494
2581 3.71681 372.814 0.144679
2591 3.72032 373.17 0.144837
2601 3.72385 373.524 0.144997
2611 3.72735 373.868 0.145119
2621 3.73083 374.217 0.145316
2631 3.73433 374.559 0.145485
2641 3.73785 374.918 0.145615
2651 3.7413 375.253 0.14582
2661 3.7448 375.607 0.145959
2671 3.74826 375.949 0.146123
2681 3.75173 376.298 0.146305
2691 3.75522 376.65 0.146418
2701 3.75865 376.987 0.146614
2711 3.76214 377.334 0.146758
2721 3.76561 377.674 0.14689
2731 3.76907 378.022 0.147061
2741 3.77251 378.363 0.147248
2751 3.77595 378.706 0.147386
2761 3.7794 379.047 0.147509
2771 3.78284 379.392 0.147636
2781 3.78624 379.732 0.147847
2791 3.78966 380.07 0.147939
2801 3.79306 380.404 0.148151
2811 3.79647 380.751 0.14821
2821 3.79989 381.091 0.148392
2831 3.80333 381.436 0.148553
2841 3.80673 381.77 0.148716
2851 3.81014 382.112 0.148796
2861 3.81355 382.456 0.148989
2871 3.81693 382.788 0.149077
2881 3.82031 383.118 0.149312
2891 3.82369 383.459 0.149386
2901 3.82707 383.799 0.149537
2911 3.83043 384.122 0.149732
2921 3.8338 384.461 0.149868
2931 3.83717 384.798 0.149959
2941 3.84053 385.131 0.150092
2951 3.84388 385.457 0.150246
2961 3.84722 385.791 0.150357
2971 3.85056 386.124 0.150577
2981 3.85393 386.456 0.150691
2991 3.85724 386.79 0.150789
3001 3.86058 387.115 0.150958
3011 3.86394 387.452 0.151103
3021 3.86726 387.778 0.151186
3031 3.87061 388.113 0.151345
3041 3.8739 388.434 0.151468
3051 3.87721 388.767 0.151637
3061 3.88052 389.096 0.151823
3071 3.88384 389.416 0.151919
3081 3.88713 389.745 0.152037
3091 3.89041 390.068 0.152091
3101 3.89369 390.389 0.152298
3111 3.89701 390.725 0.15248
3121 3.9003 391.049 0.152514
3131 3.90358 391.374 0.15264
3141 3.90683 391.692 0.152757
3151 3.91008 392.011 0.152908
3161 3.91334 392.336 0.152985
3171 3.9166 392.657 0.153136
3181 3.91987 392.987 0.153263
3191 3.92312 393.305 0.153393
3201 3.92636 393.622 0.153519
3211 3.92963 393.953 0.15367
3221 3.93286 394.27 0.153784
3231 3.93609 394.593 0.15393
3241 3.93932 394.916 0.154024
3251 3.94255 395.231 0.154146
3261 3.94579 395.56 0.15426
3271 3.94901 395.884 0.154366
3281 3.95221 396.195 0.154488
3291 3.95544 396.522 0.154543
3301 3.95865 396.836 0.154646
3311 3.96185 397.149 0.154807
3321 3.96504 397.466 0.154963
3331 3.96824 397.788 0.15505
3341 3.97143 398.102 0.155236
3351 3.97464 398.421 0.15537
3361 3.97784 398.74 0.155473
3371 3.98101 399.053 0.155535
3381 3.98419 399.362 0.155648
3391 3.98735 399.677 0.155844
3401 3.99052 399.999 0.155906
3411 3.99371 400.315 0.156079
3421 3.99686 400.618 0.156164
3431 4 400.92 0.156307
3441 4.00317 401.246 0.15637
3451 4.00629 401.55 0.156499
3461 4.00943 401.865 0.156558
3471 4.01259 402.176 0.156747
3481 4.01572 402.487 0.15685
3491 4.01885 402.803 0.156981
3501 4.02197 403.106 0.15706
3511 4.02511 403.416 0.157166
3521 4.02819 403.723 0.157291
3531 4.03133 404.03 0.157435
3541 4.03443 404.336 0.157549
3551 4.03754 404.641 0.157588
3561 4.04063 404.949 0.157697
3571 4.04377 405.268 0.157772
3581 4.04685 405.566 0.157929
3591 4.04997 405.887 0.158038
3601 4.05308 406.183 0.158191
3611 4.05616 406.487 0.158265
3621 4.05923 406.788 0.158357
3631 4.06228 407.086 0.158529
3641 4.06536 407.395 0.158533
3651 4.06845 407.708 0.15864
3661 4.07151 408.006 0.158776
3671 4.07458 408.31 0.158833
3681 4.07764 408.614 0.158921
3691 4.08071 408.918 0.15902
3701 4.08374 409.214 0.159173
3711 4.08678 409.521 0.1592
3721 4.08984 409.816 0.159377
3731 4.09289 410.121 0.159483
3741 4.09592 410.425 0.15956
3751 4.09896 410.72 0.159694
3761 4.10196 411.015 0.159748
3771 4.105 411.325 0.15986
3781 4.10803 411.611 0.159975
3791 4.11104 411.909 0.16007
3801 4.11405 412.208 0.160113
3811 4.11708 412.513 0.16022
3821 4.12007 412.804 0.16031
3831 4.12308 413.105 0.160409
3841 4.12607 413.395 0.160503
3851 4.12909 413.697 0.160614
3861 4.13209 413.986 0.160708
3871 4.13504 414.28 0.160764
3881 4.13804 414.589 0.160864
3891 4.14103 414.884 0.161001
3901 4.144 415.181 0.161122
3911 4.14698 415.468 0.161165
3921 4.14998 415.766 0.161268
3931 4.15293 416.055 0.161308
3941 4.15587 416.341 0.161484
3951 4.15887 416.633 0.161482
3961 4.16181 416.928 0.161639
3971 4.16477 417.217 0.161663
3981 4.16772 417.513 0.161841
3991 4.1707 417.803 0.161947
4001 4.17364 418.088 0.161985
4011 4.17657 418.382 0.16205
4021 4.17951 418.662 0.162155
4031 4.18243 418.952 0.162207
4041 4.18537 419.244 0.162375
4051 4.1883 419.539 0.162429
4061 4.19121 419.826 0.162516
4071 4.19415 420.119 0.162613
4081 4.19707 420.4 0.162697
4091 4.19997 420.685 0.162766
4101 4.20289 420.978 0.162841
4111 4.20582 421.27 0.162998
4121 4.20871 421.554 0.163016
4131 4.21162 421.835 0.163122
4141 4.2145 422.123 0.163188
4151 4.21738 422.406 0.163284
4161 4.22028 422.689 0.163354
4171 4.22317 422.975 0.163474
4181 4.22604 423.258 0.163532
4191 4.22893 423.536 0.163629
4201 4.2318 423.824 0.163737
4211 4.23468 424.102 0.163821
4221 4.23756 424.383 0.16382
4231 4.24044 424.678 0.163938
4241 4.24331 424.963 0.163985
4251 4.24618 425.247 0.164047
4261 4.24907 425.537 0.164193
4271 4.2519 425.808 0.164226
4281 4.25477 426.088 0.164304
4291 4.25761 426.366 0.164386
4301 4.26044 426.64 0.164503
4311 4.26327 426.92 0.164583
4321 4.26611 427.203 0.164646
4331 4.26897 427.48 0.164685
4341 4.27179 427.756 0.164767
4351 4.27463 428.039 0.164861
4361 4.27744 428.313 0.164965
4371 4.28027 428.588 0.165027
4381 4.28307 428.869 0.165077
4391 4.2859 429.155 0.165123
4401 4.2887 429.421 0.165256
4411 4.29152 429.702 0.165357
4421 4.29431 429.98 0.165453
4431 4.29712 430.258 0.165548
4441 4.29993 430.529 0.165584
4451 4.30274 430.818 0.165612
4461 4.30554 431.09 0.165721
4471 4.30835 431.369 0.165755
4481 4.31114 431.644 0.165885
4491 4.31394 431.919 0.165954
4501 4.31674 432.201 0.166029
4511 4.31953 432.471 0.166109
4521 4.32231 432.737 0.166194
4531 4.32509 433.012 0.166311
4541 4.32786 433.284 0.166342
4551 4.33062 433.563 0.166378
4561 4.33337 433.824 0.166496
4571 4.33614 434.104 0.166599
4581 4.33891 434.383 0.166673
4591 4.34167 434.65 0.166767
4601 4.34445 434.923 0.166787
4611 4.34719 435.195 0.166855
4621 4.34994 435.465 0.166909
4631 4.35271 435.746 0.166971
4641 4.35545 436.016 0.167011
4651 4.35817 436.288 0.167159
4661 4.36091 436.558 0.167159
4671 4.36366 436.832 0.16725
4681 4.36638 437.09 0.167311
4691 4.36911 437.361 0.16738
4701 4.37184 437.635 0.167397
4711 4.37457 437.909 0.167478
4721 4.37726 438.17 0.16758
4731 4.37997 438.441 0.167595
4741 4.3827 438.707 0.167694
4751 4.38538 438.974 0.167722
4761 4.38809 439.238 0.167811
4771 4.3908 439.514 0.167907
4781 4.39349 439.775 0.16795
4791 4.39619 440.044 0.168018
4801 4.39886 440.312 0.168091
4811 4.40156 440.57 0.168146
4821 4.40424 440.837 0.168237
4831 4.40693 441.112 0.168274
4841 4.40963 441.376 0.168365
4851 4.4123 441.638 0.168407
4861 4.41496 441.903 0.168477
4871 4.41764 442.164 0.168542
4881 4.42032 442.431 0.168568
4891 4.42298 442.701 0.168643
4901 4.42565 442.964 0.168728
4911 4.4283 443.223 0.168798
4921 4.43096 443.493 0.16891
4931 4.43363 443.756 0.168918
4941 4.4363 444.026 0.169016
4951 4.43894 444.283 0.169017
4961 4.44158 444.545 0.169127
4971 4.44424 444.816 0.169162
4981 4.44689 445.077 0.169209
4991 4.44955 445.333 0.169289
