1 117.917
11 19.6556
21 11.0836
31 8.79298
41 7.91221
51 7.49238
61 7.24742
71 7.12277
81 7.028
91 6.99039
101 6.95686
111 6.92556
121 6.90706
131 6.89317
141 6.88942
151 6.88295
161 6.87837
171 6.87893
181 6.87236
191 6.86946
201 6.86995
211 6.87214
221 6.86857
231 6.87966
241 6.87668
251 6.86934
261 6.88034
271 6.8739
281 6.87772
291 6.86476
301 6.87071
311 6.87443
321 6.8797
331 6.87515
341 6.87702
351 6.87466
361 6.88598
371 6.8769
381 6.88
391 6.87836
401 6.88658
411 6.89334
421 6.87121
431 6.88478
441 6.87742
451 6.87281
461 6.88158
471 6.88168
481 6.88904
491 6.88124
501 6.89516
511 6.87407
521 6.8751
531 6.8791
541 6.88379
551 6.8798
561 6.88482
571 6.88118
581 6.89689
591 6.89021
601 6.88341
611 6.88189
621 6.88051
631 6.89377
641 6.88305
651 6.88256
661 6.88848
671 6.88071
681 6.87743
691 6.88512
701 6.8782
711 6.87707
721 6.87432
731 6.8896
741 6.88058
751 6.88475
761 6.87764
771 6.88376
781 6.88629
791 6.88444
801 6.89633
811 6.88058
821 6.87305
831 6.89049
841 6.88293
851 6.87888
861 6.88719
871 6.88079
881 6.89298
891 6.88511
901 6.88298
911 6.87639
921 6.8715
931 6.88134
941 6.89474
951 6.87656
961 6.8867
971 6.89568
981 6.87929
991 6.88321
