1 7.96893
11 4.69797
21 4.34822
31 4.12617
41 3.96566
51 3.842
61 3.74299
71 3.66135
81 3.59239
91 3.53337
101 3.48208
111 3.43704
121 3.39717
131 3.36159
141 3.32956
151 3.3007
161 3.27455
171 3.25082
181 3.22917
191 3.20938
201 3.19129
211 3.17467
221 3.15936
231 3.14532
241 3.13242
251 3.12056
261 3.10959
271 3.09953
281 3.09031
291 3.08179
301 3.07395
311 3.06674
321 3.06016
331 3.05407
341 3.04856
351 3.04349
361 3.03888
371 3.03471
381 3.03097
391 3.02755
401 3.02451
411 3.02175
421 3.01936
431 3.01726
441 3.01545
451 3.01385
461 3.01255
471 3.01153
481 3.01064
491 3.01004
501 3.00961
511 3.00938
521 3.00928
531 3.00945
541 3.0097
551 3.01014
561 3.01077
571 3.01152
581 3.01243
591 3.01345
601 3.01461
611 3.01588
621 3.01732
631 3.01885
641 3.0204
651 3.0221
661 3.02388
671 3.02579
681 3.02777
691 3.02982
701 3.03197
711 3.0342
721 3.0365
731 3.03886
741 3.04127
751 3.04382
761 3.04635
771 3.04897
781 3.05166
791 3.05441
801 3.05722
811 3.06
821 3.06291
831 3.06585
841 3.06882
851 3.07185
861 3.0749
871 3.07799
881 3.08116
891 3.0843
901 3.08753
911 3.09084
921 3.09409
931 3.09738
941 3.10074
951 3.1041
961 3.1075
971 3.11094
981 3.11441
991 3.11791
1001 3.12142
1011 3.12498
1021 3.12847
1031 3.13205
1041 3.13562
1051 3.13917
1061 3.14282
1071 3.14641
1081 3.15007
1091 3.15376
1101 3.15744
1111 3.16113
1121 3.16486
1131 3.16856
1141 3.17231
1151 3.17608
1161 3.17982
1171 3.18358
1181 3.18737
1191 3.19116
1201 3.19495
1211 3.19878
1221 3.2026
1231 3.20645
1241 3.2103
1251 3.21412
1261 3.21798
1271 3.22181
1281 3.2257
1291 3.22955
1301 3.23342
1311 3.23725
1321 3.24114
1331 3.24504
1341 3.24893
1351 3.25281
1361 3.25669
1371 3.2606
1381 3.26446
1391 3.26839
1401 3.2723
1411 3.2762
1421 3.28012
1431 3.28405
1441 3.28798
1451 3.2919
1461 3.29582
1471 3.29971
1481 3.30363
1491 3.30756
1501 3.31154
1511 3.31545
1521 3.31931
1531 3.32322
1541 3.32719
1551 3.33113
1561 3.33507
1571 3.33898
1581 3.34292
1591 3.34684
1601 3.35074
1611 3.35468
1621 3.35861
1631 3.3625
1641 3.3664
1651 3.37029
1661 3.37418
1671 3.37808
1681 3.38201
1691 3.38587
1701 3.38973
1711 3.39364
1721 3.39752
1731 3.4014
1741 3.40531
1751 3.40919
1761 3.41311
1771 3.41697
1781 3.42081
1791 3.42462
1801 3.42854
1811 3.4324
1821 3.43625
1831 3.44006
1841 3.44394
1851 3.44775
1861 3.45165
1871 3.45547
1881 3.45931
1891 3.46309
1901 3.46691
1911 3.47068
1921 3.47453
1931 3.47833
1941 3.48216
1951 3.48596
1961 3.48977
1971 3.49358
1981 3.49737
1991 3.50117
2001 3.50498
2011 3.50878
2021 3.51257
2031 3.51634
2041 3.5201
2051 3.52385
2061 3.52761
2071 3.53133
2081 3.53506
2091 3.53882
2101 3.54256
2111 3.54627
2121 3.55001
2131 3.55375
2141 3.55748
2151 3.56117
2161 3.5649
2171 3.56863
2181 3.57234
2191 3.57605
2201 3.57975
2211 3.58345
2221 3.5871
2231 3.59078
2241 3.59442
2251 3.5981
2261 3.60175
2271 3.60545
2281 3.60912
2291 3.61279
2301 3.61643
2311 3.62007
2321 3.62372
2331 3.62733
2341 3.63097
2351 3.63459
2361 3.63822
2371 3.64182
2381 3.64544
2391 3.64906
2401 3.65266
2411 3.65627
2421 3.65982
2431 3.66342
2441 3.66702
2451 3.67061
2461 3.67416
2471 3.67775
2481 3.6813
2491 3.6849
2501 3.6885
2511 3.69205
2521 3.69558
2531 3.6991
2541 3.70262
2551 3.70621
2561 3.70974
2571 3.71327
2581 3.7168
2591 3.7203
2601 3.72384
2611 3.72732
2621 3.73081
2631 3.73435
2641 3.73786
2651 3.7413
2661 3.74479
2671 3.74825
2681 3.75172
2691 3.75521
2701 3.75863
2711 3.76214
2721 3.76557
2731 3.76908
2741 3.77253
2751 3.77595
2761 3.77942
2771 3.78287
2781 3.78629
2791 3.78969
2801 3.7931
2811 3.7965
2821 3.79991
2831 3.80334
2841 3.80678
2851 3.81018
2861 3.81357
2871 3.81693
2881 3.8203
2891 3.82371
2901 3.82708
2911 3.83045
2921 3.83384
2931 3.83721
2941 3.84055
2951 3.84391
2961 3.84723
2971 3.8506
2981 3.85394
2991 3.85723
3001 3.86057
3011 3.86391
3021 3.86725
3031 3.87057
3041 3.87389
3051 3.87717
3061 3.88049
3071 3.88382
3081 3.8871
3091 3.89037
3101 3.89365
3111 3.89696
3121 3.90024
3131 3.90354
3141 3.90681
3151 3.91008
3161 3.91333
3171 3.91658
3181 3.91984
3191 3.92309
3201 3.92635
3211 3.92958
3221 3.93286
3231 3.93609
3241 3.9393
3251 3.94251
3261 3.94575
3271 3.94899
3281 3.95218
3291 3.9554
3301 3.95861
3311 3.9618
3321 3.96499
3331 3.96818
3341 3.97138
3351 3.97458
3361 3.97779
3371 3.98097
3381 3.98413
3391 3.98729
3401 3.99044
3411 3.99365
3421 3.9968
3431 3.99992
3441 4.00309
3451 4.0062
3461 4.00934
3471 4.01251
3481 4.01565
3491 4.01882
3501 4.02192
3511 4.02505
3521 4.02812
3531 4.03126
3541 4.03438
3551 4.03748
3561 4.04058
3571 4.0437
3581 4.04677
3591 4.04988
3601 4.05296
3611 4.0561
3621 4.05914
3631 4.06221
3641 4.06527
3651 4.06837
3661 4.07143
3671 4.0745
3681 4.07752
3691 4.08059
3701 4.08362
3711 4.08665
3721 4.08971
3731 4.09275
3741 4.09579
3751 4.09882
3761 4.10184
3771 4.10487
3781 4.1079
3791 4.11088
3801 4.11391
3811 4.11694
3821 4.11995
3831 4.12296
3841 4.12596
3851 4.12896
3861 4.13197
3871 4.13493
3881 4.13795
3891 4.14092
3901 4.14388
3911 4.14687
3921 4.14985
3931 4.1528
3941 4.15575
3951 4.15874
3961 4.16168
3971 4.16463
3981 4.16761
3991 4.17058
4001 4.17354
4011 4.17646
4021 4.17937
4031 4.18231
4041 4.18525
4051 4.18817
4061 4.19109
4071 4.19402
4081 4.19696
4091 4.19986
4101 4.20277
4111 4.20569
4121 4.20858
4131 4.2115
4141 4.21437
4151 4.21727
4161 4.22014
4171 4.22305
4181 4.2259
4191 4.2288
4201 4.23166
4211 4.23452
4221 4.23742
4231 4.2403
4241 4.24318
4251 4.24606
4261 4.24893
4271 4.25176
4281 4.25462
4291 4.25747
4301 4.26031
4311 4.26315
4321 4.26603
4331 4.2689
4341 4.2717
4351 4.27453
4361 4.27737
4371 4.28022
4381 4.283
4391 4.28584
4401 4.28864
4411 4.29146
4421 4.29425
4431 4.29704
4441 4.29987
4451 4.30267
4461 4.30548
4471 4.30828
4481 4.31108
4491 4.31385
4501 4.31666
4511 4.31944
4521 4.32222
4531 4.32501
4541 4.32779
4551 4.33055
4561 4.33329
4571 4.33607
4581 4.33885
4591 4.3416
4601 4.34437
4611 4.3471
4621 4.34985
4631 4.35262
4641 4.35535
4651 4.35808
4661 4.36083
4671 4.36355
4681 4.36629
4691 4.36905
4701 4.37176
4711 4.37448
4721 4.37718
4731 4.3799
4741 4.38264
4751 4.38531
4761 4.38801
4771 4.39072
4781 4.39341
4791 4.3961
4801 4.39878
4811 4.40147
4821 4.40417
4831 4.40686
4841 4.40956
4851 4.41222
4861 4.41488
4871 4.41758
4881 4.42026
4891 4.42294
4901 4.4256
4911 4.42824
4921 4.43091
4931 4.43359
4941 4.43627
4951 4.43892
4961 4.44156
4971 4.44422
4981 4.44688
4991 4.44953
5001 4.45218
5011 4.4548
5021 4.45743
5031 4.46003
5041 4.46264
5051 4.46529
5061 4.46793
5071 4.47053
5081 4.47315
5091 4.47576
5101 4.47838
5111 4.48097
5121 4.48356
5131 4.48619
5141 4.4888
5151 4.49137
5161 4.49398
5171 4.49656
5181 4.49915
5191 4.50173
5201 4.50436
5211 4.50691
5221 4.50947
5231 4.51208
5241 4.51465
5251 4.51723
5261 4.51981
5271 4.52233
5281 4.5249
5291 4.52749
5301 4.53006
5311 4.53259
5321 4.53517
5331 4.53771
5341 4.54026
5351 4.54283
5361 4.54535
5371 4.5479
5381 4.55042
5391 4.55299
5401 4.55552
5411 4.55803
5421 4.56057
5431 4.56311
5441 4.56564
5451 4.56815
5461 4.57064
5471 4.57316
5481 4.57568
5491 4.57824
5501 4.58071
5511 4.58321
5521 4.58572
5531 4.58823
5541 4.59074
5551 4.59322
5561 4.59572
5571 4.59823
5581 4.60074
5591 4.60323
5601 4.60569
5611 4.6082
5621 4.61067
5631 4.61314
5641 4.61562
5651 4.61808
5661 4.62056
5671 4.62303
5681 4.62547
5691 4.62796
5701 4.63042
5711 4.63287
5721 4.63528
5731 4.63775
5741 4.6402
5751 4.64266
5761 4.64509
5771 4.64756
5781 4.65001
5791 4.65241
5801 4.65489
5811 4.6573
5821 4.65972
5831 4.66215
5841 4.66459
5851 4.66702
5861 4.66947
5871 4.67186
5881 4.67427
5891 4.67671
5901 4.67911
5911 4.68153
5921 4.68395
5931 4.68636
5941 4.68877
5951 4.69113
5961 4.69353
5971 4.69592
5981 4.69833
5991 4.70072
6001 4.7031
6011 4.70548
6021 4.7079
6031 4.71027
6041 4.71267
6051 4.71506
6061 4.71743
6071 4.71979
6081 4.72216
6091 4.72452
6101 4.72689
6111 4.72925
6121 4.73161
6131 4.73398
6141 4.73632
6151 4.73868
6161 4.74102
6171 4.74339
6181 4.74571
6191 4.74806
6201 4.75041
6211 4.75273
6221 4.75508
6231 4.75742
6241 4.75978
6251 4.76209
6261 4.7644
6271 4.76674
6281 4.76905
6291 4.77141
6301 4.77375
6311 4.77609
6321 4.77839
6331 4.7807
6341 4.78304
6351 4.78533
6361 4.78763
6371 4.78993
6381 4.79223
6391 4.79451
6401 4.79681
6411 4.79912
6421 4.80143
6431 4.80372
6441 4.80599
6451 4.80826
6461 4.81055
6471 4.81284
6481 4.81513
6491 4.81737
6501 4.81966
6511 4.82195
6521 4.82423
6531 4.82648
6541 4.82877
6551 4.83104
6561 4.83329
6571 4.83557
6581 4.83782
6591 4.84009
6601 4.84236
6611 4.84463
6621 4.84685
6631 4.84911
6641 4.85134
6651 4.8536
6661 4.85584
6671 4.85808
6681 4.86034
6691 4.86257
6701 4.86481
6711 4.86703
6721 4.86927
6731 4.87153
6741 4.87375
6751 4.87597
6761 4.87821
6771 4.88042
6781 4.88264
6791 4.88485
6801 4.88707
6811 4.88927
6821 4.8915
6831 4.89371
6841 4.89594
6851 4.89816
6861 4.90036
6871 4.90258
6881 4.90477
6891 4.90698
6901 4.90917
6911 4.91139
6921 4.91358
6931 4.91579
6941 4.91797
6951 4.92019
6961 4.92239
6971 4.92458
6981 4.92677
6991 4.92895
7001 4.93111
7011 4.93333
7021 4.9355
7031 4.93768
7041 4.93985
7051 4.94203
7061 4.9442
7071 4.94636
7081 4.94852
7091 4.95065
7101 4.95282
7111 4.95495
7121 4.95712
7131 4.95927
7141 4.96141
7151 4.96357
7161 4.96571
7171 4.96787
7181 4.97001
7191 4.97216
7201 4.97431
7211 4.97646
7221 4.97859
7231 4.98073
7241 4.98288
7251 4.98499
7261 4.98713
7271 4.98926
7281 4.99139
7291 4.99352
7301 4.99563
7311 4.99777
7321 4.99986
7331 5.00201
7341 5.00415
7351 5.00623
7361 5.00833
7371 5.01042
7381 5.0125
7391 5.0146
7401 5.01669
7411 5.01881
7421 5.02091
7431 5.02301
7441 5.02509
7451 5.02719
7461 5.02929
7471 5.03139
7481 5.03346
7491 5.03555
7501 5.03767
7511 5.03974
7521 5.04181
7531 5.04386
7541 5.04595
7551 5.04804
7561 5.05012
7571 5.0522
7581 5.05426
7591 5.05634
7601 5.05841
7611 5.06049
7621 5.06251
7631 5.0646
7641 5.06668
7651 5.06876
7661 5.07082
7671 5.07282
7681 5.07488
7691 5.07693
7701 5.07898
7711 5.08105
7721 5.08308
7731 5.08513
7741 5.08716
7751 5.08919
7761 5.09126
7771 5.09325
7781 5.09529
7791 5.09734
7801 5.09938
7811 5.10139
7821 5.10344
7831 5.10548
7841 5.10751
7851 5.10953
7861 5.11155
7871 5.1136
7881 5.11563
7891 5.11765
7901 5.11966
7911 5.12165
7921 5.12367
7931 5.12569
7941 5.12769
7951 5.12972
7961 5.13174
7971 5.13373
7981 5.13574
7991 5.13773
8001 5.13975
8011 5.14173
8021 5.14372
8031 5.1457
8041 5.14772
8051 5.14971
8061 5.15172
8071 5.15372
8081 5.15568
8091 5.15767
8101 5.15967
8111 5.16165
8121 5.16363
8131 5.16559
8141 5.16755
8151 5.16952
8161 5.17151
8171 5.1735
8181 5.17545
8191 5.17742
8201 5.17937
8211 5.18135
8221 5.18331
8231 5.18527
8241 5.18725
8251 5.1892
8261 5.19119
8271 5.19312
8281 5.1951
8291 5.19707
8301 5.19898
8311 5.20093
8321 5.20288
8331 5.20486
8341 5.20679
8351 5.20875
8361 5.21067
8371 5.21264
8381 5.21457
8391 5.21649
8401 5.21841
8411 5.22036
8421 5.22229
8431 5.2242
8441 5.22615
8451 5.22808
8461 5.23001
8471 5.23196
8481 5.23386
8491 5.23579
8501 5.23771
8511 5.23965
8521 5.24157
8531 5.24344
8541 5.24537
8551 5.24728
8561 5.24916
8571 5.25109
8581 5.253
8591 5.25489
8601 5.25681
8611 5.25874
8621 5.2606
8631 5.2625
8641 5.26439
8651 5.26633
8661 5.26821
8671 5.27008
8681 5.27198
8691 5.27388
8701 5.27577
8711 5.27767
8721 5.27956
8731 5.28144
8741 5.28332
8751 5.28521
8761 5.28707
8771 5.28899
8781 5.29088
8791 5.29277
8801 5.29463
8811 5.2965
8821 5.29839
8831 5.30026
8841 5.30213
8851 5.30399
8861 5.30587
8871 5.30774
8881 5.30961
8891 5.31143
8901 5.3133
8911 5.31515
8921 5.31699
8931 5.31884
8941 5.32071
8951 5.32254
8961 5.32438
8971 5.32624
8981 5.32811
8991 5.32995
9001 5.33178
9011 5.33363
9021 5.33547
9031 5.33729
9041 5.33917
9051 5.341
9061 5.34282
9071 5.34468
9081 5.34648
9091 5.34833
9101 5.35017
9111 5.35201
9121 5.35386
9131 5.35568
9141 5.35752
9151 5.35933
9161 5.36114
9171 5.36297
9181 5.36477
9191 5.36662
9201 5.36843
9211 5.37025
9221 5.37206
9231 5.3739
9241 5.37569
9251 5.37754
9261 5.37933
9271 5.38112
9281 5.38293
9291 5.38474
9301 5.38651
9311 5.38832
9321 5.39011
9331 5.39194
9341 5.39375
9351 5.39553
9361 5.39733
9371 5.3991
9381 5.4009
9391 5.40269
9401 5.40448
9411 5.40626
9421 5.40807
9431 5.40986
9441 5.41163
9451 5.41341
9461 5.4152
9471 5.41697
9481 5.41878
9491 5.42055
9501 5.42233
9511 5.4241
9521 5.42586
9531 5.42764
9541 5.42939
9551 5.43117
9561 5.43295
9571 5.4347
9581 5.43647
9591 5.43827
9601 5.44003
9611 5.44179
9621 5.44353
9631 5.4453
9641 5.44707
9651 5.44885
9661 5.45062
9671 5.45239
9681 5.45412
9691 5.45587
9701 5.4576
9711 5.45934
9721 5.46108
9731 5.46283
9741 5.46457
9751 5.46633
9761 5.46806
9771 5.46982
9781 5.47156
9791 5.47327
9801 5.47499
9811 5.47674
9821 5.47845
9831 5.48018
9841 5.48189
9851 5.48361
9861 5.48534
9871 5.48706
9881 5.48881
9891 5.49054
9901 5.49225
9911 5.49396
9921 5.49569
9931 5.49744
9941 5.49912
9951 5.50085
9961 5.50255
9971 5.50427
9981 5.506
9991 5.5077
10001 5.50939
10011 5.51111
10021 5.51284
10031 5.51454
10041 5.51623
10051 5.51797
10061 5.51963
10071 5.52135
10081 5.52307
10091 5.52477
10101 5.52647
10111 5.52816
10121 5.52984
10131 5.53153
10141 5.53324
10151 5.53493
10161 5.53663
10171 5.5383
10181 5.53999
10191 5.54167
10201 5.54337
10211 5.54505
10221 5.54671
10231 5.54841
10241 5.55012
10251 5.5518
10261 5.5535
10271 5.55517
10281 5.55683
10291 5.55851
10301 5.56019
10311 5.56188
10321 5.56356
10331 5.5652
10341 5.56686
10351 5.56854
10361 5.57019
10371 5.57189
10381 5.57354
10391 5.57521
10401 5.5769
10411 5.57858
10421 5.58023
10431 5.58186
10441 5.58352
10451 5.58518
10461 5.58685
10471 5.58851
10481 5.59014
10491 5.59178
10501 5.59343
10511 5.59506
10521 5.59672
10531 5.59837
10541 5.60003
10551 5.60166
10561 5.6033
10571 5.60496
10581 5.60658
10591 5.60822
10601 5.60985
10611 5.61151
10621 5.61315
10631 5.61479
10641 5.61643
10651 5.61807
10661 5.61971
10671 5.62135
10681 5.62294
10691 5.62456
10701 5.62619
10711 5.62783
10721 5.62945
10731 5.63104
10741 5.63268
10751 5.6343
10761 5.6359
10771 5.6375
10781 5.63913
10791 5.64074
10801 5.64237
10811 5.64398
10821 5.64559
10831 5.64722
10841 5.64882
10851 5.65043
10861 5.65203
10871 5.65364
10881 5.65525
10891 5.65685
10901 5.65845
10911 5.66008
10921 5.66168
10931 5.66328
10941 5.66487
10951 5.66645
10961 5.66805
10971 5.66965
10981 5.67124
10991 5.67285
11001 5.67445
11011 5.67605
11021 5.67764
11031 5.67922
11041 5.68081
11051 5.68238
11061 5.68395
11071 5.68554
11081 5.68714
11091 5.68873
11101 5.69035
11111 5.69191
11121 5.69349
11131 5.69505
11141 5.69661
11151 5.6982
11161 5.69979
11171 5.70139
11181 5.70296
11191 5.70452
11201 5.7061
11211 5.70768
11221 5.70924
11231 5.71082
11241 5.7124
11251 5.71396
11261 5.71552
11271 5.71709
11281 5.71864
11291 5.72022
11301 5.72177
11311 5.72332
11321 5.72486
11331 5.7264
11341 5.72792
11351 5.72948
11361 5.73104
11371 5.7326
11381 5.73413
11391 5.73568
11401 5.73723
11411 5.73879
11421 5.74032
11431 5.74186
11441 5.74342
11451 5.74499
11461 5.74651
11471 5.74805
11481 5.74961
11491 5.75114
11501 5.75272
11511 5.75426
11521 5.75577
11531 5.75729
11541 5.75882
11551 5.76039
11561 5.76193
11571 5.76345
11581 5.76497
11591 5.76649
11601 5.76801
11611 5.76958
11621 5.77111
11631 5.77262
11641 5.77411
11651 5.77563
11661 5.77716
11671 5.77868
11681 5.7802
11691 5.78176
11701 5.78326
11711 5.78477
11721 5.7863
11731 5.78783
11741 5.78935
11751 5.79085
11761 5.79234
11771 5.79384
11781 5.79533
11791 5.79683
11801 5.79836
11811 5.79987
11821 5.80137
11831 5.80288
11841 5.80438
11851 5.80591
11861 5.8074
11871 5.8089
11881 5.81039
11891 5.81189
11901 5.81339
11911 5.81489
11921 5.81637
11931 5.81786
11941 5.81937
11951 5.82089
11961 5.82237
11971 5.82388
11981 5.82536
11991 5.82686
12001 5.82839
12011 5.82987
12021 5.83137
12031 5.83284
12041 5.83435
12051 5.83581
12061 5.83732
12071 5.83878
12081 5.84026
12091 5.84175
12101 5.84324
12111 5.84472
12121 5.84623
12131 5.8477
12141 5.84917
12151 5.85063
12161 5.8521
12171 5.85357
12181 5.85505
12191 5.85652
12201 5.85797
12211 5.85947
12221 5.86094
12231 5.8624
12241 5.86385
12251 5.86532
12261 5.8668
12271 5.86823
12281 5.86968
12291 5.87114
12301 5.87261
12311 5.87408
12321 5.87553
12331 5.87695
12341 5.87841
12351 5.87984
12361 5.88131
12371 5.88276
12381 5.88422
12391 5.88569
12401 5.88712
12411 5.88855
12421 5.89
12431 5.89145
12441 5.89289
12451 5.89434
12461 5.89578
12471 5.89721
12481 5.89867
12491 5.90011
12501 5.90155
12511 5.90302
12521 5.90446
12531 5.90587
12541 5.90732
12551 5.90877
12561 5.91018
12571 5.91161
12581 5.91305
12591 5.91449
12601 5.91592
12611 5.91734
12621 5.9188
12631 5.92024
12641 5.92167
12651 5.92311
12661 5.92453
12671 5.92595
12681 5.92737
12691 5.9288
12701 5.9302
12711 5.93163
12721 5.93304
12731 5.93445
12741 5.93587
12751 5.93729
12761 5.93869
12771 5.94014
12781 5.94154
12791 5.94296
12801 5.94438
12811 5.94578
12821 5.94717
12831 5.94859
12841 5.95
12851 5.95139
12861 5.95282
12871 5.95424
12881 5.95564
12891 5.95707
12901 5.95846
12911 5.95986
12921 5.96127
12931 5.96265
12941 5.96408
12951 5.96547
12961 5.9669
12971 5.96829
12981 5.96967
12991 5.97106
13001 5.97247
13011 5.97385
13021 5.97525
13031 5.97667
13041 5.97807
13051 5.97945
13061 5.98087
13071 5.98226
13081 5.98365
13091 5.98503
13101 5.98642
13111 5.9878
13121 5.98919
13131 5.99057
13141 5.99195
13151 5.99334
13161 5.99472
13171 5.9961
13181 5.99747
13191 5.99883
13201 6.00022
13211 6.0016
13221 6.00299
13231 6.00437
13241 6.00573
13251 6.0071
13261 6.00848
13271 6.00983
13281 6.01122
13291 6.0126
13301 6.01396
13311 6.01533
13321 6.01671
13331 6.01808
13341 6.01945
13351 6.0208
13361 6.02215
13371 6.02353
13381 6.02488
13391 6.02627
13401 6.02763
13411 6.02899
13421 6.03034
13431 6.03168
13441 6.03307
13451 6.03442
13461 6.03578
13471 6.03713
13481 6.0385
13491 6.03985
13501 6.04121
13511 6.04255
13521 6.04391
13531 6.04525
13541 6.0466
13551 6.04796
13561 6.04931
13571 6.05062
13581 6.05199
13591 6.05333
13601 6.05469
13611 6.05605
13621 6.05738
13631 6.0587
13641 6.06008
13651 6.06143
13661 6.06279
13671 6.06412
13681 6.06545
13691 6.06678
13701 6.06811
13711 6.06942
13721 6.07077
13731 6.07211
13741 6.07343
13751 6.07477
13761 6.07612
13771 6.07744
13781 6.07875
13791 6.08007
13801 6.08143
13811 6.08275
13821 6.08407
13831 6.08539
13841 6.08669
13851 6.08802
13861 6.08935
13871 6.09067
13881 6.09198
13891 6.09331
13901 6.09463
13911 6.09595
13921 6.09727
13931 6.09856
13941 6.09991
13951 6.10122
13961 6.10253
13971 6.10383
13981 6.10517
13991 6.10649
14001 6.1078
14011 6.1091
14021 6.11043
14031 6.11175
14041 6.11306
14051 6.11436
14061 6.11566
14071 6.11696
14081 6.11827
14091 6.11958
14101 6.12089
14111 6.12219
14121 6.12348
14131 6.12479
14141 6.1261
14151 6.12741
14161 6.1287
14171 6.13002
14181 6.13131
14191 6.13262
14201 6.13389
14211 6.13522
14221 6.13651
14231 6.13779
14241 6.13908
14251 6.14035
14261 6.14165
14271 6.14293
14281 6.14423
14291 6.14553
14301 6.14683
14311 6.14813
14321 6.1494
14331 6.15069
14341 6.15197
14351 6.15323
14361 6.15452
14371 6.15579
14381 6.15705
14391 6.15835
14401 6.15963
14411 6.16094
14421 6.16224
14431 6.16351
14441 6.16479
14451 6.16605
14461 6.16733
14471 6.16861
14481 6.16991
14491 6.17118
14501 6.17244
14511 6.17372
14521 6.17498
14531 6.17625
14541 6.17755
14551 6.17883
14561 6.1801
14571 6.18138
14581 6.18264
14591 6.18391
14601 6.18518
14611 6.18645
14621 6.1877
14631 6.18898
14641 6.19024
14651 6.19151
14661 6.19281
14671 6.19408
14681 6.19533
14691 6.19659
14701 6.19784
14711 6.1991
14721 6.20033
14731 6.20159
14741 6.20287
14751 6.20412
14761 6.20537
14771 6.20662
14781 6.20788
14791 6.20913
14801 6.21036
14811 6.2116
14821 6.21285
14831 6.21408
14841 6.21534
14851 6.21657
14861 6.21778
14871 6.21905
14881 6.2203
14891 6.22156
14901 6.2228
14911 6.22403
14921 6.22527
14931 6.22652
14941 6.22778
14951 6.22903
14961 6.23029
14971 6.23156
14981 6.23274
14991 6.23399
15001 6.23522
15011 6.23645
15021 6.23769
15031 6.23892
15041 6.24017
15051 6.24143
15061 6.24265
15071 6.24387
15081 6.2451
15091 6.24636
15101 6.24757
15111 6.24881
15121 6.25003
15131 6.2513
15141 6.25251
15151 6.25373
15161 6.25495
15171 6.25617
15181 6.25739
15191 6.25863
15201 6.25985
15211 6.26106
15221 6.26228
15231 6.2635
15241 6.26473
15251 6.26597
15261 6.26718
15271 6.26841
15281 6.26961
15291 6.27084
15301 6.27205
15311 6.27326
15321 6.27447
15331 6.27569
15341 6.2769
15351 6.27813
15361 6.27933
15371 6.28054
15381 6.28176
15391 6.28296
15401 6.28416
15411 6.28537
15421 6.28659
15431 6.2878
15441 6.289
15451 6.29021
15461 6.29142
15471 6.29261
15481 6.29381
15491 6.29503
15501 6.29623
15511 6.29741
15521 6.29859
15531 6.2998
15541 6.30099
15551 6.30223
15561 6.30341
15571 6.3046
15581 6.30579
15591 6.30699
15601 6.30819
15611 6.30939
15621 6.31058
15631 6.31178
15641 6.313
15651 6.31418
15661 6.31536
15671 6.31657
15681 6.31776
15691 6.31894
15701 6.32013
15711 6.32131
15721 6.32248
15731 6.32366
15741 6.32488
15751 6.32605
15761 6.32725
15771 6.32841
15781 6.32958
15791 6.33076
15801 6.33195
15811 6.33312
15821 6.33429
15831 6.33547
15841 6.33665
15851 6.33783
15861 6.33902
15871 6.34018
15881 6.34137
15891 6.34254
15901 6.34371
15911 6.3449
15921 6.34609
15931 6.34724
15941 6.34843
15951 6.3496
15961 6.35078
15971 6.35195
15981 6.35313
15991 6.3543
16001 6.35549
16011 6.35666
16021 6.35784
16031 6.35901
16041 6.36019
16051 6.36136
16061 6.3625
16071 6.36369
16081 6.36484
16091 6.36599
16101 6.36718
16111 6.36836
16121 6.3695
16131 6.37065
16141 6.37183
16151 6.37299
16161 6.37415
16171 6.37533
16181 6.37649
16191 6.37763
16201 6.3788
16211 6.37996
16221 6.3811
16231 6.38226
16241 6.38343
16251 6.38459
16261 6.38573
16271 6.38688
16281 6.38802
16291 6.38918
16301 6.39034
16311 6.3915
16321 6.39264
16331 6.39378
16341 6.39493
16351 6.39608
16361 6.39724
16371 6.39841
16381 6.39955
16391 6.40071
16401 6.40184
16411 6.40299
16421 6.40412
16431 6.40527
16441 6.4064
16451 6.40754
16461 6.40869
16471 6.40986
16481 6.41098
16491 6.41212
16501 6.41326
16511 6.41439
16521 6.41554
16531 6.41669
16541 6.41782
16551 6.41895
16561 6.42008
16571 6.42124
16581 6.42236
16591 6.42348
16601 6.42461
16611 6.42574
16621 6.42689
16631 6.42801
16641 6.42915
16651 6.43026
16661 6.43139
16671 6.43251
16681 6.43364
16691 6.43476
16701 6.4359
16711 6.437
16721 6.43814
16731 6.43925
16741 6.44035
16751 6.4415
16761 6.44265
16771 6.44377
16781 6.44489
16791 6.44601
16801 6.44714
16811 6.44828
16821 6.44941
16831 6.45052
16841 6.45164
16851 6.45273
16861 6.45385
16871 6.45497
16881 6.4561
16891 6.45722
16901 6.45833
16911 6.45945
16921 6.46057
16931 6.46167
16941 6.46275
16951 6.46389
16961 6.465
16971 6.46611
16981 6.46722
16991 6.46834
17001 6.46946
17011 6.47058
17021 6.47171
17031 6.47281
17041 6.47391
17051 6.47502
17061 6.47614
17071 6.47725
17081 6.47835
17091 6.47944
17101 6.48054
17111 6.48166
17121 6.48277
17131 6.48386
17141 6.48496
17151 6.48608
17161 6.48717
17171 6.48828
17181 6.48938
17191 6.49049
17201 6.49158
17211 6.49268
17221 6.49379
17231 6.49486
17241 6.49597
17251 6.49706
17261 6.49814
17271 6.49923
17281 6.50033
17291 6.50143
17301 6.50252
17311 6.50362
17321 6.5047
17331 6.50578
17341 6.50686
17351 6.50795
17361 6.50904
17371 6.51013
17381 6.51121
17391 6.5123
17401 6.5134
17411 6.5145
17421 6.51561
17431 6.51669
17441 6.51777
17451 6.51883
17461 6.5199
17471 6.521
17481 6.52208
17491 6.52317
17501 6.52426
17511 6.52537
17521 6.52642
17531 6.52752
17541 6.52857
17551 6.52967
17561 6.53075
17571 6.53183
17581 6.53293
17591 6.53401
17601 6.53507
17611 6.53615
17621 6.53722
17631 6.5383
17641 6.53938
17651 6.54045
17661 6.54154
17671 6.54259
17681 6.54369
17691 6.54476
17701 6.54583
17711 6.5469
17721 6.54796
17731 6.54901
17741 6.55008
17751 6.55116
17761 6.55223
17771 6.55332
17781 6.55436
17791 6.55544
17801 6.55651
17811 6.55758
17821 6.55864
17831 6.55969
17841 6.56075
17851 6.56184
17861 6.56287
17871 6.56394
17881 6.56501
17891 6.56607
17901 6.56714
17911 6.56819
17921 6.56924
17931 6.5703
17941 6.57136
17951 6.57241
17961 6.57346
17971 6.57452
17981 6.57557
17991 6.57664
18001 6.57772
18011 6.57878
18021 6.57985
18031 6.5809
18041 6.58195
18051 6.58299
18061 6.58404
18071 6.58508
18081 6.58612
18091 6.58715
18101 6.58822
18111 6.58927
18121 6.59033
18131 6.59137
18141 6.5924
18151 6.59345
18161 6.59449
18171 6.59554
18181 6.5966
18191 6.59764
18201 6.59871
18211 6.59976
18221 6.60081
18231 6.60184
18241 6.60289
18251 6.60396
18261 6.60502
18271 6.60603
18281 6.60707
18291 6.60813
18301 6.60918
18311 6.61023
18321 6.61126
18331 6.61231
18341 6.61336
18351 6.61438
18361 6.6154
18371 6.61644
18381 6.61748
18391 6.61849
18401 6.61951
18411 6.62054
18421 6.62158
18431 6.62262
18441 6.62365
18451 6.62468
18461 6.62572
18471 6.62674
18481 6.62777
18491 6.6288
18501 6.62982
18511 6.63085
18521 6.63187
18531 6.6329
18541 6.63392
18551 6.63496
18561 6.63597
18571 6.637
18581 6.63803
18591 6.63906
18601 6.64011
18611 6.64112
18621 6.64215
18631 6.64316
18641 6.64417
18651 6.6452
18661 6.64624
18671 6.64725
18681 6.64828
18691 6.64929
18701 6.65032
18711 6.65132
18721 6.65233
18731 6.65334
18741 6.65437
18751 6.65538
18761 6.6564
18771 6.6574
18781 6.65843
18791 6.65945
18801 6.66045
18811 6.66148
18821 6.6625
18831 6.66351
18841 6.6645
18851 6.66549
18861 6.6665
18871 6.66751
18881 6.66854
18891 6.66957
18901 6.67059
18911 6.67159
18921 6.67263
18931 6.67362
18941 6.6746
18951 6.67562
18961 6.67663
18971 6.67763
18981 6.67862
18991 6.67963
19001 6.68063
19011 6.68166
19021 6.68264
19031 6.68367
19041 6.68466
19051 6.68567
19061 6.68665
19071 6.68763
19081 6.68863
19091 6.68963
19101 6.69063
19111 6.69163
19121 6.69265
19131 6.69364
19141 6.69462
19151 6.6956
19161 6.69661
19171 6.69759
19181 6.6986
19191 6.6996
19201 6.7006
19211 6.70158
19221 6.70258
19231 6.70354
19241 6.70454
19251 6.70554
19261 6.70653
19271 6.70751
19281 6.7085
19291 6.70949
19301 6.71047
19311 6.71147
19321 6.71243
19331 6.71343
19341 6.71445
19351 6.71543
19361 6.71641
19371 6.7174
19381 6.71837
19391 6.71935
19401 6.72035
19411 6.72134
19421 6.72232
19431 6.72333
19441 6.72429
19451 6.72529
19461 6.72627
19471 6.72724
19481 6.72821
19491 6.72921
19501 6.7302
19511 6.73118
19521 6.73214
19531 6.73313
19541 6.73409
19551 6.73506
19561 6.73603
19571 6.737
19581 6.73799
19591 6.73898
19601 6.73994
19611 6.74091
19621 6.74187
19631 6.74284
19641 6.74382
19651 6.74478
19661 6.74576
19671 6.74676
19681 6.74775
19691 6.74872
19701 6.74968
19711 6.75068
19721 6.75165
19731 6.75259
19741 6.75356
19751 6.75453
19761 6.75551
19771 6.75646
19781 6.75742
19791 6.75837
19801 6.75935
19811 6.76033
19821 6.7613
19831 6.76228
19841 6.76323
19851 6.76419
19861 6.76518
19871 6.7661
19881 6.76707
19891 6.76805
19901 6.769
19911 6.76997
19921 6.77094
19931 6.77191
19941 6.77287
19951 6.77381
19961 6.77477
19971 6.77574
19981 6.7767
19991 6.77764
20001 6.77859
20011 6.77956
20021 6.78051
20031 6.78147
20041 6.78242
20051 6.78336
20061 6.78432
20071 6.78529
20081 6.78624
20091 6.78722
20101 6.78817
20111 6.78912
20121 6.79006
20131 6.79101
20141 6.79198
20151 6.79293
20161 6.79388
20171 6.79482
20181 6.79577
20191 6.79672
20201 6.79767
20211 6.79862
20221 6.79958
20231 6.80053
20241 6.80147
20251 6.80241
20261 6.80336
20271 6.8043
20281 6.80525
20291 6.80618
20301 6.80713
20311 6.80806
20321 6.80902
20331 6.80996
20341 6.8109
20351 6.81186
20361 6.8128
20371 6.81377
20381 6.8147
20391 6.81565
20401 6.81659
20411 6.81754
20421 6.81847
20431 6.81941
20441 6.82034
20451 6.82126
20461 6.82221
20471 6.82315
20481 6.8241
20491 6.82502
20501 6.82594
20511 6.82689
20521 6.82781
20531 6.82874
20541 6.82969
20551 6.83062
20561 6.83155
20571 6.83249
20581 6.83342
20591 6.83433
20601 6.83528
20611 6.83621
20621 6.83713
20631 6.83807
20641 6.83898
20651 6.8399
20661 6.84084
20671 6.84177
20681 6.8427
20691 6.84363
20701 6.84455
20711 6.84549
20721 6.84642
20731 6.84736
20741 6.84829
20751 6.84921
20761 6.85013
20771 6.85106
20781 6.85199
20791 6.85292
20801 6.85385
20811 6.85477
20821 6.8557
20831 6.85663
20841 6.85755
20851 6.85846
20861 6.85939
20871 6.86031
20881 6.86123
20891 6.86215
20901 6.86307
20911 6.864
20921 6.86491
20931 6.86582
20941 6.86673
20951 6.86766
20961 6.86856
20971 6.8695
20981 6.87041
20991 6.87133
21001 6.87226
21011 6.87316
21021 6.87404
21031 6.87499
21041 6.8759
21051 6.87679
21061 6.8777
21071 6.87863
21081 6.87953
21091 6.88044
21101 6.88134
21111 6.88227
21121 6.88317
21131 6.88407
21141 6.88498
21151 6.88587
21161 6.8868
21171 6.88771
21181 6.88862
21191 6.88951
21201 6.89042
21211 6.89134
21221 6.89223
21231 6.89313
21241 6.89403
21251 6.89495
21261 6.89586
21271 6.89678
21281 6.89768
21291 6.89859
21301 6.8995
21311 6.90041
21321 6.90132
21331 6.9022
21341 6.9031
21351 6.90401
21361 6.90492
21371 6.90583
21381 6.90674
21391 6.90762
21401 6.90852
21411 6.90944
21421 6.91034
21431 6.91123
21441 6.91212
21451 6.91301
21461 6.91391
21471 6.9148
21481 6.9157
21491 6.9166
21501 6.9175
21511 6.91838
21521 6.91928
21531 6.92019
21541 6.92106
21551 6.92194
21561 6.92283
21571 6.92375
21581 6.92463
21591 6.92551
21601 6.92641
21611 6.9273
21621 6.92819
21631 6.92908
21641 6.92997
21651 6.93086
21661 6.93176
21671 6.93266
21681 6.93353
21691 6.93444
21701 6.93532
21711 6.93622
21721 6.93712
21731 6.93799
21741 6.93886
21751 6.93976
21761 6.94064
21771 6.9415
21781 6.94239
21791 6.94328
21801 6.94416
21811 6.94504
21821 6.94592
21831 6.94679
21841 6.94767
21851 6.94856
21861 6.94941
21871 6.95029
21881 6.95116
21891 6.95204
21901 6.95293
21911 6.95379
21921 6.95468
21931 6.95557
21941 6.95644
21951 6.95736
21961 6.95823
21971 6.95909
21981 6.95998
21991 6.96086
22001 6.96174
22011 6.96262
22021 6.96352
22031 6.96437
22041 6.96525
22051 6.96613
22061 6.96702
22071 6.96788
22081 6.96877
22091 6.96963
22101 6.97049
22111 6.97134
22121 6.97221
22131 6.97308
22141 6.97395
22151 6.97482
22161 6.97571
22171 6.97658
22181 6.97744
22191 6.97831
22201 6.9792
22211 6.98006
22221 6.98093
22231 6.98179
22241 6.98265
22251 6.98353
22261 6.98438
22271 6.98526
22281 6.98614
22291 6.987
22301 6.98787
22311 6.98871
22321 6.98958
22331 6.99044
22341 6.99132
22351 6.99217
22361 6.99303
22371 6.9939
22381 6.99476
22391 6.99564
22401 6.99648
22411 6.99734
22421 6.99822
22431 6.99908
22441 6.99994
22451 7.00078
22461 7.00165
22471 7.0025
22481 7.00335
22491 7.00421
22501 7.00508
22511 7.00595
22521 7.0068
22531 7.00764
22541 7.00851
22551 7.00937
22561 7.01023
22571 7.01108
22581 7.01193
22591 7.01278
22601 7.01364
22611 7.0145
22621 7.01535
22631 7.01621
22641 7.01704
22651 7.01791
22661 7.01874
22671 7.0196
22681 7.02046
22691 7.0213
22701 7.02214
22711 7.02301
22721 7.02386
22731 7.0247
22741 7.02554
22751 7.02639
22761 7.02724
22771 7.0281
22781 7.02894
22791 7.02978
22801 7.03062
22811 7.03148
22821 7.03233
22831 7.03317
22841 7.034
22851 7.03485
22861 7.03569
22871 7.03653
22881 7.03738
22891 7.03823
22901 7.03908
22911 7.03993
22921 7.04079
22931 7.04162
22941 7.04248
22951 7.04331
22961 7.04416
22971 7.045
22981 7.04584
22991 7.04665
23001 7.0475
23011 7.04833
23021 7.04917
23031 7.05001
23041 7.05085
23051 7.05169
23061 7.05253
23071 7.05338
23081 7.05423
23091 7.05506
23101 7.05589
23111 7.05674
23121 7.05759
23131 7.05842
23141 7.05924
23151 7.06007
23161 7.06091
23171 7.06175
23181 7.06259
23191 7.0634
23201 7.06423
23211 7.06505
23221 7.0659
23231 7.06671
23241 7.06755
23251 7.06838
23261 7.0692
23271 7.07002
23281 7.07084
23291 7.07168
23301 7.07249
23311 7.07332
23321 7.07415
23331 7.07495
23341 7.07578
23351 7.07663
23361 7.07746
23371 7.07828
23381 7.07911
23391 7.07993
23401 7.08077
23411 7.08159
23421 7.08243
23431 7.08327
23441 7.08411
23451 7.08492
23461 7.08574
23471 7.08657
23481 7.08739
23491 7.08821
23501 7.08904
23511 7.08986
23521 7.09069
23531 7.09152
23541 7.09234
23551 7.09314
23561 7.09397
23571 7.09479
23581 7.0956
23591 7.09641
23601 7.09724
23611 7.09804
23621 7.09886
23631 7.09969
23641 7.1005
23651 7.10131
23661 7.10213
23671 7.10294
23681 7.10376
23691 7.10459
23701 7.10541
23711 7.10623
23721 7.10704
23731 7.10786
23741 7.10867
23751 7.10947
23761 7.11028
23771 7.1111
23781 7.1119
23791 7.11271
23801 7.11353
23811 7.11434
23821 7.11518
23831 7.11601
23841 7.1168
23851 7.1176
23861 7.11842
23871 7.11922
23881 7.12004
23891 7.12085
23901 7.12165
23911 7.12245
23921 7.12327
23931 7.12408
23941 7.12489
23951 7.12571
23961 7.12653
23971 7.12733
23981 7.12814
23991 7.12895
24001 7.12976
24011 7.13059
24021 7.13139
24031 7.1322
24041 7.13299
24051 7.1338
24061 7.13462
24071 7.13541
24081 7.1362
24091 7.13703
24101 7.13783
24111 7.13863
24121 7.13944
24131 7.14023
24141 7.14102
24151 7.14181
24161 7.14264
24171 7.14343
24181 7.14423
24191 7.14503
24201 7.14582
24211 7.14662
24221 7.14744
24231 7.14824
24241 7.14903
24251 7.14983
24261 7.15061
24271 7.15141
24281 7.15219
24291 7.15299
24301 7.15379
24311 7.15458
24321 7.15537
24331 7.15615
24341 7.15694
24351 7.15774
24361 7.15853
24371 7.15934
24381 7.16012
24391 7.16091
24401 7.16171
24411 7.16252
24421 7.16331
24431 7.1641
24441 7.16489
24451 7.16569
24461 7.16649
24471 7.1673
24481 7.16808
24491 7.16889
24501 7.16967
24511 7.17046
24521 7.17126
24531 7.17205
24541 7.17284
24551 7.17362
24561 7.1744
24571 7.1752
24581 7.17599
24591 7.17678
24601 7.17757
24611 7.17835
24621 7.17913
24631 7.17992
24641 7.1807
24651 7.18148
24661 7.18226
24671 7.18303
24681 7.18381
24691 7.1846
24701 7.18537
24711 7.18616
24721 7.18694
24731 7.18773
24741 7.18851
24751 7.1893
24761 7.19007
24771 7.19086
24781 7.19163
24791 7.19239
24801 7.19316
24811 7.19393
24821 7.1947
24831 7.19548
24841 7.19626
24851 7.19704
24861 7.19782
24871 7.19861
24881 7.1994
24891 7.20017
24901 7.20097
24911 7.20174
24921 7.20251
24931 7.2033
24941 7.20409
24951 7.20487
24961 7.20564
24971 7.2064
24981 7.20717
24991 7.20795
25001 7.20873
25011 7.20949
25021 7.21027
25031 7.21104
25041 7.21183
25051 7.21262
25061 7.21339
25071 7.21417
25081 7.21493
25091 7.2157
25101 7.21648
25111 7.21725
25121 7.21803
25131 7.21878
25141 7.21955
25151 7.22031
25161 7.22109
25171 7.22187
25181 7.22264
25191 7.22341
25201 7.22417
25211 7.22492
25221 7.22568
25231 7.22645
25241 7.22723
25251 7.22798
25261 7.22874
25271 7.22952
25281 7.2303
25291 7.23108
25301 7.23184
25311 7.23261
25321 7.23335
25331 7.23412
25341 7.23488
25351 7.23565
25361 7.23639
25371 7.23715
25381 7.23792
25391 7.23869
25401 7.23944
25411 7.24021
25421 7.24098
25431 7.24176
25441 7.24254
25451 7.24328
25461 7.24405
25471 7.2448
25481 7.24556
25491 7.24632
25501 7.24708
25511 7.24783
25521 7.24861
25531 7.24937
25541 7.25011
25551 7.25087
25561 7.25162
25571 7.25238
25581 7.25315
25591 7.25391
25601 7.25467
25611 7.25543
25621 7.25619
25631 7.25694
25641 7.2577
25651 7.25845
25661 7.25919
25671 7.25995
25681 7.26072
25691 7.26146
25701 7.26224
25711 7.26296
25721 7.26371
25731 7.26447
25741 7.26524
25751 7.26598
25761 7.26674
25771 7.26747
25781 7.26823
25791 7.26898
25801 7.26973
25811 7.27048
25821 7.27122
25831 7.27198
25841 7.27271
25851 7.27349
25861 7.27423
25871 7.27499
25881 7.27574
25891 7.27648
25901 7.27725
25911 7.27797
25921 7.27872
25931 7.27949
25941 7.28025
25951 7.28102
25961 7.28173
25971 7.28248
25981 7.28319
25991 7.28396
26001 7.28471
26011 7.28545
26021 7.2862
26031 7.28695
26041 7.28771
26051 7.28843
26061 7.28918
26071 7.28991
26081 7.29066
26091 7.29139
26101 7.29212
26111 7.29288
26121 7.2936
26131 7.29435
26141 7.29508
26151 7.29583
26161 7.29657
26171 7.29732
26181 7.29805
26191 7.2988
26201 7.29952
26211 7.30026
26221 7.30101
26231 7.30174
26241 7.30249
26251 7.30322
26261 7.30396
26271 7.30472
26281 7.30546
26291 7.30621
26301 7.30695
26311 7.3077
26321 7.30844
26331 7.30917
26341 7.3099
26351 7.31064
26361 7.31139
26371 7.31213
26381 7.31288
26391 7.31361
26401 7.31434
26411 7.31506
26421 7.31579
26431 7.31653
26441 7.31725
26451 7.31797
26461 7.31871
26471 7.31945
26481 7.32016
26491 7.32092
26501 7.32167
26511 7.32239
26521 7.32313
26531 7.32384
26541 7.32457
26551 7.32531
26561 7.32605
26571 7.32678
26581 7.32748
26591 7.32823
26601 7.32896
26611 7.32968
26621 7.33041
26631 7.33113
26641 7.33187
26651 7.3326
26661 7.33334
26671 7.33407
26681 7.3348
26691 7.33553
26701 7.33623
26711 7.33696
26721 7.33768
26731 7.33839
26741 7.33911
26751 7.33984
26761 7.34058
26771 7.34128
26781 7.34197
26791 7.3427
26801 7.34342
26811 7.34416
26821 7.34487
26831 7.34561
26841 7.34632
26851 7.34704
26861 7.34776
26871 7.34847
26881 7.34919
26891 7.34993
26901 7.35064
26911 7.35135
26921 7.35208
26931 7.35277
26941 7.35349
26951 7.35418
26961 7.35491
26971 7.35565
26981 7.35638
26991 7.3571
27001 7.35783
27011 7.35855
27021 7.35926
27031 7.35995
27041 7.36066
27051 7.36138
27061 7.3621
27071 7.36283
27081 7.36355
27091 7.36427
27101 7.36498
27111 7.36566
27121 7.36639
27131 7.36711
27141 7.36785
27151 7.36857
27161 7.36925
27171 7.36996
27181 7.3707
27191 7.37142
27201 7.37212
27211 7.37282
27221 7.37354
27231 7.37426
27241 7.37496
27251 7.37568
27261 7.37639
27271 7.3771
27281 7.37781
27291 7.37852
27301 7.37925
27311 7.37997
27321 7.38068
27331 7.38138
27341 7.38208
27351 7.38279
27361 7.38349
27371 7.38419
27381 7.3849
27391 7.38562
27401 7.38631
27411 7.38701
27421 7.38773
27431 7.38843
27441 7.38914
27451 7.38985
27461 7.39055
27471 7.39124
27481 7.39196
27491 7.39265
27501 7.39336
27511 7.39407
27521 7.39478
27531 7.39549
27541 7.39619
27551 7.3969
27561 7.39759
27571 7.3983
27581 7.39902
27591 7.39971
27601 7.40042
27611 7.40113
27621 7.40183
27631 7.40254
27641 7.40325
27651 7.40395
27661 7.40464
27671 7.40531
27681 7.40601
27691 7.40669
27701 7.40739
27711 7.40809
27721 7.40878
27731 7.40948
27741 7.41019
27751 7.4109
27761 7.41158
27771 7.41228
27781 7.41299
27791 7.41371
27801 7.41444
27811 7.41511
27821 7.41579
27831 7.4165
27841 7.41721
27851 7.41788
27861 7.4186
27871 7.41929
27881 7.41999
27891 7.42068
27901 7.42137
27911 7.42206
27921 7.42275
27931 7.42343
27941 7.42412
27951 7.42482
27961 7.42551
27971 7.42617
27981 7.42687
27991 7.42755
28001 7.42825
28011 7.42896
28021 7.42968
28031 7.43038
28041 7.43106
28051 7.43174
28061 7.43246
28071 7.43313
28081 7.43383
28091 7.43451
28101 7.43518
28111 7.4359
28121 7.43657
28131 7.43726
28141 7.43795
28151 7.43864
28161 7.43932
28171 7.44003
28181 7.44072
28191 7.44141
28201 7.44211
28211 7.44276
28221 7.44346
28231 7.44415
28241 7.44482
28251 7.44551
28261 7.4462
28271 7.4469
28281 7.44758
28291 7.44827
28301 7.44895
28311 7.44964
28321 7.45033
28331 7.451
28341 7.45167
28351 7.45236
28361 7.45306
28371 7.45374
28381 7.45442
28391 7.45511
28401 7.4558
28411 7.45649
28421 7.45718
28431 7.45786
28441 7.45853
28451 7.4592
28461 7.45989
28471 7.46058
28481 7.46125
28491 7.46197
28501 7.46263
28511 7.46332
28521 7.464
28531 7.46468
28541 7.46536
28551 7.46602
28561 7.4667
28571 7.46738
28581 7.46807
28591 7.46874
28601 7.46941
28611 7.47008
28621 7.47075
28631 7.47142
28641 7.47209
28651 7.47276
28661 7.47343
28671 7.47411
28681 7.4748
28691 7.47547
28701 7.47615
28711 7.47683
28721 7.47751
28731 7.47819
28741 7.47887
28751 7.47954
28761 7.48022
28771 7.48089
28781 7.48158
28791 7.48225
28801 7.48294
28811 7.48362
28821 7.4843
28831 7.48494
28841 7.48561
28851 7.48629
28861 7.48694
28871 7.48763
28881 7.48831
28891 7.48898
28901 7.48965
28911 7.49032
28921 7.49099
28931 7.49166
28941 7.49233
28951 7.49299
28961 7.49367
28971 7.49432
28981 7.495
28991 7.49566
29001 7.49634
29011 7.49701
29021 7.49769
29031 7.49834
29041 7.499
29051 7.49967
29061 7.50036
29071 7.50102
29081 7.50165
29091 7.50232
29101 7.50298
29111 7.50368
29121 7.50436
29131 7.50502
29141 7.50567
29151 7.50635
29161 7.507
29171 7.50768
29181 7.50834
29191 7.50902
29201 7.50969
29211 7.51034
29221 7.511
29231 7.51166
29241 7.51234
29251 7.51301
29261 7.51367
29271 7.51434
29281 7.51499
29291 7.51567
29301 7.51634
29311 7.51699
29321 7.51763
29331 7.51829
29341 7.51897
29351 7.51962
29361 7.52029
29371 7.52096
29381 7.52164
29391 7.52232
29401 7.52296
29411 7.5236
29421 7.52425
29431 7.52492
29441 7.52558
29451 7.52625
29461 7.52688
29471 7.52755
29481 7.5282
29491 7.52885
29501 7.52952
29511 7.53016
29521 7.53082
29531 7.53149
29541 7.53215
29551 7.5328
29561 7.53345
29571 7.5341
29581 7.53477
29591 7.53543
29601 7.53607
29611 7.53673
29621 7.53738
29631 7.53803
29641 7.5387
29651 7.53934
29661 7.53998
29671 7.54065
29681 7.54132
29691 7.54196
29701 7.54262
29711 7.54328
29721 7.54392
29731 7.54456
29741 7.54523
29751 7.54588
29761 7.54652
29771 7.54718
29781 7.54783
29791 7.54849
29801 7.54914
29811 7.54977
29821 7.55044
29831 7.55107
29841 7.55173
29851 7.5524
29861 7.55303
29871 7.55369
29881 7.55434
29891 7.55499
29901 7.55564
29911 7.55631
29921 7.55697
29931 7.5576
29941 7.55826
29951 7.5589
29961 7.55954
29971 7.56019
29981 7.56082
29991 7.56144
