1 110.164
11 19.6216
21 11.0469
31 8.7539
41 7.87486
51 7.45064
61 7.22076
71 7.08025
81 6.99768
91 6.94854
101 6.91897
111 6.89068
121 6.87432
131 6.85798
141 6.85514
151 6.84447
161 6.84825
171 6.84091
181 6.83906
191 6.83483
201 6.83562
211 6.84739
221 6.83829
231 6.84039
241 6.83831
251 6.84313
261 6.84563
271 6.83885
281 6.8415
291 6.82927
301 6.83775
311 6.84379
321 6.84832
331 6.84212
341 6.8415
351 6.84111
361 6.84828
371 6.84541
381 6.84731
391 6.84174
401 6.8527
411 6.85341
421 6.84426
431 6.84979
441 6.8472
451 6.84426
461 6.8452
471 6.84255
481 6.85394
491 6.84819
501 6.85783
511 6.84706
521 6.85044
531 6.84823
541 6.84732
551 6.84441
561 6.85114
571 6.85146
581 6.85883
591 6.84998
601 6.85126
611 6.85627
621 6.84902
631 6.85744
641 6.84909
651 6.85198
661 6.84632
671 6.85092
681 6.85099
691 6.85108
701 6.84932
711 6.84989
721 6.84997
731 6.84908
741 6.8417
751 6.84487
761 6.8486
771 6.85511
781 6.85785
791 6.85181
801 6.85763
811 6.85159
821 6.84723
831 6.85044
841 6.85353
851 6.84521
861 6.85163
871 6.85253
881 6.86168
891 6.84958
901 6.85457
911 6.8434
921 6.84112
931 6.84809
941 6.85748
951 6.84778
961 6.84895
971 6.85791
981 6.84827
991 6.8497
