1 2192.46
10001 237.215
20001 156.414
30001 117.961
40001 94.4263
50001 78.5345
60001 67.0032
70001 58.2246
80001 51.2881
90001 45.6528
100001 40.99
110001 37.091
120001 33.7788
130001 30.9439
140001 28.5003
150001 26.3971
160001 24.5435
170001 22.9624
180001 21.5738
190001 20.2604
200001 19.0794
210001 18.0433
220001 17.094
230001 16.2988
240001 15.5901
250001 14.8592
260001 14.1917
270001 13.6468
280001 13.0528
290001 12.525
300001 12.0439
310001 11.672
320001 11.2795
330001 10.9704
340001 10.6659
350001 10.2809
360001 10.0233
370001 9.65085
380001 9.41452
390001 9.15891
400001 8.98947
410001 8.99602
420001 8.79242
430001 8.66912
440001 8.42752
450001 8.12353
460001 7.90167
470001 7.69804
480001 7.606
490001 7.59287
500001 7.43749
510001 7.30138
520001 7.09405
530001 6.94306
540001 6.82275
550001 6.69153
560001 6.67404
570001 6.5792
580001 6.51013
590001 6.54851
600001 6.47406
610001 6.42566
620001 6.45767
630001 6.38702
640001 6.25458
650001 6.23982
660001 6.00261
670001 6.10752
680001 6.10616
690001 6.0171
700001 5.85233
710001 5.92645
720001 5.72626
730001 5.62664
740001 5.52583
750001 5.44211
760001 5.53005
770001 5.61503
780001 5.53932
790001 5.52277
800001 5.36852
810001 5.31654
820001 5.2771
830001 5.22979
840001 5.24416
850001 5.58824
860001 5.55722
870001 5.52534
880001 5.505
890001 5.36506
900001 5.27541
910001 5.09722
920001 5.02331
930001 5.03023
940001 5.19034
950001 5.13092
960001 5.01858
970001 4.91896
980001 4.84626
990001 4.73637
1000001 4.87189
1010001 4.83054
1020001 4.85036
1030001 4.85949
1040001 5.06335
1050001 4.88888
1060001 5.12644
1070001 5.1491
1080001 4.95857
1090001 5.01646
1100001 4.83328
1110001 4.83163
1120001 4.94663
1130001 5.01145
1140001 4.83838
1150001 4.74615
1160001 4.74524
1170001 4.6923
1180001 4.58277
1190001 4.52766
1200001 4.65302
1210001 4.71903
1220001 4.73359
1230001 4.77823
1240001 4.60015
1250001 4.56232
1260001 4.58596
1270001 4.5174
1280001 4.57982
1290001 4.73711
1300001 4.93899
1310001 4.87097
1320001 4.94286
1330001 4.83753
1340001 4.78558
1350001 4.56598
1360001 4.48839
1370001 4.51335
1380001 4.68837
1390001 4.65881
1400001 4.5281
1410001 4.44009
1420001 4.37677
1430001 4.30463
1440001 4.30429
1450001 4.39748
1460001 4.45658
1470001 4.41721
1480001 4.54366
1490001 4.52461
1500001 4.7713
1510001 4.78949
1520001 4.5491
1530001 4.58415
1540001 4.52546
1550001 4.53413
1560001 4.60643
1570001 4.71905
1580001 4.5366
1590001 4.46243
1600001 4.48112
1610001 4.41037
1620001 4.29181
1630001 4.24246
1640001 4.37522
1650001 4.46591
1660001 4.47526
1670001 4.54504
1680001 4.35738
1690001 4.43683
1700001 4.20393
1710001 4.27711
1720001 4.34961
1730001 4.32583
1740001 4.72519
1750001 4.66679
1760001 4.73894
1770001 4.64956
1780001 4.49414
1790001 4.37344
1800001 4.29189
1810001 4.32349
1820001 4.51378
1830001 4.49869
1840001 4.38548
1850001 4.25898
1860001 4.15055
1870001 4.13986
1880001 4.14025
1890001 4.22777
1900001 4.20356
1910001 4.27101
1920001 4.34793
1930001 4.40044
1940001 4.58106
1950001 4.69828
1960001 4.52287
1970001 4.4376
1980001 4.46354
1990001 4.37734
2000001 4.48115
2010001 4.61533
2020001 4.47495
2030001 4.33024
2040001 4.38653
2050001 4.28578
2060001 4.20162
2070001 4.13184
2080001 4.2635
2090001 4.22974
2100001 4.36479
2110001 4.42812
2120001 4.28193
2130001 4.33349
2140001 4.13111
2150001 4.16648
2160001 4.1295
2170001 4.22801
2180001 4.59708
2190001 4.57607
2200001 4.67231
2210001 4.56644
2220001 4.41727
2230001 4.33773
2240001 4.2323
2250001 4.28206
2260001 4.42993
2270001 4.35937
2280001 4.33062
2290001 4.1861
2300001 4.11419
2310001 4.086
2320001 4.03437
2330001 4.14474
2340001 4.14175
2350001 4.16688
2360001 4.33403
2370001 4.34269
2380001 4.53044
2390001 4.48968
2400001 4.46342
2410001 4.38276
2420001 4.44735
2430001 4.21507
2440001 4.42046
2450001 4.48204
2460001 4.43195
2470001 4.27756
2480001 4.41465
2490001 4.22131
2500001 4.15085
2510001 4.07762
2520001 4.02298
2530001 4.17453
2540001 4.32658
2550001 4.27657
2560001 4.2993
2570001 4.154
2580001 4.12752
2590001 4.11209
2600001 4.09254
2610001 4.14511
2620001 4.57589
2630001 4.56933
2640001 4.55923
2650001 4.56984
2660001 4.44158
2670001 4.37344
2680001 4.19559
2690001 4.12745
2700001 4.16185
2710001 4.35984
2720001 4.31522
2730001 4.20792
2740001 4.11496
2750001 4.05278
2760001 3.94778
2770001 4.12064
2780001 4.09331
2790001 4.1338
2800001 4.16217
2810001 4.40743
2820001 4.227
2830001 4.4984
2840001 4.52843
2850001 4.34189
2860001 4.42109
2870001 4.23643
2880001 4.24791
2890001 4.38407
2900001 4.46754
2910001 4.2895
2920001 4.19844
2930001 4.20699
2940001 4.16093
2950001 4.05336
2960001 4.0035
2970001 4.1482
2980001 4.23227
2990001 4.25574
3000001 4.31584
3010001 4.1339
3020001 4.10135
3030001 4.13227
3040001 4.06759
3050001 4.14472
3060001 4.32011
3070001 4.54111
3080001 4.47628
3090001 4.55926
3100001 4.45723
3110001 4.38419
3120001 4.18953
3130001 4.11436
3140001 4.13992
3150001 4.3351
3160001 4.31066
3170001 4.17835
3180001 4.09107
3190001 4.02973
3200001 3.9595
3210001 3.96428
3220001 4.06899
3230001 4.13684
3240001 4.10088
3250001 4.23885
3260001 4.22363
3270001 4.484
3280001 4.50177
3290001 4.25905
3300001 4.30103
3310001 4.2465
3320001 4.25904
3330001 4.33827
3340001 4.45522
3350001 4.27372
3360001 4.19961
3370001 4.22163
3380001 4.15249
3390001 4.03165
3400001 3.98552
3410001 4.12648
3420001 4.22476
3430001 4.2384
3440001 4.31416
3450001 4.12405
3460001 4.20823
3470001 3.97076
3480001 4.0486
3490001 4.12753
3500001 4.1065
3510001 4.52125
3520001 4.46367
3530001 4.54032
3540001 4.4514
3550001 4.29722
3560001 4.17601
3570001 4.09552
3580001 4.13014
3590001 4.32791
3600001 4.31482
3610001 4.20016
3620001 4.07289
3630001 3.96366
3640001 3.95108
3650001 3.95799
3660001 4.05059
3670001 4.02766
3680001 4.09937
3690001 4.17941
3700001 4.23631
3710001 4.42148
3720001 4.54104
3730001 4.36392
3740001 4.27963
3750001 4.30968
3760001 4.22305
3770001 4.33098
3780001 4.4696
3790001 4.32774
3800001 4.1822
3810001 4.23999
3820001 4.13946
3830001 4.05527
3840001 3.98452
3850001 4.12271
3860001 4.08964
3870001 4.22883
3880001 4.29455
3890001 4.14812
3900001 4.20154
3910001 3.9966
3920001 4.03366
3930001 3.99788
3940001 4.0998
3950001 4.4763
3960001 4.45712
3970001 4.5562
3980001 4.45066
3990001 4.30099
4000001 4.22176
4010001 4.11702
4020001 4.16872
4030001 4.31968
4040001 4.24574
4050001 4.22101
4060001 4.06142
4070001 4.00352
4080001 3.97643
4090001 3.92485
4100001 4.03798
4110001 4.03638
4120001 4.06295
4130001 4.22789
4140001 4.24386
4150001 4.43391
4160001 4.39299
4170001 4.36625
4180001 4.28641
4190001 4.34708
4200001 4.11921
4210001 4.32575
4220001 4.39144
4230001 4.34199
4240001 4.18656
4250001 4.32513
4260001 4.13044
4270001 4.06027
4280001 3.98773
4290001 3.93324
4300001 4.08556
4310001 4.24187
4320001 4.19225
4330001 4.21614
4340001 4.07071
4350001 4.04362
4360001 4.0286
4370001 4.00972
4380001 4.06428
4390001 4.49968
4400001 4.49451
4410001 4.48514
4420001 4.49621
4430001 4.36124
4440001 4.30061
4450001 4.12269
4460001 4.05423
4470001 4.0899
4480001 4.29029
4490001 4.24595
4500001 4.13797
4510001 4.04467
4520001 3.98288
4530001 3.87732
4540001 4.0523
4550001 4.02562
4560001 4.06699
4570001 4.09618
4580001 4.3443
4590001 4.16244
4600001 4.43446
4610001 4.46601
4620001 4.27817
4630001 4.36052
4640001 4.17527
4650001 4.18669
4660001 4.32465
4670001 4.40939
4680001 4.22993
4690001 4.13889
4700001 4.14827
4710001 4.07646
4720001 3.99471
4730001 3.94463
4740001 4.09122
4750001 4.17628
4760001 4.20014
4770001 4.2613
4780001 4.07861
4790001 4.0458
4800001 4.07749
4810001 4.01191
4820001 4.09174
4830001 4.49019
4840001 4.49124
4850001 4.42651
4860001 4.51065
4870001 4.40826
4880001 4.33571
4890001 4.14081
4900001 4.06583
4910001 4.09197
4920001 4.28856
4930001 4.26441
4940001 4.13185
4950001 4.0444
4960001 3.9827
4970001 3.91245
4980001 3.91723
4990001 4.02344
5000001 4.0922
5010001 4.05595
5020001 4.19596
5030001 4.18047
5040001 4.44178
5050001 4.45967
5060001 4.21666
5070001 4.25934
5080001 4.20521
5090001 4.21787
5100001 4.29769
5110001 4.41204
5120001 4.23341
5130001 4.15904
5140001 4.18116
5150001 4.11226
5160001 3.99213
5170001 3.94562
5180001 4.08744
5190001 4.18667
5200001 4.20045
5210001 4.27667
5220001 4.08637
5230001 4.17062
5240001 3.93283
5250001 4.01095
5260001 4.09057
5270001 4.06983
5280001 4.48693
5290001 4.42896
5300001 4.50638
5310001 4.41737
5320001 4.25944
5330001 4.13795
5340001 4.06198
5350001 4.09715
5360001 4.29564
5370001 4.28364
5380001 4.16842
5390001 4.04072
5400001 3.93127
5410001 3.91874
5420001 3.926
5430001 4.01932
5440001 3.99647
5450001 4.06579
5460001 4.14886
5470001 4.2066
5480001 4.39274
5490001 4.51195
5500001 4.33433
5510001 4.23733
5520001 4.28097
5530001 4.19323
5540001 4.30296
5550001 4.44181
5560001 4.29945
5570001 4.15426
5580001 4.21192
5590001 4.1113
5600001 4.0133
5610001 3.95682
5620001 4.09551
5630001 4.06268
5640001 4.20175
5650001 4.26803
5660001 4.12156
5670001 4.17489
5680001 3.96776
5690001 4.00661
5700001 3.97157
5710001 4.07396
5720001 4.4521
5730001 4.43273
5740001 4.53204
5750001 4.42659
5760001 4.26687
5770001 4.19797
5780001 4.09337
5790001 4.14543
5800001 4.29724
5810001 4.22244
5820001 4.1984
5830001 4.03885
5840001 3.97826
5850001 3.95366
5860001 3.90206
5870001 4.01567
5880001 4.01412
5890001 4.04115
5900001 4.17939
5910001 4.22243
5920001 4.41294
5930001 4.37198
5940001 4.34513
5950001 4.2655
5960001 4.32663
5970001 4.09815
5980001 4.30592
5990001 4.37074
6000001 4.32195
6010001 4.16621
6020001 4.30494
6030001 4.11005
6040001 4.03613
6050001 3.96766
6060001 3.91337
6070001 4.0666
6080001 4.22258
6090001 4.17345
6100001 4.19732
6110001 4.0518
6120001 4.02431
6130001 4.00934
6140001 3.99076
6150001 4.04528
6160001 4.48207
6170001 4.477
6180001 4.46749
6190001 4.47886
6200001 4.34414
6210001 4.2833
6220001 4.10568
6230001 4.03733
6240001 4.07323
6250001 4.27393
6260001 4.22978
6270001 4.1215
6280001 4.02825
6290001 3.96459
6300001 3.86071
6310001 4.03638
6320001 4.00978
6330001 4.05088
6340001 4.08047
6350001 4.32867
6360001 4.14623
6370001 4.41898
6380001 4.45093
6390001 4.28801
6400001 4.34536
6410001 4.15548
6420001 4.17307
6430001 4.30132
6440001 4.39481
6450001 4.21516
6460001 4.12402
6470001 4.13334
6480001 4.06154
6490001 3.98003
6500001 3.93029
6510001 4.0769
6520001 4.1619
6530001 4.18592
6540001 4.24729
6550001 4.06472
6560001 4.03147
6570001 4.06343
6580001 3.99755
6590001 4.07779
6600001 4.47667
6610001 4.47798
6620001 4.41366
6630001 4.4975
6640001 4.39528
6650001 4.32303
6660001 4.12827
6670001 4.05333
6680001 4.07968
6690001 4.27644
6700001 4.25242
6710001 4.12003
6720001 4.03241
6730001 3.97062
6740001 3.90067
6750001 3.90536
6760001 4.01136
6770001 4.08017
6780001 4.04456
6790001 4.18429
6800001 4.16881
6810001 4.43027
6820001 4.4484
6830001 4.20531
6840001 4.24787
6850001 4.19393
6860001 4.20664
6870001 4.28661
6880001 4.40088
6890001 4.2224
6900001 4.14821
6910001 4.17
6920001 4.10133
6930001 3.98128
6940001 3.93461
6950001 4.07674
6960001 4.17618
6970001 4.18972
6980001 4.26608
6990001 4.07611
7000001 4.16013
7010001 3.92199
7020001 4.00058
7030001 4.08
7040001 4.05939
7050001 4.47715
7060001 4.41923
7070001 4.49647
7080001 4.40748
7090001 4.24973
7100001 4.12785
7110001 4.05248
7120001 4.08783
7130001 4.28634
7140001 4.27467
7150001 4.15948
7160001 4.03164
7170001 3.92223
7180001 3.90985
7190001 3.91688
7200001 4.01006
7210001 3.98753
7220001 4.05706
7230001 4.14005
7240001 4.19784
7250001 4.38425
7260001 4.50162
7270001 4.32574
7280001 4.22877
7290001 4.27256
7300001 4.18448
7310001 4.29439
7320001 4.43315
7330001 4.29106
7340001 4.14585
7350001 4.20338
7360001 4.09964
7370001 4.00493
7380001 3.94869
7390001 4.08746
7400001 4.05476
7410001 4.19363
7420001 4.25977
7430001 4.11298
7440001 4.1663
7450001 3.95978
7460001 3.99865
7470001 3.96363
7480001 4.0661
7490001 4.44434
7500001 4.42515
7510001 4.52429
7520001 4.41907
7530001 4.25949
7540001 4.19054
7550001 4.08581
7560001 4.13792
7570001 4.29018
7580001 4.21554
7590001 4.19154
7600001 4.03168
7610001 3.97139
7620001 3.94665
7630001 3.895
7640001 4.00893
7650001 4.00712
7660001 4.03458
7670001 4.17184
7680001 4.21589
7690001 4.40751
7700001 4.36533
7710001 4.33804
7720001 4.25842
7730001 4.32042
7740001 4.09119
7750001 4.2994
7760001 4.36357
7770001 4.31551
7780001 4.15942
7790001 4.29829
7800001 4.10333
7810001 4.02955
7820001 3.96093
7830001 3.90753
7840001 4.06049
7850001 4.20486
7860001 4.16704
7870001 4.19091
7880001 4.04551
7890001 4.01798
7900001 4.00312
7910001 3.98469
7920001 4.03917
7930001 4.4761
7940001 4.47079
7950001 4.4615
7960001 4.47301
7970001 4.33793
7980001 4.27747
7990001 4.09998
8000001 4.03176
8010001 4.06787
8020001 4.26845
8030001 4.2244
8040001 4.11616
8050001 4.0228
8060001 3.95912
8070001 3.85524
8080001 4.03091
8090001 4.0044
8100001 4.04606
8110001 4.07493
8120001 4.32346
8130001 4.14094
8140001 4.41372
8150001 4.3668
8160001 4.2826
8170001 4.3403
8180001 4.15001
8190001 4.16627
8200001 4.2961
8210001 4.38945
8220001 4.21014
8230001 4.11872
8240001 4.12752
8250001 4.05566
8260001 3.97515
8270001 3.92531
8280001 4.07191
8290001 4.15683
8300001 4.18078
8310001 4.2424
8320001 4.06003
8330001 4.02651
8340001 4.05839
8350001 3.9926
8360001 4.07287
8370001 4.47128
8380001 4.47317
8390001 4.40917
8400001 4.49108
8410001 4.39043
8420001 4.31824
8430001 4.12368
8440001 4.0486
8450001 4.07536
8460001 4.27201
8470001 4.24814
8480001 4.1158
8490001 4.02806
8500001 3.96623
8510001 3.89632
8520001 3.90097
8530001 4.00675
8540001 4.07253
8550001 4.05484
8560001 4.18014
8570001 4.16442
8580001 4.42597
8590001 4.4442
8600001 4.20111
8610001 4.24353
8620001 4.18965
8630001 4.20256
8640001 4.28254
8650001 4.39667
8660001 4.2182
8670001 4.14415
8680001 4.16602
8690001 4.09708
8700001 3.97747
8710001 3.93105
8720001 4.07327
8730001 4.17225
8740001 4.18561
8750001 4.26197
8760001 4.0723
8770001 4.15629
8780001 3.91793
8790001 3.99651
8800001 4.07508
8810001 4.05565
8820001 4.47329
8830001 4.4154
8840001 4.49237
8850001 4.40365
8860001 4.24603
8870001 4.12408
8880001 4.04939
8890001 4.08432
8900001 4.28313
8910001 4.27132
8920001 4.15678
8930001 4.02841
8940001 3.91895
8950001 3.90644
8960001 3.91341
8970001 4.00657
8980001 3.98388
8990001 4.05387
9000001 4.13651
9010001 4.19434
9020001 4.38048
9030001 4.49837
9040001 4.24269
9050001 4.22562
9060001 4.26932
9070001 4.18078
9080001 4.29143
9090001 4.42963
9100001 4.28775
9110001 4.1426
9120001 4.19993
9130001 4.09615
9140001 4.0004
9150001 3.94671
9160001 4.08462
9170001 4.05155
9180001 4.19049
9190001 4.25642
9200001 4.10982
9210001 4.16087
9220001 3.9563
9230001 3.99552
9240001 3.96014
9250001 4.06287
9260001 4.44071
9270001 4.42207
9280001 4.52113
9290001 4.4157
9300001 4.25636
9310001 4.18193
9320001 4.08244
9330001 4.13496
9340001 4.28741
9350001 4.21263
9360001 4.18878
9370001 4.02884
9380001 3.96885
9390001 3.94379
9400001 3.89215
9410001 4.00626
9420001 4.00381
9430001 4.03202
9440001 4.16913
9450001 4.21283
9460001 4.40496
9470001 4.36251
9480001 4.33513
9490001 4.25538
9500001 4.30549
9510001 4.0882
9520001 4.29619
9530001 4.36077
9540001 4.31247
9550001 4.14278
9560001 4.29531
9570001 4.10058
9580001 4.02693
9590001 3.95801
9600001 3.90515
9610001 4.05794
9620001 4.20228
9630001 4.16371
9640001 4.18826
9650001 4.04278
9660001 4.01546
9670001 4.00115
9680001 3.98181
9690001 4.03616
9700001 4.47687
9710001 4.46788
9720001 4.45906
9730001 4.47058
9740001 4.33528
9750001 4.27508
9760001 4.0975
9770001 4.02952
9780001 4.06559
9790001 4.26615
9800001 4.22198
9810001 4.11389
9820001 4.02033
9830001 3.95682
9840001 3.85305
9850001 4.02868
9860001 4.00194
9870001 4.04363
9880001 4.07276
9890001 4.32151
9900001 4.13851
9910001 4.41134
9920001 4.36457
9930001 4.28027
9940001 4.33789
9950001 4.1133
9960001 4.16419
9970001 4.29453
9980001 4.38648
9990001 4.1991
