1 31.238
10001 4.81501
20001 2.90881
30001 2.19643
40001 1.80801
50001 1.58336
60001 1.47074
70001 1.34626
80001 1.20299
90001 1.1576
100001 1.09976
110001 1.09463
120001 1.07129
130001 0.932265
140001 0.933145
150001 0.870541
160001 0.883721
170001 0.969349
180001 0.866386
190001 0.795836
200001 0.83234
210001 0.915894
220001 0.918065
230001 0.76064
240001 0.805819
250001 0.798613
260001 0.735107
270001 0.785238
280001 0.813821
290001 0.772386
300001 0.732774
310001 0.824409
320001 0.81764
330001 0.771817
340001 0.794128
350001 0.71104
360001 0.748966
370001 0.704724
380001 0.744788
390001 0.806991
400001 0.710372
410001 0.700845
420001 0.703921
430001 0.884417
440001 0.906268
450001 0.715796
460001 0.712777
470001 0.805153
480001 0.711892
490001 0.752971
500001 0.800104
510001 0.756007
520001 0.769065
530001 0.795056
540001 0.776324
550001 0.7942
560001 0.74084
570001 0.713243
580001 0.749417
590001 0.707158
600001 0.760228
610001 0.81103
620001 0.715898
630001 0.745563
640001 0.760793
650001 0.8914
660001 0.911462
670001 0.727946
680001 0.723989
690001 0.815445
700001 0.723353
710001 0.764524
720001 0.763533
730001 0.822203
740001 0.737975
750001 0.860816
760001 0.723843
770001 0.807054
780001 0.794106
790001 0.728417
800001 0.766426
810001 0.721076
820001 0.774162
830001 0.824751
840001 0.730545
850001 0.722627
860001 0.78224
870001 0.904145
880001 0.923848
890001 0.761554
900001 0.737591
910001 0.828334
920001 0.743482
930001 0.727999
940001 0.846254
950001 0.822927
960001 0.809496
970001 0.81998
980001 0.749591
990001 0.858383
1000001 0.823122
1010001 0.777424
1020001 0.789089
1030001 0.735131
1040001 0.787754
1050001 0.836444
1060001 0.759204
1070001 0.734827
1080001 0.735453
1090001 0.881181
1100001 0.948557
1110001 0.777785
1120001 0.751833
1130001 0.839564
1140001 0.756203
1150001 0.739386
1160001 0.801838
1170001 0.838799
1180001 0.826236
1190001 0.83358
1200001 0.749386
1210001 0.83115
1220001 0.837382
1230001 0.789385
1240001 0.800796
1250001 0.747514
1260001 0.745552
1270001 0.866524
1280001 0.80677
1290001 0.746497
1300001 0.747703
1310001 0.899685
1320001 0.916939
1330001 0.822791
1340001 0.765064
1350001 0.807171
1360001 0.767417
1370001 0.751176
1380001 0.764724
1390001 0.848561
1400001 0.863667
1410001 0.763997
1420001 0.808045
1430001 0.854147
1440001 0.883817
1450001 0.841003
1460001 0.76566
1470001 0.777007
1480001 0.761622
1490001 0.825539
1500001 0.866284
1510001 0.757363
1520001 0.759693
1530001 0.899999
1540001 0.876424
1550001 0.873692
1560001 0.772575
1570001 0.816424
1580001 0.779456
1590001 0.760928
1600001 0.775284
1610001 0.860433
1620001 0.853723
1630001 0.776197
1640001 0.81872
1650001 0.849052
1660001 0.896198
1670001 0.849892
1680001 0.769262
1690001 0.805024
1700001 0.771082
1710001 0.852394
1720001 0.928808
1730001 0.865078
1740001 0.765937
1750001 0.814715
1760001 0.895289
1770001 0.895808
1780001 0.771523
1790001 0.824741
1800001 0.805529
1810001 0.769612
1820001 0.789552
1830001 0.866473
1840001 0.860558
1850001 0.784567
1860001 0.820277
1870001 0.824647
1880001 0.875354
1890001 0.897409
1900001 0.777111
1910001 0.812653
1920001 0.772435
1930001 0.812352
1940001 0.921825
1950001 0.83122
1960001 0.773657
1970001 0.822507
1980001 0.915931
1990001 0.928175
2000001 0.782322
2010001 0.833779
2020001 0.833869
2030001 0.777801
2040001 0.830387
2050001 0.861297
2060001 0.826448
2070001 0.792576
2080001 0.883229
2090001 0.878193
2100001 0.836586
2110001 0.859349
2120001 0.784001
2130001 0.821482
2140001 0.781008
2150001 0.820202
2160001 0.878103
2170001 0.789138
2180001 0.781102
2190001 0.784508
2200001 0.952986
2210001 0.97408
2220001 0.79655
2230001 0.794186
2240001 0.880904
2250001 0.793457
2260001 0.831876
2270001 0.875399
2280001 0.834168
2290001 0.846976
2300001 0.871081
2310001 0.889569
2320001 0.837056
2330001 0.819969
2340001 0.79433
2350001 0.828481
2360001 0.788501
2370001 0.838416
2380001 0.884281
2390001 0.795949
2400001 0.823721
2410001 0.837042
2420001 0.959123
2430001 0.977698
2440001 0.805353
2450001 0.801609
2460001 0.887337
2470001 0.800316
2480001 0.838665
2490001 0.836991
2500001 0.892148
2510001 0.812635
2520001 0.928146
2530001 0.799085
2540001 0.875752
2550001 0.865323
2560001 0.802459
2570001 0.838447
2580001 0.795253
2590001 0.845331
2600001 0.891358
2610001 0.803052
2620001 0.795671
2630001 0.850949
2640001 0.965723
2650001 0.984087
2660001 0.830379
2670001 0.807988
2680001 0.89344
2690001 0.812684
2700001 0.798297
2710001 0.910032
2720001 0.886489
2730001 0.874487
2740001 0.883592
2750001 0.809399
2760001 0.918611
2770001 0.887523
2780001 0.842157
2790001 0.854229
2800001 0.802426
2810001 0.852215
2820001 0.896988
2830001 0.82375
2840001 0.801224
2850001 0.801558
2860001 0.937804
2870001 1.0032
2880001 0.840283
2890001 0.815793
2900001 0.899051
2910001 0.819324
2920001 0.803678
2930001 0.862802
2940001 0.896588
2950001 0.885564
2960001 0.891747
2970001 0.811791
2980001 0.888735
2990001 0.894589
3000001 0.84875
3010001 0.860544
3020001 0.809249
3030001 0.807352
3040001 0.913453
3050001 0.864165
3060001 0.80753
3070001 0.808569
3080001 0.958898
3090001 0.969207
3100001 0.878588
3110001 0.823932
3120001 0.863891
3130001 0.825576
3140001 0.810467
3150001 0.823075
3160001 0.902052
3170001 0.917026
3180001 0.821837
3190001 0.817645
3200001 0.907103
3210001 0.935795
3220001 0.893764
3230001 0.822566
3240001 0.833281
3250001 0.81855
3260001 0.87909
3270001 0.917882
3280001 0.814045
3290001 0.816041
3300001 0.949477
3310001 0.926783
3320001 0.923569
3330001 0.827562
3340001 0.869236
3350001 0.833557
3360001 0.816196
3370001 0.829593
3380001 0.910218
3390001 0.911131
3400001 0.828925
3410001 0.870412
3420001 0.89899
3430001 0.944676
3440001 0.899521
3450001 0.822732
3460001 0.857192
3470001 0.824354
3480001 0.90185
3490001 0.974755
3500001 0.914056
3510001 0.819644
3520001 0.865623
3530001 0.942116
3540001 0.942122
3550001 0.823577
3560001 0.874245
3570001 0.855392
3580001 0.821414
3590001 0.840202
3600001 0.913305
3610001 0.907601
3620001 0.835065
3630001 0.869273
3640001 0.872914
3650001 0.921682
3660001 0.942982
3670001 0.827392
3680001 0.861726
3690001 0.829232
3700001 0.860904
3710001 0.965737
3720001 0.87913
3730001 0.82348
3740001 0.870453
3750001 0.959479
3760001 0.971121
3770001 0.831079
3780001 0.880323
3790001 0.880529
3800001 0.826586
3810001 0.876662
3820001 0.90623
3830001 0.872535
3840001 0.840173
3850001 0.927249
3860001 0.922376
3870001 0.881814
3880001 0.903724
3890001 0.830945
3900001 0.867714
3910001 0.828458
3920001 0.866029
3930001 0.921058
3940001 0.835855
3950001 0.82828
3960001 0.831261
3970001 0.993365
3980001 1.01365
3990001 0.842065
4000001 0.840051
4010001 0.92353
4020001 0.839116
4030001 0.875998
4040001 0.917563
4050001 0.877718
4060001 0.890386
4070001 0.913293
4080001 0.931252
4090001 0.880179
4100001 0.863941
4110001 0.839003
4120001 0.871995
4130001 0.832952
4140001 0.881586
4150001 0.925022
4160001 0.840179
4170001 0.86716
4180001 0.87959
4190001 0.997441
4200001 1.01526
4210001 0.848668
4220001 0.845057
4230001 0.927757
4240001 0.843604
4250001 0.880536
4260001 0.878627
4270001 0.932003
4280001 0.855074
4290001 0.966524
4300001 0.84186
4310001 0.915352
4320001 0.906316
4330001 0.844891
4340001 0.876236
4350001 0.837864
4360001 0.88626
4370001 0.930007
4380001 0.845011
4390001 0.88524
4400001 0.891222
4410001 1.00208
4420001 1.01974
4430001 0.870782
4440001 0.849227
4450001 0.931868
4460001 0.853506
4470001 0.885466
4480001 0.947962
4490001 0.924402
4500001 0.913555
4510001 0.921698
4520001 0.849938
4530001 0.954936
4540001 0.926393
4550001 0.869665
4560001 0.893418
4570001 0.842905
4580001 0.890958
4590001 0.933866
4600001 0.863037
4610001 0.841471
4620001 0.841719
4630001 0.973
4640001 1.0369
4650001 0.878596
4660001 0.855008
4670001 0.93566
4680001 0.858178
4690001 0.84318
4700001 0.900495
4710001 0.932572
4720001 0.922544
4730001 0.928
4740001 0.850555
4750001 0.924724
4760001 0.931603
4770001 0.885882
4780001 0.897868
4790001 0.847807
4800001 0.845927
4810001 0.948411
4820001 0.900438
4830001 0.845853
4840001 0.846794
4850001 0.992128
4860001 1.00231
4870001 0.914016
4880001 0.859638
4890001 0.899919
4900001 0.862528
4910001 0.848116
4920001 0.860316
4930001 0.936375
4940001 0.951443
4950001 0.858821
4960001 0.854667
4970001 0.941189
4980001 0.969492
4990001 0.928129
5000001 0.859209
5010001 0.869542
5020001 0.85523
5030001 0.913823
5040001 0.951618
5050001 0.850169
5060001 0.852496
5070001 0.981887
5080001 0.957909
5090001 0.921294
5100001 0.863237
5110001 0.903678
5120001 0.868857
5130001 0.852231
5140001 0.865004
5150001 0.942989
5160001 0.943794
5170001 0.864212
5180001 0.904426
5190001 0.931923
5200001 0.976825
5210001 0.932381
5220001 0.857605
5230001 0.891523
5240001 0.85943
5250001 0.934603
5260001 1.00557
5270001 0.945618
5280001 0.854646
5290001 0.899285
5300001 0.973083
5310001 0.973021
5320001 0.871179
5330001 0.907235
5340001 0.888603
5350001 0.855863
5360001 0.873967
5370001 0.944713
5380001 0.938497
5390001 0.868855
5400001 0.902112
5410001 0.905311
5420001 0.952806
5430001 0.973741
5440001 0.861123
5450001 0.894611
5460001 0.862832
5470001 0.893564
5480001 0.995737
5490001 0.907477
5500001 0.857005
5510001 0.90272
5520001 0.989098
5530001 1.00026
5540001 0.864118
5550001 0.911928
5560001 0.909817
5570001 0.859616
5580001 0.90826
5590001 0.936855
5600001 0.903928
5610001 0.872556
5620001 0.957333
5630001 0.952545
5640001 0.912805
5650001 0.934176
5660001 0.863354
5670001 0.899229
5680001 0.860885
5690001 0.897412
5700001 0.950726
5710001 0.867827
5720001 0.860472
5730001 0.862636
5740001 1.01792
5750001 1.04091
5760001 0.873573
5770001 0.871606
5780001 0.952984
5790001 0.870539
5800001 0.906559
5810001 0.946765
5820001 0.907878
5830001 0.920407
5840001 0.942605
5850001 0.960123
5860001 0.910164
5870001 0.894432
5880001 0.870042
5890001 0.902299
5900001 0.864119
5910001 0.900559
5920001 0.953594
5930001 0.870965
5940001 0.897347
5950001 0.909358
5960001 1.02426
5970001 1.04152
5980001 0.878904
5990001 0.875377
6000001 0.956122
6010001 0.873875
6020001 0.909955
6030001 0.907822
6040001 0.960018
6050001 0.88463
6060001 0.993598
6070001 0.87191
6080001 0.943346
6090001 0.933891
6100001 0.874742
6110001 0.905433
6120001 0.867853
6130001 0.915111
6140001 0.957602
6150001 0.874617
6160001 0.914082
6170001 0.919824
6180001 1.02797
6190001 1.04502
6200001 0.899432
6210001 0.878488
6220001 0.959196
6230001 0.882477
6240001 0.913787
6250001 0.974883
6260001 0.951436
6270001 0.941315
6280001 0.948931
6290001 0.878792
6300001 0.981059
6310001 0.954854
6320001 0.89788
6330001 0.92138
6340001 0.871806
6350001 0.918764
6360001 0.960431
6370001 0.891178
6380001 0.870292
6390001 0.870437
6400001 0.99836
6410001 1.06888
6420001 0.906163
6430001 0.883195
6440001 0.962094
6450001 0.886127
6460001 0.871591
6470001 0.927491
6480001 0.958566
6490001 0.949191
6500001 0.954225
6510001 0.878545
6520001 0.949546
6530001 0.958393
6540001 0.912781
6550001 0.924857
6560001 0.875667
6570001 0.873822
6580001 0.973878
6590001 0.926866
6600001 0.873607
6610001 0.874508
6620001 1.01639
6630001 1.02637
6640001 0.939793
6650001 0.886879
6660001 0.926223
6670001 0.889537
6680001 0.875526
6690001 0.887381
6700001 0.961413
6710001 0.976668
6720001 0.885838
6730001 0.881689
6740001 0.966178
6750001 0.961901
6760001 0.953325
6770001 0.885997
6780001 0.896056
6790001 0.882099
6800001 0.939337
6810001 0.976426
6820001 0.876785
6830001 0.879247
6840001 1.00579
6850001 0.98218
6860001 0.946112
6870001 0.889538
6880001 0.929091
6890001 0.894907
6900001 0.878762
6910001 0.89117
6920001 0.967233
6930001 0.967936
6940001 0.890299
6950001 0.929597
6960001 0.956451
6970001 1.00068
6980001 0.956373
6990001 0.883671
7000001 0.916773
7010001 0.885403
7020001 0.959
7030001 1.0287
7040001 0.969728
7050001 0.880484
7060001 0.924268
7070001 0.988853
7080001 0.996089
7090001 0.896539
7100001 0.931867
7110001 0.913467
7120001 0.881543
7130001 0.899183
7140001 0.968242
7150001 0.962186
7160001 0.894225
7170001 0.926703
7180001 0.923742
7190001 0.976183
7200001 0.99685
7210001 0.886387
7220001 0.919342
7230001 0.888102
7240001 0.918091
7250001 1.01846
7260001 0.931781
7270001 0.88222
7280001 0.926908
7290001 1.0115
7300001 1.02224
7310001 0.887398
7320001 0.935834
7330001 0.933763
7340001 0.884537
7350001 0.932195
7360001 0.960072
7370001 0.927688
7380001 0.897043
7390001 0.980224
7400001 0.975356
7410001 0.936374
7420001 0.9573
7430001 0.887957
7440001 0.923123
7450001 0.885461
7460001 0.921235
7470001 0.973377
7480001 0.892124
7490001 0.884939
7500001 0.887047
7510001 1.03926
7520001 1.06172
7530001 0.897589
7540001 0.938643
7550001 0.975519
7560001 0.894503
7570001 0.929931
7580001 0.969114
7590001 0.930959
7600001 0.943318
7610001 0.9652
7620001 0.982229
7630001 0.933204
7640001 0.9177
7650001 0.89384
7660001 0.925444
7670001 0.887994
7680001 0.923715
7690001 0.975686
7700001 0.894608
7710001 0.920474
7720001 0.932327
7730001 1.04502
7740001 1.06173
7750001 0.902185
7760001 0.898496
7770001 0.978072
7780001 0.897203
7790001 0.932703
7800001 0.930345
7810001 0.981736
7820001 0.90764
7830001 1.01467
7840001 0.895112
7850001 0.965106
7860001 0.956292
7870001 0.897855
7880001 0.927957
7890001 0.891082
7900001 0.937524
7910001 0.979095
7920001 0.897615
7930001 0.936405
7940001 0.942977
7950001 1.04813
7960001 1.06466
7970001 0.921718
7980001 0.901252
7990001 0.980536
8000001 0.905055
8010001 0.935958
8020001 0.995845
8030001 0.972605
8040001 0.963001
8050001 0.970271
8060001 0.901318
8070001 1.00161
8080001 0.976497
8090001 0.919965
8100001 0.943201
8110001 0.894399
8120001 0.940545
8130001 0.981311
8140001 0.913279
8150001 0.892829
8160001 0.892925
8170001 1.01833
8180001 1.08776
8190001 0.927757
8200001 0.904683
8210001 0.982918
8220001 0.908124
8230001 0.893901
8240001 0.991556
8250001 0.979079
8260001 0.970216
8270001 0.974891
8280001 0.900616
8290001 0.970116
8300001 0.979516
8310001 0.934033
8320001 0.94619
8330001 0.897664
8340001 0.895875
8350001 0.994201
8360001 0.947926
8370001 0.895542
8380001 0.896437
8390001 1.0357
8400001 1.0455
8410001 0.960231
8420001 0.908443
8430001 0.947125
8440001 0.910975
8450001 0.8974
8460001 0.908875
8470001 0.981458
8480001 0.996766
8490001 0.907303
8500001 0.903154
8510001 0.98615
8520001 0.982166
8530001 0.973466
8540001 0.907334
8550001 0.916894
8560001 0.903501
8570001 0.959741
8580001 0.996421
8590001 0.89825
8600001 0.900596
8610001 1.06774
8620001 1.00164
8630001 0.965989
8640001 0.91219
8650001 0.949523
8660001 0.915772
8670001 0.899953
8680001 0.91212
8690001 0.986729
8700001 0.987376
8710001 0.910651
8720001 0.949826
8730001 0.976074
8740001 1.01992
8750001 0.97601
8760001 0.904648
8770001 0.937126
8780001 0.90643
8790001 0.978723
8800001 1.04894
8810001 0.989123
8820001 0.901403
8830001 0.944381
8840001 1.00782
8850001 1.01384
8860001 0.917043
8870001 0.951851
8880001 0.933581
8890001 0.902319
8900001 0.919546
8910001 0.987312
8920001 0.981451
8930001 0.914654
8940001 0.946627
8950001 0.977887
8960001 0.995174
8970001 1.01554
8980001 0.906875
8990001 0.939239
9000001 0.908558
9010001 0.938053
9020001 1.03708
9030001 0.951459
9040001 0.90267
9050001 0.94658
9060001 1.02975
9070001 1.04015
9080001 0.907656
9090001 0.955367
9100001 0.953275
9110001 0.904823
9120001 0.909746
9130001 0.979019
9140001 0.947113
9150001 0.917022
9160001 0.998977
9170001 0.993915
9180001 0.955709
9190001 0.976223
9200001 0.908027
9210001 0.942567
9220001 0.905526
9230001 0.94077
9240001 0.992084
9250001 0.912039
9260001 0.904968
9270001 0.907026
9280001 1.0565
9290001 1.07874
9300001 0.912027
9310001 0.957751
9320001 0.994087
9330001 0.914218
9340001 0.949223
9350001 0.98756
9360001 0.950028
9370001 0.962157
9380001 0.983762
9390001 1.00034
9400001 0.952263
9410001 0.936522
9420001 0.914144
9430001 0.944469
9440001 0.90767
9450001 0.942836
9460001 0.994034
9470001 0.91411
9480001 0.939504
9490001 0.951323
9500001 1.06219
9510001 1.07846
9520001 0.921451
9530001 0.917828
9540001 0.996256
9550001 0.916474
9560001 0.951601
9570001 0.94887
9580001 0.999804
9590001 0.926717
9600001 1.03227
9610001 0.914371
9620001 0.983271
9630001 0.974872
9640001 0.917013
9650001 0.94662
9660001 0.910335
9670001 0.956157
9680001 0.997062
9690001 0.916701
9700001 0.954943
9710001 0.96153
9720001 1.06495
9730001 1.08103
9740001 0.940307
9750001 0.9202
9760001 0.99838
9770001 0.923879
9780001 0.954494
9790001 1.01333
9800001 0.990316
9810001 0.981119
9820001 1.0348
9830001 0.920124
9840001 1.01889
9850001 0.994628
9860001 0.938452
9870001 0.961491
9880001 0.913305
9890001 0.958822
9900001 0.998987
9910001 0.931801
9920001 0.911708
9930001 0.911785
9940001 1.03511
9950001 1.10356
9960001 0.945887
9970001 0.923245
9980001 1.00043
9990001 0.926554
