1 2139
10001 32.2342
20001 13.2729
30001 10.8006
40001 9.11635
50001 8.05574
60001 9.32747
70001 8.05364
80001 7.73695
90001 9.3785
100001 8.36745
110001 10.7189
120001 8.21815
130001 6.35889
140001 8.01292
150001 7.25985
160001 7.20159
170001 7.84757
180001 7.33651
190001 6.98291
200001 7.06783
210001 7.26357
220001 10.2615
230001 7.15743
240001 6.23645
250001 7.83416
260001 7.72816
270001 7.39044
280001 7.0103
290001 7.12632
300001 7.03685
310001 6.92726
320001 8.06395
330001 10.0837
340001 7.03565
350001 6.14505
360001 6.47105
370001 6.69765
380001 6.48101
390001 8.14617
400001 7.0698
410001 6.96129
420001 6.84025
430001 8.08439
440001 10.1379
450001 7.02728
460001 6.21982
470001 7.69635
480001 7.41316
490001 6.54552
500001 8.20058
510001 7.14009
520001 6.93894
530001 7.38873
540001 7.37987
550001 10.3633
560001 7.05745
570001 6.30633
580001 7.32548
590001 7.54771
600001 6.24635
610001 8.2591
620001 6.99155
630001 5.80688
640001 7.9447
650001 7.44004
660001 9.40065
670001 6.92093
680001 6.30362
690001 6.25772
700001 7.13507
710001 6.56524
720001 8.11608
730001 5.94864
740001 6.15195
750001 8.69234
760001 7.46042
770001 9.54346
780001 7.56692
790001 6.50511
800001 6.29493
810001 7.17806
820001 7.7924
830001 8.1457
840001 6.12342
850001 5.78339
860001 8.79721
870001 7.09084
880001 8.64376
890001 7.02458
900001 6.60645
910001 6.36171
920001 7.9499
930001 7.76287
940001 7.85369
950001 6.12822
960001 5.78931
970001 8.53446
980001 7.08225
990001 8.62288
1000001 7.32413
1010001 7.02989
1020001 6.47951
1030001 6.67221
1040001 8.85134
1050001 7.42255
1060001 6.16024
1070001 5.78871
1080001 7.963
1090001 7.1861
1100001 8.8898
1110001 7.50992
1120001 7.78497
1130001 6.60765
1140001 6.59378
1150001 9.02939
1160001 6.35108
1170001 6.4053
1180001 5.80099
1190001 8.07653
1200001 7.65409
1210001 9.25764
1220001 7.6495
1230001 8.39147
1240001 6.11394
1250001 7.2613
1260001 9.16404
1270001 6.47905
1280001 6.35654
1290001 5.831
1300001 7.78333
1310001 7.50065
1320001 9.58421
1330001 8.01148
1340001 8.19589
1350001 6.37801
1360001 6.92465
1370001 8.483
1380001 7.02701
1390001 6.65373
1400001 5.94932
1410001 7.82227
1420001 6.74372
1430001 8.79645
1440001 7.83234
1450001 8.19783
1460001 6.01343
1470001 7.02355
1480001 8.37882
1490001 7.06367
1500001 6.73495
1510001 6.00055
1520001 7.95315
1530001 6.84164
1540001 8.90865
1550001 7.74495
1560001 7.08668
1570001 6.29767
1580001 7.30572
1590001 6.31682
1600001 6.98692
1610001 7.34989
1620001 6.25374
1630001 7.45456
1640001 7.17817
1650001 9.31498
1660001 7.94428
1670001 7.31783
1680001 5.64784
1690001 7.34593
1700001 6.34469
1710001 6.44016
1720001 7.35073
1730001 6.8462
1740001 7.67285
1750001 8.51537
1760001 7.55542
1770001 9.35041
1780001 7.22426
1790001 5.66923
1800001 7.4098
1810001 6.86716
1820001 6.08315
1830001 7.91301
1840001 6.83668
1850001 6.6023
1860001 8.31001
1870001 7.54838
1880001 10.0207
1890001 7.35552
1900001 5.66536
1910001 7.45169
1920001 6.81118
1930001 6.75145
1940001 7.43069
1950001 6.99752
1960001 6.62627
1970001 6.75852
1980001 6.9218
1990001 9.96373
2000001 7.36004
2010001 5.91578
2020001 7.57935
2030001 7.49774
2040001 7.17127
2050001 6.7761
2060001 6.95058
2070001 6.68513
2080001 6.76211
2090001 7.90538
2100001 9.91039
2110001 6.79401
2120001 5.94631
2130001 6.2971
2140001 6.56502
2150001 6.37212
2160001 8.02421
2170001 6.9503
2180001 6.8519
2190001 6.73562
2200001 7.98338
2210001 10.0173
2220001 6.87355
2230001 6.08095
2240001 7.59072
2250001 7.33359
2260001 6.4416
2270001 8.09756
2280001 7.07352
2290001 6.86382
2300001 7.15989
2310001 7.30284
2320001 10.3144
2330001 6.87932
2340001 6.21016
2350001 7.55124
2360001 7.47094
2370001 6.19021
2380001 8.19758
2390001 6.9324
2400001 5.75501
2410001 7.88223
2420001 7.37941
2430001 9.28462
2440001 6.83002
2450001 6.22722
2460001 6.18883
2470001 7.08611
2480001 6.52036
2490001 7.81486
2500001 5.89727
2510001 6.12186
2520001 8.53571
2530001 7.41161
2540001 9.85446
2550001 6.93016
2560001 6.44282
2570001 6.24903
2580001 7.1312
2590001 7.76275
2600001 8.06803
2610001 6.01593
2620001 5.76571
2630001 8.80147
2640001 7.0568
2650001 8.52895
2660001 6.96896
2670001 6.55298
2680001 6.32545
2690001 7.92884
2700001 7.7398
2710001 7.81977
2720001 6.09699
2730001 5.76515
2740001 8.50421
2750001 7.05185
2760001 8.62132
2770001 7.24571
2780001 6.98542
2790001 6.07247
2800001 6.60836
2810001 8.8301
2820001 7.39889
2830001 6.14309
2840001 5.77344
2850001 7.93493
2860001 7.1611
2870001 8.85545
2880001 7.41477
2890001 7.75488
2900001 6.57161
2910001 6.58499
2920001 9.03138
2930001 6.66438
2940001 6.37778
2950001 5.78859
2960001 8.05859
2970001 7.63127
2980001 9.23532
2990001 7.61471
3000001 7.81729
3010001 6.09088
3020001 7.15404
3030001 9.14433
3040001 6.45596
3050001 6.32241
3060001 5.81224
3070001 7.76391
3080001 7.47927
3090001 9.55824
3100001 7.97892
3110001 8.17354
3120001 6.35625
3130001 6.90337
3140001 9.20346
3150001 6.93497
3160001 6.62812
3170001 5.93674
3180001 7.77562
3190001 6.7455
3200001 9.03136
3210001 7.13737
3220001 8.17451
3230001 5.92206
3240001 7.00504
3250001 8.37665
3260001 7.05243
3270001 6.71221
3280001 5.99372
3290001 7.94003
3300001 6.82675
3310001 8.88808
3320001 7.72496
3330001 7.05961
3340001 6.28699
3350001 7.29392
3360001 6.34373
3370001 6.98174
3380001 7.33259
3390001 6.20505
3400001 7.44316
3410001 7.16841
3420001 9.63841
3430001 7.92599
3440001 7.30628
3450001 6.28846
3460001 7.32045
3470001 6.33219
3480001 6.4496
3490001 7.33438
3500001 6.84325
3510001 7.66311
3520001 8.49378
3530001 7.54266
3540001 9.23466
3550001 7.20984
3560001 5.65676
3570001 7.40198
3580001 6.86839
3590001 6.44187
3600001 7.88644
3610001 6.83537
3620001 6.59868
3630001 8.30423
3640001 7.53674
3650001 10.006
3660001 7.34042
3670001 5.65434
3680001 7.43985
3690001 6.80896
3700001 6.74775
3710001 7.41908
3720001 6.99709
3730001 6.62517
3740001 6.74717
3750001 6.89854
3760001 9.95142
3770001 7.34892
3780001 5.89491
3790001 7.57027
3800001 7.49112
3810001 7.15142
3820001 6.76866
3830001 6.95932
3840001 6.68451
3850001 6.75825
3860001 7.90099
3870001 9.89504
3880001 6.78423
3890001 5.93601
3900001 6.27732
3910001 6.56359
3920001 6.37313
3930001 8.01928
3940001 6.94962
3950001 6.8524
3960001 6.73131
3970001 7.98166
3980001 10.0038
3990001 6.85704
4000001 6.06759
4010001 7.58231
4020001 8.12438
4030001 6.43374
4040001 8.09369
4050001 7.07471
4060001 6.86532
4070001 7.15073
4080001 7.299
4090001 10.302
4100001 6.87536
4110001 6.19938
4120001 7.54712
4130001 7.47047
4140001 6.18802
4150001 8.19919
4160001 6.92483
4170001 5.74969
4180001 7.87779
4190001 7.36633
4200001 9.25084
4210001 6.8245
4220001 6.21784
4230001 7.1137
4240001 7.06104
4250001 6.52353
4260001 8.79653
4270001 5.9297
4280001 6.12552
4290001 8.55604
4300001 7.40522
4310001 9.12954
4320001 6.91687
4330001 6.43435
4340001 6.24459
4350001 7.0785
4360001 7.7514
4370001 8.06741
4380001 6.01253
4390001 5.77178
4400001 8.80107
4410001 7.05792
4420001 8.52169
4430001 6.95681
4440001 6.54775
4450001 6.32374
4460001 7.93237
4470001 7.74072
4480001 7.81053
4490001 6.09243
4500001 5.77014
4510001 8.50469
4520001 7.04651
4530001 8.61254
4540001 7.2317
4550001 6.97946
4560001 6.0746
4570001 6.60386
4580001 8.78246
4590001 7.38302
4600001 6.14139
4610001 5.78205
4620001 7.9313
4630001 7.16311
4640001 8.85272
4650001 7.40073
4660001 7.74679
4670001 6.56614
4680001 6.58501
4690001 9.0341
4700001 6.65584
4710001 6.37685
4720001 5.79253
4730001 8.05322
4740001 7.62957
4750001 9.23041
4760001 7.6082
4770001 7.81406
4780001 6.09339
4790001 6.96517
4800001 9.10946
4810001 6.45478
4820001 6.31718
4830001 5.80302
4840001 7.76849
4850001 7.47786
4860001 9.5498
4870001 7.96734
4880001 8.16992
4890001 6.35719
4900001 6.78157
4910001 8.53052
4920001 6.92829
4930001 6.62074
4940001 5.90851
4950001 7.77664
4960001 6.74664
4970001 9.12862
4980001 7.27561
4990001 8.17195
5000001 5.92434
5010001 7.00376
5020001 8.35097
5030001 7.05254
5040001 6.70936
5050001 5.99348
5060001 7.94006
5070001 6.82403
5080001 8.9278
5090001 7.72238
5100001 7.06573
5110001 6.29652
5120001 7.29225
5130001 6.21814
5140001 6.98365
5150001 7.07734
5160001 6.20629
5170001 7.43685
5180001 7.16638
5190001 9.63288
5200001 7.91985
5210001 7.21422
5220001 6.28709
5230001 7.32077
5240001 6.27965
5250001 6.4643
5260001 7.33226
5270001 6.68603
5280001 7.66889
5290001 8.49128
5300001 7.53806
5310001 9.23097
5320001 7.20222
5330001 5.65512
5340001 7.40242
5350001 6.87704
5360001 6.44491
5370001 7.8819
5380001 6.84787
5390001 6.59689
5400001 8.33339
5410001 7.53792
5420001 10.1252
5430001 7.33233
5440001 5.65637
5450001 7.41739
5460001 6.79396
5470001 6.75135
5480001 7.4259
5490001 7.00419
5500001 6.62447
5510001 6.73129
5520001 6.88656
5530001 9.94115
5540001 7.3463
5550001 5.85863
5560001 7.57105
5570001 7.02295
5580001 7.14638
5590001 6.7559
5600001 6.96488
5610001 6.6819
5620001 6.76429
5630001 7.77292
5640001 9.90505
5650001 6.77022
5660001 5.93448
5670001 6.27625
5680001 6.52787
5690001 6.37553
5700001 8.38383
5710001 6.95134
5720001 6.85693
5730001 6.72821
5740001 7.7573
5750001 9.99794
5760001 6.85455
5770001 6.06524
5780001 7.55077
5790001 8.12441
5800001 6.43513
5810001 8.09332
5820001 7.9823
5830001 6.86365
5840001 7.14912
5850001 7.27193
5860001 10.2949
5870001 6.8701
5880001 6.12369
5890001 7.62325
5900001 7.47522
5910001 6.84893
5920001 8.1968
5930001 6.92485
5940001 5.75038
5950001 7.88063
5960001 7.36971
5970001 9.22438
5980001 6.83534
5990001 6.21695
6000001 7.11138
6010001 6.98209
6020001 6.17465
6030001 8.2555
6040001 5.87814
6050001 6.13101
6060001 7.89453
6070001 7.39118
6080001 9.02301
6090001 6.903
6100001 6.32232
6110001 6.24843
6120001 7.07856
6130001 7.75542
6140001 8.06647
6150001 6.0154
6160001 5.76521
6170001 8.80244
6180001 7.05998
6190001 8.51799
6200001 6.96599
6210001 6.44367
6220001 6.32257
6230001 7.9157
6240001 7.81694
6250001 7.80768
6260001 6.09114
6270001 5.77548
6280001 8.64271
6290001 7.05137
6300001 8.60932
6310001 7.1391
6320001 6.94357
6330001 6.07507
6340001 6.60192
6350001 8.78484
6360001 7.39173
6370001 6.14379
6380001 5.78715
6390001 7.93573
6400001 7.1647
6410001 8.85161
6420001 7.27579
6430001 7.74224
6440001 6.57284
6450001 6.58726
6460001 9.03472
6470001 6.65905
6480001 6.37379
6490001 5.80023
6500001 8.05659
6510001 7.61733
6520001 9.21564
6530001 7.59287
6540001 7.81225
6550001 6.09924
6560001 6.96423
6570001 9.10895
6580001 6.40944
6590001 6.31318
6600001 5.80792
6610001 7.76671
6620001 7.45435
6630001 9.5463
6640001 8.18832
6650001 8.35507
6660001 6.3569
6670001 6.78213
6680001 8.53051
6690001 6.92545
6700001 6.62049
6710001 5.91132
6720001 7.78088
6730001 6.74692
6740001 9.17448
6750001 7.27739
6760001 8.16893
6770001 5.92827
6780001 7.00416
6790001 8.35218
6800001 7.04226
6810001 6.70912
6820001 5.98391
6830001 7.94385
6840001 6.82321
6850001 8.92512
6860001 7.71919
6870001 7.06213
6880001 6.29628
6890001 7.29681
6900001 5.92094
6910001 6.98505
6920001 7.07043
6930001 6.14695
6940001 7.43818
6950001 7.15962
6960001 9.63629
6970001 7.90704
6980001 7.21459
6990001 6.28737
7000001 7.31721
7010001 6.28447
7020001 6.46919
7030001 7.33289
7040001 6.69057
7050001 7.41694
7060001 8.50144
7070001 7.53737
7080001 9.22972
7090001 7.17809
7100001 5.66002
7110001 7.38646
7120001 6.86859
7130001 6.4409
7140001 7.59619
7150001 6.84309
7160001 6.60226
7170001 8.33314
7180001 7.55457
7190001 10.1233
7200001 7.3341
7210001 5.65795
7220001 7.05724
7230001 6.79983
7240001 6.81723
7250001 7.39822
7260001 7.00622
7270001 6.62663
7280001 6.58737
7290001 6.89355
7300001 9.93676
7310001 7.45765
7320001 5.8581
7330001 7.45841
7340001 7.01747
7350001 6.82515
7360001 6.77325
7370001 6.97695
7380001 6.68619
7390001 6.76287
7400001 7.77531
7410001 9.90151
7420001 6.77007
7430001 5.93283
7440001 6.27702
7450001 6.52387
7460001 6.37335
7470001 7.79027
7480001 6.95701
7490001 6.86007
7500001 6.73206
7510001 7.75583
7520001 9.95715
7530001 6.85523
7540001 6.07645
7550001 7.42963
7560001 8.12916
7570001 6.43219
7580001 8.0947
7590001 7.90789
7600001 6.86993
7610001 7.1385
7620001 7.12411
7630001 10.3496
7640001 6.86045
7650001 6.12346
7660001 7.6038
7670001 7.47436
7680001 6.85439
7690001 8.2011
7700001 6.92925
7710001 5.75277
7720001 7.88908
7730001 7.37241
7740001 9.17101
7750001 6.83326
7760001 6.21029
7770001 7.33974
7780001 6.95
7790001 6.18587
7800001 8.21781
7810001 5.88293
7820001 6.13677
7830001 7.89767
7840001 7.38925
7850001 9.33418
7860001 6.90032
7870001 6.31941
7880001 6.24749
7890001 6.95329
7900001 7.74031
7910001 8.06417
7920001 6.01646
7930001 5.76917
7940001 8.80495
7950001 7.06169
7960001 9.36913
7970001 6.96611
7980001 6.42268
7990001 6.32659
8000001 7.90279
8010001 7.70753
8020001 7.81287
8030001 6.09838
8040001 5.77798
8050001 8.6688
8060001 7.0557
8070001 8.61071
8080001 7.07183
8090001 6.94379
8100001 6.08462
8110001 6.60169
8120001 8.7869
8130001 7.39325
8140001 6.1478
8150001 5.80219
8160001 7.93753
8170001 7.16393
8180001 8.85187
8190001 7.26882
8200001 7.74501
8210001 6.55395
8220001 6.58549
8230001 9.01606
8240001 6.65894
8250001 6.38173
8260001 5.7993
8270001 8.06058
8280001 7.61898
8290001 9.21341
8300001 7.59838
8310001 7.80993
8320001 6.10289
8330001 6.96483
8340001 9.11023
8350001 6.52956
8360001 6.31355
8370001 5.8042
8380001 7.77257
8390001 7.45563
8400001 9.54512
8410001 8.0537
8420001 8.37334
8430001 6.35941
8440001 6.77634
8450001 8.51974
8460001 6.92774
8470001 6.62039
8480001 5.92686
8490001 7.78159
8500001 6.74935
8510001 9.17262
8520001 7.27765
8530001 8.16252
8540001 5.93262
8550001 7.01404
8560001 8.32452
8570001 7.39195
8580001 6.70255
8590001 5.98835
8600001 7.8067
8610001 6.82682
8620001 8.93512
8630001 7.70408
8640001 7.06111
8650001 6.29712
8660001 7.2983
8670001 5.92371
8680001 6.98877
8690001 7.07032
8700001 6.1517
8710001 7.43298
8720001 7.1438
8730001 9.6363
8740001 7.90813
8750001 7.20692
8760001 6.28739
8770001 7.31999
8780001 6.2889
8790001 6.44587
8800001 7.33857
8810001 6.69371
8820001 7.45754
8830001 7.57736
8840001 8.6477
8850001 9.22657
8860001 7.17678
8870001 5.68393
8880001 7.38826
8890001 6.84655
8900001 6.4452
8910001 7.59671
8920001 6.83945
8930001 6.60673
8940001 8.34672
8950001 7.55323
8960001 10.1198
8970001 7.33326
8980001 5.65739
8990001 7.04497
9000001 6.79005
9010001 6.81593
9020001 7.39795
9030001 7.00809
9040001 6.6292
9050001 6.58902
9060001 6.89917
9070001 9.93715
9080001 7.43549
9090001 5.67587
9100001 7.45841
9110001 7.01794
9120001 6.81467
9130001 7.4541
9140001 6.97849
9150001 6.6939
9160001 6.76457
9170001 7.77742
9180001 9.89592
9190001 6.76932
9200001 5.93557
9210001 6.27599
9220001 6.51127
9230001 6.38583
9240001 7.79433
9250001 6.96635
9260001 6.86265
9270001 6.73106
9280001 7.75588
9290001 9.88498
9300001 6.86386
9310001 6.07883
9320001 7.12257
9330001 8.12623
9340001 6.43073
9350001 8.11538
9360001 7.91035
9370001 6.87262
9380001 6.96648
9390001 7.12961
9400001 10.3466
9410001 6.86215
9420001 6.11165
9430001 7.60473
9440001 7.47509
9450001 6.98479
9460001 8.16745
9470001 6.92946
9480001 5.75675
9490001 7.89064
9500001 7.3793
9510001 9.12907
9520001 6.83498
9530001 6.19154
9540001 7.34841
9550001 6.94985
9560001 6.17598
9570001 8.23504
9580001 5.83263
9590001 6.13977
9600001 7.90089
9610001 7.39049
9620001 9.32819
9630001 6.89798
9640001 6.3208
9650001 6.24427
9660001 7.32281
9670001 7.73867
9680001 8.06584
9690001 6.01792
9700001 5.77155
9710001 8.71503
9720001 7.06524
9730001 9.36861
9740001 6.90403
9750001 6.42136
9760001 6.31287
9770001 7.90282
9780001 7.6311
9790001 7.81411
9800001 6.10254
9810001 5.78185
9820001 8.66954
9830001 7.06049
9840001 8.50122
9850001 7.00527
9860001 6.94514
9870001 6.10658
9880001 6.6006
9890001 8.42768
9900001 7.39487
9910001 6.10088
9920001 5.80344
9930001 7.94036
9940001 7.16785
9950001 8.59681
9960001 7.26752
9970001 7.74606
9980001 6.55256
9990001 6.59031
10000001 8.80572
10010001 6.66029
10020001 6.37926
10030001 5.80509
10040001 8.06452
10050001 7.62177
10060001 9.0767
10070001 7.4282
10080001 7.80728
10090001 6.1052
10100001 6.96895
10110001 9.12027
10120001 6.53731
10130001 6.35851
10140001 5.8053
10150001 7.77649
10160001 7.45886
10170001 9.54577
10180001 8.0512
10190001 8.3753
10200001 6.35109
10210001 6.58509
10220001 8.51648
10230001 6.9371
10240001 6.62924
10250001 5.92931
10260001 7.78318
10270001 6.75215
10280001 9.17519
10290001 7.23338
10300001 8.17023
10310001 5.93382
10320001 7.01596
10330001 8.3281
10340001 7.39237
10350001 6.70607
10360001 5.99566
10370001 7.81651
10380001 6.80576
10390001 8.78731
10400001 7.63642
10410001 7.01184
10420001 6.29415
10430001 7.30116
10440001 5.92388
10450001 6.99076
10460001 6.7442
10470001 6.1498
10480001 7.43469
10490001 7.14507
10500001 9.63587
10510001 7.86378
10520001 7.19779
10530001 6.29074
10540001 7.32055
10550001 6.32858
10560001 6.44377
10570001 7.3394
10580001 6.8217
10590001 7.4516
10600001 7.57388
10610001 8.65147
10620001 9.22293
10630001 7.2966
10640001 5.68371
10650001 7.38375
10660001 6.84595
10670001 6.44181
10680001 7.59519
10690001 6.84136
10700001 7.69551
10710001 8.34797
10720001 7.55387
10730001 10.1175
10740001 7.3333
10750001 5.65946
10760001 7.04133
10770001 6.78797
10780001 6.81459
10790001 7.39201
10800001 7.15506
10810001 6.6305
10820001 6.59029
10830001 6.8874
10840001 9.71427
10850001 7.43427
10860001 5.67684
10870001 7.46253
10880001 6.72155
10890001 6.80152
10900001 7.45437
10910001 6.97906
10920001 6.69744
10930001 6.76136
10940001 7.78134
10950001 9.8968
10960001 6.74818
10970001 5.94589
10980001 6.27763
10990001 6.5109
11000001 6.37129
11010001 7.8007
11020001 6.96752
11030001 6.86513
11040001 6.74211
11050001 7.75378
11060001 9.88553
11070001 6.86399
11080001 6.08246
11090001 7.12486
11100001 8.12766
11110001 6.43898
11120001 8.11613
11130001 7.91586
11140001 6.87137
11150001 6.96805
11160001 7.13223
11170001 10.3478
11180001 6.86784
11190001 6.11349
11200001 7.61343
11210001 7.47628
11220001 6.98676
11230001 8.18068
11240001 6.93407
11250001 5.76708
11260001 7.88764
11270001 7.17631
11280001 9.12371
11290001 6.84091
11300001 6.19307
11310001 7.33669
11320001 6.93165
11330001 6.1773
11340001 8.23491
11350001 5.84016
11360001 6.14
11370001 7.89388
11380001 7.39087
11390001 9.33512
11400001 6.89684
11410001 6.32209
11420001 6.24463
11430001 7.08616
11440001 7.72679
11450001 8.17813
11460001 6.0147
11470001 5.77459
11480001 8.7573
11490001 7.06707
11500001 9.3679
11510001 6.87499
11520001 6.44713
11530001 6.29629
11540001 7.9756
11550001 8.34197
11560001 7.81312
11570001 6.1039
11580001 5.78849
11590001 8.68154
11600001 7.06435
11610001 8.49906
11620001 7.00067
11630001 6.94886
11640001 6.74556
11650001 6.60067
11660001 8.35333
11670001 7.39555
11680001 6.1122
11690001 5.81413
11700001 7.94425
11710001 7.17054
11720001 8.55505
11730001 7.27829
11740001 7.74425
11750001 6.55681
11760001 6.60344
11770001 8.81283
11780001 6.75403
11790001 6.21969
11800001 5.80743
11810001 8.06823
11820001 7.62663
11830001 9.07805
11840001 7.42111
11850001 7.80762
11860001 6.57345
11870001 6.62644
11880001 9.11852
11890001 6.54064
11900001 6.35674
11910001 5.80894
11920001 7.77614
11930001 7.77999
11940001 9.54343
11950001 8.26263
11960001 8.37623
11970001 6.08597
11980001 6.57137
11990001 8.51834
12000001 6.93758
12010001 6.39258
12020001 5.9272
12030001 7.78518
12040001 6.76097
12050001 8.99829
12060001 7.23391
12070001 8.16601
12080001 5.94195
12090001 7.01177
12100001 8.31743
12110001 7.394
12120001 6.71278
12130001 5.99909
12140001 7.8195
12150001 6.80761
12160001 8.78661
12170001 7.45685
12180001 7.01355
12190001 6.31544
12200001 7.30811
12210001 5.92768
12220001 6.98915
12230001 6.74177
12240001 6.15295
12250001 7.41101
12260001 7.14625
12270001 9.6358
12280001 7.86501
12290001 7.16149
12300001 6.29125
12310001 7.31024
12320001 6.32756
12330001 6.17544
12340001 7.33945
12350001 6.82285
12360001 7.45182
12370001 7.57465
12380001 8.65365
12390001 9.22267
12400001 7.29771
12410001 5.66262
12420001 7.33812
12430001 6.84041
12440001 6.44682
12450001 7.60383
12460001 6.8488
12470001 7.69417
12480001 8.34951
12490001 7.55472
12500001 10.1186
12510001 7.25756
12520001 5.6574
12530001 7.04189
12540001 6.82961
12550001 6.81752
12560001 7.37616
12570001 7.1423
12580001 6.6336
12590001 6.59096
12600001 6.87531
12610001 9.73247
12620001 7.45182
12630001 5.67783
12640001 7.46393
12650001 6.73637
12660001 6.80396
12670001 7.45416
12680001 6.98306
12690001 6.73296
12700001 6.76253
12710001 7.04533
12720001 9.88867
12730001 6.73989
12740001 5.9488
12750001 6.28035
12760001 7.51818
12770001 6.71287
12780001 7.11655
12790001 6.97283
12800001 6.86797
12810001 6.74925
12820001 7.75687
12830001 9.88697
12840001 6.86497
12850001 6.06679
12860001 6.39229
12870001 8.12593
12880001 6.42069
12890001 8.11771
12900001 7.8687
12910001 6.87486
12920001 6.96038
12930001 7.10556
12940001 10.9053
12950001 6.86721
12960001 6.10874
12970001 7.61358
12980001 7.48013
12990001 6.98964
13000001 8.17836
13010001 6.94224
13020001 5.76715
13030001 7.89015
13040001 7.17707
13050001 9.12837
13060001 6.84089
13070001 6.19269
13080001 7.27619
13090001 6.93496
13100001 6.18018
13110001 8.23446
13120001 5.84268
13130001 6.14005
13140001 7.86969
13150001 7.3771
13160001 9.33642
13170001 6.89691
13180001 6.32185
13190001 6.24489
13200001 7.11396
13210001 7.7281
13220001 8.17687
13230001 5.86228
13240001 5.772
13250001 8.7243
13260001 7.07113
13270001 9.36893
13280001 7.48473
13290001 6.44759
13300001 6.30019
13310001 7.97637
13320001 8.26367
13330001 7.81174
13340001 6.11014
13350001 5.79378
13360001 8.68391
13370001 7.0656
13380001 8.49444
13390001 6.87958
13400001 6.91268
13410001 6.75215
13420001 7.60216
13430001 8.35839
13440001 7.39727
13450001 6.11393
13460001 5.80329
13470001 7.94616
13480001 7.17709
13490001 8.55501
13500001 7.27631
13510001 7.7301
13520001 6.56035
13530001 6.60561
13540001 8.80255
13550001 6.758
13560001 6.19185
13570001 5.7999
13580001 8.06833
13590001 7.62703
13600001 9.08314
13610001 7.4144
13620001 7.79696
13630001 6.54773
13640001 6.6273
13650001 9.10865
13660001 6.54018
13670001 6.3584
13680001 5.82017
13690001 7.77713
13700001 7.73284
13710001 9.541
13720001 8.26023
13730001 8.41155
13740001 6.09802
13750001 7.1688
13760001 8.51421
13770001 6.47483
13780001 6.39714
13790001 5.9266
13800001 7.78657
13810001 6.77906
13820001 8.99809
13830001 8.00864
13840001 8.15554
13850001 5.94186
13860001 7.01277
13870001 8.77633
13880001 7.17987
13890001 6.71297
13900001 6.01031
13910001 7.81941
13920001 6.81908
13930001 8.79058
13940001 7.45598
13950001 6.99645
13960001 6.31628
13970001 7.30808
13980001 5.93089
13990001 6.9897
14000001 6.70997
14010001 6.15081
14020001 7.41324
14030001 7.14567
14040001 9.67114
14050001 7.86642
14060001 7.15597
14070001 6.29144
14080001 7.31209
14090001 6.33193
14100001 6.16524
14110001 7.34823
14120001 6.82146
14130001 7.45181
14140001 7.56368
14150001 8.6564
14160001 9.22319
14170001 7.29945
14180001 5.65134
14190001 7.33906
14200001 6.59547
14210001 6.45027
14220001 7.60536
14230001 6.84841
14240001 7.69469
14250001 8.35497
14260001 7.53893
14270001 9.74084
14280001 7.24034
14290001 5.65264
14300001 7.39732
14310001 6.82998
14320001 6.81252
14330001 7.37557
14340001 7.02103
14350001 6.63922
14360001 6.59842
14370001 6.87672
14380001 9.75009
14390001 7.3678
14400001 5.67876
14410001 7.49641
14420001 6.74297
14430001 6.79766
14440001 7.47285
14450001 6.99836
14460001 6.73122
14470001 6.76246
14480001 7.05198
14490001 9.87779
14500001 6.74206
14510001 5.95113
14520001 6.23648
14530001 7.52496
14540001 6.69606
14550001 6.77863
14560001 6.97213
14570001 6.86978
14580001 6.74637
14590001 7.74722
14600001 9.88712
14610001 6.86528
14620001 6.07767
14630001 6.39178
14640001 7.0983
14650001 6.42046
14660001 8.0965
14670001 7.86819
14680001 6.87748
14690001 6.96296
14700001 7.18162
14710001 10.6394
14720001 6.86704
14730001 6.08841
14740001 7.6245
14750001 7.48215
14760001 6.96589
14770001 8.18005
14780001 6.94572
14790001 5.79015
14800001 7.89868
14810001 7.17723
14820001 9.12326
14830001 6.83721
14840001 6.21049
14850001 7.27507
14860001 6.93582
14870001 6.1832
14880001 8.19981
14890001 5.82957
14900001 6.12441
14910001 7.87272
14920001 7.37558
14930001 9.3315
14940001 6.82468
14950001 6.32463
14960001 6.22125
14970001 7.09278
14980001 7.72746
14990001 8.17824
15000001 5.91724
15010001 5.77035
15020001 8.72662
15030001 7.05908
15040001 9.36332
15050001 7.48289
15060001 6.45342
15070001 6.2846
15080001 8.01069
15090001 8.26623
15100001 7.79585
15110001 6.11159
15120001 5.79398
15130001 8.68211
15140001 7.0602
15150001 8.49507
15160001 6.87506
15170001 6.65176
15180001 6.81903
15190001 7.60881
15200001 8.35478
15210001 7.20844
15220001 6.11403
15230001 5.80698
15240001 7.94523
15250001 7.13851
15260001 8.5558
15270001 7.27516
15280001 7.65933
15290001 6.59361
15300001 6.6146
15310001 8.80273
15320001 6.74577
15330001 6.19747
15340001 5.80263
15350001 8.07028
15360001 7.20935
15370001 9.07871
15380001 7.42195
15390001 7.7926
15400001 6.54499
15410001 6.6
15420001 9.10647
15430001 6.54202
15440001 6.35902
15450001 5.82122
15460001 8.08053
15470001 7.60539
15480001 9.53968
15490001 8.10853
15500001 8.3974
15510001 6.08797
15520001 7.16868
15530001 8.51651
15540001 6.49412
15550001 6.36566
15560001 5.93871
15570001 7.78956
15580001 6.7834
15590001 9.54604
15600001 8.01148
15610001 8.15568
15620001 5.94217
15630001 7.00796
15640001 8.77408
15650001 7.13526
15660001 6.70493
15670001 6.00722
15680001 7.82033
15690001 6.81939
15700001 8.79131
15710001 7.45384
15720001 6.99436
15730001 6.31802
15740001 7.31046
15750001 5.92471
15760001 6.95293
15770001 6.70953
15780001 6.16267
15790001 7.37639
15800001 7.14558
15810001 9.6709
15820001 7.86418
15830001 7.12707
15840001 6.29222
15850001 7.31175
15860001 6.3395
15870001 6.16601
15880001 7.35012
15890001 6.82212
15900001 7.4566
15910001 7.51543
15920001 8.09521
15930001 9.22407
15940001 7.2998
15950001 5.65497
15960001 7.34871
15970001 6.5908
15980001 6.45497
15990001 7.5892
16000001 6.85055
16010001 7.69176
16020001 8.35589
16030001 7.53512
16040001 9.7439
16050001 7.24099
16060001 5.65726
16070001 7.39977
16080001 6.82922
16090001 6.25273
16100001 7.37535
16110001 7.02298
16120001 6.65322
16130001 6.59871
16140001 6.87616
16150001 9.75219
16160001 7.37621
16170001 5.67919
16180001 7.47427
16190001 6.78845
16200001 6.76449
16210001 7.47666
16220001 7.00061
16230001 6.65843
16240001 6.76357
16250001 7.09025
16260001 9.867
16270001 6.74479
16280001 5.95262
16290001 6.23633
16300001 7.52811
16310001 7.06885
16320001 6.77811
16330001 6.97993
16340001 6.87302
16350001 6.747
16360001 7.7488
16370001 9.88517
16380001 6.86604
16390001 6.02371
16400001 6.39518
16410001 7.09812
16420001 6.42195
16430001 8.10232
16440001 7.87074
16450001 6.88032
16460001 6.9577
16470001 7.18285
16480001 10.637
16490001 6.85195
16500001 6.08805
16510001 7.58817
16520001 7.32979
16530001 6.86097
16540001 8.18209
16550001 6.94247
16560001 5.79026
16570001 7.89939
16580001 7.18039
16590001 9.11697
16600001 6.83796
16610001 6.20925
16620001 7.27622
16630001 6.93614
16640001 6.2259
16650001 8.20015
16660001 5.81915
16670001 6.10888
16680001 7.87204
16690001 7.39247
16700001 9.33297
16710001 6.82704
16720001 6.22798
16730001 6.21951
16740001 7.09363
16750001 7.62771
16760001 8.10582
16770001 5.91932
16780001 5.76525
16790001 8.72801
16800001 7.42834
16810001 9.3576
16820001 7.48423
16830001 6.45343
16840001 6.2854
16850001 7.27546
16860001 8.29193
16870001 7.72399
16880001 6.12458
16890001 5.79712
16900001 8.672
16910001 7.0608
16920001 8.57836
16930001 6.86581
16940001 6.76171
16950001 6.82022
16960001 7.53367
16970001 8.37014
16980001 7.14731
16990001 6.12264
17000001 5.81078
17010001 7.68903
17020001 7.13927
17030001 8.54961
17040001 7.27703
17050001 7.65673
17060001 6.59441
17070001 6.61503
17080001 8.80258
17090001 7.38789
17100001 6.20044
17110001 5.80464
17120001 8.044
17130001 7.20402
17140001 8.99403
17150001 7.41854
17160001 7.79759
17170001 6.54681
17180001 6.59884
17190001 9.10764
17200001 6.55168
17210001 6.35707
17220001 5.82217
17230001 8.08142
17240001 7.60481
17250001 9.53756
17260001 8.0966
17270001 8.40326
17280001 6.08969
17290001 7.16771
17300001 8.51962
17310001 6.49633
17320001 6.32077
17330001 5.86533
17340001 7.78907
17350001 6.78062
17360001 9.54442
17370001 8.05035
17380001 8.13406
17390001 5.95105
17400001 6.99716
17410001 8.77964
17420001 7.13295
17430001 6.71137
17440001 6.0086
17450001 7.82107
17460001 6.75594
17470001 8.78606
17480001 7.45956
17490001 6.99135
17500001 6.32039
17510001 7.31002
17520001 7.3522
17530001 6.95606
17540001 6.70892
17550001 6.16754
17560001 8.18138
17570001 7.13344
17580001 9.6709
17590001 7.8059
17600001 7.13888
17610001 6.2866
17620001 7.30942
17630001 6.32641
17640001 6.16568
17650001 7.35026
17660001 6.8232
17670001 7.46036
17680001 7.45031
17690001 8.09683
17700001 9.22456
17710001 7.29601
17720001 5.65378
17730001 7.34914
17740001 6.42845
17750001 6.45557
17760001 7.60159
17770001 6.84932
17780001 7.68815
17790001 8.35652
17800001 7.54537
17810001 9.63291
17820001 7.23563
17830001 5.65852
17840001 7.39814
17850001 6.83388
17860001 6.25237
17870001 7.38867
17880001 6.90983
17890001 6.65571
17900001 6.58866
17910001 6.87775
17920001 9.75458
17930001 7.37879
17940001 5.6744
17950001 7.44675
17960001 6.7882
17970001 6.73877
17980001 7.38362
17990001 7.00071
18000001 6.65353
18010001 6.76137
18020001 7.09383
18030001 9.86736
18040001 6.75173
18050001 5.95293
18060001 6.23793
18070001 7.51211
18080001 7.06776
18090001 6.77981
18100001 6.98024
18110001 6.86616
18120001 6.77064
18130001 7.74881
18140001 9.87685
18150001 6.86025
18160001 6.02268
18170001 6.39632
18180001 6.58287
18190001 6.40148
18200001 8.10034
18210001 7.01808
18220001 6.88221
18230001 6.96024
18240001 7.18558
18250001 10.5241
18260001 6.82719
18270001 6.07727
18280001 7.5872
18290001 7.31616
18300001 6.86116
18310001 8.18329
18320001 6.94054
18330001 5.80454
18340001 7.89655
18350001 7.16429
18360001 9.12026
18370001 7.00267
18380001 6.21051
18390001 7.26912
18400001 7.63713
18410001 6.22255
18420001 8.2011
18430001 6.93537
18440001 5.77495
18450001 7.88281
18460001 7.39337
18470001 9.33371
18480001 6.83912
18490001 6.23112
18500001 6.223
18510001 7.09471
18520001 7.63045
18530001 8.10326
18540001 5.92243
18550001 5.75718
18560001 8.62972
18570001 7.40476
18580001 10.0607
18590001 7.48425
18600001 6.45073
18610001 6.27235
18620001 7.26465
18630001 7.69635
18640001 8.11799
18650001 6.11741
18660001 5.8054
18670001 8.67459
18680001 7.06481
18690001 8.57932
18700001 6.86571
18710001 6.77217
18720001 6.82235
18730001 7.53971
18740001 8.45324
18750001 7.15751
18760001 6.12508
18770001 5.81171
18780001 8.53311
18790001 7.12417
18800001 8.55061
18810001 7.26569
18820001 7.04118
18830001 6.59499
18840001 6.60599
18850001 8.80388
18860001 7.38703
18870001 6.09358
18880001 5.80517
18890001 8.04085
18900001 7.16701
18910001 8.99236
18920001 7.41065
18930001 7.76271
18940001 6.48555
18950001 6.60203
18960001 9.10558
18970001 6.55843
18980001 6.35678
18990001 5.82433
19000001 8.08207
19010001 7.65596
19020001 9.53669
19030001 8.09096
19040001 8.40144
19050001 6.10912
19060001 7.16603
19070001 8.51447
19080001 6.49734
19090001 6.32224
19100001 5.85787
19110001 7.78908
19120001 6.78563
19130001 9.54585
19140001 7.96538
19150001 8.13296
19160001 5.94992
19170001 6.99791
19180001 8.78082
19190001 7.13411
19200001 6.71396
19210001 6.0087
19220001 7.82019
19230001 6.76399
19240001 8.78952
19250001 7.46524
19260001 8.15727
19270001 6.01744
19280001 7.31322
19290001 7.35258
19300001 7.17572
19310001 6.71351
19320001 6.13202
19330001 8.19478
19340001 7.13398
19350001 8.84321
19360001 7.79925
19370001 7.08004
19380001 6.2871
19390001 7.31319
19400001 6.32664
19410001 6.87994
19420001 7.35249
19430001 6.825
19440001 7.46103
19450001 7.22923
19460001 8.09742
19470001 9.2184
19480001 7.29909
19490001 5.6514
19500001 7.34022
19510001 6.42526
19520001 6.45777
19530001 7.60167
19540001 6.85146
19550001 7.68766
19560001 8.33967
19570001 7.54643
19580001 9.68669
19590001 7.20213
19600001 5.65975
19610001 7.39202
19620001 6.83337
19630001 6.25506
19640001 7.34354
19650001 6.89606
19660001 6.66996
19670001 7.33754
19680001 6.87718
19690001 9.7027
19700001 7.37645
19710001 5.67351
19720001 7.45718
19730001 6.78676
19740001 6.72882
19750001 7.38455
19760001 7.00003
19770001 6.65542
19780001 6.7669
19790001 6.94035
19800001 9.86616
19810001 6.74993
19820001 5.9537
19830001 6.24435
19840001 7.50869
19850001 7.06857
19860001 6.78175
19870001 6.97805
19880001 6.86799
19890001 6.77443
19900001 7.75535
19910001 9.87745
19920001 6.85447
19930001 6.01288
19940001 6.33172
19950001 6.57362
19960001 6.32847
19970001 8.01555
19980001 7.01247
19990001 6.87939
20000001 6.74265
20010001 7.18503
20020001 10.3564
20030001 6.83089
20040001 6.07901
20050001 7.58345
20060001 7.3116
20070001 6.86391
20080001 8.18133
20090001 6.96373
20100001 5.79939
20110001 7.89087
20120001 7.16528
20130001 9.12067
20140001 6.99723
20150001 6.22052
20160001 7.26996
20170001 7.63645
20180001 6.2122
20190001 8.1914
20200001 6.93021
20210001 5.77829
20220001 7.88649
20230001 7.3925
20240001 9.33753
20250001 6.83605
20260001 6.22788
20270001 6.22361
20280001 7.10428
20290001 7.63009
20300001 8.12249
20310001 5.92443
20320001 5.76006
20330001 8.62625
20340001 7.40658
20350001 9.77247
20360001 7.49162
20370001 6.43546
20380001 6.26852
20390001 7.26723
20400001 7.69481
20410001 8.11753
20420001 6.11561
20430001 5.80764
20440001 8.67948
20450001 7.06887
20460001 8.57693
20470001 6.86664
20480001 6.52986
20490001 6.66293
20500001 7.92254
20510001 8.44956
20520001 7.87117
20530001 6.14484
20540001 5.79329
20550001 8.53614
20560001 7.12148
20570001 8.55179
20580001 7.2641
20590001 7.0277
20600001 6.5951
20610001 6.63301
20620001 8.80496
20630001 7.38454
20640001 6.0615
20650001 5.80886
20660001 8.03418
20670001 7.1638
20680001 8.9898
20690001 7.40921
20700001 7.76178
20710001 6.48551
20720001 6.60123
20730001 9.03926
20740001 6.56216
20750001 6.35826
20760001 5.82012
20770001 8.09757
20780001 7.66044
20790001 9.53525
20800001 7.92341
20810001 8.40233
20820001 6.11276
20830001 7.16562
20840001 8.5907
20850001 6.48882
20860001 6.32498
20870001 5.86184
20880001 7.7872
20890001 6.769
20900001 9.54594
20910001 7.95033
20920001 8.13297
20930001 5.96348
20940001 6.99824
20950001 8.78193
20960001 7.10727
20970001 6.71565
20980001 6.00595
20990001 7.82879
21000001 6.76731
21010001 8.78112
21020001 7.46565
21030001 8.15985
21040001 6.01809
21050001 7.31517
21060001 7.36446
21070001 7.17659
21080001 6.65187
21090001 6.12172
21100001 8.19815
21110001 6.85429
21120001 8.8533
21130001 7.78379
21140001 7.08028
21150001 6.28883
21160001 7.31134
21170001 6.32647
21180001 6.87767
21190001 7.35207
21200001 6.82261
21210001 7.46025
21220001 7.22906
21230001 8.09373
21240001 9.22025
21250001 7.29834
21260001 5.65269
21270001 7.33131
21280001 6.41208
21290001 6.45965
21300001 7.60236
21310001 6.85195
21320001 7.68937
21330001 8.55109
21340001 7.54747
21350001 9.68928
21360001 7.20653
21370001 5.65811
21380001 7.38212
21390001 6.83124
21400001 6.25699
21410001 7.3433
21420001 6.89378
21430001 6.67065
21440001 8.45902
21450001 7.55914
21460001 9.69863
21470001 7.37519
21480001 5.67449
21490001 7.45778
21500001 6.80292
21510001 6.73154
21520001 7.38612
21530001 7.00352
21540001 6.65623
21550001 6.76395
21560001 6.9415
21570001 9.91091
21580001 6.74426
21590001 5.95465
21600001 6.94215
21610001 7.50851
21620001 7.05793
21630001 6.784
21640001 6.977
21650001 6.87211
21660001 6.77317
21670001 7.91295
21680001 9.86865
21690001 6.85253
21700001 6.00625
21710001 6.33315
21720001 6.57417
21730001 6.3237
21740001 8.02265
21750001 7.01146
21760001 6.88094
21770001 6.7449
21780001 7.97975
21790001 10.3471
21800001 6.81875
21810001 6.06004
21820001 7.58433
21830001 7.32541
21840001 6.84243
21850001 8.18193
21860001 7.11731
21870001 6.90474
21880001 7.3229
21890001 7.16314
21900001 9.88077
21910001 6.99612
21920001 6.21731
21930001 7.26247
21940001 7.54759
21950001 6.2133
21960001 8.18481
21970001 6.93037
21980001 5.78799
21990001 7.88332
22000001 7.39552
22010001 9.33588
22020001 6.83029
22030001 6.22873
22040001 6.23165
22050001 7.10921
22060001 7.6322
22070001 8.10519
22080001 5.92588
22090001 5.76013
22100001 8.65565
22110001 7.41278
22120001 9.76528
22130001 7.48948
22140001 6.43755
22150001 6.26674
22160001 7.1898
22170001 7.69681
22180001 8.1234
22190001 6.11726
22200001 5.79678
22210001 8.79362
22220001 7.07027
22230001 8.5785
22240001 6.87131
22250001 6.53338
22260001 6.32549
22270001 7.92448
22280001 8.38428
22290001 7.87126
22300001 6.14658
22310001 5.7866
22320001 8.54231
22330001 7.08718
22340001 8.56055
22350001 7.25713
22360001 7.02839
22370001 6.67324
22380001 6.63485
22390001 8.83403
22400001 7.38271
22410001 6.06453
22420001 5.80607
22430001 7.94775
22440001 7.16105
22450001 8.98953
22460001 7.40916
22470001 7.7589
22480001 6.48019
22490001 6.60061
22500001 9.05225
22510001 6.56379
22520001 6.35537
22530001 5.82272
22540001 8.0807
22550001 7.66112
22560001 9.53335
22570001 7.90814
22580001 8.37217
22590001 6.11465
22600001 7.16785
22610001 8.57584
22620001 6.48856
22630001 6.32926
22640001 5.85267
22650001 7.79103
22660001 6.77441
22670001 9.54731
22680001 7.95018
22690001 8.16199
22700001 5.96218
22710001 7.00024
22720001 8.42128
22730001 7.10333
22740001 6.72153
22750001 5.98758
22760001 7.83195
22770001 6.76978
22780001 8.78026
22790001 7.44607
22800001 8.16823
22810001 6.01367
22820001 7.3157
22830001 7.57892
22840001 7.04489
22850001 6.68737
22860001 6.12365
22870001 8.1993
22880001 6.84885
22890001 8.84941
22900001 7.74329
22910001 7.08209
22920001 6.29032
22930001 7.31228
22940001 6.32796
22950001 6.88471
22960001 7.35163
22970001 6.27358
22980001 7.46093
22990001 7.23213
23000001 9.30555
23010001 9.1735
23020001 7.28554
23030001 5.65119
23040001 7.32904
23050001 6.41236
23060001 6.45989
23070001 7.3481
23080001 6.85417
23090001 7.68652
23100001 8.54503
23110001 7.54869
23120001 9.68785
23130001 7.20271
23140001 5.65861
23150001 7.37288
23160001 6.83334
23170001 6.25936
23180001 7.9753
23190001 6.8949
23200001 6.66998
23210001 8.45547
23220001 7.5605
23230001 9.69246
23240001 7.37458
23250001 5.67754
23260001 7.46858
23270001 6.79914
23280001 6.73172
23290001 7.38506
23300001 7.00467
23310001 6.64294
23320001 6.76615
23330001 6.96629
23340001 9.94643
23350001 6.74863
23360001 5.90765
23370001 7.5813
23380001 7.5085
23390001 7.19591
23400001 6.78665
23410001 6.9805
23420001 6.87469
23430001 6.77297
23440001 7.91177
23450001 9.86662
23460001 6.84741
23470001 6.00766
23480001 6.3153
23490001 6.577
23500001 6.32467
23510001 8.02094
23520001 7.01239
23530001 6.8778
23540001 6.74426
23550001 7.99308
23560001 10.3429
23570001 6.82121
23580001 6.07101
23590001 7.55862
23600001 7.32475
23610001 6.83869
23620001 8.1649
23630001 7.11064
23640001 6.90689
23650001 7.3286
23660001 7.16514
23670001 9.8786
23680001 6.99696
23690001 6.21174
23700001 7.26821
23710001 7.49639
23720001 6.21356
23730001 8.18283
23740001 6.93335
23750001 5.79203
23760001 7.88411
23770001 7.39752
23780001 9.33408
23790001 6.83153
23800001 6.23143
23810001 6.23222
23820001 7.10195
23830001 6.55966
23840001 8.10082
23850001 5.92348
23860001 6.16027
23870001 8.65738
23880001 7.41164
23890001 9.54845
23900001 7.48789
23910001 6.43768
23920001 6.27147
23930001 7.16249
23940001 7.69783
23950001 8.1199
23960001 6.11169
23970001 5.79162
23980001 8.7854
23990001 7.06821
24000001 8.58409
24010001 6.8645
24020001 6.52709
24030001 6.32951
24040001 7.92805
24050001 8.34326
24060001 7.86788
24070001 6.14636
24080001 5.83805
24090001 8.53328
24100001 7.08785
24110001 8.55956
24120001 7.2532
24130001 7.01434
24140001 6.46003
24150001 6.63968
24160001 8.83453
24170001 7.387
24180001 6.14698
24190001 5.80704
24200001 7.9483
24210001 7.1644
24220001 8.9801
24230001 7.41172
24240001 7.75891
24250001 6.60412
24260001 6.60478
24270001 9.03634
24280001 6.35584
24290001 6.39473
24300001 5.8232
24310001 8.08288
24320001 7.64216
24330001 9.21494
24340001 7.60923
24350001 8.37003
24360001 6.11627
24370001 7.17768
24380001 8.57695
24390001 6.48943
24400001 6.32854
24410001 5.84576
24420001 7.79404
24430001 6.77493
24440001 9.54532
24450001 7.93736
24460001 8.156
24470001 5.9627
24480001 6.99844
24490001 8.41653
24500001 7.10455
24510001 6.68505
24520001 5.98629
24530001 7.83252
24540001 6.76919
24550001 8.7825
24560001 7.44039
24570001 8.17014
24580001 6.01393
24590001 7.36088
24600001 8.37876
24610001 7.04821
24620001 6.6944
24630001 5.99814
24640001 7.97007
24650001 6.84918
24660001 8.88799
24670001 7.72401
24680001 7.08138
24690001 6.28973
24700001 7.31231
24710001 6.3242
24720001 6.95864
24730001 7.34121
24740001 6.27488
24750001 7.46278
24760001 7.23525
24770001 9.3011
24780001 8.65494
24790001 7.2909
24800001 5.65244
24810001 7.35859
24820001 6.40578
24830001 6.45956
24840001 7.34899
24850001 6.8564
24860001 7.68712
24870001 8.53846
24880001 7.54965
24890001 9.68933
24900001 7.20253
24910001 5.66244
24920001 7.3733
24930001 6.82332
24940001 6.25699
24950001 7.94564
24960001 6.89587
24970001 6.66896
24980001 8.59024
24990001 7.55285
25000001 9.68978
25010001 7.3649
25020001 5.67644
25030001 7.46762
25040001 6.83928
25050001 6.73109
25060001 7.37589
25070001 7.00607
25080001 6.64467
25090001 6.76764
25100001 6.9683
25110001 9.94225
25120001 6.74824
25130001 5.90985
25140001 7.57891
25150001 7.51153
25160001 7.19674
25170001 6.79313
25180001 6.9809
25190001 6.71407
25200001 6.77142
25210001 7.91287
25220001 9.87547
25230001 6.81567
25240001 5.94773
25250001 6.31456
25260001 6.57726
25270001 6.32774
25280001 8.01875
25290001 6.96677
25300001 6.88314
25310001 6.74519
25320001 7.99074
25330001 10.3417
25340001 6.82431
25350001 6.0685
25360001 7.55762
25370001 7.32789
25380001 6.55877
25390001 8.18134
25400001 7.11505
25410001 6.8998
25420001 7.32981
25430001 7.33097
25440001 9.92682
25450001 6.99772
25460001 6.20963
25470001 7.2742
25480001 7.49834
25490001 6.20518
25500001 8.18069
25510001 6.93513
25520001 5.79038
25530001 7.88314
25540001 7.39696
25550001 9.32798
25560001 6.81775
25570001 6.23068
25580001 6.23605
25590001 7.10423
25600001 6.56009
25610001 8.09841
25620001 5.92053
25630001 6.16126
25640001 8.66292
25650001 7.41467
25660001 9.49025
25670001 7.50289
25680001 6.43902
25690001 6.27301
25700001 7.16066
25710001 7.69947
25720001 8.11398
25730001 6.10902
25740001 5.79265
25750001 8.79001
25760001 7.07408
25770001 8.52127
25780001 6.96685
25790001 6.52579
25800001 6.33135
25810001 7.92211
25820001 8.36162
25830001 7.87051
25840001 6.14373
25850001 5.82236
25860001 8.53172
25870001 7.08748
25880001 8.55989
25890001 7.2473
25900001 6.99187
25910001 6.46308
25920001 6.64036
25930001 8.8412
25940001 7.38856
25950001 6.14728
25960001 5.80124
25970001 7.94922
25980001 7.17227
25990001 8.85884
26000001 7.46604
26010001 7.75884
26020001 6.60637
26030001 6.59092
26040001 9.05094
26050001 6.3574
26060001 6.39076
26070001 5.82345
26080001 8.08456
26090001 7.64287
26100001 9.2119
26110001 7.61478
26120001 8.36932
26130001 6.11684
26140001 7.2467
26150001 8.57618
26160001 6.48222
26170001 6.33069
26180001 5.84402
26190001 7.79302
26200001 7.49546
26210001 9.54359
26220001 7.93822
26230001 8.14384
26240001 6.37232
26250001 6.87882
26260001 8.39583
26270001 7.10162
26280001 6.6753
26290001 5.98141
26300001 7.8048
26310001 6.76833
26320001 8.80173
26330001 7.1442
26340001 8.16986
26350001 6.01547
26360001 7.02884
26370001 8.38475
26380001 7.02391
26390001 6.69415
26400001 6.00407
26410001 7.95385
26420001 6.84364
26430001 8.88883
26440001 7.72413
26450001 7.07764
26460001 6.29063
26470001 7.31118
26480001 6.32872
26490001 6.96383
26500001 7.34205
26510001 6.20395
26520001 7.46366
26530001 7.1808
26540001 9.63473
26550001 7.92973
26560001 7.32554
26570001 5.65186
26580001 7.36075
26590001 6.40678
26600001 6.45917
26610001 7.33276
26620001 6.86112
26630001 7.69277
26640001 8.52593
26650001 7.552
26660001 9.69147
26670001 7.20402
26680001 5.66109
26690001 7.37438
26700001 6.8676
26710001 6.19223
26720001 7.93653
26730001 6.88815
26740001 6.63848
26750001 8.44222
26760001 7.55644
26770001 9.63805
26780001 7.37281
26790001 5.67495
26800001 7.46716
26810001 6.83059
26820001 6.73196
26830001 7.4019
26840001 7.00885
26850001 6.64365
26860001 6.76999
26870001 6.94016
26880001 9.94418
26890001 7.33763
26900001 5.91077
26910001 7.57721
26920001 7.50448
26930001 7.1938
26940001 6.78231
26950001 6.98364
26960001 6.71624
26970001 6.77531
26980001 7.91481
26990001 9.88315
27000001 6.80381
27010001 5.946
27020001 6.31299
27030001 6.57665
27040001 6.34815
27050001 8.02253
27060001 6.96053
27070001 6.88607
27080001 6.75029
27090001 7.99858
27100001 10.3527
27110001 6.81856
27120001 6.059
27130001 7.5604
27140001 7.32836
27150001 6.55859
27160001 8.15105
27170001 7.12551
27180001 6.90239
27190001 7.18276
27200001 7.33234
27210001 9.92628
27220001 6.9297
27230001 6.21754
27240001 7.57389
27250001 7.48164
27260001 6.20849
27270001 8.18372
27280001 6.93202
27290001 5.78287
27300001 7.88672
27310001 7.39566
27320001 9.28507
27330001 6.81509
27340001 6.23311
27350001 6.22786
27360001 7.111
27370001 6.56039
27380001 7.83775
27390001 5.91499
27400001 6.16263
27410001 8.55097
27420001 7.41612
27430001 9.85558
27440001 6.93102
27450001 6.44078
27460001 6.2736
27470001 7.15597
27480001 7.70219
27490001 8.07659
27500001 6.02876
27510001 5.79472
27520001 8.82421
27530001 7.0779
27540001 8.5221
27550001 6.96606
27560001 6.52327
27570001 6.33118
27580001 7.93382
27590001 8.36127
27600001 7.86933
27610001 6.14153
27620001 5.81817
27630001 8.5289
27640001 7.0859
27650001 8.60092
27660001 7.22356
27670001 6.9929
27680001 6.08084
27690001 6.61339
27700001 8.84124
27710001 7.39039
27720001 6.15307
27730001 5.80356
27740001 7.94963
27750001 7.171
27760001 8.85818
27770001 7.41239
27780001 7.76005
27790001 6.59148
27800001 6.60991
27810001 9.05471
27820001 6.67732
27830001 6.39525
27840001 5.82427
27850001 8.08728
27860001 7.6435
27870001 9.21778
27880001 7.61673
27890001 7.82657
27900001 6.12141
27910001 7.1724
27920001 8.57475
27930001 6.47805
27940001 6.31855
27950001 5.82801
27960001 7.79451
27970001 7.4933
27980001 9.54177
27990001 7.93411
28000001 8.14641
28010001 6.36875
28020001 6.88086
28030001 9.09905
28040001 7.01982
28050001 6.67167
28060001 5.98315
28070001 7.80346
28080001 6.78581
28090001 9.03736
28100001 7.14801
28110001 8.16971
28120001 5.94213
28130001 7.03182
28140001 8.37738
28150001 7.03026
28160001 6.69509
28170001 6.00682
28180001 7.95494
28190001 6.84161
28200001 8.93372
28210001 7.72794
28220001 7.07488
28230001 6.30136
28240001 7.31277
28250001 6.36456
28260001 6.9651
28270001 7.34219
28280001 6.22945
28290001 7.46432
28300001 7.18039
28310001 9.6345
28320001 7.92977
28330001 7.32769
28340001 6.30603
28350001 7.34744
28360001 6.40095
28370001 6.47724
28380001 7.33154
28390001 6.86191
28400001 7.69251
28410001 8.51152
28420001 7.55397
28430001 9.59268
28440001 7.20305
28450001 5.66328
28460001 7.3742
28470001 6.87042
28480001 6.5554
28490001 7.92353
28500001 6.88774
28510001 6.63669
28520001 8.44346
28530001 7.55538
28540001 9.6394
28550001 7.36004
28560001 5.67418
28570001 7.46669
28580001 6.81176
28590001 6.73155
28600001 7.4086
28610001 7.009
28620001 6.6434
28630001 6.75991
28640001 6.90918
28650001 9.94928
28660001 7.34166
28670001 5.86653
28680001 7.57904
28690001 7.50563
28700001 7.18032
28710001 6.78208
28720001 6.98961
28730001 6.71796
28740001 6.7783
28750001 7.91662
28760001 9.88387
28770001 6.80309
28780001 5.94937
28790001 6.30046
28800001 6.54642
28810001 6.35084
28820001 8.01675
28830001 6.95732
28840001 6.88576
28850001 6.74512
28860001 7.80953
28870001 10.3549
28880001 6.81724
28890001 6.05993
28900001 7.56048
28910001 8.11507
28920001 6.55579
28930001 8.15108
28940001 7.12617
28950001 6.89896
28960001 7.18241
28970001 7.33389
28980001 9.92594
28990001 6.93619
29000001 6.21356
29010001 7.64852
29020001 7.48373
29030001 6.20379
29040001 8.18478
29050001 6.92914
29060001 5.77227
29070001 7.88755
29080001 7.38931
29090001 9.25971
29100001 6.81792
29110001 6.22715
29120001 7.13204
29130001 7.08188
29140001 6.55151
29150001 8.27419
29160001 5.95702
29170001 6.16273
29180001 8.57604
29190001 7.41282
29200001 9.05149
29210001 6.92353
29220001 6.44044
29230001 6.27171
29240001 7.10869
29250001 7.68911
29260001 8.07612
29270001 6.02795
29280001 5.78427
29290001 8.82756
29300001 7.07722
29310001 8.52071
29320001 6.96442
29330001 6.4413
29340001 6.33102
29350001 7.94108
29360001 8.36305
29370001 7.86291
29380001 6.14151
29390001 5.82151
29400001 8.53244
29410001 7.08263
29420001 8.59983
29430001 7.21799
29440001 6.99376
29450001 6.09082
29460001 6.61183
29470001 8.78989
29480001 7.37888
29490001 6.1508
29500001 5.80699
29510001 7.94931
29520001 7.17518
29530001 8.86161
29540001 7.40511
29550001 7.75943
29560001 6.59417
29570001 6.60988
29580001 9.05838
29590001 6.6713
29600001 6.39289
29610001 5.82516
29620001 8.08234
29630001 7.64341
29640001 9.21755
29650001 7.62063
29660001 7.82931
29670001 6.12329
29680001 6.98446
29690001 8.54083
29700001 6.47257
29710001 6.31701
29720001 5.82142
29730001 7.79924
29740001 7.49481
29750001 9.54249
29760001 8.16242
29770001 8.1459
29780001 6.37417
29790001 6.76175
29800001 9.10111
29810001 6.99227
29820001 6.66655
29830001 5.94882
29840001 7.80312
29850001 6.78782
29860001 9.14038
29870001 7.29022
29880001 8.17095
29890001 5.94346
29900001 7.03219
29910001 8.36107
29920001 7.02824
29930001 6.69536
29940001 6.00084
29950001 7.95446
29960001 6.84271
29970001 8.93461
29980001 7.72831
29990001 7.08151
