1 31.3326
10001 12.5272
20001 9.45622
30001 7.96655
40001 7.10825
50001 6.56784
60001 6.20444
70001 5.94578
80001 5.75385
90001 5.60988
100001 5.48877
110001 5.39271
120001 5.31473
130001 5.24377
140001 5.18508
150001 5.1317
160001 5.08694
170001 5.04795
180001 5.01046
190001 4.97491
200001 4.94367
210001 4.91765
220001 4.89225
230001 4.86451
240001 4.83893
250001 4.8161
260001 4.79162
270001 4.77017
280001 4.75108
290001 4.73092
300001 4.71375
310001 4.69863
320001 4.67931
330001 4.66104
340001 4.64748
350001 4.62927
360001 4.6138
370001 4.59716
380001 4.58402
390001 4.57147
400001 4.55647
410001 4.54392
420001 4.53102
430001 4.5226
440001 4.51263
450001 4.49874
460001 4.48336
470001 4.47383
480001 4.45999
490001 4.447
500001 4.43748
510001 4.42552
520001 4.41735
530001 4.40886
540001 4.39627
550001 4.38404
560001 4.37611
570001 4.36523
580001 4.35472
590001 4.34334
600001 4.33537
610001 4.32782
620001 4.31743
630001 4.31
640001 4.30128
650001 4.29692
660001 4.29087
670001 4.28146
680001 4.26912
690001 4.2634
700001 4.25254
710001 4.2426
720001 4.2348
730001 4.22814
740001 4.22101
750001 4.21768
760001 4.20766
770001 4.19831
780001 4.19281
790001 4.18463
800001 4.17704
810001 4.16767
820001 4.16216
830001 4.15667
840001 4.14908
850001 4.1415
860001 4.13728
870001 4.13528
880001 4.13159
890001 4.12259
900001 4.11361
910001 4.10969
920001 4.10132
930001 4.09231
940001 4.08734
950001 4.08109
960001 4.07612
970001 4.0743
980001 4.0686
990001 4.0599
1000001 4.05522
1010001 4.04941
1020001 4.04269
1030001 4.03498
1040001 4.03074
1050001 4.02671
1060001 4.02102
1070001 4.01496
1080001 4.01032
1090001 4.0106
1100001 4.00816
1110001 4.00075
1120001 3.99383
1130001 3.99105
1140001 3.98395
1150001 3.9764
1160001 3.97188
1170001 3.96726
1180001 3.96358
1190001 3.96153
1200001 3.95792
1210001 3.95181
1220001 3.94712
1230001 3.94258
1240001 3.93757
1250001 3.93007
1260001 3.92436
1270001 3.92378
1280001 3.91984
1290001 3.9144
1300001 3.91036
1310001 3.91189
1320001 3.90935
1330001 3.90433
1340001 3.89763
1350001 3.89253
1360001 3.88983
1370001 3.88334
1380001 3.87741
1390001 3.87512
1400001 3.87117
1410001 3.86793
1420001 3.8703
1430001 3.86267
1440001 3.85696
1450001 3.85617
1460001 3.84827
1470001 3.84452
1480001 3.8393
1490001 3.83848
1500001 3.83692
1510001 3.83157
1520001 3.82814
1530001 3.83039
1540001 3.82778
1550001 3.82503
1560001 3.81874
1570001 3.81379
1580001 3.81194
1590001 3.8052
1600001 3.80103
1610001 3.79886
1620001 3.79527
1630001 3.79299
1640001 3.79616
1650001 3.78765
1660001 3.78412
1670001 3.78357
1680001 3.77659
1690001 3.77353
1700001 3.76783
1710001 3.7681
1720001 3.76669
1730001 3.76365
1740001 3.75894
1750001 3.75642
1760001 3.75827
1770001 3.7578
1780001 3.75162
1790001 3.74738
1800001 3.74647
1810001 3.73975
1820001 3.73638
1830001 3.73447
1840001 3.73178
1850001 3.72998
1860001 3.73321
1870001 3.72492
1880001 3.72184
1890001 3.72212
1900001 3.71517
1910001 3.71257
1920001 3.70748
1930001 3.70646
1940001 3.707
1950001 3.70438
1960001 3.70012
1970001 3.69819
1980001 3.70025
1990001 3.70049
2000001 3.69553
2010001 3.69153
2020001 3.68942
2030001 3.68374
2040001 3.68075
2050001 3.67964
2060001 3.67608
2070001 3.67548
2080001 3.6766
2090001 3.67158
2100001 3.66724
2110001 3.66822
2120001 3.66263
2130001 3.66012
2140001 3.65554
2150001 3.65486
2160001 3.65451
2170001 3.65065
2180001 3.64944
2190001 3.64745
2200001 3.65064
2210001 3.65157
2220001 3.64734
2230001 3.64099
2240001 3.64154
2250001 3.63654
2260001 3.63238
2270001 3.63213
2280001 3.62868
2290001 3.62965
2300001 3.62998
2310001 3.62524
2320001 3.62048
2330001 3.6209
2340001 3.61758
2350001 3.61448
2360001 3.61019
2370001 3.60982
2380001 3.6098
2390001 3.6062
2400001 3.60598
2410001 3.6041
2420001 3.60719
2430001 3.60824
2440001 3.6048
2450001 3.59838
2460001 3.59936
2470001 3.59412
2480001 3.58979
2490001 3.58806
2500001 3.58743
2510001 3.58617
2520001 3.58926
2530001 3.58437
2540001 3.58015
2550001 3.5804
2560001 3.57739
2570001 3.57495
2580001 3.57038
2590001 3.57016
2600001 3.56996
2610001 3.56718
2620001 3.56432
2630001 3.56529
2640001 3.56875
2650001 3.57018
2660001 3.56537
2670001 3.56052
2680001 3.56138
2690001 3.55715
2700001 3.55206
2710001 3.55156
2720001 3.54952
2730001 3.54889
2740001 3.55179
2750001 3.5487
2760001 3.54505
2770001 3.54451
2780001 3.54258
2790001 3.53957
2800001 3.53536
2810001 3.53507
2820001 3.53496
2830001 3.5329
2840001 3.53036
2850001 3.5294
2860001 3.53395
2870001 3.53537
2880001 3.53111
2890001 3.52735
2900001 3.52824
2910001 3.52421
2920001 3.51961
2930001 3.51841
2940001 3.51702
2950001 3.51667
2960001 3.51811
2970001 3.51775
2980001 3.51433
2990001 3.51286
3000001 3.51134
3010001 3.50923
3020001 3.5043
3030001 3.50135
3040001 3.504
3050001 3.50305
3060001 3.50029
3070001 3.49906
3080001 3.50401
3090001 3.50438
3100001 3.50195
3110001 3.49764
3120001 3.49507
3130001 3.49509
3140001 3.49095
3150001 3.48736
3160001 3.4878
3170001 3.48635
3180001 3.48566
3190001 3.48952
3200001 3.48566
3210001 3.48204
3220001 3.48394
3230001 3.47796
3240001 3.47654
3250001 3.47348
3260001 3.47524
3270001 3.47615
3280001 3.47286
3290001 3.47166
3300001 3.47669
3310001 3.47636
3320001 3.47569
3330001 3.47139
3340001 3.46841
3350001 3.46883
3360001 3.46384
3370001 3.46165
3380001 3.46165
3390001 3.46018
3400001 3.45987
3410001 3.46563
3420001 3.45858
3430001 3.45696
3440001 3.4586
3450001 3.45317
3460001 3.45202
3470001 3.44796
3480001 3.4504
3490001 3.451
3500001 3.44977
3510001 3.44672
3520001 3.44606
3530001 3.45011
3540001 3.45163
3550001 3.44693
3560001 3.44431
3570001 3.4453
3580001 3.43995
3590001 3.43823
3600001 3.43808
3610001 3.43707
3620001 3.43701
3630001 3.44239
3640001 3.43525
3650001 3.43375
3660001 3.43587
3670001 3.43017
3680001 3.42915
3690001 3.4254
3700001 3.42607
3710001 3.42841
3720001 3.42729
3730001 3.42442
3740001 3.42403
3750001 3.42795
3760001 3.42989
3770001 3.42619
3780001 3.42355
3790001 3.42291
3800001 3.41841
3810001 3.41675
3820001 3.4172
3830001 3.41489
3840001 3.41559
3850001 3.41864
3860001 3.41478
3870001 3.41164
3880001 3.41422
3890001 3.40965
3900001 3.40852
3910001 3.40509
3920001 3.40584
3930001 3.40689
3940001 3.40423
3950001 3.40436
3960001 3.40364
3970001 3.40849
3980001 3.4109
3990001 3.40769
4000001 3.40236
4010001 3.40433
4020001 3.40033
4030001 3.39724
4040001 3.39832
4050001 3.39597
4060001 3.39833
4070001 3.4
4080001 3.39624
4090001 3.39194
4100001 3.39417
4110001 3.39181
4120001 3.38988
4130001 3.38647
4140001 3.38741
4150001 3.38863
4160001 3.38602
4170001 3.38701
4180001 3.38622
4190001 3.3907
4200001 3.39301
4210001 3.39053
4220001 3.3849
4230001 3.38712
4240001 3.3827
4250001 3.37927
4260001 3.37857
4270001 3.37889
4280001 3.37884
4290001 3.38325
4300001 3.37916
4310001 3.37578
4320001 3.37715
4330001 3.37505
4340001 3.37326
4350001 3.36979
4360001 3.37062
4370001 3.37147
4380001 3.36959
4390001 3.37002
4400001 3.36967
4410001 3.37435
4420001 3.3769
4430001 3.37283
4440001 3.36873
4450001 3.37066
4460001 3.36717
4470001 3.36399
4480001 3.36326
4490001 3.36209
4500001 3.36238
4510001 3.36643
4520001 3.36398
4530001 3.36123
4540001 3.36161
4550001 3.36032
4560001 3.35825
4570001 3.35478
4580001 3.35538
4590001 3.3562
4600001 3.35494
4610001 3.35318
4620001 3.35313
4630001 3.35874
4640001 3.36106
4650001 3.35755
4660001 3.35448
4670001 3.3563
4680001 3.35292
4690001 3.34895
4700001 3.34855
4710001 3.34788
4720001 3.34842
4730001 3.35227
4740001 3.35116
4750001 3.34842
4760001 3.34778
4770001 3.347
4780001 3.34561
4790001 3.34125
4800001 3.33897
4810001 3.34255
4820001 3.34235
4830001 3.34023
4840001 3.33975
4850001 3.3457
4860001 3.34688
4870001 3.34512
4880001 3.34139
4890001 3.33947
4900001 3.34025
4910001 3.33667
4920001 3.33368
4930001 3.33489
4940001 3.33412
4950001 3.33414
4960001 3.3389
4970001 3.3356
4980001 3.3325
4990001 3.33525
5000001 3.32973
5010001 3.32897
5020001 3.32648
5030001 3.32903
5040001 3.33068
5050001 3.3279
5060001 3.32738
5070001 3.33331
5080001 3.33319
5090001 3.33311
5100001 3.32953
5110001 3.32744
5120001 3.32855
5130001 3.32401
5140001 3.3224
5150001 3.32302
5160001 3.3222
5170001 3.32254
5180001 3.32917
5190001 3.32249
5200001 3.32144
5210001 3.32379
5220001 3.31855
5230001 3.31822
5240001 3.31463
5250001 3.31779
5260001 3.31904
5270001 3.31829
5280001 3.31582
5290001 3.31575
5300001 3.32057
5310001 3.32276
5320001 3.31858
5330001 3.31637
5340001 3.318
5350001 3.31304
5360001 3.31184
5370001 3.31229
5380001 3.31182
5390001 3.31236
5400001 3.31831
5410001 3.31168
5420001 3.31068
5430001 3.31347
5440001 3.30812
5450001 3.30763
5460001 3.3043
5470001 3.30556
5480001 3.30854
5490001 3.30763
5500001 3.30551
5510001 3.30565
5520001 3.31025
5530001 3.31279
5540001 3.30953
5550001 3.30716
5560001 3.30721
5570001 3.30308
5580001 3.30177
5590001 3.30289
5600001 3.30103
5610001 3.30228
5620001 3.30592
5630001 3.30247
5640001 3.29974
5650001 3.30289
5660001 3.29871
5670001 3.29805
5680001 3.29501
5690001 3.29627
5700001 3.29787
5710001 3.29561
5720001 3.29624
5730001 3.29573
5740001 3.30126
5750001 3.30446
5760001 3.30098
5770001 3.29662
5780001 3.29915
5790001 3.29549
5800001 3.29277
5810001 3.29438
5820001 3.29243
5830001 3.29532
5840001 3.29751
5850001 3.2941
5860001 3.29012
5870001 3.29289
5880001 3.29092
5890001 3.28938
5900001 3.28632
5910001 3.28768
5920001 3.28945
5930001 3.28721
5940001 3.28867
5950001 3.28831
5960001 3.29334
5970001 3.29618
5980001 3.29407
5990001 3.28871
6000001 3.29144
6010001 3.28731
6020001 3.28421
6030001 3.28393
6040001 3.28471
6050001 3.28506
6060001 3.29002
6070001 3.28623
6080001 3.28317
6090001 3.285
6100001 3.28326
6110001 3.28183
6120001 3.27867
6130001 3.27993
6140001 3.2812
6150001 3.27968
6160001 3.2805
6170001 3.28057
6180001 3.28577
6190001 3.28879
6200001 3.28502
6210001 3.2812
6220001 3.28358
6230001 3.2804
6240001 3.2775
6250001 3.27712
6260001 3.27624
6270001 3.27704
6280001 3.28158
6290001 3.27893
6300001 3.27698
6310001 3.27776
6320001 3.27682
6330001 3.27507
6340001 3.27189
6350001 3.27286
6360001 3.27408
6370001 3.27316
6380001 3.27172
6390001 3.27204
6400001 3.27814
6410001 3.28086
6420001 3.27765
6430001 3.27486
6440001 3.2771
6450001 3.27382
6460001 3.27028
6470001 3.27022
6480001 3.26983
6490001 3.2708
6500001 3.2751
6510001 3.2743
6520001 3.27098
6530001 3.27153
6540001 3.27107
6550001 3.27
6560001 3.26571
6570001 3.26388
6580001 3.26783
6590001 3.26801
6600001 3.26617
6610001 3.26602
6620001 3.27243
6630001 3.27396
6640001 3.27246
6650001 3.26899
6660001 3.26739
6670001 3.26851
6680001 3.26518
6690001 3.26245
6700001 3.264
6710001 3.26354
6720001 3.26389
6730001 3.26901
6740001 3.266
6750001 3.26314
6760001 3.26628
6770001 3.26096
6780001 3.26031
6790001 3.25826
6800001 3.26116
6810001 3.26258
6820001 3.26061
6830001 3.2604
6840001 3.26674
6850001 3.26735
6860001 3.26716
6870001 3.26381
6880001 3.26192
6890001 3.26342
6900001 3.25908
6910001 3.25772
6920001 3.25867
6930001 3.25812
6940001 3.25877
6950001 3.26581
6960001 3.25923
6970001 3.25851
6980001 3.26119
6990001 3.25609
7000001 3.25608
7010001 3.25272
7020001 3.25621
7030001 3.25777
7040001 3.25728
7050001 3.25505
7060001 3.25526
7070001 3.26038
7080001 3.26295
7090001 3.25897
7100001 3.25701
7110001 3.25894
7120001 3.25416
7130001 3.25321
7140001 3.25394
7150001 3.25374
7160001 3.25425
7170001 3.26088
7180001 3.2544
7190001 3.25361
7200001 3.25673
7210001 3.25157
7220001 3.25134
7230001 3.24821
7240001 3.24974
7250001 3.25304
7260001 3.25237
7270001 3.25048
7280001 3.25088
7290001 3.25606
7300001 3.2585
7310001 3.25554
7320001 3.25344
7330001 3.25375
7340001 3.24979
7350001 3.24871
7360001 3.2501
7370001 3.24846
7380001 3.24999
7390001 3.25393
7400001 3.25067
7410001 3.24813
7420001 3.25146
7430001 3.24758
7440001 3.24716
7450001 3.24431
7460001 3.24583
7470001 3.24765
7480001 3.24564
7490001 3.24651
7500001 3.24623
7510001 3.25207
7520001 3.25557
7530001 3.25227
7540001 3.25017
7550001 3.25089
7560001 3.24741
7570001 3.24481
7580001 3.24665
7590001 3.24499
7600001 3.24816
7610001 3.2503
7620001 3.24737
7630001 3.24356
7640001 3.2466
7650001 3.24482
7660001 3.24349
7670001 3.24061
7680001 3.2422
7690001 3.24422
7700001 3.24217
7710001 3.24387
7720001 3.24372
7730001 3.24904
7740001 3.25213
7750001 3.25022
7760001 3.24489
7770001 3.24771
7780001 3.24402
7790001 3.24109
7800001 3.24102
7810001 3.24204
7820001 3.2426
7830001 3.24783
7840001 3.244
7850001 3.24131
7860001 3.24338
7870001 3.24182
7880001 3.24058
7890001 3.2376
7900001 3.23907
7910001 3.24056
7920001 3.23923
7930001 3.24026
7940001 3.24055
7950001 3.246
7960001 3.24926
7970001 3.24564
7980001 3.24199
7990001 3.24461
8000001 3.24158
8010001 3.23885
8020001 3.23866
8030001 3.23797
8040001 3.23894
8050001 3.24377
8060001 3.24128
8070001 3.23878
8080001 3.24049
8090001 3.23973
8100001 3.23813
8110001 3.23512
8120001 3.2363
8130001 3.23768
8140001 3.23693
8150001 3.23554
8160001 3.23623
8170001 3.24254
8180001 3.24552
8190001 3.24217
8200001 3.2398
8210001 3.2423
8220001 3.23916
8230001 3.23576
8240001 3.23647
8250001 3.23569
8260001 3.23657
8270001 3.24134
8280001 3.24075
8290001 3.2375
8300001 3.2383
8310001 3.23803
8320001 3.23711
8330001 3.23298
8340001 3.2313
8350001 3.23547
8360001 3.23582
8370001 3.23414
8380001 3.23415
8390001 3.2408
8400001 3.24246
8410001 3.2412
8420001 3.23784
8430001 3.23643
8440001 3.23774
8450001 3.23452
8460001 3.23196
8470001 3.2337
8480001 3.23341
8490001 3.23394
8500001 3.23927
8510001 3.23637
8520001 3.23368
8530001 3.23702
8540001 3.23182
8550001 3.23122
8560001 3.22944
8570001 3.23252
8580001 3.23412
8590001 3.23229
8600001 3.23225
8610001 3.23977
8620001 3.23957
8630001 3.23955
8640001 3.23609
8650001 3.2346
8660001 3.23623
8670001 3.23278
8680001 3.23085
8690001 3.23197
8700001 3.23157
8710001 3.23238
8720001 3.23964
8730001 3.23311
8740001 3.23258
8750001 3.23542
8760001 3.23041
8770001 3.23062
8780001 3.22739
8790001 3.23106
8800001 3.23278
8810001 3.23245
8820001 3.23035
8830001 3.23072
8840001 3.23602
8850001 3.23876
8860001 3.23491
8870001 3.23309
8880001 3.2352
8890001 3.23052
8900001 3.22972
8910001 3.23061
8920001 3.23055
8930001 3.23122
8940001 3.23804
8950001 3.23174
8960001 3.23101
8970001 3.23431
8980001 3.22924
8990001 3.22917
9000001 3.22617
9010001 3.22785
9020001 3.23132
9030001 3.23078
9040001 3.22902
9050001 3.22957
9060001 3.23492
9070001 3.23753
9080001 3.23429
9090001 3.23273
9100001 3.23318
9110001 3.22933
9120001 3.2279
9130001 3.22993
9140001 3.22841
9150001 3.2301
9160001 3.2342
9170001 3.23103
9180001 3.22864
9190001 3.23212
9200001 3.22836
9210001 3.22807
9220001 3.22535
9230001 3.22697
9240001 3.22897
9250001 3.22708
9260001 3.2281
9270001 3.22794
9280001 3.23395
9290001 3.2376
9300001 3.23417
9310001 3.23246
9320001 3.23332
9330001 3.22994
9340001 3.22746
9350001 3.22944
9360001 3.2279
9370001 3.23123
9380001 3.23351
9390001 3.23054
9400001 3.22733
9410001 3.23017
9420001 3.22853
9430001 3.22731
9440001 3.22454
9450001 3.22627
9460001 3.22842
9470001 3.22649
9480001 3.22833
9490001 3.2283
9500001 3.23375
9510001 3.237
9520001 3.2352
9530001 3.22998
9540001 3.23293
9550001 3.22936
9560001 3.22653
9570001 3.22658
9580001 3.22772
9590001 3.22841
9600001 3.23381
9610001 3.23008
9620001 3.22746
9630001 3.2297
9640001 3.22825
9650001 3.22713
9660001 3.22425
9670001 3.22584
9680001 3.22746
9690001 3.22624
9700001 3.22741
9710001 3.22781
9720001 3.23339
9730001 3.23679
9740001 3.23328
9750001 3.22973
9760001 3.23249
9770001 3.22956
9780001 3.22689
9790001 3.22686
9800001 3.22629
9810001 3.22737
9820001 3.23351
9830001 3.22995
9840001 3.22755
9850001 3.22939
9860001 3.22872
9870001 3.22725
9880001 3.22435
9890001 3.22563
9900001 3.22713
9910001 3.22649
9920001 3.22521
9930001 3.22601
9940001 3.2329
9950001 3.23553
9960001 3.23231
9970001 3.23004
9980001 3.23267
9990001 3.22962
10000001 3.22629
10010001 3.22715
10020001 3.22646
10030001 3.22747
10040001 3.23237
10050001 3.23187
10060001 3.22872
10070001 3.22963
10080001 3.22946
10090001 3.22865
10100001 3.22462
10110001 3.22305
10120001 3.22732
10130001 3.22779
10140001 3.22621
10150001 3.22632
10160001 3.23308
10170001 3.23485
10180001 3.2337
10190001 3.23044
10200001 3.22914
10210001 3.23055
10220001 3.2273
10230001 3.22494
10240001 3.22682
10250001 3.22654
10260001 3.22715
10270001 3.2327
10280001 3.2299
10290001 3.22723
10300001 3.23075
10310001 3.22564
10320001 3.2251
10330001 3.22346
10340001 3.22665
10350001 3.22833
10360001 3.22661
10370001 3.22667
10380001 3.23429
10390001 3.23398
10400001 3.23428
10410001 3.23092
10420001 3.22953
10430001 3.23126
10440001 3.2279
10450001 3.22603
10460001 3.22727
10470001 3.22698
10480001 3.2279
10490001 3.23526
10500001 3.22882
10510001 3.22838
10520001 3.23131
10530001 3.2264
10540001 3.22666
10550001 3.22357
10560001 3.22733
10570001 3.22915
10580001 3.22879
10590001 3.2269
10600001 3.22737
10610001 3.23276
10620001 3.23559
10630001 3.23185
10640001 3.23012
10650001 3.23232
10660001 3.22773
10670001 3.22702
10680001 3.228
10690001 3.22804
10700001 3.2288
10710001 3.23572
10720001 3.22951
10730001 3.22885
10740001 3.23225
10750001 3.22728
10760001 3.2273
10770001 3.22437
10780001 3.22613
10790001 3.22971
10800001 3.22926
10810001 3.22759
10820001 3.22821
10830001 3.23366
10840001 3.23636
10850001 3.23321
10860001 3.23175
10870001 3.23222
10880001 3.22852
10890001 3.22717
10900001 3.2293
10910001 3.22786
10920001 3.22964
10930001 3.23383
10940001 3.23074
10950001 3.22844
10960001 3.232
10970001 3.22833
10980001 3.22813
10990001 3.22549
11000001 3.2272
11010001 3.22928
11020001 3.22747
11030001 3.22857
11040001 3.22849
11050001 3.23458
11060001 3.23833
11070001 3.23498
11080001 3.23335
11090001 3.2343
11100001 3.231
11110001 3.2286
11120001 3.23068
11130001 3.22922
11140001 3.23263
11150001 3.23499
11160001 3.23209
11170001 3.22898
11180001 3.2319
11190001 3.23033
11200001 3.2292
11210001 3.22651
11220001 3.22831
11230001 3.23054
11240001 3.22869
11250001 3.23061
11260001 3.23066
11270001 3.23618
11280001 3.2395
11290001 3.23779
11300001 3.23266
11310001 3.2357
11320001 3.23219
11330001 3.22945
11340001 3.22958
11350001 3.2308
11360001 3.23155
11370001 3.23702
11380001 3.23339
11390001 3.23081
11400001 3.23317
11410001 3.2318
11420001 3.23075
11430001 3.22794
11440001 3.22962
11450001 3.2313
11460001 3.23017
11470001 3.23141
11480001 3.23188
11490001 3.23752
11500001 3.241
11510001 3.23757
11520001 3.23411
11530001 3.23695
11540001 3.23409
11550001 3.23149
11560001 3.23154
11570001 3.23105
11580001 3.23412
11590001 3.23806
11600001 3.23484
11610001 3.23258
11620001 3.23452
11630001 3.23392
11640001 3.23253
11650001 3.22969
11660001 3.23104
11670001 3.23261
11680001 3.23204
11690001 3.23084
11700001 3.23172
11710001 3.23877
11720001 3.24136
11730001 3.23821
11740001 3.23602
11750001 3.23864
11760001 3.23575
11770001 3.2325
11780001 3.23342
11790001 3.23281
11800001 3.23389
11810001 3.23885
11820001 3.23842
11830001 3.23533
11840001 3.23633
11850001 3.2362
11860001 3.23548
11870001 3.23153
11880001 3.23001
11890001 3.23436
11900001 3.23489
11910001 3.23339
11920001 3.23357
11930001 3.24037
11940001 3.24221
11950001 3.24113
11960001 3.23796
11970001 3.23672
11980001 3.23818
11990001 3.23461
12000001 3.23379
12010001 3.23468
12020001 3.23447
12030001 3.23515
12040001 3.24075
12050001 3.23802
12060001 3.2384
12070001 3.23887
12080001 3.23376
12090001 3.23349
12100001 3.23193
12110001 3.23516
12120001 3.23691
12130001 3.23526
12140001 3.23539
12150001 3.24304
12160001 3.24278
12170001 3.24317
12180001 3.23988
12190001 3.23856
12200001 3.24035
12210001 3.23706
12220001 3.23526
12230001 3.23657
12240001 3.23627
12250001 3.23732
12260001 3.24473
12270001 3.23837
12280001 3.23799
12290001 3.24098
12300001 3.23614
12310001 3.23641
12320001 3.23344
12330001 3.23726
12340001 3.23913
12350001 3.23883
12360001 3.23701
12370001 3.23754
12380001 3.24297
12390001 3.24586
12400001 3.24219
12410001 3.24053
12420001 3.24279
12430001 3.23828
12440001 3.23762
12450001 3.23866
12460001 3.23862
12470001 3.23959
12480001 3.24655
12490001 3.24037
12500001 3.23981
12510001 3.24326
12520001 3.23836
12530001 3.23845
12540001 3.23558
12550001 3.23737
12560001 3.24102
12570001 3.24031
12580001 3.23903
12590001 3.23971
12600001 3.24519
12610001 3.24795
12620001 3.24483
12630001 3.24342
12640001 3.244
12650001 3.24031
12660001 3.23906
12670001 3.24126
12680001 3.23989
12690001 3.24169
12700001 3.24594
12710001 3.24293
12720001 3.24067
12730001 3.2443
12740001 3.2407
12750001 3.24056
12760001 3.23798
12770001 3.23973
12780001 3.24187
12790001 3.24012
12800001 3.24128
12810001 3.24065
12820001 3.24737
12830001 3.25116
12840001 3.24789
12850001 3.24633
12860001 3.24733
12870001 3.24322
12880001 3.24175
12890001 3.24387
12900001 3.24249
12910001 3.24595
12920001 3.24834
12930001 3.24551
12940001 3.24246
12950001 3.24543
12960001 3.24392
12970001 3.24285
12980001 3.24023
12990001 3.24207
13000001 3.24435
13010001 3.24255
13020001 3.24452
13030001 3.24462
13040001 3.25016
13050001 3.25353
13060001 3.25189
13070001 3.24683
13080001 3.24992
13090001 3.24647
13100001 3.24378
13110001 3.24397
13120001 3.24524
13130001 3.24601
13140001 3.25154
13150001 3.24798
13160001 3.24539
13170001 3.24785
13180001 3.24655
13190001 3.24556
13200001 3.24281
13210001 3.24453
13220001 3.24626
13230001 3.24516
13240001 3.24647
13250001 3.24696
13260001 3.25264
13270001 3.25617
13280001 3.2528
13290001 3.24941
13300001 3.2523
13310001 3.24949
13320001 3.24696
13330001 3.24706
13340001 3.24653
13350001 3.24974
13360001 3.25371
13370001 3.25055
13380001 3.24835
13390001 3.25032
13400001 3.24978
13410001 3.24844
13420001 3.24568
13430001 3.24706
13440001 3.24867
13450001 3.24815
13460001 3.24701
13470001 3.24793
13480001 3.25499
13490001 3.25761
13500001 3.25466
13510001 3.25241
13520001 3.25507
13530001 3.25224
13540001 3.24905
13550001 3.25005
13560001 3.24946
13570001 3.25058
13580001 3.25554
13590001 3.25518
13600001 3.25215
13610001 3.25318
13620001 3.25309
13630001 3.25198
13640001 3.24857
13650001 3.2471
13660001 3.25147
13670001 3.25204
13680001 3.25059
13690001 3.25082
13700001 3.25763
13710001 3.25951
13720001 3.25849
13730001 3.25537
13740001 3.2542
13750001 3.25569
13760001 3.25217
13770001 3.25142
13780001 3.25235
13790001 3.25215
13800001 3.25257
13810001 3.25853
13820001 3.25585
13830001 3.25591
13840001 3.25674
13850001 3.25176
13860001 3.25151
13870001 3.25002
13880001 3.25328
13890001 3.25507
13900001 3.25347
13910001 3.25364
13920001 3.26122
13930001 3.26106
13940001 3.26151
13950001 3.25829
13960001 3.25699
13970001 3.25885
13980001 3.25562
13990001 3.25387
14000001 3.25522
14010001 3.25496
14020001 3.25605
14030001 3.26347
14040001 3.25701
14050001 3.25685
14060001 3.25986
14070001 3.2551
14080001 3.25531
14090001 3.25246
14100001 3.25634
14110001 3.25822
14120001 3.25798
14130001 3.25622
14140001 3.25674
14150001 3.26222
14160001 3.26514
14170001 3.26153
14180001 3.25994
14190001 3.26205
14200001 3.25776
14210001 3.25717
14220001 3.25824
14230001 3.25824
14240001 3.25926
14250001 3.26617
14260001 3.26011
14270001 3.25959
14280001 3.26307
14290001 3.25824
14300001 3.25837
14310001 3.25556
14320001 3.25738
14330001 3.26105
14340001 3.26038
14350001 3.25915
14360001 3.25983
14370001 3.26534
14380001 3.26821
14390001 3.2649
14400001 3.26373
14410001 3.26434
14420001 3.26071
14430001 3.25951
14440001 3.26174
14450001 3.26042
14460001 3.26225
14470001 3.26651
14480001 3.26356
14490001 3.26127
14500001 3.265
14510001 3.26145
14520001 3.26136
14530001 3.25884
14540001 3.26061
14550001 3.26278
14560001 3.261
14570001 3.26227
14580001 3.26168
14590001 3.26839
14600001 3.2722
14610001 3.26897
14620001 3.26748
14630001 3.26852
14640001 3.26447
14650001 3.26302
14660001 3.2652
14670001 3.26386
14680001 3.26711
14690001 3.26976
14700001 3.26698
14710001 3.26398
14720001 3.26686
14730001 3.26551
14740001 3.26449
14750001 3.26188
14760001 3.26376
14770001 3.26609
14780001 3.26434
14790001 3.26634
14800001 3.26646
14810001 3.272
14820001 3.2754
14830001 3.2738
14840001 3.26882
14850001 3.27193
14860001 3.26853
14870001 3.2659
14880001 3.26613
14890001 3.26743
14900001 3.26823
14910001 3.27376
14920001 3.27026
14930001 3.26772
14940001 3.27151
14950001 3.26895
14960001 3.26791
14970001 3.26531
14980001 3.26705
14990001 3.2688
15000001 3.26775
15010001 3.26907
15020001 3.26961
15030001 3.27528
15040001 3.27882
15050001 3.27674
15060001 3.27219
15070001 3.27509
15080001 3.27234
15090001 3.26986
15100001 3.26993
15110001 3.2695
15120001 3.27273
15130001 3.27671
15140001 3.27361
15150001 3.27145
15160001 3.27345
15170001 3.27294
15180001 3.27227
15190001 3.26894
15200001 3.27034
15210001 3.27198
15220001 3.2715
15230001 3.2704
15240001 3.27135
15250001 3.27838
15260001 3.28103
15270001 3.27812
15280001 3.27594
15290001 3.27862
15300001 3.27563
15310001 3.2727
15320001 3.27373
15330001 3.27318
15340001 3.27429
15350001 3.27929
15360001 3.27987
15370001 3.27597
15380001 3.27704
15390001 3.27698
15400001 3.27592
15410001 3.27257
15420001 3.27108
15430001 3.27551
15440001 3.27611
15450001 3.27427
15460001 3.27497
15470001 3.28175
15480001 3.28364
15490001 3.28268
15500001 3.27954
15510001 3.27849
15520001 3.28
15530001 3.27654
15540001 3.27583
15550001 3.27679
15560001 3.27662
15570001 3.27707
15580001 3.28265
15590001 3.28034
15600001 3.28048
15610001 3.28134
15620001 3.27641
15630001 3.2762
15640001 3.27477
15650001 3.27803
15660001 3.27947
15670001 3.27825
15680001 3.27849
15690001 3.28602
15700001 3.2859
15710001 3.28638
15720001 3.28321
15730001 3.28197
15740001 3.28379
15750001 3.28067
15760001 3.27897
15770001 3.28034
15780001 3.28012
15790001 3.28123
15800001 3.28862
15810001 3.28224
15820001 3.28211
15830001 3.28513
15840001 3.28044
15850001 3.28068
15860001 3.27789
15870001 3.28163
15880001 3.28366
15890001 3.28343
15900001 3.28173
15910001 3.28227
15920001 3.28773
15930001 3.29067
15940001 3.28712
15950001 3.28558
15960001 3.2877
15970001 3.28348
15980001 3.28292
15990001 3.28399
16000001 3.28403
16010001 3.28509
16020001 3.29194
16030001 3.28595
16040001 3.28551
16050001 3.28898
16060001 3.28422
16070001 3.28438
16080001 3.28162
16090001 3.28345
16100001 3.28719
16110001 3.28649
16120001 3.28531
16130001 3.286
16140001 3.29149
16150001 3.29438
16160001 3.29111
16170001 3.28999
16180001 3.29059
16190001 3.28705
16200001 3.28589
16210001 3.28802
16220001 3.28686
16230001 3.2887
16240001 3.29296
16250001 3.29008
16260001 3.28779
16270001 3.29153
16280001 3.28805
16290001 3.28799
16300001 3.28552
16310001 3.2873
16320001 3.28948
16330001 3.28774
16340001 3.28904
16350001 3.28848
16360001 3.29515
16370001 3.29897
16380001 3.29579
16390001 3.29443
16400001 3.29541
16410001 3.29141
16420001 3.29
16430001 3.29219
16440001 3.29082
16450001 3.29415
16460001 3.2968
16470001 3.29392
16480001 3.29113
16490001 3.29399
16500001 3.29269
16510001 3.29163
16520001 3.28915
16530001 3.29104
16540001 3.29338
16550001 3.29167
16560001 3.29364
16570001 3.29383
16580001 3.29934
16590001 3.30274
16600001 3.30119
16610001 3.29626
16620001 3.2994
16630001 3.29605
16640001 3.29346
16650001 3.29372
16660001 3.29504
16670001 3.29586
16680001 3.30137
16690001 3.29792
16700001 3.29528
16710001 3.29904
16720001 3.2967
16730001 3.2957
16740001 3.29314
16750001 3.29489
16760001 3.29666
16770001 3.29564
16780001 3.29698
16790001 3.29754
16800001 3.30318
16810001 3.30672
16820001 3.30468
16830001 3.30017
16840001 3.3037
16850001 3.3002
16860001 3.29797
16870001 3.29806
16880001 3.29767
16890001 3.3009
16900001 3.30487
16910001 3.30182
16920001 3.29969
16930001 3.30172
16940001 3.30123
16950001 3.3006
16960001 3.29731
16970001 3.29873
16980001 3.30039
16990001 3.29992
17000001 3.29886
17010001 3.29983
17020001 3.30681
17030001 3.30947
17040001 3.30653
17050001 3.30448
17060001 3.30717
17070001 3.30423
17080001 3.3013
17090001 3.3024
17100001 3.30188
17110001 3.303
17120001 3.30798
17130001 3.30858
17140001 3.30473
17150001 3.30582
17160001 3.30579
17170001 3.30476
17180001 3.30146
17190001 3.30001
17200001 3.30443
17210001 3.30503
17220001 3.30324
17230001 3.30396
17240001 3.3107
17250001 3.3126
17260001 3.31168
17270001 3.3086
17280001 3.30757
17290001 3.30909
17300001 3.30569
17310001 3.30574
17320001 3.30598
17330001 3.30575
17340001 3.30586
17350001 3.31187
17360001 3.3096
17370001 3.30974
17380001 3.31063
17390001 3.30578
17400001 3.30559
17410001 3.3042
17420001 3.30745
17430001 3.3089
17440001 3.30768
17450001 3.30786
17460001 3.31536
17470001 3.31669
17480001 3.31587
17490001 3.31275
17500001 3.31155
17510001 3.31338
17520001 3.3103
17530001 3.30864
17540001 3.31001
17550001 3.30982
17560001 3.31082
17570001 3.3183
17580001 3.312
17590001 3.31189
17600001 3.31491
17610001 3.31028
17620001 3.31054
17630001 3.3078
17640001 3.31153
17650001 3.31355
17660001 3.31336
17670001 3.3117
17680001 3.31224
17690001 3.31858
17700001 3.32062
17710001 3.31713
17720001 3.31562
17730001 3.31775
17740001 3.31359
17750001 3.31305
17760001 3.31414
17770001 3.3141
17780001 3.31527
17790001 3.32208
17800001 3.31617
17810001 3.31574
17820001 3.31914
17830001 3.31452
17840001 3.31469
17850001 3.31199
17860001 3.31382
17870001 3.31755
17880001 3.31687
17890001 3.31571
17900001 3.31643
17910001 3.32189
17920001 3.32477
17930001 3.32155
17940001 3.32048
17950001 3.32109
17960001 3.31761
17970001 3.31648
17980001 3.31861
17990001 3.31748
18000001 3.31932
18010001 3.32357
18020001 3.32073
18030001 3.31849
18040001 3.32221
18050001 3.31878
18060001 3.31875
18070001 3.31613
18080001 3.3181
18090001 3.32028
18100001 3.31855
18110001 3.31987
18120001 3.31936
18130001 3.32599
18140001 3.32979
18150001 3.32666
18160001 3.32532
18170001 3.32634
18180001 3.32239
18190001 3.32101
18200001 3.32319
18210001 3.32187
18220001 3.32518
18230001 3.32783
18240001 3.325
18250001 3.32224
18260001 3.32511
18270001 3.32378
18280001 3.32279
18290001 3.32037
18300001 3.32226
18310001 3.3246
18320001 3.32284
18330001 3.3249
18340001 3.32511
18350001 3.33059
18360001 3.33393
18370001 3.33244
18380001 3.3276
18390001 3.33073
18400001 3.32743
18410001 3.32489
18420001 3.32516
18430001 3.32649
18440001 3.32733
18450001 3.3328
18460001 3.3294
18470001 3.32693
18480001 3.33056
18490001 3.32826
18500001 3.32727
18510001 3.32474
18520001 3.32652
18530001 3.32825
18540001 3.3273
18550001 3.32865
18560001 3.32922
18570001 3.33482
18580001 3.33836
18590001 3.33632
18600001 3.33191
18610001 3.33541
18620001 3.33194
18630001 3.32978
18640001 3.32987
18650001 3.32952
18660001 3.33275
18670001 3.3367
18680001 3.33369
18690001 3.33161
18700001 3.33363
18710001 3.33317
18720001 3.33255
18730001 3.32933
18740001 3.33074
18750001 3.3324
18760001 3.33196
18770001 3.33093
18780001 3.33189
18790001 3.33884
18800001 3.34178
18810001 3.3386
18820001 3.33659
18830001 3.33928
18840001 3.33638
18850001 3.3335
18860001 3.3346
18870001 3.33394
18880001 3.33524
18890001 3.34002
18900001 3.3408
18910001 3.33697
18920001 3.33809
18930001 3.33809
18940001 3.3371
18950001 3.33385
18960001 3.33243
18970001 3.3368
18980001 3.33742
18990001 3.33568
19000001 3.33641
19010001 3.34309
19020001 3.34499
19030001 3.3441
19040001 3.34107
19050001 3.34007
19060001 3.34117
19070001 3.33823
19080001 3.33831
19090001 3.33855
19100001 3.33836
19110001 3.33849
19120001 3.34446
19130001 3.34223
19140001 3.34239
19150001 3.34328
19160001 3.33848
19170001 3.33833
19180001 3.33697
19190001 3.34015
19200001 3.34165
19210001 3.34046
19220001 3.34066
19230001 3.3481
19240001 3.34943
19250001 3.34857
19260001 3.34558
19270001 3.34439
19280001 3.34623
19290001 3.3432
19300001 3.34157
19310001 3.34294
19320001 3.34273
19330001 3.34379
19340001 3.3512
19350001 3.34494
19360001 3.34489
19370001 3.3479
19380001 3.34333
19390001 3.34361
19400001 3.34091
19410001 3.34462
19420001 3.34664
19430001 3.34604
19440001 3.34483
19450001 3.34539
19460001 3.35168
19470001 3.35372
19480001 3.35027
19490001 3.34881
19500001 3.35093
19510001 3.34682
19520001 3.34631
19530001 3.34741
19540001 3.34736
19550001 3.34855
19560001 3.35511
19570001 3.34948
19580001 3.34904
19590001 3.35245
19600001 3.3479
19610001 3.34807
19620001 3.34543
19630001 3.34726
19640001 3.35096
19650001 3.35031
19660001 3.34918
19670001 3.3499
19680001 3.35532
19690001 3.35819
19700001 3.35484
19710001 3.35396
19720001 3.3546
19730001 3.35117
19740001 3.35006
19750001 3.35219
19760001 3.35109
19770001 3.35293
19780001 3.35715
19790001 3.35435
19800001 3.35215
19810001 3.35585
19820001 3.35248
19830001 3.35246
19840001 3.34987
19850001 3.35185
19860001 3.35401
19870001 3.35232
19880001 3.35364
19890001 3.35315
19900001 3.35972
19910001 3.36351
19920001 3.36039
19930001 3.35911
19940001 3.36015
19950001 3.35592
19960001 3.35484
19970001 3.35707
19980001 3.35578
19990001 3.35908
20000001 3.36167
20010001 3.35879
20020001 3.35621
20030001 3.36027
20040001 3.35777
20050001 3.3568
20060001 3.35442
20070001 3.35629
20080001 3.35864
20090001 3.3569
20100001 3.35897
20110001 3.35918
20120001 3.36462
20130001 3.36794
20140001 3.36648
20150001 3.36171
20160001 3.36483
20170001 3.36158
20180001 3.35907
20190001 3.35936
20200001 3.36069
20210001 3.36151
20220001 3.36697
20230001 3.36334
20240001 3.36118
20250001 3.36479
20260001 3.36253
20270001 3.36156
20280001 3.35908
20290001 3.36085
20300001 3.36258
20310001 3.36165
20320001 3.36301
20330001 3.36358
20340001 3.36912
20350001 3.37265
20360001 3.37066
20370001 3.3663
20380001 3.36967
20390001 3.36628
20400001 3.36424
20410001 3.36434
20420001 3.36401
20430001 3.36723
20440001 3.37115
20450001 3.36818
20460001 3.36613
20470001 3.36815
20480001 3.36771
20490001 3.36711
20500001 3.36391
20510001 3.36529
20520001 3.36701
20530001 3.36627
20540001 3.36558
20550001 3.36655
20560001 3.37343
20570001 3.37636
20580001 3.37322
20590001 3.37125
20600001 3.37393
20610001 3.37107
20620001 3.36824
20630001 3.36933
20640001 3.3687
20650001 3.37
20660001 3.37474
20670001 3.37558
20680001 3.37175
20690001 3.37285
20700001 3.37289
20710001 3.37192
20720001 3.36872
20730001 3.36733
20740001 3.37165
20750001 3.37229
20760001 3.37058
20770001 3.37132
20780001 3.37794
20790001 3.3798
20800001 3.37897
20810001 3.37599
20820001 3.37501
20830001 3.37612
20840001 3.37322
20850001 3.37331
20860001 3.37356
20870001 3.37339
20880001 3.37353
20890001 3.37945
20900001 3.37725
20910001 3.37749
20920001 3.37833
20930001 3.37358
20940001 3.37345
20950001 3.37211
20960001 3.37527
20970001 3.37677
20980001 3.37561
20990001 3.37582
21000001 3.38319
21010001 3.38452
21020001 3.38369
21030001 3.38074
21040001 3.37958
21050001 3.38141
21060001 3.37842
21070001 3.37683
21080001 3.37819
21090001 3.37857
21100001 3.37906
21110001 3.38639
21120001 3.38023
21130001 3.38019
21140001 3.38319
21150001 3.3784
21160001 3.37896
21170001 3.3763
21180001 3.37996
21190001 3.382
21200001 3.38092
21210001 3.38023
21220001 3.38365
21230001 3.38703
21240001 3.38907
21250001 3.38564
21260001 3.38423
21270001 3.38635
21280001 3.38229
21290001 3.38156
21300001 3.3829
21310001 3.38287
21320001 3.38406
21330001 3.39041
21340001 3.385
21350001 3.38458
21360001 3.38797
21370001 3.38348
21380001 3.38365
21390001 3.38105
21400001 3.38287
21410001 3.38655
21420001 3.38592
21430001 3.38481
21440001 3.38554
21450001 3.39089
21460001 3.39377
21470001 3.39043
21480001 3.3896
21490001 3.39025
21500001 3.38687
21510001 3.38576
21520001 3.38789
21530001 3.38683
21540001 3.38866
21550001 3.39285
21560001 3.39009
21570001 3.38792
21580001 3.39158
21590001 3.38827
21600001 3.38827
21610001 3.38572
21620001 3.38768
21630001 3.38984
21640001 3.38818
21650001 3.38949
21660001 3.38902
21670001 3.39537
21680001 3.39929
21690001 3.39621
21700001 3.39495
21710001 3.39586
21720001 3.39184
21730001 3.39078
21740001 3.39296
21750001 3.39173
21760001 3.39501
21770001 3.39756
21780001 3.39474
21790001 3.3922
21800001 3.39623
21810001 3.39376
21820001 3.39283
21830001 3.39048
21840001 3.39234
21850001 3.39467
21860001 3.39296
21870001 3.39502
21880001 3.39525
21890001 3.40063
21900001 3.40394
21910001 3.40179
21920001 3.3978
21930001 3.4009
21940001 3.39769
21950001 3.39521
21960001 3.39551
21970001 3.39676
21980001 3.39767
21990001 3.40308
22000001 3.39942
22010001 3.39737
22020001 3.40095
22030001 3.39873
22040001 3.39763
22050001 3.39534
22060001 3.3971
22070001 3.39882
22080001 3.39791
22090001 3.39927
22100001 3.39984
22110001 3.40533
22120001 3.40867
22130001 3.40688
22140001 3.40258
22150001 3.40593
22160001 3.40258
22170001 3.4005
22180001 3.40056
22190001 3.40038
22200001 3.40353
22210001 3.40746
22220001 3.40453
22230001 3.40251
22240001 3.40447
22250001 3.40385
22260001 3.40352
22270001 3.40036
22280001 3.40174
22290001 3.40344
22300001 3.40272
22310001 3.40205
22320001 3.403
22330001 3.40983
22340001 3.41275
22350001 3.40957
22360001 3.40772
22370001 3.41038
22380001 3.40756
22390001 3.40477
22400001 3.40586
22410001 3.40525
22420001 3.40655
22430001 3.41125
22440001 3.41209
22450001 3.40831
22460001 3.4094
22470001 3.40943
22480001 3.40851
22490001 3.40534
22500001 3.40399
22510001 3.40827
22520001 3.40892
22530001 3.40722
22540001 3.40798
22550001 3.41449
22560001 3.41638
22570001 3.41515
22580001 3.41262
22590001 3.41167
22600001 3.41276
22610001 3.40991
22620001 3.41003
22630001 3.41028
22640001 3.41013
22650001 3.41027
22660001 3.41609
22670001 3.41398
22680001 3.41423
22690001 3.41434
22700001 3.41037
22710001 3.41026
22720001 3.40894
22730001 3.41208
22740001 3.41357
22750001 3.41243
22760001 3.41265
22770001 3.41992
22780001 3.42128
22790001 3.42046
22800001 3.41756
22810001 3.41642
22820001 3.41823
22830001 3.4153
22840001 3.41373
22850001 3.41509
22860001 3.41534
22870001 3.41597
22880001 3.42323
22890001 3.41715
22900001 3.41712
22910001 3.42008
22920001 3.41536
22930001 3.41593
22940001 3.41331
22950001 3.41694
22960001 3.41895
22970001 3.41787
22980001 3.41723
22990001 3.42062
23000001 3.42397
23010001 3.426
23020001 3.42239
23030001 3.42124
23040001 3.42335
23050001 3.41934
23060001 3.41863
23070001 3.41996
23080001 3.41994
23090001 3.42113
23100001 3.42742
23110001 3.42207
23120001 3.42167
23130001 3.42503
23140001 3.4206
23150001 3.42078
23160001 3.41822
23170001 3.42002
23180001 3.42368
23190001 3.42304
23200001 3.42198
23210001 3.42271
23220001 3.428
23230001 3.43086
23240001 3.42757
23250001 3.42676
23260001 3.42742
23270001 3.42407
23280001 3.42298
23290001 3.4251
23300001 3.42407
23310001 3.42589
23320001 3.42995
23330001 3.42732
23340001 3.42518
23350001 3.42881
23360001 3.42552
23370001 3.42555
23380001 3.42304
23390001 3.42499
23400001 3.42711
23410001 3.4255
23420001 3.42681
23430001 3.42633
23440001 3.43262
23450001 3.43652
23460001 3.43349
23470001 3.43222
23480001 3.43316
23490001 3.42919
23500001 3.42815
23510001 3.43032
23520001 3.42909
23530001 3.43195
23540001 3.4349
23550001 3.43212
23560001 3.42961
23570001 3.43361
23580001 3.43118
23590001 3.43026
23600001 3.42794
23610001 3.42979
23620001 3.43211
23630001 3.43034
23640001 3.43248
23650001 3.43271
23660001 3.43798
23670001 3.44132
23680001 3.43921
23690001 3.43524
23700001 3.43834
23710001 3.43517
23720001 3.4327
23730001 3.43304
23740001 3.43428
23750001 3.43519
23760001 3.44055
23770001 3.43694
23780001 3.43491
23790001 3.43847
23800001 3.43619
23810001 3.43521
23820001 3.43293
23830001 3.43469
23840001 3.4364
23850001 3.43552
23860001 3.43687
23870001 3.43745
23880001 3.44288
23890001 3.44619
23900001 3.44443
23910001 3.44018
23920001 3.44351
23930001 3.4402
23940001 3.43815
23950001 3.43822
23960001 3.43783
23970001 3.44118
23980001 3.44506
23990001 3.44215
24000001 3.44019
24010001 3.44214
24020001 3.44154
24030001 3.44121
24040001 3.4381
24050001 3.43943
24060001 3.44116
24070001 3.44046
24080001 3.4398
24090001 3.44075
24100001 3.44751
24110001 3.4504
24120001 3.44723
24130001 3.44506
24140001 3.4481
24150001 3.44531
24160001 3.44256
24170001 3.44365
24180001 3.44305
24190001 3.44434
24200001 3.449
24210001 3.44984
24220001 3.4461
24230001 3.44719
24240001 3.44719
24250001 3.44599
24260001 3.4432
24270001 3.44187
24280001 3.4461
24290001 3.44676
24300001 3.44508
24310001 3.44566
24320001 3.45229
24330001 3.45417
24340001 3.45296
24350001 3.45047
24360001 3.44954
24370001 3.45062
24380001 3.44782
24390001 3.44792
24400001 3.4482
24410001 3.44806
24420001 3.44818
24430001 3.45397
24440001 3.45189
24450001 3.45214
24460001 3.45224
24470001 3.44835
24480001 3.44824
24490001 3.44692
24500001 3.45006
24510001 3.45153
24520001 3.45041
24530001 3.45064
24540001 3.45784
24550001 3.45916
24560001 3.45835
24570001 3.45553
24580001 3.45441
24590001 3.45621
24600001 3.45332
24610001 3.45177
24620001 3.45312
24630001 3.45338
24640001 3.454
24650001 3.4612
24660001 3.45519
24670001 3.45514
24680001 3.45811
24690001 3.45345
24700001 3.45412
24710001 3.45144
24720001 3.45503
24730001 3.45703
24740001 3.45596
24750001 3.45534
24760001 3.45869
24770001 3.46202
24780001 3.46404
24790001 3.46047
24800001 3.45941
24810001 3.46125
24820001 3.45748
24830001 3.4567
24840001 3.45811
24850001 3.4581
24860001 3.45928
24870001 3.46612
24880001 3.46022
24890001 3.45983
24900001 3.46317
24910001 3.45879
24920001 3.45896
24930001 3.4563
24940001 3.45993
24950001 3.46187
24960001 3.46123
24970001 3.4602
24980001 3.46092
24990001 3.46617
25000001 3.469
25010001 3.46574
25020001 3.46495
25030001 3.46562
25040001 3.46232
25050001 3.46125
25060001 3.46335
25070001 3.46234
25080001 3.46414
25090001 3.46814
25100001 3.46558
25110001 3.46346
25120001 3.46706
25130001 3.46382
25140001 3.46395
25150001 3.46138
25160001 3.46331
25170001 3.46541
25180001 3.46383
25190001 3.46512
25200001 3.46467
25210001 3.47089
25220001 3.47464
25230001 3.47175
25240001 3.47052
25250001 3.47146
25260001 3.46754
25270001 3.46651
25280001 3.46865
25290001 3.46741
25300001 3.4703
25310001 3.47321
25320001 3.47047
25330001 3.46798
25340001 3.47196
25350001 3.46893
25360001 3.46866
25370001 3.46638
25380001 3.46821
25390001 3.47051
25400001 3.46875
25410001 3.47089
25420001 3.47112
25430001 3.47634
25440001 3.47965
25450001 3.47757
25460001 3.47366
25470001 3.47673
25480001 3.4736
25490001 3.47161
25500001 3.4715
25510001 3.47254
25520001 3.47364
25530001 3.47896
25540001 3.47537
25550001 3.47339
25560001 3.47692
25570001 3.47465
25580001 3.4737
25590001 3.47145
25600001 3.4732
25610001 3.4749
25620001 3.47403
25630001 3.47595
25640001 3.47595
25650001 3.48132
25660001 3.48461
25670001 3.48287
25680001 3.47869
25690001 3.48198
25700001 3.47865
25710001 3.4767
25720001 3.47677
25730001 3.47639
25740001 3.47971
25750001 3.48356
25760001 3.48069
25770001 3.47875
25780001 3.48069
25790001 3.48009
25800001 3.47978
25810001 3.47671
25820001 3.47803
25830001 3.47975
25840001 3.47906
25850001 3.47841
25860001 3.47936
25870001 3.48563
25880001 3.48892
25890001 3.48579
25900001 3.48364
25910001 3.48666
25920001 3.48391
25930001 3.48099
25940001 3.482
25950001 3.48169
25960001 3.48298
25970001 3.48759
25980001 3.48843
25990001 3.48473
26000001 3.48582
26010001 3.48582
26020001 3.48464
26030001 3.48189
26040001 3.48058
26050001 3.48477
26060001 3.48496
26070001 3.48377
26080001 3.48433
26090001 3.49092
26100001 3.49278
26110001 3.49135
26120001 3.48914
26130001 3.48822
26140001 3.4893
26150001 3.48626
26160001 3.48663
26170001 3.48693
26180001 3.48678
26190001 3.48689
26200001 3.49265
26210001 3.49059
26220001 3.49085
26230001 3.49094
26240001 3.48709
26250001 3.487
26260001 3.48571
26270001 3.48882
26280001 3.49028
26290001 3.48917
26300001 3.48941
26310001 3.49653
26320001 3.49785
26330001 3.49706
26340001 3.49427
26350001 3.49316
26360001 3.49495
26370001 3.49207
26380001 3.49057
26390001 3.49192
26400001 3.49218
26410001 3.4928
26420001 3.4999
26430001 3.49398
26440001 3.49394
26450001 3.49688
26460001 3.49228
26470001 3.49293
26480001 3.4903
26490001 3.49386
26500001 3.49579
26510001 3.49479
26520001 3.49418
26530001 3.49751
26540001 3.5008
26550001 3.5028
26560001 3.49928
26570001 3.49824
26580001 3.50006
26590001 3.49633
26600001 3.49556
26610001 3.49698
26620001 3.49695
26630001 3.49797
26640001 3.50491
26650001 3.49909
26660001 3.49871
26670001 3.50201
26680001 3.49769
26690001 3.49786
26700001 3.49524
26710001 3.49883
26720001 3.50075
26730001 3.50013
26740001 3.49911
26750001 3.49984
26760001 3.50501
26770001 3.50783
26780001 3.50462
26790001 3.5038
26800001 3.50452
26810001 3.50124
26820001 3.50093
26830001 3.50228
26840001 3.50128
26850001 3.50335
26860001 3.50704
26870001 3.50451
26880001 3.50214
26890001 3.50598
26900001 3.50278
26910001 3.50292
26920001 3.50037
26930001 3.50229
26940001 3.50438
26950001 3.50281
26960001 3.5041
26970001 3.50361
26980001 3.50981
26990001 3.51353
27000001 3.51044
27010001 3.50947
27020001 3.51041
27030001 3.50652
27040001 3.50551
27050001 3.50764
27060001 3.50642
27070001 3.50894
27080001 3.51217
27090001 3.50946
27100001 3.507
27110001 3.51094
27120001 3.50795
27130001 3.50769
27140001 3.50544
27150001 3.50725
27160001 3.50953
27170001 3.50777
27180001 3.50991
27190001 3.51016
27200001 3.51531
27210001 3.51851
27220001 3.51655
27230001 3.51265
27240001 3.51573
27250001 3.51263
27260001 3.51068
27270001 3.51057
27280001 3.5115
27290001 3.5151
27300001 3.51796
27310001 3.51367
27320001 3.51246
27330001 3.5155
27340001 3.51372
27350001 3.5128
27360001 3.51057
27370001 3.5123
27380001 3.51399
27390001 3.51313
27400001 3.51504
27410001 3.51504
27420001 3.52036
27430001 3.52361
27440001 3.5224
27450001 3.51777
27460001 3.52104
27470001 3.51774
27480001 3.51564
27490001 3.51565
27500001 3.51551
27510001 3.51881
27520001 3.52262
27530001 3.51979
27540001 3.51787
27550001 3.5198
27560001 3.51878
27570001 3.51891
27580001 3.51588
27590001 3.51719
27600001 3.51889
27610001 3.51821
27620001 3.51748
27630001 3.51852
27640001 3.52472
27650001 3.52897
27660001 3.52489
27670001 3.52278
27680001 3.52577
27690001 3.52305
27700001 3.52017
27710001 3.52117
27720001 3.52088
27730001 3.52215
27740001 3.52672
27750001 3.52754
27760001 3.5239
27770001 3.52498
27780001 3.52498
27790001 3.52382
27800001 3.5211
27810001 3.51982
27820001 3.52396
27830001 3.52415
27840001 3.52299
27850001 3.52354
27860001 3.53005
27870001 3.5319
27880001 3.53049
27890001 3.52831
27900001 3.52741
27910001 3.52848
27920001 3.52548
27930001 3.52582
27940001 3.5261
27950001 3.52602
27960001 3.52612
27970001 3.53183
27980001 3.52978
27990001 3.53005
28000001 3.53013
28010001 3.52635
28020001 3.52626
28030001 3.52499
28040001 3.52806
28050001 3.52952
28060001 3.52843
28070001 3.52867
28080001 3.5357
28090001 3.53702
28100001 3.53624
28110001 3.53349
28120001 3.5324
28130001 3.53417
28140001 3.53131
28150001 3.52983
28160001 3.53118
28170001 3.53144
28180001 3.53198
28190001 3.53909
28200001 3.53324
28210001 3.53321
28220001 3.53612
28230001 3.53156
28240001 3.53221
28250001 3.52962
28260001 3.53315
28270001 3.53506
28280001 3.53408
28290001 3.53348
28300001 3.53677
28310001 3.54003
28320001 3.54202
28330001 3.53852
28340001 3.53752
28350001 3.53933
28360001 3.53564
28370001 3.53487
28380001 3.53622
28390001 3.53626
28400001 3.53728
28410001 3.54414
28420001 3.53839
28430001 3.53802
28440001 3.54129
28450001 3.53702
28460001 3.53719
28470001 3.5346
28480001 3.53816
28490001 3.54006
28500001 3.53945
28510001 3.53845
28520001 3.53917
28530001 3.54428
28540001 3.54709
28550001 3.54388
28560001 3.5431
28570001 3.54383
28580001 3.54059
28590001 3.54023
28600001 3.54163
28610001 3.54064
28620001 3.54269
28630001 3.54634
28640001 3.54383
28650001 3.5415
28660001 3.54531
28670001 3.54212
28680001 3.54228
28690001 3.53977
28700001 3.54167
28710001 3.54374
28720001 3.5422
28730001 3.54348
28740001 3.54299
28750001 3.54913
28760001 3.55212
28770001 3.54976
28780001 3.54854
28790001 3.54973
28800001 3.54589
28810001 3.5449
28820001 3.54701
28830001 3.5458
28840001 3.54831
28850001 3.55151
28860001 3.54883
28870001 3.54639
28880001 3.5503
28890001 3.54735
28900001 3.54708
28910001 3.54487
28920001 3.54663
28930001 3.54893
28940001 3.54718
28950001 3.54931
28960001 3.54913
28970001 3.55466
28980001 3.55782
28990001 3.55588
29000001 3.55204
29010001 3.55509
29020001 3.55203
29030001 3.5501
29040001 3.5499
29050001 3.55093
29060001 3.55449
29070001 3.5573
29080001 3.55303
29090001 3.55189
29100001 3.55489
29110001 3.55314
29120001 3.55223
29130001 3.55
29140001 3.55175
29150001 3.55341
29160001 3.55257
29170001 3.55445
29180001 3.55447
29190001 3.55972
29200001 3.56295
29210001 3.56176
29220001 3.55718
29230001 3.56038
29240001 3.55702
29250001 3.55509
29260001 3.55509
29270001 3.55646
29280001 3.55824
29290001 3.56201
29300001 3.5592
29310001 3.55732
29320001 3.55923
29330001 3.55823
29340001 3.55836
29350001 3.55536
29360001 3.55666
29370001 3.55835
29380001 3.55767
29390001 3.55678
29400001 3.55799
29410001 3.56413
29420001 3.56834
29430001 3.56431
29440001 3.56222
29450001 3.56517
29460001 3.56249
29470001 3.55964
29480001 3.56063
29490001 3.56036
29500001 3.56163
29510001 3.56614
29520001 3.56696
29530001 3.56332
29540001 3.56444
29550001 3.56443
29560001 3.56311
29570001 3.5606
29580001 3.55934
29590001 3.56344
29600001 3.56363
29610001 3.56243
29620001 3.56304
29630001 3.56947
29640001 3.57132
29650001 3.56978
29660001 3.56777
29670001 3.56687
29680001 3.56791
29690001 3.56497
29700001 3.56532
29710001 3.56561
29720001 3.56552
29730001 3.56563
29740001 3.57127
29750001 3.56925
29760001 3.56953
29770001 3.56956
29780001 3.56587
29790001 3.56579
29800001 3.56454
29810001 3.56758
29820001 3.56901
29830001 3.56794
29840001 3.56819
29850001 3.57513
29860001 3.57645
29870001 3.57567
29880001 3.57297
29890001 3.5719
29900001 3.57365
29910001 3.57082
29920001 3.56936
29930001 3.5707
29940001 3.57096
29950001 3.5715
29960001 3.57854
29970001 3.57275
29980001 3.57272
29990001 3.57559
