1 31.2533
10001 7.759
20001 6.03618
30001 5.4521
40001 5.14567
50001 4.96982
60001 4.85555
70001 4.7579
80001 4.6456
90001 4.59867
100001 4.48635
110001 4.45957
120001 4.41604
130001 4.321
140001 4.29159
150001 4.2305
160001 4.21445
170001 4.22412
180001 4.19279
190001 4.12332
200001 4.10558
210001 4.11213
220001 4.12112
230001 4.03022
240001 4.01282
250001 3.98808
260001 3.92966
270001 3.92726
280001 3.93348
290001 3.90494
300001 3.88418
310001 3.92578
320001 3.85376
330001 3.85255
340001 3.85039
350001 3.8049
360001 3.81141
370001 3.77802
380001 3.79197
390001 3.82273
400001 3.77339
410001 3.77343
420001 3.75928
430001 3.80895
440001 3.84099
450001 3.75503
460001 3.7283
470001 3.75602
480001 3.69689
490001 3.69571
500001 3.72207
510001 3.70101
520001 3.72046
530001 3.73267
540001 3.68597
550001 3.66371
560001 3.67661
570001 3.6608
580001 3.66779
590001 3.64043
600001 3.66625
610001 3.70293
620001 3.65528
630001 3.68095
640001 3.67697
650001 3.72
660001 3.7457
670001 3.68148
680001 3.64483
690001 3.69392
700001 3.62045
710001 3.61455
720001 3.62103
730001 3.6465
740001 3.62859
750001 3.69226
760001 3.61424
770001 3.61212
780001 3.6619
790001 3.61614
800001 3.62723
810001 3.60143
820001 3.62993
830001 3.65756
840001 3.62505
850001 3.62185
860001 3.65363
870001 3.69632
880001 3.72697
890001 3.66031
900001 3.6283
910001 3.67191
920001 3.60886
930001 3.60113
940001 3.64246
950001 3.62849
960001 3.64073
970001 3.66932
980001 3.61987
990001 3.62663
1000001 3.66643
1010001 3.63432
1020001 3.63778
1030001 3.60887
1040001 3.63674
1050001 3.66783
1060001 3.64694
1070001 3.6326
1080001 3.64425
1090001 3.69376
1100001 3.72825
1110001 3.66887
1120001 3.64687
1130001 3.69096
1140001 3.63036
1150001 3.62245
1160001 3.65529
1170001 3.65787
1180001 3.66607
1190001 3.67414
1200001 3.63318
1210001 3.65574
1220001 3.69474
1230001 3.66315
1240001 3.66653
1250001 3.63887
1260001 3.63602
1270001 3.70625
1280001 3.69093
1290001 3.66676
1300001 3.68117
1310001 3.72914
1320001 3.74673
1330001 3.71542
1340001 3.68161
1350001 3.69186
1360001 3.66911
1370001 3.66645
1380001 3.6652
1390001 3.6971
1400001 3.69194
1410001 3.67845
1420001 3.72041
1430001 3.68996
1440001 3.7205
1450001 3.72113
1460001 3.67634
1470001 3.68697
1480001 3.6884
1490001 3.73117
1500001 3.75529
1510001 3.72042
1520001 3.72688
1530001 3.78969
1540001 3.7983
1550001 3.79756
1560001 3.7432
1570001 3.74261
1580001 3.72155
1590001 3.7024
1600001 3.71615
1610001 3.74705
1620001 3.73999
1630001 3.73035
1640001 3.77462
1650001 3.72878
1660001 3.77178
1670001 3.77259
1680001 3.73124
1690001 3.7531
1700001 3.73238
1710001 3.7896
1720001 3.81512
1730001 3.81372
1740001 3.77341
1750001 3.78713
1760001 3.82118
1770001 3.85215
1780001 3.7849
1790001 3.79574
1800001 3.78033
1810001 3.75896
1820001 3.77359
1830001 3.80344
1840001 3.81922
1850001 3.79348
1860001 3.8305
1870001 3.78099
1880001 3.82426
1890001 3.83827
1900001 3.78854
1910001 3.81072
1920001 3.7904
1930001 3.81613
1940001 3.86986
1950001 3.87225
1960001 3.83125
1970001 3.84555
1980001 3.87972
1990001 3.91787
2000001 3.851
2010001 3.85815
2020001 3.85757
2030001 3.81863
2040001 3.83841
2050001 3.86487
2060001 3.85502
2070001 3.85224
2080001 3.90983
2090001 3.85487
2100001 3.86944
2110001 3.88062
2120001 3.849
2130001 3.87254
2140001 3.85197
2150001 3.87708
2160001 3.92049
2170001 3.88148
2180001 3.89378
2190001 3.89155
2200001 3.94709
2210001 3.9884
2220001 3.91658
2230001 3.90051
2240001 3.93737
2250001 3.8878
2260001 3.89828
2270001 3.92942
2280001 3.91736
2290001 3.94369
2300001 3.96158
2310001 3.92801
2320001 3.90732
2330001 3.93001
2340001 3.92065
2350001 3.93504
2360001 3.91481
2370001 3.94369
2380001 3.98503
2390001 3.94393
2400001 3.97477
2410001 3.97711
2420001 4.01393
2430001 4.04833
2440001 3.98616
2450001 3.96606
2460001 4.01684
2470001 3.95254
2480001 3.95221
2490001 3.96243
2500001 3.99069
2510001 3.97833
2520001 4.03942
2530001 3.97157
2540001 3.97397
2550001 4.02507
2560001 3.98484
2570001 3.99991
2580001 3.97913
2590001 4.00731
2600001 4.03693
2610001 4.00865
2620001 4.00935
2630001 4.04268
2640001 4.08205
2650001 4.11311
2660001 4.05597
2670001 4.03046
2680001 4.07324
2690001 4.01811
2700001 4.0139
2710001 4.05515
2720001 4.04425
2730001 4.05905
2740001 4.08594
2750001 4.03699
2760001 4.05152
2770001 4.09169
2780001 4.0631
2790001 4.06966
2800001 4.04516
2810001 4.07139
2820001 4.10222
2830001 4.08389
2840001 4.07334
2850001 4.08641
2860001 4.13156
2870001 4.16441
2880001 4.11365
2890001 4.09591
2900001 4.13774
2910001 4.08452
2920001 4.07923
2930001 4.11131
2940001 4.11416
2950001 4.12468
2960001 4.13183
2970001 4.09712
2980001 4.11806
2990001 4.1564
3000001 4.12807
3010001 4.13361
3020001 4.1098
3030001 4.10868
3040001 4.16826
3050001 4.15893
3060001 4.13893
3070001 4.15364
3080001 4.1973
3090001 4.2135
3100001 4.18733
3110001 4.15868
3120001 4.16907
3130001 4.14986
3140001 4.1485
3150001 4.14898
3160001 4.17863
3170001 4.17535
3180001 4.16445
3190001 4.1701
3200001 4.17729
3210001 4.20479
3220001 4.20575
3230001 4.16711
3240001 4.17784
3250001 4.18022
3260001 4.21835
3270001 4.24057
3280001 4.20992
3290001 4.21733
3300001 4.27394
3310001 4.28175
3320001 4.26987
3330001 4.23506
3340001 4.23526
3350001 4.21715
3360001 4.20134
3370001 4.21442
3380001 4.2427
3390001 4.23859
3400001 4.22957
3410001 4.26905
3420001 4.22924
3430001 4.26841
3440001 4.26942
3450001 4.23339
3460001 4.25417
3470001 4.23597
3480001 4.28688
3490001 4.31108
3500001 4.3094
3510001 4.27456
3520001 4.28754
3530001 4.31694
3540001 4.34542
3550001 4.2869
3560001 4.2971
3570001 4.28382
3580001 4.26572
3590001 4.2793
3600001 4.30643
3610001 4.32131
3620001 4.29883
3630001 4.33177
3640001 4.28842
3650001 4.32751
3660001 4.33988
3670001 4.29648
3680001 4.31724
3690001 4.29998
3700001 4.3221
3710001 4.37108
3720001 4.37287
3730001 4.337
3740001 4.35011
3750001 4.38
3760001 4.41457
3770001 4.35589
3780001 4.3628
3790001 4.36336
3800001 4.3286
3810001 4.34436
3820001 4.37061
3830001 4.36227
3840001 4.35956
3850001 4.41122
3860001 4.3633
3870001 4.3764
3880001 4.38622
3890001 4.35903
3900001 4.38051
3910001 4.36221
3920001 4.38442
3930001 4.42378
3940001 4.38854
3950001 4.40026
3960001 4.3988
3970001 4.4476
3980001 4.48501
3990001 4.42151
4000001 4.40763
4010001 4.4413
4020001 4.39679
4030001 4.40673
4040001 4.43466
4050001 4.4241
4060001 4.44821
4070001 4.46388
4080001 4.43425
4090001 4.41616
4100001 4.43672
4110001 4.42815
4120001 4.44185
4130001 4.42377
4140001 4.4493
4150001 4.4868
4160001 4.44959
4170001 4.47815
4180001 4.48047
4190001 4.51227
4200001 4.54364
4210001 4.48824
4220001 4.47036
4230001 4.51669
4240001 4.45869
4250001 4.45928
4260001 4.46855
4270001 4.4933
4280001 4.48323
4290001 4.5374
4300001 4.47706
4310001 4.47954
4320001 4.52604
4330001 4.48948
4340001 4.50272
4350001 4.4849
4360001 4.5098
4370001 4.53674
4380001 4.51099
4390001 4.53142
4400001 4.54243
4410001 4.57695
4420001 4.60507
4430001 4.554
4440001 4.53154
4450001 4.57013
4460001 4.52076
4470001 4.5251
4480001 4.55462
4490001 4.54464
4500001 4.55849
4510001 4.58209
4520001 4.53818
4530001 4.55133
4540001 4.58821
4550001 4.55869
4560001 4.56837
4570001 4.54627
4580001 4.56931
4590001 4.59747
4600001 4.5806
4610001 4.57139
4620001 4.5853
4630001 4.62367
4640001 4.65314
4650001 4.60788
4660001 4.59208
4670001 4.62988
4680001 4.58204
4690001 4.57738
4700001 4.60664
4710001 4.6089
4720001 4.61892
4730001 4.64296
4740001 4.59373
4750001 4.61235
4760001 4.64767
4770001 4.62152
4780001 4.62705
4790001 4.60551
4800001 4.60454
4810001 4.65803
4820001 4.64923
4830001 4.63129
4840001 4.64489
4850001 4.68391
4860001 4.69832
4870001 4.67519
4880001 4.6493
4890001 4.6588
4900001 4.64158
4910001 4.64032
4920001 4.64099
4930001 4.66767
4940001 4.66477
4950001 4.65507
4960001 4.66008
4970001 4.66627
4980001 4.69135
4990001 4.69207
5000001 4.65733
5010001 4.66712
5020001 4.66937
5030001 4.70334
5040001 4.72331
5050001 4.69484
5060001 4.70257
5070001 4.75378
5080001 4.75752
5090001 4.73451
5100001 4.71838
5110001 4.71862
5120001 4.70232
5130001 4.68818
5140001 4.69995
5150001 4.7252
5160001 4.72173
5170001 4.71373
5180001 4.74906
5190001 4.7133
5200001 4.74877
5210001 4.74943
5220001 4.71652
5230001 4.73595
5240001 4.71935
5250001 4.765
5260001 4.78725
5270001 4.78472
5280001 4.75399
5290001 4.76581
5300001 4.79176
5310001 4.81766
5320001 4.76607
5330001 4.7741
5340001 4.76206
5350001 4.74582
5360001 4.75809
5370001 4.78258
5380001 4.79598
5390001 4.77575
5400001 4.80516
5410001 4.76619
5420001 4.80163
5430001 4.81254
5440001 4.77333
5450001 4.79231
5460001 4.77637
5470001 4.79627
5480001 4.84089
5490001 4.83684
5500001 4.80976
5510001 4.82172
5520001 4.84828
5530001 4.87971
5540001 4.82656
5550001 4.83223
5560001 4.83333
5570001 4.80185
5580001 4.81613
5590001 4.83988
5600001 4.83228
5610001 4.82982
5620001 4.87626
5630001 4.83321
5640001 4.84488
5650001 4.85355
5660001 4.82898
5670001 4.84864
5680001 4.83185
5690001 4.85173
5700001 4.88762
5710001 4.85522
5720001 4.866
5730001 4.8639
5740001 4.9072
5750001 4.94279
5760001 4.88444
5770001 4.87239
5780001 4.90321
5790001 4.86244
5800001 4.87154
5810001 4.89684
5820001 4.8872
5830001 4.90917
5840001 4.92309
5850001 4.89624
5860001 4.87977
5870001 4.89827
5880001 4.89043
5890001 4.90305
5900001 4.88641
5910001 4.90726
5920001 4.94365
5930001 4.90938
5940001 4.93578
5950001 4.9378
5960001 4.96623
5970001 4.99491
5980001 4.94424
5990001 4.92805
6000001 4.97032
6010001 4.9173
6020001 4.91788
6030001 4.92626
6040001 4.94985
6050001 4.9395
6060001 4.9885
6070001 4.93358
6080001 4.93587
6090001 4.97848
6100001 4.94473
6110001 4.9569
6120001 4.9405
6130001 4.96291
6140001 4.98762
6150001 4.96377
6160001 4.98266
6170001 4.99271
6180001 5.0238
6190001 5.04952
6200001 5.00267
6210001 4.98222
6220001 5.0173
6230001 4.97225
6240001 4.976
6250001 5.00322
6260001 4.9925
6270001 5.00668
6280001 5.02784
6290001 4.98739
6300001 4.99959
6310001 5.0334
6320001 5.00622
6330001 5.01515
6340001 4.99478
6350001 5.01556
6360001 5.04139
6370001 5.02565
6380001 5.01722
6390001 5.03001
6400001 5.06494
6410001 5.09285
6420001 5.05033
6430001 5.03578
6440001 5.07037
6450001 5.0264
6460001 5.02212
6470001 5.04902
6480001 5.04639
6490001 5.06011
6500001 5.08178
6510001 5.03667
6520001 5.05308
6530001 5.08621
6540001 5.06183
6550001 5.067
6560001 5.0471
6570001 5.04614
6580001 5.09492
6590001 5.08668
6600001 5.0702
6610001 5.0827
6620001 5.11834
6630001 5.1314
6640001 5.11017
6650001 5.08628
6660001 5.09494
6670001 5.07907
6680001 5.07781
6690001 5.07844
6700001 5.1028
6710001 5.10009
6720001 5.09112
6730001 5.0956
6740001 5.10106
6750001 5.12111
6760001 5.12464
6770001 5.09271
6780001 5.10162
6790001 5.10365
6800001 5.13453
6810001 5.15073
6820001 5.12628
6830001 5.13369
6840001 5.18084
6850001 5.1904
6860001 5.16274
6870001 5.14775
6880001 5.14778
6890001 5.13286
6900001 5.11982
6910001 5.13057
6920001 5.15367
6930001 5.15035
6940001 5.143
6950001 5.17521
6960001 5.14239
6970001 5.175
6980001 5.17523
6990001 5.14505
7000001 5.16294
7010001 5.14743
7020001 5.18926
7030001 5.2099
7040001 5.20735
7050001 5.17896
7060001 5.18984
7070001 5.21305
7080001 5.23719
7090001 5.18962
7100001 5.19692
7110001 5.18576
7120001 5.17077
7130001 5.18199
7140001 5.20444
7150001 5.21675
7160001 5.19791
7170001 5.22485
7180001 5.18841
7190001 5.22159
7200001 5.23143
7210001 5.19525
7220001 5.21274
7230001 5.19783
7240001 5.21593
7250001 5.25731
7260001 5.25341
7270001 5.2283
7280001 5.2393
7290001 5.26458
7300001 5.29127
7310001 5.24322
7320001 5.24847
7330001 5.24958
7340001 5.22029
7350001 5.23342
7360001 5.25523
7370001 5.24811
7380001 5.24569
7390001 5.28834
7400001 5.24881
7410001 5.25938
7420001 5.26718
7430001 5.24451
7440001 5.26266
7450001 5.24697
7460001 5.26512
7470001 5.29836
7480001 5.2681
7490001 5.27811
7500001 5.27613
7510001 5.31588
7520001 5.34884
7530001 5.29468
7540001 5.29747
7550001 5.31206
7560001 5.2741
7570001 5.28243
7580001 5.30576
7590001 5.29676
7600001 5.31714
7610001 5.32934
7620001 5.30488
7630001 5.28954
7640001 5.30656
7650001 5.2991
7660001 5.31084
7670001 5.29527
7680001 5.31437
7690001 5.34812
7700001 5.31608
7710001 5.34073
7720001 5.34248
7730001 5.36848
7740001 5.39502
7750001 5.34788
7760001 5.33253
7770001 5.36099
7780001 5.32274
7790001 5.32325
7800001 5.33089
7810001 5.35265
7820001 5.34298
7830001 5.38809
7840001 5.33713
7850001 5.3393
7860001 5.37888
7870001 5.34729
7880001 5.35859
7890001 5.34322
7900001 5.36378
7910001 5.38674
7920001 5.36437
7930001 5.38199
7940001 5.39134
7950001 5.41984
7960001 5.44365
7970001 5.39997
7980001 5.3809
7990001 5.41348
8000001 5.37151
8010001 5.37496
8020001 5.40023
8030001 5.39009
8040001 5.40322
8050001 5.42257
8060001 5.38499
8070001 5.39503
8080001 5.42777
8090001 5.40222
8100001 5.41045
8110001 5.39143
8120001 5.41053
8130001 5.4331
8140001 5.41826
8150001 5.41175
8160001 5.42369
8170001 5.45588
8180001 5.48189
8190001 5.43573
8200001 5.42812
8210001 5.46071
8220001 5.41972
8230001 5.41562
8240001 5.44676
8250001 5.43803
8260001 5.45077
8270001 5.47067
8280001 5.42866
8290001 5.44377
8300001 5.47476
8310001 5.45177
8320001 5.45659
8330001 5.43794
8340001 5.43687
8350001 5.48228
8360001 5.47437
8370001 5.45898
8380001 5.47059
8390001 5.50368
8400001 5.51512
8410001 5.49588
8420001 5.47331
8430001 5.48142
8440001 5.4666
8450001 5.46532
8460001 5.46579
8470001 5.48844
8480001 5.48581
8490001 5.4774
8500001 5.48141
8510001 5.48636
8520001 5.50506
8530001 5.50819
8540001 5.47837
8550001 5.48587
8560001 5.48841
8570001 5.51702
8580001 5.53204
8590001 5.50909
8600001 5.51602
8610001 5.56587
8620001 5.56874
8630001 5.54281
8640001 5.51998
8650001 5.52861
8660001 5.51464
8670001 5.51066
8680001 5.51233
8690001 5.53378
8700001 5.53054
8710001 5.52363
8720001 5.55348
8730001 5.5228
8740001 5.55299
8750001 5.55329
8760001 5.52398
8770001 5.54174
8780001 5.52714
8790001 5.56601
8800001 5.58543
8810001 5.58283
8820001 5.55619
8830001 5.56632
8840001 5.58773
8850001 5.60976
8860001 5.56569
8870001 5.57243
8880001 5.56191
8890001 5.54787
8900001 5.55826
8910001 5.57909
8920001 5.59056
8930001 5.57286
8940001 5.59782
8950001 5.5674
8960001 5.59475
8970001 5.60377
8980001 5.56989
8990001 5.58622
9000001 5.57213
9010001 5.58888
9020001 5.62764
9030001 5.62389
9040001 5.60025
9050001 5.6105
9060001 5.63392
9070001 5.65887
9080001 5.61326
9090001 5.61859
9100001 5.61965
9110001 5.5921
9120001 5.59874
9130001 5.62461
9140001 5.61723
9150001 5.61552
9160001 5.65516
9170001 5.61832
9180001 5.62803
9190001 5.63521
9200001 5.61392
9210001 5.63089
9220001 5.61606
9230001 5.63288
9240001 5.66406
9250001 5.63548
9260001 5.64485
9270001 5.64289
9280001 5.67998
9290001 5.71088
9300001 5.65819
9310001 5.66249
9320001 5.67618
9330001 5.64042
9340001 5.64817
9350001 5.66994
9360001 5.6613
9370001 5.68051
9380001 5.69165
9390001 5.6685
9400001 5.65898
9410001 5.67015
9420001 5.66309
9430001 5.67403
9440001 5.65929
9450001 5.67703
9460001 5.70873
9470001 5.67845
9480001 5.70168
9490001 5.70322
9500001 5.72736
9510001 5.75228
9520001 5.70781
9530001 5.69337
9540001 5.72007
9550001 5.68403
9560001 5.68446
9570001 5.69152
9580001 5.71126
9590001 5.7027
9600001 5.74477
9610001 5.69698
9620001 5.69894
9630001 5.73614
9640001 5.70619
9650001 5.71685
9660001 5.70224
9670001 5.72142
9680001 5.74301
9690001 5.72181
9700001 5.73841
9710001 5.74713
9720001 5.7737
9730001 5.79606
9740001 5.7548
9750001 5.73681
9760001 5.76742
9770001 5.72786
9780001 5.73101
9790001 5.75473
9800001 5.74507
9810001 5.75739
9820001 5.78678
9830001 5.73998
9840001 5.74932
9850001 5.78016
9860001 5.75592
9870001 5.76361
9880001 5.74562
9890001 5.76341
9900001 5.78467
9910001 5.77053
9920001 5.76433
9930001 5.77555
9940001 5.81093
9950001 5.83011
9960001 5.78655
9970001 5.7793
9980001 5.80992
9990001 5.77125
10000001 5.76676
10010001 5.79659
10020001 5.78823
10030001 5.8002
10040001 5.81868
10050001 5.77913
10060001 5.79324
10070001 5.82248
10080001 5.80061
10090001 5.80512
10100001 5.78747
10110001 5.78638
10120001 5.82905
10130001 5.82146
10140001 5.80688
10150001 5.81777
10160001 5.84887
10170001 5.85933
10180001 5.84136
10190001 5.81995
10200001 5.82752
10210001 5.81348
10220001 5.81213
10230001 5.81257
10240001 5.83381
10250001 5.83119
10260001 5.8234
10270001 5.82692
10280001 5.83148
10290001 5.84909
10300001 5.8519
10310001 5.82372
10320001 5.83075
10330001 5.83305
10340001 5.8599
10350001 5.87386
10360001 5.85222
10370001 5.8587
10380001 5.90579
10390001 5.89558
10400001 5.88376
10410001 5.86208
10420001 5.87016
10430001 5.85691
10440001 5.85305
10450001 5.85457
10460001 5.87463
10470001 5.87156
10480001 5.86498
10490001 5.89295
10500001 5.86405
10510001 5.89248
10520001 5.89262
10530001 5.8649
10540001 5.88162
10550001 5.86772
10560001 5.90428
10570001 5.92265
10580001 5.9199
10590001 5.89483
10600001 5.90433
10610001 5.92436
10620001 5.94484
10630001 5.90339
10640001 5.9097
10650001 5.89965
10660001 5.88636
10670001 5.8961
10680001 5.91579
10690001 5.92646
10700001 5.90965
10710001 5.93303
10720001 5.90433
10730001 5.93008
10740001 5.93838
10750001 5.9064
10760001 5.9218
10770001 5.90837
10780001 5.92404
10790001 5.96075
10800001 5.9571
10810001 5.93463
10820001 5.94425
10830001 5.96625
10840001 5.98978
10850001 5.94655
10860001 5.95152
10870001 5.95253
10880001 5.92636
10890001 5.9325
10900001 5.95693
10910001 5.94986
10920001 5.94818
10930001 5.98544
10940001 5.95073
10950001 5.95976
10960001 5.96645
10970001 5.94625
10980001 5.96226
10990001 5.94813
11000001 5.96389
11010001 5.99345
11020001 5.96617
11030001 5.97505
11040001 5.97311
11050001 6.00808
11060001 6.03733
11070001 5.98727
11080001 5.9913
11090001 6.00424
11100001 5.97027
11110001 5.97751
11120001 5.99808
11130001 5.98981
11140001 6.00799
11150001 6.01829
11160001 5.99636
11170001 5.9873
11180001 5.99782
11190001 5.99103
11200001 6.00136
11210001 5.98728
11220001 6.00396
11230001 6.03402
11240001 6.00515
11250001 6.02722
11260001 6.02858
11270001 6.05126
11280001 6.07484
11290001 6.03256
11300001 6.01882
11310001 6.04413
11320001 6.00981
11330001 6.0102
11340001 6.0168
11350001 6.03541
11360001 6.02724
11370001 6.0669
11380001 6.02164
11390001 6.02346
11400001 6.05869
11410001 6.03014
11420001 6.04022
11430001 6.02626
11440001 6.04431
11450001 6.06478
11460001 6.04454
11470001 6.06029
11480001 6.0685
11490001 6.09355
11500001 6.11473
11510001 6.07541
11520001 6.05831
11530001 6.08729
11540001 6.04968
11550001 6.05262
11560001 6.07507
11570001 6.0658
11580001 6.09008
11590001 6.09552
11600001 6.06067
11610001 6.06938
11620001 6.09879
11630001 6.07562
11640001 6.08284
11650001 6.06572
11660001 6.08247
11670001 6.10266
11680001 6.08911
11690001 6.08314
11700001 6.09376
11710001 6.12839
11720001 6.14541
11730001 6.10358
11740001 6.09691
11750001 6.12599
11760001 6.08921
11770001 6.08487
11780001 6.11315
11790001 6.10512
11800001 6.11645
11810001 6.13372
11820001 6.09611
11830001 6.10954
11840001 6.13733
11850001 6.11639
11860001 6.12063
11870001 6.1038
11880001 6.10265
11890001 6.14318
11900001 6.13583
11910001 6.12191
11920001 6.13222
11930001 6.16141
11940001 6.17158
11950001 6.15438
11960001 6.13392
11970001 6.14104
11980001 6.12769
11990001 6.12574
12000001 6.1411
12010001 6.14679
12020001 6.14418
12030001 6.13676
12040001 6.14001
12050001 6.14426
12060001 6.18283
12070001 6.16354
12080001 6.13606
12090001 6.14332
12100001 6.14543
12110001 6.17071
12120001 6.18409
12130001 6.16338
12140001 6.16954
12150001 6.21434
12160001 6.20441
12170001 6.19315
12180001 6.17241
12190001 6.17964
12200001 6.16739
12210001 6.16363
12220001 6.16501
12230001 6.18403
12240001 6.18058
12250001 6.17443
12260001 6.20091
12270001 6.17368
12280001 6.20068
12290001 6.2007
12300001 6.17428
12310001 6.18897
12320001 6.17682
12330001 6.21152
12340001 6.22901
12350001 6.22629
12360001 6.20235
12370001 6.21134
12380001 6.23026
12390001 6.24975
12400001 6.21016
12410001 6.21609
12420001 6.20649
12430001 6.19379
12440001 6.20298
12450001 6.22165
12460001 6.23175
12470001 6.21567
12480001 6.23776
12490001 6.21048
12500001 6.2349
12510001 6.2427
12520001 6.2122
12530001 6.22687
12540001 6.21389
12550001 6.22878
12560001 6.26377
12570001 6.25953
12580001 6.23872
12590001 6.24782
12600001 6.26865
12610001 6.29103
12620001 6.24974
12630001 6.25419
12640001 6.25537
12650001 6.23031
12660001 6.23611
12670001 6.25933
12680001 6.25251
12690001 6.25081
12700001 6.28586
12710001 6.2532
12720001 6.26161
12730001 6.268
12740001 6.24867
12750001 6.26387
12760001 6.25031
12770001 6.26522
12780001 6.29345
12790001 6.2673
12800001 6.27573
12810001 6.27284
12820001 6.30705
12830001 6.33493
12840001 6.28705
12850001 6.29086
12860001 6.30319
12870001 6.269
12880001 6.27752
12890001 6.29706
12900001 6.2891
12910001 6.30643
12920001 6.31603
12930001 6.2952
12940001 6.28638
12950001 6.29643
12960001 6.28987
12970001 6.29968
12980001 6.28617
12990001 6.30197
13000001 6.33068
13010001 6.303
13020001 6.32408
13030001 6.32529
13040001 6.34679
13050001 6.36929
13060001 6.32879
13070001 6.31558
13080001 6.33978
13090001 6.30693
13100001 6.30724
13110001 6.31348
13120001 6.33007
13130001 6.32286
13140001 6.36075
13150001 6.31782
13160001 6.31949
13170001 6.35297
13180001 6.32574
13190001 6.33533
13200001 6.32186
13210001 6.33903
13220001 6.35859
13230001 6.33908
13240001 6.35418
13250001 6.36015
13260001 6.38576
13270001 6.40597
13280001 6.36826
13290001 6.35189
13300001 6.37952
13310001 6.34353
13320001 6.3463
13330001 6.36769
13340001 6.35696
13350001 6.38189
13360001 6.38692
13370001 6.35364
13380001 6.36184
13390001 6.39
13400001 6.36769
13410001 6.37457
13420001 6.35772
13430001 6.37403
13440001 6.39336
13450001 6.3803
13460001 6.37453
13470001 6.38456
13480001 6.41741
13490001 6.43386
13500001 6.39505
13510001 6.38736
13520001 6.41512
13530001 6.37987
13540001 6.37569
13550001 6.40338
13560001 6.39492
13570001 6.40571
13580001 6.42197
13590001 6.38611
13600001 6.39887
13610001 6.42544
13620001 6.40525
13630001 6.40882
13640001 6.39315
13650001 6.392
13660001 6.43072
13670001 6.42358
13680001 6.4102
13690001 6.42002
13700001 6.4479
13710001 6.45744
13720001 6.44105
13730001 6.4213
13740001 6.42813
13750001 6.41531
13760001 6.41337
13770001 6.42802
13780001 6.43339
13790001 6.42982
13800001 6.42168
13810001 6.42668
13820001 6.4307
13830001 6.46012
13840001 6.44704
13850001 6.4227
13860001 6.42954
13870001 6.43155
13880001 6.45566
13890001 6.4684
13900001 6.4485
13910001 6.45434
13920001 6.49724
13930001 6.48685
13940001 6.47679
13950001 6.45681
13960001 6.46369
13970001 6.45194
13980001 6.44827
13990001 6.44955
14000001 6.46768
14010001 6.46427
14020001 6.45838
14030001 6.48358
14040001 6.45752
14050001 6.48331
14060001 6.48325
14070001 6.45793
14080001 6.47169
14090001 6.46025
14100001 6.49338
14110001 6.51014
14120001 6.50746
14130001 6.48445
14140001 6.49301
14150001 6.51102
14160001 6.52967
14170001 6.49164
14180001 6.49729
14190001 6.48669
14200001 6.47545
14210001 6.48457
14220001 6.50238
14230001 6.51198
14240001 6.49655
14250001 6.51756
14260001 6.49146
14270001 6.51478
14280001 6.52217
14290001 6.49292
14300001 6.50693
14310001 6.49442
14320001 6.50859
14330001 6.54214
14340001 6.53801
14350001 6.51801
14360001 6.52668
14370001 6.54652
14380001 6.56901
14390001 6.52683
14400001 6.5325
14410001 6.53359
14420001 6.50951
14430001 6.515
14440001 6.5371
14450001 6.53059
14460001 6.52892
14470001 6.56235
14480001 6.53113
14490001 6.53908
14500001 6.54515
14510001 6.52658
14520001 6.54111
14530001 6.528
14540001 6.54224
14550001 6.56933
14560001 6.54407
14570001 6.55218
14580001 6.54936
14590001 6.58208
14600001 6.60877
14610001 6.56226
14620001 6.56638
14630001 6.57818
14640001 6.54532
14650001 6.55342
14660001 6.57211
14670001 6.56441
14680001 6.5742
14690001 6.59006
14700001 6.57008
14710001 6.56158
14720001 6.57061
14730001 6.56481
14740001 6.57418
14750001 6.56107
14760001 6.5762
14770001 6.60379
14780001 6.57711
14790001 6.59735
14800001 6.59745
14810001 6.61897
14820001 6.64044
14830001 6.60157
14840001 6.58884
14850001 6.61206
14860001 6.58045
14870001 6.58071
14880001 6.58662
14890001 6.60247
14900001 6.59551
14910001 6.63172
14920001 6.59056
14930001 6.59211
14940001 6.62907
14950001 6.59798
14960001 6.60701
14970001 6.59415
14980001 6.61053
14990001 6.62933
15000001 6.6105
15010001 6.62492
15020001 6.63008
15030001 6.65517
15040001 6.67455
15050001 6.64218
15060001 6.62245
15070001 6.64896
15080001 6.61435
15090001 6.61695
15100001 6.63681
15110001 6.62707
15120001 6.65097
15130001 6.65566
15140001 6.62372
15150001 6.63152
15160001 6.65856
15170001 6.63703
15180001 6.65537
15190001 6.62736
15200001 6.64293
15210001 6.66152
15220001 6.64887
15230001 6.64327
15240001 6.65286
15250001 6.68441
15260001 6.70015
15270001 6.66279
15280001 6.65531
15290001 6.68195
15300001 6.64738
15310001 6.64396
15320001 6.67053
15330001 6.66234
15340001 6.67264
15350001 6.68814
15360001 6.66065
15370001 6.66586
15380001 6.69142
15390001 6.67192
15400001 6.67531
15410001 6.6602
15420001 6.659
15430001 6.69624
15440001 6.68928
15450001 6.67603
15460001 6.68578
15470001 6.71249
15480001 6.72165
15490001 6.70582
15500001 6.68671
15510001 6.69327
15520001 6.6809
15530001 6.67898
15540001 6.69304
15550001 6.69813
15560001 6.69465
15570001 6.68678
15580001 6.68508
15590001 6.69533
15600001 6.7236
15610001 6.71092
15620001 6.68711
15630001 6.6938
15640001 6.6959
15650001 6.71903
15660001 6.72106
15670001 6.71178
15680001 6.7176
15690001 6.75888
15700001 6.74876
15710001 6.73884
15720001 6.71973
15730001 6.72632
15740001 6.71355
15750001 6.71138
15760001 6.71257
15770001 6.72995
15780001 6.72661
15790001 6.72092
15800001 6.74502
15810001 6.71999
15820001 6.74474
15830001 6.74461
15840001 6.72022
15850001 6.7334
15860001 6.72234
15870001 6.75141
15880001 6.77029
15890001 6.76765
15900001 6.74543
15910001 6.75361
15920001 6.77087
15930001 6.7888
15940001 6.75211
15950001 6.75751
15960001 6.74716
15970001 6.73641
15980001 6.74513
15990001 6.76205
16000001 6.77116
16010001 6.7565
16020001 6.77712
16030001 6.75147
16040001 6.7739
16050001 6.78093
16060001 6.75275
16070001 6.7662
16080001 6.75408
16090001 6.76766
16100001 6.8012
16110001 6.79593
16120001 6.77661
16130001 6.7849
16140001 6.80394
16150001 6.82557
16160001 6.78485
16170001 6.79028
16180001 6.79085
16190001 6.76807
16200001 6.77329
16210001 6.79133
16220001 6.78821
16230001 6.78655
16240001 6.8186
16250001 6.78904
16260001 6.79617
16270001 6.80175
16280001 6.78404
16290001 6.798
16300001 6.78531
16310001 6.79893
16320001 6.82507
16330001 6.80063
16340001 6.80841
16350001 6.80565
16360001 6.83709
16370001 6.8628
16380001 6.81789
16390001 6.82287
16400001 6.83319
16410001 6.80145
16420001 6.80921
16430001 6.82717
16440001 6.81966
16450001 6.82904
16460001 6.84423
16470001 6.8206
16480001 6.81676
16490001 6.82531
16500001 6.81977
16510001 6.82871
16520001 6.81608
16530001 6.83058
16540001 6.8572
16550001 6.83138
16560001 6.85078
16570001 6.85093
16580001 6.87156
16590001 6.89225
16600001 6.85464
16610001 6.84237
16620001 6.86476
16630001 6.83421
16640001 6.83443
16650001 6.84008
16660001 6.85528
16670001 6.84854
16680001 6.88331
16690001 6.84366
16700001 6.84459
16710001 6.87231
16720001 6.85066
16730001 6.85934
16740001 6.84688
16750001 6.86259
16760001 6.88073
16770001 6.8625
16780001 6.87638
16790001 6.88132
16800001 6.90538
16810001 6.9241
16820001 6.89278
16830001 6.87366
16840001 6.90391
16850001 6.86575
16860001 6.86827
16870001 6.8874
16880001 6.87795
16890001 6.90097
16900001 6.90537
16910001 6.87458
16920001 6.88205
16930001 6.90812
16940001 6.88726
16950001 6.90492
16960001 6.87786
16970001 6.89279
16980001 6.91074
16990001 6.89819
17000001 6.89299
17010001 6.90222
17020001 6.93238
17030001 6.94776
17040001 6.91163
17050001 6.90428
17060001 6.93005
17070001 6.89665
17080001 6.89329
17090001 6.9189
17100001 6.91095
17110001 6.92084
17120001 6.93568
17130001 6.90914
17140001 6.9141
17150001 6.93879
17160001 6.91989
17170001 6.92311
17180001 6.90847
17190001 6.90729
17200001 6.94321
17210001 6.93641
17220001 6.92358
17230001 6.93296
17240001 6.95872
17250001 6.96748
17260001 6.95217
17270001 6.93364
17280001 6.93995
17290001 6.92796
17300001 6.92606
17310001 6.94423
17320001 6.94447
17330001 6.94061
17340001 6.93009
17350001 6.93172
17360001 6.94156
17370001 6.9684
17380001 6.95651
17390001 6.9335
17400001 6.93991
17410001 6.9419
17420001 6.96418
17430001 6.96609
17440001 6.95706
17450001 6.96266
17460001 7.0025
17470001 6.99806
17480001 6.98306
17490001 6.96452
17500001 6.97086
17510001 6.95848
17520001 6.95633
17530001 6.95744
17540001 6.97415
17550001 6.97087
17560001 6.96536
17570001 6.98848
17580001 6.96439
17590001 6.98825
17600001 6.98806
17610001 6.96447
17620001 6.97716
17630001 6.96643
17640001 6.99446
17650001 7.0127
17660001 7.01007
17670001 6.98854
17680001 6.99642
17690001 7.02593
17700001 7.03033
17710001 6.99481
17720001 6.99987
17730001 6.98995
17740001 6.97953
17750001 6.9879
17760001 7.0042
17770001 7.01295
17780001 6.99872
17790001 7.01848
17800001 6.99382
17810001 7.01542
17820001 7.01932
17830001 6.99491
17840001 7.00785
17850001 6.9961
17860001 7.00916
17870001 7.04127
17880001 7.03644
17890001 7.01768
17900001 7.02568
17910001 7.04402
17920001 7.06489
17930001 7.02529
17940001 7.03069
17950001 7.0312
17960001 7.00914
17970001 7.01414
17980001 7.03153
17990001 7.02846
18000001 7.02683
18010001 7.05761
18020001 7.02881
18030001 7.03598
18040001 7.04132
18050001 7.02418
18060001 7.03764
18070001 7.02517
18080001 7.03841
18090001 7.06371
18100001 7.03898
18110001 7.04748
18120001 7.04477
18130001 7.07512
18140001 7.09996
18150001 7.05644
18160001 7.06123
18170001 7.0712
18180001 7.04044
18190001 7.0479
18200001 7.0643
18210001 7.05792
18220001 7.06696
18230001 7.08154
18240001 7.05873
18250001 7.05493
18260001 7.06317
18270001 7.05774
18280001 7.06638
18290001 7.05411
18300001 7.06808
18310001 7.09384
18320001 7.06878
18330001 7.08755
18340001 7.08763
18350001 7.10751
18360001 7.12752
18370001 7.09106
18380001 7.07914
18390001 7.1008
18400001 7.07119
18410001 7.07136
18420001 7.07677
18430001 7.09142
18440001 7.08487
18450001 7.11837
18460001 7.08007
18470001 7.08186
18480001 7.10768
18490001 7.08671
18500001 7.09508
18510001 7.08298
18520001 7.0981
18530001 7.11567
18540001 7.09795
18550001 7.11136
18560001 7.11611
18570001 7.13933
18580001 7.15737
18590001 7.12609
18600001 7.10849
18610001 7.13774
18620001 7.10074
18630001 7.10317
18640001 7.12056
18650001 7.11231
18660001 7.13469
18670001 7.13883
18680001 7.10905
18690001 7.11624
18700001 7.14146
18710001 7.1212
18720001 7.13783
18730001 7.11202
18740001 7.12641
18750001 7.1438
18760001 7.13158
18770001 7.12649
18780001 7.13439
18790001 7.16458
18800001 7.1807
18810001 7.14439
18820001 7.1372
18830001 7.16212
18840001 7.12976
18850001 7.12645
18860001 7.15108
18870001 7.14337
18880001 7.15303
18890001 7.16597
18900001 7.14159
18910001 7.14951
18920001 7.17025
18930001 7.15187
18940001 7.15495
18950001 7.14075
18960001 7.13957
18970001 7.173
18980001 7.16768
18990001 7.1552
19000001 7.16427
19010001 7.18916
19020001 7.19689
19030001 7.18276
19040001 7.16473
19050001 7.17083
19060001 7.15875
19070001 7.15724
19080001 7.17486
19090001 7.17503
19100001 7.17119
19110001 7.16104
19120001 7.16256
19130001 7.17205
19140001 7.19804
19150001 7.18645
19160001 7.16411
19170001 7.17029
19180001 7.17219
19190001 7.19374
19200001 7.19554
19210001 7.18667
19220001 7.19215
19230001 7.23074
19240001 7.22638
19250001 7.2118
19260001 7.19374
19270001 7.1998
19280001 7.18785
19290001 7.18572
19300001 7.18676
19310001 7.2029
19320001 7.19906
19330001 7.19432
19340001 7.21658
19350001 7.19299
19360001 7.21633
19370001 7.21614
19380001 7.19326
19390001 7.20552
19400001 7.19507
19410001 7.22221
19420001 7.23987
19430001 7.22156
19440001 7.21635
19450001 7.22395
19460001 7.25252
19470001 7.25674
19480001 7.22217
19490001 7.22713
19500001 7.2173
19510001 7.20734
19520001 7.2154
19530001 7.23116
19540001 7.23951
19550001 7.22575
19560001 7.24388
19570001 7.22095
19580001 7.24179
19590001 7.24557
19600001 7.22189
19610001 7.23415
19620001 7.22297
19630001 7.23556
19640001 7.2667
19650001 7.26178
19660001 7.24374
19670001 7.25145
19680001 7.26918
19690001 7.28938
19700001 7.25058
19710001 7.25609
19720001 7.25661
19730001 7.23518
19740001 7.23998
19750001 7.25681
19760001 7.25379
19770001 7.25215
19780001 7.28192
19790001 7.25404
19800001 7.26093
19810001 7.26606
19820001 7.24941
19830001 7.26243
19840001 7.25031
19850001 7.26307
19860001 7.28763
19870001 7.26357
19880001 7.27177
19890001 7.26911
19900001 7.2985
19910001 7.32258
19920001 7.28028
19930001 7.28482
19940001 7.29457
19950001 7.26251
19960001 7.27182
19970001 7.28774
19980001 7.28151
19990001 7.29026
20000001 7.3043
20010001 7.28174
20020001 7.27847
20030001 7.29411
20040001 7.28111
20050001 7.28947
20060001 7.27751
20070001 7.29103
20080001 7.31603
20090001 7.29163
20100001 7.30983
20110001 7.30987
20120001 7.32909
20130001 7.34849
20140001 7.31305
20150001 7.30145
20160001 7.32245
20170001 7.29368
20180001 7.29381
20190001 7.29901
20200001 7.31318
20210001 7.30666
20220001 7.3392
20230001 7.30205
20240001 7.30376
20250001 7.32878
20260001 7.30838
20270001 7.31648
20280001 7.30469
20290001 7.31931
20300001 7.33637
20310001 7.31908
20320001 7.33211
20330001 7.33668
20340001 7.35917
20350001 7.37665
20360001 7.34612
20370001 7.32904
20380001 7.35742
20390001 7.32142
20400001 7.32385
20410001 7.34068
20420001 7.33264
20430001 7.35433
20440001 7.35826
20450001 7.32937
20460001 7.3363
20470001 7.36077
20480001 7.34104
20490001 7.35716
20500001 7.33207
20510001 7.34597
20520001 7.36285
20530001 7.34942
20540001 7.34596
20550001 7.3536
20560001 7.38289
20570001 7.3985
20580001 7.3632
20590001 7.35615
20600001 7.38034
20610001 7.34888
20620001 7.34567
20630001 7.36951
20640001 7.36198
20650001 7.37134
20660001 7.38381
20670001 7.36122
20680001 7.36779
20690001 7.38767
20700001 7.36988
20710001 7.37297
20720001 7.35915
20730001 7.35797
20740001 7.39038
20750001 7.38519
20760001 7.37303
20770001 7.38181
20780001 7.40596
20790001 7.41292
20800001 7.39951
20810001 7.3821
20820001 7.388
20830001 7.37623
20840001 7.37472
20850001 7.39179
20860001 7.39194
20870001 7.38817
20880001 7.37827
20890001 7.37971
20900001 7.38888
20910001 7.41452
20920001 7.4028
20930001 7.38084
20940001 7.38705
20950001 7.38886
20960001 7.40976
20970001 7.41151
20980001 7.4028
20990001 7.40811
21000001 7.4456
21010001 7.44128
21020001 7.4271
21030001 7.40949
21040001 7.41535
21050001 7.40371
21060001 7.4016
21070001 7.40253
21080001 7.41822
21090001 7.41924
21100001 7.40982
21110001 7.43136
21120001 7.40846
21130001 7.4311
21140001 7.43086
21150001 7.4086
21160001 7.42049
21170001 7.4103
21180001 7.43604
21190001 7.45378
21200001 7.43445
21210001 7.43084
21220001 7.45256
21230001 7.46592
21240001 7.47
21250001 7.43577
21260001 7.44113
21270001 7.43155
21280001 7.42167
21290001 7.4292
21300001 7.44491
21310001 7.45299
21320001 7.43956
21330001 7.45636
21340001 7.43486
21350001 7.45507
21360001 7.45869
21370001 7.43566
21380001 7.44755
21390001 7.43664
21400001 7.44882
21410001 7.4791
21420001 7.47427
21430001 7.45669
21440001 7.46414
21450001 7.48061
21460001 7.50096
21470001 7.46286
21480001 7.46852
21490001 7.469
21500001 7.44813
21510001 7.45267
21520001 7.46906
21530001 7.46611
21540001 7.46448
21550001 7.49333
21560001 7.46627
21570001 7.4729
21580001 7.47786
21590001 7.46165
21600001 7.47427
21610001 7.46244
21620001 7.4748
21630001 7.4987
21640001 7.47524
21650001 7.48318
21660001 7.48056
21670001 7.50739
21680001 7.53246
21690001 7.4913
21700001 7.49562
21710001 7.5051
21720001 7.47395
21730001 7.48295
21740001 7.49841
21750001 7.4923
21760001 7.50079
21770001 7.51264
21780001 7.49244
21790001 7.48922
21800001 7.50439
21810001 7.49172
21820001 7.49981
21830001 7.48815
21840001 7.50125
21850001 7.52557
21860001 7.50178
21870001 7.51946
21880001 7.51947
21890001 7.53811
21900001 7.55691
21910001 7.51912
21920001 7.51111
21930001 7.53154
21940001 7.5035
21950001 7.5036
21960001 7.50862
21970001 7.52234
21980001 7.51599
21990001 7.54756
22000001 7.51145
22010001 7.51307
22020001 7.53738
22030001 7.5175
22040001 7.52535
22050001 7.51384
22060001 7.52801
22070001 7.54462
22080001 7.52775
22090001 7.54039
22100001 7.54481
22110001 7.56664
22120001 7.58238
22130001 7.55387
22140001 7.53722
22150001 7.56482
22160001 7.52972
22170001 7.53206
22180001 7.54474
22190001 7.54057
22200001 7.56164
22210001 7.5654
22220001 7.53729
22230001 7.54399
22240001 7.56755
22250001 7.54852
22260001 7.56419
22270001 7.53975
22280001 7.55322
22290001 7.56966
22300001 7.55654
22310001 7.55312
22320001 7.5605
22330001 7.58903
22340001 7.60416
22350001 7.56947
22360001 7.56287
22370001 7.58643
22380001 7.55572
22390001 7.55259
22400001 7.57575
22410001 7.5684
22420001 7.57747
22430001 7.58953
22440001 7.56755
22450001 7.5739
22460001 7.59321
22470001 7.57588
22480001 7.57885
22490001 7.56537
22500001 7.5642
22510001 7.59574
22520001 7.59063
22530001 7.5786
22540001 7.58726
22550001 7.60985
22560001 7.61752
22570001 7.60298
22580001 7.58741
22590001 7.59289
22600001 7.58159
22610001 7.58014
22620001 7.59674
22630001 7.59684
22640001 7.59314
22650001 7.58348
22660001 7.58475
22670001 7.59374
22680001 7.61866
22690001 7.60206
22700001 7.58582
22710001 7.59182
22720001 7.59356
22730001 7.61388
22740001 7.61554
22750001 7.60703
22760001 7.61217
22770001 7.64868
22780001 7.64443
22790001 7.63058
22800001 7.61337
22810001 7.61906
22820001 7.6077
22830001 7.60559
22840001 7.60649
22850001 7.62172
22860001 7.62185
22870001 7.61349
22880001 7.63439
22890001 7.61209
22900001 7.63411
22910001 7.63383
22920001 7.61215
22930001 7.62344
22940001 7.61373
22950001 7.63877
22960001 7.65549
22970001 7.63714
22980001 7.63361
22990001 7.65474
23000001 7.66774
23010001 7.67167
23020001 7.63806
23030001 7.64348
23040001 7.63412
23050001 7.62447
23060001 7.63176
23070001 7.64703
23080001 7.65487
23090001 7.64176
23100001 7.65805
23110001 7.63703
23120001 7.65677
23130001 7.66025
23140001 7.63779
23150001 7.64935
23160001 7.63869
23170001 7.65051
23180001 7.68002
23190001 7.67526
23200001 7.6581
23210001 7.66533
23220001 7.68134
23230001 7.70114
23240001 7.66398
23250001 7.66947
23260001 7.66992
23270001 7.64955
23280001 7.65345
23290001 7.66987
23300001 7.66697
23310001 7.66533
23320001 7.68987
23330001 7.66704
23340001 7.67345
23350001 7.67826
23360001 7.66236
23370001 7.67471
23380001 7.66315
23390001 7.67514
23400001 7.69844
23410001 7.67553
23420001 7.68323
23430001 7.68061
23440001 7.70608
23450001 7.73118
23460001 7.691
23470001 7.6952
23480001 7.70443
23490001 7.67402
23500001 7.68276
23510001 7.6978
23520001 7.69181
23530001 7.69383
23540001 7.71154
23550001 7.69187
23560001 7.68868
23570001 7.70343
23580001 7.69105
23590001 7.69891
23600001 7.68752
23610001 7.70023
23620001 7.72396
23630001 7.70064
23640001 7.71792
23650001 7.71791
23660001 7.73445
23670001 7.75434
23680001 7.71745
23690001 7.70927
23700001 7.72953
23710001 7.70215
23720001 7.70223
23730001 7.70708
23740001 7.72042
23750001 7.71421
23760001 7.74491
23770001 7.70972
23780001 7.7113
23790001 7.73494
23800001 7.71536
23810001 7.72315
23820001 7.71188
23830001 7.72566
23840001 7.74185
23850001 7.72536
23860001 7.73767
23870001 7.74192
23880001 7.76319
23890001 7.77852
23900001 7.75066
23910001 7.7344
23920001 7.7613
23930001 7.72705
23940001 7.7293
23950001 7.74163
23960001 7.73575
23970001 7.75804
23980001 7.76164
23990001 7.73425
24000001 7.74074
24010001 7.7637
24020001 7.74509
24030001 7.76035
24040001 7.73649
24050001 7.74957
24060001 7.76562
24070001 7.75277
24080001 7.74941
24090001 7.75656
24100001 7.78438
24110001 7.79911
24120001 7.76513
24130001 7.75866
24140001 7.78172
24150001 7.75174
24160001 7.74866
24170001 7.77122
24180001 7.76402
24190001 7.77284
24200001 7.78453
24210001 7.7631
24220001 7.76924
24230001 7.78806
24240001 7.77113
24250001 7.77373
24260001 7.76083
24270001 7.75966
24280001 7.79039
24290001 7.78538
24300001 7.77358
24310001 7.78193
24320001 7.80405
24330001 7.8115
24340001 7.79729
24350001 7.78206
24360001 7.78738
24370001 7.77632
24380001 7.77488
24390001 7.79091
24400001 7.7911
24410001 7.78744
24420001 7.77802
24430001 7.77923
24440001 7.78796
24450001 7.81226
24460001 7.79586
24470001 7.78016
24480001 7.78597
24490001 7.78746
24500001 7.80745
24510001 7.80903
24520001 7.80068
24530001 7.8057
24540001 7.84129
24550001 7.83706
24560001 7.82347
24570001 7.80674
24580001 7.81212
24590001 7.80116
24600001 7.79906
24610001 7.79991
24620001 7.81474
24630001 7.81319
24640001 7.80649
24650001 7.827
24660001 7.80524
24670001 7.82753
24680001 7.82638
24690001 7.80519
24700001 7.81708
24710001 7.80669
24720001 7.8311
24730001 7.8474
24740001 7.82944
24750001 7.82597
24760001 7.84656
24770001 7.85923
24780001 7.86305
24790001 7.8302
24800001 7.83635
24810001 7.82604
24820001 7.81686
24830001 7.8238
24840001 7.83881
24850001 7.84644
24860001 7.83361
24870001 7.85673
24880001 7.82895
24890001 7.84817
24900001 7.85154
24910001 7.8296
24920001 7.84086
24930001 7.83042
24940001 7.85731
24950001 7.87072
24960001 7.86604
24970001 7.84925
24980001 7.85628
24990001 7.87188
25000001 7.89119
25010001 7.85486
25020001 7.86023
25030001 7.86062
25040001 7.84072
25050001 7.84448
25060001 7.86049
25070001 7.85762
25080001 7.85599
25090001 7.87943
25100001 7.85763
25110001 7.86384
25120001 7.8685
25130001 7.85296
25140001 7.86584
25150001 7.85367
25160001 7.86534
25170001 7.8881
25180001 7.86567
25190001 7.87315
25200001 7.87058
25210001 7.89542
25220001 7.91618
25230001 7.88063
25240001 7.88471
25250001 7.89371
25260001 7.86398
25270001 7.87248
25280001 7.88712
25290001 7.88125
25300001 7.88321
25310001 7.90043
25320001 7.88112
25330001 7.87806
25340001 7.89247
25350001 7.87784
25360001 7.88801
25370001 7.87685
25380001 7.88922
25390001 7.91241
25400001 7.88956
25410001 7.90644
25420001 7.9064
25430001 7.9225
25440001 7.94192
25450001 7.90585
25460001 7.89784
25470001 7.91761
25480001 7.89082
25490001 7.89518
25500001 7.8956
25510001 7.90787
25520001 7.9025
25530001 7.93242
25540001 7.89799
25550001 7.89958
25560001 7.92261
25570001 7.90349
25580001 7.91107
25590001 7.90004
25600001 7.91344
25610001 7.92927
25620001 7.91311
25630001 7.93233
25640001 7.92925
25650001 7.94999
25660001 7.96495
25670001 7.93768
25680001 7.92177
25690001 7.94803
25700001 7.91455
25710001 7.91672
25720001 7.92874
25730001 7.92296
25740001 7.94472
25750001 7.94817
25760001 7.92142
25770001 7.92772
25780001 7.95014
25790001 7.93192
25800001 7.94679
25810001 7.92346
25820001 7.9362
25830001 7.95188
25840001 7.93929
25850001 7.93597
25860001 7.94294
25870001 7.96697
25880001 7.98447
25890001 7.95124
25900001 7.94483
25910001 7.96739
25920001 7.93806
25930001 7.93502
25940001 7.95693
25950001 7.94999
25960001 7.95859
25970001 7.96992
25980001 7.949
25990001 7.95497
26000001 7.97334
26010001 7.95673
26020001 7.95928
26030001 7.94665
26040001 7.94547
26050001 7.9755
26060001 7.97032
26070001 7.95898
26080001 7.96557
26090001 7.98874
26100001 7.99599
26110001 7.97865
26120001 7.96715
26130001 7.97233
26140001 7.96149
26150001 7.95997
26160001 7.97569
26170001 7.97586
26180001 7.97225
26190001 7.96301
26200001 7.96417
26210001 7.97267
26220001 7.99641
26230001 7.98033
26240001 7.96496
26250001 7.97062
26260001 7.97206
26270001 7.99158
26280001 7.99308
26290001 7.98489
26300001 7.98978
26310001 8.02457
26320001 8.02039
26330001 8.00708
26340001 7.99069
26350001 7.99576
26360001 7.98518
26370001 7.98309
26380001 7.98387
26390001 7.99838
26400001 7.99683
26410001 7.99027
26420001 8.01001
26430001 7.98694
26440001 8.01075
26450001 8.00959
26460001 7.98882
26470001 8.00046
26480001 7.99028
26490001 8.01412
26500001 8.02981
26510001 8.01242
26520001 8.00902
26530001 8.02912
26540001 8.04148
26550001 8.0452
26560001 8.01293
26570001 8.01903
26580001 8.00893
26590001 7.9999
26600001 8.00669
26610001 8.02132
26620001 8.02852
26630001 8.0162
26640001 8.03875
26650001 8.0116
26660001 8.03036
26670001 8.03362
26680001 8.01215
26690001 8.02311
26700001 8.01289
26710001 8.03917
26720001 8.05228
26730001 8.04765
26740001 8.0312
26750001 8.03805
26760001 8.05327
26770001 8.07214
26780001 8.03657
26790001 8.04152
26800001 8.04219
26810001 8.02268
26820001 8.03281
26830001 8.04196
26840001 8.03913
26850001 8.03853
26860001 8.06037
26870001 8.03908
26880001 8.0451
26890001 8.04964
26900001 8.0344
26910001 8.04699
26920001 8.03505
26930001 8.04643
26940001 8.0687
26950001 8.04672
26960001 8.05401
26970001 8.05129
26980001 8.07527
26990001 8.09602
27000001 8.06105
27010001 8.06518
27020001 8.07398
27030001 8.04486
27040001 8.05312
27050001 8.06745
27060001 8.06167
27070001 8.06278
27080001 8.08035
27090001 8.06148
27100001 8.05894
27110001 8.07251
27120001 8.05815
27130001 8.06811
27140001 8.05716
27150001 8.06922
27160001 8.09191
27170001 8.06952
27180001 8.08601
27190001 8.08594
27200001 8.10167
27210001 8.1205
27220001 8.08532
27230001 8.07733
27240001 8.0968
27250001 8.07055
27260001 8.07479
27270001 8.07518
27280001 8.0838
27290001 8.09766
27300001 8.11108
27310001 8.07933
27320001 8.07895
27330001 8.09169
27340001 8.0827
27350001 8.09016
27360001 8.07929
27370001 8.09236
27380001 8.10784
27390001 8.09196
27400001 8.1108
27410001 8.10774
27420001 8.12801
27430001 8.14263
27440001 8.11937
27450001 8.10031
27460001 8.126
27470001 8.0932
27480001 8.09254
27490001 8.09752
27500001 8.10129
27510001 8.12262
27520001 8.12596
27530001 8.09978
27540001 8.10591
27550001 8.12784
27560001 8.10508
27570001 8.1245
27580001 8.10165
27590001 8.11407
27600001 8.12943
27610001 8.11706
27620001 8.11382
27630001 8.12037
27640001 8.14408
27650001 8.17055
27660001 8.12864
27670001 8.12234
27680001 8.14439
27690001 8.11567
27700001 8.11267
27710001 8.13408
27720001 8.12724
27730001 8.13566
27740001 8.1467
27750001 8.12621
27760001 8.13203
27770001 8.14999
27780001 8.13371
27790001 8.13618
27800001 8.12379
27810001 8.12262
27820001 8.152
27830001 8.14689
27840001 8.13577
27850001 8.14219
27860001 8.16485
27870001 8.17192
27880001 8.15467
27890001 8.14363
27900001 8.14869
27910001 8.13805
27920001 8.13653
27930001 8.15146
27940001 8.152
27950001 8.14851
27960001 8.1394
27970001 8.14053
27980001 8.14881
27990001 8.17204
28000001 8.15626
28010001 8.14121
28020001 8.14671
28030001 8.1481
28040001 8.16707
28050001 8.16863
28060001 8.16059
28070001 8.16531
28080001 8.19938
28090001 8.19528
28100001 8.18222
28110001 8.16613
28120001 8.17109
28130001 8.1607
28140001 8.15862
28150001 8.15938
28160001 8.17348
28170001 8.17199
28180001 8.16537
28190001 8.18484
28200001 8.16226
28210001 8.18554
28220001 8.18438
28230001 8.16347
28240001 8.1754
28250001 8.1654
28260001 8.18872
28270001 8.20407
28280001 8.187
28290001 8.18365
28300001 8.20332
28310001 8.2154
28320001 8.21901
28330001 8.18714
28340001 8.19334
28350001 8.18342
28360001 8.17453
28370001 8.18117
28380001 8.19522
28390001 8.20251
28400001 8.19042
28410001 8.21246
28420001 8.18587
28430001 8.20421
28440001 8.20736
28450001 8.18634
28460001 8.19705
28470001 8.18701
28480001 8.21272
28490001 8.22555
28500001 8.22098
28510001 8.20485
28520001 8.21153
28530001 8.22639
28540001 8.24483
28550001 8.20908
28560001 8.21483
28570001 8.21547
28580001 8.19634
28590001 8.20623
28600001 8.21517
28610001 8.21237
28620001 8.21176
28630001 8.23309
28640001 8.21222
28650001 8.21812
28660001 8.22243
28670001 8.2076
28680001 8.2199
28690001 8.20819
28700001 8.2193
28710001 8.24112
28720001 8.21954
28730001 8.22666
28740001 8.22397
28750001 8.24743
28760001 8.2663
28770001 8.23345
28780001 8.23746
28790001 8.24607
28800001 8.21754
28810001 8.22561
28820001 8.23959
28830001 8.23392
28840001 8.23499
28850001 8.25216
28860001 8.23368
28870001 8.23117
28880001 8.24443
28890001 8.23031
28900001 8.24007
28910001 8.22931
28920001 8.24081
28930001 8.26334
28940001 8.24136
28950001 8.25749
28960001 8.24834
28970001 8.27277
28980001 8.29122
28990001 8.2567
29000001 8.24886
29010001 8.26793
29020001 8.24218
29030001 8.24631
29040001 8.24661
29050001 8.25509
29060001 8.26865
29070001 8.28161
29080001 8.25065
29090001 8.25024
29100001 8.2627
29110001 8.25387
29120001 8.26116
29130001 8.25048
29140001 8.26325
29150001 8.27842
29160001 8.26283
29170001 8.28099
29180001 8.27825
29190001 8.29805
29200001 8.31239
29210001 8.28955
29220001 8.27087
29230001 8.29595
29240001 8.26377
29250001 8.2632
29260001 8.26805
29270001 8.281
29280001 8.2926
29290001 8.29582
29300001 8.27004
29310001 8.27606
29320001 8.29762
29330001 8.27529
29340001 8.29416
29350001 8.27189
29360001 8.28402
29370001 8.29907
29380001 8.28691
29390001 8.28371
29400001 8.29011
29410001 8.31332
29420001 8.33926
29430001 8.29815
29440001 8.29194
29450001 8.31345
29460001 8.28537
29470001 8.2824
29480001 8.30335
29490001 8.29665
29500001 8.30487
29510001 8.31564
29520001 8.29556
29530001 8.29863
29540001 8.31883
29550001 8.30284
29560001 8.30518
29570001 8.29306
29580001 8.2919
29590001 8.32068
29600001 8.31564
29610001 8.30463
29620001 8.31099
29630001 8.33322
29640001 8.34013
29650001 8.32317
29660001 8.31231
29670001 8.31717
29680001 8.3067
29690001 8.30529
29700001 8.31979
29710001 8.32041
29720001 8.31696
29730001 8.30802
29740001 8.30909
29750001 8.31718
29760001 8.33994
29770001 8.32409
29780001 8.30967
29790001 8.31503
29800001 8.31638
29810001 8.33495
29820001 8.33631
29830001 8.32855
29840001 8.33316
29850001 8.36649
29860001 8.3625
29870001 8.34964
29880001 8.33387
29890001 8.33872
29900001 8.32851
29910001 8.32644
29920001 8.32716
29930001 8.34095
29940001 8.33948
29950001 8.33299
29960001 8.35201
29970001 8.32986
29980001 8.35267
29990001 8.35149
