1 2172.81
10001 65.3623
20001 26.2244
30001 15.9904
40001 11.8568
50001 9.84656
60001 8.92641
70001 7.76778
80001 7.274
90001 7.3407
100001 6.84324
110001 7.36457
120001 6.57278
130001 5.90093
140001 6.06464
150001 5.7729
160001 5.76655
170001 5.9566
180001 5.38723
190001 5.35571
200001 5.43501
210001 5.51464
220001 6.39989
230001 5.31724
240001 5.06948
250001 5.2975
260001 5.39701
270001 5.30957
280001 5.24827
290001 4.82924
300001 4.88199
310001 4.99946
320001 5.23315
330001 6.07466
340001 4.97717
350001 4.69155
360001 4.62296
370001 4.84894
380001 4.8781
390001 5.09316
400001 4.58535
410001 4.62293
420001 4.79165
430001 5.01505
440001 5.91883
450001 4.77242
460001 4.53905
470001 4.63582
480001 4.76389
490001 4.82748
500001 4.93903
510001 4.41698
520001 4.47892
530001 4.80027
540001 4.67004
550001 5.76123
560001 4.70702
570001 4.48729
580001 4.47032
590001 4.70181
600001 4.87331
610001 4.90187
620001 4.46828
630001 4.05435
640001 4.89744
650001 4.56251
660001 5.47603
670001 4.61035
680001 4.45276
690001 4.0921
700001 4.42034
710001 4.94977
720001 4.6032
730001 4.03032
740001 4.04836
750001 4.99815
760001 4.49534
770001 5.35743
780001 4.68196
790001 4.4784
800001 4.12685
810001 4.48521
820001 5.22452
830001 4.62504
840001 3.97761
850001 3.88976
860001 4.83568
870001 4.39096
880001 5.05561
890001 4.57907
900001 4.51057
910001 4.13597
920001 4.5548
930001 5.19527
940001 4.50888
950001 3.96543
960001 3.85505
970001 4.73773
980001 4.35358
990001 5.03467
1000001 4.6901
1010001 4.4909
1020001 4.04715
1030001 4.18644
1040001 5.11454
1050001 4.30441
1060001 3.93214
1070001 3.81489
1080001 4.5492
1090001 4.34391
1100001 5.08219
1110001 4.73059
1120001 4.64372
1130001 4.01921
1140001 4.16287
1150001 5.19249
1160001 4.13722
1170001 4.10225
1180001 3.79505
1190001 4.57164
1200001 4.50757
1210001 5.2409
1220001 4.89428
1230001 4.79905
1240001 3.86104
1250001 4.2871
1260001 5.21117
1270001 4.25504
1280001 4.12074
1290001 3.79933
1300001 4.45306
1310001 4.43611
1320001 5.2729
1330001 4.81584
1340001 4.72427
1350001 3.92731
1360001 4.18396
1370001 5.00504
1380001 4.41731
1390001 4.22519
1400001 3.79205
1410001 4.42876
1420001 4.11181
1430001 5.03591
1440001 4.74938
1450001 4.75282
1460001 3.83951
1470001 4.24246
1480001 4.97532
1490001 4.3677
1500001 4.32321
1510001 3.79396
1520001 4.43245
1530001 4.15095
1540001 5.08599
1550001 4.83176
1560001 4.28814
1570001 3.93439
1580001 4.28627
1590001 4.12087
1600001 4.51706
1610001 4.52389
1620001 3.86099
1630001 4.27895
1640001 4.22385
1650001 5.14806
1660001 4.89422
1670001 4.32254
1680001 3.73655
1690001 4.28674
1700001 4.13998
1710001 4.25144
1720001 4.53523
1730001 3.97559
1740001 4.31271
1750001 4.52212
1760001 4.33102
1770001 5.15716
1780001 4.30127
1790001 3.72211
1800001 4.30708
1810001 4.17039
1820001 4.1272
1830001 4.63184
1840001 3.9642
1850001 3.98453
1860001 4.55027
1870001 4.31127
1880001 5.29028
1890001 4.4109
1900001 3.72829
1910001 4.27606
1920001 4.13009
1930001 4.21705
1940001 4.55896
1950001 3.94059
1960001 3.97813
1970001 4.16219
1980001 4.22934
1990001 5.38357
2000001 4.39808
2010001 3.92278
2020001 4.29147
2030001 4.47047
2040001 4.40574
2050001 4.38674
2060001 3.93381
2070001 4.00012
2080001 4.19537
2090001 4.46393
2100001 5.41546
2110001 4.20611
2120001 3.92602
2130001 3.9046
2140001 4.2064
2150001 4.25465
2160001 4.50273
2170001 3.96172
2180001 4.02273
2190001 4.22253
2200001 4.45858
2210001 5.44804
2220001 4.24251
2230001 3.98624
2240001 4.12209
2250001 4.29452
2260001 4.26738
2270001 4.49457
2280001 3.93254
2290001 4.02472
2300001 4.35599
2310001 4.23401
2320001 5.40077
2330001 4.28281
2340001 4.0434
2350001 4.12743
2360001 4.31995
2370001 4.51401
2380001 4.55831
2390001 4.09511
2400001 3.6927
2410001 4.56834
2420001 4.21272
2430001 5.1318
2440001 4.27454
2450001 4.11724
2460001 3.76182
2470001 4.11963
2480001 4.66834
2490001 4.28312
2500001 3.71416
2510001 3.75397
2520001 4.65591
2530001 4.2068
2540001 5.18449
2550001 4.32948
2560001 4.2036
2570001 3.86017
2580001 4.23837
2590001 4.98947
2600001 4.369
2610001 3.71771
2620001 3.63903
2630001 4.62123
2640001 4.14858
2650001 4.81611
2660001 4.35626
2670001 4.2809
2680001 3.91257
2690001 4.3481
2700001 4.99714
2710001 4.29887
2720001 3.74329
2730001 3.64137
2740001 4.53938
2750001 4.14688
2760001 4.8711
2770001 4.47621
2780001 4.29303
2790001 3.772
2800001 3.99212
2810001 4.94475
2820001 4.11715
2830001 3.74008
2840001 3.62791
2850001 4.37275
2860001 4.16449
2870001 4.91777
2880001 4.53845
2890001 4.47499
2900001 3.84532
2910001 3.99812
2920001 5.00613
2930001 4.03695
2940001 3.93979
2950001 3.63129
2960001 4.4164
2970001 4.35245
2980001 5.09927
2990001 4.75198
3000001 4.54916
3010001 3.70304
3020001 4.12696
3030001 5.08096
3040001 4.1083
3050001 3.97535
3060001 3.65498
3070001 4.31492
3080001 4.29775
3090001 5.14652
3100001 4.68962
3110001 4.59555
3120001 3.78555
3130001 4.05424
3140001 5.08793
3150001 4.21128
3160001 4.09349
3170001 3.6581
3180001 4.31212
3190001 3.97177
3200001 5.00037
3210001 4.53339
3220001 4.6379
3230001 3.69474
3240001 4.1204
3250001 4.87633
3260001 4.25285
3270001 4.20769
3280001 3.67812
3290001 4.3178
3300001 4.03358
3310001 4.97809
3320001 4.72906
3330001 4.1795
3340001 3.8238
3350001 4.18331
3360001 4.01766
3370001 4.41289
3380001 4.42096
3390001 3.71076
3400001 4.17743
3410001 4.12006
3420001 5.16849
3430001 4.80003
3440001 4.22746
3450001 3.8248
3460001 4.19178
3470001 4.03314
3480001 4.1561
3490001 4.42737
3500001 3.88035
3510001 4.21934
3520001 4.40883
3530001 4.23568
3540001 5.05673
3550001 4.21159
3560001 3.625
3570001 4.22268
3580001 4.08583
3590001 4.15184
3600001 4.54157
3610001 3.87648
3620001 3.89514
3630001 4.46618
3640001 4.2234
3650001 5.21338
3660001 4.3289
3670001 3.639
3680001 4.1932
3690001 4.05155
3700001 4.13518
3710001 4.48003
3720001 3.859
3730001 3.90101
3740001 4.08491
3750001 4.14695
3760001 5.31288
3770001 4.32262
3780001 3.83855
3790001 4.21617
3800001 4.39973
3810001 4.30172
3820001 4.31435
3830001 3.85972
3840001 3.92688
3850001 4.12264
3860001 4.39242
3870001 5.34717
3880001 4.13451
3890001 3.85058
3900001 3.82714
3910001 4.14174
3920001 4.18829
3930001 4.43662
3940001 3.89155
3950001 3.95496
3960001 4.15424
3970001 4.39099
3980001 5.38724
3990001 4.17418
4000001 3.9153
4010001 4.05626
4020001 4.48736
4030001 4.18259
4040001 4.43226
4050001 3.86386
4060001 3.96109
4070001 4.29319
4080001 4.17075
4090001 5.34277
4100001 4.21978
4110001 3.97767
4120001 4.06868
4130001 4.26218
4140001 4.46148
4150001 4.50275
4160001 4.03163
4170001 3.62396
4180001 4.51128
4190001 4.15219
4200001 5.07765
4210001 4.21667
4220001 4.05669
4230001 3.98201
4240001 4.04813
4250001 4.61503
4260001 4.57366
4270001 3.64496
4280001 3.70049
4290001 4.609
4300001 4.14955
4310001 5.02263
4320001 4.27595
4330001 4.14707
4340001 3.80053
4350001 4.16277
4360001 4.93745
4370001 4.31765
4380001 3.66091
4390001 3.58782
4400001 4.57118
4410001 4.09521
4420001 4.76619
4430001 4.30586
4440001 4.2279
4450001 3.86333
4460001 4.30296
4470001 4.9497
4480001 4.24287
4490001 3.68869
4500001 3.58893
4510001 4.49066
4520001 4.09596
4530001 4.82391
4540001 4.42488
4550001 4.24309
4560001 3.71947
4570001 3.94277
4580001 4.89076
4590001 4.07112
4600001 3.68915
4610001 3.57829
4620001 4.32539
4630001 4.1197
4640001 4.87336
4650001 4.49456
4660001 4.42822
4670001 3.79721
4680001 3.95352
4690001 4.96638
4700001 3.99201
4710001 3.89417
4720001 3.58615
4730001 4.37158
4740001 4.30897
4750001 5.05738
4760001 4.71052
4770001 4.50733
4780001 3.65913
4790001 4.05661
4800001 5.03686
4810001 4.05578
4820001 3.93058
4830001 3.60784
4840001 4.27006
4850001 4.25646
4860001 5.10684
4870001 4.64957
4880001 4.55674
4890001 3.74263
4900001 3.9898
4910001 4.94406
4920001 4.17237
4930001 4.05134
4940001 3.61859
4950001 4.27249
4960001 3.93159
4970001 5.00337
4980001 4.52739
4990001 4.59367
5000001 3.65329
5010001 4.08214
5020001 4.83774
5030001 4.21522
5040001 4.16585
5050001 3.64019
5060001 4.27941
5070001 3.99449
5080001 4.93562
5090001 4.6936
5100001 4.14316
5110001 3.74525
5120001 4.14776
5130001 3.91752
5140001 4.37756
5150001 4.32809
5160001 3.65985
5170001 4.14365
5180001 4.08346
5190001 5.12396
5200001 4.76563
5210001 4.17683
5220001 3.78835
5230001 4.15724
5240001 3.98121
5250001 4.11019
5260001 4.38888
5270001 3.81842
5280001 4.18523
5290001 4.37373
5300001 4.20278
5310001 5.02462
5320001 4.17909
5330001 3.59295
5340001 4.19112
5350001 4.05565
5360001 4.11063
5370001 4.50819
5380001 3.84411
5390001 3.85712
5400001 4.3711
5410001 4.19201
5420001 5.20507
5430001 4.28425
5440001 3.59581
5450001 4.15691
5460001 4.01266
5470001 4.10333
5480001 4.45332
5490001 3.82732
5500001 3.86842
5510001 4.03004
5520001 4.04204
5530001 5.28288
5540001 4.29192
5550001 3.70086
5560001 4.18629
5570001 4.28601
5580001 4.27211
5590001 4.26155
5600001 3.82903
5610001 3.89779
5620001 4.09425
5630001 4.34481
5640001 5.32073
5650001 4.10348
5660001 3.8195
5670001 3.79722
5680001 4.09448
5690001 4.16072
5700001 4.56925
5710001 3.84624
5720001 3.92747
5730001 4.12258
5740001 4.33054
5750001 5.36075
5760001 4.14684
5770001 3.88469
5780001 4.00832
5790001 4.4614
5800001 4.15595
5810001 4.40483
5820001 4.11579
5830001 3.93408
5840001 4.26745
5850001 4.14149
5860001 5.31579
5870001 4.19261
5880001 3.89739
5890001 4.06306
5900001 4.23224
5910001 4.66216
5920001 4.46947
5930001 3.9355
5940001 3.58219
5950001 4.48612
5960001 4.12516
5970001 5.05185
5980001 4.18211
5990001 4.03116
6000001 3.95765
6010001 4.00306
6020001 4.48867
6030001 4.45446
6040001 3.59572
6050001 3.6771
6060001 4.48784
6070001 4.12247
6080001 4.98436
6090001 4.24855
6100001 4.10148
6110001 3.77777
6120001 4.14099
6130001 4.91546
6140001 4.29215
6150001 3.63463
6160001 3.56776
6170001 4.54828
6180001 4.07113
6190001 4.74258
6200001 4.28358
6210001 4.16369
6220001 3.84015
6230001 4.27417
6240001 4.87515
6250001 4.21741
6260001 3.66184
6270001 3.56751
6280001 4.50082
6290001 4.07482
6300001 4.80099
6310001 4.37256
6320001 4.20262
6330001 3.69669
6340001 3.91869
6350001 4.87016
6360001 4.05299
6370001 3.66475
6380001 3.55589
6390001 4.30322
6400001 4.09766
6410001 4.85094
6420001 4.4481
6430001 4.40642
6440001 3.77741
6450001 3.93162
6460001 4.94629
6470001 3.9691
6480001 3.87006
6490001 3.56069
6500001 4.35054
6510001 4.2801
6520001 5.03283
6530001 4.68293
6540001 4.48613
6550001 3.63728
6560001 4.03475
6570001 5.01736
6580001 3.9876
6590001 3.90886
6600001 3.58725
6610001 4.24855
6620001 4.23518
6630001 5.08626
6640001 4.81263
6650001 4.59486
6660001 3.71955
6670001 3.96914
6680001 4.92527
6690001 4.15091
6700001 4.02915
6710001 3.59813
6720001 4.25327
6730001 3.91215
6740001 4.99184
6750001 4.49923
6760001 4.57406
6770001 3.63277
6780001 4.06271
6790001 4.82015
6800001 4.18773
6810001 4.14554
6820001 3.62056
6830001 4.25998
6840001 3.95678
6850001 4.91619
6860001 4.67508
6870001 4.12329
6880001 3.72452
6890001 4.13209
6900001 3.77505
6910001 4.36005
6920001 4.30437
6930001 3.6352
6940001 4.12483
6950001 4.05045
6960001 5.106
6970001 4.74834
6980001 4.15906
6990001 3.7686
7000001 4.13649
7010001 3.96251
7020001 4.09238
7030001 4.36995
7040001 3.8003
7050001 4.11741
7060001 4.35986
7070001 4.18123
7080001 5.00728
7090001 4.16028
7100001 3.57341
7110001 4.16514
7120001 4.03822
7130001 4.08916
7140001 4.45438
7150001 3.82645
7160001 3.84066
7170001 4.35367
7180001 4.17954
7190001 5.18874
7200001 4.26746
7210001 3.57752
7220001 4.08965
7230001 3.99624
7240001 4.09698
7250001 4.42779
7260001 3.80969
7270001 3.8513
7280001 3.98233
7290001 4.02511
7300001 5.2659
7310001 4.30005
7320001 3.68253
7330001 4.15377
7340001 4.26684
7350001 4.19333
7360001 4.25075
7370001 3.80604
7380001 3.88212
7390001 4.0708
7400001 4.32857
7410001 5.29549
7420001 4.08794
7430001 3.80234
7440001 3.78041
7450001 4.07701
7460001 4.1458
7470001 4.48482
7480001 3.82794
7490001 3.91204
7500001 4.10693
7510001 4.315
7520001 5.34017
7530001 4.12822
7540001 3.87486
7550001 3.9802
7560001 4.44754
7570001 4.13938
7580001 4.38859
7590001 4.09644
7600001 3.9204
7610001 4.25614
7620001 4.10615
7630001 5.33428
7640001 4.1771
7650001 3.88105
7660001 4.04502
7670001 4.21815
7680001 4.64727
7690001 4.45416
7700001 3.91961
7710001 3.56727
7720001 4.47493
7730001 4.11032
7740001 5.03709
7750001 4.16705
7760001 3.95446
7770001 3.98947
7780001 3.96563
7790001 4.47668
7800001 4.44369
7810001 3.58095
7820001 3.66397
7830001 4.47452
7840001 4.10423
7850001 5.09516
7860001 4.23398
7870001 4.08532
7880001 3.76363
7890001 4.08866
7900001 4.90178
7910001 4.27278
7920001 3.61798
7930001 3.55501
7940001 4.53457
7950001 4.05334
7960001 4.98244
7970001 4.27313
7980001 4.14889
7990001 3.82764
8000001 4.25947
8010001 4.80166
8020001 4.20022
8030001 3.64703
8040001 3.55515
8050001 4.49067
8060001 4.05966
8070001 4.78799
8080001 4.31062
8090001 4.18712
8100001 3.68722
8110001 3.90482
8120001 4.85881
8130001 4.03912
8140001 3.65199
8150001 3.55095
8160001 4.28905
8170001 4.08407
8180001 4.8376
8190001 4.42072
8200001 4.39449
8210001 3.76588
8220001 3.91726
8230001 4.92501
8240001 3.95539
8250001 3.84815
8260001 3.5487
8270001 4.33833
8280001 4.26636
8290001 5.0195
8300001 4.67334
8310001 4.47311
8320001 3.6241
8330001 4.02133
8340001 5.00589
8350001 4.00064
8360001 3.89544
8370001 3.57649
8380001 4.23979
8390001 4.22284
8400001 5.07431
8410001 4.78455
8420001 4.58548
8430001 3.70627
8440001 3.95517
8450001 4.91388
8460001 4.13865
8470001 4.01457
8480001 3.59345
8490001 4.24089
8500001 3.89955
8510001 4.97796
8520001 4.48789
8530001 4.56147
8540001 3.62209
8550001 4.04976
8560001 4.78844
8570001 4.28047
8580001 4.13307
8590001 3.60854
8600001 4.2271
8610001 3.94494
8620001 4.9044
8630001 4.66197
8640001 4.11205
8650001 3.70934
8660001 4.12155
8670001 3.76335
8680001 4.34959
8690001 4.29212
8700001 3.62545
8710001 4.1142
8720001 4.03596
8730001 5.09386
8740001 4.74307
8750001 4.14551
8760001 3.75646
8770001 4.12671
8780001 3.95124
8790001 4.06276
8800001 4.35917
8810001 3.78987
8820001 4.11531
8830001 4.16212
8840001 4.60045
8850001 4.99597
8860001 4.14929
8870001 3.56584
8880001 4.15392
8890001 4.0272
8900001 4.07956
8910001 4.44216
8920001 3.81393
8930001 3.83155
8940001 4.34478
8950001 4.16634
8960001 5.17766
8970001 4.25284
8980001 3.56576
8990001 4.07883
9000001 3.98289
9010001 4.08528
9020001 4.4133
9030001 3.79876
9040001 3.8411
9050001 3.9717
9060001 4.0146
9070001 5.25445
9080001 4.28676
9090001 3.60521
9100001 4.13636
9110001 4.25707
9120001 4.16278
9130001 4.4152
9140001 3.79534
9150001 3.87427
9160001 4.05892
9170001 4.31774
9180001 5.28557
9190001 4.07472
9200001 3.7914
9210001 3.76959
9220001 4.05564
9230001 4.12428
9240001 4.47596
9250001 3.81214
9260001 3.90123
9270001 4.09543
9280001 4.30342
9290001 5.30416
9300001 4.11903
9310001 3.86269
9320001 3.93429
9330001 4.44199
9340001 4.13026
9350001 4.38661
9360001 4.08642
9370001 3.9122
9380001 4.17938
9390001 4.09627
9400001 5.32404
9410001 4.16657
9420001 3.86917
9430001 4.03503
9440001 4.2086
9450001 4.66559
9460001 4.42763
9470001 3.90798
9480001 3.5586
9490001 4.46568
9500001 4.10256
9510001 5.01692
9520001 4.15423
9530001 3.93983
9540001 3.98433
9550001 3.95642
9560001 4.44001
9570001 4.45145
9580001 3.56831
9590001 3.65546
9600001 4.4668
9610001 4.09525
9620001 5.0866
9630001 4.22431
9640001 4.07386
9650001 3.75484
9660001 4.12442
9670001 4.89274
9680001 4.26338
9690001 3.59468
9700001 3.54593
9710001 4.51271
9720001 4.0448
9730001 4.97221
9740001 4.20418
9750001 4.13856
9760001 3.79231
9770001 4.2508
9780001 4.73366
9790001 4.19047
9800001 3.63645
9810001 3.5475
9820001 4.48175
9830001 4.05183
9840001 4.76247
9850001 4.30216
9860001 4.17798
9870001 3.67403
9880001 3.89527
9890001 4.79374
9900001 4.02899
9910001 3.64188
9920001 3.5425
9930001 4.26772
9940001 4.07575
9950001 4.75132
9960001 4.41171
9970001 4.37382
9980001 3.75828
9990001 3.90826
10000001 4.87967
10010001 3.94648
10020001 3.8373
10030001 3.54263
10040001 4.32802
10050001 4.25728
10060001 4.97379
10070001 4.54878
10080001 4.46445
10090001 3.61256
10100001 3.98887
10110001 4.99972
10120001 3.99559
10130001 3.86862
10140001 3.56674
10150001 4.23172
10160001 4.21461
10170001 5.06587
10180001 4.77534
10190001 4.57824
10200001 3.6968
10210001 3.88659
10220001 4.9061
10230001 4.13143
10240001 3.98967
10250001 3.58558
10260001 4.23239
10270001 3.8915
10280001 4.9702
10290001 4.44648
10300001 4.55684
10310001 3.61317
10320001 4.04228
10330001 4.7816
10340001 4.27209
10350001 4.11458
10360001 3.59966
10370001 4.22044
10380001 3.93733
10390001 4.87319
10400001 4.60585
10410001 4.09459
10420001 3.69915
10430001 4.11361
10440001 3.75722
10450001 4.34218
10460001 4.15828
10470001 3.6174
10480001 4.10629
10490001 4.0282
10500001 5.08419
10510001 4.73597
10520001 4.13845
10530001 3.74813
10540001 4.11899
10550001 3.95263
10560001 4.05412
10570001 4.34156
10580001 3.81508
10590001 4.10859
10600001 4.15724
10610001 4.59307
10620001 4.98748
10630001 4.1735
10640001 3.55783
10650001 4.14248
10660001 4.01996
10670001 4.0732
10680001 4.4339
10690001 3.80591
10700001 4.15592
10710001 4.33965
10720001 4.15827
10730001 5.16934
10740001 4.24583
10750001 3.55636
10760001 4.07004
10770001 3.97804
10780001 4.07746
10790001 4.40455
10800001 3.83395
10810001 3.83388
10820001 3.96447
10830001 4.00657
10840001 5.2039
10850001 4.27803
10860001 3.59693
10870001 4.12585
10880001 4.13292
10890001 4.15637
10900001 4.40776
10910001 3.78733
10920001 3.86616
10930001 4.02648
10940001 4.31048
10950001 5.27851
10960001 4.06943
10970001 3.78503
10980001 3.76063
10990001 4.04877
11000001 4.11191
11010001 4.46906
11020001 3.80463
11030001 3.89471
11040001 4.09146
11050001 4.29592
11060001 5.29747
11070001 4.11229
11080001 3.84996
11090001 3.92774
11100001 4.436
11110001 4.12414
11120001 4.37944
11130001 4.07796
11140001 3.89876
11150001 4.17339
11160001 4.08865
11170001 5.31691
11180001 4.15167
11190001 3.86201
11200001 4.0205
11210001 4.20228
11220001 4.6591
11230001 4.42209
11240001 3.84981
11250001 3.55425
11260001 4.41294
11270001 4.06857
11280001 5.00953
11290001 4.1508
11300001 3.93219
11310001 3.96861
11320001 3.95012
11330001 4.43364
11340001 4.44324
11350001 3.55169
11360001 3.65406
11370001 4.45874
11380001 4.08775
11390001 5.06245
11400001 4.21785
11410001 4.06622
11420001 3.74789
11430001 4.09175
11440001 4.8943
11450001 4.28225
11460001 3.5874
11470001 3.54
11480001 4.51664
11490001 4.03981
11500001 4.96555
11510001 4.19386
11520001 4.09358
11530001 3.77746
11540001 4.25671
11550001 4.94904
11560001 4.18303
11570001 3.62942
11580001 3.53887
11590001 4.4779
11600001 4.04555
11610001 4.7553
11620001 4.29257
11630001 4.17223
11640001 3.88365
11650001 3.88848
11660001 4.79225
11670001 4.01391
11680001 3.64059
11690001 3.53883
11700001 4.26141
11710001 4.07075
11720001 4.74545
11730001 4.37066
11740001 4.36746
11750001 3.74962
11760001 3.90434
11770001 4.8754
11780001 3.95411
11790001 3.71919
11800001 3.53726
11810001 4.32202
11820001 4.24956
11830001 4.96705
11840001 4.54193
11850001 4.45828
11860001 3.74087
11870001 3.89991
11880001 4.99243
11890001 3.98989
11900001 3.86056
11910001 3.56083
11920001 4.22485
11930001 4.29764
11940001 5.05916
11950001 4.83438
11960001 4.57234
11970001 3.61795
11980001 3.88143
11990001 4.90063
12000001 4.12369
12010001 3.90056
12020001 3.57951
12030001 4.22676
12040001 3.87275
12050001 4.88542
12060001 4.43961
12070001 4.54877
12080001 3.58692
12090001 4.03645
12100001 4.77579
12110001 4.26638
12120001 4.10666
12130001 3.59414
12140001 4.21467
12150001 3.93148
12160001 4.86651
12170001 4.55125
12180001 4.08854
12190001 3.67666
12200001 4.10395
12210001 3.74436
12220001 4.33412
12230001 4.14909
12240001 3.61168
12250001 4.09965
12260001 4.02336
12270001 5.07546
12280001 4.731
12290001 4.12819
12300001 3.74264
12310001 4.10587
12320001 3.93751
12330001 4.01577
12340001 4.3355
12350001 3.8097
12360001 4.10302
12370001 4.15129
12380001 4.58812
12390001 4.98165
12400001 4.1684
12410001 3.54885
12420001 4.11212
12430001 4.01951
12440001 4.0672
12450001 4.42738
12460001 3.80255
12470001 4.1501
12480001 4.33454
12490001 4.15174
12500001 5.16184
12510001 4.21027
12520001 3.54648
12530001 4.06393
12540001 4.02018
12550001 4.06991
12560001 4.39113
12570001 3.82643
12580001 3.82736
12590001 3.95991
12600001 3.98318
12610001 5.12027
12620001 4.2616
12630001 3.58843
12640001 4.11935
12650001 4.07944
12660001 4.15109
12670001 4.40157
12680001 3.78135
12690001 3.86646
12700001 4.02061
12710001 4.16873
12720001 5.25662
12730001 4.04606
12740001 3.77976
12750001 3.73958
12760001 4.3985
12770001 4.03138
12780001 4.34404
12790001 3.8009
12800001 3.88771
12810001 4.0882
12820001 4.29163
12830001 5.29125
12840001 4.10626
12850001 3.81079
12860001 3.81192
12870001 4.43165
12880001 4.10957
12890001 4.37464
12900001 4.06905
12910001 3.89491
12920001 4.16418
12930001 4.0786
12940001 5.49968
12950001 4.14574
12960001 3.85522
12970001 4.01405
12980001 4.19775
12990001 4.65466
13000001 4.41673
13010001 3.82335
13020001 3.54924
13030001 4.40789
13040001 4.06248
13050001 5.00831
13060001 4.14514
13070001 3.92321
13080001 3.95418
13090001 3.94714
13100001 4.42912
13110001 4.4374
13120001 3.54639
13130001 3.64838
13140001 4.44698
13150001 4.0786
13160001 5.05712
13170001 4.21296
13180001 4.06039
13190001 3.73843
13200001 4.09627
13210001 4.89011
13220001 4.2767
13230001 3.57573
13240001 3.53335
13250001 4.47997
13260001 4.03522
13270001 4.96066
13280001 4.3318
13290001 4.08828
13300001 3.77365
13310001 4.25237
13320001 4.92128
13330001 4.17706
13340001 3.62489
13350001 3.53485
13360001 4.47363
13370001 4.04132
13380001 4.75077
13390001 4.28161
13400001 4.16228
13410001 3.88469
13420001 4.18367
13430001 4.78567
13440001 4.00918
13450001 3.63861
13460001 3.53589
13470001 4.25709
13480001 4.06688
13490001 4.7414
13500001 4.36372
13510001 4.3468
13520001 3.74542
13530001 3.89864
13540001 4.86742
13550001 3.95222
13560001 3.71249
13570001 3.52595
13580001 4.31697
13590001 4.24483
13600001 4.94784
13610001 4.53663
13620001 4.44616
13630001 3.72815
13640001 3.89445
13650001 4.98755
13660001 3.98493
13670001 3.85566
13680001 3.55859
13690001 4.2214
13700001 4.2867
13710001 5.05349
13720001 4.83084
13730001 4.57473
13740001 3.619
13750001 4.08105
13760001 4.89436
13770001 4.01331
13780001 3.89658
13790001 3.57502
13800001 4.22192
13810001 3.87697
13820001 4.88038
13830001 4.70321
13840001 4.54642
13850001 3.58073
13860001 4.03216
13870001 4.89673
13880001 4.23586
13890001 4.1008
13900001 3.59101
13910001 4.20914
13920001 3.91312
13930001 4.86384
13940001 4.5374
13950001 4.07526
13960001 3.67072
13970001 4.09958
13980001 3.74057
13990001 4.3296
14000001 4.12566
14010001 3.60717
14020001 4.09544
14030001 4.0169
14040001 5.07699
14050001 4.7195
14060001 4.12199
14070001 3.73821
14080001 4.10164
14090001 3.93496
14100001 4.00485
14110001 4.3306
14120001 3.80407
14130001 4.09838
14140001 4.14358
14150001 4.58354
14160001 4.97711
14170001 4.16375
14180001 3.54387
14190001 4.10724
14200001 4.01751
14210001 4.06251
14220001 4.42082
14230001 3.7973
14240001 4.14534
14250001 4.33227
14260001 4.14986
14270001 5.08998
14280001 4.17985
14290001 3.53842
14300001 4.15825
14310001 4.0157
14320001 4.06703
14330001 4.38662
14340001 3.80654
14350001 3.82409
14360001 3.95683
14370001 3.97388
14380001 5.1244
14390001 4.24651
14400001 3.58389
14410001 4.118
14420001 4.07023
14430001 4.14455
14440001 4.40358
14450001 3.77827
14460001 3.86154
14470001 4.01598
14480001 4.15739
14490001 5.24288
14500001 4.0127
14510001 3.77472
14520001 3.71258
14530001 4.39475
14540001 4.01999
14550001 4.23166
14560001 3.79682
14570001 3.8838
14580001 4.085
14590001 4.2728
14600001 5.28724
14610001 4.10186
14620001 3.80826
14630001 3.8076
14640001 4.18164
14650001 4.10533
14660001 4.36491
14670001 4.06531
14680001 3.89422
14690001 4.15917
14700001 4.04875
14710001 5.44809
14720001 4.14184
14730001 3.84537
14740001 4.01247
14750001 4.19481
14760001 4.59415
14770001 4.41265
14780001 3.82115
14790001 3.55266
14800001 4.40476
14810001 4.05898
14820001 5.00176
14830001 4.14092
14840001 3.92093
14850001 3.95022
14860001 3.94677
14870001 4.42527
14880001 4.43607
14890001 3.54073
14900001 3.64151
14910001 4.44344
14920001 4.07404
14930001 5.0524
14940001 4.16203
14950001 4.05662
14960001 3.65771
14970001 4.03952
14980001 4.88637
14990001 4.27193
15000001 3.58969
15010001 3.53022
15020001 4.47667
15030001 4.03074
15040001 4.95909
15050001 4.32783
15060001 4.08174
15070001 3.76747
15080001 4.25759
15090001 4.91699
15100001 4.16105
15110001 3.62004
15120001 3.53059
15130001 4.46744
15140001 4.03707
15150001 4.75297
15160001 4.2665
15170001 4.16629
15180001 3.89608
15190001 4.18101
15200001 4.77947
15210001 3.97613
15220001 3.62999
15230001 3.53221
15240001 4.25282
15250001 4.06227
15260001 4.73631
15270001 4.35997
15280001 4.3397
15290001 3.75163
15300001 3.89428
15310001 4.86242
15320001 3.94983
15330001 3.69737
15340001 3.52315
15350001 4.31318
15360001 4.08969
15370001 4.94207
15380001 4.53514
15390001 4.4338
15400001 3.72382
15410001 3.88505
15420001 4.98648
15430001 3.98057
15440001 3.83852
15450001 3.55713
15460001 4.31553
15470001 4.23668
15480001 5.04848
15490001 4.78796
15500001 4.5623
15510001 3.60122
15520001 4.08056
15530001 4.89134
15540001 4.01443
15550001 3.89761
15560001 3.56755
15570001 4.21472
15580001 3.87347
15590001 5.04906
15600001 4.70659
15610001 4.54273
15620001 3.57659
15630001 4.02785
15640001 4.89312
15650001 4.22694
15660001 4.05471
15670001 3.58364
15680001 4.20557
15690001 3.90977
15700001 4.85808
15710001 4.53375
15720001 4.0715
15730001 3.66734
15740001 4.09601
15750001 3.73497
15760001 4.28851
15770001 4.12136
15780001 3.60847
15790001 4.07801
15800001 4.01254
15810001 5.07232
15820001 4.71587
15830001 4.11337
15840001 3.73351
15850001 4.0969
15860001 3.93636
15870001 4.00121
15880001 4.32959
15890001 3.79875
15900001 4.09435
15910001 4.1237
15920001 4.46981
15930001 4.9744
15940001 4.15991
15950001 3.54143
15960001 4.10415
15970001 4.01499
15980001 4.05734
15990001 4.39776
16000001 3.7935
16010001 4.14226
16020001 4.3284
16030001 4.14602
16040001 5.08858
16050001 4.17542
16060001 3.5359
16070001 4.15462
16080001 4.01214
16090001 3.9772
16100001 4.38173
16110001 3.80343
16120001 3.82299
16130001 3.95201
16140001 3.96934
16150001 5.12089
16160001 4.24572
16170001 3.5806
16180001 4.10906
16190001 3.98119
16200001 4.11888
16210001 4.4006
16220001 3.77603
16230001 3.82817
16240001 4.01308
16250001 4.15854
16260001 5.21725
16270001 4.00988
16280001 3.77126
16290001 3.70807
16300001 4.38243
16310001 4.20988
16320001 4.22768
16330001 3.78218
16340001 3.88068
16350001 4.0818
16360001 4.26972
16370001 5.28367
16380001 4.09851
16390001 3.7888
16400001 3.80454
16410001 4.17829
16420001 4.10211
16430001 4.36279
16440001 4.06197
16450001 3.89169
16460001 4.15398
16470001 4.04541
16480001 5.44409
16490001 4.13723
16500001 3.84156
16510001 3.9973
16520001 4.16849
16530001 4.52978
16540001 4.40933
16550001 3.81602
16560001 3.5505
16570001 4.38472
16580001 4.05592
16590001 5.00289
16600001 4.13711
16610001 3.91623
16620001 3.94692
16630001 3.94325
16640001 4.41748
16650001 4.43292
16660001 3.52384
16670001 3.61467
16680001 4.44044
16690001 4.07249
16700001 5.04929
16710001 4.15918
16720001 3.98728
16730001 3.642
16740001 4.03649
16750001 4.83746
16760001 4.22903
16770001 3.58746
16780001 3.52455
16790001 4.47355
16800001 4.12821
16810001 4.95581
16820001 4.32248
16830001 4.07814
16840001 3.76452
16850001 4.14974
16860001 4.92712
16870001 4.14084
16880001 3.61746
16890001 3.53069
16900001 4.46773
16910001 4.03397
16920001 4.71698
16930001 4.2616
16940001 4.19417
16950001 3.89192
16960001 4.13919
16970001 4.77985
16980001 3.96274
16990001 3.62346
17000001 3.52803
17010001 4.20317
17020001 4.05847
17030001 4.73155
17040001 4.35662
17050001 4.3282
17060001 3.7486
17070001 3.89085
17080001 4.86029
17090001 4.01287
17100001 3.69416
17110001 3.52049
17120001 4.29025
17130001 4.08486
17140001 4.87182
17150001 4.53053
17160001 4.43316
17170001 3.71939
17180001 3.88227
17190001 4.98012
17200001 3.93233
17210001 3.83522
17220001 3.55389
17230001 4.31132
17240001 4.23304
17250001 5.04489
17260001 4.77023
17270001 4.55888
17280001 3.59843
17290001 4.077
17300001 4.88928
17310001 4.0101
17320001 3.87092
17330001 3.55117
17340001 4.21155
17350001 3.86947
17360001 5.04545
17370001 4.70973
17380001 4.51138
17390001 3.57499
17400001 4.01994
17410001 4.89106
17420001 4.22793
17430001 4.05221
17440001 3.58148
17450001 4.20286
17460001 3.90965
17470001 4.85012
17480001 4.52094
17490001 4.06809
17500001 3.66579
17510001 4.09299
17520001 4.20436
17530001 4.28412
17540001 4.11801
17550001 3.6056
17560001 4.25893
17570001 4.00967
17580001 5.06805
17590001 4.7054
17600001 4.11033
17610001 3.7212
17620001 4.09399
17630001 3.932
17640001 3.99865
17650001 4.32713
17660001 3.79561
17670001 4.09236
17680001 4.11604
17690001 4.4669
17700001 4.97156
17710001 4.15095
17720001 3.5374
17730001 4.10147
17740001 3.98742
17750001 4.05581
17760001 4.40115
17770001 3.79107
17780001 4.13696
17790001 4.32551
17800001 4.13846
17810001 5.02676
17820001 4.15949
17830001 3.53332
17840001 4.15094
17850001 4.0101
17860001 3.97556
17870001 4.38485
17880001 3.79924
17890001 3.81952
17900001 3.94658
17910001 3.96625
17920001 5.11837
17930001 4.24406
17940001 3.56558
17950001 4.10004
17960001 3.98053
17970001 4.10695
17980001 4.38402
17990001 3.77288
18000001 3.82076
18010001 4.00986
18020001 4.15567
18030001 5.2141
18040001 4.01028
18050001 3.76849
18060001 3.7067
18070001 4.33896
18080001 4.20675
18090001 4.22439
18100001 3.77879
18110001 3.87488
18120001 4.04383
18130001 4.26683
18140001 5.28071
18150001 4.09549
18160001 3.78573
18170001 3.80207
18180001 4.07432
18190001 4.09718
18200001 4.35969
18210001 3.87971
18220001 3.88969
18230001 4.15061
18240001 4.04497
18250001 5.41245
18260001 4.13577
18270001 3.83792
18280001 3.99241
18290001 4.16262
18300001 4.52647
18310001 4.4071
18320001 3.81139
18330001 3.55581
18340001 4.3814
18350001 4.05594
18360001 5.00227
18370001 4.14063
18380001 3.91346
18390001 3.94091
18400001 4.29279
18410001 4.41471
18420001 4.42987
18430001 3.95495
18440001 3.57005
18450001 4.4407
18460001 4.06969
18470001 5.05057
18480001 4.15798
18490001 3.98448
18500001 3.63894
18510001 4.03384
18520001 4.83433
18530001 4.22648
18540001 3.58384
18550001 3.51966
18560001 4.46093
18570001 4.073
18580001 5.22677
18590001 4.32404
18600001 4.07546
18610001 3.75193
18620001 4.1434
18630001 4.82563
18640001 4.25944
18650001 3.61559
18660001 3.53135
18670001 4.46575
18680001 4.03115
18690001 4.71461
18700001 4.26013
18710001 4.19704
18720001 3.88978
18730001 4.13707
18740001 5.01048
18750001 3.95764
18760001 3.62108
18770001 3.5255
18780001 4.43097
18790001 4.05419
18800001 4.72856
18810001 4.35645
18820001 4.19035
18830001 3.74652
18840001 3.87385
18850001 4.85798
18860001 4.00618
18870001 3.68429
18880001 3.51775
18890001 4.28546
18900001 4.06072
18910001 4.86858
18920001 4.52279
18930001 4.36941
18940001 3.69612
18950001 3.87961
18960001 4.97794
18970001 3.93014
18980001 3.83224
18990001 3.55108
19000001 4.30868
19010001 4.24611
19020001 5.04193
19030001 4.76435
19040001 4.55672
19050001 3.60238
19060001 4.07299
19070001 4.88687
19080001 4.00758
19090001 3.86819
19100001 3.55953
19110001 4.20852
19120001 3.8691
19130001 5.04304
19140001 4.6477
19150001 4.50728
19160001 3.57011
19170001 4.01662
19180001 4.8473
19190001 4.2248
19200001 4.05088
19210001 3.57842
19220001 4.20017
19230001 3.89649
19240001 4.81097
19250001 4.50874
19260001 4.51877
19270001 3.61673
19280001 4.07745
19290001 4.20185
19300001 4.32996
19310001 4.11815
19320001 3.60424
19330001 4.25999
19340001 4.00685
19350001 4.86872
19360001 4.68988
19370001 4.09118
19380001 3.71896
19390001 4.09238
19400001 3.9292
19410001 4.30904
19420001 4.32586
19430001 3.79346
19440001 4.09009
19450001 4.0666
19460001 4.4646
19470001 4.96747
19480001 4.14869
19490001 3.53332
19500001 4.09807
19510001 3.98147
19520001 4.05408
19530001 4.3976
19540001 3.789
19550001 4.13363
19560001 4.31674
19570001 4.13594
19580001 5.04639
19590001 4.15037
19600001 3.531
19610001 4.15163
19620001 4.00799
19630001 3.97332
19640001 4.31566
19650001 3.79589
19660001 3.8217
19670001 4.15423
19680001 3.96374
19690001 5.10996
19700001 4.24082
19710001 3.56235
19720001 4.10429
19730001 3.97804
19740001 4.08728
19750001 4.38105
19760001 3.77086
19770001 3.81847
19780001 4.00623
19790001 4.10653
19800001 5.21128
19810001 4.00792
19820001 3.76603
19830001 3.70034
19840001 4.33745
19850001 4.20003
19860001 4.22165
19870001 3.77631
19880001 3.87392
19890001 4.04237
19900001 4.26564
19910001 5.27805
19920001 4.09415
19930001 3.77839
19940001 3.76184
19950001 4.06792
19960001 4.08185
19970001 4.33975
19980001 3.87698
19990001 3.8842
20000001 4.07474
20010001 4.04261
20020001 5.3702
20030001 4.13471
20040001 3.83688
20050001 3.98959
20060001 4.15661
20070001 4.52392
20080001 4.40392
20090001 3.79967
20100001 3.54732
20110001 4.37544
20120001 4.05399
20130001 4.9949
20140001 4.13655
20150001 3.9121
20160001 3.93738
20170001 4.28997
20180001 4.38882
20190001 4.42584
20200001 3.95231
20210001 3.56868
20220001 4.44049
20230001 4.06763
20240001 5.04985
20250001 4.15538
20260001 3.98193
20270001 3.63666
20280001 4.00575
20290001 4.83249
20300001 4.22429
20310001 3.58153
20320001 3.51792
20330001 4.45721
20340001 4.07036
20350001 5.16305
20360001 4.31739
20370001 4.06513
20380001 3.73986
20390001 4.14139
20400001 4.8224
20410001 4.2572
20420001 3.61319
20430001 3.52478
20440001 4.46651
20450001 4.03
20460001 4.71148
20470001 4.25773
20480001 4.15987
20490001 3.85049
20500001 4.2401
20510001 5.00814
20520001 4.19292
20530001 3.62319
20540001 3.52089
20550001 4.43
20560001 4.05098
20570001 4.72753
20580001 4.35525
20590001 4.18796
20600001 3.74407
20610001 3.87057
20620001 4.85421
20630001 4.00436
20640001 3.66591
20650001 3.51727
20660001 4.28668
20670001 4.04483
20680001 4.86709
20690001 4.52006
20700001 4.36682
20710001 3.69418
20720001 3.87523
20730001 4.94899
20740001 3.92846
20750001 3.82724
20760001 3.54666
20770001 4.30995
20780001 4.24479
20790001 5.0394
20800001 4.71381
20810001 4.55535
20820001 3.5991
20830001 4.07064
20840001 4.90099
20850001 3.99847
20860001 3.85529
20870001 3.55674
20880001 4.20438
20890001 3.86767
20900001 5.04145
20910001 4.63401
20920001 4.50505
20930001 3.53645
20940001 4.01435
20950001 4.84475
20960001 4.21416
20970001 4.04809
20980001 3.57687
20990001 4.2032
21000001 3.89535
21010001 4.8144
21020001 4.50653
21030001 4.51701
21040001 3.61489
21050001 4.07565
21060001 4.19869
21070001 4.32835
21080001 4.09041
21090001 3.59675
21100001 4.2585
21110001 3.9354
21120001 4.86896
21130001 4.67246
21140001 4.08914
21150001 3.71651
21160001 4.09002
21170001 3.92717
21180001 4.30043
21190001 4.32057
21200001 3.79058
21210001 4.08403
21220001 4.06539
21230001 4.46136
21240001 4.96645
21250001 4.14689
21260001 3.53049
21270001 4.10046
21280001 3.9784
21290001 4.05194
21300001 4.39519
21310001 3.78692
21320001 4.13204
21330001 4.35812
21340001 4.13357
21350001 5.0438
21360001 4.14846
21370001 3.52836
21380001 4.14176
21390001 4.0046
21400001 3.97123
21410001 4.31409
21420001 3.79361
21430001 3.81959
21440001 4.45182
21450001 4.13819
21460001 5.10724
21470001 4.23766
21480001 3.55939
21490001 4.10116
21500001 3.98595
21510001 4.08321
21520001 4.37705
21530001 3.76912
21540001 3.81651
21550001 3.99923
21560001 4.10539
21570001 5.21948
21580001 4.00487
21590001 3.76267
21600001 3.93338
21610001 4.33394
21620001 4.19872
21630001 4.21976
21640001 3.77384
21650001 3.8731
21660001 4.04019
21670001 4.31144
21680001 5.26451
21690001 4.08893
21700001 3.77329
21710001 3.74949
21720001 4.06457
21730001 4.08041
21740001 4.3453
21750001 3.87386
21760001 3.88254
21770001 4.07497
21780001 4.31339
21790001 5.367
21800001 4.12423
21810001 3.83114
21820001 3.9878
21830001 4.15768
21840001 4.52132
21850001 4.4017
21860001 3.79084
21870001 3.90359
21880001 4.24211
21890001 4.05107
21900001 5.19667
21910001 4.1342
21920001 3.90999
21930001 3.93663
21940001 4.26966
21950001 4.38721
21960001 4.42364
21970001 3.94975
21980001 3.56845
21990001 4.43642
22000001 4.06573
22010001 5.04729
22020001 4.15255
22030001 3.97961
22040001 3.63936
22050001 3.99618
22060001 4.82965
22070001 4.19949
22080001 3.57409
22090001 3.51678
22100001 4.61228
22110001 4.07197
22120001 5.12942
22130001 4.31524
22140001 4.06299
22150001 3.73776
22160001 4.12151
22170001 4.82097
22180001 4.25663
22190001 3.61123
22200001 3.52341
22210001 4.49039
22220001 4.0278
22230001 4.70905
22240001 4.25143
22250001 4.15541
22260001 3.79603
22270001 4.23699
22280001 4.98369
22290001 4.19078
22300001 3.6229
22310001 3.51752
22320001 4.4325
22330001 4.03749
22340001 4.73102
22350001 4.34786
22360001 4.18602
22370001 3.76322
22380001 3.86887
22390001 4.83541
22400001 3.99969
22410001 3.66402
22420001 3.51513
22430001 4.2558
22440001 4.04127
22450001 4.86485
22460001 4.51788
22470001 4.36124
22480001 3.69332
22490001 3.87246
22500001 4.95486
22510001 3.92663
22520001 3.82485
22530001 3.5447
22540001 4.30568
22550001 4.24333
22560001 5.03711
22570001 4.71245
22580001 4.55155
22590001 3.59748
22600001 4.06493
22610001 4.89602
22620001 3.99635
22630001 3.85363
22640001 3.55309
22650001 4.20315
22660001 3.8684
22670001 5.03935
22680001 4.63155
22690001 4.51296
22700001 3.53475
22710001 4.01332
22720001 4.79793
22730001 4.21258
22740001 4.04509
22750001 3.57465
22760001 4.20251
22770001 3.89457
22780001 4.81265
22790001 4.50242
22800001 4.51576
22810001 3.60895
22820001 4.07268
22830001 4.50331
22840001 4.29852
22850001 4.09645
22860001 3.5954
22870001 4.2573
22880001 3.93243
22890001 4.864
22900001 4.64389
22910001 4.08711
22920001 3.71434
22930001 4.08897
22940001 3.92537
22950001 4.30506
22960001 4.31932
22970001 3.6653
22980001 4.08286
22990001 4.05204
23000001 4.95031
23010001 4.94261
23020001 4.13447
23030001 3.52908
23040001 4.09736
23050001 3.96641
23060001 4.05008
23070001 4.33851
23080001 3.7856
23090001 4.12918
23100001 4.34603
23110001 4.132
23120001 5.04185
23130001 4.13997
23140001 3.52643
23150001 4.139
23160001 4.00301
23170001 3.9449
23180001 4.46472
23190001 3.79149
23200001 3.81728
23210001 4.4491
23220001 4.13637
23230001 5.10306
23240001 4.23541
23250001 3.54537
23260001 4.09893
23270001 3.98404
23280001 4.07791
23290001 4.37436
23300001 3.76757
23310001 3.81432
23320001 3.998
23330001 4.10709
23340001 5.22524
23350001 3.9993
23360001 3.74659
23370001 4.12498
23380001 4.33163
23390001 4.2512
23400001 4.21874
23410001 3.77345
23420001 3.87163
23430001 4.03829
23440001 4.30889
23450001 5.25919
23460001 4.0854
23470001 3.77134
23480001 3.74434
23490001 4.06373
23500001 4.08216
23510001 4.34306
23520001 3.8727
23530001 3.87973
23540001 4.07318
23550001 4.30581
23560001 5.36483
23570001 4.12151
23580001 3.83272
23590001 3.9816
23600001 4.15572
23610001 4.50475
23620001 4.36759
23630001 3.78705
23640001 3.90222
23650001 4.24169
23660001 4.04936
23670001 5.19351
23680001 4.13098
23690001 3.90788
23700001 3.93502
23710001 4.19754
23720001 4.38312
23730001 4.42313
23740001 3.94765
23750001 3.56817
23760001 4.43301
23770001 4.06504
23780001 5.04513
23790001 4.15102
23800001 3.97377
23810001 3.63614
23820001 3.99242
23830001 4.53727
23840001 4.19639
23850001 3.57168
23860001 3.632
23870001 4.61074
23880001 4.07681
23890001 5.07457
23900001 4.31246
23910001 4.06403
23920001 3.73674
23930001 4.12107
23940001 4.81855
23950001 4.25205
23960001 3.60897
23970001 3.52061
23980001 4.48533
23990001 4.02607
24000001 4.70849
24010001 4.2424
24020001 4.15289
24030001 3.79535
24040001 4.23679
24050001 4.98012
24060001 4.18692
24070001 3.61827
24080001 3.53413
24090001 4.42503
24100001 4.03543
24110001 4.72941
24120001 4.33803
24130001 4.17
24140001 3.72757
24150001 3.86606
24160001 4.83388
24170001 3.99881
24180001 3.60917
24190001 3.513
24200001 4.25388
24210001 4.0384
24220001 4.86109
24230001 4.51665
24240001 4.3593
24250001 3.73091
24260001 3.87215
24270001 4.94682
24280001 3.85736
24290001 3.81596
24300001 3.52167
24310001 4.30455
24320001 4.24092
24330001 4.98602
24340001 4.6387
24350001 4.5446
24360001 3.58723
24370001 4.06333
24380001 4.89423
24390001 3.98809
24400001 3.85201
24410001 3.55025
24420001 4.20161
24430001 3.86441
24440001 5.03631
24450001 4.62257
24460001 4.49768
24470001 3.53297
24480001 4.0113
24490001 4.79598
24500001 4.21095
24510001 3.99026
24520001 3.56257
24530001 4.20056
24540001 3.88865
24550001 4.81199
24560001 4.47558
24570001 4.5169
24580001 3.60574
24590001 4.07634
24600001 4.77899
24610001 4.29047
24620001 4.09356
24630001 3.5702
24640001 4.21005
24650001 3.92636
24660001 4.86935
24670001 4.63682
24680001 4.08177
24690001 3.7119
24700001 4.0875
24710001 3.92231
24720001 4.31201
24730001 4.31606
24740001 3.66356
24750001 4.08099
24760001 4.05054
24770001 4.94749
24780001 4.85824
24790001 4.13084
24800001 3.528
24810001 4.10043
24820001 3.95739
24830001 4.04847
24840001 4.33665
24850001 3.78516
24860001 4.12655
24870001 4.34079
24880001 4.13009
24890001 5.04021
24900001 4.13828
24910001 3.52479
24920001 4.13719
24930001 4.00094
24940001 3.94306
24950001 4.45359
24960001 3.79122
24970001 3.81596
24980001 4.4759
24990001 4.12577
25000001 5.10097
25010001 4.23397
25020001 3.54322
25030001 4.0957
25040001 3.9642
25050001 4.07633
25060001 4.37294
25070001 3.76628
25080001 3.81288
25090001 3.99675
25100001 4.10507
25110001 5.22145
25120001 3.99677
25130001 3.7454
25140001 4.12331
25150001 4.32685
25160001 4.24972
25170001 4.22401
25180001 3.77156
25190001 3.84616
25200001 4.03784
25210001 4.30731
25220001 5.26174
25230001 4.08068
25240001 3.75813
25250001 3.74231
25260001 4.05926
25270001 4.07948
25280001 4.33865
25290001 3.80365
25300001 3.87464
25310001 4.07237
25320001 4.30223
25330001 5.36314
25340001 4.12272
25350001 3.83126
25360001 3.97979
25370001 4.15553
25380001 4.12458
25390001 4.37035
25400001 3.7855
25410001 3.88787
25420001 4.24062
25430001 4.0966
25440001 5.19977
25450001 4.13099
25460001 3.90639
25470001 3.9361
25480001 4.19283
25490001 4.37812
25500001 4.41715
25510001 3.94589
25520001 3.55929
25530001 4.43112
25540001 4.0628
25550001 5.03775
25560001 4.13788
25570001 3.97117
25580001 3.63579
25590001 3.99061
25600001 4.53738
25610001 4.18285
25620001 3.57023
25630001 3.63057
25640001 4.60884
25650001 4.0728
25660001 4.9826
25670001 4.29224
25680001 4.06245
25690001 3.73543
25700001 4.1191
25710001 4.81839
25720001 4.24599
25730001 3.57814
25740001 3.51832
25750001 4.48445
25760001 4.02184
25770001 4.68762
25780001 4.27138
25790001 4.15146
25800001 3.79384
25810001 4.23181
25820001 4.97553
25830001 4.18783
25840001 3.61699
25850001 3.52771
25860001 4.4232
25870001 4.03376
25880001 4.72744
25890001 4.33622
25900001 4.1622
25910001 3.72956
25920001 3.86585
25930001 4.83245
25940001 3.99384
25950001 3.60725
25960001 3.51061
25970001 4.25292
25980001 4.03966
25990001 4.79691
26000001 4.45119
26010001 4.35661
26020001 3.73022
26030001 3.87245
26040001 4.90092
26050001 3.85634
26060001 3.81441
26070001 3.52015
26080001 4.30308
26090001 4.23978
26100001 4.98328
26110001 4.63884
26120001 4.54309
26130001 3.58581
26140001 4.02531
26150001 4.89234
26160001 3.9805
26170001 3.85084
26180001 3.54843
26190001 4.20222
26200001 4.18988
26210001 5.0345
26220001 4.62012
26230001 4.49477
26240001 3.67489
26250001 3.95238
26260001 4.79152
26270001 4.14265
26280001 3.98653
26290001 3.56004
26300001 4.20619
26310001 3.88544
26320001 4.81505
26330001 4.39008
26340001 4.51525
26350001 3.60172
26360001 4.01692
26370001 4.78283
26380001 4.1689
26390001 4.09177
26400001 3.57281
26410001 4.21014
26420001 3.92022
26430001 4.86775
26440001 4.62783
26450001 4.07971
26460001 3.71083
26470001 4.08538
26480001 3.91928
26490001 4.31288
26500001 4.31401
26510001 3.60788
26520001 4.07831
26530001 4.02089
26540001 5.06408
26550001 4.70125
26560001 4.13323
26570001 3.52475
26580001 4.10028
26590001 3.95608
26600001 4.04548
26610001 4.33063
26620001 3.78276
26630001 4.1242
26640001 4.33053
26650001 4.12956
26660001 5.03877
26670001 4.13689
26680001 3.52389
26690001 4.13576
26700001 3.99776
26710001 3.9339
26720001 4.45596
26730001 3.78901
26740001 3.81171
26750001 4.39164
26760001 4.12514
26770001 5.05877
26780001 4.21723
26790001 3.53915
26800001 4.09441
26810001 3.96208
26820001 4.07519
26830001 4.38343
26840001 3.76582
26850001 3.81146
26860001 3.9963
26870001 4.05065
26880001 5.22028
26890001 4.22781
26900001 3.74404
26910001 4.12247
26920001 4.31574
26930001 4.24354
26940001 4.22255
26950001 3.77012
26960001 3.84422
26970001 4.03711
26980001 4.30645
26990001 5.26116
27000001 4.0486
27010001 3.75699
27020001 3.74057
27030001 4.05785
27040001 4.0776
27050001 4.33764
27060001 3.80191
27070001 3.87407
27080001 4.071
27090001 4.30312
27100001 5.36372
27110001 4.11816
27120001 3.82741
27130001 3.9732
27140001 4.15575
27150001 4.12305
27160001 4.36469
27170001 3.7833
27180001 3.88662
27190001 4.21972
27200001 4.09416
27210001 5.1979
27220001 4.10654
27230001 3.88344
27240001 3.98072
27250001 4.17942
27260001 4.37663
27270001 4.41668
27280001 3.94246
27290001 3.55936
27300001 4.43116
27310001 4.06225
27320001 4.99728
27330001 4.13305
27340001 3.96996
27350001 3.635
27360001 3.98617
27370001 4.54188
27380001 4.1465
27390001 3.56629
27400001 3.62916
27410001 4.52912
27420001 4.07159
27430001 5.05832
27440001 4.19805
27450001 4.06157
27460001 3.73114
27470001 4.11624
27480001 4.81752
27490001 4.22652
27500001 3.57452
27510001 3.5175
27520001 4.49612
27530001 4.0198
27540001 4.68652
27550001 4.26884
27560001 4.14851
27570001 3.79305
27580001 4.23111
27590001 4.9743
27600001 4.17834
27610001 3.61489
27620001 3.52784
27630001 4.42149
27640001 4.03248
27650001 4.75057
27660001 4.30862
27670001 4.15993
27680001 3.64791
27690001 3.86279
27700001 4.83101
27710001 3.99311
27720001 3.60725
27730001 3.50974
27740001 4.25167
27750001 4.03782
27760001 4.79541
27770001 4.41971
27780001 4.35399
27790001 3.72815
27800001 3.87607
27810001 4.89913
27820001 3.91266
27830001 3.81473
27840001 3.51777
27850001 4.30213
27860001 4.23884
27870001 4.98292
27880001 4.63748
27890001 4.43644
27900001 3.58579
27910001 4.01132
27920001 4.89063
27930001 3.97234
27940001 3.85059
27950001 3.54582
27960001 4.20306
27970001 4.18759
27980001 5.03318
27990001 4.61843
28000001 4.49377
28010001 3.67102
28020001 3.95138
28030001 4.96825
28040001 4.13072
28050001 3.98418
28060001 3.55662
28070001 4.2061
28080001 3.87266
28090001 4.89307
28100001 4.39091
28110001 4.51395
28120001 3.58244
28130001 4.01291
28140001 4.77399
28150001 4.16678
28160001 4.08963
28170001 3.57234
28180001 4.20794
28190001 3.91834
28200001 4.86133
28210001 4.62694
28220001 4.07743
28230001 3.71833
28240001 4.08413
28250001 3.91968
28260001 4.30864
28270001 4.31249
28280001 3.61087
28290001 4.07663
28300001 4.01927
28310001 5.06232
28320001 4.69995
28330001 4.13238
28340001 3.72023
28350001 4.09868
28360001 3.94193
28370001 4.04418
28380001 4.3156
28390001 3.78209
28400001 4.12285
28410001 4.3091
28420001 4.1292
28430001 5.02136
28440001 4.13502
28450001 3.52284
28460001 4.13509
28470001 3.99673
28480001 4.0495
28490001 4.44907
28500001 3.78757
28510001 3.80691
28520001 4.39012
28530001 4.12344
28540001 5.05774
28550001 4.20452
28560001 3.53824
28570001 4.09255
28580001 3.95151
28590001 4.07338
28600001 4.38513
28610001 3.76425
28620001 3.80977
28630001 3.9942
28640001 3.97371
28650001 5.21987
28660001 4.22735
28670001 3.6343
28680001 4.12136
28690001 4.31488
28700001 4.21415
28710001 4.22082
28720001 3.76973
28730001 3.84328
28740001 4.03608
28750001 4.30521
28760001 5.25792
28770001 4.04613
28780001 3.7558
28790001 3.73517
28800001 4.04055
28810001 4.07667
28820001 4.33104
28830001 3.79809
28840001 3.87254
28850001 4.06457
28860001 4.27292
28870001 5.3627
28880001 4.11711
28890001 3.82705
28900001 3.97188
28910001 4.40939
28920001 4.09816
28930001 4.36293
28940001 3.78102
28950001 3.88443
28960001 4.21704
28970001 4.09304
28980001 5.19571
28990001 4.10324
29000001 3.88241
29010001 4.0002
29020001 4.1786
29030001 4.38072
29040001 4.41587
29050001 3.87123
29060001 3.54564
29070001 4.43013
29080001 4.06037
29090001 4.99686
29100001 4.13158
29110001 3.96626
29120001 3.90764
29130001 3.96976
29140001 4.53631
29150001 4.39631
29160001 3.55813
29170001 3.62858
29180001 4.53394
29190001 4.06942
29200001 4.93184
29210001 4.19715
29220001 4.06045
29230001 3.72549
29240001 4.09142
29250001 4.81344
29260001 4.22501
29270001 3.57303
29280001 3.51896
29290001 4.49601
29300001 4.01863
29310001 4.68532
29320001 4.26857
29330001 4.10859
29340001 3.79183
29350001 4.23274
29360001 4.97269
29370001 4.17637
29380001 3.61327
29390001 3.52354
29400001 4.41993
29410001 4.03026
29420001 4.7491
29430001 4.30274
29440001 4.15854
29450001 3.64405
29460001 3.86151
29470001 4.81868
29480001 3.99644
29490001 3.6051
29500001 3.50497
29510001 4.24975
29520001 4.03835
29530001 4.79413
29540001 4.41912
29550001 4.35281
29560001 3.72675
29570001 3.87669
29580001 4.89885
29590001 3.91195
29600001 3.81339
29610001 3.51681
29620001 4.30017
29630001 4.23774
29640001 4.98201
29650001 4.6373
29660001 4.43557
29670001 3.58546
29680001 3.98214
29690001 4.88308
29700001 3.96116
29710001 3.8495
29720001 3.53992
29730001 4.19825
29740001 4.18651
29750001 5.03201
29760001 4.80075
29770001 4.49268
29780001 3.67029
29790001 3.9258
29800001 4.967
29810001 4.12833
29820001 3.98245
29830001 3.55604
29840001 4.20539
29850001 3.87121
29860001 4.93451
29870001 4.41935
29880001 4.50552
29890001 3.58046
29900001 4.0109
29910001 4.77593
29920001 4.16122
29930001 4.08654
29940001 3.57082
29950001 4.20673
29960001 3.91672
29970001 4.86045
29980001 4.62596
29990001 4.0756
