1 2159.59
10001 54.9346
20001 20.5414
30001 12.4465
40001 8.89988
50001 7.46118
60001 7.53255
70001 7.00129
80001 5.82198
90001 5.96268
100001 5.82919
110001 6.36485
120001 6.74881
130001 4.88295
140001 5.22048
150001 4.68717
160001 5.19084
170001 6.75933
180001 5.47673
190001 4.5987
200001 5.29288
210001 6.5564
220001 6.81813
230001 4.67511
240001 5.31976
250001 5.32005
260001 4.49929
270001 5.18429
280001 5.66663
290001 5.32523
300001 4.84996
310001 5.98399
320001 5.82669
330001 5.3013
340001 5.84458
350001 4.54213
360001 4.95174
370001 4.46987
380001 4.97663
390001 5.92714
400001 4.6296
410001 4.45717
420001 4.5732
430001 6.85697
440001 7.19706
450001 4.72972
460001 4.56489
470001 5.82717
480001 4.61466
490001 5.06514
500001 5.74006
510001 5.30027
520001 5.51499
530001 5.65857
540001 5.42113
550001 5.63181
560001 5.1274
570001 4.63289
580001 4.94199
590001 4.45331
600001 5.10102
610001 5.91584
620001 4.61993
630001 4.95994
640001 5.17802
650001 6.85241
660001 7.20169
670001 4.7979
680001 4.58007
690001 5.82692
700001 4.60689
710001 5.05003
720001 5.13319
730001 5.89406
740001 4.99515
750001 6.30789
760001 4.52831
770001 5.65246
780001 5.51558
790001 4.66838
800001 5.03052
810001 4.4396
820001 5.09517
830001 5.91906
840001 4.63704
850001 4.43901
860001 5.25365
870001 6.86884
880001 7.20401
890001 5.05215
900001 4.5671
910001 5.84169
920001 4.70905
930001 4.40253
940001 5.90958
950001 5.72284
960001 5.65684
970001 5.60697
980001 4.73199
990001 6.18703
1000001 5.66447
1010001 5.27345
1020001 5.18325
1030001 4.47488
1040001 5.11598
1050001 5.92617
1060001 4.99779
1070001 4.43247
1080001 4.44641
1090001 6.52771
1100001 7.36519
1110001 5.13431
1120001 4.60248
1130001 5.8364
1140001 4.73334
1150001 4.39613
1160001 5.18594
1170001 5.79996
1180001 5.75547
1190001 5.64416
1200001 4.62108
1210001 5.75928
1220001 5.71653
1230001 5.30849
1240001 5.19299
1250001 4.48756
1260001 4.39186
1270001 6.17742
1280001 5.48693
1290001 4.44249
1300001 4.47132
1310001 6.59344
1320001 6.77046
1330001 5.74441
1340001 4.65947
1350001 5.22383
1360001 4.76354
1370001 4.42213
1380001 4.57178
1390001 5.79065
1400001 6.08633
1410001 4.70581
1420001 5.1804
1430001 5.91388
1440001 6.1002
1450001 5.92766
1460001 4.6236
1470001 4.74039
1480001 4.48244
1490001 5.45612
1500001 6.12547
1510001 4.47928
1520001 4.5117
1530001 6.44282
1540001 6.17091
1550001 6.29506
1560001 4.62757
1570001 5.21215
1580001 4.84527
1590001 4.43263
1600001 4.64968
1610001 5.81349
1620001 5.77306
1630001 4.8102
1640001 5.24761
1650001 5.6219
1660001 6.20668
1670001 5.94106
1680001 4.54801
1690001 4.94095
1700001 4.50385
1710001 5.66671
1720001 6.78936
1730001 5.79804
1740001 4.48333
1750001 5.17541
1760001 6.31203
1770001 6.46779
1780001 4.50633
1790001 5.21658
1800001 5.07077
1810001 4.42493
1820001 4.72138
1830001 5.79957
1840001 5.77502
1850001 4.80049
1860001 5.17685
1870001 5.23064
1880001 5.90097
1890001 6.37995
1900001 4.52435
1910001 4.91933
1920001 4.42855
1930001 4.9803
1940001 6.59872
1950001 5.3154
1960001 4.46021
1970001 5.17632
1980001 6.46434
1990001 6.73783
2000001 4.57273
2010001 5.23299
2020001 5.24615
2030001 4.43515
2040001 5.12729
2050001 5.62356
2060001 5.28482
2070001 4.81122
2080001 5.95256
2090001 5.79698
2100001 5.27245
2110001 5.80998
2120001 4.51809
2130001 4.92554
2140001 4.45095
2150001 4.96625
2160001 5.91738
2170001 4.61515
2180001 4.44454
2190001 4.55954
2200001 6.84524
2210001 7.18985
2220001 4.72142
2230001 4.55591
2240001 5.8161
2250001 4.60934
2260001 5.05633
2270001 5.73514
2280001 5.29538
2290001 5.50751
2300001 5.65143
2310001 5.85753
2320001 5.25482
2330001 5.12269
2340001 4.63077
2350001 4.9395
2360001 4.45293
2370001 5.09746
2380001 5.91208
2390001 4.62095
2400001 4.95822
2410001 5.17452
2420001 6.84955
2430001 7.19524
2440001 4.79734
2450001 4.57691
2460001 5.82337
2470001 4.60793
2480001 5.05018
2490001 5.13393
2500001 5.89337
2510001 4.99277
2520001 6.30533
2530001 4.53125
2540001 5.65147
2550001 5.51644
2560001 4.6672
2570001 5.03075
2580001 4.44378
2590001 5.09811
2600001 5.91827
2610001 4.63889
2620001 4.44192
2630001 5.24364
2640001 6.86771
2650001 7.20102
2660001 5.05067
2670001 4.57156
2680001 5.83923
2690001 4.71344
2700001 4.40125
2710001 5.90956
2720001 5.72339
2730001 5.66145
2740001 5.60509
2750001 4.57577
2760001 6.18935
2770001 5.66516
2780001 5.2754
2790001 5.18333
2800001 4.47501
2810001 5.121
2820001 5.92959
2830001 4.99533
2840001 4.43221
2850001 4.44428
2860001 6.51729
2870001 7.3647
2880001 5.1338
2890001 4.59934
2900001 5.83728
2910001 4.73316
2920001 4.39843
2930001 5.18385
2940001 5.79457
2950001 5.75178
2960001 5.64921
2970001 4.61923
2980001 5.76114
2990001 5.693
3000001 5.30693
3010001 5.18989
3020001 4.48807
3030001 4.40067
3040001 6.06584
3050001 5.48545
3060001 4.44326
3070001 4.47065
3080001 6.68522
3090001 6.77042
3100001 5.74505
3110001 4.65696
3120001 5.22575
3130001 4.7613
3140001 4.42448
3150001 4.56999
3160001 5.78733
3170001 6.08405
3180001 4.70414
3190001 4.56576
3200001 5.91764
3210001 6.09841
3220001 5.91954
3230001 4.62528
3240001 4.73674
3250001 4.48228
3260001 5.45823
3270001 6.12497
3280001 4.48346
3290001 4.51322
3300001 6.44088
3310001 6.17037
3320001 6.29468
3330001 4.63051
3340001 5.21161
3350001 4.84524
3360001 4.43375
3370001 4.64929
3380001 5.81488
3390001 5.88059
3400001 4.78202
3410001 5.2481
3420001 5.6218
3430001 6.20551
3440001 5.93662
3450001 4.54951
3460001 4.93907
3470001 4.50462
3480001 5.66772
3490001 6.79048
3500001 5.80536
3510001 4.49702
3520001 5.17802
3530001 6.31389
3540001 6.46949
3550001 4.50063
3560001 5.21474
3570001 5.07367
3580001 4.42689
3590001 4.7194
3600001 5.79671
3610001 5.77608
3620001 4.79806
3630001 5.1768
3640001 5.23119
3650001 5.90223
3660001 6.38366
3670001 4.52446
3680001 4.91762
3690001 4.53262
3700001 4.98191
3710001 6.5943
3720001 5.31878
3730001 4.45891
3740001 5.17462
3750001 6.4643
3760001 6.7387
3770001 4.56638
3780001 5.2291
3790001 5.24546
3800001 4.43686
3810001 5.12349
3820001 5.61979
3830001 5.28478
3840001 4.80664
3850001 5.95241
3860001 5.79405
3870001 5.27201
3880001 5.8112
3890001 4.49816
3900001 4.92919
3910001 4.44929
3920001 4.96724
3930001 5.91479
3940001 4.61452
3950001 4.45102
3960001 4.56392
3970001 6.84118
3980001 7.1918
3990001 4.70017
4000001 4.55754
4010001 5.81414
4020001 4.61157
4030001 5.05573
4040001 5.73534
4050001 5.29358
4060001 5.50604
4070001 5.65022
4080001 5.85504
4090001 5.25436
4100001 5.13239
4110001 4.62295
4120001 4.935
4130001 4.43124
4140001 5.10149
4150001 5.91086
4160001 4.62233
4170001 4.95981
4180001 5.17442
4190001 6.84991
4200001 7.19627
4210001 4.79846
4220001 4.58185
4230001 5.82382
4240001 4.60984
4250001 5.05232
4260001 5.13344
4270001 5.89317
4280001 4.99311
4290001 6.30432
4300001 4.52502
4310001 5.65458
4320001 5.51387
4330001 4.66534
4340001 4.9288
4350001 4.44376
4360001 5.09997
4370001 5.91579
4380001 4.63565
4390001 5.09635
4400001 5.24579
4410001 6.86554
4420001 7.20057
4430001 5.04894
4440001 4.56967
4450001 5.84027
4460001 4.71072
4470001 5.05776
4480001 5.91195
4490001 5.72181
4500001 5.66528
4510001 5.60368
4520001 4.57719
4530001 6.18498
4540001 5.66222
4550001 5.04523
4560001 5.18514
4570001 4.47535
4580001 5.11287
4590001 5.93086
4600001 4.99769
4610001 4.43283
4620001 4.44579
4630001 6.51551
4640001 7.36406
4650001 5.13397
4660001 4.6014
4670001 5.83888
4680001 4.73031
4690001 4.3998
4700001 5.1872
4710001 5.79832
4720001 5.74863
4730001 5.64655
4740001 4.62034
4750001 5.76232
4760001 5.69768
4770001 5.30825
4780001 5.18836
4790001 4.48676
4800001 4.40065
4810001 6.0684
4820001 5.48472
4830001 4.44451
4840001 4.4654
4850001 6.6873
4860001 6.76804
4870001 5.74323
4880001 4.63113
4890001 5.22573
4900001 4.75503
4910001 4.41968
4920001 4.57582
4930001 5.7891
4940001 6.08945
4950001 4.70386
4960001 4.56853
4970001 5.91681
4980001 6.09837
4990001 5.92092
5000001 4.63064
5010001 4.73746
5020001 4.48355
5030001 5.46452
5040001 6.12608
5050001 4.45988
5060001 4.51419
5070001 6.44415
5080001 6.11584
5090001 5.82411
5100001 4.63071
5110001 5.21151
5120001 4.84418
5130001 4.43422
5140001 4.64971
5150001 5.82998
5160001 5.87802
5170001 4.78085
5180001 5.2519
5190001 5.62236
5200001 6.21027
5210001 5.93413
5220001 4.53559
5230001 4.94235
5240001 4.50341
5250001 5.66632
5260001 6.79276
5270001 5.77965
5280001 4.499
5290001 5.17933
5300001 6.31068
5310001 6.46829
5320001 4.69174
5330001 5.21664
5340001 5.07117
5350001 4.42687
5360001 4.7201
5370001 5.79807
5380001 5.759
5390001 4.79943
5400001 5.17918
5410001 5.228
5420001 5.90453
5430001 6.38759
5440001 4.52723
5450001 4.91829
5460001 4.5302
5470001 4.98279
5480001 6.59598
5490001 5.19766
5500001 4.46035
5510001 5.17572
5520001 6.4644
5530001 6.73745
5540001 4.56259
5550001 5.23125
5560001 5.2022
5570001 4.43859
5580001 5.12516
5590001 5.62346
5600001 5.29037
5610001 4.80775
5620001 5.94944
5630001 5.79731
5640001 5.26914
5650001 5.80979
5660001 4.49618
5670001 4.92796
5680001 4.4481
5690001 4.96924
5700001 5.91196
5710001 4.61553
5720001 4.44858
5730001 4.52659
5740001 6.75966
5750001 7.19087
5760001 4.69574
5770001 4.55915
5780001 5.81405
5790001 4.61044
5800001 5.05446
5810001 5.73608
5820001 5.29498
5830001 5.50673
5840001 5.64548
5850001 5.85278
5860001 5.25279
5870001 5.13121
5880001 4.62027
5890001 4.93418
5900001 4.43451
5910001 4.97767
5920001 5.91064
5930001 4.63032
5940001 4.96204
5950001 5.17341
5960001 6.84989
5970001 7.19505
5980001 4.80063
5990001 4.58007
6000001 5.82367
6010001 4.61156
6020001 5.05209
6030001 5.13714
6040001 5.88993
6050001 4.98822
6060001 6.30516
6070001 4.52341
6080001 5.65289
6090001 5.50118
6100001 4.66735
6110001 4.9312
6120001 4.44239
6130001 5.09816
6140001 5.92009
6150001 4.63247
6160001 5.09743
6170001 5.24839
6180001 6.87075
6190001 7.1989
6200001 5.05197
6210001 4.56942
6220001 5.83869
6230001 4.70853
6240001 5.05478
6250001 5.91152
6260001 5.71776
6270001 5.66577
6280001 5.60106
6290001 4.57801
6300001 6.18077
6310001 5.67357
6320001 5.04121
6330001 5.18373
6340001 4.47683
6350001 5.11427
6360001 5.93243
6370001 4.99535
6380001 4.43888
6390001 4.44435
6400001 6.51426
6410001 7.44589
6420001 5.13663
6430001 4.60321
6440001 5.84459
6450001 4.73029
6460001 4.39914
6470001 5.18649
6480001 5.79874
6490001 5.74508
6500001 5.6515
6510001 4.62515
6520001 5.72448
6530001 5.69819
6540001 5.30974
6550001 5.18966
6560001 4.48512
6570001 4.39694
6580001 6.07112
6590001 5.48388
6600001 4.44749
6610001 4.46423
6620001 6.68617
6630001 6.76371
6640001 5.74144
6650001 4.63544
6660001 5.22577
6670001 4.75514
6680001 4.41606
6690001 4.57563
6700001 5.78766
6710001 6.09002
6720001 4.70541
6730001 4.56971
6740001 5.91376
6750001 5.70622
6760001 5.91481
6770001 4.63372
6780001 4.73671
6790001 4.48352
6800001 5.46627
6810001 6.11912
6820001 4.44699
6830001 4.51503
6840001 6.44174
6850001 6.11827
6860001 5.82164
6870001 4.62921
6880001 5.21125
6890001 4.84142
6900001 4.43709
6910001 4.64874
6920001 5.8288
6930001 5.87492
6940001 4.78189
6950001 5.24806
6960001 5.62952
6970001 6.20979
6980001 5.92246
6990001 4.5351
7000001 4.9369
7010001 4.49628
7020001 5.66559
7030001 6.79957
7040001 5.77648
7050001 4.49053
7060001 5.17808
7070001 6.21544
7080001 6.47056
7090001 4.69009
7100001 5.21354
7110001 5.07207
7120001 4.42421
7130001 4.7212
7140001 5.79336
7150001 5.75981
7160001 4.8037
7170001 5.18086
7180001 5.14025
7190001 5.90316
7200001 6.38815
7210001 4.5243
7220001 4.92066
7230001 4.53392
7240001 4.98148
7250001 6.59335
7260001 5.20279
7270001 4.46155
7280001 5.17115
7290001 6.46392
7300001 6.73729
7310001 4.53195
7320001 5.23168
7330001 5.2019
7340001 4.43576
7350001 5.12653
7360001 5.62746
7370001 5.29056
7380001 4.80727
7390001 5.95311
7400001 5.79795
7410001 5.26544
7420001 5.81212
7430001 4.50269
7440001 4.92893
7450001 4.44922
7460001 4.96855
7470001 5.91054
7480001 4.61592
7490001 4.44986
7500001 4.5304
7510001 6.75715
7520001 7.19343
7530001 4.69901
7540001 5.23876
7550001 5.81129
7560001 4.61062
7570001 5.0558
7580001 5.73155
7590001 5.29344
7600001 5.50899
7610001 5.64275
7620001 5.85414
7630001 5.25108
7640001 5.129
7650001 4.62084
7660001 4.9308
7670001 4.43163
7680001 4.97955
7690001 5.90854
7700001 4.63393
7710001 4.96105
7720001 5.17352
7730001 6.85182
7740001 7.19422
7750001 4.803
7760001 4.56809
7770001 5.82625
7780001 4.60922
7790001 5.0482
7800001 5.13817
7810001 5.89713
7820001 4.98675
7830001 6.30571
7840001 4.51989
7850001 5.65047
7860001 5.50654
7870001 4.66903
7880001 4.93051
7890001 4.44498
7900001 5.09759
7910001 5.91964
7920001 4.63319
7930001 5.0988
7940001 5.26306
7950001 6.86969
7960001 7.19813
7970001 5.04856
7980001 4.57229
7990001 5.83308
8000001 4.70706
8010001 5.05341
8020001 5.91009
8030001 5.71963
8040001 5.66673
8050001 5.59985
8060001 4.57722
8070001 6.17974
8080001 5.67096
8090001 5.04318
8100001 5.17919
8110001 4.47567
8120001 5.1141
8130001 5.93199
8140001 4.99581
8150001 4.43759
8160001 4.44097
8170001 6.50904
8180001 7.44631
8190001 5.1323
8200001 4.59239
8210001 5.8411
8220001 4.73256
8230001 4.39584
8240001 5.764
8250001 5.79625
8260001 5.73945
8270001 5.65225
8280001 4.62808
8290001 5.72328
8300001 5.69456
8310001 5.31317
8320001 5.19744
8330001 4.48824
8340001 4.39854
8350001 6.0712
8360001 5.49431
8370001 4.44404
8380001 4.46513
8390001 6.68653
8400001 6.76697
8410001 5.74166
8420001 4.63828
8430001 5.22442
8440001 4.75413
8450001 4.41832
8460001 4.57792
8470001 5.79059
8480001 6.08975
8490001 4.70571
8500001 4.56531
8510001 5.91363
8520001 5.70703
8530001 5.91904
8540001 4.63364
8550001 4.73342
8560001 4.47981
8570001 5.46517
8580001 6.11873
8590001 4.45226
8600001 4.51231
8610001 7.07856
8620001 6.11736
8630001 5.82536
8640001 4.65428
8650001 5.21134
8660001 4.84079
8670001 4.43861
8680001 4.64828
8690001 5.82639
8700001 5.87272
8710001 4.76647
8720001 5.24657
8730001 5.62674
8740001 6.21224
8750001 5.92156
8760001 4.53915
8770001 4.93267
8780001 4.49715
8790001 5.66392
8800001 6.83601
8810001 5.7765
8820001 4.4957
8830001 5.17556
8840001 6.21665
8850001 6.4551
8860001 4.6894
8870001 5.21481
8880001 5.07136
8890001 4.42341
8900001 4.72187
8910001 5.7933
8920001 5.76332
8930001 4.80391
8940001 5.17917
8950001 5.61657
8960001 5.90279
8970001 6.38842
8980001 4.52334
8990001 4.92069
9000001 4.53478
9010001 4.9835
9020001 6.59465
9030001 5.20667
9040001 4.46124
9050001 5.16827
9060001 6.46664
9070001 6.73392
9080001 4.52901
9090001 5.23438
9100001 5.20214
9110001 4.43453
9120001 4.5474
9130001 5.62966
9140001 5.29127
9150001 4.80905
9160001 5.95185
9170001 5.79721
9180001 5.26709
9190001 5.81297
9200001 4.50338
9210001 4.93027
9220001 4.44715
9230001 4.97038
9240001 5.9088
9250001 4.62035
9260001 4.45198
9270001 4.53107
9280001 6.75146
9290001 7.19284
9300001 4.58661
9310001 5.23815
9320001 5.81463
9330001 4.61248
9340001 5.05304
9350001 5.73456
9360001 5.30421
9370001 5.51013
9380001 5.64464
9390001 5.84926
9400001 5.25168
9410001 5.12151
9420001 4.63507
9430001 4.92722
9440001 4.43212
9450001 4.97881
9460001 5.90972
9470001 4.63403
9480001 4.95804
9490001 5.17001
9500001 6.85501
9510001 7.19614
9520001 4.80378
9530001 4.57038
9540001 5.83
9550001 4.60575
9560001 5.05409
9570001 5.12794
9580001 5.89702
9590001 4.98657
9600001 6.3097
9610001 4.51876
9620001 5.65369
9630001 5.50534
9640001 4.66684
9650001 4.93041
9660001 4.44022
9670001 5.0948
9680001 5.91976
9690001 4.63374
9700001 5.1051
9710001 5.26256
9720001 6.86889
9730001 7.19972
9740001 5.05003
9750001 4.57227
9760001 5.82923
9770001 4.70604
9780001 5.05088
9790001 5.90901
9800001 5.72101
9810001 5.66645
9820001 6.31848
9830001 4.57491
9840001 6.17917
9850001 5.6686
9860001 5.04577
9870001 5.17906
9880001 4.47647
9890001 5.11298
9900001 5.93315
9910001 4.99337
9920001 4.43935
9930001 4.44132
9940001 6.50987
9950001 7.44501
9960001 5.12823
9970001 4.59175
9980001 5.83704
9990001 4.73173
