1 8.99943 529.805 0.65098
11 1.71115 118.894 0.177009
21 1.2395 86.8228 0.188179
31 1.04439 73.3547 0.18352
41 0.943483 66.2963 0.176355
51 0.87804 62.0044 0.18281
61 0.851052 59.3992 0.193088
71 0.814619 57.5392 0.192314
81 0.800784 56.4802 0.180658
91 0.814566 55.8984 0.198292
101 0.797372 55.3653 0.198469
111 0.785085 54.985 0.197669
121 0.780578 54.8976 0.183405
131 0.793156 54.9273 0.194886
141 0.799256 54.9107 0.190183
151 0.786806 54.8853 0.205359
161 0.783121 54.9626 0.18231
171 0.795502 55.1854 0.180631
181 0.792631 55.1778 0.198842
191 0.793847 55.4088 0.175159
201 0.794327 55.4236 0.192734
211 0.796108 55.5998 0.183002
221 0.803528 55.8691 0.183238
231 0.805335 55.9645 0.195458
241 0.816682 56.1642 0.195626
251 0.808834 56.1398 0.20052
261 0.809727 56.3857 0.185933
271 0.824105 56.6074 0.193189
281 0.814461 56.5874 0.187139
291 0.818998 56.8133 0.203827
301 0.815677 56.8994 0.176762
311 0.831436 57.1967 0.188777
321 0.822984 57.1676 0.193575
331 0.823157 57.3899 0.175694
341 0.831061 57.5142 0.19202
351 0.825693 57.5319 0.175262
361 0.833759 57.7777 0.181863
371 0.83261 57.8149 0.18502
381 0.834817 57.9604 0.183397
391 0.837741 57.9946 0.196701
401 0.837333 58.1902 0.180903
411 0.851335 58.4064 0.19128
421 0.841952 58.3864 0.184538
431 0.839588 58.4471 0.175026
441 0.857742 58.6814 0.198081
451 0.858365 58.8284 0.199636
461 0.84905 58.7446 0.197418
471 0.847358 58.9212 0.178796
481 0.853561 59.04 0.193055
491 0.867831 59.1752 0.18886
501 0.851915 59.1327 0.194211
511 0.850437 59.1917 0.178777
521 0.86255 59.4498 0.178358
531 0.85776 59.3542 0.197002
541 0.858966 59.5423 0.174233
551 0.862279 59.564 0.209282
561 0.85957 59.5982 0.187279
571 0.863971 59.788 0.177893
581 0.86469 59.7955 0.198075
591 0.872834 59.9821 0.187915
601 0.86542 59.8469 0.19776
611 0.863501 60.0416 0.17315
621 0.877297 60.2275 0.188553
631 0.879902 60.231 0.202999
641 0.869004 60.2323 0.19519
651 0.87038 60.3274 0.186397
661 0.88061 60.5376 0.19028
671 0.873564 60.3866 0.196766
681 0.879368 60.6008 0.200564
691 0.871041 60.5556 0.183555
701 0.874809 60.6144 0.185518
711 0.875965 60.6846 0.196428
721 0.877359 60.7611 0.185577
731 0.887591 60.9684 0.189037
741 0.878425 60.8602 0.187927
751 0.879542 60.9792 0.181262
761 0.882549 61.0499 0.193972
771 0.893324 61.1696 0.18751
781 0.883687 61.1194 0.19578
791 0.883954 61.1793 0.186633
801 0.893332 61.3462 0.189089
811 0.891222 61.297 0.199138
821 0.883872 61.3497 0.179944
831 0.884399 61.3563 0.185623
841 0.895307 61.5381 0.179411
851 0.887614 61.4836 0.194716
861 0.888292 61.5783 0.180273
871 0.889708 61.6454 0.174849
881 0.89326 61.6187 0.205615
891 0.893809 61.7906 0.177973
901 0.891729 61.7108 0.194431
911 0.893531 61.8104 0.184371
921 0.890377 61.8603 0.172148
931 0.897503 61.9283 0.196705
941 0.904887 62.0883 0.18479
951 0.896245 61.9212 0.19688
961 0.896052 62.076 0.180026
971 0.907947 62.2067 0.190224
981 0.910156 62.2133 0.201433
991 0.900182 62.2016 0.194227
