1 31.2948
10001 10.7648
20001 7.61021
30001 6.47655
40001 5.93139
50001 5.63556
60001 5.37211
70001 5.20632
80001 5.07396
90001 4.97975
100001 4.90255
110001 4.86659
120001 4.79557
130001 4.72618
140001 4.7006
150001 4.63649
160001 4.57418
170001 4.58878
180001 4.52702
190001 4.4571
200001 4.40877
210001 4.40089
220001 4.39967
230001 4.39181
240001 4.35624
250001 4.30193
260001 4.2502
270001 4.26301
280001 4.22805
290001 4.18334
300001 4.15894
310001 4.17916
320001 4.15413
330001 4.1802
340001 4.18259
350001 4.12042
360001 4.15568
370001 4.07611
380001 4.07254
390001 4.06337
400001 4.06263
410001 4.09621
420001 4.08248
430001 4.11883
440001 4.10931
450001 4.0197
460001 3.99517
470001 3.97431
480001 3.9845
490001 4.01217
500001 3.95954
510001 3.91478
520001 3.89146
530001 3.89124
540001 3.8985
550001 3.91817
560001 3.91769
570001 3.90437
580001 3.88763
590001 3.90183
600001 3.86616
610001 3.88945
620001 3.90428
630001 3.82548
640001 3.84535
650001 3.85111
660001 3.85375
670001 3.89278
680001 3.85133
690001 3.8403
700001 3.80479
710001 3.83682
720001 3.82206
730001 3.79269
740001 3.78057
750001 3.77436
760001 3.80688
770001 3.86211
780001 3.85504
790001 3.82765
800001 3.79246
810001 3.79224
820001 3.80124
830001 3.80534
840001 3.78581
850001 3.85827
860001 3.85966
870001 3.87659
880001 3.90986
890001 3.82634
900001 3.79856
910001 3.77785
920001 3.77154
930001 3.78898
940001 3.8147
950001 3.7479
960001 3.73743
970001 3.7437
980001 3.74656
990001 3.73648
1000001 3.76653
1010001 3.77349
1020001 3.76267
1030001 3.76268
1040001 3.79082
1050001 3.73533
1060001 3.80454
1070001 3.77947
1080001 3.7593
1090001 3.74795
1100001 3.73065
1110001 3.78981
1120001 3.749
1130001 3.77977
1140001 3.73916
1150001 3.72299
1160001 3.75605
1170001 3.73112
1180001 3.72037
1190001 3.71721
1200001 3.75939
1210001 3.78591
1220001 3.81199
1230001 3.81159
1240001 3.75004
1250001 3.76442
1260001 3.78901
1270001 3.77255
1280001 3.79021
1290001 3.80074
1300001 3.84734
1310001 3.87033
1320001 3.88716
1330001 3.86027
1340001 3.81425
1350001 3.78387
1360001 3.7618
1370001 3.78258
1380001 3.83262
1390001 3.74674
1400001 3.73519
1410001 3.72257
1420001 3.73516
1430001 3.73939
1440001 3.74466
1450001 3.78001
1460001 3.78414
1470001 3.77157
1480001 3.7584
1490001 3.7496
1500001 3.82001
1510001 3.79621
1520001 3.75268
1530001 3.74915
1540001 3.74895
1550001 3.81004
1560001 3.82405
1570001 3.8082
1580001 3.76455
1590001 3.75352
1600001 3.78461
1610001 3.78108
1620001 3.75138
1630001 3.75003
1640001 3.79207
1650001 3.82867
1660001 3.83021
1670001 3.85856
1680001 3.78774
1690001 3.86233
1700001 3.78886
1710001 3.80177
1720001 3.8371
1730001 3.82022
1740001 3.88967
1750001 3.86459
1760001 3.93447
1770001 3.90735
1780001 3.84821
1790001 3.81367
1800001 3.81192
1810001 3.83055
1820001 3.87339
1830001 3.80343
1840001 3.79127
1850001 3.77863
1860001 3.78637
1870001 3.79714
1880001 3.84588
1890001 3.83744
1900001 3.82475
1910001 3.86102
1920001 3.84234
1930001 3.82109
1940001 3.88765
1950001 3.85858
1960001 3.82029
1970001 3.8057
1980001 3.83395
1990001 3.86849
2000001 3.89314
2010001 3.88168
2020001 3.85024
2030001 3.82046
2040001 3.86296
2050001 3.8494
2060001 3.8233
2070001 3.81936
2080001 3.86106
2090001 3.85489
2100001 3.90385
2110001 3.92574
2120001 3.87337
2130001 3.92917
2140001 3.86095
2150001 3.87411
2160001 3.87978
2170001 3.89386
2180001 3.94011
2190001 3.93799
2200001 3.98971
2210001 3.99137
2220001 3.91306
2230001 3.89997
2240001 3.89019
2250001 3.91137
2260001 3.95086
2270001 3.90859
2280001 3.87148
2290001 3.85818
2300001 3.86707
2310001 3.88753
2320001 3.91368
2330001 3.92118
2340001 3.9161
2350001 3.90786
2360001 3.93106
2370001 3.90193
2380001 3.93185
2390001 3.95394
2400001 3.88325
2410001 3.91016
2420001 3.92059
2430001 3.93115
2440001 3.97743
2450001 3.93951
2460001 3.93573
2470001 3.90693
2480001 3.94609
2490001 3.93726
2500001 3.9134
2510001 3.90683
2520001 3.90608
2530001 3.94154
2540001 4.00106
2550001 3.99916
2560001 3.97523
2570001 3.94567
2580001 3.95069
2590001 3.96438
2600001 3.97309
2610001 3.95908
2620001 4.0305
2630001 4.03486
2640001 4.05565
2650001 4.09216
2660001 4.01669
2670001 3.99389
2680001 3.97791
2690001 3.9757
2700001 3.99573
2710001 4.0252
2720001 3.96356
2730001 3.95701
2740001 3.96611
2750001 3.97353
2760001 3.96643
2770001 3.99774
2780001 4.00773
2790001 4.00095
2800001 4.00407
2810001 4.03333
2820001 3.98394
2830001 4.05135
2840001 4.03002
2850001 4.01427
2860001 4.00509
2870001 3.9923
2880001 4.05095
2890001 4.01506
2900001 4.04556
2910001 4.00975
2920001 3.9973
2930001 4.03203
2940001 4.01026
2950001 4.00229
2960001 4.01342
2970001 4.04212
2980001 4.06906
2990001 4.09659
3000001 4.09721
3010001 4.04077
3020001 4.05626
3030001 4.08308
3040001 4.06903
3050001 4.08862
3060001 4.09724
3070001 4.1424
3080001 4.16573
3090001 4.18303
3100001 4.15943
3110001 4.10665
3120001 4.09345
3130001 4.07468
3140001 4.09531
3150001 4.14434
3160001 4.06547
3170001 4.05644
3180001 4.04663
3190001 4.06019
3200001 4.06536
3210001 4.07142
3220001 4.106
3230001 4.11183
3240001 4.10128
3250001 4.09074
3260001 4.08395
3270001 4.14994
3280001 4.12896
3290001 4.08974
3300001 4.0884
3310001 4.08945
3320001 4.14765
3330001 4.16285
3340001 4.14463
3350001 4.10841
3360001 4.09962
3370001 4.13075
3380001 4.12863
3390001 4.10175
3400001 4.10117
3410001 4.14052
3420001 4.1753
3430001 4.17884
3440001 4.20664
3450001 4.14007
3460001 4.21055
3470001 4.14365
3480001 4.15724
3490001 4.19101
3500001 4.17634
3510001 4.23946
3520001 4.21668
3530001 4.28272
3540001 4.25839
3550001 4.20557
3560001 4.17522
3570001 4.17462
3580001 4.19221
3590001 4.23325
3600001 4.16921
3610001 4.15825
3620001 4.14864
3630001 4.15632
3640001 4.16725
3650001 4.21366
3660001 4.20593
3670001 4.19501
3680001 4.22999
3690001 4.21387
3700001 4.19433
3710001 4.2457
3720001 4.22965
3730001 4.19481
3740001 4.18284
3750001 4.20909
3760001 4.24206
3770001 4.26645
3780001 4.25491
3790001 4.22672
3800001 4.20028
3810001 4.241
3820001 4.22912
3830001 4.20533
3840001 4.20233
3850001 4.24038
3860001 4.23544
3870001 4.28151
3880001 4.30269
3890001 4.25341
3900001 4.30615
3910001 4.24362
3920001 4.25686
3930001 4.26262
3940001 4.27619
3950001 4.31801
3960001 4.31595
3970001 4.3644
3980001 4.36622
3990001 4.29576
4000001 4.28422
4010001 4.27596
4020001 4.2958
4030001 4.33286
4040001 4.29528
4050001 4.26082
4060001 4.24946
4070001 4.25784
4080001 4.27757
4090001 4.30225
4100001 4.30906
4110001 4.30483
4120001 4.29792
4130001 4.32015
4140001 4.29335
4150001 4.32055
4160001 4.34162
4170001 4.27751
4180001 4.30298
4190001 4.31178
4200001 4.32262
4210001 4.36632
4220001 4.33023
4230001 4.32744
4240001 4.30162
4250001 4.33878
4260001 4.3311
4270001 4.30924
4280001 4.30352
4290001 4.30319
4300001 4.33539
4310001 4.39066
4320001 4.38945
4330001 4.36678
4340001 4.34
4350001 4.34526
4360001 4.35857
4370001 4.36691
4380001 4.35466
4390001 4.41939
4400001 4.42316
4410001 4.44285
4420001 4.47665
4430001 4.4078
4440001 4.38771
4450001 4.37346
4460001 4.37183
4470001 4.39038
4480001 4.4184
4490001 4.36158
4500001 4.35589
4510001 4.36439
4520001 4.37208
4530001 4.36557
4540001 4.41203
4550001 4.40392
4560001 4.39814
4570001 4.40134
4580001 4.42852
4590001 4.38347
4600001 4.44509
4610001 4.42567
4620001 4.41192
4630001 4.40316
4640001 4.3921
4650001 4.44623
4660001 4.41365
4670001 4.44133
4680001 4.40878
4690001 4.3978
4700001 4.43048
4710001 4.41042
4720001 4.40328
4730001 4.41384
4740001 4.43961
4750001 4.46449
4760001 4.49057
4770001 4.49073
4780001 4.4388
4790001 4.45322
4800001 4.47915
4810001 4.46547
4820001 4.48472
4830001 4.53655
4840001 4.53298
4850001 4.54825
4860001 4.57068
4870001 4.54904
4880001 4.50081
4890001 4.48953
4900001 4.47259
4910001 4.49157
4920001 4.53678
4930001 4.46459
4940001 4.45659
4950001 4.44792
4960001 4.46066
4970001 4.46542
4980001 4.47115
4990001 4.50296
5000001 4.50862
5010001 4.49902
5020001 4.48967
5030001 4.48361
5040001 4.54399
5050001 4.52479
5060001 4.48888
5070001 4.48812
5080001 4.48919
5090001 4.54294
5100001 4.55758
5110001 4.53882
5120001 4.50692
5130001 4.4991
5140001 4.52838
5150001 4.52655
5160001 4.50166
5170001 4.50125
5180001 4.53703
5190001 4.56901
5200001 4.57291
5210001 4.59886
5220001 4.53676
5230001 4.60217
5240001 4.54053
5250001 4.55352
5260001 4.58508
5270001 4.57138
5280001 4.62863
5290001 4.60746
5300001 4.66871
5310001 4.64626
5320001 4.59794
5330001 4.57055
5340001 4.57016
5350001 4.58631
5360001 4.62439
5370001 4.5654
5380001 4.55556
5390001 4.54696
5400001 4.55397
5410001 4.56423
5420001 4.60736
5430001 4.5999
5440001 4.58996
5450001 4.62262
5460001 4.60805
5470001 4.58978
5480001 4.6369
5490001 4.62214
5500001 4.58993
5510001 4.57947
5520001 4.60346
5530001 4.63419
5540001 4.65727
5550001 4.64578
5560001 4.61992
5570001 4.59582
5580001 4.63386
5590001 4.62299
5600001 4.60088
5610001 4.59821
5620001 4.63285
5630001 4.62843
5640001 4.67118
5650001 4.69102
5660001 4.64482
5670001 4.69412
5680001 4.63613
5690001 4.64876
5700001 4.65409
5710001 4.66677
5720001 4.70482
5730001 4.70259
5740001 4.74752
5750001 4.74917
5760001 4.68447
5770001 4.67405
5780001 4.66656
5790001 4.68484
5800001 4.71925
5810001 4.68504
5820001 4.65286
5830001 4.64258
5840001 4.65023
5850001 4.66868
5860001 4.69166
5870001 4.69767
5880001 4.69378
5890001 4.68756
5900001 4.7049
5910001 4.68345
5920001 4.70824
5930001 4.72788
5940001 4.66895
5950001 4.69279
5960001 4.70026
5970001 4.71067
5980001 4.75153
5990001 4.71734
6000001 4.71493
6010001 4.69125
6020001 4.72594
6030001 4.71898
6040001 4.69549
6050001 4.69335
6060001 4.69306
6070001 4.72245
6080001 4.77372
6090001 4.77277
6100001 4.7513
6110001 4.72658
6120001 4.73161
6130001 4.7442
6140001 4.75192
6150001 4.74079
6160001 4.80013
6170001 4.80332
6180001 4.82171
6190001 4.85302
6200001 4.78961
6210001 4.77102
6220001 4.75792
6230001 4.75649
6240001 4.77352
6250001 4.79993
6260001 4.74707
6270001 4.74185
6280001 4.74963
6290001 4.75941
6300001 4.75094
6310001 4.79374
6320001 4.78635
6330001 4.78111
6340001 4.78384
6350001 4.8094
6360001 4.76767
6370001 4.82442
6380001 4.80643
6390001 4.79804
6400001 4.78557
6410001 4.77189
6420001 4.82576
6430001 4.79563
6440001 4.82095
6450001 4.79087
6460001 4.78085
6470001 4.8114
6480001 4.79266
6490001 4.78604
6500001 4.79589
6510001 4.81933
6520001 4.84231
6530001 4.86686
6540001 4.86667
6550001 4.8184
6560001 4.83176
6570001 4.8563
6580001 4.84346
6590001 4.86165
6600001 4.90949
6610001 4.89832
6620001 4.91992
6630001 4.9406
6640001 4.92021
6650001 4.86762
6660001 4.86551
6670001 4.84989
6680001 4.86741
6690001 4.90952
6700001 4.84245
6710001 4.83508
6720001 4.82713
6730001 4.839
6740001 4.84332
6750001 4.84864
6760001 4.87803
6770001 4.88341
6780001 4.8708
6790001 4.86582
6800001 4.8602
6810001 4.91599
6820001 4.89814
6830001 4.86481
6840001 4.8643
6850001 4.86525
6860001 4.91518
6870001 4.92908
6880001 4.91108
6890001 4.8815
6900001 4.87428
6910001 4.90177
6920001 4.90006
6930001 4.87676
6940001 4.87637
6950001 4.90925
6960001 4.93887
6970001 4.9428
6980001 4.96704
6990001 4.90879
7000001 4.96992
7010001 4.91241
7020001 4.92468
7030001 4.95424
7040001 4.94131
7050001 4.99402
7060001 4.97411
7070001 5.03127
7080001 5.0103
7090001 4.96544
7100001 4.94011
7110001 4.93977
7120001 4.95469
7130001 4.99005
7140001 4.93526
7150001 4.92616
7160001 4.91823
7170001 4.92463
7180001 4.93421
7190001 4.97448
7200001 4.96727
7210001 4.95802
7220001 4.98861
7230001 4.97509
7240001 4.95788
7250001 5.00152
7260001 4.98744
7270001 4.95771
7280001 4.94819
7290001 4.97033
7300001 4.99909
7310001 5.02084
7320001 5.00955
7330001 4.98549
7340001 4.96314
7350001 4.99876
7360001 4.98864
7370001 4.96787
7380001 4.96536
7390001 4.9973
7400001 4.9932
7410001 5.03315
7420001 5.05167
7430001 5.0082
7440001 5.05648
7450001 5.00016
7460001 5.01214
7470001 5.01705
7480001 5.02891
7490001 5.06405
7500001 5.0617
7510001 5.10368
7520001 5.10515
7530001 5.04496
7540001 5.03521
7550001 5.02824
7560001 5.04495
7570001 5.07735
7580001 5.0455
7590001 5.01539
7600001 5.00586
7610001 5.01287
7620001 5.03017
7630001 5.05166
7640001 5.05703
7650001 5.05336
7660001 5.04757
7670001 5.06379
7680001 5.0437
7690001 5.06653
7700001 5.08494
7710001 5.03007
7720001 5.05251
7730001 5.05897
7740001 5.06887
7750001 5.10728
7760001 5.07479
7770001 5.07258
7780001 5.04911
7790001 5.08308
7800001 5.07658
7810001 5.05449
7820001 5.05246
7830001 5.05217
7840001 5.07933
7850001 5.1217
7860001 5.12646
7870001 5.10604
7880001 5.0829
7890001 5.08764
7900001 5.09954
7910001 5.10672
7920001 5.09638
7930001 5.15153
7940001 5.15426
7950001 5.17153
7960001 5.20077
7970001 5.14127
7980001 5.1241
7990001 5.11185
8000001 5.11051
8010001 5.12634
8020001 5.15121
8030001 5.1016
8040001 5.09669
8050001 5.10386
8060001 5.11314
8070001 5.10512
8080001 5.14504
8090001 5.13809
8100001 5.13319
8110001 5.13572
8120001 5.15972
8130001 5.12056
8140001 5.17337
8150001 5.12689
8160001 5.14888
8170001 5.13694
8180001 5.12423
8190001 5.17464
8200001 5.14641
8210001 5.16989
8220001 5.14175
8230001 5.1324
8240001 5.16111
8250001 5.14343
8260001 5.13718
8270001 5.14639
8280001 5.16801
8290001 5.18948
8300001 5.21267
8310001 5.21224
8320001 5.16691
8330001 5.17936
8340001 5.20279
8350001 5.19046
8360001 5.20769
8370001 5.25243
8380001 5.24141
8390001 5.26181
8400001 5.28105
8410001 5.26183
8420001 5.21254
8430001 5.21061
8440001 5.19596
8450001 5.21228
8460001 5.25183
8470001 5.18852
8480001 5.18195
8490001 5.17451
8500001 5.18565
8510001 5.18958
8520001 5.19453
8530001 5.22196
8540001 5.22701
8550001 5.21638
8560001 5.21044
8570001 5.20516
8580001 5.25725
8590001 5.24045
8600001 5.2092
8610001 5.2088
8620001 5.2096
8630001 5.25647
8640001 5.26962
8650001 5.25233
8660001 5.22458
8670001 5.21781
8680001 5.24372
8690001 5.24206
8700001 5.22006
8710001 5.21961
8720001 5.25015
8730001 5.27796
8740001 5.28181
8750001 5.30454
8760001 5.24955
8770001 5.30717
8780001 5.25293
8790001 5.26456
8800001 5.29241
8810001 5.28014
8820001 5.3293
8830001 5.31042
8840001 5.36425
8850001 5.34442
8860001 5.30223
8870001 5.27851
8880001 5.27815
8890001 5.29208
8900001 5.32531
8910001 5.27377
8920001 5.26516
8930001 5.25776
8940001 5.26367
8950001 5.27267
8960001 5.31055
8970001 5.30356
8980001 5.29484
8990001 5.32368
9000001 5.31096
9010001 5.29462
9020001 5.33545
9030001 5.32215
9040001 5.29164
9050001 5.28534
9060001 5.30599
9070001 5.3331
9080001 5.35367
9090001 5.34244
9100001 5.32
9110001 5.29902
9120001 5.33258
9130001 5.32305
9140001 5.30338
9150001 5.30175
9160001 5.33076
9170001 5.32687
9180001 5.36453
9190001 5.38199
9200001 5.34075
9210001 5.3863
9220001 5.33316
9230001 5.34454
9240001 5.3491
9250001 5.36015
9260001 5.39311
9270001 5.39068
9280001 5.43024
9290001 5.43154
9300001 5.37492
9310001 5.36548
9320001 5.35908
9330001 5.37474
9340001 5.40525
9350001 5.37538
9360001 5.34682
9370001 5.33786
9380001 5.34435
9390001 5.35758
9400001 5.38091
9410001 5.38578
9420001 5.3813
9430001 5.37679
9440001 5.39215
9450001 5.37307
9460001 5.39435
9470001 5.41169
9480001 5.36008
9490001 5.38135
9500001 5.38705
9510001 5.39646
9520001 5.4327
9530001 5.4018
9540001 5.39969
9550001 5.37844
9560001 5.40966
9570001 5.40353
9580001 5.38256
9590001 5.38059
9600001 5.38029
9610001 5.40568
9620001 5.4457
9630001 5.45017
9640001 5.43065
9650001 5.40877
9660001 5.41324
9670001 5.42454
9680001 5.43125
9690001 5.42151
9700001 5.47397
9710001 5.47571
9720001 5.49204
9730001 5.5196
9740001 5.46344
9750001 5.44715
9760001 5.43555
9770001 5.43425
9780001 5.44911
9790001 5.4727
9800001 5.42571
9810001 5.42104
9820001 5.42769
9830001 5.43651
9840001 5.42887
9850001 5.46644
9860001 5.45982
9870001 5.45517
9880001 5.45751
9890001 5.48023
9900001 5.44314
9910001 5.49279
9920001 5.449
9930001 5.46978
9940001 5.45993
9950001 5.44637
9960001 5.49389
9970001 5.46718
9980001 5.48903
9990001 5.4625
10000001 5.45374
10010001 5.48089
10020001 5.46408
10030001 5.45805
10040001 5.4668
10050001 5.48699
10060001 5.50722
10070001 5.52925
10080001 5.52864
10090001 5.4857
10100001 5.49742
10110001 5.51984
10120001 5.50795
10130001 5.52435
10140001 5.56661
10150001 5.55538
10160001 5.57512
10170001 5.59321
10180001 5.56021
10190001 5.52828
10200001 5.52644
10210001 5.51196
10220001 5.52788
10230001 5.56533
10240001 5.50541
10250001 5.49844
10260001 5.49212
10270001 5.50263
10280001 5.50624
10290001 5.51085
10300001 5.53669
10310001 5.54146
10320001 5.53131
10330001 5.5257
10340001 5.52063
10350001 5.56974
10360001 5.5538
10370001 5.52425
10380001 5.5239
10390001 5.52459
10400001 5.56876
10410001 5.58141
10420001 5.56475
10430001 5.53848
10440001 5.53205
10450001 5.55643
10460001 5.55501
10470001 5.53407
10480001 5.53358
10490001 5.56228
10500001 5.58855
10510001 5.5923
10520001 5.61381
10530001 5.56147
10540001 5.61619
10550001 5.56462
10560001 5.57576
10570001 5.60214
10580001 5.59039
10590001 5.6367
10600001 5.61867
10610001 5.66975
10620001 5.65084
10630001 5.61079
10640001 5.58836
10650001 5.58795
10660001 5.60108
10670001 5.63255
10680001 5.58367
10690001 5.5755
10700001 5.56847
10710001 5.57397
10720001 5.58246
10730001 5.61836
10740001 5.61158
10750001 5.60328
10760001 5.63065
10770001 5.61858
10780001 5.60295
10790001 5.64147
10800001 5.62881
10810001 5.59989
10820001 5.59397
10830001 5.61341
10840001 5.63906
10850001 5.6587
10860001 5.64773
10870001 5.62319
10880001 5.60655
10890001 5.63837
10900001 5.62932
10910001 5.61056
10920001 5.60897
10930001 5.63616
10940001 5.63257
10950001 5.66833
10960001 5.68489
10970001 5.64552
10980001 5.68891
10990001 5.63826
11000001 5.64912
11010001 5.65338
11020001 5.66386
11030001 5.69498
11040001 5.69249
11050001 5.73003
11060001 5.73118
11070001 5.67746
11080001 5.66843
11090001 5.66232
11100001 5.67712
11110001 5.70604
11120001 5.67778
11130001 5.65052
11140001 5.642
11150001 5.64806
11160001 5.6606
11170001 5.68276
11180001 5.68722
11190001 5.68292
11200001 5.67859
11210001 5.69323
11220001 5.67433
11230001 5.71673
11240001 5.71143
11250001 5.66247
11260001 5.68277
11270001 5.6879
11280001 5.69687
11290001 5.73136
11300001 5.70174
11310001 5.6996
11320001 5.67952
11330001 5.70917
11340001 5.70333
11350001 5.68331
11360001 5.68139
11370001 5.68105
11380001 5.70501
11390001 5.74309
11400001 5.74731
11410001 5.72855
11420001 5.7077
11430001 5.71191
11440001 5.7227
11450001 5.72902
11460001 5.71974
11470001 5.76949
11480001 5.77097
11490001 5.78644
11500001 5.81267
11510001 5.75924
11520001 5.74352
11530001 5.73244
11540001 5.73133
11550001 5.74538
11560001 5.76788
11570001 5.72308
11580001 5.71858
11590001 5.72483
11600001 5.73324
11610001 5.7259
11620001 5.76153
11630001 5.75518
11640001 5.75056
11650001 5.75287
11660001 5.7745
11670001 5.73916
11680001 5.78619
11690001 5.74461
11700001 5.76439
11710001 5.75482
11720001 5.742
11730001 5.78712
11740001 5.76164
11750001 5.78229
11760001 5.75704
11770001 5.74864
11780001 5.77454
11790001 5.75844
11800001 5.75265
11810001 5.76094
11820001 5.77998
11830001 5.79918
11840001 5.82024
11850001 5.81945
11860001 5.77852
11870001 5.78962
11880001 5.81117
11890001 5.79965
11900001 5.81534
11910001 5.85555
11920001 5.84453
11930001 5.86087
11940001 5.88051
11950001 5.84895
11960001 5.8185
11970001 5.81674
11980001 5.80294
11990001 5.81803
12000001 5.85367
12010001 5.79657
12020001 5.78988
12030001 5.78385
12040001 5.79383
12050001 5.79714
12060001 5.80153
12070001 5.82559
12080001 5.83023
12090001 5.8208
12100001 5.81544
12110001 5.81058
12120001 5.85718
12130001 5.84195
12140001 5.81382
12150001 5.81349
12160001 5.8141
12170001 5.85614
12180001 5.86821
12190001 5.85211
12200001 5.82707
12210001 5.82089
12220001 5.84416
12230001 5.84276
12240001 5.8227
12250001 5.82219
12260001 5.84938
12270001 5.87437
12280001 5.878
12290001 5.8985
12300001 5.84839
12310001 5.90042
12320001 5.87258
12330001 5.86199
12340001 5.88718
12350001 5.87586
12360001 5.91984
12370001 5.90252
12380001 5.95129
12390001 5.93316
12400001 5.89489
12410001 5.8748
12420001 5.87305
12430001 5.88552
12440001 5.91543
12450001 5.86884
12460001 5.86102
12470001 5.85428
12480001 5.86846
12490001 5.86752
12500001 5.90175
12510001 5.89515
12520001 5.88721
12530001 5.91314
12540001 5.90177
12550001 5.88675
12560001 5.92335
12570001 5.91117
12580001 5.88365
12590001 5.87802
12600001 5.89646
12610001 5.92094
12620001 5.9397
12630001 5.929
12640001 5.90547
12650001 5.88967
12660001 5.92001
12670001 5.91137
12680001 5.89334
12690001 5.89167
12700001 5.9176
12710001 5.91414
12720001 5.94832
12730001 5.96411
12740001 5.92633
12750001 5.96686
12760001 5.91933
12770001 5.92973
12780001 5.93587
12790001 5.94374
12800001 5.97334
12810001 5.97081
12820001 6.00665
12830001 6.0077
12840001 5.95637
12850001 5.94767
12860001 5.94178
12870001 5.95588
12880001 5.98346
12890001 5.95651
12900001 5.93036
12910001 5.9222
12920001 5.92792
12930001 5.93987
12940001 5.96103
12950001 5.96516
12960001 5.96098
12970001 5.95683
12980001 5.97083
12990001 5.95267
13000001 5.99294
13010001 5.9879
13020001 5.94115
13030001 5.96067
13040001 5.96533
13050001 5.97391
13060001 6.0069
13070001 5.97838
13080001 5.9763
13090001 5.95712
13100001 5.98542
13110001 5.97985
13120001 5.96061
13130001 5.95873
13140001 5.95837
13150001 5.98113
13160001 6.01758
13170001 6.0216
13180001 6.00349
13190001 5.98351
13200001 5.98747
13210001 5.99783
13220001 6.00382
13230001 5.99493
13240001 6.0424
13250001 6.04368
13260001 6.05849
13270001 6.08353
13280001 6.03239
13290001 6.01725
13300001 6.00662
13310001 6.00553
13320001 6.01891
13330001 6.04046
13340001 5.99752
13350001 5.99317
13360001 5.99907
13370001 6.00711
13380001 6.00004
13390001 6.03404
13400001 6.02791
13410001 6.02345
13420001 6.02562
13430001 6.04633
13440001 6.01241
13450001 6.05726
13460001 6.01754
13470001 6.03648
13480001 6.02717
13490001 6.01493
13500001 6.05803
13510001 6.0336
13520001 6.05324
13530001 6.02906
13540001 6.02101
13550001 6.04579
13560001 6.03029
13570001 6.02471
13580001 6.03261
13590001 6.04792
13600001 6.06904
13610001 6.08926
13620001 6.08836
13630001 6.0491
13640001 6.05914
13650001 6.08045
13660001 6.06927
13670001 6.08434
13680001 6.12283
13690001 6.112
13700001 6.12768
13710001 6.14642
13720001 6.09955
13730001 6.08687
13740001 6.08514
13750001 6.07192
13760001 6.08632
13770001 6.12042
13780001 6.0657
13790001 6.05926
13800001 6.05346
13810001 6.06299
13820001 6.06607
13830001 6.07024
13840001 6.0932
13850001 6.0976
13860001 6.0885
13870001 6.08337
13880001 6.07867
13890001 6.12315
13900001 6.10853
13910001 6.08159
13920001 6.08128
13930001 6.08182
13940001 6.12204
13950001 6.13362
13960001 6.11802
13970001 6.094
13980001 6.08793
13990001 6.11036
14000001 6.10897
14010001 6.08966
14020001 6.08914
14030001 6.11506
14040001 6.13899
14050001 6.1425
14060001 6.16214
14070001 6.11393
14080001 6.16351
14090001 6.13714
14100001 6.12691
14110001 6.15109
14120001 6.14014
14130001 6.18216
14140001 6.16546
14150001 6.21226
14160001 6.19479
14170001 6.15801
14180001 6.13874
14190001 6.13703
14200001 6.14893
14210001 6.17743
14220001 6.13286
14230001 6.12534
14240001 6.11885
14250001 6.13232
14260001 6.13144
14270001 6.16424
14280001 6.15781
14290001 6.15016
14300001 6.17504
14310001 6.16408
14320001 6.1496
14330001 6.18455
14340001 6.17284
14350001 6.14644
14360001 6.14107
14370001 6.15866
14380001 6.18213
14390001 6.20022
14400001 6.18966
14410001 6.1671
14420001 6.15194
14430001 6.181
14440001 6.17271
14450001 6.15533
14460001 6.15369
14470001 6.17844
14480001 6.17509
14490001 6.20792
14500001 6.22306
14510001 6.18665
14520001 6.22221
14530001 6.17986
14540001 6.18985
14550001 6.1957
14560001 6.20323
14570001 6.23155
14580001 6.229
14590001 6.26468
14600001 6.26436
14610001 6.21505
14620001 6.20663
14630001 6.20094
14640001 6.21402
14650001 6.24087
14660001 6.21475
14670001 6.18983
14680001 6.18197
14690001 6.18739
14700001 6.19885
14710001 6.21914
14720001 6.22301
14730001 6.21314
14740001 6.21491
14750001 6.22834
14760001 6.21085
14770001 6.24938
14780001 6.24449
14790001 6.19965
14800001 6.21844
14810001 6.22274
14820001 6.23097
14830001 6.26269
14840001 6.23514
14850001 6.23309
14860001 6.21467
14870001 6.2418
14880001 6.23646
14890001 6.2179
14900001 6.21606
14910001 6.21566
14920001 6.23743
14930001 6.27224
14940001 6.27632
14950001 6.25878
14960001 6.23952
14970001 6.2433
14980001 6.25323
14990001 6.25897
15000001 6.24992
15010001 6.29595
15020001 6.29592
15030001 6.3113
15040001 6.33533
15050001 6.28614
15060001 6.27124
15070001 6.26123
15080001 6.26015
15090001 6.27298
15100001 6.29371
15110001 6.25236
15120001 6.24814
15130001 6.25374
15140001 6.26146
15150001 6.25461
15160001 6.28723
15170001 6.28129
15180001 6.27696
15190001 6.279
15200001 6.29889
15210001 6.26625
15220001 6.30922
15230001 6.27108
15240001 6.2893
15250001 6.28022
15260001 6.26849
15270001 6.30984
15280001 6.2861
15290001 6.3051
15300001 6.28184
15310001 6.27408
15320001 6.2979
15330001 6.28292
15340001 6.27751
15350001 6.28507
15360001 6.29968
15370001 6.31987
15380001 6.33945
15390001 6.33847
15400001 6.30065
15410001 6.31016
15420001 6.33086
15430001 6.31997
15440001 6.33451
15450001 6.37151
15460001 6.36088
15470001 6.376
15480001 6.39395
15490001 6.34882
15500001 6.33653
15510001 6.33482
15520001 6.32209
15530001 6.3359
15540001 6.36868
15550001 6.316
15560001 6.30977
15570001 6.30416
15580001 6.3133
15590001 6.3162
15600001 6.32018
15610001 6.34218
15620001 6.34759
15630001 6.33756
15640001 6.33262
15650001 6.32806
15660001 6.37072
15670001 6.35663
15680001 6.33073
15690001 6.33043
15700001 6.3309
15710001 6.36956
15720001 6.38071
15730001 6.36553
15740001 6.34241
15750001 6.33656
15760001 6.35808
15770001 6.35676
15780001 6.3381
15790001 6.33746
15800001 6.36238
15810001 6.3854
15820001 6.38882
15830001 6.40771
15840001 6.36115
15850001 6.40895
15860001 6.38352
15870001 6.37358
15880001 6.39689
15890001 6.38627
15900001 6.42663
15910001 6.40991
15920001 6.45554
15930001 6.43863
15940001 6.40315
15950001 6.38457
15960001 6.3829
15970001 6.39432
15980001 6.42172
15990001 6.37878
16000001 6.3715
16010001 6.36523
16020001 6.37815
16030001 6.37726
16040001 6.40881
16050001 6.40255
16060001 6.39442
16070001 6.41911
16080001 6.40852
16090001 6.3945
16100001 6.42804
16110001 6.41672
16120001 6.39131
16130001 6.3857
16140001 6.40301
16150001 6.42561
16160001 6.44269
16170001 6.4327
16180001 6.41096
16190001 6.39633
16200001 6.4243
16210001 6.4163
16220001 6.3995
16230001 6.39787
16240001 6.42162
16250001 6.41836
16260001 6.45003
16270001 6.46461
16280001 6.42938
16290001 6.46372
16300001 6.42277
16310001 6.43241
16320001 6.438
16330001 6.44523
16340001 6.47247
16350001 6.4699
16360001 6.50429
16370001 6.50315
16380001 6.45637
16390001 6.44818
16400001 6.44266
16410001 6.45525
16420001 6.48108
16430001 6.45592
16440001 6.43182
16450001 6.42423
16460001 6.4294
16470001 6.44041
16480001 6.45995
16490001 6.46359
16500001 6.45406
16510001 6.45571
16520001 6.46866
16530001 6.45173
16540001 6.48875
16550001 6.48401
16560001 6.44082
16570001 6.45897
16580001 6.46264
16590001 6.47089
16600001 6.5015
16610001 6.4748
16620001 6.47278
16630001 6.45502
16640001 6.48113
16650001 6.47599
16660001 6.45802
16670001 6.45621
16680001 6.45579
16690001 6.47669
16700001 6.5103
16710001 6.51421
16720001 6.49717
16730001 6.47855
16740001 6.48217
16750001 6.49175
16760001 6.49724
16770001 6.48849
16780001 6.53285
16790001 6.53271
16800001 6.54756
16810001 6.5707
16820001 6.52319
16830001 6.50875
16840001 6.49906
16850001 6.51349
16860001 6.51033
16870001 6.53035
16880001 6.49036
16890001 6.48627
16900001 6.49162
16910001 6.49905
16920001 6.4924
16930001 6.5238
16940001 6.51802
16950001 6.51382
16960001 6.51576
16970001 6.53496
16980001 6.50338
16990001 6.54462
17000001 6.50797
17010001 6.52557
17020001 6.51668
17030001 6.50538
17040001 6.54131
17050001 6.52228
17060001 6.54054
17070001 6.518
17080001 6.51056
17090001 6.53354
17100001 6.51901
17110001 6.51376
17120001 6.52102
17130001 6.53503
17140001 6.55447
17150001 6.57345
17160001 6.57078
17170001 6.53582
17180001 6.54482
17190001 6.56504
17200001 6.55441
17210001 6.56847
17220001 6.60419
17230001 6.59374
17240001 6.61609
17250001 6.62561
17260001 6.58202
17270001 6.57006
17280001 6.56835
17290001 6.55584
17300001 6.56929
17310001 6.60099
17320001 6.5501
17330001 6.54404
17340001 6.5386
17350001 6.5474
17360001 6.55014
17370001 6.55395
17380001 6.57514
17390001 6.58032
17400001 6.57059
17410001 6.56581
17420001 6.56137
17430001 6.60246
17440001 6.58881
17450001 6.56375
17460001 6.56353
17470001 6.56394
17480001 6.60124
17490001 6.61201
17500001 6.59712
17510001 6.57488
17520001 6.5692
17530001 6.58998
17540001 6.58866
17550001 6.57057
17560001 6.56993
17570001 6.59391
17580001 6.61614
17590001 6.61946
17600001 6.6377
17610001 6.59259
17620001 6.63883
17630001 6.6142
17640001 6.60453
17650001 6.62716
17660001 6.61674
17670001 6.65565
17680001 6.63942
17690001 6.6835
17700001 6.66707
17710001 6.63277
17720001 6.61481
17730001 6.61308
17740001 6.62416
17750001 6.65062
17760001 6.60908
17770001 6.60198
17780001 6.59593
17790001 6.60839
17800001 6.60748
17810001 6.63795
17820001 6.63182
17830001 6.62394
17840001 6.64777
17850001 6.63745
17860001 6.62386
17870001 6.6562
17880001 6.64525
17890001 6.62071
17900001 6.61529
17910001 6.63195
17920001 6.65375
17930001 6.67031
17940001 6.66051
17950001 6.63947
17960001 6.62532
17970001 6.65232
17980001 6.64456
17990001 6.62828
18000001 6.62663
18010001 6.64955
18020001 6.64626
18030001 6.67471
18040001 6.69111
18050001 6.65504
18060001 6.69019
18070001 6.65046
18080001 6.65979
18090001 6.66516
18100001 6.67213
18110001 6.69818
18120001 6.69696
18130001 6.72911
18140001 6.72796
18150001 6.67553
18160001 6.67455
18170001 6.66927
18180001 6.68148
18190001 6.70643
18200001 6.6821
18210001 6.65873
18220001 6.65133
18230001 6.65631
18240001 6.66694
18250001 6.69303
18260001 6.68928
18270001 6.68002
18280001 6.68157
18290001 6.6941
18300001 6.67756
18310001 6.71338
18320001 6.70875
18330001 6.66701
18340001 6.6846
18350001 6.68802
18360001 6.69599
18370001 6.72561
18380001 6.69968
18390001 6.69768
18400001 6.68052
18410001 6.70571
18420001 6.70074
18430001 6.68329
18440001 6.68151
18450001 6.68107
18460001 6.70122
18470001 6.73378
18480001 6.73755
18490001 6.72095
18500001 6.70289
18510001 6.70637
18520001 6.71563
18530001 6.72091
18540001 6.71242
18550001 6.7553
18560001 6.75508
18570001 6.76947
18580001 6.79184
18590001 6.74581
18600001 6.73175
18610001 6.72226
18620001 6.73629
18630001 6.73318
18640001 6.75258
18650001 6.71381
18660001 6.7098
18670001 6.71496
18680001 6.72209
18690001 6.71565
18700001 6.746
18710001 6.74036
18720001 6.73627
18730001 6.73811
18740001 6.7567
18750001 6.72607
18760001 6.76589
18770001 6.73043
18780001 6.74747
18790001 6.73879
18800001 6.72786
18810001 6.76258
18820001 6.74412
18830001 6.76174
18840001 6.73989
18850001 6.73268
18860001 6.75491
18870001 6.74046
18880001 6.73567
18890001 6.74268
18900001 6.75617
18910001 6.77498
18920001 6.7934
18930001 6.79071
18940001 6.7568
18950001 6.76548
18960001 6.78513
18970001 6.77474
18980001 6.78838
18990001 6.82952
19000001 6.8127
19010001 6.83438
19020001 6.84353
19030001 6.80126
19040001 6.7896
19050001 6.78792
19060001 6.77578
19070001 6.78878
19080001 6.80659
19090001 6.77014
19100001 6.76424
19110001 6.75895
19120001 6.76745
19130001 6.77004
19140001 6.77369
19150001 6.79418
19160001 6.79915
19170001 6.78968
19180001 6.78506
19190001 6.78072
19200001 6.82042
19210001 6.80717
19220001 6.78291
19230001 6.78269
19240001 6.78305
19250001 6.81894
19260001 6.82959
19270001 6.81504
19280001 6.79349
19290001 6.78797
19300001 6.80809
19310001 6.80679
19320001 6.7892
19330001 6.78855
19340001 6.81171
19350001 6.83325
19360001 6.83648
19370001 6.85428
19380001 6.81032
19390001 6.85516
19400001 6.83125
19410001 6.82183
19420001 6.84377
19430001 6.8336
19440001 6.87125
19450001 6.85546
19460001 6.89819
19470001 6.88223
19480001 6.8489
19490001 6.83147
19500001 6.82977
19510001 6.84049
19520001 6.8661
19530001 6.8258
19540001 6.81891
19550001 6.81301
19560001 6.82506
19570001 6.82414
19580001 6.85366
19590001 6.84765
19600001 6.83999
19610001 6.86308
19620001 6.85305
19630001 6.83982
19640001 6.87106
19650001 6.86043
19660001 6.83666
19670001 6.83139
19680001 6.84595
19690001 6.8686
19700001 6.88467
19710001 6.87507
19720001 6.85464
19730001 6.84091
19740001 6.86698
19750001 6.85952
19760001 6.84367
19770001 6.84206
19780001 6.8642
19790001 6.86099
19800001 6.88858
19810001 6.90451
19820001 6.86944
19830001 6.90355
19840001 6.86487
19850001 6.87396
19860001 6.87915
19870001 6.88588
19880001 6.91111
19890001 6.90984
19900001 6.94102
19910001 6.93987
19920001 6.88898
19930001 6.88793
19940001 6.88247
19950001 6.89465
19960001 6.91882
19970001 6.89521
19980001 6.8725
19990001 6.8653
20000001 6.87007
20010001 6.87316
20020001 6.90566
20030001 6.90198
20040001 6.89294
20050001 6.89363
20060001 6.9063
20070001 6.89047
20080001 6.92512
20090001 6.9206
20100001 6.88013
20110001 6.89723
20120001 6.90038
20130001 6.90815
20140001 6.93691
20150001 6.91168
20160001 6.90968
20170001 6.89303
20180001 6.91743
20190001 6.91261
20200001 6.89562
20210001 6.89386
20220001 6.89326
20230001 6.9129
20240001 6.94453
20250001 6.94818
20260001 6.93195
20270001 6.91441
20280001 6.91775
20290001 6.92673
20300001 6.93183
20310001 6.92357
20320001 6.96516
20330001 6.96486
20340001 6.9786
20350001 7.00051
20360001 6.95577
20370001 6.94028
20380001 6.93285
20390001 6.94645
20400001 6.9434
20410001 6.96223
20420001 6.92454
20430001 6.92063
20440001 6.92559
20450001 6.9325
20460001 6.92616
20470001 6.95564
20480001 6.95012
20490001 6.94597
20500001 6.94787
20510001 6.96593
20520001 6.93614
20530001 6.9747
20540001 6.94029
20550001 6.95682
20560001 6.94834
20570001 6.94322
20580001 6.97139
20590001 6.95345
20600001 6.97049
20610001 6.94934
20620001 6.94225
20630001 6.96382
20640001 6.94974
20650001 6.94505
20660001 6.95183
20670001 6.96488
20680001 6.98314
20690001 7.00105
20700001 6.99835
20710001 6.96537
20720001 6.97376
20730001 6.9929
20740001 6.98274
20750001 6.99599
20760001 7.03594
20770001 7.01946
20780001 7.04055
20790001 7.04938
20800001 7.00829
20810001 6.99691
20820001 6.98481
20830001 6.98343
20840001 6.99603
20850001 7.01331
20860001 6.97788
20870001 6.97212
20880001 6.97632
20890001 6.97519
20900001 6.97767
20910001 6.98119
20920001 7.00103
20930001 7.00583
20940001 6.99659
20950001 6.9921
20960001 6.98785
20970001 7.02633
20980001 7.01343
20990001 6.98989
21000001 6.9895
21010001 6.98996
21020001 7.02481
21030001 7.03515
21040001 7.02094
21050001 6.99998
21060001 6.99327
21070001 7.01414
21080001 7.01283
21090001 6.99561
21100001 6.99505
21110001 7.01748
21120001 7.03841
21130001 7.04155
21140001 7.05879
21150001 7.01603
21160001 7.05963
21170001 7.03635
21180001 7.02715
21190001 7.04848
21200001 7.03855
21210001 7.07507
21220001 7.05967
21230001 7.1012
21240001 7.08499
21250001 7.0532
21260001 7.03625
21270001 7.03456
21280001 7.04497
21290001 7.06982
21300001 7.03063
21310001 7.02392
21320001 7.01816
21330001 7.02983
21340001 7.02891
21350001 7.05757
21360001 7.05166
21370001 7.04422
21380001 7.0666
21390001 7.05687
21400001 7.04397
21410001 7.07425
21420001 7.06389
21430001 7.0408
21440001 7.03973
21450001 7.04978
21460001 7.07177
21470001 7.08739
21480001 7.07796
21490001 7.0581
21500001 7.04474
21510001 7.07004
21520001 7.06279
21530001 7.04733
21540001 7.04573
21550001 7.06719
21560001 7.06406
21570001 7.09091
21580001 7.10638
21590001 7.07219
21600001 7.10539
21610001 7.06769
21620001 7.07654
21630001 7.08155
21640001 7.08807
21650001 7.11862
21660001 7.11127
21670001 7.14159
21680001 7.14042
21690001 7.09092
21700001 7.08931
21710001 7.08451
21720001 7.09632
21730001 7.11981
21740001 7.09683
21750001 7.07472
21760001 7.0677
21770001 7.07231
21780001 7.07528
21790001 7.10686
21800001 7.10324
21810001 7.09442
21820001 7.09506
21830001 7.10736
21840001 7.09194
21850001 7.12555
21860001 7.12112
21870001 7.0818
21880001 7.09844
21890001 7.10142
21900001 7.10896
21910001 7.13694
21920001 7.11232
21930001 7.11034
21940001 7.09414
21950001 7.11783
21960001 7.11315
21970001 7.09658
21980001 7.09484
21990001 7.09423
22000001 7.11327
22010001 7.14405
22020001 7.14762
22030001 7.13174
22040001 7.11464
22050001 7.11786
22060001 7.1266
22070001 7.13153
22080001 7.12341
22090001 7.16389
22100001 7.16355
22110001 7.17692
22120001 7.1982
22130001 7.15464
22140001 7.13952
22150001 7.13226
22160001 7.14548
22170001 7.14249
22180001 7.16081
22190001 7.12409
22200001 7.12026
22210001 7.12503
22220001 7.13175
22230001 7.12555
22240001 7.1542
22250001 7.1488
22260001 7.14473
22270001 7.14649
22280001 7.16412
22290001 7.13526
22300001 7.17253
22310001 7.13906
22320001 7.15499
22330001 7.14684
22340001 7.14185
22350001 7.16923
22360001 7.15173
22370001 7.16828
22380001 7.14767
22390001 7.14073
22400001 7.16174
22410001 7.14795
22420001 7.14341
22430001 7.14998
22440001 7.16262
22450001 7.18039
22460001 7.19783
22470001 7.19514
22480001 7.16301
22490001 7.17113
22500001 7.1898
22510001 7.17984
22520001 7.19275
22530001 7.23164
22540001 7.21549
22550001 7.23604
22560001 7.24459
22570001 7.20455
22580001 7.19339
22590001 7.18161
22600001 7.18025
22610001 7.1925
22620001 7.20931
22630001 7.17478
22640001 7.16914
22650001 7.1732
22660001 7.17209
22670001 7.17446
22680001 7.17785
22690001 7.19714
22700001 7.20111
22710001 7.19275
22720001 7.18837
22730001 7.18421
22740001 7.22158
22750001 7.20901
22760001 7.1861
22770001 7.18571
22780001 7.18613
22790001 7.22004
22800001 7.2301
22810001 7.2162
22820001 7.19571
22830001 7.18921
22840001 7.20952
22850001 7.20822
22860001 7.19141
22870001 7.19084
22880001 7.21262
22890001 7.233
22900001 7.23608
22910001 7.25284
22920001 7.21112
22930001 7.25351
22940001 7.2309
22950001 7.22191
22960001 7.24268
22970001 7.23295
22980001 7.26847
22990001 7.25342
23000001 7.29389
23010001 7.2781
23020001 7.24704
23030001 7.23051
23040001 7.22884
23050001 7.23896
23060001 7.26316
23070001 7.22494
23080001 7.21839
23090001 7.21276
23100001 7.22409
23110001 7.22316
23120001 7.25106
23130001 7.24539
23140001 7.238
23150001 7.25978
23160001 7.25029
23170001 7.23768
23180001 7.28004
23190001 7.25698
23200001 7.23451
23210001 7.23346
23220001 7.24319
23230001 7.2646
23240001 7.27983
23250001 7.27042
23260001 7.25119
23270001 7.23814
23280001 7.26277
23290001 7.25571
23300001 7.2406
23310001 7.23903
23320001 7.25988
23330001 7.2568
23340001 7.28299
23350001 7.29806
23360001 7.26467
23370001 7.29703
23380001 7.26022
23390001 7.26884
23400001 7.2737
23410001 7.28001
23420001 7.30978
23430001 7.30255
23440001 7.33208
23450001 7.33092
23460001 7.28264
23470001 7.28104
23480001 7.27635
23490001 7.28784
23500001 7.3107
23510001 7.28831
23520001 7.26672
23530001 7.25986
23540001 7.26373
23550001 7.26717
23560001 7.29794
23570001 7.29437
23580001 7.28576
23590001 7.28634
23600001 7.29833
23610001 7.28327
23620001 7.31594
23630001 7.3116
23640001 7.27331
23650001 7.28954
23660001 7.29236
23670001 7.29969
23680001 7.32697
23690001 7.30291
23700001 7.30095
23710001 7.28515
23720001 7.30821
23730001 7.30364
23740001 7.28746
23750001 7.28574
23760001 7.28511
23770001 7.30362
23780001 7.33365
23790001 7.33713
23800001 7.32157
23810001 7.30479
23820001 7.30797
23830001 7.31649
23840001 7.32125
23850001 7.31329
23860001 7.35278
23870001 7.35238
23880001 7.36514
23890001 7.38615
23900001 7.34365
23910001 7.32886
23920001 7.32175
23930001 7.33462
23940001 7.33169
23950001 7.34952
23960001 7.31371
23970001 7.30992
23980001 7.31456
23990001 7.3211
24000001 7.31503
24010001 7.34294
24020001 7.33763
24030001 7.33364
24040001 7.33521
24050001 7.35252
24060001 7.32434
24070001 7.3606
24080001 7.32799
24090001 7.34353
24100001 7.33552
24110001 7.33064
24120001 7.3573
24130001 7.34023
24140001 7.35632
24150001 7.33622
24160001 7.32943
24170001 7.3499
24180001 7.33649
24190001 7.33196
24200001 7.33835
24210001 7.35062
24220001 7.36795
24230001 7.38498
24240001 7.38222
24250001 7.35091
24260001 7.35881
24270001 7.37704
24280001 7.36724
24290001 7.37987
24300001 7.4178
24310001 7.40194
24320001 7.4051
24330001 7.43029
24340001 7.39122
24350001 7.38029
24360001 7.36877
24370001 7.36742
24380001 7.37936
24390001 7.39576
24400001 7.36203
24410001 7.3565
24420001 7.36043
24430001 7.35934
24440001 7.3616
24450001 7.36491
24460001 7.38358
24470001 7.38752
24480001 7.37935
24490001 7.37507
24500001 7.37097
24510001 7.40736
24520001 7.39508
24530001 7.37275
24540001 7.37236
24550001 7.37275
24560001 7.40579
24570001 7.41559
24580001 7.40197
24590001 7.38197
24600001 7.37562
24610001 7.39542
24620001 7.39413
24630001 7.37769
24640001 7.37711
24650001 7.39831
24660001 7.41819
24670001 7.4212
24680001 7.43754
24690001 7.39676
24700001 7.43814
24710001 7.41604
24720001 7.40723
24730001 7.4275
24740001 7.41797
24750001 7.45258
24760001 7.43786
24770001 7.47735
24780001 7.46158
24790001 7.43153
24800001 7.41539
24810001 7.41375
24820001 7.42362
24830001 7.4472
24840001 7.40988
24850001 7.40348
24860001 7.39796
24870001 7.409
24880001 7.40806
24890001 7.43526
24900001 7.4297
24910001 7.42247
24920001 7.44371
24930001 7.43442
24940001 7.42208
24950001 7.4513
24960001 7.44082
24970001 7.4189
24980001 7.41787
24990001 7.42734
25000001 7.44821
25010001 7.46307
25020001 7.45381
25030001 7.43503
25040001 7.42229
25050001 7.4463
25060001 7.43941
25070001 7.42462
25080001 7.42306
25090001 7.44336
25100001 7.44034
25110001 7.46594
25120001 7.48063
25130001 7.44797
25140001 7.47957
25150001 7.44357
25160001 7.45197
25170001 7.4567
25180001 7.46283
25190001 7.49188
25200001 7.48477
25210001 7.5136
25220001 7.5124
25230001 7.46455
25240001 7.46367
25250001 7.45905
25260001 7.47026
25270001 7.49256
25280001 7.4707
25290001 7.4496
25300001 7.44288
25310001 7.44662
25320001 7.44993
25330001 7.47998
25340001 7.47647
25350001 7.46804
25360001 7.46858
25370001 7.48028
25380001 7.46553
25390001 7.49734
25400001 7.4931
25410001 7.45563
25420001 7.4716
25430001 7.47428
25440001 7.48143
25450001 7.50806
25460001 7.48452
25470001 7.48257
25480001 7.46713
25490001 7.48962
25500001 7.48516
25510001 7.46932
25520001 7.46762
25530001 7.46698
25540001 7.48502
25550001 7.51437
25560001 7.51776
25570001 7.50249
25580001 7.48608
25590001 7.48916
25600001 7.49747
25610001 7.5021
25620001 7.49431
25630001 7.532
25640001 7.53241
25650001 7.54487
25660001 7.56537
25670001 7.52375
25680001 7.50933
25690001 7.50234
25700001 7.51494
25710001 7.51205
25720001 7.52946
25730001 7.49444
25740001 7.49072
25750001 7.49523
25760001 7.50156
25770001 7.49565
25780001 7.52288
25790001 7.51766
25800001 7.51375
25810001 7.51526
25820001 7.53216
25830001 7.50459
25840001 7.53995
25850001 7.50811
25860001 7.52321
25870001 7.51541
25880001 7.51064
25890001 7.53665
25900001 7.51996
25910001 7.53563
25920001 7.51599
25930001 7.50856
25940001 7.52933
25950001 7.51619
25960001 7.51174
25970001 7.51797
25980001 7.52991
25990001 7.54684
26000001 7.5635
26010001 7.56074
26020001 7.53011
26030001 7.5378
26040001 7.55564
26050001 7.54601
26060001 7.55836
26070001 7.59541
26080001 7.57983
26090001 7.58291
26100001 7.60751
26110001 7.5693
26120001 7.55857
26130001 7.5473
26140001 7.54596
26150001 7.55762
26160001 7.57364
26170001 7.54065
26180001 7.53522
26190001 7.53904
26200001 7.53796
26210001 7.54013
26220001 7.54334
26230001 7.56155
26240001 7.56537
26250001 7.55695
26260001 7.55319
26270001 7.54915
26280001 7.58465
26290001 7.57262
26300001 7.55082
26310001 7.55043
26320001 7.55079
26330001 7.58304
26340001 7.59262
26350001 7.57925
26360001 7.55969
26370001 7.55347
26380001 7.57281
26390001 7.57153
26400001 7.55543
26410001 7.55484
26420001 7.57551
26430001 7.59494
26440001 7.59789
26450001 7.61385
26460001 7.57393
26470001 7.61438
26480001 7.59275
26490001 7.58411
26500001 7.60392
26510001 7.59456
26520001 7.62835
26530001 7.61393
26540001 7.65253
26550001 7.63709
26560001 7.60767
26570001 7.59188
26580001 7.59026
26590001 7.59989
26600001 7.62292
26610001 7.58641
26620001 7.58013
26630001 7.57473
26640001 7.5855
26650001 7.58456
26660001 7.61113
26670001 7.60565
26680001 7.59857
26690001 7.61932
26700001 7.62439
26710001 7.59812
26720001 7.62662
26730001 7.61636
26740001 7.59495
26750001 7.59393
26760001 7.60301
26770001 7.62349
26780001 7.63807
26790001 7.62895
26800001 7.61058
26810001 7.59811
26820001 7.62153
26830001 7.61483
26840001 7.60033
26850001 7.59867
26860001 7.61859
26870001 7.61561
26880001 7.64066
26890001 7.65501
26900001 7.62302
26910001 7.65393
26920001 7.61867
26930001 7.62687
26940001 7.63148
26950001 7.63746
26960001 7.66708
26970001 7.65884
26980001 7.68703
26990001 7.68582
27000001 7.63899
27010001 7.63812
27020001 7.63357
27030001 7.64432
27040001 7.66632
27050001 7.64494
27060001 7.62426
27070001 7.61768
27080001 7.62132
27090001 7.62453
27100001 7.65389
27110001 7.65044
27120001 7.64217
27130001 7.64267
27140001 7.6541
27150001 7.6396
27160001 7.6707
27170001 7.66653
27180001 7.62991
27190001 7.64553
27200001 7.64809
27210001 7.65503
27220001 7.68111
27230001 7.65807
27240001 7.65611
27250001 7.64101
27260001 7.66296
27270001 7.6586
27280001 7.64309
27290001 7.6414
27300001 7.64075
27310001 7.65835
27320001 7.68708
27330001 7.6904
27340001 7.67539
27350001 7.65932
27360001 7.66231
27370001 7.67043
27380001 7.67493
27390001 7.6669
27400001 7.70415
27410001 7.7045
27420001 7.7167
27430001 7.73672
27440001 7.69599
27450001 7.68184
27460001 7.67498
27470001 7.68729
27480001 7.68436
27490001 7.70148
27500001 7.66718
27510001 7.66271
27520001 7.66759
27530001 7.67408
27540001 7.68512
27550001 7.69488
27560001 7.68977
27570001 7.68591
27580001 7.68733
27590001 7.7039
27600001 7.6769
27610001 7.71141
27620001 7.68029
27630001 7.69507
27640001 7.68739
27650001 7.68272
27660001 7.73347
27670001 7.6918
27680001 7.70709
27690001 7.68786
27700001 7.68058
27710001 7.70088
27720001 7.68799
27730001 7.68363
27740001 7.68968
27750001 7.70134
27760001 7.71772
27770001 7.73422
27780001 7.73147
27790001 7.70147
27800001 7.70895
27810001 7.72644
27820001 7.71698
27830001 7.72906
27840001 7.76529
27850001 7.74999
27860001 7.75295
27870001 7.77705
27880001 7.73964
27890001 7.7291
27900001 7.71805
27910001 7.71672
27920001 7.72764
27930001 7.74379
27940001 7.71147
27950001 7.70614
27960001 7.70985
27970001 7.70879
27980001 7.71088
27990001 7.71401
28000001 7.7318
28010001 7.7342
28020001 7.72725
28030001 7.72317
28040001 7.71941
28050001 7.75399
28060001 7.74219
28070001 7.72116
28080001 7.72073
28090001 7.72109
28100001 7.75263
28110001 7.7619
28120001 7.74887
28130001 7.72971
28140001 7.72361
28150001 7.74253
28160001 7.73979
28170001 7.72543
28180001 7.72487
28190001 7.74506
28200001 7.76407
28210001 7.76697
28220001 7.78257
28230001 7.74339
28240001 7.78303
28250001 7.76184
28260001 7.75335
28270001 7.77036
28280001 7.76355
28290001 7.79659
28300001 7.78244
28310001 7.82023
28320001 7.8051
28330001 7.77625
28340001 7.76078
28350001 7.75917
28360001 7.76857
28370001 7.79111
28380001 7.75536
28390001 7.74918
28400001 7.74389
28410001 7.75441
28420001 7.75346
28430001 7.77946
28440001 7.77406
28450001 7.76505
28460001 7.78741
28470001 7.79235
28480001 7.76661
28490001 7.79446
28500001 7.7844
28510001 7.76345
28520001 7.76244
28530001 7.77118
28540001 7.79134
28550001 7.80561
28560001 7.79661
28570001 7.77862
28580001 7.76638
28590001 7.78931
28600001 7.78275
28610001 7.76852
28620001 7.76688
28630001 7.7863
28640001 7.78341
28650001 7.80795
28660001 7.82199
28670001 7.79061
28680001 7.82062
28690001 7.78631
28700001 7.79434
28710001 7.79883
28720001 7.80466
28730001 7.83365
28740001 7.82554
28750001 7.85313
28760001 7.85193
28770001 7.80606
28780001 7.80516
28790001 7.8007
28800001 7.81121
28810001 7.83273
28820001 7.81178
28830001 7.79151
28840001 7.78504
28850001 7.78859
28860001 7.79171
28870001 7.82127
28880001 7.81703
28890001 7.80893
28900001 7.80939
28910001 7.82059
28920001 7.80635
28930001 7.83675
28940001 7.83235
28950001 7.79681
28960001 7.8121
28970001 7.81456
28980001 7.8213
28990001 7.84689
29000001 7.82428
29010001 7.82233
29020001 7.80754
29030001 7.82888
29040001 7.82471
29050001 7.80952
29060001 7.80784
29070001 7.80719
29080001 7.82438
29090001 7.85255
29100001 7.85579
29110001 7.84104
29120001 7.82528
29130001 7.82818
29140001 7.83612
29150001 7.84052
29160001 7.83264
29170001 7.8691
29180001 7.8694
29190001 7.88136
29200001 7.90094
29210001 7.86102
29220001 7.84713
29230001 7.84038
29240001 7.85244
29250001 7.84955
29260001 7.86632
29270001 7.83269
29280001 7.82829
29290001 7.83304
29300001 7.83938
29310001 7.85018
29320001 7.85972
29330001 7.85469
29340001 7.85089
29350001 7.85222
29360001 7.86849
29370001 7.84043
29380001 7.87575
29390001 7.84528
29400001 7.85976
29410001 7.8522
29420001 7.84752
29430001 7.8877
29440001 7.85647
29450001 7.86928
29460001 7.85256
29470001 7.84543
29480001 7.8653
29490001 7.85265
29500001 7.84835
29510001 7.85426
29520001 7.86565
29530001 7.88169
29540001 7.89787
29550001 7.89513
29560001 7.86572
29570001 7.87302
29580001 7.89017
29590001 7.88086
29600001 7.8927
29610001 7.92818
29620001 7.91313
29630001 7.91506
29640001 7.93962
29650001 7.90294
29660001 7.89258
29670001 7.88173
29680001 7.88033
29690001 7.89109
29700001 7.90692
29710001 7.87523
29720001 7.86999
29730001 7.87359
29740001 7.87254
29750001 7.87458
29760001 7.87761
29770001 7.89502
29780001 7.89736
29790001 7.89052
29800001 7.88652
29810001 7.88282
29820001 7.91665
29830001 7.90506
29840001 7.88447
29850001 7.88404
29860001 7.88437
29870001 7.91525
29880001 7.92433
29890001 7.91152
29900001 7.89274
29910001 7.88675
29920001 7.90527
29930001 7.90255
29940001 7.88847
29950001 7.8879
29960001 7.90765
29970001 7.92629
29980001 7.92912
29990001 7.94442
