1 2184.17
10001 87.0378
20001 43.7849
30001 27.7721
40001 19.9675
50001 15.5309
60001 12.8009
70001 10.9972
80001 9.72248
90001 8.84758
100001 8.16807
110001 7.60758
120001 7.26079
130001 6.87443
140001 6.60856
150001 6.43024
160001 6.18583
170001 6.01432
180001 5.92671
190001 5.73453
200001 5.66006
210001 5.55005
220001 5.40351
230001 5.37296
240001 5.25682
250001 5.18768
260001 5.11444
270001 5.03885
280001 4.97456
290001 4.94068
300001 4.86982
310001 4.86018
320001 4.76727
330001 4.74112
340001 4.69963
350001 4.62415
360001 4.62383
370001 4.57252
380001 4.51188
390001 4.49303
400001 4.46609
410001 4.37949
420001 4.4147
430001 4.31106
440001 4.30564
450001 4.30549
460001 4.23022
470001 4.23141
480001 4.22683
490001 4.15367
500001 4.1968
510001 4.12944
520001 4.04947
530001 4.13108
540001 4.02741
550001 4.03929
560001 4.04939
570001 3.95495
580001 3.95262
590001 3.99333
600001 3.89346
610001 3.95688
620001 3.91865
630001 3.85436
640001 3.8768
650001 3.88547
660001 3.83334
670001 3.82807
680001 3.8114
690001 3.77558
700001 3.78708
710001 3.73229
720001 3.77229
730001 3.67884
740001 3.71835
750001 3.70572
760001 3.65007
770001 3.6777
780001 3.68417
790001 3.60477
800001 3.68489
810001 3.62584
820001 3.54474
830001 3.68148
840001 3.55045
850001 3.55645
860001 3.59085
870001 3.51074
880001 3.53972
890001 3.55662
900001 3.478
910001 3.57789
920001 3.51497
930001 3.46679
940001 3.52754
950001 3.47561
960001 3.4367
970001 3.48435
980001 3.42102
990001 3.43575
1000001 3.47095
1010001 3.37826
1020001 3.46914
1030001 3.39038
1040001 3.39619
1050001 3.41714
1060001 3.38154
1070001 3.37712
1080001 3.42094
1090001 3.38212
1100001 3.39737
1110001 3.37922
1120001 3.34324
1130001 3.41231
1140001 3.31283
1150001 3.38403
1160001 3.34148
1170001 3.28877
1180001 3.34935
1190001 3.33139
1200001 3.26536
1210001 3.37751
1220001 3.2903
1230001 3.25162
1240001 3.33253
1250001 3.25621
1260001 3.23601
1270001 3.29013
1280001 3.2177
1290001 3.22138
1300001 3.28333
1310001 3.18182
1320001 3.26365
1330001 3.19953
1340001 3.19816
1350001 3.20961
1360001 3.21724
1370001 3.18667
1380001 3.2513
1390001 3.18298
1400001 3.2483
1410001 3.22207
1420001 3.14667
1430001 3.2405
1440001 3.17117
1450001 3.19575
1460001 3.17756
1470001 3.1447
1480001 3.16032
1490001 3.17338
1500001 3.14692
1510001 3.21136
1520001 3.17076
1530001 3.13841
1540001 3.1849
1550001 3.13661
1560001 3.14536
1570001 3.13767
1580001 3.11087
1590001 3.14465
1600001 3.14498
1610001 3.07161
1620001 3.19545
1630001 3.07908
1640001 3.0884
1650001 3.15431
1660001 3.08333
1670001 3.07086
1680001 3.18088
1690001 3.05793
1700001 3.09692
1710001 3.1301
1720001 3.01435
1730001 3.11932
1740001 3.07307
1750001 3.06404
1760001 3.06054
1770001 3.05276
1780001 3.04462
1790001 3.06034
1800001 3.05145
1810001 3.08787
1820001 3.04462
1830001 3.05899
1840001 3.07994
1850001 3.01861
1860001 3.06672
1870001 3.04297
1880001 2.99024
1890001 3.03266
1900001 3.06852
1910001 2.99882
1920001 3.08927
1930001 2.98862
1940001 3.02172
1950001 3.05144
1960001 2.9923
1970001 3.01062
1980001 3.06062
1990001 2.975
2000001 3.05251
2010001 3.00948
2020001 2.94296
2030001 3.08205
2040001 2.97372
2050001 2.99397
2060001 3.00775
2070001 2.95731
2080001 2.97641
2090001 3.0399
2100001 2.94612
2110001 3.0352
2120001 3.02121
2130001 2.95757
2140001 3.01521
2150001 3.02214
2160001 2.95989
2170001 2.97212
2180001 3.00342
2190001 2.93969
2200001 2.99679
2210001 2.958
2220001 3.01636
2230001 2.93536
2240001 2.99699
2250001 2.98187
2260001 2.92763
2270001 2.97554
2280001 2.99858
2290001 2.91502
2300001 2.9899
2310001 2.95149
2320001 2.87401
2330001 3.02691
2340001 2.8959
2350001 2.91745
2360001 2.96974
2370001 2.89493
2380001 2.89001
2390001 2.96665
2400001 2.88203
2410001 2.99001
2420001 2.94382
2430001 2.89225
2440001 2.98903
2450001 2.92726
2460001 2.88796
2470001 2.92289
2480001 2.8908
2490001 2.86565
2500001 2.96459
2510001 2.86035
2520001 2.97704
2530001 2.90613
2540001 2.90964
2550001 2.93553
2560001 2.90151
2570001 2.89916
2580001 2.95369
2590001 2.87971
2600001 2.92663
2610001 2.9273
2620001 2.88182
2630001 2.96455
2640001 2.87371
2650001 2.96085
2660001 2.88949
2670001 2.86469
2680001 2.92406
2690001 2.91499
2700001 2.83968
2710001 2.97937
2720001 2.88985
2730001 2.85222
2740001 2.96654
2750001 2.87306
2760001 2.84875
2770001 2.8985
2780001 2.82105
2790001 2.82761
2800001 2.91807
2810001 2.81105
2820001 2.90472
2830001 2.8493
2840001 2.81474
2850001 2.8597
2860001 2.85534
2870001 2.83796
2880001 2.88186
2890001 2.84047
2900001 2.88408
2910001 2.8936
2920001 2.81518
2930001 2.92079
2940001 2.82564
2950001 2.87896
2960001 2.83511
2970001 2.83167
2980001 2.85234
2990001 2.86698
3000001 2.81851
3010001 2.90563
3020001 2.85027
3030001 2.82202
3040001 2.9029
3050001 2.8467
3060001 2.84534
3070001 2.85527
3080001 2.80173
3090001 2.83444
3100001 2.87277
3110001 2.79859
3120001 2.94364
3130001 2.80496
3140001 2.8044
3150001 2.88501
3160001 2.81923
3170001 2.81115
3180001 2.91013
3190001 2.78442
3200001 2.84206
3210001 2.889
3220001 2.75404
3230001 2.8777
3240001 2.81746
3250001 2.82391
3260001 2.78706
3270001 2.81459
3280001 2.80385
3290001 2.83189
3300001 2.79936
3310001 2.87053
3320001 2.81466
3330001 2.80088
3340001 2.86195
3350001 2.79192
3360001 2.8372
3370001 2.81839
3380001 2.75149
3390001 2.82473
3400001 2.82547
3410001 2.74368
3420001 2.88504
3430001 2.78284
3440001 2.78329
3450001 2.84161
3460001 2.77894
3470001 2.80941
3480001 2.85003
3490001 2.75107
3500001 2.81599
3510001 2.81501
3520001 2.72032
3530001 2.89456
3540001 2.74955
3550001 2.80154
3560001 2.7909
3570001 2.75936
3580001 2.78145
3590001 2.81435
3600001 2.73801
3610001 2.85986
3620001 2.83467
3630001 2.74603
3640001 2.84232
3650001 2.83118
3660001 2.77453
3670001 2.79835
3680001 2.79397
3690001 2.75669
3700001 2.79169
3710001 2.79918
3720001 2.84318
3730001 2.77055
3740001 2.80398
3750001 2.80976
3760001 2.75977
3770001 2.82087
3780001 2.83416
3790001 2.72863
3800001 2.79531
3810001 2.79448
3820001 2.70701
3830001 2.86959
3840001 2.71799
3850001 2.75535
3860001 2.76699
3870001 2.73541
3880001 2.73528
3890001 2.81572
3900001 2.71079
3910001 2.8046
3920001 2.79483
3930001 2.70754
3940001 2.83667
3950001 2.77982
3960001 2.73034
3970001 2.78276
3980001 2.72313
3990001 2.71544
4000001 2.77861
4010001 2.71952
4020001 2.81176
4030001 2.77045
4040001 2.7371
4050001 2.79213
4060001 2.75818
4070001 2.7627
4080001 2.82627
4090001 2.73101
4100001 2.75646
4110001 2.79235
4120001 2.71994
4130001 2.81278
4140001 2.72876
4150001 2.82352
4160001 2.74245
4170001 2.72431
4180001 2.81352
4190001 2.78755
4200001 2.7094
4210001 2.84608
4220001 2.75589
4230001 2.68365
4240001 2.856
4250001 2.74574
4260001 2.71813
4270001 2.79302
4280001 2.70158
4290001 2.6963
4300001 2.77448
4310001 2.68944
4320001 2.76565
4330001 2.73219
4340001 2.69518
4350001 2.74067
4360001 2.73175
4370001 2.72472
4380001 2.76572
4390001 2.70871
4400001 2.72464
4410001 2.74932
4420001 2.70467
4430001 2.78578
4440001 2.71068
4450001 2.77189
4460001 2.72238
4470001 2.71451
4480001 2.74833
4490001 2.75948
4500001 2.70986
4510001 2.79779
4520001 2.7354
4530001 2.684
4540001 2.80495
4550001 2.71063
4560001 2.74568
4570001 2.74481
4580001 2.70084
4590001 2.70958
4600001 2.73901
4610001 2.68232
4620001 2.78869
4630001 2.70475
4640001 2.69282
4650001 2.79917
4660001 2.70031
4670001 2.72147
4680001 2.80165
4690001 2.68042
4700001 2.70767
4710001 2.78152
4720001 2.65265
4730001 2.73751
4740001 2.73154
4750001 2.72765
4760001 2.69364
4770001 2.73153
4780001 2.69367
4790001 2.73242
4800001 2.70924
4810001 2.77591
4820001 2.71184
4830001 2.69262
4840001 2.76756
4850001 2.69427
4860001 2.74203
4870001 2.72626
4880001 2.66549
4890001 2.71348
4900001 2.73742
4910001 2.65311
4920001 2.7817
4930001 2.69486
4940001 2.65975
4950001 2.76495
4960001 2.67855
4970001 2.72456
4980001 2.76625
4990001 2.65688
5000001 2.71084
5010001 2.73966
5020001 2.6268
5030001 2.74446
5040001 2.66728
5050001 2.70201
5060001 2.71666
5070001 2.66152
5080001 2.68021
5090001 2.7394
5100001 2.6533
5110001 2.76445
5120001 2.70957
5130001 2.64822
5140001 2.77144
5150001 2.74477
5160001 2.69738
5170001 2.72775
5180001 2.70721
5190001 2.67379
5200001 2.72551
5210001 2.71374
5220001 2.74312
5230001 2.70063
5240001 2.75171
5250001 2.73201
5260001 2.68276
5270001 2.75693
5280001 2.75916
5290001 2.6492
5300001 2.72914
5310001 2.73709
5320001 2.62378
5330001 2.74373
5340001 2.644
5350001 2.65952
5360001 2.70163
5370001 2.64539
5380001 2.64554
5390001 2.72851
5400001 2.63858
5410001 2.72662
5420001 2.72115
5430001 2.62379
5440001 2.71801
5450001 2.68688
5460001 2.65759
5470001 2.71987
5480001 2.64907
5490001 2.64312
5500001 2.72601
5510001 2.65039
5520001 2.725
5530001 2.69346
5540001 2.6797
5550001 2.70084
5560001 2.69742
5570001 2.69651
5580001 2.75544
5590001 2.66238
5600001 2.69097
5610001 2.74199
5620001 2.63009
5630001 2.72118
5640001 2.64933
5650001 2.69041
5660001 2.68701
5670001 2.66207
5680001 2.71882
5690001 2.70777
5700001 2.64736
5710001 2.78059
5720001 2.6827
5730001 2.62345
5740001 2.77521
5750001 2.65451
5760001 2.65369
5770001 2.7509
5780001 2.63569
5790001 2.63458
5800001 2.73959
5810001 2.62721
5820001 2.70727
5830001 2.68314
5840001 2.63348
5850001 2.67716
5860001 2.67189
5870001 2.66487
5880001 2.70242
5890001 2.65002
5900001 2.67035
5910001 2.69303
5920001 2.62235
5930001 2.70635
5940001 2.61188
5950001 2.69313
5960001 2.66416
5970001 2.65589
5980001 2.68269
5990001 2.70774
6000001 2.64801
6010001 2.72987
6020001 2.67366
6030001 2.629
6040001 2.75007
6050001 2.61748
6060001 2.67653
6070001 2.70456
6080001 2.6194
6090001 2.66253
6100001 2.69238
6110001 2.62858
6120001 2.72175
6130001 2.65423
6140001 2.62591
6150001 2.71326
6160001 2.64601
6170001 2.6689
6180001 2.75548
6190001 2.60926
6200001 2.66877
6210001 2.72944
6220001 2.59143
6230001 2.6967
6240001 2.65765
6250001 2.63218
6260001 2.66138
6270001 2.69015
6280001 2.63801
6290001 2.68827
6300001 2.67949
6310001 2.71707
6320001 2.65952
6330001 2.64562
6340001 2.7189
6350001 2.6082
6360001 2.69526
6370001 2.66877
6380001 2.60914
6390001 2.66489
6400001 2.68633
6410001 2.60196
6420001 2.71469
6430001 2.6489
6440001 2.61054
6450001 2.71722
6460001 2.63779
6470001 2.63426
6480001 2.697
6490001 2.59981
6500001 2.65412
6510001 2.69436
6520001 2.57413
6530001 2.71082
6540001 2.61585
6550001 2.61301
6560001 2.66744
6570001 2.62179
6580001 2.60683
6590001 2.69686
6600001 2.60437
6610001 2.71661
6620001 2.6692
6630001 2.57703
6640001 2.72022
6650001 2.62366
6660001 2.66183
6670001 2.66982
6680001 2.65206
6690001 2.63322
6700001 2.68431
6710001 2.66174
6720001 2.68784
6730001 2.66412
6740001 2.69574
6750001 2.68393
6760001 2.64075
6770001 2.73323
6780001 2.68348
6790001 2.60457
6800001 2.68659
6810001 2.69476
6820001 2.58044
6830001 2.70749
6840001 2.5982
6850001 2.60947
6860001 2.67826
6870001 2.60239
6880001 2.60137
6890001 2.68552
6900001 2.59482
6910001 2.68102
6920001 2.65572
6930001 2.55851
6940001 2.68151
6950001 2.62672
6960001 2.62567
6970001 2.61877
6980001 2.61031
6990001 2.59956
7000001 2.67034
7010001 2.61213
7020001 2.68767
7030001 2.65692
7040001 2.63912
7050001 2.66289
7060001 2.63915
7070001 2.6304
7080001 2.65083
7090001 2.62789
7100001 2.64087
7110001 2.68805
7120001 2.59614
7130001 2.68422
7140001 2.61353
7150001 2.62834
7160001 2.66143
7170001 2.61158
7180001 2.6497
7190001 2.66805
7200001 2.61148
7210001 2.73466
7220001 2.62966
7230001 2.57199
7240001 2.74124
7250001 2.59443
7260001 2.62185
7270001 2.67109
7280001 2.59643
7290001 2.59445
7300001 2.69983
7310001 2.58559
7320001 2.67831
7330001 2.6599
7340001 2.59875
7350001 2.63639
7360001 2.64709
7370001 2.59892
7380001 2.63619
7390001 2.6138
7400001 2.61875
7410001 2.64774
7420001 2.59441
7430001 2.67161
7440001 2.58021
7450001 2.6384
7460001 2.63377
7470001 2.58723
7480001 2.66533
7490001 2.66802
7500001 2.61547
7510001 2.70395
7520001 2.62542
7530001 2.58
7540001 2.71308
7550001 2.58463
7560001 2.64634
7570001 2.65096
7580001 2.58236
7590001 2.61178
7600001 2.65428
7610001 2.57564
7620001 2.70016
7630001 2.61498
7640001 2.59381
7650001 2.67509
7660001 2.61423
7670001 2.59327
7680001 2.63072
7690001 2.57727
7700001 2.58737
7710001 2.6954
7720001 2.55279
7730001 2.67938
7740001 2.61929
7750001 2.60452
7760001 2.63466
7770001 2.65334
7780001 2.60779
7790001 2.65969
7800001 2.65562
7810001 2.64683
7820001 2.62887
7830001 2.59368
7840001 2.69438
7850001 2.5772
7860001 2.65914
7870001 2.63132
7880001 2.57824
7890001 2.63068
7900001 2.6427
7910001 2.56777
7920001 2.66329
7930001 2.61519
7940001 2.57924
7950001 2.67097
7960001 2.59496
7970001 2.57154
7980001 2.64263
7990001 2.56475
8000001 2.55267
8010001 2.66477
8020001 2.5417
8030001 2.6857
8040001 2.58956
8050001 2.58156
8060001 2.64169
8070001 2.5956
8080001 2.57579
8090001 2.65362
8100001 2.58506
8110001 2.62044
8120001 2.64495
8130001 2.54518
8140001 2.69319
8150001 2.599
8160001 2.62302
8170001 2.63552
8180001 2.58827
8190001 2.59787
8200001 2.64785
8210001 2.63429
8220001 2.64858
8230001 2.64124
8240001 2.65261
8250001 2.65437
8260001 2.61411
8270001 2.66362
8280001 2.62152
8290001 2.57629
8300001 2.65008
8310001 2.65461
8320001 2.5529
8330001 2.69666
8340001 2.58501
8350001 2.58596
8360001 2.65699
8370001 2.58187
8380001 2.57052
8390001 2.67032
8400001 2.5711
8410001 2.61596
8420001 2.62603
8430001 2.52698
8440001 2.64822
8450001 2.577
8460001 2.59349
8470001 2.58714
8480001 2.58981
8490001 2.57374
8500001 2.60419
8510001 2.59232
8520001 2.641
8530001 2.63002
8540001 2.61163
8550001 2.64217
8560001 2.6215
8570001 2.6106
8580001 2.60094
8590001 2.5833
8600001 2.59399
8610001 2.63597
8620001 2.57352
8630001 2.65918
8640001 2.59919
8650001 2.61033
8660001 2.62826
8670001 2.59615
8680001 2.60527
8690001 2.64394
8700001 2.55589
8710001 2.65271
8720001 2.60425
8730001 2.54444
8740001 2.71588
8750001 2.5476
8760001 2.59141
8770001 2.63394
8780001 2.56749
8790001 2.5671
8800001 2.65079
8810001 2.54353
8820001 2.63161
8830001 2.64748
8840001 2.57118
8850001 2.62388
8860001 2.64636
8870001 2.57842
8880001 2.58305
8890001 2.57556
8900001 2.56476
8910001 2.62119
8920001 2.57013
8930001 2.65197
8940001 2.563
8950001 2.58605
8960001 2.60619
8970001 2.56646
8980001 2.61726
8990001 2.64186
9000001 2.53522
9010001 2.66543
9020001 2.60756
9030001 2.54947
9040001 2.6886
9050001 2.53439
9060001 2.62087
9070001 2.59603
9080001 2.55452
9090001 2.58751
9100001 2.62555
9110001 2.53571
9120001 2.65335
9130001 2.59808
9140001 2.52874
9150001 2.66737
9160001 2.59013
9170001 2.57746
9180001 2.5946
9190001 2.53356
9200001 2.55179
9210001 2.64006
9220001 2.53222
9230001 2.67132
9240001 2.61385
9250001 2.55918
9260001 2.61673
9270001 2.61242
9280001 2.58884
9290001 2.64383
9300001 2.61262
9310001 2.62219
9320001 2.60499
9330001 2.58383
9340001 2.66794
9350001 2.54392
9360001 2.66305
9370001 2.58765
9380001 2.55302
9390001 2.61503
9400001 2.62509
9410001 2.53268
9420001 2.65324
9430001 2.59496
9440001 2.53138
9450001 2.66051
9460001 2.57293
9470001 2.55364
9480001 2.60463
9490001 2.52429
9500001 2.52719
9510001 2.62508
9520001 2.52636
9530001 2.63707
9540001 2.58774
9550001 2.52982
9560001 2.62093
9570001 2.57283
9580001 2.55622
9590001 2.63879
9600001 2.54729
9610001 2.57865
9620001 2.61164
9630001 2.52969
9640001 2.64834
9650001 2.55924
9660001 2.60169
9670001 2.58688
9680001 2.57202
9690001 2.5821
9700001 2.62794
9710001 2.55103
9720001 2.63816
9730001 2.62106
9740001 2.60884
9750001 2.64218
9760001 2.59624
9770001 2.62915
9780001 2.59056
9790001 2.54743
9800001 2.61967
9810001 2.59922
9820001 2.53368
9830001 2.69656
9840001 2.56645
9850001 2.53756
9860001 2.64284
9870001 2.56153
9880001 2.55451
9890001 2.65762
9900001 2.53634
9910001 2.554
9920001 2.61969
9930001 2.50399
9940001 2.62899
9950001 2.54348
9960001 2.57452
9970001 2.54007
9980001 2.56657
9990001 2.55878
10000001 2.58917
10010001 2.56046
10020001 2.6293
10030001 2.5747
10040001 2.57534
10050001 2.6269
10060001 2.6025
10070001 2.59
10080001 2.58235
10090001 2.55174
10100001 2.57597
10110001 2.58375
10120001 2.54644
10130001 2.65129
10140001 2.55906
10150001 2.56859
10160001 2.61141
10170001 2.57216
10180001 2.59486
10190001 2.62937
10200001 2.54356
10210001 2.57889
10220001 2.59383
10230001 2.50789
10240001 2.65316
10250001 2.51548
10260001 2.58541
10270001 2.61097
10280001 2.52891
10290001 2.56105
10300001 2.64288
10310001 2.52257
10320001 2.62025
10330001 2.61002
10340001 2.5081
10350001 2.61158
10360001 2.63866
10370001 2.55777
10380001 2.57471
10390001 2.57841
10400001 2.54974
10410001 2.57016
10420001 2.56272
10430001 2.61771
10440001 2.55377
10450001 2.56979
10460001 2.59727
10470001 2.5433
10480001 2.60605
10490001 2.62487
10500001 2.51934
10510001 2.58517
10520001 2.60329
10530001 2.49231
10540001 2.66089
10550001 2.51823
10560001 2.6098
10570001 2.57714
10580001 2.52197
10590001 2.57952
10600001 2.61146
10610001 2.51615
10620001 2.63734
10630001 2.5866
10640001 2.5007
10650001 2.63814
10660001 2.56929
10670001 2.54113
10680001 2.58547
10690001 2.51763
10700001 2.53748
10710001 2.58227
10720001 2.52029
10730001 2.62238
10740001 2.57294
10750001 2.54248
10760001 2.6109
10770001 2.5992
10780001 2.5728
10790001 2.63447
10800001 2.57721
10810001 2.56668
10820001 2.60916
10830001 2.56059
10840001 2.60625
10850001 2.53194
10860001 2.67192
10870001 2.56677
10880001 2.53454
10890001 2.60729
10900001 2.61167
10910001 2.51837
10920001 2.65149
10930001 2.56963
10940001 2.50206
10950001 2.64151
10960001 2.55357
10970001 2.53751
10980001 2.59175
10990001 2.51412
11000001 2.50933
11010001 2.59806
11020001 2.51291
11030001 2.59988
11040001 2.579
11050001 2.5216
11060001 2.56483
11070001 2.56279
11080001 2.54575
11090001 2.62391
11100001 2.53134
11110001 2.54075
11120001 2.61619
11130001 2.50753
11140001 2.58564
11150001 2.53307
11160001 2.60483
11170001 2.55193
11180001 2.55228
11190001 2.5557
11200001 2.61596
11210001 2.54177
11220001 2.62081
11230001 2.58619
11240001 2.5289
11250001 2.63252
11260001 2.57449
11270001 2.6168
11280001 2.58721
11290001 2.54397
11300001 2.59139
11310001 2.5796
11320001 2.52242
11330001 2.65636
11340001 2.55263
11350001 2.5273
11360001 2.6488
11370001 2.53923
11380001 2.54402
11390001 2.66415
11400001 2.51901
11410001 2.54114
11420001 2.62599
11430001 2.48527
11440001 2.57032
11450001 2.54058
11460001 2.53174
11470001 2.53776
11480001 2.54249
11490001 2.52945
11500001 2.57825
11510001 2.53986
11520001 2.61379
11530001 2.55537
11540001 2.54682
11550001 2.61816
11560001 2.52612
11570001 2.58508
11580001 2.57775
11590001 2.53892
11600001 2.56353
11610001 2.59227
11620001 2.53931
11630001 2.62255
11640001 2.55261
11650001 2.53572
11660001 2.60329
11670001 2.53634
11680001 2.59152
11690001 2.61433
11700001 2.52866
11710001 2.57457
11720001 2.59186
11730001 2.49299
11740001 2.59922
11750001 2.50848
11760001 2.52813
11770001 2.57796
11780001 2.51792
11790001 2.5403
11800001 2.6305
11810001 2.50147
11820001 2.6114
11830001 2.59705
11840001 2.49866
11850001 2.61031
11860001 2.56955
11870001 2.54621
11880001 2.57173
11890001 2.57126
11900001 2.53501
11910001 2.58059
11920001 2.56823
11930001 2.61174
11940001 2.54281
11950001 2.56171
11960001 2.58607
11970001 2.53525
11980001 2.59512
11990001 2.61423
12000001 2.5028
12010001 2.58118
12020001 2.59577
12030001 2.47949
12040001 2.59442
12050001 2.49859
12060001 2.51348
12070001 2.58514
12080001 2.51022
12090001 2.55165
12100001 2.60316
12110001 2.49392
12120001 2.62273
12130001 2.57214
12140001 2.49012
12150001 2.64087
12160001 2.52039
12170001 2.52827
12180001 2.57402
12190001 2.50653
12200001 2.50967
12210001 2.5886
12220001 2.50426
12230001 2.62436
12240001 2.55751
12250001 2.53452
12260001 2.58815
12270001 2.56002
12280001 2.56534
12290001 2.6242
12300001 2.5676
12310001 2.5638
12320001 2.60653
12330001 2.52589
12340001 2.60194
12350001 2.52526
12360001 2.60633
12370001 2.57179
12380001 2.52597
12390001 2.61387
12400001 2.59349
12410001 2.51446
12420001 2.65158
12430001 2.56718
12440001 2.49141
12450001 2.64451
12460001 2.50549
12470001 2.53567
12480001 2.56821
12490001 2.49824
12500001 2.49995
12510001 2.59271
12520001 2.50212
12530001 2.59227
12540001 2.54931
12550001 2.50858
12560001 2.54792
12570001 2.57245
12580001 2.54434
12590001 2.55277
12600001 2.52931
12610001 2.52454
12620001 2.60617
12630001 2.49463
12640001 2.58079
12650001 2.52697
12660001 2.55101
12670001 2.54929
12680001 2.52596
12690001 2.54577
12700001 2.57658
12710001 2.54102
12720001 2.60723
12730001 2.58068
12740001 2.49718
12750001 2.62522
12760001 2.52544
12770001 2.56731
12780001 2.56217
12790001 2.52777
12800001 2.59204
12810001 2.57433
12820001 2.52006
12830001 2.64792
12840001 2.53055
12850001 2.51828
12860001 2.62254
12870001 2.5325
12880001 2.54384
12890001 2.63189
12900001 2.50639
12910001 2.52281
12920001 2.62702
12930001 2.47497
12940001 2.57401
12950001 2.53392
12960001 2.51888
12970001 2.53642
12980001 2.5377
12990001 2.51643
13000001 2.56965
13010001 2.53547
13020001 2.60073
13030001 2.54738
13040001 2.50175
13050001 2.61085
13060001 2.49254
13070001 2.59184
13080001 2.55017
13090001 2.49259
13100001 2.56171
13110001 2.57045
13120001 2.52738
13130001 2.61374
13140001 2.54031
13150001 2.53301
13160001 2.59867
13170001 2.52423
13180001 2.54259
13190001 2.57437
13200001 2.49781
13210001 2.55272
13220001 2.57963
13230001 2.48817
13240001 2.59967
13250001 2.49888
13260001 2.52181
13270001 2.57185
13280001 2.50897
13290001 2.5166
13300001 2.58887
13310001 2.49278
13320001 2.61032
13330001 2.58918
13340001 2.46507
13350001 2.60679
13360001 2.56038
13370001 2.54935
13380001 2.54793
13390001 2.54863
13400001 2.52022
13410001 2.55874
13420001 2.57272
13430001 2.60337
13440001 2.54148
13450001 2.57144
13460001 2.59004
13470001 2.52034
13480001 2.56194
13490001 2.57261
13500001 2.49762
13510001 2.5627
13520001 2.58227
13530001 2.47133
13540001 2.59526
13550001 2.49619
13560001 2.50334
13570001 2.56267
13580001 2.50386
13590001 2.49624
13600001 2.59428
13610001 2.48982
13620001 2.61993
13630001 2.55586
13640001 2.4571
13650001 2.63545
13660001 2.51708
13670001 2.51809
13680001 2.55114
13690001 2.505
13700001 2.4967
13710001 2.56098
13720001 2.50374
13730001 2.58563
13740001 2.55598
13750001 2.5227
13760001 2.58729
13770001 2.54406
13780001 2.5278
13790001 2.55197
13800001 2.52557
13810001 2.51091
13820001 2.588
13830001 2.53602
13840001 2.58407
13850001 2.52747
13860001 2.5819
13870001 2.56458
13880001 2.52761
13890001 2.59498
13900001 2.5864
13910001 2.5098
13920001 2.63553
13930001 2.54273
13940001 2.4669
13950001 2.65631
13960001 2.50522
13970001 2.52054
13980001 2.56359
13990001 2.49251
14000001 2.4946
14010001 2.56783
14020001 2.4946
14030001 2.56331
14040001 2.53883
14050001 2.49989
14060001 2.54315
14070001 2.54485
14080001 2.50284
14090001 2.50778
14100001 2.52274
14110001 2.48949
14120001 2.55567
14130001 2.49852
14140001 2.58417
14150001 2.52393
14160001 2.5437
14170001 2.5414
14180001 2.53173
14190001 2.54167
14200001 2.56631
14210001 2.52403
14220001 2.58046
14230001 2.54184
14240001 2.48924
14250001 2.61723
14260001 2.52102
14270001 2.55652
14280001 2.55184
14290001 2.5124
14300001 2.53251
14310001 2.55436
14320001 2.51026
14330001 2.63041
14340001 2.52838
14350001 2.51427
14360001 2.62091
14370001 2.51625
14380001 2.51276
14390001 2.57554
14400001 2.4932
14410001 2.48594
14420001 2.62054
14430001 2.4654
14440001 2.57705
14450001 2.54515
14460001 2.51794
14470001 2.53306
14480001 2.55014
14490001 2.51498
14500001 2.56161
14510001 2.53549
14520001 2.55857
14530001 2.53099
14540001 2.48803
14550001 2.5974
14560001 2.47817
14570001 2.56648
14580001 2.54134
14590001 2.48922
14600001 2.56181
14610001 2.55589
14620001 2.47965
14630001 2.59951
14640001 2.52975
14650001 2.52423
14660001 2.60046
14670001 2.51396
14680001 2.53642
14690001 2.55037
14700001 2.48624
14710001 2.50567
14720001 2.57525
14730001 2.46132
14740001 2.60537
14750001 2.5081
14760001 2.52029
14770001 2.56605
14780001 2.5082
14790001 2.51028
14800001 2.56553
14810001 2.47423
14820001 2.54856
14830001 2.55657
14840001 2.45686
14850001 2.60464
14860001 2.53475
14870001 2.53136
14880001 2.51925
14890001 2.55245
14900001 2.51948
14910001 2.55406
14920001 2.53661
14930001 2.57707
14940001 2.53554
14950001 2.57787
14960001 2.58825
14970001 2.52275
14980001 2.57815
14990001 2.54606
15000001 2.4704
15010001 2.53037
15020001 2.57524
15030001 2.46977
15040001 2.59133
15050001 2.50341
15060001 2.46787
15070001 2.55851
15080001 2.49803
15090001 2.49037
15100001 2.56566
15110001 2.46461
15120001 2.53259
15130001 2.5651
15140001 2.45104
15150001 2.62621
15160001 2.48577
15170001 2.50854
15180001 2.51774
15190001 2.49767
15200001 2.49024
15210001 2.55705
15220001 2.48641
15230001 2.55987
15240001 2.54161
15250001 2.49251
15260001 2.56781
15270001 2.54618
15280001 2.52143
15290001 2.54776
15300001 2.48779
15310001 2.5044
15320001 2.57798
15330001 2.50775
15340001 2.58926
15350001 2.53883
15360001 2.56096
15370001 2.54781
15380001 2.52632
15390001 2.57018
15400001 2.57987
15410001 2.49336
15420001 2.62136
15430001 2.54126
15440001 2.45731
15450001 2.66618
15460001 2.47088
15470001 2.51582
15480001 2.55087
15490001 2.49092
15500001 2.48917
15510001 2.5723
15520001 2.46593
15530001 2.56174
15540001 2.53257
15550001 2.46466
15560001 2.54864
15570001 2.53914
15580001 2.50199
15590001 2.50688
15600001 2.48458
15610001 2.48206
15620001 2.51749
15630001 2.50036
15640001 2.58433
15650001 2.49383
15660001 2.51882
15670001 2.53596
15680001 2.52742
15690001 2.54031
15700001 2.5628
15710001 2.50627
15720001 2.55617
15730001 2.54073
15740001 2.47211
15750001 2.62083
15760001 2.46412
15770001 2.56117
15780001 2.51709
15790001 2.50862
15800001 2.53408
15810001 2.55287
15820001 2.47699
15830001 2.58546
15840001 2.52025
15850001 2.48067
15860001 2.6238
15870001 2.51331
15880001 2.51253
15890001 2.57423
15900001 2.4618
15910001 2.48182
15920001 2.56353
15930001 2.46128
15940001 2.58079
15950001 2.55589
15960001 2.47612
15970001 2.52685
15980001 2.55336
15990001 2.51502
16000001 2.56079
16010001 2.52795
16020001 2.5168
16030001 2.52712
16040001 2.48401
16050001 2.59985
16060001 2.46063
16070001 2.56382
16080001 2.50977
16090001 2.48556
16100001 2.54336
16110001 2.55277
16120001 2.46079
16130001 2.60513
16140001 2.52314
16150001 2.45421
16160001 2.60636
16170001 2.50948
16180001 2.5247
16190001 2.5474
16200001 2.45913
16210001 2.50545
16220001 2.5363
16230001 2.45435
16240001 2.59869
16250001 2.51564
16260001 2.46801
16270001 2.56513
16280001 2.49662
16290001 2.51047
16300001 2.56976
16310001 2.46858
16320001 2.51067
16330001 2.54898
16340001 2.45039
16350001 2.56966
16360001 2.48708
16370001 2.53306
16380001 2.51635
16390001 2.52527
16400001 2.51646
16410001 2.55837
16420001 2.53317
16430001 2.57528
16440001 2.53719
16450001 2.52337
16460001 2.58493
16470001 2.5187
16480001 2.58046
16490001 2.54074
16500001 2.47679
16510001 2.5411
16520001 2.53941
16530001 2.46567
16540001 2.57997
16550001 2.5043
16560001 2.47165
16570001 2.55939
16580001 2.4874
16590001 2.48675
16600001 2.57062
16610001 2.46167
16620001 2.4858
16630001 2.55026
16640001 2.44207
16650001 2.54566
16660001 2.48871
16670001 2.51337
16680001 2.51512
16690001 2.488
16700001 2.49316
16710001 2.55797
16720001 2.47982
16730001 2.55688
16740001 2.54443
16750001 2.47968
16760001 2.56102
16770001 2.52333
16780001 2.52185
16790001 2.5206
16800001 2.49315
16810001 2.49497
16820001 2.54499
16830001 2.49025
16840001 2.56434
16850001 2.52451
16860001 2.51597
16870001 2.55166
16880001 2.51948
16890001 2.57619
16900001 2.561
16910001 2.48803
16920001 2.56593
16930001 2.54923
16940001 2.45794
16950001 2.59259
16960001 2.46799
16970001 2.51698
16980001 2.55656
16990001 2.476
17000001 2.47587
17010001 2.58981
17020001 2.46571
17030001 2.55863
17040001 2.5332
17050001 2.44245
17060001 2.54486
17070001 2.53143
17080001 2.49263
17090001 2.50581
17100001 2.48843
17110001 2.47819
17120001 2.51856
17130001 2.49572
17140001 2.55783
17150001 2.48845
17160001 2.53254
17170001 2.53966
17180001 2.48074
17190001 2.54806
17200001 2.56742
17210001 2.49908
17220001 2.53349
17230001 2.55045
17240001 2.46892
17250001 2.56238
17260001 2.4576
17270001 2.54732
17280001 2.52887
17290001 2.47096
17300001 2.5164
17310001 2.55236
17320001 2.48017
17330001 2.57998
17340001 2.50802
17350001 2.4566
17360001 2.58534
17370001 2.50121
17380001 2.51035
17390001 2.57559
17400001 2.46439
17410001 2.48298
17420001 2.56694
17430001 2.45495
17440001 2.56332
17450001 2.54107
17460001 2.47726
17470001 2.53229
17480001 2.5606
17490001 2.51061
17500001 2.56283
17510001 2.52911
17520001 2.51214
17530001 2.54576
17540001 2.4815
17550001 2.55177
17560001 2.45623
17570001 2.53442
17580001 2.51427
17590001 2.46903
17600001 2.52999
17610001 2.55068
17620001 2.45717
17630001 2.57614
17640001 2.51187
17650001 2.44616
17660001 2.60657
17670001 2.47945
17680001 2.48024
17690001 2.55713
17700001 2.45449
17710001 2.4997
17720001 2.54669
17730001 2.44934
17740001 2.58267
17750001 2.51824
17760001 2.46801
17770001 2.55019
17780001 2.49691
17790001 2.48965
17800001 2.57296
17810001 2.46339
17820001 2.51077
17830001 2.56191
17840001 2.43981
17850001 2.55553
17860001 2.47767
17870001 2.49756
17880001 2.51752
17890001 2.49449
17900001 2.49994
17910001 2.5609
17920001 2.51873
17930001 2.55052
17940001 2.53347
17950001 2.5363
17960001 2.58568
17970001 2.49801
17980001 2.56379
17990001 2.54395
18000001 2.47054
18010001 2.55349
18020001 2.55041
18030001 2.46633
18040001 2.60072
18050001 2.50853
18060001 2.46752
18070001 2.56254
18080001 2.48688
18090001 2.49166
18100001 2.56632
18110001 2.45826
18120001 2.49023
18130001 2.55446
18140001 2.43048
18150001 2.52654
18160001 2.46224
18170001 2.47144
18180001 2.48252
18190001 2.49738
18200001 2.47855
18210001 2.55639
18220001 2.47755
18230001 2.55424
18240001 2.54006
18250001 2.47973
18260001 2.56328
18270001 2.49082
18280001 2.52671
18290001 2.52736
18300001 2.47221
18310001 2.49905
18320001 2.52828
18330001 2.49324
18340001 2.56411
18350001 2.52848
18360001 2.49734
18370001 2.54803
18380001 2.50134
18390001 2.54228
18400001 2.56345
18410001 2.4843
18420001 2.57797
18430001 2.53845
18440001 2.44883
18450001 2.58646
18460001 2.45883
18470001 2.48255
18480001 2.55984
18490001 2.47525
18500001 2.47148
18510001 2.59825
18520001 2.46181
18530001 2.55199
18540001 2.55245
18550001 2.44831
18560001 2.5432
18570001 2.49236
18580001 2.49495
18590001 2.49297
18600001 2.4813
18610001 2.4784
18620001 2.52036
18630001 2.49677
18640001 2.56081
18650001 2.49471
18660001 2.51072
18670001 2.53444
18680001 2.48012
18690001 2.56751
18700001 2.53979
18710001 2.4503
18720001 2.53367
18730001 2.55008
18740001 2.46222
18750001 2.56546
18760001 2.45465
18770001 2.49916
18780001 2.53674
18790001 2.46691
18800001 2.49354
18810001 2.55016
18820001 2.45974
18830001 2.58469
18840001 2.50869
18850001 2.43276
18860001 2.58849
18870001 2.47078
18880001 2.50348
18890001 2.51691
18900001 2.45388
18910001 2.48572
18920001 2.56609
18930001 2.45519
18940001 2.57207
18950001 2.54042
18960001 2.47583
18970001 2.53531
18980001 2.55023
18990001 2.51529
19000001 2.53863
19010001 2.54066
19020001 2.49608
19030001 2.53998
19040001 2.48983
19050001 2.55234
19060001 2.45891
19070001 2.54093
19080001 2.52772
19090001 2.46585
19100001 2.52145
19110001 2.55055
19120001 2.46068
19130001 2.56934
19140001 2.51307
19150001 2.42625
19160001 2.59441
19170001 2.45757
19180001 2.48314
19190001 2.53828
19200001 2.44881
19210001 2.45158
19220001 2.54015
19230001 2.44613
19240001 2.5801
19250001 2.51382
19260001 2.46128
19270001 2.55773
19280001 2.49877
19290001 2.45898
19300001 2.52917
19310001 2.47035
19320001 2.47314
19330001 2.55229
19340001 2.44251
19350001 2.56216
19360001 2.4832
19370001 2.49462
19380001 2.53099
19390001 2.48531
19400001 2.49643
19410001 2.55464
19420001 2.48949
19430001 2.54839
19440001 2.54288
19450001 2.48961
19460001 2.57182
19470001 2.48346
19480001 2.58279
19490001 2.52158
19500001 2.47153
19510001 2.53968
19520001 2.53369
19530001 2.46273
19540001 2.60927
19550001 2.50446
19560001 2.46711
19570001 2.58427
19580001 2.4866
19590001 2.46394
19600001 2.54485
19610001 2.45613
19620001 2.47683
19630001 2.54873
19640001 2.43168
19650001 2.52792
19660001 2.46814
19670001 2.46897
19680001 2.48859
19690001 2.48329
19700001 2.47096
19710001 2.51615
19720001 2.48688
19730001 2.56271
19740001 2.53067
19750001 2.4556
19760001 2.56587
19770001 2.49179
19780001 2.52457
19790001 2.50607
19800001 2.47501
19810001 2.50067
19820001 2.51883
19830001 2.47662
19840001 2.56921
19850001 2.49846
19860001 2.50321
19870001 2.55032
19880001 2.50117
19890001 2.49927
19900001 2.51049
19910001 2.46579
19920001 2.49292
19930001 2.53279
19940001 2.45158
19950001 2.60193
19960001 2.44757
19970001 2.48089
19980001 2.55361
19990001 2.48242
20000001 2.4774
20010001 2.58315
20020001 2.46072
20030001 2.50656
20040001 2.55469
20050001 2.42107
20060001 2.54958
20070001 2.51829
20080001 2.49367
20090001 2.48697
20100001 2.4909
20110001 2.47545
20120001 2.50096
20130001 2.49162
20140001 2.54062
20150001 2.49292
20160001 2.5098
20170001 2.53074
20180001 2.47245
20190001 2.51782
20200001 2.50218
20210001 2.4457
20220001 2.51068
20230001 2.54246
20240001 2.42705
20250001 2.56535
20260001 2.45507
20270001 2.49963
20280001 2.53426
20290001 2.46745
20300001 2.49782
20310001 2.54753
20320001 2.45716
20330001 2.52674
20340001 2.50897
20350001 2.41496
20360001 2.59316
20370001 2.46891
20380001 2.49411
20390001 2.51179
20400001 2.45561
20410001 2.47
20420001 2.51713
20430001 2.45416
20440001 2.5598
20450001 2.54407
20460001 2.47689
20470001 2.54587
20480001 2.54048
20490001 2.48464
20500001 2.50332
20510001 2.52514
20520001 2.46643
20530001 2.53772
20540001 2.50807
20550001 2.55085
20560001 2.4768
20570001 2.55173
20580001 2.52391
20590001 2.47657
20600001 2.53661
20610001 2.55275
20620001 2.45954
20630001 2.54843
20640001 2.50794
20650001 2.4249
20660001 2.5887
20670001 2.44912
20680001 2.47115
20690001 2.51598
20700001 2.45166
20710001 2.44861
20720001 2.53609
20730001 2.44874
20740001 2.5281
20750001 2.52259
20760001 2.45576
20770001 2.56076
20780001 2.50342
20790001 2.46057
20800001 2.51099
20810001 2.46536
20820001 2.44218
20830001 2.5415
20840001 2.4472
20850001 2.53822
20860001 2.4926
20870001 2.50224
20880001 2.52352
20890001 2.49435
20900001 2.49352
20910001 2.55831
20920001 2.46424
20930001 2.5294
20940001 2.52758
20950001 2.45848
20960001 2.57393
20970001 2.47941
20980001 2.56125
20990001 2.48629
21000001 2.47269
21010001 2.54588
21020001 2.5265
21030001 2.45063
21040001 2.57879
21050001 2.49888
21060001 2.46338
21070001 2.59842
21080001 2.48583
21090001 2.4632
21100001 2.54292
21110001 2.44104
21120001 2.44352
21130001 2.55442
21140001 2.42936
21150001 2.53366
21160001 2.47169
21170001 2.44073
21180001 2.48502
21190001 2.48856
21200001 2.46834
21210001 2.51629
21220001 2.46242
21230001 2.51873
21240001 2.49134
21250001 2.45734
21260001 2.56573
21270001 2.46285
21280001 2.52033
21290001 2.478
21300001 2.47514
21310001 2.50397
21320001 2.5177
21330001 2.46538
21340001 2.55674
21350001 2.49522
21360001 2.44793
21370001 2.56454
21380001 2.47675
21390001 2.51138
21400001 2.5069
21410001 2.4547
21420001 2.47468
21430001 2.533
21440001 2.43865
21450001 2.57751
21460001 2.4654
21470001 2.46426
21480001 2.5603
21490001 2.46866
21500001 2.47743
21510001 2.57018
21520001 2.44442
21530001 2.51261
21540001 2.54644
21550001 2.41719
21560001 2.54747
21570001 2.49866
21580001 2.49005
21590001 2.46544
21600001 2.50789
21610001 2.48122
21620001 2.5071
21630001 2.48139
21640001 2.54699
21650001 2.49115
21660001 2.47725
21670001 2.54347
21680001 2.47302
21690001 2.52449
21700001 2.49917
21710001 2.43472
21720001 2.49031
21730001 2.51067
21740001 2.42579
21750001 2.57632
21760001 2.47179
21770001 2.4342
21780001 2.5386
21790001 2.46051
21800001 2.49897
21810001 2.54651
21820001 2.43688
21830001 2.51181
21840001 2.50743
21850001 2.41165
21860001 2.58487
21870001 2.4478
21880001 2.47853
21890001 2.48961
21900001 2.45288
21910001 2.47698
21920001 2.52187
21930001 2.43341
21940001 2.55574
21950001 2.50227
21960001 2.44884
21970001 2.5562
21980001 2.54213
21990001 2.48757
22000001 2.50812
22010001 2.48862
22020001 2.46438
22030001 2.50415
22040001 2.50032
22050001 2.5512
22060001 2.49243
22070001 2.53851
22080001 2.51783
22090001 2.47611
22100001 2.55206
22110001 2.55313
22120001 2.44252
22130001 2.52377
22140001 2.51545
22150001 2.4209
22160001 2.59451
22170001 2.43459
22180001 2.48048
22190001 2.48774
22200001 2.44931
22210001 2.45327
22220001 2.52671
22230001 2.43133
22240001 2.52909
22250001 2.51957
22260001 2.43097
22270001 2.51316
22280001 2.51188
22290001 2.4528
22300001 2.50633
22310001 2.44837
22320001 2.44388
22330001 2.51148
22340001 2.44887
22350001 2.54536
22360001 2.49025
22370001 2.47592
22380001 2.50372
22390001 2.49827
22400001 2.49376
22410001 2.56305
22420001 2.46857
22430001 2.4948
22440001 2.53814
22450001 2.43785
22460001 2.55875
22470001 2.45222
22480001 2.53617
22490001 2.48801
22500001 2.46587
22510001 2.54481
22520001 2.5124
22530001 2.45141
22540001 2.59761
22550001 2.49429
22560001 2.4266
22570001 2.58008
22580001 2.4847
22590001 2.45781
22600001 2.55263
22610001 2.44588
22620001 2.44311
22630001 2.53694
22640001 2.43417
22650001 2.50895
22660001 2.48883
22670001 2.44166
22680001 2.48992
22690001 2.48169
22700001 2.47503
22710001 2.51945
22720001 2.46489
22730001 2.47616
22740001 2.50521
22750001 2.44496
22760001 2.53718
22770001 2.42883
22780001 2.54839
22790001 2.47453
22800001 2.46991
22810001 2.51434
22820001 2.52263
22830001 2.4671
22840001 2.55624
22850001 2.4945
22860001 2.44405
22870001 2.56248
22880001 2.46833
22890001 2.4933
22900001 2.51474
22910001 2.44003
22920001 2.47967
22930001 2.5013
22940001 2.44689
22950001 2.5346
22960001 2.46866
22970001 2.44142
22980001 2.53901
22990001 2.46504
23000001 2.49121
23010001 2.57813
23020001 2.43165
23030001 2.47479
23040001 2.54762
23050001 2.4204
23060001 2.5163
23070001 2.4933
23080001 2.49738
23090001 2.46549
23100001 2.51528
23110001 2.46276
23120001 2.51423
23130001 2.50264
23140001 2.55465
23150001 2.48166
23160001 2.46692
23170001 2.54063
23180001 2.4709
23190001 2.51665
23200001 2.50439
23210001 2.44179
23220001 2.49306
23230001 2.51452
23240001 2.4284
23250001 2.54196
23260001 2.47234
23270001 2.43911
23280001 2.54693
23290001 2.45843
23300001 2.45704
23310001 2.55228
23320001 2.42665
23330001 2.49299
23340001 2.52396
23350001 2.40556
23360001 2.53558
23370001 2.4492
23380001 2.48368
23390001 2.48553
23400001 2.44806
23410001 2.44509
23420001 2.5318
23430001 2.43342
23440001 2.5544
23450001 2.4971
23460001 2.4332
23470001 2.557
23480001 2.49039
23490001 2.48939
23500001 2.51964
23510001 2.49823
23520001 2.46383
23530001 2.5188
23540001 2.49231
23550001 2.52174
23560001 2.49833
23570001 2.53535
23580001 2.52267
23590001 2.47834
23600001 2.56988
23610001 2.55261
23620001 2.44117
23630001 2.53587
23640001 2.53021
23650001 2.41626
23660001 2.54596
23670001 2.43687
23680001 2.45204
23690001 2.50361
23700001 2.43947
23710001 2.44356
23720001 2.53259
23730001 2.43399
23740001 2.52385
23750001 2.49446
23760001 2.41895
23770001 2.51788
23780001 2.48135
23790001 2.46082
23800001 2.47791
23810001 2.45428
23820001 2.44021
23830001 2.52617
23840001 2.45308
23850001 2.53075
23860001 2.50181
23870001 2.47893
23880001 2.504
23890001 2.48551
23900001 2.50451
23910001 2.53001
23920001 2.47095
23930001 2.501
23940001 2.54681
23950001 2.43566
23960001 2.52505
23970001 2.4567
23980001 2.4758
23990001 2.49316
24000001 2.45755
24010001 2.49951
24020001 2.52009
24030001 2.45493
24040001 2.58804
24050001 2.47398
24060001 2.43494
24070001 2.58738
24080001 2.46138
24090001 2.46623
24100001 2.54064
24110001 2.44037
24120001 2.43932
24130001 2.55957
24140001 2.43318
24150001 2.524
24160001 2.51361
24170001 2.446
24180001 2.4854
24190001 2.49356
24200001 2.47459
24210001 2.51926
24220001 2.46565
24230001 2.48594
24240001 2.50629
24250001 2.43965
24260001 2.51927
24270001 2.42423
24280001 2.49362
24290001 2.47636
24300001 2.43652
24310001 2.5208
24320001 2.52491
24330001 2.46702
24340001 2.55019
24350001 2.48639
24360001 2.44635
24370001 2.56559
24380001 2.43539
24390001 2.49841
24400001 2.5234
24410001 2.43373
24420001 2.46575
24430001 2.51927
24440001 2.43003
24450001 2.55392
24460001 2.47174
24470001 2.44984
24480001 2.52637
24490001 2.46869
24500001 2.47555
24510001 2.54485
24520001 2.43106
24530001 2.49924
24540001 2.56666
24550001 2.40449
24560001 2.52794
24570001 2.4729
24580001 2.46394
24590001 2.49696
24600001 2.50281
24610001 2.46513
24620001 2.51566
24630001 2.51509
24640001 2.53947
24650001 2.49455
24660001 2.48925
24670001 2.5539
24680001 2.43638
24690001 2.52398
24700001 2.49549
24710001 2.43517
24720001 2.49267
24730001 2.52187
24740001 2.42924
24750001 2.54735
24760001 2.4769
24770001 2.43928
24780001 2.5276
24790001 2.464
24800001 2.4636
24810001 2.53253
24820001 2.42636
24830001 2.44226
24840001 2.53675
24850001 2.3995
24860001 2.54271
24870001 2.44516
24880001 2.43981
24890001 2.50748
24900001 2.44984
24910001 2.43863
24920001 2.51794
24930001 2.44717
24940001 2.51881
24950001 2.50895
24960001 2.41057
24970001 2.55631
24980001 2.46316
24990001 2.49514
25000001 2.50513
25010001 2.449
25020001 2.46452
25030001 2.52524
25040001 2.50386
25050001 2.53442
25060001 2.50664
25070001 2.522
25080001 2.51364
25090001 2.48262
25100001 2.56149
25110001 2.52098
25120001 2.44621
25130001 2.54678
25140001 2.528
25150001 2.41623
25160001 2.55943
25170001 2.4341
25180001 2.44966
25190001 2.52552
25200001 2.44357
25210001 2.43796
25220001 2.53791
25230001 2.43654
25240001 2.5254
25250001 2.4971
25260001 2.39492
25270001 2.51818
25280001 2.45779
25290001 2.46925
25300001 2.45977
25310001 2.45459
25320001 2.44334
25330001 2.47948
25340001 2.46252
25350001 2.53116
25360001 2.50197
25370001 2.48659
25380001 2.51051
25390001 2.48701
25400001 2.47943
25410001 2.49295
25420001 2.45932
25430001 2.49609
25440001 2.50942
25450001 2.44761
25460001 2.53
25470001 2.45704
25480001 2.47832
25490001 2.50424
25500001 2.46384
25510001 2.48013
25520001 2.5207
25530001 2.44365
25540001 2.55448
25550001 2.48041
25560001 2.42186
25570001 2.593
25580001 2.4279
25590001 2.47571
25600001 2.53389
25610001 2.44291
25620001 2.44414
25630001 2.52892
25640001 2.43184
25650001 2.52353
25660001 2.52208
25670001 2.44773
25680001 2.49616
25690001 2.52132
25700001 2.45134
25710001 2.48871
25720001 2.47226
25730001 2.47434
25740001 2.49967
25750001 2.44538
25760001 2.52677
25770001 2.43091
25780001 2.49352
25790001 2.4844
25800001 2.44309
25810001 2.49729
25820001 2.52031
25830001 2.42805
25840001 2.57464
25850001 2.47892
25860001 2.43122
25870001 2.57061
25880001 2.4361
25890001 2.50378
25900001 2.50162
25910001 2.43457
25920001 2.46645
25930001 2.51247
25940001 2.42506
25950001 2.54791
25960001 2.47859
25970001 2.43773
25980001 2.53692
25990001 2.46619
26000001 2.45329
26010001 2.47536
26020001 2.43056
26030001 2.43292
26040001 2.52257
26050001 2.41214
26060001 2.54807
26070001 2.48582
26080001 2.4607
26090001 2.49875
26100001 2.49441
26110001 2.4706
26120001 2.52922
26130001 2.51011
26140001 2.50074
26150001 2.49033
26160001 2.46905
26170001 2.55526
26180001 2.44728
26190001 2.54368
26200001 2.50067
26210001 2.43776
26220001 2.49333
26230001 2.50537
26240001 2.43008
26250001 2.52445
26260001 2.47676
26270001 2.4395
26280001 2.53689
26290001 2.45406
26300001 2.43456
26310001 2.48648
26320001 2.42384
26330001 2.41125
26340001 2.53498
26350001 2.40934
26360001 2.51636
26370001 2.45523
26380001 2.44331
26390001 2.50812
26400001 2.45994
26410001 2.43939
26420001 2.52516
26430001 2.45011
26440001 2.48092
26450001 2.50004
26460001 2.41849
26470001 2.5343
26480001 2.47254
26490001 2.48684
26500001 2.50038
26510001 2.45652
26520001 2.46523
26530001 2.51223
26540001 2.45373
26550001 2.52211
26560001 2.51172
26570001 2.52568
26580001 2.52767
26590001 2.48488
26600001 2.52096
26610001 2.47646
26620001 2.4509
26630001 2.51009
26640001 2.5214
26650001 2.41994
26660001 2.58124
26670001 2.44785
26680001 2.45646
26690001 2.53665
26700001 2.45062
26710001 2.44073
26720001 2.55337
26730001 2.44181
26740001 2.48026
26750001 2.50422
26760001 2.39548
26770001 2.51677
26780001 2.45346
26790001 2.46209
26800001 2.45925
26810001 2.45219
26820001 2.44402
26830001 2.47762
26840001 2.47058
26850001 2.51778
26860001 2.46473
26870001 2.49422
26880001 2.51547
26890001 2.48999
26900001 2.48523
26910001 2.47538
26920001 2.46665
26930001 2.46858
26940001 2.50932
26950001 2.43659
26960001 2.54065
26970001 2.44654
26980001 2.48948
26990001 2.50217
27000001 2.47239
27010001 2.48548
27020001 2.51664
27030001 2.43552
27040001 2.50908
27050001 2.48252
27060001 2.40388
27070001 2.56956
27080001 2.42701
27090001 2.47717
27100001 2.50367
27110001 2.42979
27120001 2.44687
27130001 2.53219
27140001 2.4162
27150001 2.51382
27160001 2.50499
27170001 2.44415
27180001 2.50318
27190001 2.53115
27200001 2.45595
27210001 2.47156
27220001 2.47143
27230001 2.44615
27240001 2.49782
27250001 2.45457
27260001 2.53038
27270001 2.44078
27280001 2.46251
27290001 2.48895
27300001 2.44538
27310001 2.49815
27320001 2.52127
27330001 2.41646
27340001 2.51877
27350001 2.4878
27360001 2.38949
27370001 2.58257
27380001 2.41274
27390001 2.49987
27400001 2.47658
27410001 2.42508
27420001 2.47226
27430001 2.50612
27440001 2.41168
27450001 2.53528
27460001 2.48475
27470001 2.40904
27480001 2.53727
27490001 2.47109
27500001 2.44136
27510001 2.48372
27520001 2.41007
27530001 2.43865
27540001 2.51206
27550001 2.41377
27560001 2.54418
27570001 2.46817
27580001 2.44921
27590001 2.50385
27600001 2.50662
27610001 2.46178
27620001 2.52986
27630001 2.47845
27640001 2.50727
27650001 2.49591
27660001 2.46074
27670001 2.55949
27680001 2.43063
27690001 2.56791
27700001 2.46776
27710001 2.44409
27720001 2.52206
27730001 2.51294
27740001 2.41719
27750001 2.54929
27760001 2.47831
27770001 2.4134
27780001 2.54173
27790001 2.46
27800001 2.44268
27810001 2.49014
27820001 2.40874
27830001 2.41121
27840001 2.49613
27850001 2.40897
27860001 2.51891
27870001 2.47649
27880001 2.41925
27890001 2.46033
27900001 2.46958
27910001 2.44365
27920001 2.52569
27930001 2.43612
27940001 2.46333
27950001 2.50805
27960001 2.41634
27970001 2.53488
27980001 2.43342
27990001 2.50221
28000001 2.45407
28010001 2.46289
28020001 2.47242
28030001 2.51637
28040001 2.44665
28050001 2.53019
28060001 2.49594
28070001 2.44306
28080001 2.53527
28090001 2.48515
28100001 2.52554
28110001 2.48349
28120001 2.44003
28130001 2.50131
28140001 2.47299
28150001 2.42584
28160001 2.57798
28170001 2.45597
28180001 2.42843
28190001 2.54882
28200001 2.44769
28210001 2.4458
28220001 2.56581
28230001 2.42631
28240001 2.44722
28250001 2.51719
28260001 2.39463
28270001 2.51696
28280001 2.44228
28290001 2.46781
28300001 2.43557
28310001 2.46017
28320001 2.44977
28330001 2.4851
28340001 2.44584
28350001 2.52373
28360001 2.46807
28370001 2.47247
28380001 2.52208
28390001 2.45202
28400001 2.49064
28410001 2.47492
28420001 2.44607
28430001 2.46975
28440001 2.48594
28450001 2.44217
28460001 2.54973
28470001 2.45509
28480001 2.44097
28490001 2.51337
28500001 2.44137
28510001 2.49642
28520001 2.52388
28530001 2.43822
28540001 2.47757
28550001 2.48828
28560001 2.40492
28570001 2.53395
28580001 2.41602
28590001 2.46888
28600001 2.47678
28610001 2.42001
28620001 2.46305
28630001 2.53745
28640001 2.40545
28650001 2.52746
28660001 2.51136
28670001 2.40453
28680001 2.51416
28690001 2.50948
28700001 2.4538
28710001 2.47135
28720001 2.48804
28730001 2.44179
28740001 2.4772
28750001 2.47873
28760001 2.5141
28770001 2.44723
28780001 2.46974
28790001 2.5017
28800001 2.44236
28810001 2.50437
28820001 2.52533
28830001 2.41609
28840001 2.48589
28850001 2.50095
28860001 2.3967
28870001 2.53766
28880001 2.41346
28890001 2.45715
28900001 2.4849
28910001 2.41804
28920001 2.47655
28930001 2.50941
28940001 2.40494
28950001 2.54214
28960001 2.48645
28970001 2.39922
28980001 2.54402
28990001 2.47153
29000001 2.43537
29010001 2.47174
29020001 2.42388
29030001 2.4193
29040001 2.48857
29050001 2.41807
29060001 2.52402
29070001 2.46559
29080001 2.44203
29090001 2.50385
29100001 2.47175
29110001 2.48011
29120001 2.54025
29130001 2.48118
29140001 2.46318
29150001 2.51365
29160001 2.4476
29170001 2.51234
29180001 2.44018
29190001 2.56647
29200001 2.46848
29210001 2.43645
29220001 2.5302
29230001 2.50565
29240001 2.426
29250001 2.57893
29260001 2.47583
29270001 2.40135
29280001 2.55259
29290001 2.45453
29300001 2.44307
29310001 2.4898
29320001 2.41664
29330001 2.41551
29340001 2.50618
29350001 2.41481
29360001 2.50239
29370001 2.4578
29380001 2.42309
29390001 2.46252
29400001 2.47285
29410001 2.4544
29420001 2.49481
29430001 2.44151
29440001 2.44917
29450001 2.52409
29460001 2.41091
29470001 2.49293
29480001 2.44039
29490001 2.50547
29500001 2.4549
29510001 2.4418
29520001 2.46801
29530001 2.49539
29540001 2.45561
29550001 2.52421
29560001 2.49183
29570001 2.43878
29580001 2.53966
29590001 2.4682
29600001 2.47198
29610001 2.49441
29620001 2.45066
29630001 2.50545
29640001 2.48706
29650001 2.43314
29660001 2.56447
29670001 2.44501
29680001 2.43223
29690001 2.53849
29700001 2.44876
29710001 2.45377
29720001 2.5759
29730001 2.4182
29740001 2.44528
29750001 2.54278
29760001 2.38886
29770001 2.48537
29780001 2.45609
29790001 2.44107
29800001 2.44552
29810001 2.45449
29820001 2.44027
29830001 2.48788
29840001 2.44976
29850001 2.51747
29860001 2.46312
29870001 2.44861
29880001 2.52189
29890001 2.43142
29900001 2.50491
29910001 2.49109
29920001 2.41345
29930001 2.47923
29940001 2.50097
29950001 2.44654
29960001 2.53315
29970001 2.45774
29980001 2.44987
29990001 2.51505
