1 454.348
11 6.40084
21 5.13706
31 4.71603
41 4.55851
51 4.33216
61 4.47427
71 4.11748
81 4.06761
91 4.55231
101 4.23141
111 3.93783
121 3.86215
131 4.14322
141 4.1914
151 3.85431
161 3.71343
171 3.97413
181 3.76156
191 3.77839
201 3.70225
211 3.68642
221 3.78265
231 3.722
241 3.94918
251 3.68699
261 3.65606
271 3.96107
281 3.62912
291 3.66698
301 3.54703
311 3.90708
321 3.59911
331 3.5707
341 3.70859
351 3.54146
361 3.68468
371 3.6005
381 3.59053
391 3.59389
401 3.58523
411 3.89197
421 3.58261
431 3.50018
441 3.8986
451 3.89699
461 3.56692
471 3.54944
481 3.64595
491 3.99557
501 3.53767
511 3.48311
521 3.78473
531 3.55428
541 3.62442
551 3.60133
561 3.52288
571 3.64432
581 3.59259
591 3.81239
601 3.54205
611 3.52245
621 3.84764
631 3.80769
641 3.52206
651 3.53305
661 3.82727
671 3.53697
681 3.70035
691 3.45924
701 3.51288
711 3.50343
721 3.53591
731 3.77715
741 3.50544
751 3.52429
761 3.57203
771 3.82282
781 3.5353
791 3.53565
801 3.80534
811 3.63645
821 3.46337
831 3.46237
841 3.75115
851 3.48766
861 3.50862
871 3.56123
881 3.54137
891 3.61878
901 3.50307
911 3.52735
921 3.4301
931 3.57436
941 3.82782
951 3.48697
961 3.48313
971 3.80397
981 3.82944
991 3.51247
1001 3.49332
1011 3.82519
1021 3.62768
1031 3.53653
1041 3.47468
1051 3.75327
1061 3.50344
1071 3.51098
1081 3.51886
1091 3.48154
1101 3.63591
1111 3.53853
1121 3.81553
1131 3.50506
1141 3.53333
1151 3.83597
1161 3.71606
1171 3.54857
1181 3.41664
1191 3.78164
1201 3.46633
1211 3.57452
1221 3.50655
1231 3.47436
1241 3.60873
1251 3.54047
1261 3.79259
1271 3.51824
1281 3.51905
1291 4.12717
1301 3.49831
1311 3.46806
1321 3.51204
1331 3.80736
1341 3.61595
1351 3.42653
1361 3.60437
1371 3.79108
1381 3.50931
1391 3.40998
1401 3.55337
1411 3.51185
1421 3.58563
1431 3.51675
1441 3.45989
1451 3.57871
1461 3.53586
1471 3.85517
1481 3.4898
1491 3.48274
1501 3.82811
1511 3.72963
1521 3.5036
1531 3.41345
1541 3.81336
1551 3.50341
1561 3.57457
1571 3.48696
1581 3.44746
1591 3.66615
1601 3.50006
1611 3.79443
1621 3.51626
1631 3.48514
1641 4.0808
1651 3.77068
1661 3.56663
1671 3.50788
1681 3.79715
1691 3.96365
1701 3.53233
1711 3.41293
1721 3.73643
1731 3.50499
1741 3.59365
1751 3.47248
1761 3.47111
1771 3.5929
1781 3.55645
1791 3.50569
1801 3.52237
1811 3.51774
1821 3.8276
1831 3.50896
1841 3.39477
1851 3.59735
1861 3.77292
1871 3.48646
1881 3.65712
1891 3.59517
1901 3.50886
1911 3.6489
1921 3.45531
1931 3.5019
1941 3.48499
1951 3.5266
1961 3.78798
1971 3.49144
1981 3.49155
1991 3.57174
2001 3.80285
2011 3.48949
2021 3.5065
2031 3.77857
2041 3.90046
2051 3.49238
2061 3.45905
2071 3.77687
2081 3.49148
2091 3.5883
2101 3.48167
2111 3.49351
2121 3.58756
2131 3.54965
2141 3.81351
2151 3.47901
2161 3.52087
2171 3.81037
2181 3.75574
2191 3.52617
2201 3.48128
2211 3.83469
2221 3.49248
2231 3.54861
2241 3.45757
2251 3.76438
2261 3.49397
2271 3.49917
2281 3.86053
2291 3.50488
2301 3.50709
2311 3.49682
2321 3.53909
2331 3.51511
2341 3.55054
2351 3.81703
2361 3.47975
2371 3.47804
2381 3.58461
2391 3.82801
2401 3.50485
2411 3.41804
2421 3.79692
2431 3.48012
2441 3.60482
2451 3.50151
2461 3.45785
2471 3.58288
2481 3.54901
2491 3.8072
2501 3.47592
2511 3.48078
2521 4.13266
2531 3.80474
2541 3.53893
2551 3.49359
2561 3.84332
2571 3.91875
2581 3.57784
2591 3.4501
2601 3.74551
2611 3.53078
2621 3.46356
2631 3.49504
2641 3.48193
2651 3.60754
2661 3.55983
2671 3.79899
2681 3.54199
2691 3.51035
2701 3.8386
2711 3.49925
2721 3.5455
2731 3.42361
2741 3.81477
2751 3.49299
2761 3.4643
2771 3.6134
2781 3.44476
2791 3.59885
2801 3.51551
2811 3.50577
2821 3.51926
2831 3.52448
2841 3.84819
2851 3.51673
2861 3.42602
2871 3.79495
2881 3.8692
2891 3.51477
2901 3.49267
2911 3.59499
2921 3.97482
2931 3.50518
2941 3.4348
2951 3.74075
2961 3.50808
2971 3.58556
2981 3.56038
2991 3.4832
3001 3.60208
3011 3.55953
3021 3.7899
3031 3.50387
3041 3.49049
3051 3.82379
3061 3.78445
3071 3.4984
3081 3.45393
3091 3.80639
3101 3.51605
3111 3.57127
3121 3.44509
3131 3.49426
3141 3.64526
3151 3.51758
3161 3.78884
3171 3.48153
3181 3.51152
3191 3.81065
3201 3.78116
3211 3.5218
3221 3.52336
3231 3.8017
3241 3.62648
3251 3.45326
3261 3.45197
3271 3.74551
3281 3.4947
3291 3.50545
3301 3.55783
3311 3.53669
3321 3.61669
3331 3.49904
3341 3.52606
3351 3.42368
3361 3.57108
3371 3.82705
3381 3.48499
3391 3.48617
3401 3.80466
3411 3.82918
3421 3.48571
3431 3.49373
3441 3.82667
3451 3.49459
3461 3.53542
3471 3.4706
3481 3.75803
3491 3.50786
3501 3.52067
3511 3.53534
3521 3.48256
3531 3.52386
3541 3.54389
3551 3.82304
3561 3.50856
3571 3.5377
3581 3.84287
3591 3.91358
3601 3.55511
3611 3.42306
3621 3.79263
3631 3.47387
3641 3.58537
3651 3.50324
3661 3.47963
3671 3.61482
3681 3.54106
3691 3.80485
3701 3.52142
3711 3.5322
3721 4.13973
3731 3.50554
3741 3.47467
3751 3.52132
3761 3.81209
3771 3.6282
3781 3.42931
3791 3.63533
3801 3.80668
3811 3.5216
3821 3.45027
3831 3.56477
3841 3.52561
3851 3.59135
3861 3.525
3871 3.47085
3881 3.59401
3891 3.55382
3901 3.86974
3911 3.50512
3921 3.49689
3931 3.84169
3941 3.74714
3951 3.5134
3961 3.4244
3971 3.83458
3981 3.5157
3991 3.58813
4001 3.53539
4011 3.46554
4021 3.61877
4031 3.51251
4041 3.80939
4051 3.52749
4061 3.49925
4071 4.14728
4081 3.75235
4091 3.57938
4101 3.51214
4111 3.81918
4121 3.97681
4131 3.54499
4141 3.4253
4151 3.75418
4161 3.51738
4171 3.60828
4181 3.48978
4191 3.4767
4201 3.60617
4211 3.56837
4221 3.52271
4231 3.53567
4241 3.53211
4251 3.83809
4261 3.52175
4271 3.40706
4281 3.61135
4291 3.78811
4301 3.50161
4311 3.50331
4321 3.61239
4331 3.52344
4341 3.69401
4351 3.47027
4361 3.51444
4371 3.49604
4381 3.53862
4391 3.80537
4401 3.50488
4411 3.51299
4421 3.84215
4431 3.81826
4441 3.50316
4451 3.52179
4461 3.79403
4471 3.91656
4481 3.50793
4491 3.47231
4501 3.7734
4511 3.5183
4521 3.60188
4531 3.49645
4541 3.50638
4551 3.60252
4561 3.55656
4571 3.82804
4581 3.49303
4591 3.53038
4601 3.82561
4611 3.77379
4621 3.54997
4631 3.49638
4641 3.84706
4651 3.47584
4661 3.59807
4671 3.47632
4681 3.46971
4691 3.50819
4701 3.50765
4711 4.18633
4721 3.52302
4731 3.52107
4741 3.51102
4751 3.5537
4761 3.46969
4771 3.56235
4781 3.82617
4791 3.49686
4801 3.49763
4811 3.59784
4821 3.84126
4831 3.51969
4841 3.43428
4851 3.80434
4861 3.49407
4871 3.61922
4881 3.5162
4891 3.47298
4901 3.59301
4911 3.56144
4921 3.8283
4931 3.49091
4941 3.50382
4951 4.14676
4961 3.82092
4971 3.55292
4981 3.5083
4991 3.85368
