1 2173.96
10001 207.128
20001 74.6355
30001 39.9284
40001 26.6153
50001 21.4059
60001 16.625
70001 14.3121
80001 12.7193
90001 12.037
100001 11.7076
110001 13.0435
120001 12.1349
130001 11.3777
140001 12.5298
150001 11.2913
160001 10.727
170001 12.9128
180001 11.0288
190001 10.3822
200001 9.49319
210001 10.5258
220001 11.7449
230001 12.1785
240001 11.5413
250001 10.1709
260001 9.59334
270001 10.874
280001 10.1753
290001 8.90838
300001 8.49286
310001 10.011
320001 9.65172
330001 11.2459
340001 12.0537
350001 10.0698
360001 12.009
370001 9.58261
380001 10.0109
390001 10.1419
400001 10.6828
410001 12.1374
420001 12.0648
430001 14.0037
440001 13.6436
450001 10.6176
460001 10.7961
470001 10.1915
480001 10.5606
490001 11.7108
500001 9.96565
510001 8.82012
520001 8.20535
530001 8.48933
540001 9.50788
550001 10.1866
560001 10.274
570001 9.94505
580001 9.25502
590001 10.2122
600001 9.37599
610001 10.2833
620001 10.7392
630001 8.17172
640001 9.38902
650001 9.61442
660001 10.3138
670001 11.4344
680001 9.89939
690001 9.43062
700001 8.78175
710001 10.0285
720001 9.80532
730001 8.49722
740001 7.97609
750001 7.76734
760001 9.14689
770001 11.4671
780001 10.9361
790001 10.4177
800001 9.11865
810001 9.45272
820001 9.80964
830001 10.1829
840001 9.37141
850001 11.98
860001 12.3258
870001 12.8708
880001 13.7438
890001 10.5233
900001 10.455
910001 9.61596
920001 9.43713
930001 9.90958
940001 10.8884
950001 8.58422
960001 8.15432
970001 8.7803
980001 9.09976
990001 8.40318
1000001 9.37248
1010001 9.75619
1020001 8.92545
1030001 9.673
1040001 10.2137
1050001 8.29072
1060001 10.8903
1070001 9.56227
1080001 9.63766
1090001 9.2614
1100001 8.75914
1110001 11.2832
1120001 8.96776
1130001 9.77692
1140001 9.10629
1150001 8.46369
1160001 9.68372
1170001 8.60215
1180001 7.91018
1190001 7.73261
1200001 9.30923
1210001 10.2648
1220001 10.9571
1230001 11.5889
1240001 9.12691
1250001 9.77013
1260001 10.3973
1270001 10.1625
1280001 10.7191
1290001 10.9314
1300001 12.8832
1310001 13.2469
1320001 13.6686
1330001 12.6312
1340001 11.0457
1350001 10.5076
1360001 9.45849
1370001 10.0788
1380001 11.5689
1390001 8.75118
1400001 8.2648
1410001 7.74391
1420001 8.46695
1430001 8.35992
1440001 8.32221
1450001 9.69354
1460001 9.7147
1470001 9.4203
1480001 8.63871
1490001 8.25814
1500001 10.9668
1510001 9.61016
1520001 8.80494
1530001 8.64057
1540001 8.56408
1550001 11.137
1560001 11.05
1570001 10.0465
1580001 9.10793
1590001 8.70877
1600001 9.68999
1610001 9.45115
1620001 7.91073
1630001 7.77165
1640001 9.25461
1650001 10.4898
1660001 10.4821
1670001 11.9138
1680001 9.07758
1690001 12.0528
1700001 9.10726
1710001 9.54232
1720001 10.8708
1730001 10.2262
1740001 12.9174
1750001 11.6815
1760001 13.8679
1770001 12.8456
1780001 10.9532
1790001 9.45645
1800001 9.4698
1810001 9.9368
1820001 11.3204
1830001 8.7598
1840001 8.31658
1850001 7.78713
1860001 8.03068
1870001 8.41462
1880001 10.4037
1890001 9.6933
1900001 9.19307
1910001 10.7966
1920001 9.54957
1930001 9.15666
1940001 11.6146
1950001 9.59844
1960001 9.06401
1970001 8.19397
1980001 9.43346
1990001 10.7324
2000001 11.2057
2010001 10.5878
2020001 9.23288
2030001 8.68482
2040001 10.0582
2050001 9.40366
2060001 8.13956
2070001 7.71173
2080001 9.30828
2090001 8.99192
2100001 10.6499
2110001 11.5419
2120001 9.54938
2130001 11.5541
2140001 9.07092
2150001 9.5358
2160001 9.64472
2170001 10.2057
2180001 11.7187
2190001 11.608
2200001 13.6043
2210001 13.2563
2220001 9.94597
2230001 10.025
2240001 9.60351
2250001 10.0933
2260001 11.3131
2270001 9.57651
2280001 8.42189
2290001 7.81682
2300001 8.125
2310001 9.30946
2320001 9.89135
2330001 9.94561
2340001 9.6659
2350001 8.96795
2360001 9.9587
2370001 9.15194
2380001 9.79114
2390001 10.518
2400001 7.94684
2410001 9.16773
2420001 9.39394
2430001 10.0978
2440001 11.23
2450001 9.65659
2460001 9.19131
2470001 8.59308
2480001 9.82691
2490001 9.63826
2500001 8.30678
2510001 7.78875
2520001 7.59983
2530001 8.9837
2540001 11.299
2550001 10.7737
2560001 10.2889
2570001 8.98548
2580001 9.3063
2590001 9.63689
2600001 10.0444
2610001 9.23734
2620001 11.8445
2630001 12.1626
2640001 12.7249
2650001 13.6475
2660001 10.3548
2670001 10.2161
2680001 9.3939
2690001 9.25637
2700001 9.75114
2710001 10.7407
2720001 8.42997
2730001 7.99438
2740001 8.63488
2750001 8.98077
2760001 8.28823
2770001 9.24564
2780001 9.64401
2790001 8.81051
2800001 9.58302
2810001 10.1146
2820001 8.19127
2830001 10.8144
2840001 9.48838
2850001 9.56567
2860001 9.16804
2870001 8.67987
2880001 11.2105
2890001 8.872
2900001 9.67454
2910001 9.01909
2920001 8.37082
2930001 9.60607
2940001 8.52511
2950001 7.83375
2960001 8.20318
2970001 9.2376
2980001 10.1847
2990001 10.8688
3000001 11.5342
3010001 9.07623
3020001 9.72019
3030001 10.3412
3040001 10.0903
3050001 10.6656
3060001 10.8686
3070001 12.8072
3080001 13.1729
3090001 13.5872
3100001 12.5587
3110001 10.7397
3120001 10.3918
3130001 9.37138
3140001 9.98786
3150001 11.4883
3160001 8.66835
3170001 8.17293
3180001 7.66394
3190001 8.40104
3200001 8.29786
3210001 8.21593
3220001 9.63328
3230001 9.65055
3240001 9.37207
3250001 8.59296
3260001 8.21527
3270001 10.9238
3280001 9.57722
3290001 8.76737
3300001 8.60447
3310001 8.52538
3320001 11.0912
3330001 11.0042
3340001 9.70527
3350001 9.05848
3360001 8.66498
3370001 9.64503
3380001 9.4185
3390001 7.87769
3400001 7.73039
3410001 9.21792
3420001 10.4486
3430001 10.4445
3440001 11.8901
3450001 9.04947
3460001 12.0302
3470001 9.08521
3480001 9.51267
3490001 10.8815
3500001 10.1854
3510001 12.8761
3520001 11.6301
3530001 13.8177
3540001 12.7988
3550001 10.8901
3560001 9.39068
3570001 9.41723
3580001 9.88298
3590001 11.275
3600001 8.70626
3610001 8.25615
3620001 7.74084
3630001 7.98414
3640001 8.38069
3650001 10.3625
3660001 9.65996
3670001 9.15607
3680001 10.7659
3690001 9.52507
3700001 9.1427
3710001 10.9114
3720001 9.58297
3730001 9.04397
3740001 8.16983
3750001 9.41372
3760001 10.7015
3770001 11.1834
3780001 10.5414
3790001 9.20565
3800001 8.65864
3810001 10.0341
3820001 9.3859
3830001 8.11942
3840001 7.69285
3850001 9.28867
3860001 8.97362
3870001 10.6254
3880001 11.5279
3890001 9.5336
3900001 11.5289
3910001 9.05451
3920001 9.52172
3930001 9.62663
3940001 10.1792
3950001 11.6951
3960001 11.5656
3970001 13.5654
3980001 13.2211
3990001 9.91026
4000001 9.97063
4010001 9.56538
4020001 10.0585
4030001 11.3001
4040001 9.54354
4050001 8.38471
4060001 7.78417
4070001 8.09281
4080001 9.28622
4090001 9.86529
4100001 9.915
4110001 9.64255
4120001 8.93872
4130001 9.94696
4140001 9.14251
4150001 9.7751
4160001 10.5068
4170001 7.9369
4180001 9.15463
4190001 9.37463
4200001 10.0787
4210001 11.2114
4220001 9.62831
4230001 9.19715
4240001 8.58319
4250001 9.80988
4260001 9.63073
4270001 8.29112
4280001 7.77968
4290001 7.59435
4300001 8.97079
4310001 11.2814
4320001 10.7549
4330001 10.2793
4340001 8.9823
4350001 9.29856
4360001 9.62582
4370001 10.0345
4380001 9.22773
4390001 11.8286
4400001 12.1289
4410001 12.7016
4420001 13.6159
4430001 10.3366
4440001 10.1854
4450001 9.36667
4460001 9.23497
4470001 9.72847
4480001 10.7248
4490001 8.40218
4500001 7.96908
4510001 8.61218
4520001 8.9659
4530001 8.27597
4540001 10.1552
4550001 9.62576
4560001 8.79395
4570001 9.57206
4580001 10.1011
4590001 8.18025
4600001 10.8079
4610001 9.48796
4620001 9.55567
4630001 9.15544
4640001 8.6724
4650001 11.1864
4660001 8.85868
4670001 9.6541
4680001 9.00748
4690001 8.35792
4700001 9.6017
4710001 8.51872
4720001 7.82684
4730001 8.19943
4740001 9.23115
4750001 10.1726
4760001 10.8586
4770001 11.5295
4780001 9.07113
4790001 9.71808
4800001 10.3332
4810001 10.0791
4820001 10.6574
4830001 12.5438
4840001 12.7918
4850001 12.9538
4860001 13.5674
4870001 12.5434
4880001 10.7181
4890001 10.3744
4900001 9.34103
4910001 9.97345
4920001 11.469
4930001 8.65807
4940001 8.15479
4950001 7.64519
4960001 8.38777
4970001 8.28739
4980001 8.20235
4990001 9.62171
5000001 9.64359
5010001 9.36461
5020001 8.58671
5030001 8.20988
5040001 10.9167
5050001 9.57931
5060001 8.76496
5070001 8.60556
5080001 8.52441
5090001 11.0852
5100001 10.9946
5110001 9.67532
5120001 9.04645
5130001 8.65927
5140001 9.63981
5150001 9.41861
5160001 7.8584
5170001 7.7365
5180001 9.21377
5190001 10.4401
5200001 10.44
5210001 11.8869
5220001 9.04611
5230001 12.0292
5240001 9.07929
5250001 9.51079
5260001 10.8799
5270001 10.1744
5280001 12.8678
5290001 11.6192
5300001 13.8028
5310001 12.7847
5320001 10.867
5330001 9.37555
5340001 9.40695
5350001 9.86909
5360001 11.2637
5370001 8.69162
5380001 8.23964
5390001 7.73224
5400001 7.97517
5410001 8.37473
5420001 10.3518
5430001 9.65838
5440001 9.14518
5450001 10.7515
5460001 9.52135
5470001 9.14377
5480001 10.9069
5490001 9.58578
5500001 9.04287
5510001 8.15589
5520001 9.41496
5530001 10.6975
5540001 11.1794
5550001 10.5292
5560001 9.19577
5570001 8.65728
5580001 10.0307
5590001 9.38574
5600001 8.12081
5610001 7.6929
5620001 9.2886
5630001 8.97278
5640001 10.6178
5650001 11.5254
5660001 9.5299
5670001 11.5293
5680001 9.06979
5690001 9.52125
5700001 9.62671
5710001 10.1741
5720001 11.6939
5730001 11.5524
5740001 13.5474
5750001 13.207
5760001 9.91617
5770001 9.95362
5780001 9.55656
5790001 10.0474
5800001 11.2905
5810001 9.53012
5820001 8.3735
5830001 7.77817
5840001 8.08303
5850001 9.28275
5860001 9.85972
5870001 9.90732
5880001 9.6346
5890001 8.92873
5900001 10.0165
5910001 9.14294
5920001 9.77663
5930001 10.5074
5940001 7.94193
5950001 9.15394
5960001 9.37196
5970001 10.0769
5980001 11.2122
5990001 9.61532
6000001 9.18943
6010001 8.58472
6020001 9.80165
6030001 9.63611
6040001 8.17106
6050001 7.78073
6060001 7.59915
6070001 8.9652
6080001 11.277
6090001 10.7523
6100001 10.2762
6110001 8.98698
6120001 9.29976
6130001 9.62369
6140001 10.0369
6150001 9.23778
6160001 11.8277
6170001 12.1224
6180001 12.6918
6190001 13.604
6200001 10.3236
6210001 10.1768
6220001 9.3581
6230001 9.22856
6240001 9.72145
6250001 10.7166
6260001 8.39352
6270001 7.96247
6280001 8.60575
6290001 9.13907
6300001 8.27294
6310001 10.1252
6320001 9.62062
6330001 8.78762
6340001 9.58739
6350001 10.0962
6360001 8.17714
6370001 10.8076
6380001 9.49395
6390001 9.74772
6400001 9.15905
6410001 8.34076
6420001 11.2032
6430001 8.855
6440001 9.64655
6450001 8.99695
6460001 8.35335
6470001 9.60397
6480001 8.52025
6490001 7.82856
6500001 8.20401
6510001 9.2314
6520001 10.1838
6530001 10.8567
6540001 11.5291
6550001 9.07442
6560001 9.72001
6570001 10.3014
6580001 10.0761
6590001 10.6585
6600001 12.5418
6610001 12.271
6620001 12.9487
6630001 13.5585
6640001 12.5193
6650001 10.2693
6660001 10.3645
6670001 9.33559
6680001 9.96919
6690001 11.4638
6700001 8.65361
6710001 8.14992
6720001 7.63917
6730001 8.38622
6740001 8.28829
6750001 8.19814
6760001 9.61837
6770001 9.64047
6780001 9.29982
6790001 8.58676
6800001 8.2086
6810001 10.9178
6820001 9.58301
6830001 8.77129
6840001 8.60776
6850001 8.52822
6860001 11.0847
6870001 10.9954
6880001 9.67019
6890001 9.04346
6900001 8.64616
6910001 9.63979
6920001 9.42231
6930001 7.8634
6940001 7.74387
6950001 9.2192
6960001 10.4407
6970001 10.4395
6980001 11.889
6990001 9.0475
7000001 12.0348
7010001 9.08308
7020001 9.51348
7030001 10.8832
7040001 10.1746
7050001 12.8642
7060001 11.6153
7070001 13.7793
7080001 12.7778
7090001 10.8552
7100001 9.36484
7110001 9.40316
7120001 9.86549
7130001 11.2709
7140001 8.68374
7150001 8.23475
7160001 7.73158
7170001 7.97378
7180001 8.37339
7190001 10.3482
7200001 9.65647
7210001 9.14305
7220001 10.749
7230001 9.5216
7240001 9.14777
7250001 10.9054
7260001 9.52086
7270001 9.04723
7280001 8.1582
7290001 9.42018
7300001 10.6999
7310001 11.1809
7320001 10.5243
7330001 9.19152
7340001 8.65766
7350001 10.0291
7360001 9.39252
7370001 8.1264
7380001 7.69473
7390001 9.2924
7400001 8.97613
7410001 10.6167
7420001 11.5267
7430001 9.53568
7440001 11.6963
7450001 9.07093
7460001 9.52209
7470001 9.6324
7480001 10.1721
7490001 11.6921
7500001 11.548
7510001 13.5403
7520001 13.1991
7530001 9.90926
7540001 9.94712
7550001 9.55618
7560001 10.0316
7570001 11.2852
7580001 9.5407
7590001 8.37022
7600001 7.77433
7610001 8.07949
7620001 9.2827
7630001 9.85792
7640001 9.90542
7650001 9.63308
7660001 8.92636
7670001 9.94823
7680001 9.14706
7690001 9.78502
7700001 10.5102
7710001 7.94887
7720001 9.15367
7730001 9.37068
7740001 10.0805
7750001 11.2116
7760001 9.60623
7770001 9.18507
7780001 8.69039
7790001 9.8042
7800001 9.64062
7810001 8.17303
7820001 7.78516
7830001 7.60709
7840001 8.9692
7850001 10.8683
7860001 10.7487
7870001 10.2771
7880001 8.99283
7890001 9.30093
7900001 9.62755
7910001 10.0395
7920001 9.23966
7930001 11.828
7940001 12.1203
7950001 12.6869
7960001 13.5935
7970001 10.2902
7980001 10.1726
7990001 9.35252
8000001 9.22705
8010001 9.71832
8020001 10.7048
8030001 8.38226
8040001 7.96168
8050001 8.60585
8060001 9.14403
8070001 8.27201
8080001 10.1176
8090001 9.62289
8100001 8.78479
8110001 9.58873
8120001 10.1031
8130001 8.17408
8140001 10.786
8150001 8.21296
8160001 9.75158
8170001 9.1647
8180001 8.33328
8190001 11.2053
8200001 8.856
8210001 9.64358
8220001 8.99837
8230001 8.3538
8240001 9.60959
8250001 8.52378
8260001 7.83063
8270001 8.20961
8280001 9.23778
8290001 10.1846
8300001 10.8586
8310001 11.5306
8320001 9.06906
8330001 9.72183
8340001 10.3025
8350001 10.0808
8360001 10.6632
8370001 12.5384
8380001 12.2715
8390001 12.9476
8400001 13.5578
8410001 12.518
8420001 10.2634
8430001 10.3623
8440001 9.33421
8450001 9.97012
8460001 11.4633
8470001 8.57853
8480001 8.14861
8490001 7.6417
8500001 8.38902
8510001 8.29561
8520001 8.19968
8530001 9.61767
8540001 9.64566
8550001 9.38094
8560001 8.58843
8570001 8.21096
8580001 10.9208
8590001 9.59091
8600001 8.77529
8610001 8.6131
8620001 8.53289
8630001 11.0853
8640001 10.9981
8650001 9.66656
8660001 9.0441
8670001 8.64754
8680001 9.64136
8690001 9.427
8700001 7.86665
8710001 7.75086
8720001 9.23176
8730001 10.4433
8740001 10.4418
8750001 11.8833
8760001 9.05057
8770001 12.0392
8780001 9.08675
8790001 9.51526
8800001 10.8829
8810001 10.1759
8820001 12.8596
8830001 11.6145
8840001 13.772
8850001 12.7756
8860001 10.8488
8870001 9.36373
8880001 9.40381
8890001 9.86461
8900001 11.271
8910001 8.67963
8920001 8.23009
8930001 7.73376
8940001 7.97425
8950001 8.37339
8960001 10.3472
8970001 9.65796
8980001 9.14208
8990001 10.7506
9000001 9.52561
9010001 9.15365
9020001 10.9065
9030001 9.52646
9040001 8.95356
9050001 8.16217
9060001 9.42623
9070001 10.7036
9080001 11.1837
9090001 10.5066
9100001 9.19051
9110001 8.66174
9120001 10.0326
9130001 9.40091
9140001 8.12848
9150001 7.76645
9160001 9.29839
9170001 8.97835
9180001 10.6192
9190001 11.5275
9200001 9.53991
9210001 11.7462
9220001 9.07559
9230001 9.52298
9240001 9.63606
9250001 10.1722
9260001 11.6854
9270001 11.5415
9280001 13.5364
9290001 13.1931
9300001 9.90676
9310001 9.95343
9320001 9.55789
9330001 10.03
9340001 11.2846
9350001 9.54027
9360001 8.37
9370001 7.77514
9380001 8.08008
9390001 8.92996
9400001 9.85103
9410001 9.90039
9420001 9.73132
9430001 8.9263
9440001 9.95123
9450001 9.1517
9460001 9.78665
9470001 10.5155
9480001 7.95464
9490001 9.15844
9500001 9.36415
9510001 10.0814
9520001 11.206
9530001 9.60662
9540001 9.18221
9550001 8.85506
9560001 9.80736
9570001 9.64565
9580001 8.17631
9590001 7.79245
9600001 7.61387
9610001 8.97157
9620001 10.8715
9630001 10.7516
9640001 10.278
9650001 8.99679
9660001 9.30513
9670001 9.63382
9680001 10.0431
9690001 9.24304
9700001 11.8839
9710001 12.1141
9720001 12.6858
9730001 13.5878
9740001 10.2878
9750001 10.1695
9760001 9.3517
9770001 9.22673
9780001 9.71713
9790001 10.7048
9800001 8.38145
9810001 7.96151
9820001 8.60945
9830001 9.14375
9840001 8.27428
9850001 10.1194
9860001 9.62503
9870001 8.788
9880001 9.59183
9890001 10.1018
9900001 8.17645
9910001 10.7878
9920001 8.2176
9930001 9.75585
9940001 9.27907
9950001 8.33838
9960001 11.2071
9970001 8.86263
9980001 9.63347
9990001 9.04647
10000001 8.35678
10010001 9.61032
10020001 8.53486
10030001 7.84458
10040001 8.21562
10050001 9.24326
10060001 10.1866
10070001 10.8612
10080001 11.5299
10090001 9.07044
10100001 9.72719
10110001 10.304
10120001 10.0841
10130001 10.6673
10140001 12.5397
10150001 12.2863
10160001 12.9411
10170001 13.5564
10180001 11.6094
10190001 10.2528
10200001 10.3644
10210001 9.28055
10220001 9.9806
10230001 11.4634
10240001 8.57689
10250001 7.99007
10260001 7.64235
10270001 8.39045
10280001 8.29792
10290001 8.20898
10300001 9.62724
10310001 9.64657
10320001 9.38315
10330001 8.58979
10340001 8.21235
10350001 10.9238
10360001 9.59735
10370001 8.7817
10380001 8.6166
10390001 8.53739
10400001 11.0663
10410001 10.9997
10420001 9.66378
10430001 9.04446
10440001 8.64982
10450001 9.63976
10460001 9.43226
10470001 7.87073
10480001 7.75277
10490001 9.23769
10500001 10.4462
10510001 10.4432
10520001 11.8861
10530001 9.05188
10540001 12.0435
10550001 9.09194
10560001 9.52659
10570001 10.8883
10580001 10.1785
10590001 12.8593
10600001 11.6164
10610001 13.7701
10620001 12.7747
10630001 10.8413
10640001 9.36383
10650001 9.40366
10660001 9.86449
10670001 11.2713
10680001 8.6793
10690001 8.22875
10700001 7.73548
10710001 7.97705
10720001 8.37746
10730001 10.3477
10740001 9.66011
10750001 9.14211
10760001 10.7621
10770001 9.52995
10780001 9.15956
10790001 10.9074
10800001 9.53421
10810001 8.95766
10820001 8.167
10830001 9.43231
10840001 10.7043
10850001 11.1861
10860001 10.5055
10870001 9.28794
10880001 8.66384
10890001 10.0441
10900001 9.40457
10910001 8.1365
10920001 7.77069
10930001 9.29119
10940001 8.98049
10950001 10.6227
10960001 11.527
10970001 9.54014
10980001 11.7499
10990001 9.07992
11000001 9.526
11010001 9.63968
11020001 10.1729
11030001 11.6869
11040001 11.5418
11050001 13.5327
11060001 13.1914
11070001 9.90563
11080001 9.95221
11090001 9.55758
11100001 10.0287
11110001 11.2852
11120001 9.54069
11130001 8.36531
11140001 7.77746
11150001 8.08176
11160001 8.92231
11170001 9.85972
11180001 9.90908
11190001 9.73396
11200001 8.92807
11210001 9.95638
11220001 9.22603
11230001 10.9368
11240001 10.5198
11250001 7.96047
11260001 9.16016
11270001 9.36842
11280001 10.0841
11290001 11.2069
11300001 9.60774
11310001 9.18903
11320001 8.86118
11330001 9.81143
11340001 9.64963
11350001 8.17786
11360001 7.79702
11370001 7.61969
11380001 8.97552
11390001 10.876
11400001 10.7545
11410001 10.2821
11420001 9.00052
11430001 9.30693
11440001 9.64003
11450001 10.0442
11460001 9.24931
11470001 11.8824
11480001 12.1139
11490001 12.6902
11500001 13.5876
11510001 10.2866
11520001 10.067
11530001 9.33321
11540001 9.22782
11550001 9.71689
11560001 10.7048
11570001 8.38057
11580001 7.96396
11590001 8.61052
11600001 9.14601
11610001 8.28034
11620001 10.1183
11630001 9.62376
11640001 8.75757
11650001 9.59997
11660001 10.1014
11670001 8.17816
11680001 10.7908
11690001 8.22246
11700001 9.7596
11710001 9.28205
11720001 8.34401
11730001 11.2104
11740001 8.86576
11750001 9.63216
11760001 9.04917
11770001 8.35647
11780001 9.61249
11790001 8.53343
11800001 7.8482
11810001 8.22086
11820001 9.25539
11830001 10.187
11840001 10.8648
11850001 11.5382
11860001 9.07275
11870001 9.72989
11880001 10.306
11890001 10.0904
11900001 10.6716
11910001 12.541
11920001 12.2855
11930001 12.9842
11940001 13.5547
11950001 11.6098
11960001 10.2547
11970001 10.3634
11980001 9.28049
11990001 9.98191
12000001 11.4627
12010001 8.57746
12020001 7.99381
12030001 7.64499
12040001 8.39325
12050001 8.29775
12060001 8.21057
12070001 9.67739
12080001 9.66002
12090001 9.38412
12100001 8.59234
12110001 8.21453
12120001 10.9272
12130001 9.60285
12140001 8.78876
12150001 8.62012
12160001 8.5424
12170001 11.0718
12180001 11.0026
12190001 9.66419
12200001 9.04515
12210001 8.64745
12220001 9.64157
12230001 9.43773
12240001 7.87459
12250001 7.75843
12260001 9.24467
12270001 10.4495
12280001 10.4415
12290001 11.8892
12300001 9.05373
12310001 12.0551
12320001 10.079
12330001 9.53042
12340001 10.8908
12350001 10.1796
12360001 12.8588
12370001 11.6193
12380001 13.7676
12390001 12.7753
12400001 10.839
12410001 9.50685
12420001 9.40037
12430001 9.86467
12440001 11.2522
12450001 8.67702
12460001 8.22831
12470001 7.74234
12480001 8.62572
12490001 8.38101
12500001 10.3477
12510001 9.66229
12520001 9.14352
12530001 10.7571
12540001 9.53197
12550001 9.13987
12560001 10.9071
12570001 9.54797
12580001 8.96275
12590001 8.17001
12600001 9.44204
12610001 10.7072
12620001 11.1893
12630001 10.5059
12640001 9.27018
12650001 8.66631
12660001 10.0476
12670001 9.40932
12680001 8.13448
12690001 7.76328
12700001 9.29621
12710001 8.98533
12720001 10.6268
12730001 11.5304
12740001 9.54402
12750001 11.6273
12760001 9.08126
12770001 9.53052
12780001 9.87161
12790001 10.1808
12800001 11.6842
12810001 11.546
12820001 13.5286
12830001 13.1906
12840001 9.90501
12850001 9.95033
12860001 9.55515
12870001 10.0297
12880001 11.2852
12890001 9.54202
12900001 8.36696
12910001 7.77814
12920001 8.08524
12930001 8.92858
12940001 9.86158
12950001 9.91244
12960001 9.73535
12970001 8.92816
12980001 9.95798
12990001 9.231
13000001 10.9351
13010001 10.5297
13020001 7.94523
13030001 9.16413
13040001 9.37115
13050001 10.0868
13060001 11.2146
13070001 9.59479
13080001 9.18983
13090001 8.86456
13100001 9.81503
13110001 9.65673
13120001 8.17622
13130001 7.80062
13140001 7.62888
13150001 8.97986
13160001 10.8787
13170001 10.7571
13180001 10.282
13190001 9.00428
13200001 9.30776
13210001 9.64209
13220001 10.0462
13230001 9.25355
13240001 11.8817
13250001 12.1144
13260001 12.6924
13270001 13.5857
13280001 10.2855
13290001 10.0551
13300001 9.33134
13310001 9.229
13320001 9.71834
13330001 10.7075
13340001 8.38202
13350001 7.96475
13360001 8.61016
13370001 9.14674
13380001 8.28427
13390001 10.1192
13400001 9.62621
13410001 8.75759
13420001 9.60342
13430001 10.1013
13440001 8.19299
13450001 10.7939
13460001 8.22883
13470001 9.76376
13480001 9.2878
13490001 8.34956
13500001 11.2147
13510001 8.86893
13520001 9.63252
13530001 9.05093
13540001 8.35984
13550001 9.61217
13560001 8.53549
13570001 7.85347
13580001 8.22587
13590001 8.9751
13600001 10.1902
13610001 10.865
13620001 11.5408
13630001 9.07596
13640001 9.75976
13650001 10.3083
13660001 10.0987
13670001 10.6742
13680001 12.5419
13690001 12.2872
13700001 12.9798
13710001 13.5541
13720001 10.5745
13730001 10.253
13740001 10.3633
13750001 9.2814
13760001 9.98312
13770001 11.4623
13780001 8.57768
13790001 7.99522
13800001 7.64813
13810001 8.3958
13820001 8.30006
13830001 8.21218
13840001 9.68047
13850001 9.66353
13860001 9.38595
13870001 8.59227
13880001 8.21639
13890001 10.9312
13900001 9.60609
13910001 8.79523
13920001 8.62478
13930001 8.54711
13940001 11.0756
13950001 11.0053
13960001 9.66479
13970001 9.04636
13980001 8.66275
13990001 9.64128
14000001 9.44151
14010001 7.87562
14020001 7.76396
14030001 9.24726
14040001 10.4546
14050001 10.4465
14060001 11.8893
14070001 9.05671
14080001 12.0348
14090001 10.081
14100001 9.53312
14110001 10.8942
14120001 10.1794
14130001 12.8557
14140001 11.6187
14150001 13.7637
14160001 12.7745
14170001 10.8377
14180001 9.50655
14190001 9.40021
14200001 9.86465
14210001 11.2405
14220001 8.67697
14230001 8.23241
14240001 7.74362
14250001 8.61927
14260001 8.38305
14270001 10.3461
14280001 9.66435
14290001 9.14569
14300001 10.7547
14310001 9.53331
14320001 9.14289
14330001 10.9077
14340001 9.55199
14350001 8.96816
14360001 8.17349
14370001 9.44239
14380001 10.7078
14390001 11.2188
14400001 10.4869
14410001 9.27054
14420001 8.66942
14430001 10.0508
14440001 9.41073
14450001 8.1374
14460001 7.76815
14470001 9.29987
14480001 8.99197
14490001 10.6296
14500001 11.5337
14510001 9.54422
14520001 11.6754
14530001 9.08381
14540001 9.53123
14550001 9.87015
14560001 10.1841
14570001 11.6833
14580001 11.547
14590001 13.5962
14600001 13.1879
14610001 9.90489
14620001 9.95076
14630001 9.55577
14640001 10.0429
14650001 11.2868
14660001 9.52913
14670001 8.36623
14680001 7.77969
14690001 8.08689
14700001 8.92878
14710001 9.86199
14720001 9.91309
14730001 9.1821
14740001 8.93091
14750001 9.96413
14760001 9.23598
14770001 10.9356
14780001 10.5347
14790001 7.95031
14800001 9.17128
14810001 9.37223
14820001 10.0896
14830001 11.22
14840001 9.59603
14850001 9.19127
14860001 8.86738
14870001 9.81733
14880001 9.66357
14890001 8.1826
14900001 7.79901
14910001 7.63286
14920001 8.98029
14930001 10.8365
14940001 10.7592
14950001 10.2811
14960001 9.00811
14970001 9.31174
14980001 9.65002
14990001 10.0505
15000001 9.26291
15010001 11.8827
15020001 11.9905
15030001 12.6935
15040001 13.5845
15050001 10.2855
15060001 10.1112
15070001 9.32273
15080001 9.22998
15090001 9.71824
15100001 10.7057
15110001 8.37992
15120001 7.96871
15130001 8.6114
15140001 9.15137
15150001 8.28471
15160001 10.1199
15170001 9.62883
15180001 8.7617
15190001 9.60412
15200001 10.1105
15210001 8.19646
15220001 10.7959
15230001 8.23273
15240001 9.76892
15250001 9.28989
15260001 8.35246
15270001 11.2183
15280001 8.83651
15290001 9.63369
15300001 9.05403
15310001 8.3633
15320001 9.6128
15330001 8.52972
15340001 7.85741
15350001 8.23049
15360001 8.98041
15370001 10.2352
15380001 10.8694
15390001 11.544
15400001 9.0834
15410001 9.75821
15420001 10.3087
15430001 10.1013
15440001 10.6777
15450001 12.5439
15460001 12.278
15470001 12.9798
15480001 13.5547
15490001 10.5744
15500001 10.2519
15510001 10.3637
15520001 9.28001
15530001 9.98432
15540001 11.4615
15550001 8.5779
15560001 7.99765
15570001 7.64969
15580001 8.39646
15590001 8.30141
15600001 8.21361
15610001 9.68218
15620001 9.80308
15630001 9.38612
15640001 8.5913
15650001 8.21973
15660001 10.9296
15670001 9.61087
15680001 8.79829
15690001 8.62619
15700001 8.54946
15710001 11.0866
15720001 11.0098
15730001 9.66671
15740001 9.05141
15750001 8.67623
15760001 9.63286
15770001 9.454
15780001 7.87946
15790001 7.76557
15800001 9.25102
15810001 10.4602
15820001 10.4486
15830001 11.8949
15840001 9.06003
15850001 12.0377
15860001 10.0838
15870001 9.5372
15880001 10.8918
15890001 10.1866
15900001 12.8563
15910001 11.4146
15920001 13.763
15930001 12.7753
15940001 10.8341
15950001 9.50366
15960001 9.40097
15970001 9.86619
15980001 11.2419
15990001 8.67758
16000001 8.23136
16010001 7.74546
16020001 8.62653
16030001 8.38413
16040001 10.3478
16050001 9.66675
16060001 9.13535
16070001 10.7564
16080001 9.535
16090001 9.14767
16100001 10.9073
16110001 9.55885
16120001 8.97238
16130001 8.14929
16140001 9.44514
16150001 10.7125
16160001 11.1726
16170001 10.4823
16180001 9.26849
16190001 8.66292
16200001 10.0543
16210001 9.41375
16220001 8.14003
16230001 7.77248
16240001 9.29603
16250001 8.99622
16260001 10.6329
16270001 11.5348
16280001 9.55943
16290001 11.6786
16300001 9.08881
16310001 9.53196
16320001 9.87462
16330001 10.1912
16340001 11.6827
16350001 11.5465
16360001 13.5934
16370001 13.1804
16380001 9.89947
16390001 9.93601
16400001 9.55472
16410001 10.0453
16420001 11.2879
16430001 9.52699
16440001 8.36562
16450001 7.78141
16460001 8.09009
16470001 8.93432
16480001 9.86013
16490001 9.91193
16500001 9.18337
16510001 8.93084
16520001 9.96346
16530001 9.23072
16540001 10.9349
16550001 10.5378
16560001 7.95442
16570001 9.17582
16580001 9.36405
16590001 10.0869
16600001 11.2234
16610001 9.5968
16620001 9.19075
16630001 8.87139
16640001 9.82104
16650001 9.66619
16660001 8.18353
16670001 7.80364
16680001 7.63689
16690001 8.98597
16700001 10.8387
16710001 10.7562
16720001 10.2833
16730001 9.00973
16740001 9.31677
16750001 9.65145
16760001 10.0528
16770001 9.26619
16780001 11.8854
16790001 11.9913
16800001 12.6944
16810001 13.5832
16820001 10.2845
16830001 10.1085
16840001 9.32418
16850001 10.0623
16860001 9.71972
16870001 10.7062
16880001 8.38419
16890001 7.96985
16900001 8.61241
16910001 9.15216
16920001 8.2863
16930001 10.1194
16940001 9.62653
16950001 8.76273
16960001 9.60652
16970001 10.1115
16980001 8.1966
16990001 10.8257
17000001 8.2384
17010001 9.77218
17020001 9.29428
17030001 8.35662
17040001 10.7829
17050001 8.84029
17060001 9.6355
17070001 9.02389
17080001 8.36721
17090001 9.61556
17100001 8.53342
17110001 7.85989
17120001 8.23439
17130001 8.98263
17140001 10.1974
17150001 10.8726
17160001 11.4803
17170001 9.0865
17180001 9.74146
17190001 10.3116
17200001 10.1029
17210001 10.6804
17220001 12.5424
17230001 12.2806
17240001 13.5602
17250001 13.5633
17260001 10.5751
17270001 10.2537
17280001 10.3718
17290001 9.27681
17300001 10.0239
17310001 11.4622
17320001 8.57955
17330001 7.99893
17340001 7.65125
17350001 8.39835
17360001 8.30415
17370001 8.2142
17380001 9.68429
17390001 9.8
17400001 9.39082
17410001 8.59235
17420001 8.22023
17430001 10.932
17440001 9.61504
17450001 8.82857
17460001 8.63083
17470001 8.54989
17480001 11.0894
17490001 11.0142
17500001 9.65335
17510001 9.0533
17520001 8.67975
17530001 9.63458
17540001 9.45701
17550001 7.88129
17560001 7.77048
17570001 9.25199
17580001 10.4625
17590001 10.4475
17600001 11.897
17610001 9.06471
17620001 12.0419
17630001 10.0841
17640001 9.54026
17650001 10.9119
17660001 10.1889
17670001 12.8582
17680001 11.4139
17690001 13.7904
17700001 12.7778
17710001 10.8345
17720001 9.50334
17730001 9.39564
17740001 9.86574
17750001 11.2422
17760001 8.67866
17770001 8.21956
17780001 7.74776
17790001 8.62861
17800001 8.38557
17810001 10.3497
17820001 9.6695
17830001 9.13619
17840001 10.7618
17850001 9.52801
17860001 9.18686
17870001 10.8785
17880001 9.56196
17890001 8.97645
17900001 8.15267
17910001 9.44891
17920001 10.7008
17930001 11.1756
17940001 10.4842
17950001 9.26835
17960001 8.66563
17970001 10.0572
17980001 9.40746
17990001 8.14087
18000001 7.77321
18010001 9.30099
18020001 8.93563
18030001 10.472
18040001 11.5374
18050001 9.32245
18060001 11.6816
18070001 9.09037
18080001 9.53427
18090001 9.87754
18100001 10.1937
18110001 11.7217
18120001 11.604
18130001 13.5951
18140001 13.1806
18150001 9.63092
18160001 9.90726
18170001 9.55014
18180001 10.0455
18190001 11.2863
18200001 9.52912
18210001 8.36804
18220001 7.77599
18230001 8.09109
18240001 8.93654
18250001 10.3514
18260001 9.91486
18270001 9.18525
18280001 8.93225
18290001 9.965
18300001 9.22133
18310001 10.9434
18320001 10.541
18330001 7.95816
18340001 9.17671
18350001 9.36667
18360001 10.0888
18370001 11.2248
18380001 9.62356
18390001 9.19197
18400001 8.88261
18410001 9.82495
18420001 9.66855
18430001 8.1841
18440001 7.80681
18450001 7.64022
18460001 8.98911
18470001 10.8415
18480001 10.759
18490001 10.287
18500001 9.01441
18510001 9.31565
18520001 9.6513
18530001 10.0542
18540001 9.26948
18550001 11.8849
18560001 11.9934
18570001 12.6955
18580001 13.5854
18590001 10.2863
18600001 10.1106
18610001 9.3303
18620001 10.0645
18630001 9.72255
18640001 10.7057
18650001 8.38715
18660001 7.96605
18670001 8.61394
18680001 9.15113
18690001 8.28887
18700001 10.1225
18710001 9.62933
18720001 8.7647
18730001 9.60905
18740001 10.1108
18750001 8.19804
18760001 10.8274
18770001 8.24327
18780001 9.77279
18790001 9.29842
18800001 8.36034
18810001 10.784
18820001 8.84023
18830001 9.63704
18840001 9.02763
18850001 8.36896
18860001 9.617
18870001 8.53508
18880001 7.86358
18890001 8.24003
18900001 8.98523
18910001 10.1997
18920001 10.8755
18930001 11.4814
18940001 9.08923
18950001 9.74509
18960001 10.313
18970001 10.1107
18980001 10.6842
18990001 13.0171
19000001 12.2862
19010001 13.5604
19020001 13.5642
19030001 10.5743
19040001 10.2538
19050001 10.3724
19060001 9.27832
19070001 10.0253
19080001 10.7427
19090001 8.58167
19100001 7.99901
19110001 7.65408
19120001 8.3993
19130001 8.30266
19140001 8.21439
19150001 9.68852
19160001 9.80038
19170001 9.39026
19180001 8.59203
19190001 8.22397
19200001 10.934
19210001 9.61818
19220001 8.82795
19230001 8.63215
19240001 8.55097
19250001 11.0777
19260001 11.018
19270001 9.65399
19280001 9.05424
19290001 8.68154
19300001 9.63617
19310001 9.45919
19320001 7.88214
19330001 7.77423
19340001 9.25483
19350001 10.4666
19360001 10.4495
19370001 11.9217
19380001 9.06941
19390001 12.0449
19400001 10.0877
19410001 9.54271
19420001 10.9147
19430001 10.1914
19440001 12.8553
19450001 11.4149
19460001 13.7746
19470001 12.7796
19480001 10.8346
19490001 9.50308
19500001 9.39855
19510001 9.86667
19520001 11.249
19530001 8.67479
19540001 8.2201
19550001 7.74605
19560001 8.62932
19570001 8.38589
19580001 10.3508
19590001 9.67226
19600001 9.13745
19610001 10.7614
19620001 9.53072
19630001 9.18981
19640001 10.8753
19650001 9.56574
19660001 8.98032
19670001 8.15603
19680001 9.29602
19690001 10.7026
19700001 11.1762
19710001 10.4875
19720001 9.27056
19730001 8.66713
19740001 10.087
19750001 9.40996
19760001 8.14203
19770001 7.77871
19780001 9.30628
19790001 8.93885
19800001 10.4795
19810001 11.5379
19820001 9.33074
19830001 11.6837
19840001 9.12287
19850001 9.53531
19860001 9.88448
19870001 10.1972
19880001 11.7207
19890001 11.6078
19900001 13.5946
19910001 13.1812
19920001 9.63066
19930001 9.89413
19940001 9.48234
19950001 10.0483
19960001 11.285
19970001 9.53008
19980001 8.36283
19990001 7.77853
20000001 8.08682
20010001 8.27892
20020001 10.3521
20030001 9.91727
20040001 9.19063
20050001 8.89291
20060001 9.78331
20070001 9.22111
20080001 10.9457
20090001 10.5409
20100001 7.97104
20110001 9.18013
20120001 9.36336
20130001 10.0938
20140001 11.2258
20150001 9.62645
20160001 9.19275
20170001 8.88321
20180001 9.83093
20190001 9.66977
20200001 8.18391
20210001 7.81223
20220001 7.62318
20230001 8.99337
20240001 10.8432
20250001 10.7622
20260001 10.2896
20270001 9.01575
20280001 9.31086
20290001 9.65381
20300001 10.0568
20310001 9.27292
20320001 11.8878
20330001 11.9928
20340001 12.7012
20350001 13.5862
20360001 10.2782
20370001 10.0781
20380001 9.33018
20390001 10.0636
20400001 9.72212
20410001 10.7083
20420001 8.38846
20430001 7.96986
20440001 8.61447
20450001 9.15092
20460001 8.26802
20470001 10.1238
20480001 9.63237
20490001 8.78347
20500001 9.61002
20510001 10.1134
20520001 8.19981
20530001 10.8378
20540001 8.23554
20550001 9.77258
20560001 9.30138
20570001 8.85622
20580001 10.787
20590001 8.84259
20600001 9.6382
20610001 9.0407
20620001 8.37127
20630001 9.63352
20640001 8.53587
20650001 7.86605
20660001 8.24569
20670001 8.98682
20680001 10.2027
20690001 10.8784
20700001 11.4824
20710001 9.09223
20720001 9.74664
20730001 10.316
20740001 10.1116
20750001 10.6869
20760001 13.0181
20770001 12.2903
20780001 13.5576
20790001 13.5645
20800001 10.5748
20810001 10.2565
20820001 9.41303
20830001 9.28183
20840001 10.0295
20850001 10.7441
20860001 8.58274
20870001 7.99524
20880001 8.62419
20890001 8.39941
20900001 8.30428
20910001 8.21662
20920001 9.69005
20930001 9.80205
20940001 9.38621
20950001 8.59368
20960001 8.22936
20970001 10.9353
20980001 9.62232
20990001 8.83108
21000001 8.6583
21010001 8.56153
21020001 11.0803
21030001 11.0183
21040001 9.65552
21050001 9.0557
21060001 8.55803
21070001 9.6373
21080001 9.45419
21090001 7.86749
21100001 7.77745
21110001 9.25731
21120001 10.4687
21130001 10.452
21140001 11.9515
21150001 9.0718
21160001 12.0473
21170001 10.0897
21180001 9.54699
21190001 10.917
21200001 10.1948
21210001 12.8563
21220001 11.4153
21230001 13.7736
21240001 12.649
21250001 10.8345
21260001 9.50391
21270001 9.39547
21280001 9.86645
21290001 11.2496
21300001 8.67482
21310001 8.219
21320001 7.74765
21330001 8.6318
21340001 8.38653
21350001 10.3508
21360001 9.66958
21370001 9.13999
21380001 10.7904
21390001 9.53315
21400001 9.19083
21410001 10.8762
21420001 9.56815
21430001 8.98221
21440001 8.6673
21450001 9.29879
21460001 10.7056
21470001 11.1765
21480001 10.4865
21490001 9.27307
21500001 8.67075
21510001 10.0894
21520001 9.41157
21530001 8.14466
21540001 7.78206
21550001 9.30899
21560001 8.94253
21570001 10.4791
21580001 11.5386
21590001 9.32434
21600001 11.6866
21610001 9.12515
21620001 9.53842
21630001 9.88493
21640001 10.1923
21650001 12.0573
21660001 11.6116
21670001 13.5939
21680001 13.1756
21690001 9.63036
21700001 9.80528
21710001 9.48295
21720001 10.0432
21730001 11.2853
21740001 9.52815
21750001 8.36652
21760001 7.7792
21770001 8.09194
21780001 8.28765
21790001 10.3532
21800001 9.91736
21810001 9.19191
21820001 8.89454
21830001 9.78575
21840001 9.22313
21850001 10.9474
21860001 10.5441
21870001 7.97442
21880001 9.18002
21890001 9.36624
21900001 10.0961
21910001 11.2359
21920001 9.62703
21930001 9.19337
21940001 8.88621
21950001 9.82027
21960001 9.67224
21970001 8.18557
21980001 7.8161
21990001 7.62583
22000001 8.99715
22010001 10.849
22020001 10.7629
22030001 10.2913
22040001 9.01632
22050001 9.31291
22060001 9.65756
22070001 10.0575
22080001 9.25101
22090001 11.8874
22100001 11.992
22110001 12.7029
22120001 13.5921
22130001 10.2825
22140001 10.0789
22150001 9.33284
22160001 10.0685
22170001 9.72353
22180001 10.7096
22190001 8.38719
22200001 7.97102
22210001 8.61753
22220001 9.15549
22230001 8.28384
22240001 10.1249
22250001 9.63593
22260001 8.78563
22270001 9.60758
22280001 10.1145
22290001 8.24024
22300001 10.8412
22310001 8.23985
22320001 9.79794
22330001 9.30054
22340001 8.85906
22350001 10.7912
22360001 8.83462
22370001 9.6404
22380001 9.03943
22390001 8.36263
22400001 9.63545
22410001 8.54399
22420001 7.86955
22430001 8.24925
22440001 8.98948
22450001 10.2053
22460001 10.8935
22470001 11.484
22480001 9.0939
22490001 9.74893
22500001 10.3168
22510001 10.111
22520001 10.6885
22530001 13.0183
22540001 12.291
22550001 13.5586
22560001 13.5641
22570001 10.5757
22580001 10.256
22590001 9.41277
22600001 9.28345
22610001 10.0307
22620001 10.7453
22630001 8.58293
22640001 7.99514
22650001 8.62438
22660001 8.40348
22670001 8.30589
22680001 8.20028
22690001 9.69238
22700001 9.69607
22710001 9.38867
22720001 8.5939
22730001 8.22992
22740001 10.9387
22750001 9.62402
22760001 8.83538
22770001 8.66122
22780001 8.56398
22790001 11.0848
22800001 11.0194
22810001 9.65691
22820001 9.04788
22830001 8.5577
22840001 9.64105
22850001 9.45633
22860001 7.87007
22870001 7.78149
22880001 9.2587
22890001 10.4693
22900001 10.4541
22910001 11.952
22920001 9.07475
22930001 12.0458
22940001 10.0885
22950001 9.55176
22960001 10.9228
22970001 10.1955
22980001 12.8576
22990001 11.4177
23000001 13.775
23010001 12.65
23020001 10.8329
23030001 9.50418
23040001 9.39593
23050001 9.86804
23060001 11.2483
23070001 8.67427
23080001 8.22035
23090001 7.74951
23100001 8.62808
23110001 8.38705
23120001 10.352
23130001 9.69247
23140001 9.14183
23150001 10.7921
23160001 9.53396
23170001 9.19385
23180001 12.0197
23190001 9.569
23200001 8.98498
23210001 8.67045
23220001 9.30195
23230001 10.7107
23240001 11.1774
23250001 10.4856
23260001 9.26804
23270001 8.66746
23280001 10.0917
23290001 9.41353
23300001 8.14818
23310001 7.78268
23320001 9.31268
23330001 8.94528
23340001 10.4812
23350001 11.5405
23360001 9.32749
23370001 11.6876
23380001 9.12823
23390001 9.54089
23400001 9.88814
23410001 10.1949
23420001 12.0579
23430001 11.6119
23440001 13.5933
23450001 13.175
23460001 9.6301
23470001 9.80609
23480001 9.4861
23490001 10.0453
23500001 11.2865
23510001 9.52892
23520001 8.36666
23530001 7.77927
23540001 7.99285
23550001 8.28239
23560001 10.3543
23570001 9.91793
23580001 9.19065
23590001 8.89547
23600001 9.78855
23610001 9.2263
23620001 10.9494
23630001 10.5478
23640001 7.98157
23650001 9.18014
23660001 9.36941
23670001 10.0959
23680001 11.2366
23690001 9.62983
23700001 9.19371
23710001 8.8895
23720001 9.8208
23730001 9.6743
23740001 8.1901
23750001 7.81917
23760001 7.62888
23770001 8.99886
23780001 10.8526
23790001 10.7632
23800001 10.2929
23810001 9.00158
23820001 9.31342
23830001 9.65799
23840001 10.0507
23850001 9.22223
23860001 11.8868
23870001 11.991
23880001 12.6581
23890001 13.5922
23900001 10.2827
23910001 10.0777
23920001 9.33379
23930001 10.0706
23940001 9.71926
23950001 10.7074
23960001 8.38612
23970001 7.94347
23980001 8.6196
23990001 9.15147
24000001 8.28685
24010001 10.1268
24020001 9.6392
24030001 8.78756
24040001 9.55103
24050001 10.1164
24060001 8.24276
24070001 10.8431
24080001 8.24263
24090001 9.79952
24100001 9.31115
24110001 8.86047
24120001 10.7859
24130001 8.83506
24140001 9.63952
24150001 9.03819
24160001 8.36486
24170001 9.64316
24180001 8.57066
24190001 7.87428
24200001 8.25225
24210001 8.99166
24220001 10.2079
24230001 10.8939
24240001 11.5045
24250001 9.09688
24260001 9.75094
24270001 10.3192
24280001 10.1066
24290001 10.6907
24300001 13.0212
24310001 12.2933
24320001 12.3574
24330001 13.5673
24340001 10.5772
24350001 10.2557
24360001 9.41132
24370001 9.28419
24380001 10.0335
24390001 10.7452
24400001 8.58377
24410001 8.00054
24420001 8.62776
24430001 8.40228
24440001 8.31095
24450001 8.20202
24460001 9.6672
24470001 9.69833
24480001 9.38918
24490001 8.59482
24500001 8.22291
24510001 10.941
24520001 9.62796
24530001 8.83858
24540001 8.66354
24550001 8.56637
24560001 11.0883
24570001 11.0169
24580001 9.65744
24590001 9.04695
24600001 8.56021
24610001 9.64232
24620001 9.46058
24630001 7.85719
24640001 7.78481
24650001 9.26115
24660001 10.471
24670001 10.4554
24680001 11.9495
24690001 9.07655
24700001 12.0491
24710001 10.0915
24720001 9.55332
24730001 10.9258
24740001 10.1963
24750001 12.8542
24760001 11.4167
24770001 13.7761
24780001 12.6442
24790001 10.8235
24800001 9.49257
24810001 9.39602
24820001 9.86901
24830001 11.2503
24840001 8.67586
24850001 8.22068
24860001 7.75066
24870001 8.62928
24880001 8.38697
24890001 10.3517
24900001 9.69369
24910001 9.14424
24920001 10.7936
24930001 9.5341
24940001 9.1968
24950001 10.8749
24960001 9.5709
24970001 8.98853
24980001 8.6633
24990001 9.30501
25000001 10.7099
25010001 11.1796
25020001 10.4853
25030001 9.26939
25040001 8.67041
25050001 10.0953
25060001 9.41714
25070001 8.15372
25080001 7.78652
25090001 9.31512
25100001 8.94932
25110001 10.485
25120001 11.5424
25130001 9.32669
25140001 11.6908
25150001 9.13059
25160001 9.53972
25170001 9.89333
25180001 10.2034
25190001 12.0576
25200001 11.6125
25210001 13.5946
25220001 13.1787
25230001 9.54582
25240001 9.79937
25250001 9.49658
25260001 10.0483
25270001 11.2879
25280001 9.52935
25290001 8.36752
25300001 7.77783
25310001 7.99379
25320001 8.29607
25330001 10.3559
25340001 9.92057
25350001 9.19242
25360001 8.89617
25370001 9.79691
25380001 9.22337
25390001 10.9514
25400001 10.5513
25410001 7.95686
25420001 9.19057
25430001 9.37039
25440001 10.0994
25450001 11.2364
25460001 9.62983
25470001 9.1958
25480001 8.88856
25490001 9.82291
25500001 9.67488
25510001 8.19179
25520001 7.82218
25530001 7.62949
25540001 9.00052
25550001 10.8555
25560001 10.7577
25570001 10.2949
25580001 9.00558
25590001 9.31206
25600001 9.66144
25610001 10.0523
25620001 9.22562
25630001 11.9247
25640001 11.9969
25650001 12.657
25660001 13.5932
25670001 10.2663
25680001 10.0838
25690001 9.3346
25700001 10.0717
25710001 9.72069
25720001 10.7071
25730001 8.38732
25740001 7.94426
25750001 8.62463
25760001 9.14911
25770001 8.28922
25780001 10.1291
25790001 9.6393
25800001 8.78906
25810001 9.55308
25820001 10.1165
25830001 8.24243
25840001 10.8456
25850001 8.24411
25860001 9.78758
25870001 9.31229
25880001 8.86232
25890001 10.7871
25900001 8.83688
25910001 9.6399
25920001 9.04297
25930001 8.42354
25940001 9.64388
25950001 8.56923
25960001 7.87613
25970001 8.25463
25980001 8.99539
25990001 10.2081
26000001 10.8965
26010001 11.505
26020001 9.0998
26030001 9.74913
26040001 10.3215
26050001 10.1092
26060001 10.6943
26070001 13.0229
26080001 12.2914
26090001 12.3479
26100001 13.5682
26110001 10.5784
26120001 10.2563
26130001 9.41065
26140001 9.28679
26150001 10.0344
26160001 10.7512
26170001 8.58437
26180001 8.00265
26190001 8.63162
26200001 8.40567
26210001 8.31306
26220001 8.20329
26230001 9.67089
26240001 9.69661
26250001 9.35538
26260001 8.5991
26270001 8.2223
26280001 10.9422
26290001 9.63148
26300001 8.84057
26310001 8.66625
26320001 8.56829
26330001 11.0894
26340001 11.0183
26350001 9.658
26360001 9.0421
26370001 8.56118
26380001 9.64674
26390001 9.46348
26400001 7.85902
26410001 7.78612
26420001 9.26321
26430001 10.4728
26440001 10.4615
26450001 11.958
26460001 9.08079
26470001 12.0499
26480001 10.0918
26490001 9.5556
26500001 10.9304
26510001 10.1982
26520001 12.8542
26530001 11.4171
26540001 13.777
26550001 12.6449
26560001 10.8153
26570001 9.49221
26580001 9.39702
26590001 9.87064
26600001 11.2505
26610001 8.67062
26620001 8.22261
26630001 7.75717
26640001 8.63218
26650001 8.3873
26660001 10.3559
26670001 9.69529
26680001 9.14674
26690001 10.7916
26700001 10.6809
26710001 9.19957
26720001 10.8749
26730001 9.57284
26740001 8.99033
26750001 8.66531
26760001 9.27329
26770001 10.6893
26780001 11.1804
26790001 10.4873
26800001 9.27067
26810001 8.67188
26820001 10.0969
26830001 9.41772
26840001 8.15546
26850001 7.79678
26860001 9.31727
26870001 8.948
26880001 10.4865
26890001 11.5483
26900001 9.32497
26910001 11.6939
26920001 9.1309
26930001 9.54287
26940001 9.896
26950001 10.2035
26960001 12.2318
26970001 11.6121
26980001 13.5954
26990001 13.1828
27000001 9.54147
27010001 9.80108
27020001 9.49631
27030001 10.0413
27040001 11.2895
27050001 9.52717
27060001 8.36295
27070001 7.77882
27080001 7.99856
27090001 8.29567
27100001 10.3584
27110001 9.92169
27120001 9.19059
27130001 8.89777
27140001 9.79707
27150001 9.19823
27160001 10.9535
27170001 10.553
27180001 7.96031
27190001 9.19348
27200001 9.37229
27210001 10.091
27220001 11.2399
27230001 9.63785
27240001 9.19639
27250001 8.8897
27260001 9.82827
27270001 9.67566
27280001 8.19127
27290001 7.82465
27300001 7.63145
27310001 9.00316
27320001 10.8554
27330001 10.7619
27340001 10.296
27350001 9.00838
27360001 9.31223
27370001 9.66474
27380001 10.0531
27390001 9.23349
27400001 11.9266
27410001 11.9985
27420001 12.6583
27430001 13.5944
27440001 10.2663
27450001 10.0865
27460001 9.33835
27470001 10.0739
27480001 9.74784
27490001 10.7084
27500001 8.3901
27510001 7.96832
27520001 8.65492
27530001 9.15175
27540001 9.60751
27550001 10.131
27560001 9.64095
27570001 8.79124
27580001 9.53087
27590001 10.1186
27600001 8.24053
27610001 10.8559
27620001 8.24744
27630001 9.79083
27640001 9.31358
27650001 8.86302
27660001 12.2327
27670001 8.83802
27680001 9.64098
27690001 9.0446
27700001 8.42312
27710001 9.64925
27720001 8.57013
27730001 7.87885
27740001 8.24605
27750001 8.99938
27760001 10.1796
27770001 10.8891
27780001 11.5056
27790001 9.10287
27800001 9.75116
27810001 10.3226
27820001 10.1122
27830001 10.6989
27840001 13.0274
27850001 12.2918
27860001 12.3644
27870001 13.5688
27880001 10.576
27890001 10.258
27900001 9.41144
27910001 9.28842
27920001 9.88316
27930001 10.7531
27940001 8.58559
27950001 8.00401
27960001 8.62821
27970001 8.40479
27980001 8.31256
27990001 8.20345
28000001 9.67161
28010001 9.38778
28020001 9.35575
28030001 8.61167
28040001 8.20728
28050001 10.8876
28060001 9.59981
28070001 8.84303
28080001 8.66311
28090001 8.56785
28100001 11.09
28110001 11.0239
28120001 9.65954
28130001 9.04329
28140001 8.55943
28150001 9.64373
28160001 9.2054
28170001 7.86029
28180001 7.78888
28190001 9.26546
28200001 10.4708
28210001 10.4642
28220001 11.9589
28230001 9.06988
28240001 12.0502
28250001 10.0919
28260001 9.55682
28270001 10.6191
28280001 10.198
28290001 12.8527
28300001 11.4195
28310001 13.7763
28320001 12.646
28330001 10.8178
28340001 9.49327
28350001 9.39776
28360001 9.86526
28370001 11.2514
28380001 8.67207
28390001 8.22506
28400001 7.75817
28410001 8.63084
28420001 8.39021
28430001 10.3565
28440001 9.69564
28450001 8.98367
28460001 10.7985
28470001 10.6827
28480001 9.21099
28490001 10.8754
28500001 9.5761
28510001 8.99326
28520001 8.66916
28530001 9.27867
28540001 10.6914
28550001 11.1825
28560001 10.4867
28570001 9.27264
28580001 8.67202
28590001 10.0978
28600001 9.42721
28610001 8.15942
28620001 7.79783
28630001 9.3128
28640001 8.95073
28650001 10.4873
28660001 11.5515
28670001 9.32664
28680001 11.7548
28690001 9.13471
28700001 9.54447
28710001 9.89635
28720001 10.206
28730001 12.2316
28740001 11.6123
28750001 13.5959
28760001 13.1851
28770001 9.54217
28780001 9.79862
28790001 9.497
28800001 10.0426
28810001 11.2891
28820001 9.52724
28830001 8.35915
28840001 7.77979
28850001 8.00037
28860001 8.29941
28870001 10.4621
28880001 9.92019
28890001 9.19346
28900001 8.8977
28910001 9.79957
28920001 9.19977
28930001 10.9588
28940001 10.5095
28950001 7.96318
28960001 9.1956
28970001 9.3741
28980001 10.0648
28990001 11.2421
29000001 9.64026
29010001 9.19716
29020001 8.89118
29030001 9.83055
29040001 9.67492
29050001 8.19468
29060001 7.82926
29070001 7.63445
29080001 9.00104
29090001 10.8576
29100001 10.766
29110001 10.2999
29120001 9.01267
29130001 9.31568
29140001 9.66738
29150001 10.0579
29160001 9.23315
29170001 11.9274
29180001 12.0007
29190001 12.6588
29200001 13.5939
29210001 10.2657
29220001 10.088
29230001 9.33848
29240001 10.0762
29250001 9.75028
29260001 10.7073
29270001 8.38504
29280001 7.96971
29290001 8.65769
29300001 9.15417
29310001 9.60204
29320001 10.1315
29330001 9.64239
29340001 8.7911
29350001 9.53911
29360001 10.1201
29370001 8.21418
29380001 10.8568
29390001 8.2382
29400001 9.78878
29410001 9.31528
29420001 8.83967
29430001 11.3359
29440001 8.83799
29450001 9.34805
29460001 9.04695
29470001 8.42664
29480001 9.65111
29490001 8.57169
29500001 7.88062
29510001 8.24886
29520001 8.99671
29530001 10.1813
29540001 10.8901
29550001 11.5064
29560001 9.10879
29570001 9.75587
29580001 10.3247
29590001 10.1121
29600001 10.7003
29610001 13.0263
29620001 12.2936
29630001 12.2269
29640001 13.5683
29650001 10.5682
29660001 10.2588
29670001 9.4076
29680001 9.27519
29690001 9.88403
29700001 10.7568
29710001 8.58329
29720001 8.00513
29730001 8.62893
29740001 8.40346
29750001 8.31424
29760001 8.20241
29770001 9.67265
29780001 9.39006
29790001 9.35645
29800001 8.61257
29810001 8.20816
29820001 10.8927
29830001 9.60396
29840001 8.84463
29850001 8.66563
29860001 8.57186
29870001 11.0878
29880001 11.0258
29890001 9.66033
29900001 9.04449
29910001 8.56121
29920001 9.64062
29930001 9.21208
29940001 7.86526
29950001 7.76769
29960001 9.26745
29970001 10.4729
29980001 10.468
29990001 11.9626
