1 31.3066
10001 9.03694
20001 6.1796
30001 4.80822
40001 4.00965
50001 3.49812
60001 3.14511
70001 2.88565
80001 2.6882
90001 2.52848
100001 2.39658
110001 2.28935
120001 2.19212
130001 2.1106
140001 2.03789
150001 1.97018
160001 1.91087
170001 1.85752
180001 1.80714
190001 1.76519
200001 1.72341
210001 1.68308
220001 1.65134
230001 1.61469
240001 1.58335
250001 1.55467
260001 1.52408
270001 1.49579
280001 1.47265
290001 1.4469
300001 1.42944
310001 1.4078
320001 1.38492
330001 1.36877
340001 1.34765
350001 1.32681
360001 1.31417
370001 1.29179
380001 1.27687
390001 1.26376
400001 1.24593
410001 1.24001
420001 1.2224
430001 1.21004
440001 1.19986
450001 1.18643
460001 1.17045
470001 1.16251
480001 1.14754
490001 1.13778
500001 1.13081
510001 1.11672
520001 1.11358
530001 1.10246
540001 1.09218
550001 1.08836
560001 1.07721
570001 1.06552
580001 1.05925
590001 1.0492
600001 1.04299
610001 1.04057
620001 1.02789
630001 1.02803
640001 1.01937
650001 1.01092
660001 1.00957
670001 1.00051
680001 0.989188
690001 0.987891
700001 0.979346
710001 0.972298
720001 0.972458
730001 0.962398
740001 0.964312
750001 0.959471
760001 0.951356
770001 0.951749
780001 0.940111
790001 0.934341
800001 0.936629
810001 0.927933
820001 0.922652
830001 0.92448
840001 0.915108
850001 0.912944
860001 0.9151
870001 0.90586
880001 0.899939
890001 0.897694
900001 0.892691
910001 0.894549
920001 0.889434
930001 0.88538
940001 0.887753
950001 0.878308
960001 0.877837
970001 0.879339
980001 0.869441
990001 0.865026
1000001 0.866903
1010001 0.861361
1020001 0.864112
1030001 0.859643
1040001 0.854043
1050001 0.859984
1060001 0.85125
1070001 0.848904
1080001 0.852191
1090001 0.84331
1100001 0.840423
1110001 0.839121
1120001 0.834156
1130001 0.838769
1140001 0.83732
1150001 0.831619
1160001 0.838108
1170001 0.830115
1180001 0.826325
1190001 0.829304
1200001 0.818943
1210001 0.818569
1220001 0.820269
1230001 0.812932
1240001 0.823209
1250001 0.816185
1260001 0.815052
1270001 0.817489
1280001 0.814268
1290001 0.806866
1300001 0.810728
1310001 0.802752
1320001 0.802934
1330001 0.805629
1340001 0.798755
1350001 0.809968
1360001 0.802625
1370001 0.801869
1380001 0.804352
1390001 0.798963
1400001 0.79358
1410001 0.794777
1420001 0.790774
1430001 0.790435
1440001 0.794707
1450001 0.787499
1460001 0.79521
1470001 0.792096
1480001 0.788605
1490001 0.793812
1500001 0.788949
1510001 0.783563
1520001 0.785628
1530001 0.780749
1540001 0.781228
1550001 0.786236
1560001 0.779021
1570001 0.786604
1580001 0.783999
1590001 0.779551
1600001 0.784716
1610001 0.780699
1620001 0.773317
1630001 0.778976
1640001 0.773873
1650001 0.771785
1660001 0.778215
1670001 0.770579
1680001 0.771614
1690001 0.778474
1700001 0.771401
1710001 0.778765
1720001 0.768789
1730001 0.766528
1740001 0.771435
1750001 0.768962
1760001 0.768078
1770001 0.772974
1780001 0.765314
1790001 0.767057
1800001 0.773804
1810001 0.763048
1820001 0.763092
1830001 0.764471
1840001 0.761233
1850001 0.767024
1860001 0.763942
1870001 0.759993
1880001 0.769122
1890001 0.760935
1900001 0.764598
1910001 0.765441
1920001 0.758823
1930001 0.757759
1940001 0.758038
1950001 0.754392
1960001 0.761326
1970001 0.76055
1980001 0.756589
1990001 0.765404
2000001 0.75849
2010001 0.759198
2020001 0.761015
2030001 0.755396
2040001 0.751684
2050001 0.755346
2060001 0.751484
2070001 0.760989
2080001 0.759729
2090001 0.755661
2100001 0.761402
2110001 0.756461
2120001 0.751598
2130001 0.758708
2140001 0.748666
2150001 0.749643
2160001 0.753103
2170001 0.747494
2180001 0.760452
2190001 0.753631
2200001 0.754282
2210001 0.757562
2220001 0.75501
2230001 0.748215
2240001 0.753375
2250001 0.746781
2260001 0.747693
2270001 0.752349
2280001 0.745735
2290001 0.755101
2300001 0.752015
2310001 0.749725
2320001 0.75637
2330001 0.75232
2340001 0.746903
2350001 0.749247
2360001 0.745611
2370001 0.746876
2380001 0.753544
2390001 0.745607
2400001 0.755035
2410001 0.752024
2420001 0.748927
2430001 0.755184
2440001 0.75101
2450001 0.743928
2460001 0.749711
2470001 0.745506
2480001 0.743422
2490001 0.750297
2500001 0.743883
2510001 0.752745
2520001 0.752635
2530001 0.748115
2540001 0.754266
2550001 0.745322
2560001 0.743516
2570001 0.751652
2580001 0.745872
2590001 0.744191
2600001 0.751077
2610001 0.744542
2620001 0.746116
2630001 0.753481
2640001 0.746219
2650001 0.747893
2660001 0.744789
2670001 0.74281
2680001 0.748745
2690001 0.746393
2700001 0.745289
2710001 0.751549
2720001 0.743939
2730001 0.746749
2740001 0.751758
2750001 0.743277
2760001 0.741226
2770001 0.74648
2780001 0.743017
2790001 0.749087
2800001 0.746336
2810001 0.742842
2820001 0.752355
2830001 0.745063
2840001 0.744917
2850001 0.750983
2860001 0.743385
2870001 0.742444
2880001 0.743297
2890001 0.739801
2900001 0.747428
2910001 0.747884
2920001 0.743203
2930001 0.752794
2940001 0.745964
2950001 0.743721
2960001 0.748914
2970001 0.739308
2980001 0.740704
2990001 0.744379
3000001 0.739426
3010001 0.750907
3020001 0.744961
3030001 0.745384
3040001 0.751689
3050001 0.747676
3060001 0.742208
3070001 0.746848
3080001 0.739627
3090001 0.741237
3100001 0.745512
3110001 0.739218
3120001 0.752434
3130001 0.746363
3140001 0.746792
3150001 0.750653
3160001 0.746189
3170001 0.741612
3180001 0.744114
3190001 0.74047
3200001 0.741504
3210001 0.747331
3220001 0.740603
3230001 0.749981
3240001 0.747817
3250001 0.745126
3260001 0.751582
3270001 0.747498
3280001 0.74276
3290001 0.745919
3300001 0.741595
3310001 0.74307
3320001 0.749221
3330001 0.74232
3340001 0.751342
3350001 0.749041
3360001 0.74561
3370001 0.751767
3380001 0.748444
3390001 0.741187
3400001 0.748492
3410001 0.743587
3420001 0.74207
3430001 0.748978
3440001 0.742355
3450001 0.744031
3460001 0.751123
3470001 0.745042
3480001 0.753454
3490001 0.743832
3500001 0.742134
3510001 0.747784
3520001 0.745874
3530001 0.744316
3540001 0.751157
3550001 0.743898
3560001 0.746258
3570001 0.753737
3580001 0.746097
3590001 0.743798
3600001 0.745746
3610001 0.742952
3620001 0.7494
3630001 0.746731
3640001 0.743189
3650001 0.752709
3660001 0.744678
3670001 0.748876
3680001 0.752788
3690001 0.744268
3700001 0.743668
3710001 0.744357
3720001 0.74113
3730001 0.747951
3740001 0.747973
3750001 0.744598
3760001 0.753926
3770001 0.747092
3780001 0.74823
3790001 0.750655
3800001 0.745112
3810001 0.741888
3820001 0.745456
3830001 0.742005
3840001 0.752358
3850001 0.750973
3860001 0.74705
3870001 0.753702
3880001 0.749108
3890001 0.744563
3900001 0.752171
3910001 0.742233
3920001 0.743447
3930001 0.747318
3940001 0.741958
3950001 0.75531
3960001 0.748121
3970001 0.749648
3980001 0.7532
3990001 0.750942
4000001 0.744367
4010001 0.749817
4020001 0.743086
4030001 0.744614
4040001 0.749387
4050001 0.74316
4060001 0.752635
4070001 0.749877
4080001 0.747874
4090001 0.7545
4100001 0.750951
4110001 0.745732
4120001 0.748398
4130001 0.744872
4140001 0.746337
4150001 0.752505
4160001 0.74552
4170001 0.755153
4180001 0.752152
4190001 0.749429
4200001 0.755862
4210001 0.751917
4220001 0.744658
4230001 0.750983
4240001 0.746958
4250001 0.745068
4260001 0.75209
4270001 0.745544
4280001 0.754875
4290001 0.754947
4300001 0.750607
4310001 0.756799
4320001 0.74814
4330001 0.746507
4340001 0.754754
4350001 0.749163
4360001 0.747643
4370001 0.754492
4380001 0.748171
4390001 0.750016
4400001 0.75748
4410001 0.750396
4420001 0.752183
4430001 0.749234
4440001 0.747358
4450001 0.753451
4460001 0.751243
4470001 0.750183
4480001 0.756602
4490001 0.749189
4500001 0.752108
4510001 0.757199
4520001 0.748896
4530001 0.746861
4540001 0.751778
4550001 0.748919
4560001 0.755119
4570001 0.752294
4580001 0.748994
4590001 0.75868
4600001 0.751577
4610001 0.755467
4620001 0.757158
4630001 0.750201
4640001 0.749362
4650001 0.750325
4660001 0.7469
4670001 0.754598
4680001 0.755155
4690001 0.750585
4700001 0.759952
4710001 0.753542
4720001 0.751398
4730001 0.756636
4740001 0.747207
4750001 0.748234
4760001 0.752302
4770001 0.747483
4780001 0.759029
4790001 0.753096
4800001 0.753718
4810001 0.760023
4820001 0.756155
4830001 0.750789
4840001 0.755368
4850001 0.748399
4860001 0.749963
4870001 0.754297
4880001 0.748229
4890001 0.761351
4900001 0.755427
4910001 0.755879
4920001 0.759788
4930001 0.75547
4940001 0.75099
4950001 0.752945
4960001 0.750001
4970001 0.751084
4980001 0.756541
4990001 0.750326
5000001 0.759645
5010001 0.756703
5020001 0.754968
5030001 0.761391
5040001 0.757438
5050001 0.752373
5060001 0.755951
5070001 0.751678
5080001 0.753266
5090001 0.760427
5100001 0.752643
5110001 0.761592
5120001 0.758852
5130001 0.75604
5140001 0.762406
5150001 0.758807
5160001 0.751826
5170001 0.759075
5180001 0.754222
5190001 0.752707
5200001 0.759019
5210001 0.752762
5220001 0.754844
5230001 0.761944
5240001 0.755997
5250001 0.764321
5260001 0.754882
5270001 0.753241
5280001 0.758743
5290001 0.75695
5300001 0.755516
5310001 0.762306
5320001 0.755199
5330001 0.757228
5340001 0.764565
5350001 0.757479
5360001 0.755162
5370001 0.756601
5380001 0.754762
5390001 0.760598
5400001 0.758266
5410001 0.75483
5420001 0.763497
5430001 0.756368
5440001 0.76012
5450001 0.764412
5460001 0.756063
5470001 0.754852
5480001 0.756205
5490001 0.752904
5500001 0.760053
5510001 0.759873
5520001 0.756571
5530001 0.765775
5540001 0.758813
5550001 0.75952
5560001 0.76265
5570001 0.75713
5580001 0.754148
5590001 0.757605
5600001 0.754241
5610001 0.764459
5620001 0.762812
5630001 0.759291
5640001 0.765865
5650001 0.761373
5660001 0.756922
5670001 0.76443
5680001 0.75467
5690001 0.755877
5700001 0.759722
5710001 0.753463
5720001 0.767605
5730001 0.760675
5740001 0.762119
5750001 0.765633
5760001 0.763432
5770001 0.757011
5780001 0.762346
5790001 0.75576
5800001 0.757268
5810001 0.761894
5820001 0.755803
5830001 0.765212
5840001 0.762507
5850001 0.760573
5860001 0.767122
5870001 0.763421
5880001 0.75854
5890001 0.761143
5900001 0.757735
5910001 0.758511
5920001 0.76527
5930001 0.758301
5940001 0.767917
5950001 0.764981
5960001 0.762259
5970001 0.768656
5980001 0.764811
5990001 0.760244
6000001 0.763496
6010001 0.75959
6020001 0.757578
6030001 0.764832
6040001 0.758615
6050001 0.767817
6060001 0.76744
6070001 0.763651
6080001 0.76975
6090001 0.761254
6100001 0.759662
6110001 0.76778
6120001 0.762219
6130001 0.76082
6140001 0.767566
6150001 0.76136
6160001 0.763193
6170001 0.770522
6180001 0.763595
6190001 0.765357
6200001 0.762474
6210001 0.760641
6220001 0.766633
6230001 0.764472
6240001 0.763442
6250001 0.769572
6260001 0.762498
6270001 0.765387
6280001 0.770388
6290001 0.762252
6300001 0.760252
6310001 0.76472
6320001 0.762297
6330001 0.768239
6340001 0.765585
6350001 0.76241
6360001 0.771637
6370001 0.764967
6380001 0.768802
6390001 0.769955
6400001 0.763647
6410001 0.762824
6420001 0.76378
6430001 0.760421
6440001 0.768001
6450001 0.768555
6460001 0.764065
6470001 0.773228
6480001 0.766996
6490001 0.764864
6500001 0.770058
6510001 0.760295
6520001 0.761806
6530001 0.765817
6540001 0.761092
6550001 0.771905
6560001 0.766577
6570001 0.767242
6580001 0.773441
6590001 0.769257
6600001 0.764379
6610001 0.76847
6620001 0.762051
6630001 0.763573
6640001 0.767856
6650001 0.761898
6660001 0.774923
6670001 0.768989
6680001 0.769444
6690001 0.773023
6700001 0.77137
6710001 0.76465
6720001 0.766579
6730001 0.763684
6740001 0.764757
6750001 0.770128
6760001 0.764112
6770001 0.77319
6780001 0.770176
6790001 0.768557
6800001 0.774923
6810001 0.771054
6820001 0.76607
6830001 0.769325
6840001 0.76539
6850001 0.766792
6860001 0.773853
6870001 0.765942
6880001 0.775058
6890001 0.772345
6900001 0.769654
6910001 0.775964
6920001 0.772452
6930001 0.765569
6940001 0.77233
6950001 0.767914
6960001 0.766378
6970001 0.772584
6980001 0.766528
6990001 0.771659
7000001 0.775558
7010001 0.771392
7020001 0.777859
7030001 0.768622
7040001 0.767016
7050001 0.772431
7060001 0.770542
7070001 0.76912
7080001 0.775944
7090001 0.768927
7100001 0.770947
7110001 0.778028
7120001 0.771218
7130001 0.768649
7140001 0.770356
7150001 0.76855
7160001 0.77399
7170001 0.771996
7180001 0.768582
7190001 0.777146
7200001 0.770148
7210001 0.773159
7220001 0.778022
7230001 0.769856
7240001 0.768667
7250001 0.770001
7260001 0.766751
7270001 0.775822
7280001 0.773545
7290001 0.770139
7300001 0.779366
7310001 0.772449
7320001 0.772562
7330001 0.776307
7340001 0.770931
7350001 0.767808
7360001 0.771203
7370001 0.768091
7380001 0.777896
7390001 0.776511
7400001 0.772631
7410001 0.779317
7420001 0.775086
7430001 0.773586
7440001 0.778117
7450001 0.768201
7460001 0.769712
7470001 0.773493
7480001 0.767346
7490001 0.781247
7500001 0.774416
7510001 0.775853
7520001 0.779301
7530001 0.776924
7540001 0.770755
7550001 0.776388
7560001 0.769518
7570001 0.771097
7580001 0.775636
7590001 0.769639
7600001 0.783157
7610001 0.776244
7620001 0.777066
7630001 0.780771
7640001 0.776554
7650001 0.772043
7660001 0.7746
7670001 0.771562
7680001 0.772325
7690001 0.778966
7700001 0.771927
7710001 0.781564
7720001 0.778674
7730001 0.77601
7740001 0.782292
7750001 0.778524
7760001 0.773983
7770001 0.777224
7780001 0.772914
7790001 0.7714
7800001 0.778536
7810001 0.772351
7820001 0.780992
7830001 0.781082
7840001 0.77738
7850001 0.78284
7860001 0.779925
7870001 0.773458
7880001 0.781284
7890001 0.775741
7900001 0.7746
7910001 0.781191
7920001 0.775127
7930001 0.776899
7940001 0.78403
7950001 0.777327
7960001 0.779049
7970001 0.776219
7980001 0.774413
7990001 0.780257
8000001 0.778187
8010001 0.777167
8020001 0.783201
8030001 0.77624
8040001 0.77908
8050001 0.783351
8060001 0.775903
8070001 0.774028
8080001 0.778422
8090001 0.776035
8100001 0.781856
8110001 0.779269
8120001 0.776114
8130001 0.785214
8140001 0.778662
8150001 0.782227
8160001 0.783563
8170001 0.777331
8180001 0.77655
8190001 0.777487
8200001 0.774182
8210001 0.781624
8220001 0.781425
8230001 0.7775
8240001 0.786519
8250001 0.780649
8260001 0.778538
8270001 0.783654
8280001 0.773965
8290001 0.775263
8300001 0.779281
8310001 0.774634
8320001 0.785452
8330001 0.784988
8340001 0.780883
8350001 0.786742
8360001 0.782856
8370001 0.778056
8380001 0.781755
8390001 0.775767
8400001 0.777232
8410001 0.781246
8420001 0.775588
8430001 0.788408
8440001 0.782578
8450001 0.78294
8460001 0.786539
8470001 0.78472
8480001 0.778572
8490001 0.783256
8500001 0.777358
8510001 0.778413
8520001 0.783541
8530001 0.777767
8540001 0.786692
8550001 0.783724
8560001 0.781971
8570001 0.78839
8580001 0.784537
8590001 0.779679
8600001 0.782881
8610001 0.779026
8620001 0.780395
8630001 0.787201
8640001 0.779405
8650001 0.788492
8660001 0.785842
8670001 0.783197
8680001 0.789395
8690001 0.785942
8700001 0.779174
8710001 0.785812
8720001 0.781475
8730001 0.779598
8740001 0.786061
8750001 0.780107
8760001 0.785132
8770001 0.788654
8780001 0.784887
8790001 0.790605
8800001 0.782131
8810001 0.780572
8820001 0.788481
8830001 0.784025
8840001 0.78233
8850001 0.789343
8860001 0.782414
8870001 0.784413
8880001 0.791387
8890001 0.784693
8900001 0.782161
8910001 0.783822
8920001 0.781836
8930001 0.787407
8940001 0.785422
8950001 0.785024
8960001 0.790479
8970001 0.78362
8980001 0.786559
8990001 0.791362
9000001 0.783331
9010001 0.782161
9020001 0.78346
9030001 0.783495
9040001 0.789182
9050001 0.786942
9060001 0.783548
9070001 0.792648
9080001 0.785774
9090001 0.785966
9100001 0.789492
9110001 0.784342
9120001 0.783687
9130001 0.784617
9140001 0.781545
9150001 0.791027
9160001 0.789174
9170001 0.785494
9180001 0.794206
9190001 0.78825
9200001 0.786924
9210001 0.791034
9220001 0.781644
9230001 0.78313
9240001 0.786737
9250001 0.780804
9260001 0.79447
9270001 0.787743
9280001 0.788814
9290001 0.792435
9300001 0.790202
9310001 0.784125
9320001 0.789667
9330001 0.78291
9340001 0.784465
9350001 0.78854
9360001 0.78302
9370001 0.796263
9380001 0.789526
9390001 0.790032
9400001 0.793704
9410001 0.789695
9420001 0.785353
9430001 0.787877
9440001 0.784855
9450001 0.785624
9460001 0.792165
9470001 0.785202
9480001 0.794065
9490001 0.791866
9500001 0.789163
9510001 0.79543
9520001 0.791633
9530001 0.787235
9540001 0.790292
9550001 0.786116
9560001 0.78433
9570001 0.79171
9580001 0.785122
9590001 0.794109
9600001 0.794207
9610001 0.790397
9620001 0.795915
9630001 0.793067
9640001 0.786695
9650001 0.794176
9660001 0.78884
9670001 0.787812
9680001 0.794199
9690001 0.788324
9700001 0.790065
9710001 0.797074
9720001 0.790403
9730001 0.796973
9740001 0.789293
9750001 0.787602
9760001 0.793351
9770001 0.791311
9780001 0.791343
9790001 0.796197
9800001 0.789386
9810001 0.792159
9820001 0.798891
9830001 0.788841
9840001 0.78953
9850001 0.791509
9860001 0.78887
9870001 0.79486
9880001 0.792336
9890001 0.789239
9900001 0.798254
9910001 0.791735
9920001 0.795239
9930001 0.796349
9940001 0.790423
9950001 0.789637
9960001 0.790563
9970001 0.787306
9980001 0.794629
9990001 0.794422
