1 2184.48
10001 96.5039
20001 48.503
30001 30.1393
40001 21.3581
50001 16.5653
60001 13.7276
70001 11.771
80001 10.4647
90001 9.62744
100001 8.9531
110001 8.33147
120001 7.79043
130001 7.37858
140001 7.20925
150001 6.81742
160001 6.41621
170001 6.37356
180001 6.09861
190001 5.99843
200001 6.09121
210001 6.00487
220001 5.95103
230001 5.84563
240001 5.73068
250001 5.69905
260001 5.52743
270001 5.30637
280001 5.43721
290001 5.18222
300001 5.07894
310001 5.31524
320001 5.2939
330001 5.21445
340001 5.27074
350001 5.29936
360001 5.08652
370001 5.02661
380001 4.78656
390001 4.76553
400001 4.68679
410001 4.62225
420001 4.83852
430001 4.95013
440001 4.86848
450001 4.85969
460001 4.8535
470001 4.54217
480001 4.65843
490001 4.47959
500001 4.26819
510001 4.38723
520001 4.4036
530001 4.57554
540001 4.63942
550001 4.58337
560001 4.57234
570001 4.66291
580001 4.2879
590001 4.445
600001 4.20804
610001 4.04433
620001 4.17795
630001 4.21454
640001 4.27107
650001 4.42927
660001 4.39508
670001 4.20202
680001 4.54608
690001 4.07684
700001 4.06707
710001 4.06489
720001 3.88796
730001 4.06416
740001 3.99181
750001 4.28587
760001 4.31736
770001 4.2301
780001 4.0146
790001 4.41185
800001 3.92864
810001 3.9422
820001 3.87802
830001 3.77883
840001 3.96414
850001 3.80094
860001 4.11651
870001 4.25589
880001 4.05817
890001 3.9668
900001 4.31671
910001 3.90067
920001 3.81572
930001 3.8024
940001 3.67853
950001 3.8596
960001 3.71995
970001 4.03682
980001 4.18399
990001 3.83705
1000001 3.91064
1010001 4.22016
1020001 3.83061
1030001 3.80228
1040001 3.72596
1050001 3.60724
1060001 3.8131
1070001 3.61355
1080001 3.90391
1090001 4.03613
1100001 3.91917
1110001 4.00925
1120001 4.02738
1130001 3.83983
1140001 3.76805
1150001 3.74492
1160001 3.56328
1170001 3.85273
1180001 3.57408
1190001 3.85917
1200001 3.92569
1210001 3.84622
1220001 3.9877
1230001 4.05746
1240001 3.87608
1250001 3.75027
1260001 3.76831
1270001 3.54001
1280001 3.91115
1290001 3.55554
1300001 3.73892
1310001 3.87724
1320001 3.85445
1330001 3.8307
1340001 3.9928
1350001 3.88799
1360001 3.56879
1370001 3.72118
1380001 3.54901
1390001 3.60597
1400001 3.58235
1410001 3.5871
1420001 3.78591
1430001 3.8503
1440001 3.83186
1450001 3.9939
1460001 3.78814
1470001 3.4141
1480001 3.62704
1490001 3.54463
1500001 3.37927
1510001 3.65106
1520001 3.7015
1530001 3.64188
1540001 3.80857
1550001 3.7939
1560001 3.87095
1570001 3.80004
1580001 3.41654
1590001 3.60843
1600001 3.50966
1610001 3.39868
1620001 3.65115
1630001 3.61334
1640001 3.54023
1650001 3.77514
1660001 3.85508
1670001 3.66373
1680001 3.88228
1690001 3.38436
1700001 3.42805
1710001 3.46922
1720001 3.38521
1730001 3.73412
1740001 3.47035
1750001 3.66256
1760001 3.74271
1770001 3.84455
1780001 3.61781
1790001 3.88325
1800001 3.41165
1810001 3.42254
1820001 3.43388
1830001 3.36387
1840001 3.65969
1850001 3.41967
1860001 3.50917
1870001 3.73938
1880001 3.76053
1890001 3.60803
1900001 3.88271
1910001 3.39256
1920001 3.38502
1930001 3.45477
1940001 3.32558
1950001 3.73304
1960001 3.39773
1970001 3.52219
1980001 3.72259
1990001 3.53816
2000001 3.60454
2010001 3.82389
2020001 3.39311
2030001 3.444
2040001 3.49735
2050001 3.26269
2060001 3.79178
2070001 3.34658
2080001 3.43406
2090001 3.6689
2100001 3.42999
2110001 3.56018
2120001 3.76737
2130001 3.47192
2140001 3.49376
2150001 3.57148
2160001 3.33367
2170001 3.84913
2180001 3.38827
2190001 3.39131
2200001 3.60843
2210001 3.4709
2220001 3.70001
2230001 3.63241
2240001 3.52381
2250001 3.37667
2260001 3.58954
2270001 3.32047
2280001 3.73287
2290001 3.39543
2300001 3.28316
2310001 3.63953
2320001 3.52808
2330001 3.58522
2340001 3.54072
2350001 3.52862
2360001 3.33053
2370001 3.56667
2380001 3.28998
2390001 3.52297
2400001 3.31138
2410001 3.5125
2420001 3.60947
2430001 3.5857
2440001 3.56967
2450001 3.52789
2460001 3.51656
2470001 3.20319
2480001 3.45126
2490001 3.25409
2500001 3.37008
2510001 3.35653
2520001 3.51712
2530001 3.44136
2540001 3.58124
2550001 3.49804
2560001 3.6009
2570001 3.54192
2580001 3.32979
2590001 3.46224
2600001 3.52057
2610001 3.40928
2620001 3.39957
2630001 3.56973
2640001 3.4883
2650001 3.59348
2660001 3.52714
2670001 3.38078
2680001 3.55332
2690001 3.3359
2700001 3.35153
2710001 3.49945
2720001 3.42902
2730001 3.46539
2740001 3.34409
2750001 3.57811
2760001 3.64414
2770001 3.55431
2780001 3.36934
2790001 3.61989
2800001 3.35123
2810001 3.41841
2820001 3.34781
2830001 3.37463
2840001 3.46054
2850001 3.28875
2860001 3.53978
2870001 3.71592
2880001 3.53538
2890001 3.41772
2900001 3.57738
2910001 3.35775
2920001 3.38361
2930001 3.45884
2940001 3.31479
2950001 3.5186
2960001 3.25505
2970001 3.44201
2980001 3.68379
2990001 3.40652
3000001 3.43333
3010001 3.61873
3020001 3.35136
3030001 3.35966
3040001 3.51549
3050001 3.28167
3060001 3.55977
3070001 3.24232
3080001 3.54441
3090001 3.62691
3100001 3.35958
3110001 3.45803
3120001 3.51798
3130001 3.43578
3140001 3.40016
3150001 3.49058
3160001 3.3118
3170001 3.60755
3180001 3.27692
3190001 3.44117
3200001 3.5441
3210001 3.418
3220001 3.39038
3230001 3.51136
3240001 3.54767
3250001 3.35326
3260001 3.5192
3270001 3.33027
3280001 3.36409
3290001 3.31944
3300001 3.34792
3310001 3.44941
3320001 3.47405
3330001 3.44732
3340001 3.49855
3350001 3.61017
3360001 3.2919
3370001 3.41235
3380001 3.31438
3390001 3.16487
3400001 3.17032
3410001 3.35878
3420001 3.51699
3430001 3.46653
3440001 3.44449
3450001 3.4884
3460001 3.60031
3470001 3.18673
3480001 3.41073
3490001 3.22118
3500001 3.08833
3510001 3.26142
3520001 3.37707
3530001 3.33607
3540001 3.45751
3550001 3.35291
3560001 3.42467
3570001 3.60537
3580001 3.18616
3590001 3.49968
3600001 3.26086
3610001 3.19695
3620001 3.33011
3630001 3.48796
3640001 3.29778
3650001 3.46688
3660001 3.44227
3670001 3.24921
3680001 3.65005
3690001 3.19026
3700001 3.35376
3710001 3.25634
3720001 3.22276
3730001 3.40486
3740001 3.31207
3750001 3.45636
3760001 3.53776
3770001 3.39269
3780001 3.34849
3790001 3.70626
3800001 3.2341
3810001 3.32987
3820001 3.21388
3830001 3.21261
3840001 3.39143
3850001 3.332
3860001 3.36375
3870001 3.52307
3880001 3.30651
3890001 3.35551
3900001 3.62443
3910001 3.3912
3920001 3.36315
3930001 3.30182
3940001 3.21177
3950001 3.48684
3960001 3.30799
3970001 3.30285
3980001 3.59026
3990001 3.24487
4000001 3.42564
4010001 3.66786
4020001 3.38018
4030001 3.39862
4040001 3.38105
4050001 3.18945
4060001 3.56274
4070001 3.29249
4080001 3.42325
4090001 3.45181
4100001 3.21074
4110001 3.45496
4120001 3.46114
4130001 3.58237
4140001 3.37162
4150001 3.40581
4160001 3.28048
4170001 3.63587
4180001 3.30078
4190001 3.4227
4200001 3.47997
4210001 3.25941
4220001 3.37531
4230001 3.44202
4240001 3.63028
4250001 3.31634
4260001 3.40485
4270001 3.23209
4280001 3.42568
4290001 3.19609
4300001 3.24556
4310001 3.36247
4320001 3.31134
4330001 3.40291
4340001 3.38633
4350001 3.6022
4360001 3.21204
4370001 3.24682
4380001 3.23801
4390001 3.09909
4400001 3.13077
4410001 3.28289
4420001 3.19764
4430001 3.28319
4440001 3.34827
4450001 3.41497
4460001 3.6398
4470001 3.13801
4480001 3.30085
4490001 3.19578
4500001 3.11872
4510001 3.17696
4520001 3.28949
4530001 3.20962
4540001 3.32025
4550001 3.40461
4560001 3.41109
4570001 3.68611
4580001 3.13811
4590001 3.3307
4600001 3.23072
4610001 3.12021
4620001 3.3344
4630001 3.23625
4640001 3.17155
4650001 3.34568
4660001 3.45245
4670001 3.23326
4680001 3.66887
4690001 3.14876
4700001 3.2123
4710001 3.28507
4720001 3.15922
4730001 3.39389
4740001 3.1811
4750001 3.12688
4760001 3.35855
4770001 3.3472
4780001 3.2493
4790001 3.68388
4800001 3.15645
4810001 3.33383
4820001 3.24245
4830001 3.12396
4840001 3.31867
4850001 3.17717
4860001 3.14201
4870001 3.38035
4880001 3.16434
4890001 3.27883
4900001 3.57675
4910001 3.21771
4920001 3.29723
4930001 3.30236
4940001 3.25676
4950001 3.38783
4960001 3.15845
4970001 3.1199
4980001 3.39997
4990001 3.26536
5000001 3.33381
5010001 3.639
5020001 3.24987
5030001 3.36966
5040001 3.33092
5050001 3.2
5060001 3.44765
5070001 3.16513
5080001 3.17726
5090001 3.38453
5100001 3.24744
5110001 3.5518
5120001 3.48287
5130001 3.38909
5140001 3.45603
5150001 3.43344
5160001 3.27392
5170001 3.54807
5180001 3.19521
5190001 3.0831
5200001 3.35101
5210001 3.31953
5220001 3.44813
5230001 3.56455
5240001 3.41926
5250001 3.38477
5260001 3.46439
5270001 3.24573
5280001 3.3619
5290001 3.12096
5300001 3.04902
5310001 3.32968
5320001 3.29085
5330001 3.41694
5340001 3.55105
5350001 3.43562
5360001 3.20263
5370001 3.3479
5380001 3.2238
5390001 3.11765
5400001 3.15208
5410001 3.18256
5420001 3.21535
5430001 3.28638
5440001 3.52837
5450001 3.52917
5460001 3.4792
5470001 3.22459
5480001 3.42207
5490001 3.14426
5500001 3.10658
5510001 3.1505
5520001 3.17992
5530001 3.15578
5540001 3.3283
5550001 3.52319
5560001 3.32039
5570001 3.52409
5580001 3.21686
5590001 3.28299
5600001 3.17668
5610001 3.13166
5620001 3.21411
5630001 3.1148
5640001 3.27087
5650001 3.33483
5660001 3.59121
5670001 3.25927
5680001 3.55633
5690001 3.24147
5700001 3.30089
5710001 3.14676
5720001 3.12127
5730001 3.25524
5740001 3.0501
5750001 3.1591
5760001 3.39874
5770001 3.55247
5780001 3.33871
5790001 3.59747
5800001 3.26758
5810001 3.27845
5820001 3.22225
5830001 3.12864
5840001 3.22579
5850001 3.0771
5860001 3.14409
5870001 3.41694
5880001 3.36713
5890001 3.36329
5900001 3.588
5910001 3.28975
5920001 3.36551
5930001 3.30258
5940001 3.13477
5950001 3.33428
5960001 3.08264
5970001 3.11933
5980001 3.34893
5990001 3.47576
6000001 3.42089
6010001 3.49434
6020001 3.30585
6030001 3.43578
6040001 3.41437
6050001 3.1433
6060001 3.38981
6070001 3.08558
6080001 3.13822
6090001 3.30731
6100001 3.45366
6110001 3.50905
6120001 3.51318
6130001 3.42468
6140001 3.5396
6150001 3.42618
6160001 3.14721
6170001 3.45362
6180001 3.15386
6190001 3.06705
6200001 3.30524
6210001 3.48899
6220001 3.46145
6230001 3.53792
6240001 3.57248
6250001 3.34269
6260001 3.34281
6270001 3.14933
6280001 3.15111
6290001 3.11332
6300001 3.07312
6310001 3.41159
6320001 3.56368
6330001 3.47279
6340001 3.61801
6350001 3.54409
6360001 3.21001
6370001 3.31488
6380001 3.15955
6390001 2.94163
6400001 3.12248
6410001 3.22343
6420001 3.2412
6430001 3.49406
6440001 3.42826
6450001 3.51788
6460001 3.57364
6470001 3.16498
6480001 3.35507
6490001 3.11265
6500001 2.94267
6510001 3.12615
6520001 3.20823
6530001 3.16337
6540001 3.52766
6550001 3.47451
6560001 3.22793
6570001 3.5793
6580001 3.14762
6590001 3.15736
6600001 3.12611
6610001 2.94068
6620001 3.15949
6630001 2.9962
6640001 3.4658
6650001 3.4865
6660001 3.44542
6670001 3.19051
6680001 3.67348
6690001 3.1437
6700001 3.15245
6710001 3.04986
6720001 2.96054
6730001 3.16708
6740001 2.98538
6750001 3.3256
6760001 3.51456
6770001 3.37619
6780001 3.21912
6790001 3.72232
6800001 3.15741
6810001 3.10376
6820001 3.09378
6830001 2.95307
6840001 3.24474
6850001 3.01873
6860001 3.36433
6870001 3.55383
6880001 3.18655
6890001 3.28286
6900001 3.65754
6910001 3.13277
6920001 3.14388
6930001 3.1775
6940001 2.90811
6950001 3.28614
6960001 2.94308
6970001 3.32467
6980001 3.47348
6990001 3.18552
7000001 3.31085
7010001 3.4497
7020001 3.24008
7030001 3.1908
7040001 3.22849
7050001 2.9975
7060001 3.37802
7070001 2.99708
7080001 3.3096
7090001 3.38955
7100001 3.18977
7110001 3.32993
7120001 3.4306
7130001 3.41283
7140001 3.14531
7150001 3.21628
7160001 3.02124
7170001 3.22111
7180001 3.04371
7190001 3.26245
7200001 3.36246
7210001 3.41396
7220001 3.39867
7230001 3.44078
7240001 3.49815
7250001 3.09749
7260001 3.28334
7270001 3.03719
7280001 3.0442
7290001 2.98562
7300001 3.26894
7310001 3.34514
7320001 3.41849
7330001 3.37131
7340001 3.5426
7350001 3.42669
7360001 2.95363
7370001 3.20591
7380001 2.98552
7390001 2.92168
7400001 3.01173
7410001 3.24797
7420001 3.20981
7430001 3.4005
7440001 3.2993
7450001 3.54236
7460001 3.39936
7470001 2.97085
7480001 3.22736
7490001 3.10378
7500001 2.9594
7510001 3.25277
7520001 3.25043
7530001 3.14604
7540001 3.46311
7550001 3.52556
7560001 3.32317
7570001 3.45792
7580001 3.01903
7590001 3.04763
7600001 3.11512
7610001 2.98345
7620001 3.31517
7630001 3.14266
7640001 3.30464
7650001 3.47103
7660001 3.53259
7670001 3.28798
7680001 3.47299
7690001 3.04768
7700001 3.06101
7710001 3.10382
7720001 3.01606
7730001 3.31672
7740001 3.10558
7750001 3.19875
7760001 3.49037
7770001 3.43952
7780001 3.3197
7790001 3.51644
7800001 3.0671
7810001 3.08233
7820001 3.17428
7830001 3.01362
7840001 3.50982
7850001 3.11527
7860001 3.0738
7870001 3.43613
7880001 3.27625
7890001 3.33664
7900001 3.53427
7910001 3.07612
7920001 3.11358
7930001 3.20904
7940001 2.96288
7950001 3.48319
7960001 3.09237
7970001 3.17855
7980001 3.37095
7990001 3.17728
8000001 3.31277
8010001 3.42369
8020001 3.19129
8030001 3.18471
8040001 3.26867
8050001 3.05351
8060001 3.56955
8070001 3.09189
8080001 3.16754
8090001 3.3224
8100001 3.19271
8110001 3.20394
8120001 3.38553
8130001 3.28249
8140001 3.1306
8150001 3.29453
8160001 3.06352
8170001 3.28213
8180001 3.15296
8190001 3.04706
8200001 3.25826
8210001 3.26103
8220001 3.20664
8230001 3.34013
8240001 3.31582
8250001 3.05408
8260001 3.16711
8270001 3.05167
8280001 3.09851
8290001 3.09332
8300001 3.00916
8310001 3.33258
8320001 3.29494
8330001 3.34206
8340001 3.32075
8350001 3.29507
8360001 2.93253
8370001 3.20527
8380001 2.99742
8390001 3.10833
8400001 3.10364
8410001 3.05247
8420001 3.20753
8430001 3.28939
8440001 3.23488
8450001 3.2505
8460001 3.29043
8470001 2.97107
8480001 3.21298
8490001 3.03745
8500001 3.2246
8510001 3.16466
8520001 3.31463
8530001 3.18
8540001 3.4142
8550001 3.33115
8560001 3.17574
8570001 3.36938
8580001 3.00941
8590001 3.15351
8600001 3.05885
8610001 3.24315
8620001 3.27521
8630001 3.16685
8640001 3.36515
8650001 3.41757
8660001 3.25422
8670001 3.14197
8680001 3.44037
8690001 3.16864
8700001 3.15298
8710001 3.15457
8720001 3.16489
8730001 3.29871
8740001 3.12076
8750001 3.31038
8760001 3.49789
8770001 3.2093
8780001 3.1962
8790001 3.36603
8800001 3.20326
8810001 3.17639
8820001 3.22449
8830001 3.19159
8840001 3.36486
8850001 3.13934
8860001 3.19396
8870001 3.57314
8880001 3.17448
8890001 3.25041
8900001 3.36342
8910001 3.17416
8920001 3.22217
8930001 3.25775
8940001 3.1034
8950001 3.37462
8960001 3.05014
8970001 3.26495
8980001 3.39174
8990001 3.19171
9000001 3.29071
9010001 3.19701
9020001 3.22729
9030001 3.25651
9040001 3.35964
9050001 3.15097
9060001 3.44483
9070001 3.07877
9080001 3.37559
9090001 3.40412
9100001 3.21257
9110001 3.17183
9120001 3.28121
9130001 3.33644
9140001 3.17542
9150001 3.4032
9160001 3.11178
9170001 3.20126
9180001 3.02398
9190001 3.19836
9200001 3.27661
9210001 3.33757
9220001 3.29507
9230001 3.34125
9240001 3.43356
9250001 3.12223
9260001 3.26622
9270001 3.13761
9280001 2.98288
9290001 3.00965
9300001 3.22129
9310001 3.15723
9320001 3.32838
9330001 3.18125
9340001 3.30527
9350001 3.4333
9360001 3.01932
9370001 3.28337
9380001 3.08383
9390001 2.97067
9400001 3.07396
9410001 3.2424
9420001 3.148
9430001 3.33261
9440001 3.22949
9450001 3.27175
9460001 3.46032
9470001 3.02531
9480001 3.26919
9490001 3.1006
9500001 2.948
9510001 3.08192
9520001 3.14607
9530001 3.1799
9540001 3.31589
9550001 3.28076
9560001 3.10306
9570001 3.52644
9580001 3.05061
9590001 3.16513
9600001 3.09942
9610001 2.9741
9620001 3.26241
9630001 3.10347
9640001 3.21053
9650001 3.35617
9660001 3.20023
9670001 3.13129
9680001 3.544
9690001 3.07552
9700001 3.21922
9710001 3.03874
9720001 3.08734
9730001 3.23759
9740001 3.21991
9750001 3.22464
9760001 3.45973
9770001 3.09393
9780001 3.13818
9790001 3.49303
9800001 3.11982
9810001 3.21998
9820001 3.1406
9830001 3.06544
9840001 3.33315
9850001 3.20641
9860001 3.18688
9870001 3.41552
9880001 3.109
9890001 3.27196
9900001 3.51776
9910001 3.1351
9920001 3.2688
9930001 3.22422
9940001 3.09196
9950001 3.37733
9960001 3.19029
9970001 3.2292
9980001 3.31458
9990001 3.09274
10000001 3.31014
10010001 3.3388
10020001 3.41031
10030001 3.28688
10040001 3.28295
10050001 3.17466
10060001 3.51142
10070001 3.19322
10080001 3.13099
10090001 3.31149
10100001 3.12361
10110001 3.24842
10120001 3.39748
10130001 3.44006
10140001 3.23405
10150001 3.24597
10160001 3.11684
10170001 3.26634
10180001 3.06971
10190001 3.15338
10200001 3.24725
10210001 3.17846
10220001 3.28365
10230001 3.37162
10240001 3.55034
10250001 3.02125
10260001 3.17092
10270001 3.12977
10280001 2.99212
10290001 3.0491
10300001 3.22516
10310001 3.1277
10320001 3.16771
10330001 3.26533
10340001 3.3013
10350001 3.53954
10360001 3.00969
10370001 3.17027
10380001 3.04239
10390001 3.06581
10400001 3.05159
10410001 3.26044
10420001 3.04895
10430001 3.22461
10440001 3.27781
10450001 3.12824
10460001 3.60865
10470001 3.03149
10480001 3.08101
10490001 3.09652
10500001 3.05186
10510001 3.12318
10520001 3.15206
10530001 3.17931
10540001 3.25383
10550001 3.35112
10560001 3.11326
10570001 3.6072
10580001 3.04889
10590001 3.10563
10600001 3.05106
10610001 3.04268
10620001 3.18116
10630001 3.05465
10640001 3.03866
10650001 3.28136
10660001 3.31669
10670001 3.15674
10680001 3.57299
10690001 3.05684
10700001 3.07403
10710001 3.13017
10720001 3.03525
10730001 3.26559
10740001 3.07346
10750001 3.05475
10760001 3.32427
10770001 3.07429
10780001 3.18577
10790001 3.51444
10800001 3.1228
10810001 3.12154
10820001 3.22106
10830001 3.04139
10840001 3.34491
10850001 3.06688
10860001 3.04606
10870001 3.30346
10880001 3.12108
10890001 3.20608
10900001 3.39957
10910001 3.15988
10920001 3.27838
10930001 3.31176
10940001 3.0809
10950001 3.42495
10960001 3.0919
10970001 3.06767
10980001 3.23753
10990001 3.14986
11000001 3.27361
11010001 3.43437
11020001 3.28216
11030001 3.30335
11040001 3.28833
11050001 3.20149
11060001 3.47572
11070001 3.08675
11080001 2.9657
11090001 3.26096
11100001 3.175
11110001 3.18834
11120001 3.48448
11130001 3.3286
11140001 3.23999
11150001 3.26698
11160001 3.17812
11170001 3.18566
11180001 3.00584
11190001 2.93089
11200001 3.21219
11210001 3.24836
11220001 3.36923
11230001 3.50635
11240001 3.34448
11250001 3.14659
11260001 3.22638
11270001 3.19819
11280001 2.99286
11290001 3.05746
11300001 3.08624
11310001 3.11288
11320001 3.24464
11330001 3.23947
11340001 3.46125
11350001 3.35905
11360001 3.13703
11370001 3.33394
11380001 3.12539
11390001 3.08624
11400001 3.08452
11410001 3.09915
11420001 3.07042
11430001 3.26592
11440001 3.3291
11450001 3.26523
11460001 3.43817
11470001 3.13726
11480001 3.12854
11490001 3.10383
11500001 3.09155
11510001 3.15033
11520001 2.93134
11530001 3.19757
11540001 3.30018
11550001 3.55937
11560001 3.19394
11570001 3.4907
11580001 3.17426
11590001 3.21664
11600001 3.06776
11610001 3.11064
11620001 3.16546
11630001 2.95367
11640001 3.05239
11650001 3.33507
11660001 3.48324
11670001 3.25486
11680001 3.54605
11690001 3.20098
11700001 3.22393
11710001 3.16271
11720001 3.08932
11730001 3.20245
11740001 2.99996
11750001 3.09917
11760001 3.32765
11770001 3.31513
11780001 3.30933
11790001 3.47017
11800001 3.20943
11810001 3.35529
11820001 3.20599
11830001 3.01626
11840001 3.28185
11850001 2.94988
11860001 3.12215
11870001 3.23897
11880001 3.28597
11890001 3.3434
11900001 3.38143
11910001 3.25234
11920001 3.37496
11930001 3.34046
11940001 3.07823
11950001 3.39568
11960001 3.00764
11970001 3.06164
11980001 3.21167
11990001 3.31423
12000001 3.39592
12010001 3.36844
12020001 3.39288
12030001 3.28475
12040001 3.36166
12050001 3.08955
12060001 3.1987
12070001 3.04697
12080001 2.99703
12090001 3.19656
12100001 3.47924
12110001 3.36113
12120001 3.43466
12130001 3.56028
12140001 3.19425
12150001 3.4043
12160001 3.06716
12170001 3.01672
12180001 2.97483
12190001 3.00909
12200001 3.1821
12210001 3.51344
12220001 3.47727
12230001 3.45038
12240001 3.45978
12250001 3.19309
12260001 3.2743
12270001 3.03314
12280001 2.88192
12290001 3.06426
12300001 3.09618
12310001 3.08091
12320001 3.49219
12330001 3.42572
12340001 3.48465
12350001 3.43518
12360001 3.13612
12370001 3.28421
12380001 3.04023
12390001 2.87838
12400001 3.06788
12410001 3.148
12420001 3.11119
12430001 3.48012
12440001 3.40824
12450001 3.2252
12460001 3.47717
12470001 3.12693
12480001 3.04129
12490001 3.02824
12500001 2.87558
12510001 3.11098
12520001 2.96791
12530001 3.22586
12540001 3.48843
12550001 3.4162
12560001 3.1974
12570001 3.61535
12580001 3.11564
12590001 3.0891
12600001 2.96664
12610001 2.88538
12620001 3.12898
12630001 2.92998
12640001 3.1201
12650001 3.4669
12660001 3.26917
12670001 3.17404
12680001 3.51388
12690001 3.1234
12700001 3.13609
12710001 3.03214
12720001 2.89675
12730001 3.17247
12740001 2.94108
12750001 3.15746
12760001 3.49783
12770001 3.18726
12780001 3.2191
12790001 3.55685
12800001 3.11379
12810001 3.12795
12820001 3.11315
12830001 2.86665
12840001 3.24471
12850001 2.91293
12860001 3.23118
12870001 3.40704
12880001 3.19696
12890001 3.24099
12900001 3.45027
12910001 3.21299
12920001 3.16769
12930001 3.18842
12940001 2.90779
12950001 3.33743
12960001 2.93482
12970001 3.21377
12980001 3.33814
12990001 3.14643
13000001 3.17645
13010001 3.41593
13020001 3.28768
13030001 3.09129
13040001 3.1983
13050001 2.9409
13060001 3.0627
13070001 2.98175
13080001 3.21331
13090001 3.26152
13100001 3.19134
13110001 3.23833
13120001 3.40837
13130001 3.41558
13140001 3.0183
13150001 3.14551
13160001 2.9775
13170001 2.89472
13180001 2.92914
13190001 3.20759
13200001 3.28793
13210001 3.20352
13220001 3.24
13230001 3.3941
13240001 3.39584
13250001 2.92251
13260001 3.14276
13270001 2.93527
13280001 2.85517
13290001 2.95934
13300001 3.23288
13310001 3.11254
13320001 3.3718
13330001 3.26454
13340001 3.3432
13350001 3.42288
13360001 2.92644
13370001 3.17055
13380001 2.98413
13390001 2.87385
13400001 3.00922
13410001 3.21288
13420001 3.0809
13430001 3.3721
13440001 3.40979
13450001 3.30638
13460001 3.43974
13470001 2.95921
13480001 3.05274
13490001 2.97318
13500001 2.91863
13510001 3.06664
13520001 3.17348
13530001 3.26353
13540001 3.443
13550001 3.32781
13560001 3.2678
13570001 3.49966
13580001 3.0021
13590001 3.02891
13600001 3.06624
13610001 2.92949
13620001 3.25923
13630001 3.08435
13640001 3.14603
13650001 3.48372
13660001 3.32162
13670001 3.27684
13680001 3.41019
13690001 3.0137
13700001 3.02014
13710001 3.16808
13720001 2.93973
13730001 3.36798
13740001 3.05813
13750001 3.06793
13760001 3.50356
13770001 3.25463
13780001 3.31036
13790001 3.36725
13800001 3.03168
13810001 3.041
13820001 3.20321
13830001 2.91925
13840001 3.39867
13850001 3.1188
13860001 3.1206
13870001 3.26596
13880001 3.16361
13890001 3.29899
13900001 3.23251
13910001 3.10198
13920001 3.09278
13930001 3.22309
13940001 3.01305
13950001 3.58985
13960001 3.08267
13970001 3.17685
13980001 3.23525
13990001 3.16864
14000001 3.17942
14010001 3.3798
14020001 3.2392
14030001 3.0613
14040001 3.24089
14050001 2.98839
14060001 3.24587
14070001 2.99127
14080001 2.94908
14090001 3.20451
14100001 3.22625
14110001 3.22624
14120001 3.32619
14130001 3.30789
14140001 2.99859
14150001 3.09276
14160001 3.00647
14170001 2.99622
14180001 3.04151
14190001 3.02764
14200001 3.11862
14210001 3.2198
14220001 3.14572
14230001 3.29304
14240001 3.25742
14250001 2.8745
14260001 3.14031
14270001 2.97197
14280001 3.02316
14290001 3.06982
14300001 3.01409
14310001 3.14316
14320001 3.25888
14330001 3.16067
14340001 3.21933
14350001 3.30844
14360001 2.88968
14370001 3.14725
14380001 3.01351
14390001 3.07747
14400001 3.09711
14410001 2.95747
14420001 3.1071
14430001 3.27845
14440001 3.29461
14450001 3.07969
14460001 3.34438
14470001 2.93871
14480001 3.09589
14490001 3.01278
14500001 3.16542
14510001 3.18599
14520001 2.91751
14530001 3.16168
14540001 3.32064
14550001 3.20128
14560001 3.12581
14570001 3.40578
14580001 3.00373
14590001 3.12303
14600001 2.97875
14610001 3.22356
14620001 3.27411
14630001 3.11882
14640001 3.1915
14650001 3.47994
14660001 3.07258
14670001 3.17299
14680001 3.37235
14690001 3.03066
14700001 3.13464
14710001 3.06669
14720001 3.14505
14730001 3.35978
14740001 3.08217
14750001 3.13174
14760001 3.43963
14770001 3.16536
14780001 3.20965
14790001 3.40282
14800001 3.16468
14810001 3.22137
14820001 3.25593
14830001 3.09798
14840001 3.38971
14850001 3.08712
14860001 3.22112
14870001 3.37255
14880001 3.09853
14890001 3.23452
14900001 3.14089
14910001 3.27595
14920001 3.19862
14930001 3.26874
14940001 3.20341
14950001 3.43633
14960001 3.08744
14970001 3.07334
14980001 3.36958
14990001 3.13978
15000001 3.15789
15010001 3.19551
15020001 3.27685
15030001 3.15916
15040001 3.22141
15050001 3.091
15060001 3.14877
15070001 2.9594
15080001 3.07701
15090001 3.3181
15100001 3.25565
15110001 3.20798
15120001 3.24267
15130001 3.32565
15140001 2.98315
15150001 3.25713
15160001 3.09169
15170001 2.94022
15180001 2.96363
15190001 3.27139
15200001 3.15675
15210001 3.27128
15220001 3.16506
15230001 3.269
15240001 3.37944
15250001 2.98292
15260001 3.34043
15270001 3.05568
15280001 2.965
15290001 2.99418
15300001 3.31051
15310001 3.10214
15320001 3.3419
15330001 3.22567
15340001 3.0823
15350001 3.41941
15360001 2.99629
15370001 3.12881
15380001 3.07328
15390001 2.96847
15400001 3.05531
15410001 3.12985
15420001 3.21238
15430001 3.33016
15440001 3.2509
15450001 3.04382
15460001 3.47522
15470001 3.00359
15480001 3.10818
15490001 2.96864
15500001 2.95196
15510001 3.11665
15520001 3.03509
15530001 3.08856
15540001 3.35711
15550001 3.20309
15560001 3.09985
15570001 3.50561
15580001 3.04996
15590001 3.09746
15600001 3.05333
15610001 2.93977
15620001 3.14907
15630001 3.08235
15640001 3.21326
15650001 3.37997
15660001 3.03836
15670001 3.15714
15680001 3.45882
15690001 3.10574
15700001 3.13127
15710001 3.09508
15720001 2.94391
15730001 3.31135
15740001 3.11097
15750001 3.21655
15760001 3.40125
15770001 3.07748
15780001 3.19203
15790001 3.30885
15800001 3.13512
15810001 3.23849
15820001 3.21374
15830001 3.11689
15840001 3.35331
15850001 3.1951
15860001 3.18128
15870001 3.32473
15880001 3.04921
15890001 3.16035
15900001 3.29231
15910001 3.23419
15920001 3.23816
15930001 3.22536
15940001 3.14214
15950001 3.45148
15960001 3.2175
15970001 3.09096
15980001 3.31343
15990001 3.0858
16000001 3.20361
16010001 3.30099
16020001 3.25197
16030001 3.07505
16040001 3.19081
16050001 3.1205
16060001 3.15592
16070001 3.0022
16080001 3.06647
16090001 3.19457
16100001 3.12642
16110001 3.22849
16120001 3.34666
16130001 3.41212
16140001 3.02423
16150001 3.15384
16160001 3.15286
16170001 2.9726
16180001 3.04371
16190001 3.20346
16200001 3.07831
16210001 3.13322
16220001 3.22725
16230001 3.34143
16240001 3.4345
16250001 3.04686
16260001 3.17439
16270001 3.05786
16280001 3.00538
16290001 3.03347
16300001 3.2607
16310001 3.02068
16320001 3.18773
16330001 3.27865
16340001 3.14757
16350001 3.59899
16360001 3.00687
16370001 3.02385
16380001 3.04385
16390001 3.00117
16400001 3.08467
16410001 3.03923
16420001 3.16999
16430001 3.239
16440001 3.31973
16450001 3.10887
16460001 3.65346
16470001 3.06769
16480001 3.07326
16490001 2.99424
16500001 3.07924
16510001 3.16794
16520001 3.07697
16530001 3.02258
16540001 3.28769
16550001 3.27871
16560001 3.13005
16570001 3.5989
16580001 3.07033
16590001 3.05163
16600001 3.07962
16610001 3.02836
16620001 3.1651
16630001 3.0726
16640001 3.0221
16650001 3.28621
16660001 3.08058
16670001 3.14859
16680001 3.47887
16690001 3.08128
16700001 3.10451
16710001 3.16995
16720001 3.00273
16730001 3.25672
16740001 3.00942
16750001 3.04831
16760001 3.25738
16770001 3.08131
16780001 3.18916
16790001 3.36108
16800001 3.1583
16810001 3.13731
16820001 3.24811
16830001 3.05736
16840001 3.49342
16850001 3.0564
16860001 3.04357
16870001 3.20946
16880001 3.12656
16890001 3.2331
16900001 3.41014
16910001 3.3058
16920001 3.04692
16930001 3.27309
16940001 3.0839
16950001 3.32669
16960001 3.09945
16970001 2.97318
16980001 3.22139
16990001 3.1922
17000001 3.16564
17010001 3.46333
17020001 3.33967
17030001 3.18567
17040001 3.28778
17050001 3.05101
17060001 3.08065
17070001 2.97292
17080001 2.9575
17090001 3.15902
17100001 3.19014
17110001 3.20609
17120001 3.4373
17130001 3.34075
17140001 3.11408
17150001 3.17669
17160001 3.16172
17170001 2.96185
17180001 3.0302
17190001 2.96778
17200001 3.07476
17210001 3.2092
17220001 3.14413
17230001 3.41573
17240001 3.3148
17250001 3.12587
17260001 3.19182
17270001 3.1416
17280001 3.01185
17290001 3.05458
17300001 3.02608
17310001 3.02063
17320001 3.28233
17330001 3.29753
17340001 3.22668
17350001 3.39517
17360001 3.15532
17370001 3.08452
17380001 3.14284
17390001 3.02888
17400001 3.15198
17410001 2.90747
17420001 3.15669
17430001 3.3287
17440001 3.36478
17450001 3.24281
17460001 3.46345
17470001 3.18865
17480001 3.19857
17490001 3.07379
17500001 3.09209
17510001 3.15108
17520001 2.90665
17530001 3.06305
17540001 3.33782
17550001 3.23349
17560001 3.23053
17570001 3.38674
17580001 3.16581
17590001 3.18739
17600001 3.11403
17610001 3.07825
17620001 3.20434
17630001 2.97497
17640001 3.00696
17650001 3.35207
17660001 3.32788
17670001 3.28426
17680001 3.45332
17690001 3.20012
17700001 3.33781
17710001 3.22503
17720001 3.07978
17730001 3.26185
17740001 2.96158
17750001 3.09607
17760001 3.20296
17770001 3.27556
17780001 3.33511
17790001 3.35375
17800001 3.26283
17810001 3.40458
17820001 3.34705
17830001 3.1023
17840001 3.35964
17850001 2.97458
17860001 3.08715
17870001 3.13947
17880001 3.29153
17890001 3.24388
17900001 3.34849
17910001 3.349
17920001 3.35191
17930001 3.31184
17940001 3.04388
17950001 3.07861
17960001 3.04721
17970001 2.9992
17980001 3.0767
17990001 3.38144
18000001 3.35681
18010001 3.35001
18020001 3.40651
18030001 3.1447
18040001 3.27997
18050001 3.05686
18060001 2.89348
18070001 2.95812
18080001 2.98901
18090001 3.11484
18100001 3.41573
18110001 3.46465
18120001 3.39042
18130001 3.45298
18140001 3.0526
18150001 3.30262
18160001 2.98896
18170001 2.86432
18180001 2.99224
18190001 3.04739
18200001 3.0023
18210001 3.53804
18220001 3.39497
18230001 3.38709
18240001 3.45476
18250001 3.05231
18260001 3.32691
18270001 3.03195
18280001 2.9125
18290001 3.05067
18300001 3.12192
18310001 2.99182
18320001 3.49612
18330001 3.47189
18340001 3.22757
18350001 3.46019
18360001 3.16745
18370001 3.09696
18380001 3.0192
18390001 2.89201
18400001 3.11311
18410001 2.95055
18420001 3.09037
18430001 3.50232
18440001 3.36813
18450001 3.19791
18460001 3.48538
18470001 3.1442
18480001 3.04268
18490001 2.92905
18500001 2.86076
18510001 3.11842
18520001 2.94168
18530001 3.14553
18540001 3.4984
18550001 3.19483
18560001 3.18849
18570001 3.50684
18580001 3.15501
18590001 3.05653
18600001 3.00175
18610001 2.85455
18620001 3.14015
18630001 2.92936
18640001 3.12848
18650001 3.49422
18660001 3.17156
18670001 3.25485
18680001 3.54059
18690001 3.13542
18700001 3.16381
18710001 3.0774
18720001 2.84133
18730001 3.18794
18740001 2.88846
18750001 3.17357
18760001 3.33271
18770001 3.16938
18780001 3.24802
18790001 3.34796
18800001 3.22771
18810001 3.18878
18820001 3.14973
18830001 2.90118
18840001 3.33601
18850001 2.90453
18860001 3.29056
18870001 3.3599
18880001 3.20164
18890001 3.17509
18900001 3.43264
18910001 3.33545
18920001 3.13915
18930001 3.15908
18940001 2.9144
18950001 3.0362
18960001 2.84075
18970001 3.07256
18980001 3.22606
18990001 3.27353
19000001 3.2295
19010001 3.41255
19020001 3.3808
19030001 3.04007
19040001 3.09671
19050001 2.93397
19060001 2.79512
19070001 2.87799
19080001 3.15585
19090001 3.08622
19100001 3.17538
19110001 3.12647
19120001 3.41168
19130001 3.30865
19140001 2.88473
19150001 3.16631
19160001 2.9313
19170001 2.81118
19180001 2.95224
19190001 3.22869
19200001 3.12193
19210001 3.22103
19220001 3.17534
19230001 3.35348
19240001 3.4411
19250001 2.91875
19260001 3.17138
19270001 2.95044
19280001 2.84488
19290001 2.99944
19300001 3.16172
19310001 3.09969
19320001 3.21922
19330001 3.20951
19340001 3.1127
19350001 3.51156
19360001 2.95077
19370001 3.01263
19380001 2.95647
19390001 2.87483
19400001 3.06113
19410001 3.16655
19420001 3.08304
19430001 3.40235
19440001 3.31682
19450001 3.1846
19460001 3.53854
19470001 2.99329
19480001 3.0485
19490001 2.93435
19500001 2.89201
19510001 3.05737
19520001 3.16946
19530001 3.14283
19540001 3.47616
19550001 3.17517
19560001 3.28603
19570001 3.45342
19580001 3.00844
19590001 3.03628
19600001 2.99427
19610001 2.90374
19620001 3.14199
19630001 3.13443
19640001 3.04693
19650001 3.4236
19660001 3.199
19670001 3.29032
19680001 3.39693
19690001 3.03961
19700001 3.07494
19710001 3.19932
19720001 2.89001
19730001 3.39152
19740001 3.14313
19750001 3.0791
19760001 3.3333
19770001 3.18768
19780001 3.3299
19790001 3.1651
19800001 3.13899
19810001 3.05982
19820001 3.26667
19830001 2.97496
19840001 3.46666
19850001 3.12723
19860001 2.9812
19870001 3.27858
19880001 3.2036
19890001 3.2022
19900001 3.21024
19910001 3.18034
19920001 3.00454
19930001 3.14574
19940001 2.96714
19950001 3.21696
19960001 3.03518
19970001 2.922
19980001 3.24598
19990001 3.22849
20000001 3.20485
20010001 3.35678
20020001 3.26135
20030001 2.83574
20040001 3.08568
20050001 3.01913
20060001 3.06507
20070001 3.08483
20080001 3.04347
20090001 3.08822
20100001 3.21725
20110001 3.15475
20120001 3.30564
20130001 3.24218
20140001 2.85105
20150001 3.13164
20160001 2.94893
20170001 3.03249
20180001 3.03677
20190001 3.04187
20200001 3.06835
20210001 3.27371
20220001 3.23775
20230001 3.11894
20240001 3.30977
20250001 2.86446
20260001 3.02644
20270001 2.99467
20280001 3.09005
20290001 3.10512
20300001 2.97985
20310001 3.16039
20320001 3.26356
20330001 3.26872
20340001 3.05042
20350001 3.34856
20360001 2.88898
20370001 3.04221
20380001 2.95539
20390001 3.09451
20400001 3.16488
20410001 2.91385
20420001 3.07967
20430001 3.34763
20440001 3.17788
20450001 3.12311
20460001 3.42523
20470001 2.96422
20480001 3.04951
20490001 3.04084
20500001 3.10074
20510001 3.20672
20520001 2.9208
20530001 3.12629
20540001 3.40555
20550001 3.06952
20560001 3.15889
20570001 3.39805
20580001 3.02788
20590001 3.13468
20600001 3.09024
20610001 3.16064
20620001 3.38625
20630001 2.90393
20640001 3.15037
20650001 3.38193
20660001 3.11822
20670001 3.19585
20680001 3.2977
20690001 3.09155
20700001 3.18658
20710001 3.13271
20720001 3.18651
20730001 3.37811
20740001 3.09756
20750001 3.181
20760001 3.39262
20770001 3.09958
20780001 3.26604
20790001 3.21923
20800001 3.1193
20810001 3.19703
20820001 3.13554
20830001 3.20117
20840001 3.47812
20850001 3.13019
20860001 3.04365
20870001 3.31138
20880001 3.10433
20890001 3.13074
20900001 3.20474
20910001 3.27818
20920001 3.01732
20930001 3.22802
20940001 3.12106
20950001 3.13764
20960001 2.92554
20970001 3.05962
20980001 3.32736
20990001 3.18709
21000001 3.15339
21010001 3.17104
21020001 3.30862
21030001 2.9249
21040001 3.14539
21050001 3.12878
21060001 2.91281
21070001 2.96265
21080001 3.18602
21090001 3.1622
21100001 3.21064
21110001 3.14223
21120001 3.19681
21130001 3.33356
21140001 2.99586
21150001 3.28355
21160001 3.10668
21170001 2.97599
21180001 2.98004
21190001 3.20141
21200001 3.10352
21210001 3.32828
21220001 3.25304
21230001 3.07027
21240001 3.39738
21250001 3.01724
21260001 3.23513
21270001 3.07322
21280001 2.98883
21290001 3.05237
21300001 3.11039
21310001 3.23922
21320001 3.36626
21330001 3.26879
21340001 3.04906
21350001 3.45358
21360001 3.00956
21370001 3.19456
21380001 2.95781
21390001 2.96493
21400001 3.0945
21410001 3.11411
21420001 3.09596
21430001 3.38313
21440001 3.19106
21450001 3.10307
21460001 3.48955
21470001 3.05739
21480001 3.10454
21490001 3.03773
21500001 2.94578
21510001 3.12737
21520001 3.04691
21530001 3.11852
21540001 3.38541
21550001 3.02476
21560001 3.14485
21570001 3.45637
21580001 3.07995
21590001 3.11869
21600001 3.07533
21610001 2.90845
21620001 3.29363
21630001 3.02674
21640001 3.12143
21650001 3.35153
21660001 3.00902
21670001 3.18728
21680001 3.29818
21690001 3.17241
21700001 3.18816
21710001 3.19723
21720001 2.99132
21730001 3.31651
21740001 3.12932
21750001 3.2092
21760001 3.32923
21770001 3.0409
21780001 3.22122
21790001 3.24828
21800001 3.31084
21810001 3.12743
21820001 3.19935
21830001 2.98991
21840001 3.26506
21850001 3.14552
21860001 3.11368
21870001 3.29973
21880001 3.09981
21890001 3.10274
21900001 3.2623
21910001 3.28342
21920001 3.08958
21930001 3.23737
21940001 3.08956
21950001 3.05357
21960001 3.01895
21970001 3.09822
21980001 3.22613
21990001 3.1136
22000001 3.12782
22010001 3.27806
22020001 3.25958
22030001 2.98736
22040001 3.12194
22050001 3.06579
22060001 2.94904
22070001 3.07276
22080001 3.15596
22090001 3.08135
22100001 3.14321
22110001 3.2062
22120001 3.31815
22130001 3.25961
22140001 2.97158
22150001 3.14165
22160001 3.09703
22170001 2.94921
22180001 3.09456
22190001 3.20443
22200001 3.01111
22210001 3.16714
22220001 3.27153
22230001 3.14225
22240001 3.4648
22250001 3.06461
22260001 3.0043
22270001 3.09194
22280001 2.99293
22290001 3.12554
22300001 3.03335
22310001 3.13147
22320001 3.20003
22330001 3.2971
22340001 3.11373
22350001 3.5145
22360001 3.07512
22370001 3.03784
22380001 2.99743
22390001 3.0053
22400001 3.13767
22410001 3.07871
22420001 3.03408
22430001 3.26336
22440001 3.23036
22450001 3.12652
22460001 3.60143
22470001 3.09727
22480001 3.06734
22490001 3.06857
22500001 2.995
22510001 3.22584
22520001 3.09273
22530001 2.98168
22540001 3.30759
22550001 3.06158
22560001 3.18776
22570001 3.57916
22580001 3.09793
22590001 3.11188
22600001 3.12391
22610001 3.05972
22620001 3.26739
22630001 3.06728
22640001 3.053
22650001 3.26753
22660001 3.0656
22670001 3.17513
22680001 3.35624
22690001 3.1569
22700001 3.14038
22710001 3.26607
22720001 3.11046
22730001 3.39264
22740001 3.06511
22750001 3.03002
22760001 3.18041
22770001 3.10058
22780001 3.08038
22790001 3.38432
22800001 3.23875
22810001 3.07378
22820001 3.22102
22830001 3.07917
22840001 3.09036
22850001 3.10332
22860001 2.95471
22870001 3.1038
22880001 3.18218
22890001 3.15178
22900001 3.37516
22910001 3.32418
22920001 2.98791
22930001 3.08973
22940001 3.04708
22950001 3.036
22960001 2.9665
22970001 2.94755
22980001 3.12835
22990001 3.1899
23000001 3.19018
23010001 3.3806
23020001 3.33201
23030001 2.89253
23040001 3.16812
23050001 2.99941
23060001 2.9609
23070001 3.01237
23080001 2.99441
23090001 2.99701
23100001 3.24169
23110001 3.13878
23120001 3.37806
23130001 3.33371
23140001 3.11063
23150001 3.18356
23160001 3.02737
23170001 3.02186
23180001 3.09213
23190001 3.00729
23200001 2.95401
23210001 3.2583
23220001 3.20794
23230001 3.17128
23240001 3.3742
23250001 3.12408
23260001 3.04829
23270001 3.14989
23280001 3.02954
23290001 3.12896
23300001 2.87203
23310001 3.15181
23320001 3.30379
23330001 3.13901
23340001 3.17754
23350001 3.45045
23360001 3.19195
23370001 3.08686
23380001 3.12849
23390001 3.04037
23400001 3.15491
23410001 2.89573
23420001 3.05348
23430001 3.38649
23440001 3.15146
23450001 3.29491
23460001 3.36328
23470001 3.21032
23480001 3.15772
23490001 3.19053
23500001 3.0297
23510001 3.2206
23520001 2.92332
23530001 3.01055
23540001 3.44107
23550001 3.09162
23560001 3.32334
23570001 3.38148
23580001 3.19347
23590001 3.30536
23600001 3.20092
23610001 3.06226
23620001 3.26641
23630001 2.94795
23640001 3.07838
23650001 3.13366
23660001 3.07687
23670001 3.36415
23680001 3.27822
23690001 3.26381
23700001 3.30926
23710001 3.32069
23720001 3.12349
23730001 3.37168
23740001 2.96838
23750001 3.13402
23760001 3.15566
23770001 3.29211
23780001 3.24273
23790001 3.37466
23800001 3.33371
23810001 3.32207
23820001 3.34018
23830001 3.15609
23840001 3.08374
23850001 2.91842
23860001 2.91105
23870001 3.0398
23880001 3.36809
23890001 3.34589
23900001 3.37673
23910001 3.37359
23920001 3.16362
23930001 3.27499
23940001 3.08284
23950001 2.83773
23960001 2.94834
23970001 2.99931
23980001 2.95266
23990001 3.39362
24000001 3.28559
24010001 3.32993
24020001 3.31763
24030001 3.06286
24040001 3.26115
24050001 2.97354
24060001 2.85124
24070001 2.96653
24080001 3.05602
24090001 2.98775
24100001 3.46116
24110001 3.37444
24120001 3.33057
24130001 3.39003
24140001 3.03726
24150001 3.34835
24160001 3.00624
24170001 2.89932
24180001 3.03586
24190001 3.03105
24200001 2.96453
24210001 3.4799
24220001 3.46441
24230001 3.14279
24240001 3.51448
24250001 3.07776
24260001 3.14301
24270001 3.02932
24280001 2.91614
24290001 3.10052
24300001 2.95125
24310001 2.94675
24320001 3.53199
24330001 3.3625
24340001 3.23882
24350001 3.53596
24360001 3.07911
24370001 3.14402
24380001 2.93729
24390001 2.90796
24400001 3.03942
24410001 2.94152
24420001 2.9806
24430001 3.57105
24440001 3.17385
24450001 3.24551
24460001 3.50092
24470001 3.24942
24480001 3.0799
24490001 3.01361
24500001 2.87023
24510001 3.16402
24520001 2.91869
24530001 2.94562
24540001 3.41247
24550001 3.16355
24560001 3.26898
24570001 3.48119
24580001 3.18515
24590001 3.12675
24600001 3.07273
24610001 2.82763
24620001 3.18302
24630001 2.88537
24640001 3.15658
24650001 3.33981
24660001 3.17357
24670001 3.30264
24680001 3.33929
24690001 3.31823
24700001 3.15529
24710001 3.0864
24720001 2.89154
24730001 3.28743
24740001 2.90732
24750001 3.06031
24760001 3.31335
24770001 3.19901
24780001 3.20416
24790001 3.47926
24800001 3.35712
24810001 3.16686
24820001 3.09669
24830001 2.89553
24840001 3.01871
24850001 2.82635
24860001 3.05839
24870001 3.2812
24880001 3.25892
24890001 3.22374
24900001 3.41386
24910001 3.3103
24920001 2.93507
24930001 3.05452
24940001 2.93531
24950001 2.78881
24960001 2.8465
24970001 3.2207
24980001 3.11687
24990001 3.22767
25000001 3.13963
25010001 3.37867
25020001 3.35562
25030001 2.92062
25040001 3.11273
25050001 2.86744
25060001 2.79304
25070001 2.87977
25080001 3.19723
25090001 3.03615
25100001 3.27955
25110001 3.18071
25120001 3.25187
25130001 3.44798
25140001 2.95909
25150001 2.98584
25160001 2.9477
25170001 2.83089
25180001 2.98976
25190001 3.17559
25200001 3.22653
25210001 3.2499
25220001 3.23379
25230001 3.1393
25240001 3.42752
25250001 2.95084
25260001 3.01342
25270001 2.9087
25280001 2.85477
25290001 3.03438
25300001 3.09271
25310001 3.08634
25320001 3.2867
25330001 3.1705
25340001 3.15348
25350001 3.53495
25360001 2.98308
25370001 2.97815
25380001 2.97221
25390001 2.87337
25400001 3.05745
25410001 3.07661
25420001 3.14137
25430001 3.31948
25440001 3.02723
25450001 3.20272
25460001 3.56114
25470001 3.06412
25480001 3.0495
25490001 3.02988
25500001 2.89311
25510001 3.16832
25520001 3.16905
25530001 3.0501
25540001 3.39222
25550001 3.21249
25560001 3.21453
25570001 3.37225
25580001 3.08427
25590001 3.08362
25600001 3.08848
25610001 2.91873
25620001 3.19072
25630001 3.14289
25640001 3.07437
25650001 3.34717
25660001 3.13598
25670001 3.34039
25680001 3.21416
25690001 3.15213
25700001 3.07991
25710001 3.07955
25720001 2.95528
25730001 3.2932
25740001 3.15776
25750001 2.96339
25760001 3.28875
25770001 3.13272
25780001 3.2168
25790001 3.18703
25800001 3.1945
25810001 2.88669
25820001 3.1472
25830001 2.92633
25840001 3.17023
25850001 3.06755
25860001 2.90454
25870001 3.30288
25880001 3.25348
25890001 3.23786
25900001 3.21083
25910001 3.18528
25920001 2.7702
25930001 3.12815
25940001 2.96793
25950001 2.95739
25960001 3.09804
25970001 3.05377
25980001 3.12957
25990001 3.2571
26000001 3.17209
26010001 3.26321
26020001 3.22834
26030001 2.83416
26040001 3.11653
26050001 2.98513
26060001 3.03614
26070001 3.09824
26080001 3.04079
26090001 3.04556
26100001 3.27642
26110001 3.26429
26120001 3.13952
26130001 3.29649
26140001 2.84364
26150001 3.03847
26160001 3.01477
26170001 3.14968
26180001 3.19578
26190001 2.90227
26200001 3.15255
26210001 3.31704
26220001 3.29052
26230001 3.13911
26240001 3.32605
26250001 2.87978
26260001 3.05781
26270001 2.95638
26280001 3.09768
26290001 3.1614
26300001 2.92293
26310001 3.07832
26320001 3.36955
26330001 3.24238
26340001 3.15146
26350001 3.42485
26360001 2.91496
26370001 3.00856
26380001 3.01059
26390001 3.08617
26400001 3.22419
26410001 2.94808
26420001 3.09389
26430001 3.38013
26440001 3.05016
26450001 3.19139
26460001 3.41554
26470001 2.99534
26480001 3.10522
26490001 3.09159
26500001 3.06371
26510001 3.35472
26520001 2.91273
26530001 3.13403
26540001 3.33786
26550001 2.96522
26560001 3.1945
26570001 3.32986
26580001 3.08545
26590001 3.16245
26600001 3.18989
26610001 3.153
26620001 3.46367
26630001 2.93312
26640001 3.11627
26650001 3.34449
26660001 3.07086
26670001 3.23965
26680001 3.22489
26690001 3.1953
26700001 3.08395
26710001 3.16112
26720001 3.16523
26730001 3.28082
26740001 2.95058
26750001 3.06532
26760001 3.29672
26770001 3.16954
26780001 3.15635
26790001 3.20247
26800001 3.206
26810001 3.0169
26820001 3.16227
26830001 3.15849
26840001 3.0465
26850001 2.91399
26860001 3.09399
26870001 3.31868
26880001 3.15565
26890001 3.22104
26900001 3.2056
26910001 3.14644
26920001 2.90376
26930001 3.03584
26940001 3.12329
26950001 2.91322
26960001 2.99737
26970001 3.13563
26980001 3.17752
26990001 3.18264
27000001 3.10207
27010001 3.22837
27020001 3.29547
27030001 2.9451
27040001 3.23563
27050001 3.06705
27060001 2.91516
27070001 2.98711
27080001 3.18308
27090001 3.13364
27100001 3.29125
27110001 3.22075
27120001 3.02189
27130001 3.4126
27140001 3.00014
27150001 3.152
27160001 3.12975
27170001 2.98313
27180001 3.09921
27190001 2.99826
27200001 3.23331
27210001 3.31855
27220001 3.27436
27230001 3.03308
27240001 3.4838
27250001 3.04428
27260001 3.19182
27270001 3.04265
27280001 3.00366
27290001 3.08997
27300001 3.01225
27310001 3.16003
27320001 3.42437
27330001 3.17364
27340001 3.09447
27350001 3.38368
27360001 3.09795
27370001 3.24256
27380001 3.03747
27390001 2.95237
27400001 3.12132
27410001 3.07543
27420001 3.05973
27430001 3.39515
27440001 3.02162
27450001 3.13428
27460001 3.47773
27470001 3.08373
27480001 3.2327
27490001 3.11064
27500001 2.90801
27510001 3.205
27520001 3.11882
27530001 3.13305
27540001 3.34797
27550001 2.99089
27560001 3.20102
27570001 3.28483
27580001 3.1773
27590001 3.22065
27600001 3.19447
27610001 3.00655
27620001 3.35072
27630001 3.09912
27640001 3.11788
27650001 3.3028
27660001 3.03324
27670001 3.0855
27680001 3.25081
27690001 3.27903
27700001 3.1568
27710001 3.2079
27720001 3.01458
27730001 3.08428
27740001 3.18219
27750001 3.02313
27760001 3.21003
27770001 3.08937
27780001 3.1283
27790001 3.23417
27800001 3.32211
27810001 3.08581
27820001 3.09964
27830001 2.96056
27840001 2.90114
27850001 2.94036
27860001 3.10935
27870001 3.225
27880001 3.1191
27890001 3.16643
27900001 3.26772
27910001 3.32602
27920001 2.97093
27930001 3.12863
27940001 2.91354
27950001 2.93689
27960001 2.97717
27970001 3.15729
27980001 3.07566
27990001 3.13637
28000001 3.08476
28010001 3.23149
28020001 3.27192
28030001 2.98985
28040001 3.12579
28050001 3.08851
28060001 2.96309
28070001 3.16891
28080001 3.17503
28090001 3.01949
28100001 3.16521
28110001 3.16391
28120001 3.10183
28130001 3.29695
28140001 3.02649
28150001 3.00524
28160001 3.09896
28170001 2.99153
28180001 3.17444
28190001 3.02934
28200001 3.16008
28210001 3.21247
28220001 3.2081
28230001 3.08428
28240001 3.35074
28250001 3.04301
28260001 2.99029
28270001 3.04405
28280001 2.98113
28290001 3.16414
28300001 3.03912
28310001 3.01462
28320001 3.23292
28330001 3.12469
28340001 3.12043
28350001 3.44895
28360001 3.14713
28370001 3.04625
28380001 3.14151
28390001 2.97522
28400001 3.2279
28410001 3.04255
28420001 2.99602
28430001 3.31401
28440001 3.05173
28450001 3.17798
28460001 3.46994
28470001 3.15622
28480001 3.08814
28490001 3.16327
28500001 2.98565
28510001 3.2805
28520001 3.1001
28530001 3.07465
28540001 3.19978
28550001 3.08018
28560001 3.21361
28570001 3.43795
28580001 3.18873
28590001 3.13126
28600001 3.22681
28610001 3.05688
28620001 3.42212
28630001 3.09216
28640001 3.1345
28650001 3.20966
28660001 3.09226
28670001 3.11943
28680001 3.47338
28690001 3.2525
28700001 3.06196
28710001 3.26164
28720001 3.14145
28730001 3.11933
28740001 2.99457
28750001 2.88849
28760001 3.07777
28770001 3.12448
28780001 3.13244
28790001 3.36934
28800001 3.29779
28810001 2.98866
28820001 3.08765
28830001 3.09999
28840001 2.83809
28850001 2.98686
28860001 2.93278
28870001 2.95658
28880001 3.19006
28890001 3.09805
28900001 3.37505
28910001 3.30325
28920001 2.89265
28930001 3.10965
28940001 3.01806
28950001 2.84578
28960001 3.00757
28970001 2.98739
28980001 2.9731
28990001 3.25814
29000001 3.15337
29010001 3.31596
29020001 3.35909
29030001 2.8982
29040001 3.14135
29050001 3.01807
29060001 3.02892
29070001 3.07324
29080001 2.95966
29090001 2.95905
29100001 3.26056
29110001 3.22905
29120001 3.10932
29130001 3.41682
29140001 2.9223
29150001 3.0454
29160001 3.02735
29170001 3.07087
29180001 3.14183
29190001 2.89624
29200001 2.95409
29210001 3.30982
29220001 3.10776
29230001 3.19408
29240001 3.42443
29250001 3.14667
29260001 3.08475
29270001 3.03029
29280001 3.03102
29290001 3.1012
29300001 2.89688
29310001 3.02448
29320001 3.38264
29330001 2.95683
29340001 3.23051
29350001 3.37777
29360001 3.22742
29370001 3.12991
29380001 3.27879
29390001 3.01504
29400001 3.20053
29410001 2.91586
29420001 3.03586
29430001 3.22849
29440001 3.0011
29450001 3.30535
29460001 3.40157
29470001 3.23238
29480001 3.22187
29490001 3.28045
29500001 3.01599
29510001 3.2546
29520001 2.93287
29530001 3.08543
29540001 3.18734
29550001 3.08738
29560001 3.38665
29570001 3.23257
29580001 3.34577
29590001 3.28938
29600001 3.34166
29610001 3.07791
29620001 3.38232
29630001 2.95141
29640001 2.93972
29650001 3.1686
29660001 3.11887
29670001 3.3493
29680001 3.34162
29690001 3.37299
29700001 3.33492
29710001 3.27534
29720001 3.13733
29730001 3.09065
29740001 2.90549
29750001 2.92026
29760001 3.02459
29770001 3.15981
29780001 3.37667
29790001 3.3657
29800001 3.24516
29810001 3.01661
29820001 3.25462
29830001 3.16555
29840001 2.85455
29850001 2.94389
29860001 3.01545
29870001 2.94049
29880001 3.39156
29890001 3.29817
29900001 3.33514
29910001 3.24961
29920001 3.07356
29930001 3.31776
29940001 3.06599
29950001 2.84773
29960001 2.94932
29970001 3.07799
29980001 2.90029
29990001 3.42535
