1 12.2162 1129.98 0.641865
11 4.60462 420.703 0.271456
21 4.31053 400.537 0.232573
31 4.13086 388.039 0.218485
41 4.00635 379.534 0.217089
51 3.91507 373.229 0.222635
61 3.84449 368.454 0.221826
71 3.7915 364.923 0.223116
81 3.74519 361.951 0.215539
91 3.71194 359.772 0.229313
101 3.68222 358.103 0.219402
111 3.66149 357.024 0.217042
121 3.64412 356.292 0.217198
131 3.6308 355.829 0.219974
141 3.62163 355.697 0.215128
151 3.61445 355.706 0.209833
161 3.61132 355.935 0.219763
171 3.61032 356.355 0.222161
181 3.61009 356.889 0.216171
191 3.61305 357.631 0.216723
201 3.61558 358.34 0.220081
211 3.62113 359.264 0.220779
221 3.62756 360.218 0.225836
231 3.63406 361.275 0.218115
241 3.64137 362.338 0.213919
251 3.65 363.412 0.22422
261 3.66057 364.727 0.218875
271 3.6696 365.886 0.218427
281 3.68091 367.189 0.219879
291 3.6916 368.421 0.226293
301 3.70373 369.802 0.225407
311 3.71666 371.245 0.213071
321 3.72795 372.543 0.222832
331 3.74168 374.089 0.218428
341 3.7546 375.523 0.232792
351 3.76818 377.118 0.216654
361 3.781 378.6 0.22152
371 3.79575 380.209 0.221674
381 3.80895 381.714 0.217372
391 3.82409 383.305 0.21927
401 3.83884 384.903 0.216667
411 3.85263 386.38 0.226675
421 3.86743 388.014 0.217972
431 3.88122 389.574 0.207327
441 3.89798 391.22 0.227735
451 3.91167 392.733 0.217827
461 3.9279 394.396 0.218155
471 3.94293 395.991 0.215228
481 3.95767 397.548 0.216557
491 3.97399 399.169 0.227352
501 3.98925 400.807 0.219686
511 4.00588 402.453 0.21995
521 4.01976 403.99 0.215947
531 4.03695 405.648 0.228513
541 4.05135 407.203 0.22429
551 4.06861 408.909 0.21684
561 4.08254 410.471 0.218601
571 4.09799 412.066 0.223155
581 4.11423 413.738 0.222946
591 4.12888 415.367 0.209605
601 4.14595 417.044 0.220259
611 4.16065 418.616 0.221097
621 4.17658 420.27 0.216636
631 4.19314 421.967 0.216836
641 4.20774 423.51 0.220466
651 4.22403 425.166 0.222726
661 4.23921 426.728 0.222483
671 4.25636 428.433 0.219683
681 4.27072 429.993 0.214904
691 4.28604 431.529 0.223838
701 4.30201 433.178 0.220704
711 4.31736 434.743 0.218818
721 4.33335 436.365 0.220975
731 4.34857 437.855 0.226033
741 4.36392 439.441 0.220979
751 4.38011 441.06 0.214759
761 4.39446 442.522 0.223243
771 4.41113 444.203 0.224491
781 4.42529 445.674 0.218799
791 4.44161 447.313 0.217206
801 4.45657 448.802 0.225424
811 4.47178 450.33 0.226399
821 4.48795 451.902 0.225328
831 4.50257 453.436 0.221162
841 4.51772 454.968 0.218485
851 4.5319 456.386 0.2247
861 4.548 458.004 0.219629
871 4.56286 459.498 0.223439
881 4.57758 460.994 0.221379
891 4.59144 462.398 0.216275
901 4.60702 463.95 0.219772
911 4.62255 465.487 0.215891
921 4.63624 466.878 0.215761
931 4.65218 468.447 0.223197
941 4.66602 469.882 0.209299
951 4.68185 471.404 0.225762
961 4.69533 472.824 0.21329
971 4.71085 474.311 0.222606
981 4.72568 475.801 0.219081
991 4.74066 477.282 0.216006
1001 4.75466 478.688 0.222827
1011 4.76838 480.096 0.221109
1021 4.78358 481.576 0.224261
1031 4.79695 482.982 0.213363
1041 4.81279 484.475 0.228586
1051 4.82561 485.82 0.219029
1061 4.84117 487.326 0.21716
1071 4.85463 488.699 0.218767
1081 4.86852 490.078 0.221324
1091 4.88337 491.518 0.228031
1101 4.89701 492.947 0.209352
1111 4.91172 494.378 0.219023
1121 4.92461 495.698 0.217121
1131 4.93929 497.116 0.225426
1141 4.95393 498.57 0.2195
1151 4.96675 499.889 0.219662
1161 4.98107 501.319 0.219359
1171 4.99469 502.632 0.227218
1181 5.00877 504.068 0.220317
1191 5.02241 505.44 0.217368
1201 5.03562 506.721 0.224309
1211 5.04983 508.17 0.219089
1221 5.06259 509.454 0.219942
1231 5.0769 510.894 0.220908
1241 5.09046 512.181 0.228317
1251 5.10399 513.541 0.226206
1261 5.11953 514.989 0.228398
1271 5.13037 516.183 0.223924
1281 5.14436 517.608 0.224891
1291 5.15727 518.853 0.226073
1301 5.17135 520.277 0.22656
1311 5.18394 521.555 0.227251
1321 5.1975 522.902 0.228146
1331 5.21085 524.176 0.232745
1341 5.22356 525.498 0.229766
1351 5.23686 526.828 0.230707
1361 5.24913 528.041 0.231163
1371 5.26344 529.457 0.232106
1381 5.27494 530.674 0.232888
1391 5.28894 532.042 0.233673
1401 5.30075 533.23 0.234294
1411 5.31523 534.568 0.236511
1421 5.32761 535.875 0.235892
1431 5.34003 537.113 0.236587
1441 5.35331 538.424 0.237462
1451 5.36544 539.633 0.238107
1461 5.37931 540.947 0.238881
1471 5.39048 542.147 0.239543
1481 5.40417 543.432 0.240514
1491 5.41585 544.609 0.241001
1501 5.4294 545.937 0.241842
1511 5.44113 547.135 0.242648
1521 5.45332 548.348 0.243195
1531 5.46658 549.596 0.244072
1541 5.47791 550.81 0.244671
1551 5.49166 552.121 0.24545
1561 5.50264 553.258 0.245979
1571 5.51666 554.577 0.246812
1581 5.52804 555.768 0.247443
1591 5.54043 557.006 0.24807
1601 5.55245 558.205 0.248952
1611 5.56426 559.371 0.249592
1621 5.57686 560.627 0.250355
1631 5.58826 561.784 0.250824
1641 5.60075 563.004 0.251664
1651 5.61281 564.22 0.252259
1661 5.62436 565.359 0.252915
1671 5.63667 566.605 0.253684
1681 5.64863 567.742 0.254092
1691 5.66071 568.957 0.255101
1701 5.67319 570.184 0.255586
1711 5.68389 571.249 0.256165
1721 5.69659 572.541 0.256822
1731 5.7075 573.58 0.257418
1741 5.72147 574.938 0.258285
1751 5.73126 575.982 0.258685
1761 5.74328 577.169 0.25954
1771 5.75495 578.286 0.259972
1781 5.76666 579.467 0.260698
1791 5.77858 580.643 0.261479
1801 5.78909 581.683 0.261891
1811 5.80129 582.916 0.26274
1821 5.81213 584.009 0.26311
1831 5.82398 585.193 0.26379
1841 5.83495 586.262 0.264428
1851 5.84708 587.44 0.26505
1861 5.85878 588.604 0.265692
1871 5.86909 589.643 0.266108
1881 5.88068 590.827 0.266877
1891 5.89133 591.862 0.267391
1901 5.90438 593.13 0.267995
1911 5.91406 594.13 0.268567
1921 5.92671 595.326 0.269383
1931 5.9364 596.322 0.269738
1941 5.94877 597.52 0.270579
1951 5.95918 598.584 0.271113
1961 5.96981 599.641 0.271538
1971 5.98117 600.76 0.272345
1981 5.99158 601.845 0.272694
1991 6.00361 602.976 0.27339
2001 6.01379 603.997 0.273859
2011 6.02591 605.165 0.274512
2021 6.03612 606.226 0.275167
2031 6.04672 607.283 0.275522
2041 6.05741 608.341 0.276251
2051 6.06841 609.412 0.276647
2061 6.07987 610.542 0.277308
2071 6.08929 611.515 0.277949
2081 6.10069 612.613 0.27849
2091 6.11106 613.63 0.278876
2101 6.12238 614.762 0.279596
2111 6.13291 615.829 0.280209
2121 6.14311 616.808 0.280528
2131 6.15367 617.888 0.281341
2141 6.16459 618.965 0.281666
2151 6.17505 619.995 0.282393
2161 6.18579 621.057 0.282807
2171 6.19598 622.063 0.283328
2181 6.20709 623.196 0.283955
2191 6.21676 624.138 0.284277
2201 6.22759 625.212 0.285107
2211 6.23848 626.253 0.285405
2221 6.24853 627.275 0.285971
2231 6.25918 628.334 0.286552
2241 6.26875 629.245 0.286963
2251 6.27959 630.352 0.287694
2261 6.28911 631.312 0.288031
2271 6.2997 632.368 0.2887
2281 6.30993 633.34 0.289015
2291 6.32029 634.384 0.289617
2301 6.33088 635.443 0.290293
2311 6.34031 636.361 0.290587
2321 6.35084 637.443 0.291178
2331 6.36066 638.412 0.291591
2341 6.37066 639.452 0.292098
2351 6.3802 640.402 0.292622
2361 6.3913 641.458 0.293176
2371 6.40053 642.377 0.293573
2381 6.41119 643.437 0.294195
2391 6.42065 644.398 0.29474
2401 6.43013 645.339 0.295211
2411 6.44081 646.383 0.295741
2421 6.44991 647.335 0.296059
2431 6.46061 648.374 0.29668
2441 6.46964 649.27 0.297025
2451 6.48042 650.311 0.297643
2461 6.48959 651.252 0.298196
2471 6.49911 652.211 0.298472
2481 6.50919 653.196 0.299147
2491 6.51895 654.178 0.299457
2501 6.53019 655.219 0.299938
2511 6.53799 656.097 0.300419
2521 6.54858 657.1 0.300994
2531 6.55709 657.954 0.301496
2541 6.56727 658.982 0.30189
2551 6.57667 659.921 0.302423
2561 6.58603 660.843 0.302763
2571 6.59567 661.83 0.303422
2581 6.60471 662.742 0.303646
2591 6.61446 663.689 0.30423
2601 6.62434 664.659 0.304592
2611 6.63358 665.593 0.305219
2621 6.64356 666.606 0.305688
2631 6.65225 667.451 0.30585
2641 6.66208 668.425 0.306602
2651 6.67145 669.344 0.306841
2661 6.68078 670.302 0.307425
2671 6.68996 671.226 0.307805
2681 6.69908 672.078 0.308311
2691 6.70893 673.101 0.308729
2701 6.71777 673.985 0.309093
2711 6.72721 674.922 0.309677
2721 6.73616 675.784 0.309965
2731 6.74533 676.725 0.310611
2741 6.75505 677.691 0.310941
2751 6.76358 678.513 0.311282
2761 6.77354 679.518 0.311935
2771 6.78205 680.375 0.312186
2781 6.79149 681.343 0.31261
2791 6.80017 682.197 0.312967
2801 6.80946 683.117 0.313518
2811 6.81876 684.022 0.313963
2821 6.82767 684.932 0.31421
2831 6.83692 685.839 0.314887
2841 6.8453 686.635 0.315211
2851 6.85429 687.577 0.315724
2861 6.86265 688.424 0.316133
2871 6.87258 689.39 0.316501
2881 6.8807 690.189 0.316811
2891 6.88981 691.128 0.317394
2901 6.89873 692.014 0.317839
2911 6.90729 692.861 0.318115
2921 6.91696 693.793 0.318735
2931 6.9251 694.674 0.318984
2941 6.9344 695.585 0.319433
2951 6.94255 696.41 0.319697
2961 6.95212 697.319 0.32018
2971 6.96067 698.184 0.320611
2981 6.96969 699.099 0.320921
2991 6.97769 699.893 0.321648
3001 6.98621 700.74 0.321793
3011 6.99544 701.659 0.322349
3021 7.0033 702.494 0.32266
3031 7.01273 703.415 0.323101
3041 7.02053 704.178 0.323337
3051 7.02927 705.085 0.323881
3061 7.03813 705.98 0.324328
3071 7.04651 706.793 0.324629
3081 7.05533 707.686 0.325177
3091 7.0638 708.521 0.325327
3101 7.07218 709.383 0.325865
3111 7.08045 710.218 0.326158
3121 7.08889 711.024 0.326638
3131 7.09777 711.947 0.326979
3141 7.10583 712.745 0.327182
3151 7.11461 713.641 0.327897
3161 7.12287 714.418 0.328061
3171 7.1314 715.301 0.328604
3181 7.14003 716.169 0.328951
3191 7.14759 716.9 0.329317
3201 7.15647 717.837 0.329681
3211 7.16427 718.602 0.330009
3221 7.17302 719.5 0.330518
3231 7.18141 720.297 0.330749
3241 7.18956 721.126 0.331086
3251 7.19901 722.032 0.331572
3261 7.20583 722.778 0.331796
3271 7.21447 723.649 0.332418
3281 7.22212 724.375 0.332554
3291 7.23098 725.293 0.332988
3301 7.23898 726.089 0.333403
3311 7.24691 726.901 0.333803
3321 7.25441 727.613 0.334168
3331 7.26297 728.498 0.334514
3341 7.27147 729.352 0.334926
3351 7.27861 730.05 0.33521
3361 7.28747 730.955 0.335707
3371 7.29475 731.701 0.33595
3381 7.30392 732.608 0.336425
3391 7.31091 733.315 0.336583
3401 7.31979 734.167 0.337114
3411 7.32763 734.977 0.337449
3421 7.33588 735.804 0.337618
3431 7.34376 736.575 0.338257
3441 7.3511 737.325 0.338454
3451 7.35947 738.132 0.339028
3461 7.36672 738.895 0.339144
3471 7.37563 739.752 0.339566
3481 7.38254 740.444 0.339867
3491 7.39125 741.332 0.340297
3501 7.39849 742.05 0.340611
3511 7.40609 742.815 0.340898
3521 7.41456 743.641 0.341412
3531 7.42158 744.385 0.34168
3541 7.4301 745.232 0.342015
3551 7.43726 745.917 0.342161
3561 7.44563 746.749 0.342744
3571 7.45387 747.565 0.343014
3581 7.46069 748.278 0.343292
3591 7.46876 749.085 0.343837
3601 7.47632 749.793 0.343983
3611 7.48418 750.612 0.344535
3621 7.49179 751.373 0.34475
3631 7.49919 752.07 0.345041
3641 7.50719 752.909 0.345411
3651 7.51419 753.602 0.345755
3661 7.52218 754.418 0.346152
3671 7.52985 755.132 0.346338
3681 7.53755 755.912 0.346821
3691 7.54613 756.757 0.347096
3701 7.5522 757.358 0.34726
3711 7.56029 758.213 0.347696
3721 7.56722 758.864 0.34795
3731 7.57669 759.804 0.348379
3741 7.58278 760.452 0.348594
3751 7.59044 761.22 0.349074
3761 7.598 761.915 0.349333
3771 7.60535 762.701 0.349701
3781 7.6128 763.445 0.350195
3791 7.61973 764.104 0.350237
3801 7.62779 764.955 0.350715
3811 7.63428 765.611 0.35098
3821 7.64238 766.435 0.351327
3831 7.64924 767.07 0.351553
3841 7.65734 767.892 0.351977
3851 7.66461 768.638 0.352281
3861 7.67132 769.295 0.352499
3871 7.67927 770.095 0.352995
3881 7.68617 770.776 0.353072
3891 7.69505 771.645 0.353545
3901 7.70069 772.244 0.35376
3911 7.70867 773.019 0.354288
3921 7.71536 773.671 0.354379
3931 7.72364 774.506 0.35479
3941 7.73005 775.162 0.355217
3951 7.73707 775.873 0.355366
3961 7.74453 776.594 0.355792
3971 7.75117 777.297 0.355992
3981 7.75942 778.097 0.356389
3991 7.76584 778.733 0.356644
4001 7.77374 779.536 0.357018
4011 7.78056 780.219 0.357234
4021 7.78748 780.916 0.35747
4031 7.79469 781.638 0.357922
4041 7.80166 782.314 0.358159
4051 7.80915 783.079 0.358484
4061 7.81558 783.703 0.358695
4071 7.82306 784.457 0.359164
4081 7.83019 785.174 0.35937
4091 7.83697 785.84 0.359684
4101 7.84425 786.598 0.360099
4111 7.85113 787.239 0.36011
4121 7.85832 787.981 0.360733
4131 7.86541 788.706 0.36089
4141 7.87216 789.338 0.361181
4151 7.87967 790.133 0.361495
4161 7.88613 790.755 0.361676
4171 7.89341 791.529 0.362203
4181 7.89998 792.16 0.36227
4191 7.90736 792.909 0.362676
4201 7.91437 793.566 0.362849
4211 7.92131 794.292 0.363064
4221 7.92836 794.991 0.363674
4231 7.9346 795.588 0.36375
4241 7.94194 796.354 0.364252
4251 7.9484 797.008 0.364336
4261 7.95547 797.737 0.364679
4271 7.96182 798.333 0.364944
4281 7.96929 799.083 0.365266
4291 7.97607 799.781 0.365636
4301 7.98247 800.392 0.365767
4311 7.98951 801.136 0.366117
4321 7.99597 801.773 0.366401
4331 8.00357 802.536 0.366641
4341 8.00951 803.133 0.366843
4351 8.01742 803.898 0.367333
4361 8.02312 804.462 0.367479
4371 8.03073 805.233 0.367929
4381 8.03691 805.86 0.368203
4391 8.04339 806.5 0.368306
4401 8.05032 807.192 0.368816
4411 8.05658 807.851 0.368882
4421 8.06388 808.552 0.369227
4431 8.06999 809.149 0.369417
4441 8.07757 809.909 0.369834
4451 8.08384 810.552 0.370223
4461 8.09006 811.179 0.370242
4471 8.09684 811.836 0.370649
4481 8.10335 812.492 0.370862
4491 8.11151 813.288 0.371123
4501 8.11626 813.8 0.371446
4511 8.12326 814.491 0.371777
4521 8.12956 815.093 0.371862
4531 8.1366 815.829 0.37229
4541 8.14308 816.493 0.372645
4551 8.14935 817.081 0.372681
4561 8.15584 817.759 0.373213
4571 8.16252 818.424 0.373258
4581 8.16892 819.056 0.373682
4591 8.17573 819.733 0.373857
4601 8.18176 820.331 0.374143
4611 8.18893 821.08 0.374503
4621 8.19482 821.657 0.374517
4631 8.20147 822.305 0.375085
4641 8.20813 822.959 0.37509
4651 8.21459 823.629 0.375384
4661 8.22111 824.279 0.375748
4671 8.22714 824.839 0.375936
4681 8.23395 825.552 0.376358
4691 8.23995 826.166 0.376445
4701 8.24653 826.82 0.376865
4711 8.2529 827.414 0.37695
4721 8.25914 828.076 0.377304
4731 8.26591 828.745 0.377669
4741 8.27178 829.301 0.377733
4751 8.27873 830.025 0.378126
4761 8.2844 830.602 0.378255
4771 8.29088 831.278 0.378555
4781 8.29682 831.866 0.378805
4791 8.30367 832.534 0.379107
4801 8.31004 833.171 0.379241
4811 8.31652 833.822 0.379524
4821 8.32237 834.409 0.379992
4831 8.3283 834.993 0.380184
4841 8.33515 835.673 0.380467
4851 8.34085 836.274 0.380571
4861 8.34776 836.959 0.380984
4871 8.35325 837.484 0.381077
4881 8.36001 838.181 0.381408
4891 8.36596 838.778 0.381755
4901 8.37207 839.39 0.381853
4911 8.3786 840.018 0.382317
4921 8.38467 840.683 0.382358
4931 8.39112 841.3 0.382599
4941 8.39667 841.856 0.382871
4951 8.40355 842.54 0.383127
4961 8.40923 843.103 0.38342
4971 8.41544 843.742 0.383552
4981 8.42149 844.332 0.383958
4991 8.42748 844.923 0.384099
