1 31.3084
10001 10.9199
20001 8.05448
30001 6.85557
40001 6.22989
50001 5.86463
60001 5.59431
70001 5.40802
80001 5.26516
90001 5.15916
100001 5.07586
110001 5.01563
120001 4.95115
130001 4.88994
140001 4.84923
150001 4.79928
160001 4.74834
170001 4.73926
180001 4.70083
190001 4.6396
200001 4.59655
210001 4.57654
220001 4.5569
230001 4.539
240001 4.51342
250001 4.47215
260001 4.43174
270001 4.4235
280001 4.39641
290001 4.36504
300001 4.34255
310001 4.34055
320001 4.31813
330001 4.31992
340001 4.31215
350001 4.27636
360001 4.27895
370001 4.23285
380001 4.22219
390001 4.20773
400001 4.19852
410001 4.21161
420001 4.1946
430001 4.20322
440001 4.18955
450001 4.14285
460001 4.12046
470001 4.10153
480001 4.0978
490001 4.10362
500001 4.07371
510001 4.04598
520001 4.02437
530001 4.01654
540001 4.01163
550001 4.01395
560001 4.00939
570001 3.99731
580001 3.98282
590001 3.98726
600001 3.96342
610001 3.96532
620001 3.97785
630001 3.93217
640001 3.9266
650001 3.92592
660001 3.91774
670001 3.93143
680001 3.91403
690001 3.89929
700001 3.87378
710001 3.88394
720001 3.87024
730001 3.85338
740001 3.84337
750001 3.83684
760001 3.84678
770001 3.86712
780001 3.86156
790001 3.84938
800001 3.82477
810001 3.81925
820001 3.81866
830001 3.81496
840001 3.80559
850001 3.83945
860001 3.8343
870001 3.83929
880001 3.8496
890001 3.8087
900001 3.78956
910001 3.77259
920001 3.7634
930001 3.76672
940001 3.77786
950001 3.74497
960001 3.7342
970001 3.72998
980001 3.72559
990001 3.7183
1000001 3.73071
1010001 3.73067
1020001 3.72107
1030001 3.71803
1040001 3.73216
1050001 3.70286
1060001 3.7406
1070001 3.72995
1080001 3.69818
1090001 3.69321
1100001 3.6807
1110001 3.70064
1120001 3.68812
1130001 3.6986
1140001 3.67058
1150001 3.65679
1160001 3.66865
1170001 3.65678
1180001 3.64824
1190001 3.64389
1200001 3.66179
1210001 3.67207
1220001 3.68353
1230001 3.68421
1240001 3.64987
1250001 3.65306
1260001 3.6636
1270001 3.6494
1280001 3.6562
1290001 3.66255
1300001 3.68524
1310001 3.69213
1320001 3.69891
1330001 3.68195
1340001 3.66372
1350001 3.63624
1360001 3.62272
1370001 3.6287
1380001 3.65233
1390001 3.61171
1400001 3.6006
1410001 3.589
1420001 3.59065
1430001 3.59211
1440001 3.59357
1450001 3.6077
1460001 3.6071
1470001 3.60082
1480001 3.59514
1490001 3.5881
1500001 3.62883
1510001 3.62053
1520001 3.57656
1530001 3.57471
1540001 3.574
1550001 3.59656
1560001 3.60194
1570001 3.59965
1580001 3.57051
1590001 3.55947
1600001 3.57327
1610001 3.56864
1620001 3.55373
1630001 3.55091
1640001 3.57051
1650001 3.58628
1660001 3.58756
1670001 3.60039
1680001 3.56525
1690001 3.59456
1700001 3.55868
1710001 3.56365
1720001 3.57779
1730001 3.56804
1740001 3.60831
1750001 3.59258
1760001 3.62654
1770001 3.6096
1780001 3.57956
1790001 3.55718
1800001 3.55253
1810001 3.5587
1820001 3.57962
1830001 3.54741
1840001 3.53563
1850001 3.52385
1860001 3.52467
1870001 3.53045
1880001 3.54919
1890001 3.54764
1900001 3.5404
1910001 3.55342
1920001 3.5472
1930001 3.53478
1940001 3.5732
1950001 3.56817
1960001 3.53299
1970001 3.51837
1980001 3.53119
1990001 3.54263
2000001 3.5536
2010001 3.55368
2020001 3.53239
2030001 3.51096
2040001 3.52896
2050001 3.52224
2060001 3.50882
2070001 3.5057
2080001 3.52643
2090001 3.5217
2100001 3.5461
2110001 3.55759
2120001 3.53335
2130001 3.55579
2140001 3.51921
2150001 3.5246
2160001 3.52498
2170001 3.53103
2180001 3.5618
2190001 3.55732
2200001 3.58286
2210001 3.5813
2220001 3.54148
2230001 3.52956
2240001 3.52121
2250001 3.53007
2260001 3.54958
2270001 3.52741
2280001 3.50716
2290001 3.49421
2300001 3.49668
2310001 3.5039
2320001 3.51611
2330001 3.52149
2340001 3.51802
2350001 3.51162
2360001 3.5267
2370001 3.50911
2380001 3.53237
2390001 3.5432
2400001 3.50098
2410001 3.50336
2420001 3.51075
2430001 3.51014
2440001 3.53398
2450001 3.52174
2460001 3.51338
2470001 3.49273
2480001 3.51179
2490001 3.50394
2500001 3.49232
2510001 3.48825
2520001 3.48796
2530001 3.50519
2540001 3.53434
2550001 3.53468
2560001 3.52693
2570001 3.50617
2580001 3.50633
2590001 3.51174
2600001 3.51372
2610001 3.50939
2620001 3.55069
2630001 3.55047
2640001 3.56132
2650001 3.57817
2660001 3.53935
2670001 3.52398
2680001 3.51089
2690001 3.50589
2700001 3.51445
2710001 3.53141
2720001 3.50041
2730001 3.49348
2740001 3.49351
2750001 3.4937
2760001 3.49023
2770001 3.50785
2780001 3.51211
2790001 3.50617
2800001 3.50711
2810001 3.52614
2820001 3.49912
2830001 3.54249
2840001 3.53484
2850001 3.50533
2860001 3.50355
2870001 3.49437
2880001 3.51918
2890001 3.50966
2900001 3.52389
2910001 3.49796
2920001 3.48694
2930001 3.50313
2940001 3.49388
2950001 3.48818
2960001 3.493
2970001 3.50839
2980001 3.52241
2990001 3.53766
3000001 3.54094
3010001 3.50794
3020001 3.51416
3030001 3.52847
3040001 3.51664
3050001 3.52679
3060001 3.53498
3070001 3.56136
3080001 3.57125
3090001 3.58097
3100001 3.56595
3110001 3.54111
3120001 3.52479
3130001 3.51341
3140001 3.52202
3150001 3.54917
3160001 3.50941
3170001 3.50038
3180001 3.49099
3190001 3.49521
3200001 3.49905
3210001 3.50281
3220001 3.51983
3230001 3.52158
3240001 3.51732
3250001 3.51381
3260001 3.50875
3270001 3.55222
3280001 3.54565
3290001 3.50278
3300001 3.50316
3310001 3.50448
3320001 3.52975
3330001 3.53756
3340001 3.53558
3350001 3.50892
3360001 3.49965
3370001 3.51601
3380001 3.51316
3390001 3.49972
3400001 3.49854
3410001 3.52009
3420001 3.53803
3430001 3.54141
3440001 3.55639
3450001 3.52159
3460001 3.55289
3470001 3.51852
3480001 3.52541
3490001 3.54117
3500001 3.53332
3510001 3.57482
3520001 3.56039
3530001 3.59657
3540001 3.58093
3550001 3.55259
3560001 3.53185
3570001 3.52878
3580001 3.53632
3590001 3.55932
3600001 3.52793
3610001 3.51741
3620001 3.50735
3630001 3.5096
3640001 3.51697
3650001 3.5375
3660001 3.53723
3670001 3.53134
3680001 3.54592
3690001 3.54126
3700001 3.52993
3710001 3.56556
3720001 3.56559
3730001 3.53145
3740001 3.51839
3750001 3.53239
3760001 3.54538
3770001 3.558
3780001 3.55876
3790001 3.53868
3800001 3.51855
3810001 3.5381
3820001 3.53257
3830001 3.52022
3840001 3.51827
3850001 3.53981
3860001 3.53629
3870001 3.56207
3880001 3.57481
3890001 3.55096
3900001 3.57455
3910001 3.53921
3920001 3.54584
3930001 3.54739
3940001 3.55451
3950001 3.5855
3960001 3.58197
3970001 3.6086
3980001 3.60799
3990001 3.56988
4000001 3.55908
4010001 3.55194
4020001 3.56181
4030001 3.58232
4040001 3.56129
4050001 3.54184
4060001 3.53
4070001 3.53345
4080001 3.54175
4090001 3.55493
4100001 3.56113
4110001 3.5586
4120001 3.55319
4130001 3.56919
4140001 3.55257
4150001 3.57612
4160001 3.58781
4170001 3.54694
4180001 3.55019
4190001 3.55807
4200001 3.55863
4210001 3.58338
4220001 3.57147
4230001 3.56405
4240001 3.54468
4250001 3.56466
4260001 3.55772
4270001 3.54691
4280001 3.54368
4290001 3.54421
4300001 3.56169
4310001 3.59142
4320001 3.59257
4330001 3.58514
4340001 3.56544
4350001 3.56644
4360001 3.57266
4370001 3.57546
4380001 3.57201
4390001 3.61273
4400001 3.61312
4410001 3.62462
4420001 3.64195
4430001 3.60411
4440001 3.59043
4450001 3.57836
4460001 3.57417
4470001 3.5833
4480001 3.60089
4490001 3.57073
4500001 3.56459
4510001 3.56525
4520001 3.56638
4530001 3.56354
4540001 3.59077
4550001 3.58644
4560001 3.58127
4570001 3.58287
4580001 3.60224
4590001 3.57633
4600001 3.6192
4610001 3.61222
4620001 3.5839
4630001 3.58264
4640001 3.57444
4650001 3.59946
4660001 3.59084
4670001 3.60512
4680001 3.58031
4690001 3.57014
4700001 3.58684
4710001 3.57792
4720001 3.5732
4730001 3.57856
4740001 3.59382
4750001 3.60818
4760001 3.62383
4770001 3.6272
4780001 3.5953
4790001 3.6019
4800001 3.61682
4810001 3.60534
4820001 3.61632
4830001 3.65226
4840001 3.6504
4850001 3.65718
4860001 3.67066
4870001 3.65641
4880001 3.63269
4890001 3.61777
4900001 3.60717
4910001 3.61608
4920001 3.64316
4930001 3.60464
4940001 3.59632
4950001 3.58772
4960001 3.59238
4970001 3.5966
4980001 3.60077
4990001 3.6179
5000001 3.62007
5010001 3.61639
5020001 3.61353
5030001 3.60903
5040001 3.65162
5050001 3.64558
5060001 3.60417
5070001 3.60511
5080001 3.60681
5090001 3.63201
5100001 3.64033
5110001 3.63716
5120001 3.61286
5130001 3.60429
5140001 3.62091
5150001 3.61853
5160001 3.60574
5170001 3.60495
5180001 3.62614
5190001 3.64405
5200001 3.64791
5210001 3.66304
5220001 3.62897
5230001 3.65978
5240001 3.62687
5250001 3.63409
5260001 3.64996
5270001 3.64264
5280001 3.68279
5290001 3.66903
5300001 3.7048
5310001 3.68988
5320001 3.66277
5330001 3.64324
5340001 3.64081
5350001 3.64851
5360001 3.67135
5370001 3.64094
5380001 3.63114
5390001 3.62181
5400001 3.62431
5410001 3.6319
5420001 3.6524
5430001 3.65235
5440001 3.64698
5450001 3.66152
5460001 3.65758
5470001 3.64673
5480001 3.68147
5490001 3.68173
5500001 3.64853
5510001 3.63647
5520001 3.65044
5530001 3.66354
5540001 3.67643
5550001 3.67705
5560001 3.65788
5570001 3.63875
5580001 3.65824
5590001 3.65319
5600001 3.6414
5610001 3.63983
5620001 3.66079
5630001 3.6577
5640001 3.68316
5650001 3.69595
5660001 3.67259
5670001 3.69588
5680001 3.66189
5690001 3.66874
5700001 3.67058
5710001 3.6778
5720001 3.70765
5730001 3.70443
5740001 3.73062
5750001 3.73028
5760001 3.69354
5770001 3.68377
5780001 3.67722
5790001 3.6871
5800001 3.70735
5810001 3.68732
5820001 3.6685
5830001 3.65739
5840001 3.66096
5850001 3.66938
5860001 3.68253
5870001 3.68872
5880001 3.68652
5890001 3.68157
5900001 3.69437
5910001 3.68154
5920001 3.70433
5930001 3.71595
5940001 3.67668
5950001 3.68013
5960001 3.68776
5970001 3.68876
5980001 3.71323
5990001 3.70148
6000001 3.69463
6010001 3.6762
6020001 3.69594
6030001 3.68952
6040001 3.67765
6050001 3.6763
6060001 3.67706
6070001 3.69396
6080001 3.72307
6090001 3.72447
6100001 3.71714
6110001 3.69832
6120001 3.6996
6130001 3.70594
6140001 3.70893
6150001 3.70587
6160001 3.74501
6170001 3.74553
6180001 3.75693
6190001 3.77393
6200001 3.7378
6210001 3.72481
6220001 3.71344
6230001 3.70964
6240001 3.7186
6250001 3.7361
6260001 3.70688
6270001 3.70116
6280001 3.70199
6290001 3.70481
6300001 3.70089
6310001 3.72743
6320001 3.72347
6330001 3.71869
6340001 3.72015
6350001 3.73945
6360001 3.7146
6370001 3.756
6380001 3.7494
6390001 3.72473
6400001 3.72113
6410001 3.71174
6420001 3.73798
6430001 3.72991
6440001 3.74372
6450001 3.71997
6460001 3.71038
6470001 3.72686
6480001 3.71835
6490001 3.71396
6500001 3.71937
6510001 3.73403
6520001 3.74812
6530001 3.76352
6540001 3.76671
6550001 3.736
6560001 3.74253
6570001 3.75732
6580001 3.74644
6590001 3.7573
6600001 3.79176
6610001 3.78687
6620001 3.7968
6630001 3.80999
6640001 3.79631
6650001 3.76849
6660001 3.75976
6670001 3.74972
6680001 3.75849
6690001 3.7849
6700001 3.74772
6710001 3.73986
6720001 3.73181
6730001 3.7365
6740001 3.74073
6750001 3.74494
6760001 3.76163
6770001 3.76394
6780001 3.75815
6790001 3.75797
6800001 3.75379
6810001 3.79483
6820001 3.78913
6830001 3.74925
6840001 3.75045
6850001 3.75222
6860001 3.77675
6870001 3.78515
6880001 3.78193
6890001 3.75865
6900001 3.75057
6910001 3.76692
6920001 3.76476
6930001 3.75248
6940001 3.75187
6950001 3.77225
6960001 3.78967
6970001 3.79364
6980001 3.80848
6990001 3.77538
7000001 3.80522
7010001 3.77371
7020001 3.78092
7030001 3.79643
7040001 3.78948
7050001 3.82786
7060001 3.81471
7070001 3.84947
7080001 3.83517
7090001 3.80932
7100001 3.79076
7110001 3.7886
7120001 3.79615
7130001 3.81838
7140001 3.78904
7150001 3.77977
7160001 3.77097
7170001 3.77348
7180001 3.78098
7190001 3.801
7200001 3.80096
7210001 3.79593
7220001 3.81009
7230001 3.80658
7240001 3.79613
7250001 3.82959
7260001 3.82977
7270001 3.79792
7280001 3.78658
7290001 3.80008
7300001 3.81294
7310001 3.8257
7320001 3.8261
7330001 3.80775
7340001 3.78948
7350001 3.80854
7360001 3.80379
7370001 3.79247
7380001 3.79107
7390001 3.81121
7400001 3.80836
7410001 3.83308
7420001 3.84545
7430001 3.82287
7440001 3.84652
7450001 3.81281
7460001 3.81966
7470001 3.82156
7480001 3.82865
7490001 3.85719
7500001 3.85413
7510001 3.87953
7520001 3.8793
7530001 3.84419
7540001 3.83491
7550001 3.82877
7560001 3.8383
7570001 3.85808
7580001 3.83895
7590001 3.82077
7600001 3.81023
7610001 3.81375
7620001 3.82202
7630001 3.83489
7640001 3.84088
7650001 3.83885
7660001 3.83419
7670001 3.84677
7680001 3.8344
7690001 3.85627
7700001 3.86759
7710001 3.82989
7720001 3.83335
7730001 3.84058
7740001 3.84182
7750001 3.86569
7760001 3.85414
7770001 3.8477
7780001 3.82891
7790001 3.84935
7800001 3.84324
7810001 3.83184
7820001 3.83063
7830001 3.83147
7840001 3.84767
7850001 3.8733
7860001 3.87731
7870001 3.87009
7880001 3.85208
7890001 3.85345
7900001 3.85972
7910001 3.86274
7920001 3.85991
7930001 3.89738
7940001 3.8979
7950001 3.90901
7960001 3.92548
7970001 3.89078
7980001 3.8785
7990001 3.8677
8000001 3.86416
8010001 3.87287
8020001 3.88991
8030001 3.86171
8040001 3.85629
8050001 3.85716
8060001 3.86006
8070001 3.85635
8080001 3.88202
8090001 3.87827
8100001 3.87375
8110001 3.87527
8120001 3.89401
8130001 3.8701
8140001 3.90986
8150001 3.87693
8160001 3.87993
8170001 3.87649
8180001 3.86764
8190001 3.89299
8200001 3.88536
8210001 3.89861
8220001 3.87584
8230001 3.86671
8240001 3.88275
8250001 3.87458
8260001 3.87042
8270001 3.87574
8280001 3.88974
8290001 3.90339
8300001 3.91837
8310001 3.92134
8320001 3.89182
8330001 3.89815
8340001 3.91268
8350001 3.90221
8360001 3.9128
8370001 3.94584
8380001 3.94104
8390001 3.95073
8400001 3.96349
8410001 3.95037
8420001 3.92372
8430001 3.91554
8440001 3.9059
8450001 3.91446
8460001 3.94004
8470001 3.90414
8480001 3.89672
8490001 3.88908
8500001 3.89367
8510001 3.89782
8520001 3.90196
8530001 3.91808
8540001 3.92041
8550001 3.91603
8560001 3.91481
8570001 3.91085
8580001 3.95028
8590001 3.94482
8600001 3.90649
8610001 3.90778
8620001 3.90945
8630001 3.93326
8640001 3.94154
8650001 3.93829
8660001 3.91595
8670001 3.90825
8680001 3.92416
8690001 3.92214
8700001 3.91032
8710001 3.90975
8720001 3.92923
8730001 3.94616
8740001 3.95012
8750001 3.96445
8760001 3.93246
8770001 3.96125
8780001 3.93103
8790001 3.93808
8800001 3.95311
8810001 3.94649
8820001 3.9832
8830001 3.97055
8840001 4.00417
8850001 3.99043
8860001 3.96566
8870001 3.94797
8880001 3.94596
8890001 3.95328
8900001 3.97479
8910001 3.94649
8920001 3.93762
8930001 3.92929
8940001 3.93174
8950001 3.93904
8960001 3.95846
8970001 3.9584
8980001 3.9536
8990001 3.9673
9000001 3.9641
9010001 3.95401
9020001 3.98615
9030001 3.98634
9040001 3.94805
9050001 3.94492
9060001 3.95789
9070001 3.97042
9080001 3.9829
9090001 3.98291
9100001 3.9655
9110001 3.94801
9120001 3.96649
9130001 3.96197
9140001 3.95103
9150001 3.95024
9160001 3.96907
9170001 3.96638
9180001 3.99028
9190001 4.0023
9200001 3.98037
9210001 4.0032
9220001 3.97084
9230001 3.97754
9240001 3.97944
9250001 3.98609
9260001 4.01362
9270001 4.01067
9280001 4.03521
9290001 4.03504
9300001 4.00139
9310001 3.9925
9320001 3.98669
9330001 3.99591
9340001 4.01505
9350001 3.99675
9360001 3.97915
9370001 3.96909
9380001 3.9725
9390001 3.97912
9400001 3.99305
9410001 3.9988
9420001 3.99664
9430001 3.99243
9440001 4.00472
9450001 3.99276
9460001 4.01372
9470001 4.02468
9480001 3.98845
9490001 3.99187
9500001 3.99871
9510001 4.00005
9520001 4.02317
9530001 4.01192
9540001 4.00579
9550001 3.98764
9560001 4.00754
9570001 4.00175
9580001 3.99075
9590001 3.98962
9600001 3.99049
9610001 4.00601
9620001 4.03076
9630001 4.03467
9640001 4.02758
9650001 4.01029
9660001 4.01169
9670001 4.01781
9680001 4.02078
9690001 4.01813
9700001 4.05443
9710001 4.05453
9720001 4.0653
9730001 4.08122
9740001 4.04793
9750001 4.03613
9760001 4.0258
9770001 4.02244
9780001 4.03086
9790001 4.04742
9800001 4.02017
9810001 4.01498
9820001 4.01582
9830001 4.01875
9840001 4.0152
9850001 4.03996
9860001 4.03639
9870001 4.03207
9880001 4.03357
9890001 4.05172
9900001 4.02869
9910001 4.0669
9920001 4.03526
9930001 4.03814
9940001 4.03583
9950001 4.02632
9960001 4.05087
9970001 4.04358
9980001 4.0562
9990001 4.03418
10000001 4.02566
10010001 4.04118
10020001 4.03333
10030001 4.02932
10040001 4.03453
10050001 4.04791
10060001 4.06109
10070001 4.07561
10080001 4.07838
10090001 4.04994
10100001 4.05606
10110001 4.07026
10120001 4.06014
10130001 4.07043
10140001 4.10215
10150001 4.09735
10160001 4.10683
10170001 4.11917
10180001 4.09978
10190001 4.08091
10200001 4.07317
10210001 4.06362
10220001 4.07215
10230001 4.09691
10240001 4.0623
10250001 4.05492
10260001 4.04788
10270001 4.05234
10280001 4.05637
10290001 4.06039
10300001 4.07594
10310001 4.07823
10320001 4.074
10330001 4.0729
10340001 4.06905
10350001 4.10702
10360001 4.10178
10370001 4.06486
10380001 4.06618
10390001 4.0678
10400001 4.09078
10410001 4.09892
10420001 4.09565
10430001 4.07416
10440001 4.06678
10450001 4.08084
10460001 4.08028
10470001 4.06888
10480001 4.06834
10490001 4.08704
10500001 4.10338
10510001 4.10726
10520001 4.12115
10530001 4.09016
10540001 4.11795
10550001 4.08886
10560001 4.09576
10570001 4.11029
10580001 4.10392
10590001 4.13912
10600001 4.12691
10610001 4.15943
10620001 4.14617
10630001 4.12235
10640001 4.10541
10650001 4.10347
10660001 4.11058
10670001 4.13138
10680001 4.10405
10690001 4.09555
10700001 4.08758
10710001 4.08994
10720001 4.09701
10730001 4.11583
10740001 4.11573
10750001 4.11113
10760001 4.12436
10770001 4.1214
10780001 4.1116
10790001 4.14253
10800001 4.1427
10810001 4.1058
10820001 4.10286
10830001 4.11533
10840001 4.12746
10850001 4.13966
10860001 4.13952
10870001 4.12027
10880001 4.10595
10890001 4.12385
10900001 4.1195
10910001 4.10894
10920001 4.1082
10930001 4.12609
10940001 4.12371
10950001 4.1468
10960001 4.15845
10970001 4.13716
10980001 4.15924
10990001 4.12805
11000001 4.13458
11010001 4.13643
11020001 4.14289
11030001 4.16929
11040001 4.16642
11050001 4.19013
11060001 4.18997
11070001 4.15762
11080001 4.14907
11090001 4.14351
11100001 4.15243
11110001 4.17094
11120001 4.15337
11130001 4.13631
11140001 4.12666
11150001 4.12995
11160001 4.13637
11170001 4.14989
11180001 4.15539
11190001 4.15332
11200001 4.14928
11210001 4.16124
11220001 4.14904
11230001 4.18279
11240001 4.18036
11250001 4.14545
11260001 4.14882
11270001 4.15529
11280001 4.15671
11290001 4.17913
11300001 4.16813
11310001 4.1622
11320001 4.1448
11330001 4.16407
11340001 4.15847
11350001 4.14786
11360001 4.14678
11370001 4.14763
11380001 4.16253
11390001 4.18646
11400001 4.19024
11410001 4.18329
11420001 4.16665
11430001 4.16798
11440001 4.17399
11450001 4.17688
11460001 4.17436
11470001 4.20925
11480001 4.20932
11490001 4.21961
11500001 4.23515
11510001 4.2031
11520001 4.19161
11530001 4.18172
11540001 4.17858
11550001 4.1867
11560001 4.20278
11570001 4.1764
11580001 4.17142
11590001 4.17223
11600001 4.17512
11610001 4.17171
11620001 4.19561
11630001 4.19217
11640001 4.18797
11650001 4.18945
11660001 4.20705
11670001 4.18482
11680001 4.22158
11690001 4.19112
11700001 4.19388
11710001 4.19162
11720001 4.18254
11730001 4.20604
11740001 4.19917
11750001 4.21135
11760001 4.19014
11770001 4.1819
11780001 4.19698
11790001 4.18936
11800001 4.18552
11810001 4.19057
11820001 4.20339
11830001 4.21612
11840001 4.23019
11850001 4.23275
11860001 4.20532
11870001 4.21124
11880001 4.22509
11890001 4.21527
11900001 4.22525
11910001 4.2558
11920001 4.25107
11930001 4.25743
11940001 4.27219
11950001 4.25345
11960001 4.23523
11970001 4.22788
11980001 4.21869
11990001 4.22692
12000001 4.25088
12010001 4.21742
12020001 4.21032
12030001 4.20356
12040001 4.20789
12050001 4.21176
12060001 4.21568
12070001 4.23053
12080001 4.23186
12090001 4.22881
12100001 4.2278
12110001 4.2241
12120001 4.26066
12130001 4.2556
12140001 4.21998
12150001 4.2213
12160001 4.22283
12170001 4.24509
12180001 4.25302
12190001 4.24975
12200001 4.22902
12210001 4.22187
12220001 4.23555
12230001 4.23502
12240001 4.22398
12250001 4.22348
12260001 4.24145
12270001 4.25723
12280001 4.26102
12290001 4.27448
12300001 4.24443
12310001 4.27099
12320001 4.25813
12330001 4.24993
12340001 4.26399
12350001 4.25785
12360001 4.29169
12370001 4.27989
12380001 4.31136
12390001 4.29853
12400001 4.27555
12410001 4.26011
12420001 4.25739
12430001 4.26427
12440001 4.28438
12450001 4.25796
12460001 4.24977
12470001 4.2421
12480001 4.25005
12490001 4.25123
12500001 4.26946
12510001 4.26932
12520001 4.26488
12530001 4.27752
12540001 4.27489
12550001 4.26538
12560001 4.29518
12570001 4.2951
12580001 4.25968
12590001 4.25691
12600001 4.26891
12610001 4.2807
12620001 4.29256
12630001 4.2923
12640001 4.27369
12650001 4.25991
12660001 4.27725
12670001 4.27305
12680001 4.26283
12690001 4.26199
12700001 4.27932
12710001 4.27703
12720001 4.29938
12730001 4.31066
12740001 4.28997
12750001 4.31088
12760001 4.28121
12770001 4.28757
12780001 4.29059
12790001 4.29563
12800001 4.32103
12810001 4.31823
12820001 4.34116
12830001 4.34102
12840001 4.30981
12850001 4.30154
12860001 4.29618
12870001 4.30483
12880001 4.32273
12890001 4.30581
12900001 4.28926
12910001 4.27996
12920001 4.28312
12930001 4.28934
12940001 4.30247
12950001 4.30775
12960001 4.30558
12970001 4.30184
12980001 4.31346
12990001 4.30163
13000001 4.33412
13010001 4.33178
13020001 4.29809
13030001 4.30141
13040001 4.30758
13050001 4.30901
13060001 4.33076
13070001 4.31999
13080001 4.3143
13090001 4.29751
13100001 4.31618
13110001 4.31077
13120001 4.30049
13130001 4.29945
13140001 4.30023
13150001 4.31461
13160001 4.33776
13170001 4.34143
13180001 4.33461
13190001 4.31854
13200001 4.31973
13210001 4.3257
13220001 4.3285
13230001 4.32608
13240001 4.35971
13250001 4.35975
13260001 4.36972
13270001 4.38476
13280001 4.35381
13290001 4.34269
13300001 4.33315
13310001 4.33012
13320001 4.33797
13330001 4.35359
13340001 4.32802
13350001 4.3232
13360001 4.32397
13370001 4.32681
13380001 4.32351
13390001 4.34663
13400001 4.34329
13410001 4.33924
13420001 4.34067
13430001 4.35771
13440001 4.3362
13450001 4.37167
13460001 4.34226
13470001 4.34492
13480001 4.34269
13490001 4.33398
13500001 4.3567
13510001 4.35008
13520001 4.3618
13530001 4.3413
13540001 4.33335
13550001 4.34796
13560001 4.34055
13570001 4.33685
13580001 4.34175
13590001 4.35282
13600001 4.36638
13610001 4.38003
13620001 4.38243
13630001 4.35589
13640001 4.36094
13650001 4.37511
13660001 4.36557
13670001 4.37526
13680001 4.40476
13690001 4.40009
13700001 4.40626
13710001 4.42056
13720001 4.39223
13730001 4.38478
13740001 4.37754
13750001 4.36885
13760001 4.3768
13770001 4.40001
13780001 4.36762
13790001 4.36074
13800001 4.35423
13810001 4.35842
13820001 4.36216
13830001 4.36597
13840001 4.38032
13850001 4.38161
13860001 4.37864
13870001 4.37765
13880001 4.37411
13890001 4.40939
13900001 4.4045
13910001 4.37005
13920001 4.37135
13930001 4.37282
13940001 4.39439
13950001 4.40208
13960001 4.39885
13970001 4.3788
13980001 4.37128
13990001 4.38517
14000001 4.38464
14010001 4.37394
14020001 4.37345
14030001 4.39077
14040001 4.40604
14050001 4.40974
14060001 4.42278
14070001 4.39361
14080001 4.41903
14090001 4.40694
14100001 4.39898
14110001 4.41262
14120001 4.40667
14130001 4.4393
14140001 4.42785
14150001 4.45836
14160001 4.44593
14170001 4.42369
14180001 4.40878
14190001 4.40616
14200001 4.4128
14210001 4.43216
14220001 4.40668
14230001 4.39877
14240001 4.39136
14250001 4.39882
14260001 4.4002
14270001 4.41788
14280001 4.4177
14290001 4.41341
14300001 4.42564
14310001 4.42314
14320001 4.41389
14330001 4.44266
14340001 4.44258
14350001 4.40749
14360001 4.40565
14370001 4.41722
14380001 4.42869
14390001 4.44025
14400001 4.43985
14410001 4.42187
14420001 4.40853
14430001 4.42535
14440001 4.42128
14450001 4.41136
14460001 4.41055
14470001 4.42726
14480001 4.42505
14490001 4.4467
14500001 4.45764
14510001 4.43752
14520001 4.45353
14530001 4.42905
14540001 4.43523
14550001 4.43816
14560001 4.44306
14570001 4.46757
14580001 4.46482
14590001 4.48775
14600001 4.4869
14610001 4.45671
14620001 4.44869
14630001 4.44351
14640001 4.45125
14650001 4.46924
14660001 4.45266
14670001 4.4368
14680001 4.42781
14690001 4.43085
14700001 4.43689
14710001 4.44963
14720001 4.45471
14730001 4.44987
14740001 4.44898
14750001 4.46025
14760001 4.44878
14770001 4.48018
14780001 4.4779
14790001 4.44527
14800001 4.44854
14810001 4.45391
14820001 4.45586
14830001 4.47699
14840001 4.46646
14850001 4.46095
14860001 4.44471
14870001 4.46282
14880001 4.45757
14890001 4.44757
14900001 4.44658
14910001 4.44733
14920001 4.46121
14930001 4.48361
14940001 4.4872
14950001 4.48052
14960001 4.46495
14970001 4.46612
14980001 4.47188
14990001 4.47464
15000001 4.47122
15010001 4.50481
15020001 4.50338
15030001 4.51445
15040001 4.52908
15050001 4.49911
15060001 4.48743
15070001 4.47902
15080001 4.47614
15090001 4.48374
15100001 4.49893
15110001 4.47408
15120001 4.46942
15130001 4.47015
15140001 4.47292
15150001 4.46973
15160001 4.49212
15170001 4.48888
15180001 4.48495
15190001 4.48633
15200001 4.50279
15210001 4.482
15220001 4.51629
15230001 4.48782
15240001 4.49039
15250001 4.48819
15260001 4.4798
15270001 4.50182
15280001 4.49532
15290001 4.50672
15300001 4.48686
15310001 4.47915
15320001 4.49334
15330001 4.48613
15340001 4.48254
15350001 4.48729
15360001 4.49795
15370001 4.51109
15380001 4.52434
15390001 4.52661
15400001 4.50087
15410001 4.50559
15420001 4.51958
15430001 4.51028
15440001 4.5197
15450001 4.54826
15460001 4.54364
15470001 4.54964
15480001 4.56352
15490001 4.53606
15500001 4.52879
15510001 4.52181
15520001 4.51338
15530001 4.52109
15540001 4.54361
15550001 4.51217
15560001 4.5055
15570001 4.4992
15580001 4.50327
15590001 4.50688
15600001 4.51058
15610001 4.52447
15620001 4.52648
15630001 4.52281
15640001 4.52188
15650001 4.51844
15660001 4.55257
15670001 4.54782
15680001 4.51443
15690001 4.51571
15700001 4.51713
15710001 4.53805
15720001 4.54555
15730001 4.54232
15740001 4.5229
15750001 4.51561
15760001 4.52906
15770001 4.52856
15780001 4.51817
15790001 4.51765
15800001 4.53442
15810001 4.54922
15820001 4.55284
15830001 4.5655
15840001 4.53712
15850001 4.56178
15860001 4.55011
15870001 4.54235
15880001 4.5556
15890001 4.54982
15900001 4.58138
15910001 4.57003
15920001 4.59989
15930001 4.58778
15940001 4.56621
15950001 4.55178
15960001 4.54924
15970001 4.55565
15980001 4.57446
15990001 4.54972
16000001 4.54205
16010001 4.53487
16020001 4.54208
16030001 4.54343
16040001 4.56057
16050001 4.56039
16060001 4.55472
16070001 4.56808
16080001 4.56569
16090001 4.55669
16100001 4.58452
16110001 4.58442
16120001 4.5504
16130001 4.54816
16140001 4.55983
16150001 4.57098
16160001 4.58209
16170001 4.58172
16180001 4.56432
16190001 4.55138
16200001 4.56771
16210001 4.56376
16220001 4.55411
16230001 4.55332
16240001 4.56947
16250001 4.56732
16260001 4.58834
16270001 4.59898
16280001 4.57937
16290001 4.59493
16300001 4.57116
16310001 4.57718
16320001 4.58002
16330001 4.58477
16340001 4.60849
16350001 4.60579
16360001 4.62805
16370001 4.62583
16380001 4.59794
16390001 4.59014
16400001 4.58512
16410001 4.59262
16420001 4.61008
16430001 4.59403
16440001 4.57843
16450001 4.56986
16460001 4.5728
16470001 4.57866
16480001 4.59105
16490001 4.59594
16500001 4.59123
16510001 4.59036
16520001 4.60132
16530001 4.59017
16540001 4.62057
16550001 4.61834
16560001 4.5867
16570001 4.5899
16580001 4.59475
16590001 4.59697
16600001 4.61752
16610001 4.60722
16620001 4.60186
16630001 4.58611
16640001 4.6037
16650001 4.59861
16660001 4.58888
16670001 4.58791
16680001 4.58863
16690001 4.60204
16700001 4.6238
16710001 4.62729
16720001 4.62074
16730001 4.60562
16740001 4.60676
16750001 4.61237
16760001 4.61504
16770001 4.61173
16780001 4.64428
16790001 4.64286
16800001 4.65362
16810001 4.66782
16820001 4.63868
16830001 4.62736
16840001 4.6192
16850001 4.62756
16860001 4.62377
16870001 4.63857
16880001 4.61438
16890001 4.60985
16900001 4.61054
16910001 4.61326
16920001 4.61015
16930001 4.63186
16940001 4.62871
16950001 4.6249
16960001 4.62623
16970001 4.64224
16980001 4.62201
16990001 4.65463
17000001 4.62762
17010001 4.63012
17020001 4.62794
17030001 4.61982
17040001 4.63934
17050001 4.63489
17060001 4.64592
17070001 4.62662
17080001 4.61915
17090001 4.63293
17100001 4.62586
17110001 4.62241
17120001 4.62703
17130001 4.63733
17140001 4.65008
17150001 4.66297
17160001 4.66298
17170001 4.6401
17180001 4.64466
17190001 4.65833
17200001 4.64926
17210001 4.65842
17220001 4.68613
17230001 4.68158
17240001 4.69177
17250001 4.70085
17260001 4.67423
17270001 4.66711
17280001 4.66035
17290001 4.65172
17300001 4.65949
17310001 4.68154
17320001 4.65097
17330001 4.64449
17340001 4.63837
17350001 4.64232
17360001 4.64582
17370001 4.64941
17380001 4.66288
17390001 4.66482
17400001 4.66124
17410001 4.66034
17420001 4.657
17430001 4.69008
17440001 4.68547
17450001 4.65294
17460001 4.65428
17470001 4.65566
17480001 4.676
17490001 4.6833
17500001 4.67998
17510001 4.66122
17520001 4.65414
17530001 4.66721
17540001 4.66672
17550001 4.65661
17560001 4.65609
17570001 4.67233
17580001 4.68671
17590001 4.69023
17600001 4.70256
17610001 4.67491
17620001 4.69887
17630001 4.68756
17640001 4.68
17650001 4.69295
17660001 4.68726
17670001 4.71785
17680001 4.7068
17690001 4.73581
17700001 4.72405
17710001 4.70307
17720001 4.68906
17730001 4.68655
17740001 4.69281
17750001 4.7111
17760001 4.68703
17770001 4.67955
17780001 4.67259
17790001 4.6796
17800001 4.68091
17810001 4.69758
17820001 4.69736
17830001 4.69184
17840001 4.7048
17850001 4.70251
17860001 4.69356
17870001 4.72071
17880001 4.72061
17890001 4.68756
17900001 4.6854
17910001 4.6965
17920001 4.70754
17930001 4.7184
17940001 4.71796
17950001 4.70105
17960001 4.68847
17970001 4.70436
17980001 4.70047
17990001 4.6911
18000001 4.69025
18010001 4.70597
18020001 4.70382
18030001 4.72359
18040001 4.73468
18050001 4.71464
18060001 4.73069
18070001 4.70756
18080001 4.71342
18090001 4.71618
18100001 4.72081
18110001 4.74367
18120001 4.74207
18130001 4.7628
18140001 4.76064
18150001 4.72865
18160001 4.7259
18170001 4.72079
18180001 4.72832
18190001 4.7453
18200001 4.72973
18210001 4.7145
18220001 4.70616
18230001 4.70901
18240001 4.71471
18250001 4.73118
18260001 4.7315
18270001 4.7269
18280001 4.72603
18290001 4.73673
18300001 4.7258
18310001 4.75536
18320001 4.75317
18330001 4.72242
18340001 4.72555
18350001 4.73022
18360001 4.73238
18370001 4.7524
18380001 4.74227
18390001 4.73711
18400001 4.72182
18410001 4.73891
18420001 4.73395
18430001 4.72446
18440001 4.72351
18450001 4.7242
18460001 4.7372
18470001 4.75838
18480001 4.76177
18490001 4.75534
18500001 4.74062
18510001 4.74174
18520001 4.7472
18530001 4.74979
18540001 4.74657
18550001 4.77819
18560001 4.77678
18570001 4.78725
18580001 4.80107
18590001 4.77272
18600001 4.76167
18610001 4.75355
18620001 4.76187
18630001 4.75815
18640001 4.7726
18650001 4.74902
18660001 4.74459
18670001 4.74527
18680001 4.74788
18690001 4.74488
18700001 4.76599
18710001 4.76291
18720001 4.75919
18730001 4.76048
18740001 4.77608
18750001 4.75637
18760001 4.78804
18770001 4.76178
18780001 4.76421
18790001 4.76205
18800001 4.75418
18810001 4.77316
18820001 4.76882
18830001 4.77952
18840001 4.76074
18850001 4.75347
18860001 4.76689
18870001 4.75906
18880001 4.75662
18890001 4.76111
18900001 4.77108
18910001 4.78348
18920001 4.79604
18930001 4.79601
18940001 4.77372
18950001 4.77814
18960001 4.79151
18970001 4.78263
18980001 4.79156
18990001 4.82307
19000001 4.81401
19010001 4.82394
19020001 4.83277
19030001 4.80686
19040001 4.79988
19050001 4.79333
19060001 4.78492
19070001 4.79248
19080001 4.80673
19090001 4.78417
19100001 4.77785
19110001 4.7719
19120001 4.77573
19130001 4.77913
19140001 4.7826
19150001 4.79571
19160001 4.79759
19170001 4.79408
19180001 4.79322
19190001 4.78996
19200001 4.82209
19210001 4.81759
19220001 4.78593
19230001 4.78726
19240001 4.78858
19250001 4.80808
19260001 4.81551
19270001 4.81222
19280001 4.79396
19290001 4.78706
19300001 4.79979
19310001 4.7993
19320001 4.78943
19330001 4.78893
19340001 4.80468
19350001 4.81867
19360001 4.82211
19370001 4.83423
19380001 4.80715
19390001 4.83048
19400001 4.81948
19410001 4.8121
19420001 4.82471
19430001 4.81916
19440001 4.84888
19450001 4.8381
19460001 4.86638
19470001 4.8549
19480001 4.83444
19490001 4.82082
19500001 4.81837
19510001 4.82446
19520001 4.84226
19530001 4.81879
19540001 4.81153
19550001 4.80475
19560001 4.81155
19570001 4.81282
19580001 4.82906
19590001 4.82882
19600001 4.82344
19610001 4.83604
19620001 4.83383
19630001 4.82508
19640001 4.85147
19650001 4.85135
19660001 4.81919
19670001 4.81709
19680001 4.82717
19690001 4.83863
19700001 4.84923
19710001 4.84876
19720001 4.83227
19730001 4.82002
19740001 4.83544
19750001 4.8317
19760001 4.82253
19770001 4.82172
19780001 4.83698
19790001 4.83487
19800001 4.85412
19810001 4.86494
19820001 4.84538
19830001 4.86102
19840001 4.83835
19850001 4.84418
19860001 4.84685
19870001 4.85137
19880001 4.8736
19890001 4.872
19900001 4.89221
19910001 4.89009
19920001 4.85893
19930001 4.85575
19940001 4.85107
19950001 4.85858
19960001 4.87512
19970001 4.85996
19980001 4.84509
19990001 4.83696
20000001 4.83972
20010001 4.84155
20020001 4.86132
20030001 4.86162
20040001 4.8571
20050001 4.85588
20060001 4.86667
20070001 4.85603
20080001 4.88475
20090001 4.8826
20100001 4.85266
20110001 4.85574
20120001 4.86022
20130001 4.86235
20140001 4.88189
20150001 4.87196
20160001 4.86692
20170001 4.85203
20180001 4.86868
20190001 4.86384
20200001 4.85457
20210001 4.85364
20220001 4.85428
20230001 4.86692
20240001 4.88757
20250001 4.89087
20260001 4.88455
20270001 4.87021
20280001 4.8713
20290001 4.87662
20300001 4.87914
20310001 4.876
20320001 4.90678
20330001 4.90537
20340001 4.91478
20350001 4.92905
20360001 4.90141
20370001 4.88916
20380001 4.8827
20390001 4.8908
20400001 4.88716
20410001 4.90127
20420001 4.87825
20430001 4.87393
20440001 4.87457
20450001 4.87712
20460001 4.87414
20470001 4.89475
20480001 4.89174
20490001 4.88804
20500001 4.88934
20510001 4.90458
20520001 4.88534
20530001 4.91613
20540001 4.89054
20550001 4.89289
20560001 4.89078
20570001 4.88656
20580001 4.90162
20590001 4.89739
20600001 4.90779
20610001 4.88952
20620001 4.88239
20630001 4.89548
20640001 4.88782
20650001 4.88543
20660001 4.8898
20670001 4.89948
20680001 4.91156
20690001 4.92381
20700001 4.92374
20710001 4.902
20720001 4.9063
20730001 4.91937
20740001 4.91068
20750001 4.9194
20760001 4.9501
20770001 4.9412
20780001 4.95086
20790001 4.9595
20800001 4.93423
20810001 4.92738
20820001 4.91538
20830001 4.9128
20840001 4.92016
20850001 4.93406
20860001 4.91205
20870001 4.90587
20880001 4.90614
20890001 4.9038
20900001 4.9071
20910001 4.91048
20920001 4.92324
20930001 4.92506
20940001 4.92161
20950001 4.92079
20960001 4.91753
20970001 4.94887
20980001 4.94446
20990001 4.91362
21000001 4.91486
21010001 4.91618
21020001 4.93521
21030001 4.94246
21040001 4.93918
21050001 4.92139
21060001 4.91395
21070001 4.92708
21080001 4.92658
21090001 4.91692
21100001 4.91645
21110001 4.93176
21120001 4.9454
21130001 4.94876
21140001 4.96055
21150001 4.93412
21160001 4.95688
21170001 4.94617
21180001 4.93894
21190001 4.95125
21200001 4.94583
21210001 4.97475
21220001 4.96422
21230001 4.99182
21240001 4.9803
21250001 4.96062
21260001 4.94734
21270001 4.94493
21280001 4.95087
21290001 4.96824
21300001 4.94533
21310001 4.93823
21320001 4.93163
21330001 4.93824
21340001 4.93948
21350001 4.95533
21360001 4.95503
21370001 4.94981
21380001 4.96207
21390001 4.95994
21400001 4.95138
21410001 4.97706
21420001 4.97693
21430001 4.94558
21440001 4.94612
21450001 4.95334
21460001 4.96453
21470001 4.97488
21480001 4.97437
21490001 4.95829
21500001 4.94633
21510001 4.96136
21520001 4.95771
21530001 4.94875
21540001 4.94794
21550001 4.96279
21560001 4.96074
21570001 4.97952
21580001 4.99008
21590001 4.97094
21600001 4.98621
21610001 4.96407
21620001 4.96977
21630001 4.97237
21640001 4.97677
21650001 5.00229
21660001 4.99684
21670001 5.01656
21680001 5.01447
21690001 4.98408
21700001 4.98087
21710001 4.97638
21720001 4.98368
21730001 4.99983
21740001 4.98504
21750001 4.97051
21760001 4.96258
21770001 4.96525
21780001 4.96703
21790001 4.98633
21800001 4.98659
21810001 4.98218
21820001 4.98097
21830001 4.9915
21840001 4.9811
21850001 5.00907
21860001 5.00696
21870001 4.97776
21880001 4.98079
21890001 4.98511
21900001 4.9872
21910001 5.00629
21920001 4.99654
21930001 4.99161
21940001 4.97709
21950001 4.99333
21960001 4.9886
21970001 4.97954
21980001 4.97862
21990001 4.97923
22000001 4.99154
22010001 5.01167
22020001 5.01492
22030001 5.0087
22040001 4.99469
22050001 4.99575
22060001 5.00096
22070001 5.0034
22080001 5.00031
22090001 5.03034
22100001 5.02894
22110001 5.03813
22120001 5.05205
22130001 5.02507
22140001 5.01308
22150001 5.00678
22160001 5.01467
22170001 5.01111
22180001 5.02491
22190001 5.0024
22200001 4.99817
22210001 4.99871
22220001 5.00128
22230001 4.99836
22240001 5.01847
22250001 5.01552
22260001 5.01189
22270001 5.01316
22280001 5.02804
22290001 5.00929
22300001 5.03922
22310001 5.01426
22320001 5.01626
22330001 5.01447
22340001 5.01035
22350001 5.02506
22360001 5.02091
22370001 5.03104
22380001 5.01321
22390001 5.00622
22400001 5.01901
22410001 5.01149
22420001 5.00917
22430001 5.01343
22440001 5.02285
22450001 5.03464
22460001 5.0466
22470001 5.0465
22480001 5.02526
22490001 5.02944
22500001 5.04224
22510001 5.03373
22520001 5.04224
22530001 5.07221
22540001 5.06346
22550001 5.07291
22560001 5.08134
22570001 5.05666
22580001 5.04992
22590001 5.03821
22600001 5.03569
22610001 5.04286
22620001 5.05645
22630001 5.03493
22640001 5.02889
22650001 5.02913
22660001 5.02686
22670001 5.03005
22680001 5.03334
22690001 5.04581
22700001 5.04718
22710001 5.04419
22720001 5.04339
22730001 5.0402
22740001 5.07072
22750001 5.06642
22760001 5.03631
22770001 5.03753
22780001 5.0388
22790001 5.05739
22800001 5.06448
22810001 5.06122
22820001 5.0438
22830001 5.03658
22840001 5.0494
22850001 5.04891
22860001 5.03946
22870001 5.03898
22880001 5.0539
22890001 5.06722
22900001 5.07051
22910001 5.08203
22920001 5.05615
22930001 5.07811
22940001 5.06794
22950001 5.06086
22960001 5.07288
22970001 5.06758
22980001 5.09578
22990001 5.08548
23000001 5.11246
23010001 5.10121
23020001 5.08193
23030001 5.06896
23040001 5.0666
23050001 5.0724
23060001 5.08937
23070001 5.06693
23080001 5.06003
23090001 5.05357
23100001 5.06001
23110001 5.06123
23120001 5.0767
23130001 5.07647
23140001 5.07128
23150001 5.08325
23160001 5.08118
23170001 5.07279
23180001 5.10638
23190001 5.09767
23200001 5.06707
23210001 5.06761
23220001 5.07463
23230001 5.08553
23240001 5.09569
23250001 5.09506
23260001 5.07943
23270001 5.06772
23280001 5.08242
23290001 5.07885
23300001 5.07008
23310001 5.06928
23320001 5.08375
23330001 5.0817
23340001 5.1001
23350001 5.11041
23360001 5.09167
23370001 5.1066
23380001 5.08494
23390001 5.09051
23400001 5.09304
23410001 5.09734
23420001 5.12226
23430001 5.11689
23440001 5.13616
23450001 5.13412
23460001 5.10438
23470001 5.10126
23480001 5.09686
23490001 5.10399
23500001 5.11977
23510001 5.10533
23520001 5.0911
23530001 5.08334
23540001 5.08553
23550001 5.08766
23560001 5.10654
23570001 5.10676
23580001 5.10244
23590001 5.10125
23600001 5.11155
23610001 5.10137
23620001 5.12865
23630001 5.12657
23640001 5.09805
23650001 5.10102
23660001 5.10521
23670001 5.10725
23680001 5.12592
23690001 5.11635
23700001 5.11153
23710001 5.09734
23720001 5.11321
23730001 5.10858
23740001 5.0997
23750001 5.09879
23760001 5.09938
23770001 5.11137
23780001 5.13106
23790001 5.13423
23800001 5.12811
23810001 5.1144
23820001 5.11544
23830001 5.12053
23840001 5.1229
23850001 5.11988
23860001 5.14922
23870001 5.14782
23880001 5.15667
23890001 5.17042
23900001 5.14404
23910001 5.13228
23920001 5.12611
23930001 5.13382
23940001 5.13034
23950001 5.1438
23960001 5.12181
23970001 5.11765
23980001 5.11818
23990001 5.12068
24000001 5.11782
24010001 5.13747
24020001 5.13457
24030001 5.13102
24040001 5.13219
24050001 5.14681
24060001 5.12845
24070001 5.15765
24080001 5.13326
24090001 5.13522
24100001 5.13345
24110001 5.12943
24120001 5.1438
24130001 5.13973
24140001 5.14962
24150001 5.13218
24160001 5.12534
24170001 5.13784
24180001 5.1305
24190001 5.12819
24200001 5.13236
24210001 5.14152
24220001 5.15305
24230001 5.16476
24240001 5.16451
24250001 5.14384
24260001 5.14792
24270001 5.16046
24280001 5.15209
24290001 5.16044
24300001 5.18973
24310001 5.18113
24320001 5.18253
24330001 5.19859
24340001 5.17446
24350001 5.16784
24360001 5.15639
24370001 5.15392
24380001 5.16093
24390001 5.17423
24400001 5.15315
24410001 5.14722
24420001 5.14746
24430001 5.14524
24440001 5.14835
24450001 5.15157
24460001 5.16369
24470001 5.16507
24480001 5.16212
24490001 5.16134
24500001 5.1582
24510001 5.18801
24520001 5.18379
24530001 5.15437
24540001 5.15556
24550001 5.15678
24560001 5.17497
24570001 5.1819
24580001 5.17868
24590001 5.16164
24600001 5.15457
24610001 5.1671
24620001 5.16661
24630001 5.15735
24640001 5.15688
24650001 5.17144
24660001 5.18445
24670001 5.18767
24680001 5.19894
24690001 5.1736
24700001 5.19508
24710001 5.18513
24720001 5.17819
24730001 5.18995
24740001 5.18475
24750001 5.2123
24760001 5.2022
24770001 5.22861
24780001 5.21734
24790001 5.1987
24800001 5.18601
24810001 5.18369
24820001 5.18936
24830001 5.20596
24840001 5.18399
24850001 5.17724
24860001 5.17092
24870001 5.17721
24880001 5.17839
24890001 5.19353
24900001 5.19328
24910001 5.18819
24920001 5.19989
24930001 5.19787
24940001 5.18964
24950001 5.21589
24960001 5.21392
24970001 5.18385
24980001 5.18452
24990001 5.19138
25000001 5.20205
25010001 5.21199
25020001 5.21133
25030001 5.19604
25040001 5.18458
25050001 5.19896
25060001 5.19546
25070001 5.18685
25080001 5.18604
25090001 5.20019
25100001 5.19817
25110001 5.21618
25120001 5.22628
25130001 5.2079
25140001 5.22251
25150001 5.2013
25160001 5.20674
25170001 5.20922
25180001 5.21339
25190001 5.23778
25200001 5.2325
25210001 5.25136
25220001 5.24934
25230001 5.22012
25240001 5.21717
25250001 5.21279
25260001 5.21983
25270001 5.23526
25280001 5.22115
25290001 5.20719
25300001 5.1996
25310001 5.20172
25320001 5.20377
25330001 5.22227
25340001 5.22247
25350001 5.21824
25360001 5.21706
25370001 5.22715
25380001 5.21716
25390001 5.24369
25400001 5.24176
25410001 5.21376
25420001 5.21679
25430001 5.22084
25440001 5.22284
25450001 5.24112
25460001 5.23173
25470001 5.22699
25480001 5.2131
25490001 5.22863
25500001 5.2241
25510001 5.21539
25520001 5.21449
25530001 5.21498
25540001 5.22674
25550001 5.24604
25560001 5.24914
25570001 5.24311
25580001 5.22969
25590001 5.23071
25600001 5.23568
25610001 5.238
25620001 5.23503
25630001 5.26368
25640001 5.26233
25650001 5.271
25660001 5.28446
25670001 5.25861
25680001 5.24704
25690001 5.24103
25700001 5.24858
25710001 5.24517
25720001 5.25836
25730001 5.23679
25740001 5.23273
25750001 5.23322
25760001 5.23563
25770001 5.23286
25780001 5.25209
25790001 5.24924
25800001 5.24575
25810001 5.24689
25820001 5.26121
25830001 5.24321
25840001 5.27174
25850001 5.24788
25860001 5.24976
25870001 5.24803
25880001 5.24411
25890001 5.25818
25900001 5.25418
25910001 5.26384
25920001 5.24677
25930001 5.23955
25940001 5.2523
25950001 5.2451
25960001 5.24283
25970001 5.2469
25980001 5.25584
25990001 5.26712
26000001 5.27859
26010001 5.27832
26020001 5.25807
26030001 5.26205
26040001 5.27436
26050001 5.26613
26060001 5.27431
26070001 5.30298
26080001 5.29451
26090001 5.29588
26100001 5.31161
26110001 5.28798
26120001 5.28146
26130001 5.27025
26140001 5.26782
26150001 5.27467
26160001 5.28772
26170001 5.26705
26180001 5.26121
26190001 5.26145
26200001 5.25928
26210001 5.26232
26220001 5.26545
26230001 5.27731
26240001 5.27865
26250001 5.27534
26260001 5.27499
26270001 5.27191
26280001 5.30104
26290001 5.2969
26300001 5.26811
26310001 5.26928
26320001 5.27046
26330001 5.28827
26340001 5.29505
26350001 5.29186
26360001 5.27517
26370001 5.26825
26380001 5.28052
26390001 5.28002
26400001 5.27094
26410001 5.27047
26420001 5.2847
26430001 5.29743
26440001 5.30058
26450001 5.31163
26460001 5.28678
26470001 5.30781
26480001 5.29808
26490001 5.29126
26500001 5.30278
26510001 5.29767
26520001 5.32462
26530001 5.31471
26540001 5.34059
26550001 5.32954
26560001 5.31124
26570001 5.29882
26580001 5.29655
26590001 5.30209
26600001 5.31835
26610001 5.29681
26620001 5.29018
26630001 5.284
26640001 5.29015
26650001 5.2913
26660001 5.30612
26670001 5.30586
26680001 5.30087
26690001 5.31232
26700001 5.3199
26710001 5.30227
26720001 5.32792
26730001 5.32598
26740001 5.29655
26750001 5.29721
26760001 5.3038
26770001 5.31434
26780001 5.3241
26790001 5.32342
26800001 5.30843
26810001 5.29721
26820001 5.31126
26830001 5.30786
26840001 5.2994
26850001 5.29856
26860001 5.31242
26870001 5.31044
26880001 5.3281
26890001 5.33798
26900001 5.31995
26910001 5.33426
26920001 5.31346
26930001 5.3188
26940001 5.32122
26950001 5.3253
26960001 5.35002
26970001 5.34397
26980001 5.36245
26990001 5.36046
27000001 5.33182
27010001 5.32892
27020001 5.32461
27030001 5.33128
27040001 5.34663
27050001 5.33281
27060001 5.31911
27070001 5.31167
27080001 5.31373
27090001 5.31573
27100001 5.33386
27110001 5.33404
27120001 5.32988
27130001 5.32871
27140001 5.3386
27150001 5.32875
27160001 5.35474
27170001 5.35283
27180001 5.32542
27190001 5.3284
27200001 5.33234
27210001 5.33425
27220001 5.35222
27230001 5.34301
27240001 5.33832
27250001 5.32472
27260001 5.33993
27270001 5.33548
27280001 5.32694
27290001 5.32605
27300001 5.32652
27310001 5.33801
27320001 5.35693
27330001 5.35997
27340001 5.35402
27350001 5.34087
27360001 5.34185
27370001 5.34673
27380001 5.34898
27390001 5.34445
27400001 5.37413
27410001 5.37279
27420001 5.38129
27430001 5.39447
27440001 5.36913
27450001 5.35776
27460001 5.35187
27470001 5.35927
27480001 5.35589
27490001 5.36885
27500001 5.34769
27510001 5.34127
27520001 5.3434
27530001 5.34653
27540001 5.35413
27550001 5.36263
27560001 5.35983
27570001 5.35641
27580001 5.35748
27590001 5.37155
27600001 5.35389
27610001 5.3818
27620001 5.35844
27630001 5.36028
27640001 5.35857
27650001 5.35472
27660001 5.38467
27670001 5.36458
27680001 5.37403
27690001 5.35729
27700001 5.35021
27710001 5.3627
27720001 5.35563
27730001 5.3534
27740001 5.35738
27750001 5.36611
27760001 5.37707
27770001 5.38841
27780001 5.38812
27790001 5.36826
27800001 5.37214
27810001 5.38424
27820001 5.37615
27830001 5.38417
27840001 5.41226
27850001 5.40392
27860001 5.40522
27870001 5.42068
27880001 5.39751
27890001 5.39108
27900001 5.3801
27910001 5.3777
27920001 5.38414
27930001 5.39721
27940001 5.37693
27950001 5.3712
27960001 5.37142
27970001 5.36929
27980001 5.37224
27990001 5.37533
28000001 5.38694
28010001 5.38748
28020001 5.38498
28030001 5.38422
28040001 5.38129
28050001 5.40996
28060001 5.40587
28070001 5.37785
28080001 5.37898
28090001 5.38014
28100001 5.39759
28110001 5.4041
28120001 5.40108
28130001 5.38471
28140001 5.37793
28150001 5.38995
28160001 5.38867
28170001 5.38048
28180001 5.38007
28190001 5.39398
28200001 5.40647
28210001 5.40955
28220001 5.42039
28230001 5.39592
28240001 5.41661
28250001 5.40707
28260001 5.40037
28270001 5.41048
28280001 5.40665
28290001 5.43304
28300001 5.42331
28310001 5.44869
28320001 5.43784
28330001 5.41987
28340001 5.40769
28350001 5.40546
28360001 5.41087
28370001 5.42682
28380001 5.4057
28390001 5.39918
28400001 5.39313
28410001 5.39914
28420001 5.40026
28430001 5.4148
28440001 5.41452
28450001 5.40831
28460001 5.4208
28470001 5.42826
28480001 5.41096
28490001 5.43607
28500001 5.43415
28510001 5.40532
28520001 5.40595
28530001 5.41238
28540001 5.42275
28550001 5.43232
28560001 5.43161
28570001 5.41691
28580001 5.40588
28590001 5.41967
28600001 5.41634
28610001 5.40803
28620001 5.40719
28630001 5.42075
28640001 5.41882
28650001 5.43614
28660001 5.44583
28670001 5.42811
28680001 5.44104
28690001 5.42173
28700001 5.42697
28710001 5.42933
28720001 5.43333
28730001 5.45756
28740001 5.45161
28750001 5.46973
28760001 5.46777
28770001 5.43967
28780001 5.4368
28790001 5.43258
28800001 5.4391
28810001 5.45416
28820001 5.4406
28830001 5.42715
28840001 5.4198
28850001 5.42186
28860001 5.4238
28870001 5.44213
28880001 5.44175
28890001 5.43766
28900001 5.43651
28910001 5.44621
28920001 5.43654
28930001 5.46197
28940001 5.45984
28950001 5.43322
28960001 5.43615
28970001 5.43999
28980001 5.44186
28990001 5.4595
29000001 5.45043
29010001 5.44583
29020001 5.43249
29030001 5.4465
29040001 5.44302
29050001 5.43463
29060001 5.43372
29070001 5.4342
29080001 5.44544
29090001 5.46402
29100001 5.46699
29110001 5.46113
29120001 5.44822
29130001 5.44918
29140001 5.45397
29150001 5.45616
29160001 5.45172
29170001 5.48082
29180001 5.47948
29190001 5.48782
29200001 5.50075
29210001 5.47588
29220001 5.4647
29230001 5.45891
29240001 5.46616
29250001 5.46285
29260001 5.47557
29270001 5.45478
29280001 5.44848
29290001 5.45056
29300001 5.45362
29310001 5.46108
29320001 5.4694
29330001 5.46665
29340001 5.46328
29350001 5.46428
29360001 5.47813
29370001 5.45879
29380001 5.48811
29390001 5.46519
29400001 5.46703
29410001 5.46532
29420001 5.46151
29430001 5.48603
29440001 5.47121
29450001 5.47891
29460001 5.46403
29470001 5.45708
29480001 5.46933
29490001 5.46238
29500001 5.46018
29510001 5.46408
29520001 5.47263
29530001 5.48338
29540001 5.49451
29550001 5.4942
29560001 5.4747
29570001 5.4785
29580001 5.49039
29590001 5.48242
29600001 5.49029
29610001 5.51786
29620001 5.50963
29630001 5.51037
29640001 5.52608
29650001 5.50333
29660001 5.497
29670001 5.48618
29680001 5.48383
29690001 5.49012
29700001 5.503
29710001 5.48309
29720001 5.47745
29730001 5.47765
29740001 5.47557
29750001 5.47845
29760001 5.48147
29770001 5.49285
29780001 5.49337
29790001 5.49091
29800001 5.49015
29810001 5.48728
29820001 5.51536
29830001 5.51133
29840001 5.48387
29850001 5.48491
29860001 5.48609
29870001 5.50322
29880001 5.5096
29890001 5.50661
29900001 5.49055
29910001 5.48389
29920001 5.49568
29930001 5.49435
29940001 5.48636
29950001 5.48596
29960001 5.49958
29970001 5.51183
29980001 5.51486
29990001 5.5255
