1 2183.89
10001 87.0985
20001 43.8567
30001 27.8407
40001 20.0075
50001 15.5781
60001 12.8345
70001 11.0182
80001 9.76803
90001 8.84378
100001 8.17771
110001 7.64628
120001 7.23835
130001 6.91641
140001 6.61629
150001 6.40498
160001 6.20561
170001 6.02597
180001 5.88824
190001 5.76252
200001 5.63216
210001 5.51981
220001 5.45057
230001 5.35385
240001 5.26617
250001 5.18431
260001 5.12615
270001 5.05445
280001 4.97176
290001 4.93595
300001 4.86901
310001 4.82339
320001 4.77792
330001 4.7219
340001 4.66709
350001 4.61907
360001 4.59783
370001 4.55
380001 4.52711
390001 4.46174
400001 4.43785
410001 4.4246
420001 4.34758
430001 4.34045
440001 4.30509
450001 4.26703
460001 4.24402
470001 4.22337
480001 4.20234
490001 4.15235
500001 4.15303
510001 4.13087
520001 4.09031
530001 4.0533
540001 4.05616
550001 4.03464
560001 3.99312
570001 3.98459
580001 3.95526
590001 3.9277
600001 3.91953
610001 3.88958
620001 3.89149
630001 3.86289
640001 3.83956
650001 3.83614
660001 3.83212
670001 3.77999
680001 3.77593
690001 3.79468
700001 3.72797
710001 3.73312
720001 3.72415
730001 3.70185
740001 3.69618
750001 3.67466
760001 3.68443
770001 3.63957
780001 3.63955
790001 3.64748
800001 3.60899
810001 3.60326
820001 3.58372
830001 3.60223
840001 3.55956
850001 3.56187
860001 3.54382
870001 3.53964
880001 3.55438
890001 3.49223
900001 3.5104
910001 3.50785
920001 3.47511
930001 3.49076
940001 3.48063
950001 3.44219
960001 3.43707
970001 3.47272
980001 3.42436
990001 3.41915
1000001 3.42256
1010001 3.4203
1020001 3.41162
1030001 3.38903
1040001 3.41024
1050001 3.36813
1060001 3.36258
1070001 3.37897
1080001 3.35333
1090001 3.34672
1100001 3.32519
1110001 3.34604
1120001 3.33547
1130001 3.33777
1140001 3.30587
1150001 3.31955
1160001 3.35369
1170001 3.27235
1180001 3.30422
1190001 3.28596
1200001 3.25456
1210001 3.27611
1220001 3.27471
1230001 3.26266
1240001 3.23309
1250001 3.26318
1260001 3.26262
1270001 3.23699
1280001 3.23593
1290001 3.24373
1300001 3.23804
1310001 3.20967
1320001 3.22553
1330001 3.21335
1340001 3.19706
1350001 3.20508
1360001 3.1854
1370001 3.18259
1380001 3.17858
1390001 3.17917
1400001 3.18942
1410001 3.19755
1420001 3.15297
1430001 3.15983
1440001 3.19634
1450001 3.12523
1460001 3.15605
1470001 3.14739
1480001 3.13661
1490001 3.1343
1500001 3.12686
1510001 3.15076
1520001 3.10961
1530001 3.132
1540001 3.1529
1550001 3.10839
1560001 3.10042
1570001 3.10323
1580001 3.12551
1590001 3.09851
1600001 3.10391
1610001 3.10144
1620001 3.07553
1630001 3.10256
1640001 3.07483
1650001 3.09752
1660001 3.08286
1670001 3.05829
1680001 3.09047
1690001 3.08284
1700001 3.04681
1710001 3.04486
1720001 3.08305
1730001 3.04188
1740001 3.04249
1750001 3.05021
1760001 3.0701
1770001 3.06249
1780001 3.03861
1790001 3.06929
1800001 3.02289
1810001 3.02016
1820001 3.04852
1830001 3.02328
1840001 3.02741
1850001 3.00292
1860001 3.03212
1870001 3.00885
1880001 3.01079
1890001 3.01363
1900001 3.01479
1910001 3.04526
1920001 2.98196
1930001 3.01644
1940001 3.01585
1950001 2.97069
1960001 2.99775
1970001 2.99143
1980001 2.98058
1990001 2.95844
2000001 2.999
2010001 3.00162
2020001 2.97615
2030001 2.98162
2040001 2.98793
2050001 2.98868
2060001 2.95633
2070001 2.98831
2080001 2.95975
2090001 2.955
2100001 2.97188
2110001 2.95174
2120001 2.947
2130001 2.93444
2140001 2.95751
2150001 2.97699
2160001 2.96658
2170001 2.9334
2180001 2.94597
2190001 2.99028
2200001 2.90986
2210001 2.94076
2220001 2.9483
2230001 2.91226
2240001 2.9351
2250001 2.93989
2260001 2.93861
2270001 2.91613
2280001 2.93004
2290001 2.95461
2300001 2.91826
2310001 2.91687
2320001 2.91765
2330001 2.92244
2340001 2.91685
2350001 2.91845
2360001 2.92018
2370001 2.90668
2380001 2.92742
2390001 2.89746
2400001 2.92377
2410001 2.90945
2420001 2.88657
2430001 2.91455
2440001 2.91591
2450001 2.87884
2460001 2.87964
2470001 2.91872
2480001 2.86956
2490001 2.87918
2500001 2.90483
2510001 2.88136
2520001 2.89243
2530001 2.88569
2540001 2.90883
2550001 2.87941
2560001 2.87123
2570001 2.89855
2580001 2.85866
2590001 2.86192
2600001 2.85783
2610001 2.8789
2620001 2.86983
2630001 2.86401
2640001 2.86949
2650001 2.8587
2660001 2.89572
2670001 2.8437
2680001 2.87152
2690001 2.8775
2700001 2.83447
2710001 2.87578
2720001 2.85795
2730001 2.82967
2740001 2.8346
2750001 2.87195
2760001 2.86127
2770001 2.83381
2780001 2.84948
2790001 2.85227
2800001 2.86204
2810001 2.83548
2820001 2.8644
2830001 2.83523
2840001 2.82567
2850001 2.85117
2860001 2.8338
2870001 2.84056
2880001 2.82133
2890001 2.83728
2900001 2.83827
2910001 2.83813
2920001 2.82703
2930001 2.82378
2940001 2.87146
2950001 2.80742
2960001 2.83348
2970001 2.83624
2980001 2.80358
2990001 2.84494
3000001 2.82466
3010001 2.83168
3020001 2.79215
3030001 2.8178
3040001 2.844
3050001 2.79946
3060001 2.81873
3070001 2.81675
3080001 2.81634
3090001 2.8004
3100001 2.81584
3110001 2.81702
3120001 2.80479
3130001 2.82447
3140001 2.80362
3150001 2.79915
3160001 2.80465
3170001 2.79676
3180001 2.81842
3190001 2.80706
3200001 2.78394
3210001 2.78964
3220001 2.82445
3230001 2.77889
3240001 2.78894
3250001 2.80513
3260001 2.77049
3270001 2.79719
3280001 2.79165
3290001 2.81695
3300001 2.77859
3310001 2.78525
3320001 2.81973
3330001 2.7698
3340001 2.7732
3350001 2.78016
3360001 2.79714
3370001 2.79923
3380001 2.77595
3390001 2.78482
3400001 2.75822
3410001 2.7936
3420001 2.76573
3430001 2.78958
3440001 2.79145
3450001 2.75667
3460001 2.79552
3470001 2.79621
3480001 2.76079
3490001 2.76074
3500001 2.78316
3510001 2.77425
3520001 2.7527
3530001 2.78428
3540001 2.76275
3550001 2.77879
3560001 2.76998
3570001 2.79203
3580001 2.76194
3590001 2.76052
3600001 2.79945
3610001 2.74923
3620001 2.76766
3630001 2.74549
3640001 2.76981
3650001 2.76076
3660001 2.74293
3670001 2.75798
3680001 2.75258
3690001 2.78502
3700001 2.73874
3710001 2.76358
3720001 2.78247
3730001 2.72905
3740001 2.77111
3750001 2.76207
3760001 2.74081
3770001 2.73672
3780001 2.75655
3790001 2.75167
3800001 2.73306
3810001 2.75292
3820001 2.75002
3830001 2.75242
3840001 2.74249
3850001 2.75698
3860001 2.73786
3870001 2.73301
3880001 2.75932
3890001 2.73999
3900001 2.73958
3910001 2.72656
3920001 2.73405
3930001 2.76189
3940001 2.74741
3950001 2.72169
3960001 2.72669
3970001 2.76701
3980001 2.72713
3990001 2.73164
4000001 2.74716
4010001 2.69982
4020001 2.74258
4030001 2.73844
4040001 2.73514
4050001 2.71654
4060001 2.73162
4070001 2.75558
4080001 2.72446
4090001 2.73177
4100001 2.73176
4110001 2.71891
4120001 2.72718
4130001 2.72297
4140001 2.72915
4150001 2.70048
4160001 2.72936
4170001 2.72025
4180001 2.72885
4190001 2.72779
4200001 2.71482
4210001 2.74921
4220001 2.74204
4230001 2.70733
4240001 2.71076
4250001 2.73003
4260001 2.69984
4270001 2.69822
4280001 2.73321
4290001 2.69239
4300001 2.7122
4310001 2.71476
4320001 2.72887
4330001 2.71358
4340001 2.70978
4350001 2.74625
4360001 2.69825
4370001 2.70406
4380001 2.70791
4390001 2.70984
4400001 2.71125
4410001 2.69358
4420001 2.71022
4430001 2.68169
4440001 2.7211
4450001 2.70161
4460001 2.70928
4470001 2.73226
4480001 2.67372
4490001 2.7258
4500001 2.71566
4510001 2.68327
4520001 2.68921
4530001 2.70098
4540001 2.70724
4550001 2.668
4560001 2.70111
4570001 2.70355
4580001 2.6967
4590001 2.71249
4600001 2.71184
4610001 2.68998
4620001 2.67518
4630001 2.71819
4640001 2.68631
4650001 2.69738
4660001 2.69037
4670001 2.69585
4680001 2.69408
4690001 2.69594
4700001 2.69804
4710001 2.69211
4720001 2.70328
4730001 2.68438
4740001 2.69423
4750001 2.71503
4760001 2.64921
4770001 2.69608
4780001 2.69973
4790001 2.67721
4800001 2.66806
4810001 2.69651
4820001 2.72684
4830001 2.67161
4840001 2.69498
4850001 2.69283
4860001 2.67953
4870001 2.68016
4880001 2.68237
4890001 2.69115
4900001 2.6642
4910001 2.68539
4920001 2.68097
4930001 2.66802
4940001 2.68255
4950001 2.67486
4960001 2.7111
4970001 2.69532
4980001 2.6693
4990001 2.68303
5000001 2.69611
5010001 2.65818
5020001 2.66069
5030001 2.68933
5040001 2.64839
5050001 2.66682
5060001 2.69261
5070001 2.68102
5080001 2.67093
5090001 2.66801
5100001 2.71392
5110001 2.66409
5120001 2.66643
5130001 2.67646
5140001 2.66223
5150001 2.68243
5160001 2.6541
5170001 2.67765
5180001 2.64437
5190001 2.66293
5200001 2.67858
5210001 2.6752
5220001 2.68675
5230001 2.6405
5240001 2.69639
5250001 2.68757
5260001 2.64739
5270001 2.66025
5280001 2.67152
5290001 2.65133
5300001 2.65062
5310001 2.68691
5320001 2.65004
5330001 2.65789
5340001 2.67982
5350001 2.67563
5360001 2.66688
5370001 2.63789
5380001 2.68731
5390001 2.65326
5400001 2.66211
5410001 2.65842
5420001 2.67502
5430001 2.68041
5440001 2.64836
5450001 2.66781
5460001 2.65779
5470001 2.67484
5480001 2.65064
5490001 2.64937
5500001 2.68669
5510001 2.61684
5520001 2.66594
5530001 2.67188
5540001 2.63186
5550001 2.64822
5560001 2.66334
5570001 2.6671
5580001 2.63165
5590001 2.66676
5600001 2.66775
5610001 2.64896
5620001 2.65225
5630001 2.65091
5640001 2.64468
5650001 2.62051
5660001 2.65564
5670001 2.65346
5680001 2.63865
5690001 2.64688
5700001 2.63568
5710001 2.67436
5720001 2.65389
5730001 2.64194
5740001 2.64327
5750001 2.66348
5760001 2.63303
5770001 2.63601
5780001 2.66151
5790001 2.60509
5800001 2.64256
5810001 2.67425
5820001 2.63754
5830001 2.63055
5840001 2.63261
5850001 2.67653
5860001 2.62952
5870001 2.64436
5880001 2.6561
5890001 2.62792
5900001 2.64425
5910001 2.63923
5920001 2.65255
5930001 2.62172
5940001 2.63014
5950001 2.65298
5960001 2.62541
5970001 2.65709
5980001 2.6124
5990001 2.65894
6000001 2.66728
6010001 2.62021
6020001 2.63812
6030001 2.65878
6040001 2.63087
6050001 2.62333
6060001 2.65407
6070001 2.6202
6080001 2.61606
6090001 2.6469
6100001 2.64107
6110001 2.63087
6120001 2.61721
6130001 2.65904
6140001 2.62554
6150001 2.61872
6160001 2.64567
6170001 2.63284
6180001 2.65686
6190001 2.6249
6200001 2.64284
6210001 2.6123
6220001 2.62963
6230001 2.63073
6240001 2.62447
6250001 2.64833
6260001 2.59247
6270001 2.64177
6280001 2.65693
6290001 2.60067
6300001 2.62326
6310001 2.62651
6320001 2.63047
6330001 2.60399
6340001 2.6393
6350001 2.63636
6360001 2.61388
6370001 2.63958
6380001 2.63053
6390001 2.62322
6400001 2.59799
6410001 2.63483
6420001 2.64209
6430001 2.62174
6440001 2.62213
6450001 2.6147
6460001 2.63428
6470001 2.61158
6480001 2.62384
6490001 2.62963
6500001 2.63157
6510001 2.61131
6520001 2.62673
6530001 2.65713
6540001 2.58484
6550001 2.61427
6560001 2.64436
6570001 2.60548
6580001 2.60984
6590001 2.61158
6600001 2.64077
6610001 2.6146
6620001 2.62704
6630001 2.63947
6640001 2.6223
6650001 2.63879
6660001 2.6232
6670001 2.62371
6680001 2.59889
6690001 2.60919
6700001 2.63441
6710001 2.59688
6720001 2.61412
6730001 2.59259
6740001 2.63617
6750001 2.63346
6760001 2.59655
6770001 2.62668
6780001 2.63829
6790001 2.60661
6800001 2.60571
6810001 2.63418
6820001 2.59039
6830001 2.59948
6840001 2.63028
6850001 2.59509
6860001 2.61088
6870001 2.59853
6880001 2.63394
6890001 2.61374
6900001 2.60108
6910001 2.62955
6920001 2.59193
6930001 2.63491
6940001 2.60424
6950001 2.62554
6960001 2.59181
6970001 2.59232
6980001 2.61558
6990001 2.60508
7000001 2.63288
7010001 2.57757
7020001 2.6152
7030001 2.64744
7040001 2.58019
7050001 2.60292
7060001 2.60914
7070001 2.59812
7080001 2.58866
7090001 2.62421
7100001 2.59997
7110001 2.58547
7120001 2.62261
7130001 2.61966
7140001 2.61756
7150001 2.58614
7160001 2.61237
7170001 2.60641
7180001 2.58744
7190001 2.61504
7200001 2.5871
7210001 2.61011
7220001 2.59731
7230001 2.60438
7240001 2.60294
7250001 2.61663
7260001 2.61029
7270001 2.59849
7280001 2.63933
7290001 2.5656
7300001 2.60276
7310001 2.62316
7320001 2.56259
7330001 2.59384
7340001 2.59463
7350001 2.60209
7360001 2.58342
7370001 2.59906
7380001 2.62051
7390001 2.59349
7400001 2.62236
7410001 2.60999
7420001 2.59892
7430001 2.57987
7440001 2.59186
7450001 2.60407
7460001 2.57869
7470001 2.5967
7480001 2.57987
7490001 2.59462
7500001 2.6136
7510001 2.5826
7520001 2.60127
7530001 2.60991
7540001 2.58916
7550001 2.59388
7560001 2.6193
7570001 2.56062
7580001 2.5822
7590001 2.60921
7600001 2.57551
7610001 2.57322
7620001 2.58103
7630001 2.61301
7640001 2.59693
7650001 2.58806
7660001 2.61135
7670001 2.57434
7680001 2.60427
7690001 2.59063
7700001 2.59928
7710001 2.58599
7720001 2.57809
7730001 2.60162
7740001 2.57441
7750001 2.61036
7760001 2.57298
7770001 2.59457
7780001 2.61744
7790001 2.56637
7800001 2.59876
7810001 2.59063
7820001 2.57189
7830001 2.58103
7840001 2.6027
7850001 2.57235
7860001 2.57842
7870001 2.61998
7880001 2.5972
7890001 2.59024
7900001 2.57414
7910001 2.60243
7920001 2.5913
7930001 2.56285
7940001 2.60079
7950001 2.57427
7960001 2.59582
7970001 2.58047
7980001 2.58642
7990001 2.57558
8000001 2.57514
8010001 2.59707
8020001 2.5892
8030001 2.61202
8040001 2.56455
8050001 2.58944
8060001 2.61159
8070001 2.54353
8080001 2.57663
8090001 2.57457
8100001 2.57887
8110001 2.57246
8120001 2.59161
8130001 2.59147
8140001 2.56713
8150001 2.60862
8160001 2.5974
8170001 2.58749
8180001 2.56104
8190001 2.58192
8200001 2.58233
8210001 2.5626
8220001 2.58058
8230001 2.57395
8240001 2.5743
8250001 2.58663
8260001 2.57215
8270001 2.58792
8280001 2.58307
8290001 2.57635
8300001 2.58283
8310001 2.61202
8320001 2.55329
8330001 2.56864
8340001 2.59882
8350001 2.54982
8360001 2.57723
8370001 2.57515
8380001 2.57043
8390001 2.58455
8400001 2.57713
8410001 2.6037
8420001 2.56093
8430001 2.58348
8440001 2.58996
8450001 2.56956
8460001 2.57022
8470001 2.58048
8480001 2.60748
8490001 2.56016
8500001 2.58031
8510001 2.55954
8520001 2.57993
8530001 2.60587
8540001 2.54821
8550001 2.57851
8560001 2.57878
8570001 2.55572
8580001 2.57206
8590001 2.58814
8600001 2.55355
8610001 2.56397
8620001 2.60831
8630001 2.5611
8640001 2.56389
8650001 2.57291
8660001 2.58386
8670001 2.57747
8680001 2.55239
8690001 2.58792
8700001 2.54536
8710001 2.56724
8720001 2.5811
8730001 2.56561
8740001 2.56075
8750001 2.54965
8760001 2.58303
8770001 2.56708
8780001 2.58835
8790001 2.54986
8800001 2.56424
8810001 2.60333
8820001 2.53009
8830001 2.57047
8840001 2.56759
8850001 2.54401
8860001 2.57233
8870001 2.58023
8880001 2.5587
8890001 2.54529
8900001 2.58911
8910001 2.57727
8920001 2.56898
8930001 2.5604
8940001 2.57406
8950001 2.56697
8960001 2.55246
8970001 2.57919
8980001 2.55738
8990001 2.55546
9000001 2.5728
9010001 2.56155
9020001 2.55929
9030001 2.55592
9040001 2.5638
9050001 2.57026
9060001 2.59702
9070001 2.54182
9080001 2.57439
9090001 2.61069
9100001 2.52659
9110001 2.56803
9120001 2.55358
9130001 2.55645
9140001 2.55271
9150001 2.55721
9160001 2.58558
9170001 2.53904
9180001 2.57462
9190001 2.58032
9200001 2.55264
9210001 2.55118
9220001 2.56468
9230001 2.58296
9240001 2.55727
9250001 2.56739
9260001 2.56329
9270001 2.54381
9280001 2.57135
9290001 2.53824
9300001 2.56674
9310001 2.55449
9320001 2.54666
9330001 2.57264
9340001 2.57789
9350001 2.53277
9360001 2.54317
9370001 2.59141
9380001 2.5348
9390001 2.55059
9400001 2.55253
9410001 2.56646
9420001 2.56229
9430001 2.54522
9440001 2.58077
9450001 2.54139
9460001 2.55044
9470001 2.58196
9480001 2.55768
9490001 2.55285
9500001 2.53946
9510001 2.57658
9520001 2.53905
9530001 2.55904
9540001 2.55185
9550001 2.55544
9560001 2.58248
9570001 2.53055
9580001 2.57473
9590001 2.56467
9600001 2.5272
9610001 2.56094
9620001 2.56261
9630001 2.54816
9640001 2.52714
9650001 2.57904
9660001 2.56509
9670001 2.5533
9680001 2.55185
9690001 2.58482
9700001 2.57695
9710001 2.53735
9720001 2.57526
9730001 2.53866
9740001 2.54617
9750001 2.56209
9760001 2.54952
9770001 2.54304
9780001 2.52366
9790001 2.55527
9800001 2.56249
9810001 2.57076
9820001 2.53934
9830001 2.55952
9840001 2.60281
9850001 2.5188
9860001 2.55516
9870001 2.55689
9880001 2.5273
9890001 2.54566
9900001 2.54936
9910001 2.54909
9920001 2.5285
9930001 2.5634
9940001 2.58008
9950001 2.54698
9960001 2.53973
9970001 2.55018
9980001 2.55857
9990001 2.54397
10000001 2.55754
10010001 2.55394
10020001 2.53274
10030001 2.5528
10040001 2.52941
10050001 2.55776
10060001 2.55583
10070001 2.53817
10080001 2.5647
10090001 2.57039
10100001 2.52192
10110001 2.53585
10120001 2.58468
10130001 2.51389
10140001 2.54364
10150001 2.5556
10160001 2.53851
10170001 2.54238
10180001 2.54948
10190001 2.57769
10200001 2.53686
10210001 2.53849
10220001 2.57277
10230001 2.53433
10240001 2.53536
10250001 2.52953
10260001 2.55554
10270001 2.5385
10280001 2.54257
10290001 2.54417
10300001 2.55225
10310001 2.58304
10320001 2.52105
10330001 2.55538
10340001 2.55397
10350001 2.51964
10360001 2.55828
10370001 2.54909
10380001 2.51747
10390001 2.51951
10400001 2.56748
10410001 2.53483
10420001 2.52718
10430001 2.5457
10440001 2.55862
10450001 2.55979
10460001 2.5355
10470001 2.56704
10480001 2.53289
10490001 2.52934
10500001 2.55132
10510001 2.52657
10520001 2.53296
10530001 2.51556
10540001 2.55015
10550001 2.53928
10560001 2.54858
10570001 2.53199
10580001 2.53574
10590001 2.59096
10600001 2.51064
10610001 2.55103
10620001 2.54756
10630001 2.50615
10640001 2.54601
10650001 2.53208
10660001 2.53788
10670001 2.50781
10680001 2.54618
10690001 2.5718
10700001 2.52894
10710001 2.53595
10720001 2.54547
10730001 2.54905
10740001 2.52073
10750001 2.55174
10760001 2.54191
10770001 2.53061
10780001 2.54511
10790001 2.5338
10800001 2.53365
10810001 2.52793
10820001 2.53016
10830001 2.55817
10840001 2.55026
10850001 2.52452
10860001 2.52861
10870001 2.57268
10880001 2.50801
10890001 2.53335
10900001 2.54121
10910001 2.52715
10920001 2.54566
10930001 2.53384
10940001 2.56313
10950001 2.51471
10960001 2.53486
10970001 2.56625
10980001 2.52239
10990001 2.52305
11000001 2.52484
11010001 2.54818
11020001 2.5356
11030001 2.52978
11040001 2.54274
11050001 2.52166
11060001 2.55019
11070001 2.52169
11080001 2.54902
11090001 2.54435
11100001 2.51423
11110001 2.55178
11120001 2.54387
11130001 2.50814
11140001 2.51003
11150001 2.55241
11160001 2.53037
11170001 2.51652
11180001 2.54302
11190001 2.5282
11200001 2.5464
11210001 2.52855
11220001 2.56286
11230001 2.52426
11240001 2.51417
11250001 2.55367
11260001 2.51089
11270001 2.52501
11280001 2.51553
11290001 2.54829
11300001 2.53669
11310001 2.52027
11320001 2.52603
11330001 2.53246
11340001 2.57081
11350001 2.50395
11360001 2.5453
11370001 2.55298
11380001 2.50163
11390001 2.53882
11400001 2.54003
11410001 2.52208
11420001 2.51046
11430001 2.53722
11440001 2.53728
11450001 2.52237
11460001 2.54047
11470001 2.5338
11480001 2.54115
11490001 2.51974
11500001 2.54509
11510001 2.51878
11520001 2.53332
11530001 2.55326
11540001 2.52651
11550001 2.52742
11560001 2.50611
11570001 2.52459
11580001 2.55004
11590001 2.54315
11600001 2.51499
11610001 2.5161
11620001 2.56527
11630001 2.50085
11640001 2.52401
11650001 2.54473
11660001 2.50238
11670001 2.54025
11680001 2.53503
11690001 2.5338
11700001 2.50922
11710001 2.53075
11720001 2.55094
11730001 2.51316
11740001 2.51986
11750001 2.5221
11760001 2.52535
11770001 2.51978
11780001 2.52492
11790001 2.52507
11800001 2.50476
11810001 2.53593
11820001 2.51588
11830001 2.53393
11840001 2.52645
11850001 2.50669
11860001 2.54197
11870001 2.53802
11880001 2.50129
11890001 2.51527
11900001 2.54615
11910001 2.51052
11920001 2.51203
11930001 2.53627
11940001 2.50466
11950001 2.52999
11960001 2.51709
11970001 2.5485
11980001 2.51862
11990001 2.51595
12000001 2.54825
12010001 2.51036
12020001 2.52106
12030001 2.51271
12040001 2.52256
12050001 2.52902
12060001 2.51348
12070001 2.5297
12080001 2.49885
12090001 2.54608
12100001 2.51007
12110001 2.52941
12120001 2.54341
12130001 2.50677
12140001 2.55321
12150001 2.5349
12160001 2.50407
12170001 2.50492
12180001 2.52584
12190001 2.52804
12200001 2.49186
12210001 2.52552
12220001 2.52152
12230001 2.52339
12240001 2.51763
12250001 2.53804
12260001 2.51714
12270001 2.50964
12280001 2.5451
12290001 2.51369
12300001 2.52672
12310001 2.51141
12320001 2.52333
12330001 2.51484
12340001 2.51132
12350001 2.51306
12360001 2.50975
12370001 2.54135
12380001 2.50825
12390001 2.52325
12400001 2.53898
12410001 2.48021
12420001 2.53212
12430001 2.52362
12440001 2.51254
12450001 2.49505
12460001 2.51385
12470001 2.54368
12480001 2.49529
12490001 2.51695
12500001 2.52715
12510001 2.52012
12520001 2.5179
12530001 2.52308
12540001 2.52053
12550001 2.50442
12560001 2.53058
12570001 2.50875
12580001 2.51133
12590001 2.51046
12600001 2.50836
12610001 2.53638
12620001 2.53346
12630001 2.50973
12640001 2.51578
12650001 2.53669
12660001 2.50259
12670001 2.50673
12680001 2.53419
12690001 2.48958
12700001 2.5156
12710001 2.52722
12720001 2.52757
12730001 2.50987
12740001 2.52622
12750001 2.56435
12760001 2.50506
12770001 2.51135
12780001 2.51168
12790001 2.50972
12800001 2.52262
12810001 2.50452
12820001 2.52555
12830001 2.4864
12840001 2.51234
12850001 2.50751
12860001 2.52351
12870001 2.53673
12880001 2.4972
12890001 2.54617
12900001 2.53756
12910001 2.4974
12920001 2.50515
12930001 2.52309
12940001 2.49966
12950001 2.48905
12960001 2.52533
12970001 2.49231
12980001 2.51681
12990001 2.52516
13000001 2.53009
13010001 2.51391
13020001 2.49397
13030001 2.54346
13040001 2.4963
13050001 2.51616
13060001 2.50577
13070001 2.51814
13080001 2.5178
13090001 2.49354
13100001 2.50958
13110001 2.51068
13120001 2.53858
13130001 2.50982
13140001 2.51308
13150001 2.53636
13160001 2.47605
13170001 2.52958
13180001 2.52092
13190001 2.49525
13200001 2.49972
13210001 2.51495
13220001 2.51423
13230001 2.48937
13240001 2.52852
13250001 2.51936
13260001 2.50869
13270001 2.51664
13280001 2.51874
13290001 2.50952
13300001 2.48395
13310001 2.52326
13320001 2.50545
13330001 2.50381
13340001 2.50126
13350001 2.51562
13360001 2.54365
13370001 2.51711
13380001 2.50541
13390001 2.50246
13400001 2.53123
13410001 2.49623
13420001 2.50397
13430001 2.52811
13440001 2.46352
13450001 2.51028
13460001 2.52336
13470001 2.50273
13480001 2.49967
13490001 2.50833
13500001 2.54575
13510001 2.4976
13520001 2.51294
13530001 2.51998
13540001 2.49787
13550001 2.5065
13560001 2.49651
13570001 2.50909
13580001 2.48042
13590001 2.50671
13600001 2.51525
13610001 2.4945
13620001 2.5198
13630001 2.48482
13640001 2.534
13650001 2.5311
13660001 2.4934
13670001 2.50488
13680001 2.51441
13690001 2.48734
13700001 2.48673
13710001 2.51323
13720001 2.49013
13730001 2.49222
13740001 2.5227
13750001 2.5189
13760001 2.49711
13770001 2.49488
13780001 2.54282
13790001 2.48944
13800001 2.49713
13810001 2.51005
13820001 2.50376
13830001 2.52041
13840001 2.50014
13850001 2.5205
13860001 2.48094
13870001 2.50449
13880001 2.51052
13890001 2.50715
13900001 2.52845
13910001 2.4713
13920001 2.52535
13930001 2.52789
13940001 2.48071
13950001 2.49693
13960001 2.52019
13970001 2.51521
13980001 2.48183
13990001 2.51816
14000001 2.5069
14010001 2.4943
14020001 2.51421
14030001 2.514
14040001 2.50482
14050001 2.47334
14060001 2.51864
14070001 2.50424
14080001 2.50198
14090001 2.50587
14100001 2.50629
14110001 2.5192
14120001 2.49568
14130001 2.50747
14140001 2.50866
14150001 2.51465
14160001 2.49185
14170001 2.49888
14180001 2.52792
14190001 2.45886
14200001 2.50429
14210001 2.52574
14220001 2.48967
14230001 2.48998
14240001 2.5001
14250001 2.52855
14260001 2.49093
14270001 2.51182
14280001 2.51935
14290001 2.49272
14300001 2.50256
14310001 2.49682
14320001 2.49714
14330001 2.48211
14340001 2.50298
14350001 2.52321
14360001 2.48892
14370001 2.493
14380001 2.48354
14390001 2.53344
14400001 2.51451
14410001 2.49033
14420001 2.50968
14430001 2.51874
14440001 2.48408
14450001 2.49362
14460001 2.5262
14470001 2.46989
14480001 2.48693
14490001 2.52493
14500001 2.49248
14510001 2.50409
14520001 2.49067
14530001 2.53115
14540001 2.49919
14550001 2.49505
14560001 2.51151
14570001 2.49553
14580001 2.53268
14590001 2.49367
14600001 2.51744
14610001 2.47602
14620001 2.4874
14630001 2.50637
14640001 2.50032
14650001 2.52763
14660001 2.46537
14670001 2.5138
14680001 2.52558
14690001 2.47376
14700001 2.49949
14710001 2.51236
14720001 2.49349
14730001 2.48361
14740001 2.52045
14750001 2.4925
14760001 2.4811
14770001 2.513
14780001 2.50139
14790001 2.50044
14800001 2.47234
14810001 2.516
14820001 2.49568
14830001 2.48234
14840001 2.50434
14850001 2.48435
14860001 2.51158
14870001 2.48562
14880001 2.50429
14890001 2.49502
14900001 2.49857
14910001 2.49079
14920001 2.48691
14930001 2.52424
14940001 2.46042
14950001 2.5065
14960001 2.52671
14970001 2.46614
14980001 2.48641
14990001 2.49678
15000001 2.50808
15010001 2.47207
15020001 2.50339
15030001 2.51137
15040001 2.48722
15050001 2.50693
15060001 2.50842
15070001 2.50112
15080001 2.47332
15090001 2.49203
15100001 2.50872
15110001 2.4849
15120001 2.50071
15130001 2.48125
15140001 2.50283
15150001 2.50505
15160001 2.48635
15170001 2.49874
15180001 2.52837
15190001 2.49564
15200001 2.49472
15210001 2.52288
15220001 2.45385
15230001 2.48847
15240001 2.51092
15250001 2.48385
15260001 2.47753
15270001 2.47846
15280001 2.51805
15290001 2.48509
15300001 2.49333
15310001 2.52053
15320001 2.48552
15330001 2.51258
15340001 2.49618
15350001 2.50565
15360001 2.487
15370001 2.48393
15380001 2.50497
15390001 2.46849
15400001 2.50254
15410001 2.46694
15420001 2.50708
15430001 2.51901
15440001 2.47235
15450001 2.50016
15460001 2.50277
15470001 2.47963
15480001 2.48139
15490001 2.51003
15500001 2.4728
15510001 2.47153
15520001 2.50596
15530001 2.49265
15540001 2.48545
15550001 2.48007
15560001 2.5168
15570001 2.5006
15580001 2.47525
15590001 2.50279
15600001 2.48607
15610001 2.51556
15620001 2.48084
15630001 2.5023
15640001 2.47827
15650001 2.47791
15660001 2.49508
15670001 2.49725
15680001 2.5236
15690001 2.46247
15700001 2.49778
15710001 2.52572
15720001 2.46085
15730001 2.48941
15740001 2.48809
15750001 2.49147
15760001 2.47639
15770001 2.5064
15780001 2.49366
15790001 2.49425
15800001 2.52577
15810001 2.5078
15820001 2.49932
15830001 2.46389
15840001 2.49579
15850001 2.49156
15860001 2.47787
15870001 2.49702
15880001 2.48137
15890001 2.49247
15900001 2.48036
15910001 2.48548
15920001 2.50438
15930001 2.50596
15940001 2.49195
15950001 2.49691
15960001 2.52612
15970001 2.46233
15980001 2.48388
15990001 2.50767
16000001 2.45424
16010001 2.47824
16020001 2.48037
16030001 2.49088
16040001 2.49206
16050001 2.49366
16060001 2.51175
16070001 2.47875
16080001 2.50369
16090001 2.49759
16100001 2.48881
16110001 2.47981
16120001 2.47829
16130001 2.50606
16140001 2.46709
16150001 2.48571
16160001 2.47172
16170001 2.50483
16180001 2.52644
16190001 2.47004
16200001 2.48858
16210001 2.50039
16220001 2.48003
16230001 2.48096
16240001 2.50923
16250001 2.46485
16260001 2.47332
16270001 2.50855
16280001 2.47757
16290001 2.48278
16300001 2.48417
16310001 2.50042
16320001 2.49847
16330001 2.47643
16340001 2.51049
16350001 2.46591
16360001 2.49364
16370001 2.48984
16380001 2.48726
16390001 2.47394
16400001 2.48469
16410001 2.50748
16420001 2.48555
16430001 2.51048
16440001 2.45976
16450001 2.48882
16460001 2.5214
16470001 2.45537
16480001 2.49156
16490001 2.48247
16500001 2.46515
16510001 2.47531
16520001 2.50069
16530001 2.48171
16540001 2.47202
16550001 2.5117
16560001 2.49946
16570001 2.49117
16580001 2.47792
16590001 2.49522
16600001 2.48429
16610001 2.46268
16620001 2.49034
16630001 2.46884
16640001 2.48404
16650001 2.49015
16660001 2.48437
16670001 2.47626
16680001 2.48076
16690001 2.48801
16700001 2.48671
16710001 2.52222
16720001 2.45822
16730001 2.48426
16740001 2.50919
16750001 2.44182
16760001 2.47778
16770001 2.47739
16780001 2.48849
16790001 2.47699
16800001 2.48426
16810001 2.50073
16820001 2.46604
16830001 2.50823
16840001 2.49585
16850001 2.48309
16860001 2.4697
16870001 2.48099
16880001 2.49436
16890001 2.48169
16900001 2.49457
16910001 2.47745
16920001 2.46771
16930001 2.50057
16940001 2.472
16950001 2.49522
16960001 2.48069
16970001 2.47379
16980001 2.4914
16990001 2.50972
17000001 2.45508
17010001 2.48621
17020001 2.52228
17030001 2.45943
17040001 2.47626
17050001 2.47163
17060001 2.49517
17070001 2.48362
17080001 2.47434
17090001 2.51019
17100001 2.46315
17110001 2.48101
17120001 2.49038
17130001 2.48446
17140001 2.48404
17150001 2.4755
17160001 2.50479
17170001 2.46745
17180001 2.48826
17190001 2.47537
17200001 2.48462
17210001 2.5065
17220001 2.44831
17230001 2.48987
17240001 2.48338
17250001 2.45988
17260001 2.48266
17270001 2.49455
17280001 2.47148
17290001 2.46032
17300001 2.51247
17310001 2.48635
17320001 2.48588
17330001 2.47606
17340001 2.4966
17350001 2.48708
17360001 2.45495
17370001 2.49437
17380001 2.46306
17390001 2.48231
17400001 2.49533
17410001 2.4842
17420001 2.46663
17430001 2.45574
17440001 2.49186
17450001 2.4837
17460001 2.50623
17470001 2.46407
17480001 2.48239
17490001 2.51539
17500001 2.44807
17510001 2.48728
17520001 2.47856
17530001 2.45699
17540001 2.47946
17550001 2.48883
17560001 2.48241
17570001 2.46373
17580001 2.50215
17590001 2.50147
17600001 2.48137
17610001 2.46521
17620001 2.49966
17630001 2.49531
17640001 2.47353
17650001 2.49024
17660001 2.47569
17670001 2.46718
17680001 2.48314
17690001 2.46696
17700001 2.49267
17710001 2.48127
17720001 2.46937
17730001 2.48049
17740001 2.50444
17750001 2.45819
17760001 2.4758
17770001 2.51971
17780001 2.44823
17790001 2.47829
17800001 2.48329
17810001 2.47098
17820001 2.47003
17830001 2.47324
17840001 2.49953
17850001 2.46169
17860001 2.47939
17870001 2.50305
17880001 2.46916
17890001 2.46446
17900001 2.46637
17910001 2.49186
17920001 2.46407
17930001 2.48017
17940001 2.47183
17950001 2.47444
17960001 2.49737
17970001 2.4463
17980001 2.47928
17990001 2.48872
18000001 2.4607
18010001 2.49452
18020001 2.48885
18030001 2.44652
18040001 2.45905
18050001 2.51348
18060001 2.46106
18070001 2.46943
18080001 2.47367
18090001 2.48698
18100001 2.48311
18110001 2.47199
18120001 2.50411
18130001 2.46063
18140001 2.46523
18150001 2.4925
18160001 2.47171
18170001 2.47247
18180001 2.45398
18190001 2.48827
18200001 2.46821
18210001 2.48874
18220001 2.46401
18230001 2.48806
18240001 2.53363
18250001 2.44517
18260001 2.48901
18270001 2.47519
18280001 2.44481
18290001 2.47884
18300001 2.47386
18310001 2.47684
18320001 2.44142
18330001 2.48838
18340001 2.49173
18350001 2.46642
18360001 2.47601
18370001 2.49285
18380001 2.48792
18390001 2.46104
18400001 2.49006
18410001 2.47841
18420001 2.47018
18430001 2.48003
18440001 2.46147
18450001 2.45922
18460001 2.45782
18470001 2.47331
18480001 2.48839
18490001 2.49058
18500001 2.45729
18510001 2.46988
18520001 2.51756
18530001 2.43769
18540001 2.47739
18550001 2.47446
18560001 2.45386
18570001 2.46811
18580001 2.46378
18590001 2.49293
18600001 2.45099
18610001 2.48233
18620001 2.51068
18630001 2.46766
18640001 2.45599
18650001 2.46684
18660001 2.49511
18670001 2.46862
18680001 2.47505
18690001 2.4792
18700001 2.45664
18710001 2.47996
18720001 2.46046
18730001 2.49167
18740001 2.47686
18750001 2.45336
18760001 2.49437
18770001 2.49168
18780001 2.45137
18790001 2.45247
18800001 2.50201
18810001 2.45909
18820001 2.4618
18830001 2.47697
18840001 2.48649
18850001 2.49398
18860001 2.46942
18870001 2.50674
18880001 2.45775
18890001 2.45963
18900001 2.49389
18910001 2.45834
18920001 2.46839
18930001 2.45137
18940001 2.48945
18950001 2.46214
18960001 2.46193
18970001 2.47347
18980001 2.47996
18990001 2.51478
19000001 2.44707
19010001 2.49013
19020001 2.49096
19030001 2.44387
19040001 2.47577
19050001 2.47093
19060001 2.45108
19070001 2.44227
19080001 2.48811
19090001 2.47763
19100001 2.46752
19110001 2.47712
19120001 2.47964
19130001 2.48741
19140001 2.45627
19150001 2.49391
19160001 2.4576
19170001 2.46391
19180001 2.48156
19190001 2.46084
19200001 2.45851
19210001 2.44929
19220001 2.47521
19230001 2.49695
19240001 2.49076
19250001 2.45419
19260001 2.46377
19270001 2.52
19280001 2.43496
19290001 2.47342
19300001 2.48178
19310001 2.44156
19320001 2.47214
19330001 2.47931
19340001 2.47927
19350001 2.44397
19360001 2.47508
19370001 2.50014
19380001 2.46639
19390001 2.46745
19400001 2.46828
19410001 2.47483
19420001 2.4589
19430001 2.47486
19440001 2.46668
19450001 2.46565
19460001 2.48806
19470001 2.45871
19480001 2.47997
19490001 2.46182
19500001 2.4537
19510001 2.48351
19520001 2.48718
19530001 2.4501
19540001 2.4565
19550001 2.49572
19560001 2.4374
19570001 2.45833
19580001 2.48643
19590001 2.45911
19600001 2.47697
19610001 2.46435
19620001 2.49506
19630001 2.46161
19640001 2.46397
19650001 2.49165
19660001 2.44781
19670001 2.45474
19680001 2.45096
19690001 2.47691
19700001 2.4687
19710001 2.46362
19720001 2.4711
19730001 2.44723
19740001 2.49758
19750001 2.44794
19760001 2.47918
19770001 2.48559
19780001 2.44148
19790001 2.48617
19800001 2.46948
19810001 2.4395
19820001 2.44783
19830001 2.48114
19840001 2.47928
19850001 2.44487
19860001 2.46806
19870001 2.47117
19880001 2.47831
19890001 2.45843
19900001 2.49191
19910001 2.45951
19920001 2.45123
19930001 2.48267
19940001 2.46189
19950001 2.47634
19960001 2.45184
19970001 2.47044
19980001 2.46688
19990001 2.46744
20000001 2.46532
20010001 2.46088
20020001 2.49788
20030001 2.44673
20040001 2.47508
20050001 2.48024
20060001 2.44442
20070001 2.48822
20080001 2.46989
20090001 2.46353
20100001 2.43794
20110001 2.46643
20120001 2.49133
20130001 2.44816
20140001 2.46969
20150001 2.47014
20160001 2.47264
20170001 2.44956
20180001 2.47227
20190001 2.47404
20200001 2.46258
20210001 2.48204
20220001 2.46127
20230001 2.46147
20240001 2.45568
20250001 2.45836
20260001 2.4832
20270001 2.47241
20280001 2.44684
20290001 2.45604
20300001 2.49532
20310001 2.44621
20320001 2.45812
20330001 2.478
20340001 2.44174
20350001 2.47016
20360001 2.46816
20370001 2.48322
20380001 2.4547
20390001 2.46169
20400001 2.4979
20410001 2.44672
20420001 2.45137
20430001 2.46103
20440001 2.46608
20450001 2.47599
20460001 2.45848
20470001 2.47035
20480001 2.44039
20490001 2.47281
20500001 2.44967
20510001 2.47834
20520001 2.47949
20530001 2.44395
20540001 2.48594
20550001 2.4894
20560001 2.45004
20570001 2.45188
20580001 2.47458
20590001 2.45464
20600001 2.44679
20610001 2.48038
20620001 2.44491
20630001 2.47433
20640001 2.4682
20650001 2.48681
20660001 2.46002
20670001 2.46138
20680001 2.50143
20690001 2.44628
20700001 2.47087
20710001 2.44714
20720001 2.4723
20730001 2.46508
20740001 2.4484
20750001 2.46383
20760001 2.45855
20770001 2.49587
20780001 2.44467
20790001 2.46357
20800001 2.49188
20810001 2.43744
20820001 2.48537
20830001 2.47574
20840001 2.44928
20850001 2.44948
20860001 2.46956
20870001 2.46388
20880001 2.43188
20890001 2.46937
20900001 2.46392
20910001 2.46929
20920001 2.46127
20930001 2.47525
20940001 2.45627
20950001 2.44161
20960001 2.47935
20970001 2.44978
20980001 2.46053
20990001 2.44659
21000001 2.45632
21010001 2.48027
21020001 2.4589
21030001 2.44663
21040001 2.45166
21050001 2.49393
21060001 2.45399
21070001 2.46303
21080001 2.47549
21090001 2.41997
21100001 2.4727
21110001 2.46997
21120001 2.4639
21130001 2.44859
21140001 2.45481
21150001 2.48786
21160001 2.451
21170001 2.46907
21180001 2.46662
21190001 2.45146
21200001 2.46304
21210001 2.45877
21220001 2.46729
21230001 2.43784
21240001 2.46738
21250001 2.46008
21260001 2.45504
21270001 2.46553
21280001 2.4564
21290001 2.4939
21300001 2.48426
21310001 2.44931
21320001 2.45367
21330001 2.47343
21340001 2.44247
21350001 2.44346
21360001 2.47076
21370001 2.43844
21380001 2.45141
21390001 2.4626
21400001 2.47507
21410001 2.45672
21420001 2.45986
21430001 2.49929
21440001 2.44602
21450001 2.45358
21460001 2.46179
21470001 2.46117
21480001 2.46874
21490001 2.44594
21500001 2.46318
21510001 2.42747
21520001 2.46889
21530001 2.45993
21540001 2.46516
21550001 2.47635
21560001 2.42938
21570001 2.48504
21580001 2.47488
21590001 2.43988
21600001 2.44659
21610001 2.46064
21620001 2.45405
21630001 2.42782
21640001 2.46247
21650001 2.46199
21660001 2.4567
21670001 2.47514
21680001 2.47508
21690001 2.45498
21700001 2.43384
21710001 2.48369
21720001 2.45017
21730001 2.46262
21740001 2.45249
21750001 2.46027
21760001 2.46238
21770001 2.45399
21780001 2.46545
21790001 2.4605
21800001 2.47109
21810001 2.45253
21820001 2.46482
21830001 2.48756
21840001 2.41742
21850001 2.46665
21860001 2.47387
21870001 2.45084
21880001 2.44143
21890001 2.47314
21900001 2.49358
21910001 2.44688
21920001 2.47036
21930001 2.46759
21940001 2.45373
21950001 2.45693
21960001 2.45908
21970001 2.45702
21980001 2.43581
21990001 2.46327
22000001 2.46074
22010001 2.44506
22020001 2.45415
22030001 2.45215
22040001 2.49269
22050001 2.47584
22060001 2.44927
22070001 2.46561
22080001 2.47807
22090001 2.43981
22100001 2.44251
22110001 2.47064
22120001 2.41886
22130001 2.45068
22140001 2.47814
22150001 2.45138
22160001 2.45558
22170001 2.45365
22180001 2.49398
22190001 2.44841
22200001 2.45425
22210001 2.4637
22220001 2.4423
22230001 2.47184
22240001 2.44174
22250001 2.46386
22260001 2.43158
22270001 2.45314
22280001 2.46829
22290001 2.46469
22300001 2.47971
22310001 2.4286
22320001 2.47996
22330001 2.47811
22340001 2.43804
22350001 2.45466
22360001 2.46393
22370001 2.44214
22380001 2.44388
22390001 2.48067
22400001 2.44161
22410001 2.43852
22420001 2.47555
22430001 2.46833
22440001 2.4631
22450001 2.4346
22460001 2.48334
22470001 2.45004
22480001 2.44646
22490001 2.45517
22500001 2.45953
22510001 2.47874
22520001 2.44462
22530001 2.46516
22540001 2.4473
22550001 2.46138
22560001 2.45073
22570001 2.44857
22580001 2.48691
22590001 2.41633
22600001 2.47001
22610001 2.47319
22620001 2.42593
22630001 2.45125
22640001 2.46649
22650001 2.46996
22660001 2.43534
22670001 2.46363
22680001 2.4696
22690001 2.44848
22700001 2.46049
22710001 2.45609
22720001 2.44852
22730001 2.42594
22740001 2.46104
22750001 2.46189
22760001 2.44601
22770001 2.45415
22780001 2.4448
22790001 2.46972
22800001 2.45795
22810001 2.45092
22820001 2.45354
22830001 2.47255
22840001 2.44196
22850001 2.44554
22860001 2.47191
22870001 2.41338
22880001 2.45396
22890001 2.47811
22900001 2.45079
22910001 2.43451
22920001 2.44383
22930001 2.48792
22940001 2.43775
22950001 2.45809
22960001 2.4722
22970001 2.44052
22980001 2.45749
22990001 2.45683
23000001 2.4683
23010001 2.44148
23020001 2.4459
23030001 2.46939
23040001 2.43697
23050001 2.46765
23060001 2.43082
23070001 2.47687
23080001 2.47285
23090001 2.43769
23100001 2.45628
23110001 2.47929
23120001 2.44813
23130001 2.4411
23140001 2.47407
23150001 2.42704
23160001 2.43557
23170001 2.46787
23180001 2.45874
23190001 2.45063
23200001 2.43745
23210001 2.48214
23220001 2.45016
23230001 2.43767
23240001 2.46908
23250001 2.45594
23260001 2.48015
23270001 2.44454
23280001 2.46563
23290001 2.43722
23300001 2.44221
23310001 2.45488
23320001 2.44938
23330001 2.47274
23340001 2.41597
23350001 2.4683
23360001 2.48588
23370001 2.42495
23380001 2.44678
23390001 2.455
23400001 2.4581
23410001 2.43237
23420001 2.47109
23430001 2.45302
23440001 2.4428
23450001 2.46923
23460001 2.4586
23470001 2.45185
23480001 2.42649
23490001 2.46659
23500001 2.45816
23510001 2.4453
23520001 2.4533
23530001 2.44765
23540001 2.4644
23550001 2.43599
23560001 2.45461
23570001 2.46354
23580001 2.46365
23590001 2.44294
23600001 2.46041
23610001 2.49199
23620001 2.41637
23630001 2.44727
23640001 2.47638
23650001 2.42703
23660001 2.44402
23670001 2.44542
23680001 2.45961
23690001 2.44956
23700001 2.46288
23710001 2.46896
23720001 2.45672
23730001 2.47617
23740001 2.4593
23750001 2.45468
23760001 2.43626
23770001 2.44579
23780001 2.4706
23790001 2.43308
23800001 2.45331
23810001 2.43045
23820001 2.47351
23830001 2.47297
23840001 2.43386
23850001 2.45717
23860001 2.47613
23870001 2.44466
23880001 2.4475
23890001 2.47467
23900001 2.42593
23910001 2.44034
23920001 2.47009
23930001 2.43376
23940001 2.43468
23950001 2.43957
23960001 2.47203
23970001 2.45622
23980001 2.44438
23990001 2.47025
24000001 2.43269
24010001 2.46698
24020001 2.44606
24030001 2.45768
24040001 2.4333
24050001 2.43365
24060001 2.45788
24070001 2.43916
24080001 2.46374
24090001 2.42137
24100001 2.45885
24110001 2.49157
24120001 2.42509
24130001 2.45159
24140001 2.45374
24150001 2.43598
24160001 2.43452
24170001 2.47042
24180001 2.44239
24190001 2.43241
24200001 2.45995
24210001 2.46455
24220001 2.4581
24230001 2.43625
24240001 2.45995
24250001 2.45273
24260001 2.43508
24270001 2.46161
24280001 2.43612
24290001 2.45938
24300001 2.4458
24310001 2.45493
24320001 2.43694
24330001 2.46383
24340001 2.4613
24350001 2.44989
24360001 2.48983
24370001 2.41495
24380001 2.45322
24390001 2.47356
24400001 2.41249
24410001 2.44614
24420001 2.439
24430001 2.45481
24440001 2.42737
24450001 2.45082
24460001 2.47086
24470001 2.44082
24480001 2.47623
24490001 2.4644
24500001 2.45063
24510001 2.43218
24520001 2.44805
24530001 2.45804
24540001 2.43745
24550001 2.45059
24560001 2.4337
24570001 2.44377
24580001 2.46256
24590001 2.44123
24600001 2.45662
24610001 2.45226
24620001 2.4444
24630001 2.44992
24640001 2.47749
24650001 2.41578
24660001 2.43768
24670001 2.46595
24680001 2.41817
24690001 2.43089
24700001 2.43808
24710001 2.46887
24720001 2.45336
24730001 2.44546
24740001 2.46994
24750001 2.43486
24760001 2.45774
24770001 2.44976
24780001 2.45756
24790001 2.4448
24800001 2.43501
24810001 2.46016
24820001 2.43611
24830001 2.46005
24840001 2.43181
24850001 2.4547
24860001 2.4777
24870001 2.4259
24880001 2.45943
24890001 2.45383
24900001 2.43139
24910001 2.4419
24920001 2.46675
24930001 2.4365
24940001 2.44192
24950001 2.48626
24960001 2.45257
24970001 2.45456
24980001 2.43749
24990001 2.46662
25000001 2.45382
25010001 2.42623
25020001 2.46587
25030001 2.42709
25040001 2.45415
25050001 2.44475
25060001 2.45181
25070001 2.43885
25080001 2.43367
25090001 2.46139
25100001 2.45483
25110001 2.4775
25120001 2.42883
25130001 2.45553
25140001 2.479
25150001 2.40852
25160001 2.44182
25170001 2.43964
25180001 2.43225
25190001 2.43953
25200001 2.45928
25210001 2.44331
25220001 2.43402
25230001 2.47662
25240001 2.4614
25250001 2.45451
25260001 2.42969
25270001 2.45111
25280001 2.44634
25290001 2.43183
25300001 2.44893
25310001 2.4409
25320001 2.44213
25330001 2.45666
25340001 2.44064
25350001 2.45661
25360001 2.45387
25370001 2.44458
25380001 2.44319
25390001 2.48068
25400001 2.42179
25410001 2.44067
25420001 2.46979
25430001 2.41798
25440001 2.44767
25450001 2.4453
25460001 2.43804
25470001 2.44083
25480001 2.44911
25490001 2.47301
25500001 2.43267
25510001 2.45659
25520001 2.46162
25530001 2.4413
25540001 2.42842
25550001 2.45304
25560001 2.46783
25570001 2.43162
25580001 2.4512
25590001 2.43156
25600001 2.44591
25610001 2.46597
25620001 2.42063
25630001 2.45133
25640001 2.45131
25650001 2.42948
25660001 2.44892
25670001 2.46137
25680001 2.41951
25690001 2.43838
25700001 2.48384
25710001 2.43377
25720001 2.43965
25730001 2.44002
25740001 2.45758
25750001 2.44587
25760001 2.43064
25770001 2.46391
25780001 2.41958
25790001 2.44293
25800001 2.45731
25810001 2.4432
25820001 2.43767
25830001 2.42648
25840001 2.46178
25850001 2.42967
25860001 2.46329
25870001 2.42806
25880001 2.44166
25890001 2.48028
25900001 2.40612
25910001 2.44823
25920001 2.44519
25930001 2.42155
25940001 2.45197
25950001 2.45036
25960001 2.4379
25970001 2.41829
25980001 2.46757
25990001 2.45499
26000001 2.44295
26010001 2.4408
26020001 2.45587
26030001 2.44485
26040001 2.43113
26050001 2.46328
26060001 2.4382
26070001 2.44093
26080001 2.45414
26090001 2.44199
26100001 2.43365
26110001 2.4302
26120001 2.44744
26130001 2.45164
26140001 2.4661
26150001 2.42432
26160001 2.45583
26170001 2.49408
26180001 2.40614
26190001 2.44946
26200001 2.43543
26210001 2.42688
26220001 2.43596
26230001 2.44013
26240001 2.46538
26250001 2.42003
26260001 2.45685
26270001 2.46428
26280001 2.43814
26290001 2.43141
26300001 2.44866
26310001 2.46613
26320001 2.44118
26330001 2.44788
26340001 2.44688
26350001 2.42938
26360001 2.44752
26370001 2.42219
26380001 2.45142
26390001 2.43915
26400001 2.4304
26410001 2.45811
26420001 2.46549
26430001 2.41735
26440001 2.4264
26450001 2.47925
26460001 2.42108
26470001 2.43833
26480001 2.44209
26490001 2.44529
26500001 2.45071
26510001 2.43217
26520001 2.46701
26530001 2.4274
26540001 2.43782
26550001 2.47125
26560001 2.43485
26570001 2.43515
26580001 2.42691
26590001 2.46699
26600001 2.42579
26610001 2.44038
26620001 2.43909
26630001 2.44457
26640001 2.47131
26650001 2.41844
26660001 2.46435
26670001 2.45454
26680001 2.41583
26690001 2.44953
26700001 2.4503
26710001 2.42587
26720001 2.41646
26730001 2.46838
26740001 2.43721
26750001 2.44362
26760001 2.44204
26770001 2.46942
26780001 2.46637
26790001 2.42827
26800001 2.46584
26810001 2.42222
26820001 2.439
26830001 2.45382
26840001 2.43815
26850001 2.43375
26860001 2.41587
26870001 2.44557
26880001 2.45303
26890001 2.46406
26900001 2.43003
26910001 2.44358
26920001 2.49417
26930001 2.40938
26940001 2.44813
26950001 2.44934
26960001 2.41508
26970001 2.4384
26980001 2.44108
26990001 2.43964
27000001 2.4069
27010001 2.45568
27020001 2.46887
27030001 2.44163
27040001 2.43353
27050001 2.4431
27060001 2.4514
27070001 2.42462
27080001 2.45015
27090001 2.43582
27100001 2.42503
27110001 2.44545
27120001 2.42162
27130001 2.44205
27140001 2.43612
27150001 2.43198
27160001 2.45848
27170001 2.46465
27180001 2.41679
27190001 2.43395
27200001 2.47969
27210001 2.4009
27220001 2.43907
27230001 2.45178
27240001 2.42975
27250001 2.43808
27260001 2.4382
27270001 2.47174
27280001 2.42595
27290001 2.43711
27300001 2.46835
27310001 2.42933
27320001 2.43094
27330001 2.42496
27340001 2.45314
27350001 2.43577
27360001 2.43923
27370001 2.44238
27380001 2.43546
27390001 2.47757
27400001 2.41816
27410001 2.45405
27420001 2.45041
27430001 2.41596
27440001 2.45609
27450001 2.44755
27460001 2.41436
27470001 2.41764
27480001 2.45875
27490001 2.43378
27500001 2.41907
27510001 2.44427
27520001 2.45572
27530001 2.45232
27540001 2.43422
27550001 2.4684
27560001 2.4307
27570001 2.42662
27580001 2.45229
27590001 2.42638
27600001 2.43687
27610001 2.41556
27620001 2.45018
27630001 2.43331
27640001 2.44206
27650001 2.43514
27660001 2.43515
27670001 2.47706
27680001 2.41043
27690001 2.45245
27700001 2.44989
27710001 2.4051
27720001 2.44609
27730001 2.43348
27740001 2.42372
27750001 2.40861
27760001 2.44793
27770001 2.47066
27780001 2.42891
27790001 2.43761
27800001 2.44814
27810001 2.45353
27820001 2.41739
27830001 2.45436
27840001 2.44348
27850001 2.43132
27860001 2.44447
27870001 2.43531
27880001 2.43739
27890001 2.41982
27900001 2.43241
27910001 2.46121
27920001 2.45262
27930001 2.42628
27940001 2.43155
27950001 2.47872
27960001 2.40978
27970001 2.43715
27980001 2.4457
27990001 2.4314
28000001 2.45132
28010001 2.44165
28020001 2.45811
28030001 2.42006
28040001 2.43972
28050001 2.47093
28060001 2.42582
28070001 2.42818
28080001 2.43125
28090001 2.44032
28100001 2.43379
28110001 2.43522
28120001 2.44948
28130001 2.42437
28140001 2.44824
28150001 2.42686
28160001 2.45509
28170001 2.4499
28180001 2.41948
28190001 2.45801
28200001 2.45082
28210001 2.41323
28220001 2.41574
28230001 2.45751
28240001 2.4224
28250001 2.42406
28260001 2.44976
28270001 2.42073
28280001 2.45275
28290001 2.4358
28300001 2.46525
28310001 2.43022
28320001 2.42222
28330001 2.46142
28340001 2.41366
28350001 2.43354
28360001 2.42273
28370001 2.4538
28380001 2.44348
28390001 2.42894
28400001 2.43323
28410001 2.43817
28420001 2.48031
28430001 2.41086
28440001 2.44286
28450001 2.45964
28460001 2.40894
28470001 2.44977
28480001 2.44892
28490001 2.42712
28500001 2.41907
28510001 2.44551
28520001 2.44291
28530001 2.41527
28540001 2.4494
28550001 2.43942
28560001 2.4507
28570001 2.43015
28580001 2.45329
28590001 2.42707
28600001 2.43158
28610001 2.46253
28620001 2.42408
28630001 2.43633
28640001 2.41363
28650001 2.43288
28660001 2.45169
28670001 2.43999
28680001 2.42457
28690001 2.42408
28700001 2.47387
28710001 2.41149
28720001 2.43678
28730001 2.4543
28740001 2.40509
28750001 2.45092
28760001 2.44553
28770001 2.44209
28780001 2.42062
28790001 2.43275
28800001 2.46023
28810001 2.4178
28820001 2.43344
28830001 2.43291
28840001 2.43505
28850001 2.43128
28860001 2.43563
28870001 2.43743
28880001 2.41652
28890001 2.44793
28900001 2.42792
28910001 2.43145
28920001 2.43591
28930001 2.41934
28940001 2.45573
28950001 2.45002
28960001 2.41243
28970001 2.42613
28980001 2.4573
28990001 2.42249
29000001 2.42469
29010001 2.44067
29020001 2.41839
29030001 2.43581
29040001 2.42954
29050001 2.46
29060001 2.42647
29070001 2.42997
29080001 2.46291
29090001 2.42205
29100001 2.43332
29110001 2.42856
29120001 2.43693
29130001 2.44843
29140001 2.42762
29150001 2.44342
29160001 2.40524
29170001 2.45388
29180001 2.42713
29190001 2.44429
29200001 2.4454
29210001 2.42127
29220001 2.4684
29230001 2.45119
29240001 2.41717
29250001 2.41769
29260001 2.44051
29270001 2.43049
29280001 2.40649
29290001 2.44139
29300001 2.43453
29310001 2.43716
29320001 2.43224
29330001 2.45416
29340001 2.4347
29350001 2.42071
29360001 2.46104
29370001 2.42935
29380001 2.44228
29390001 2.42457
29400001 2.43863
29410001 2.43296
29420001 2.41842
29430001 2.42867
29440001 2.42602
29450001 2.45746
29460001 2.42342
29470001 2.44126
29480001 2.458
29490001 2.39547
29500001 2.4477
29510001 2.44313
29520001 2.43098
29530001 2.41267
29540001 2.43375
29550001 2.45393
29560001 2.41382
29570001 2.43522
29580001 2.44497
29590001 2.43693
29600001 2.43606
29610001 2.44192
29620001 2.42783
29630001 2.41789
29640001 2.44848
29650001 2.42857
29660001 2.42828
29670001 2.42081
29680001 2.42601
29690001 2.45648
29700001 2.45204
29710001 2.42809
29720001 2.43604
29730001 2.45634
29740001 2.42135
29750001 2.42597
29760001 2.45203
29770001 2.39623
29780001 2.43459
29790001 2.44721
29800001 2.43215
29810001 2.42836
29820001 2.44563
29830001 2.47817
29840001 2.4235
29850001 2.43251
29860001 2.43228
29870001 2.42266
29880001 2.44321
29890001 2.42492
29900001 2.4436
29910001 2.40605
29920001 2.4329
29930001 2.42783
29940001 2.44261
29950001 2.4592
29960001 2.41639
29970001 2.45897
29980001 2.45653
29990001 2.41706
