1 2161.48
10001 40.4889
20001 16.9734
30001 10.8725
40001 8.45287
50001 7.03112
60001 7.30271
70001 5.70585
80001 5.65942
90001 6.05572
100001 5.38282
110001 6.30603
120001 5.17032
130001 4.58427
140001 5.00594
150001 5.20289
160001 5.12902
170001 5.72232
180001 4.66692
190001 4.89351
200001 4.90846
210001 4.74074
220001 6.23391
230001 4.3718
240001 4.59545
250001 4.84173
260001 5.73875
270001 5.10638
280001 5.23475
290001 4.59004
300001 4.8736
310001 4.86356
320001 4.90647
330001 6.24117
340001 4.37915
350001 4.54755
360001 4.41002
370001 5.17945
380001 4.4029
390001 5.34846
400001 4.57875
410001 4.85123
420001 4.92375
430001 4.91444
440001 6.23157
450001 4.372
460001 4.6135
470001 4.56848
480001 5.35965
490001 4.41745
500001 5.3606
510001 4.86269
520001 4.84866
530001 5.22339
540001 4.39996
550001 6.29093
560001 4.39286
570001 4.70085
580001 4.31102
590001 5.43689
600001 4.75456
610001 5.41727
620001 5.05855
630001 4.19887
640001 5.51323
650001 4.4023
660001 5.88329
670001 4.41869
680001 4.78401
690001 4.09043
700001 5.16304
710001 4.80649
720001 5.11177
730001 4.52881
740001 4.27424
750001 5.80202
760001 4.41708
770001 5.60276
780001 4.41564
790001 4.90329
800001 4.19614
810001 5.06535
820001 5.1482
830001 5.22667
840001 4.49023
850001 4.28162
860001 6.09646
870001 4.41763
880001 5.75155
890001 4.48459
900001 4.99927
910001 4.21057
920001 4.99817
930001 5.24802
940001 5.09267
950001 4.53231
960001 4.29228
970001 6.04089
980001 4.40313
990001 5.782
1000001 4.55448
1010001 5.00379
1020001 4.28917
1030001 4.84049
1040001 5.5626
1050001 4.70415
1060001 4.53413
1070001 4.27403
1080001 5.61039
1090001 4.40261
1100001 5.89805
1110001 4.71267
1120001 5.28332
1130001 4.28155
1140001 4.84495
1150001 5.73619
1160001 4.78414
1170001 4.76525
1180001 4.27089
1190001 5.63873
1200001 4.73561
1210001 5.98567
1220001 5.01477
1230001 5.28835
1240001 4.28437
1250001 5.07004
1260001 5.74029
1270001 5.00966
1280001 4.87046
1290001 4.32849
1300001 5.64307
1310001 4.80417
1320001 5.99477
1330001 5.00214
1340001 5.29968
1350001 4.30567
1360001 4.76463
1370001 5.32846
1380001 5.25259
1390001 5.11564
1400001 4.35271
1410001 5.65065
1420001 4.39682
1430001 5.85011
1440001 5.04546
1450001 5.30173
1460001 4.12516
1470001 4.80217
1480001 5.41759
1490001 5.13442
1500001 5.30978
1510001 4.36083
1520001 5.69969
1530001 4.48197
1540001 5.94703
1550001 5.42701
1560001 4.68172
1570001 4.23835
1580001 4.80654
1590001 4.88161
1600001 5.29213
1610001 5.69666
1620001 4.43217
1630001 5.32121
1640001 4.48338
1650001 5.96092
1660001 5.49338
1670001 4.67834
1680001 4.25264
1690001 4.82286
1700001 4.94838
1710001 4.89954
1720001 5.71185
1730001 4.51736
1740001 5.42756
1750001 5.25001
1760001 4.85656
1770001 5.8081
1780001 4.71408
1790001 4.25168
1800001 4.80717
1810001 4.97169
1820001 4.70719
1830001 5.88366
1840001 4.51419
1850001 4.77265
1860001 5.21966
1870001 4.8496
1880001 5.91188
1890001 4.74802
1900001 4.25466
1910001 4.75157
1920001 4.98851
1930001 4.94605
1940001 5.57166
1950001 4.518
1960001 4.77094
1970001 4.80328
1980001 4.55178
1990001 6.15556
2000001 4.78819
2010001 4.52418
2020001 4.77734
2030001 5.68651
2040001 5.05732
2050001 5.19057
2060001 4.54378
2070001 4.77945
2080001 4.83779
2090001 4.87733
2100001 6.21361
2110001 4.30047
2120001 4.52488
2130001 4.39123
2140001 5.15225
2150001 4.38031
2160001 5.33195
2170001 4.56373
2180001 4.83841
2190001 4.91079
2200001 4.90857
2210001 6.21858
2220001 4.36502
2230001 4.60362
2240001 4.55784
2250001 5.35315
2260001 4.35673
2270001 5.35564
2280001 4.85236
2290001 4.84465
2300001 5.21757
2310001 4.39295
2320001 6.31366
2330001 4.38972
2340001 4.67305
2350001 4.51761
2360001 5.39136
2370001 4.75462
2380001 5.41357
2390001 5.05844
2400001 4.19914
2410001 5.51364
2420001 4.40011
2430001 5.8767
2440001 4.42068
2450001 4.78289
2460001 4.09031
2470001 5.1622
2480001 4.80349
2490001 5.0247
2500001 4.52914
2510001 4.27274
2520001 5.73381
2530001 4.41524
2540001 5.60137
2550001 4.42106
2560001 4.90157
2570001 4.19632
2580001 5.0631
2590001 5.14402
2600001 5.22644
2610001 4.49436
2620001 4.2794
2630001 6.11348
2640001 4.41492
2650001 5.72883
2660001 4.48412
2670001 4.99864
2680001 4.2113
2690001 4.99962
2700001 5.24853
2710001 5.09104
2720001 4.53064
2730001 4.29475
2740001 6.03976
2750001 4.40351
2760001 5.78242
2770001 4.50382
2780001 5.00366
2790001 4.16163
2800001 4.83946
2810001 5.56344
2820001 4.70219
2830001 4.53644
2840001 4.2744
2850001 5.6091
2860001 4.4039
2870001 5.89597
2880001 4.65189
2890001 5.28387
2900001 4.27502
2910001 4.85071
2920001 5.68225
2930001 4.7813
2940001 4.77073
2950001 4.27004
2960001 5.63704
2970001 4.73378
2980001 5.98809
2990001 5.01546
3000001 5.29075
3010001 4.28437
3020001 5.07363
3030001 5.74186
3040001 5.00874
3050001 4.87014
3060001 4.32838
3070001 5.64329
3080001 4.80795
3090001 5.99401
3100001 5.00034
3110001 5.29624
3120001 4.30441
3130001 4.76581
3140001 5.7765
3150001 5.22503
3160001 5.1162
3170001 4.35243
3180001 5.65073
3190001 4.38104
3200001 5.84882
3210001 5.04267
3220001 5.29947
3230001 4.12377
3240001 4.80059
3250001 5.4189
3260001 5.12569
3270001 5.30962
3280001 4.36233
3290001 5.69964
3300001 4.47996
3310001 5.94757
3320001 5.42759
3330001 4.68197
3340001 4.23994
3350001 4.80699
3360001 4.89098
3370001 5.2909
3380001 5.69668
3390001 4.44021
3400001 5.3215
3410001 4.48456
3420001 6.20629
3430001 5.49438
3440001 4.67744
3450001 4.25384
3460001 4.82157
3470001 4.93234
3480001 4.89706
3490001 5.69746
3500001 4.51752
3510001 5.42578
3520001 5.21904
3530001 4.8576
3540001 5.80363
3550001 4.71487
3560001 4.25226
3570001 4.81646
3580001 4.97166
3590001 4.88201
3600001 5.88207
3610001 4.51331
3620001 4.77385
3630001 5.2213
3640001 4.8467
3650001 5.91093
3660001 4.74988
3670001 4.25423
3680001 4.75246
3690001 4.98904
3700001 4.94641
3710001 5.57055
3720001 4.51705
3730001 4.77217
3740001 4.80437
3750001 4.55104
3760001 6.15446
3770001 4.78613
3780001 4.52685
3790001 4.77886
3800001 5.68683
3810001 5.0182
3820001 5.18901
3830001 4.54466
3840001 4.77949
3850001 4.83742
3860001 4.87497
3870001 6.20441
3880001 4.30043
3890001 4.52301
3900001 4.38373
3910001 5.15379
3920001 4.38119
3930001 5.33245
3940001 4.56221
3950001 4.8361
3960001 4.9094
3970001 4.90829
3980001 6.21866
3990001 4.36699
4000001 4.60136
4010001 4.55726
4020001 5.8115
4030001 4.35677
4040001 5.35385
4050001 4.84946
4060001 4.84486
4070001 5.21289
4080001 4.39212
4090001 6.31342
4100001 4.37839
4110001 4.67327
4120001 4.51576
4130001 5.39012
4140001 4.75164
4150001 5.41576
4160001 5.05801
4170001 4.18562
4180001 5.51454
4190001 4.39755
4200001 5.87534
4210001 4.42026
4220001 4.7806
4230001 4.08872
4240001 5.14844
4250001 4.80453
4260001 5.60362
4270001 4.5051
4280001 4.27276
4290001 5.73472
4300001 4.41398
4310001 5.59967
4320001 4.42182
4330001 4.90258
4340001 4.1906
4350001 5.00098
4360001 5.13615
4370001 5.22789
4380001 4.49681
4390001 4.27725
4400001 6.11448
4410001 4.41716
4420001 5.73095
4430001 4.48323
4440001 5.00053
4450001 4.21162
4460001 4.99915
4470001 5.24906
4480001 5.08364
4490001 4.53255
4500001 4.2947
4510001 6.04009
4520001 4.40271
4530001 5.78373
4540001 4.50556
4550001 5.00561
4560001 4.16158
4570001 4.83952
4580001 5.56296
4590001 4.68149
4600001 4.53728
4610001 4.27057
4620001 5.60923
4630001 4.40605
4640001 5.89483
4650001 4.65083
4660001 5.28521
4670001 4.27491
4680001 4.84943
4690001 5.68195
4700001 4.78057
4710001 4.76894
4720001 4.269
4730001 5.63592
4740001 4.73481
4750001 5.98894
4760001 5.0178
4770001 5.29192
4780001 4.28319
4790001 5.02685
4800001 5.74484
4810001 5.00549
4820001 4.87088
4830001 4.32932
4840001 5.64151
4850001 4.8059
4860001 5.99266
4870001 5.00023
4880001 5.29708
4890001 4.30496
4900001 4.68302
4910001 5.51482
4920001 5.22433
4930001 5.11628
4940001 4.35107
4950001 5.64899
4960001 4.37949
4970001 5.90205
4980001 5.03158
4990001 5.30025
5000001 4.12281
5010001 4.80007
5020001 5.39791
5030001 5.12495
5040001 5.31009
5050001 4.36697
5060001 5.69832
5070001 4.47943
5080001 5.93542
5090001 5.42761
5100001 4.68346
5110001 4.1635
5120001 4.80673
5130001 4.7635
5140001 5.29272
5150001 5.61071
5160001 4.43688
5170001 5.32013
5180001 4.48262
5190001 6.18355
5200001 5.49229
5210001 4.67588
5220001 4.25188
5230001 4.82098
5240001 4.89582
5250001 4.88778
5260001 5.69699
5270001 4.47271
5280001 5.42708
5290001 5.21828
5300001 4.85857
5310001 5.80235
5320001 4.71411
5330001 4.25186
5340001 4.81769
5350001 4.97324
5360001 4.88036
5370001 5.88375
5380001 4.52257
5390001 4.77111
5400001 5.10458
5410001 4.84698
5420001 5.90154
5430001 4.74906
5440001 4.25559
5450001 4.73964
5460001 4.98996
5470001 4.94586
5480001 5.57183
5490001 4.51702
5500001 4.77285
5510001 4.77317
5520001 4.42795
5530001 6.15435
5540001 4.78778
5550001 4.38259
5560001 4.77638
5570001 5.49083
5580001 5.01948
5590001 5.14209
5600001 4.54579
5610001 4.77968
5620001 4.83701
5630001 4.87716
5640001 6.20455
5650001 4.29835
5660001 4.52223
5670001 4.38375
5680001 5.11812
5690001 4.38121
5700001 5.62481
5710001 4.56515
5720001 4.83662
5730001 4.91053
5740001 4.8883
5750001 6.21985
5760001 4.36652
5770001 4.60156
5780001 4.55883
5790001 5.81136
5800001 4.35837
5810001 5.35154
5820001 5.00988
5830001 4.84181
5840001 5.21166
5850001 4.39077
5860001 6.31136
5870001 4.37794
5880001 4.603
5890001 4.57418
5900001 5.38977
5910001 4.81439
5920001 5.39646
5930001 4.97173
5940001 4.18339
5950001 5.51249
5960001 4.40053
5970001 5.8771
5980001 4.40427
5990001 4.78442
6000001 4.08732
6010001 5.10337
6020001 4.80379
6030001 5.40387
6040001 4.471
6050001 4.27335
6060001 5.50978
6070001 4.41168
6080001 5.59843
6090001 4.42032
6100001 4.90246
6110001 4.18965
6120001 5.00595
6130001 5.13858
6140001 5.22183
6150001 4.49662
6160001 4.2762
6170001 6.10927
6180001 4.41458
6190001 5.7308
6200001 4.48335
6210001 4.89876
6220001 4.2111
6230001 5.00083
6240001 5.19845
6250001 5.08325
6260001 4.53367
6270001 4.29643
6280001 6.04093
6290001 4.40477
6300001 5.78157
6310001 4.50688
6320001 5.016
6330001 4.16089
6340001 4.83807
6350001 5.56341
6360001 4.68122
6370001 4.53967
6380001 4.27089
6390001 5.60875
6400001 4.40514
6410001 5.89466
6420001 4.65287
6430001 5.28327
6440001 4.27284
6450001 4.84608
6460001 5.68019
6470001 4.78178
6480001 4.7692
6490001 4.27052
6500001 5.63716
6510001 4.73176
6520001 5.99418
6530001 5.02081
6540001 5.29005
6550001 4.28555
6560001 5.02321
6570001 5.74561
6580001 4.93677
6590001 4.87178
6600001 4.32959
6610001 5.63906
6620001 4.8038
6630001 5.99288
6640001 5.2376
6650001 5.29273
6660001 4.3033
6670001 4.68485
6680001 5.51441
6690001 5.22586
6700001 5.11828
6710001 4.34964
6720001 5.64859
6730001 4.3769
6740001 5.89961
6750001 5.03118
6760001 5.29782
6770001 4.12108
6780001 4.79874
6790001 5.39822
6800001 5.12326
6810001 5.31182
6820001 4.36706
6830001 5.69605
6840001 4.44126
6850001 5.93619
6860001 5.42548
6870001 4.68264
6880001 4.16559
6890001 4.81037
6900001 4.54616
6910001 5.29411
6920001 5.6084
6930001 4.43654
6940001 5.31997
6950001 4.47645
6960001 6.18376
6970001 5.49449
6980001 4.67772
6990001 4.24965
7000001 4.81694
7010001 4.89562
7020001 4.88877
7030001 5.6965
7040001 4.46899
7050001 5.3174
7060001 5.2215
7070001 4.86081
7080001 5.80303
7090001 4.71151
7100001 4.25019
7110001 4.81692
7120001 4.97445
7130001 4.86788
7140001 5.77516
7150001 4.52373
7160001 4.76914
7170001 5.10332
7180001 4.84897
7190001 5.90227
7200001 4.74997
7210001 4.25821
7220001 4.65277
7230001 4.987
7240001 4.97387
7250001 5.55218
7260001 4.51661
7270001 4.7743
7280001 4.77335
7290001 4.42664
7300001 6.15669
7310001 4.78703
7320001 4.38065
7330001 4.77673
7340001 5.49188
7350001 5.01935
7360001 5.14041
7370001 4.52449
7380001 4.78029
7390001 4.81389
7400001 4.87846
7410001 6.20205
7420001 4.29728
7430001 4.52401
7440001 4.38605
7450001 5.11685
7460001 4.38343
7470001 5.62501
7480001 4.56373
7490001 4.83703
7500001 4.91164
7510001 4.88659
7520001 6.21978
7530001 4.35531
7540001 4.60515
7550001 4.51064
7560001 5.81251
7570001 4.35509
7580001 5.35237
7590001 5.00884
7600001 4.84095
7610001 5.21474
7620001 4.39493
7630001 6.312
7640001 4.37913
7650001 4.60478
7660001 4.57289
7670001 5.38968
7680001 4.8153
7690001 5.39801
7700001 4.9736
7710001 4.17892
7720001 5.51284
7730001 4.40077
7740001 5.87579
7750001 4.40381
7760001 4.70064
7770001 4.30087
7780001 5.09999
7790001 4.80433
7800001 5.40533
7810001 4.47045
7820001 4.27488
7830001 5.5124
7840001 4.40892
7850001 5.88044
7860001 4.41922
7870001 4.89738
7880001 4.18976
7890001 5.00646
7900001 5.13983
7910001 5.21209
7920001 4.49583
7930001 4.27555
7940001 6.1098
7950001 4.41533
7960001 5.72955
7970001 4.48045
7980001 4.8997
7990001 4.21148
8000001 5.00265
8010001 5.07711
8020001 5.08412
8030001 4.53557
8040001 4.29492
8050001 6.03992
8060001 4.40201
8070001 5.7832
8080001 4.50874
8090001 5.01482
8100001 4.16197
8110001 4.83984
8120001 5.56185
8130001 4.67948
8140001 4.53933
8150001 4.27324
8160001 5.60701
8170001 4.40403
8180001 5.89485
8190001 4.65296
8200001 5.28208
8210001 4.27013
8220001 4.84689
8230001 5.66204
8240001 4.78104
8250001 4.7703
8260001 4.26868
8270001 5.63703
8280001 4.73175
8290001 5.99407
8300001 5.02515
8310001 5.28977
8320001 4.28545
8330001 5.02478
8340001 5.74531
8350001 4.93681
8360001 4.87305
8370001 4.33136
8380001 5.64159
8390001 4.8061
8400001 5.99158
8410001 5.23064
8420001 5.29008
8430001 4.30648
8440001 4.68597
8450001 5.51314
8460001 5.22267
8470001 5.11701
8480001 4.34945
8490001 5.64875
8500001 4.37571
8510001 5.8971
8520001 5.0312
8530001 5.29637
8540001 4.12413
8550001 4.79663
8560001 5.39798
8570001 5.2996
8580001 5.31074
8590001 4.36848
8600001 5.65185
8610001 4.44006
8620001 5.93452
8630001 5.42768
8640001 4.68582
8650001 4.16695
8660001 4.81158
8670001 4.54402
8680001 5.29517
8690001 5.60751
8700001 4.43493
8710001 5.32001
8720001 4.47651
8730001 6.18541
8740001 5.49399
8750001 4.67873
8760001 4.25191
8770001 4.81902
8780001 4.89389
8790001 4.86136
8800001 5.69619
8810001 4.46906
8820001 5.32
8830001 4.77009
8840001 5.49533
8850001 5.80346
8860001 4.71214
8870001 4.25303
8880001 4.81753
8890001 4.97198
8900001 4.86983
8910001 5.7779
8920001 4.52271
8930001 4.77006
8940001 5.1026
8950001 4.84876
8960001 5.90352
8970001 4.74767
8980001 4.25846
8990001 4.64808
9000001 4.9891
9010001 4.97385
9020001 5.55262
9030001 4.51701
9040001 4.77349
9050001 4.7732
9060001 4.42609
9070001 6.15702
9080001 4.78579
9090001 4.26288
9100001 4.77568
9110001 5.49285
9120001 5.02499
9130001 5.57275
9140001 4.52372
9150001 4.7775
9160001 4.80957
9170001 4.87659
9180001 6.20175
9190001 4.2956
9200001 4.52351
9210001 4.38549
9220001 5.09433
9230001 4.36176
9240001 5.62464
9250001 4.55669
9260001 4.83636
9270001 4.90834
9280001 4.88551
9290001 6.22443
9300001 4.35536
9310001 4.6017
9320001 4.39316
9330001 5.8131
9340001 4.35487
9350001 5.35319
9360001 5.00871
9370001 4.84175
9380001 5.09074
9390001 4.39534
9400001 6.31198
9410001 4.3785
9420001 4.60666
9430001 4.57281
9440001 5.38927
9450001 4.80616
9460001 5.36559
9470001 4.97589
9480001 4.17564
9490001 5.51214
9500001 4.39884
9510001 5.84415
9520001 4.4035
9530001 4.7011
9540001 4.30159
9550001 5.1011
9560001 4.76917
9570001 5.44388
9580001 4.46791
9590001 4.27584
9600001 5.51322
9610001 4.41251
9620001 5.88267
9630001 4.4189
9640001 4.89863
9650001 4.18965
9660001 5.24722
9670001 5.14261
9680001 5.21131
9690001 4.49372
9700001 4.2748
9710001 6.10908
9720001 4.41785
9730001 5.72835
9740001 4.47583
9750001 4.89956
9760001 4.21003
9770001 5.00025
9780001 5.00826
9790001 5.08343
9800001 4.53428
9810001 4.29367
9820001 6.03631
9830001 4.40218
9840001 5.74778
9850001 4.50642
9860001 5.01304
9870001 4.16144
9880001 4.83806
9890001 5.56421
9900001 4.68113
9910001 4.52654
9920001 4.2738
9930001 5.60627
9940001 4.40506
9950001 5.83724
9960001 4.64977
9970001 5.28401
9980001 4.27029
9990001 4.84593
