1 2195.6
10001 556.07
20001 293.199
30001 194.744
40001 132.993
50001 116.154
60001 80.1491
70001 65.4525
80001 51.7217
90001 45.7711
100001 35.38
110001 33.0584
120001 27.5465
130001 26.1009
140001 22.0611
150001 21.886
160001 20.518
170001 18.6731
180001 16.7102
190001 16.307
200001 16.4078
210001 14.5081
220001 13.3128
230001 13.0822
240001 11.9969
250001 11.933
260001 10.9987
270001 10.9841
280001 10.4674
290001 10.1823
300001 9.6638
310001 9.60491
320001 9.85186
330001 8.91451
340001 8.65976
350001 8.36865
360001 8.15533
370001 7.90164
380001 7.76231
390001 7.47925
400001 7.43367
410001 7.12296
420001 7.13777
430001 6.78237
440001 6.87937
450001 6.49081
460001 6.64645
470001 6.25951
480001 6.44441
490001 6.06227
500001 6.27464
510001 5.85614
520001 6.10462
530001 5.72188
540001 5.94955
550001 5.58721
560001 5.83242
570001 5.46967
580001 5.71818
590001 5.38222
600001 6.12375
610001 7.85724
620001 5.73346
630001 5.79108
640001 5.37769
650001 7.19188
660001 5.27376
670001 5.60184
680001 5.18435
690001 5.05683
700001 5.09876
710001 6.62877
720001 5.00824
730001 5.32139
740001 4.93609
750001 8.61823
760001 5.03353
770001 5.38302
780001 4.83381
790001 4.88585
800001 4.75541
810001 4.73634
820001 4.66192
830001 4.66303
840001 4.56977
850001 4.59796
860001 4.51345
870001 4.56235
880001 4.4123
890001 4.52778
900001 4.3524
910001 4.50234
920001 4.31272
930001 4.49238
940001 4.28861
950001 4.46151
960001 4.26344
970001 4.4428
980001 4.26251
990001 4.44493
1000001 4.24002
1010001 4.40043
1020001 4.21042
1030001 4.39294
1040001 9.24709
1050001 4.88518
1060001 6.58285
1070001 4.48705
1080001 4.87976
1090001 4.33408
1100001 5.37587
1110001 4.3204
1120001 4.44497
1130001 4.27976
1140001 4.14086
1150001 4.23791
1160001 5.20439
1170001 4.22645
1180001 4.39185
1190001 4.59059
1200001 6.51299
1210001 4.2369
1220001 4.37605
1230001 4.18057
1240001 4.27506
1250001 4.12382
1260001 4.10492
1270001 4.06775
1280001 4.08085
1290001 4.02525
1300001 4.05859
1310001 3.96975
1320001 4.047
1330001 3.93176
1340001 4.04124
1350001 3.91557
1360001 4.05432
1370001 3.91901
1380001 4.05674
1390001 3.89458
1400001 4.05517
1410001 3.90766
1420001 4.05951
1430001 3.91502
1440001 4.04975
1450001 3.90751
1460001 4.07322
1470001 3.91504
1480001 5.03349
1490001 9.07873
1500001 4.36998
1510001 5.22128
1520001 4.07638
1530001 8.56015
1540001 4.02991
1550001 4.57905
1560001 4.04047
1570001 4.03377
1580001 4.04357
1590001 5.90303
1600001 3.98923
1610001 4.51824
1620001 3.98144
1630001 8.12962
1640001 4.22965
1650001 5.56461
1660001 3.99071
1670001 4.07819
1680001 3.94052
1690001 3.96651
1700001 3.88525
1710001 3.92487
1720001 3.85034
1730001 3.89497
1740001 3.83921
1750001 3.87129
1760001 3.79215
1770001 3.86973
1780001 3.7623
1790001 3.86895
1800001 3.75292
1810001 3.88681
1820001 3.76177
1830001 3.90038
1840001 3.72507
1850001 3.90128
1860001 3.76989
1870001 3.90616
1880001 3.77824
1890001 3.92226
1900001 3.75874
1910001 3.92637
1920001 3.79498
1930001 4.64761
1940001 6.92857
1950001 4.07811
1960001 4.54557
1970001 3.92074
1980001 6.29114
1990001 3.90909
2000001 4.11822
2010001 3.9098
2020001 3.87841
2030001 3.89988
2040001 4.91953
2050001 3.86259
2060001 4.34514
2070001 3.85624
2080001 6.31185
2090001 4.07033
2100001 4.53153
2110001 3.8666
2120001 3.94385
2130001 3.86071
2140001 3.82231
2150001 3.82242
2160001 3.82118
2170001 3.75179
2180001 3.78509
2190001 3.74396
2200001 3.78804
2210001 3.69933
2220001 3.78596
2230001 3.68218
2240001 3.8
2250001 3.68544
2260001 3.8159
2270001 3.67258
2280001 3.82208
2290001 3.69368
2300001 3.83434
2310001 3.72391
2320001 3.85562
2330001 3.70979
2340001 3.84066
2350001 3.71128
2360001 4.8689
2370001 9.02257
2380001 4.43658
2390001 6.27854
2400001 3.89226
2410001 8.47137
2420001 3.85522
2430001 5.03913
2440001 3.85378
2450001 3.87571
2460001 3.86401
2470001 3.7295
2480001 3.83098
2490001 4.3745
2500001 3.83653
2510001 4.02981
2520001 4.25775
2530001 5.46752
2540001 3.86822
2550001 4.03755
2560001 3.83737
2570001 3.86322
2580001 3.78967
2590001 3.78483
2600001 3.72441
2610001 3.75321
2620001 3.70996
2630001 3.73509
2640001 3.67145
2650001 3.73932
2660001 3.64644
2670001 3.73931
2680001 3.65287
2690001 3.76844
2700001 3.65637
2710001 3.77215
2720001 3.63059
2730001 3.78453
2740001 3.65114
2750001 3.79069
2760001 3.66006
2770001 3.79573
2780001 3.67177
2790001 3.82293
2800001 3.70274
2810001 4.5414
2820001 6.8714
2830001 4.1484
2840001 5.0586
2850001 3.86325
2860001 6.2422
2870001 3.80944
2880001 4.39824
2890001 3.83882
2900001 3.79188
2910001 3.81373
2920001 5.77168
2930001 3.79396
2940001 4.37696
2950001 3.77285
2960001 8.02858
2970001 4.0662
2980001 4.44951
2990001 3.8093
3000001 3.91932
3010001 3.77031
3020001 3.78231
3030001 3.72735
3040001 3.74051
3050001 3.69208
3060001 3.7158
3070001 3.69551
3080001 3.71208
3090001 3.64371
3100001 3.71893
3110001 3.60476
3120001 3.71888
3130001 3.60651
3140001 3.7458
3150001 3.61763
3160001 3.75877
3170001 3.62383
3180001 3.76246
3190001 3.66297
3200001 3.80621
3210001 3.65302
3220001 3.78852
3230001 3.65587
3240001 3.79657
3250001 3.67564
3260001 4.56042
3270001 6.25562
3280001 3.94437
3290001 4.45074
3300001 3.80781
3310001 4.97808
3320001 3.81457
3330001 4.01201
3340001 3.79249
3350001 3.77309
3360001 3.76851
3370001 4.85369
3380001 3.75768
3390001 4.26512
3400001 4.19212
3410001 6.24726
3420001 3.98139
3430001 3.98656
3440001 3.78316
3450001 3.86216
3460001 3.75851
3470001 3.72071
3480001 3.72186
3490001 3.70787
3500001 3.66678
3510001 3.69466
3520001 3.64806
3530001 3.69231
3540001 3.6101
3550001 3.69631
3560001 3.60381
3570001 3.72012
3580001 3.60378
3590001 3.73656
3600001 3.595
3610001 3.74367
3620001 3.62488
3630001 3.75637
3640001 3.64101
3650001 3.75803
3660001 3.64079
3670001 3.76481
3680001 3.66317
3690001 4.81287
3700001 8.98728
3710001 4.37332
3720001 5.04127
3730001 3.82369
3740001 8.43908
3750001 3.78447
3760001 4.38668
3770001 3.79711
3780001 3.80771
3790001 3.80298
3800001 3.66674
3810001 3.76874
3820001 4.31298
3830001 3.7776
3840001 3.9607
3850001 4.0381
3860001 5.41281
3870001 3.80428
3880001 3.89739
3890001 3.74226
3900001 3.79877
3910001 3.71048
3920001 3.72635
3930001 3.66744
3940001 3.70051
3950001 3.65057
3960001 3.68596
3970001 3.62539
3980001 3.6891
3990001 3.59664
4000001 3.68757
4010001 3.60242
4020001 3.70925
4030001 3.60652
4040001 3.73501
4050001 3.57738
4060001 3.73794
4070001 3.61583
4080001 3.74347
4090001 3.62621
4100001 3.76743
4110001 3.63215
4120001 3.78403
4130001 3.66119
4140001 4.52608
4150001 6.85535
4160001 4.10818
4170001 4.44346
4180001 3.78166
4190001 6.21467
4200001 3.76892
4210001 4.39401
4220001 3.77499
4230001 3.75808
4240001 3.76607
4250001 5.74233
4260001 3.7368
4270001 4.23028
4280001 3.73848
4290001 8.01173
4300001 3.95346
4310001 4.4315
4320001 3.77061
4330001 3.88787
4340001 3.74936
4350001 3.74876
4360001 3.70867
4370001 3.71074
4380001 3.65875
4390001 3.67651
4400001 3.66137
4410001 3.67844
4420001 3.59773
4430001 3.68532
4440001 3.57973
4450001 3.69712
4460001 3.57833
4470001 3.7161
4480001 3.5918
4490001 3.72342
4500001 3.59962
4510001 3.72958
4520001 3.6302
4530001 3.76776
4540001 3.62957
4550001 3.74568
4560001 3.62824
4570001 3.76569
4580001 8.98533
4590001 4.35475
4600001 6.23804
4610001 3.91823
4620001 4.42206
4630001 3.77919
4640001 4.97722
4650001 3.79108
4660001 3.97307
4670001 3.76297
4680001 3.65311
4690001 3.74598
4700001 4.83164
4710001 3.75336
4720001 3.95802
4730001 4.17477
4740001 6.22881
4750001 3.80824
4760001 3.96762
4770001 3.76082
4780001 3.79665
4790001 3.72002
4800001 3.69642
4810001 3.67563
4820001 3.68326
4830001 3.65283
4840001 3.66981
4850001 3.61035
4860001 3.66932
4870001 3.58442
4880001 3.67727
4890001 3.58366
4900001 3.70318
4910001 3.59774
4920001 3.71396
4930001 3.5806
4940001 3.72355
4950001 3.61167
4960001 3.73839
4970001 3.62543
4980001 3.73845
4990001 3.63007
5000001 3.76652
5010001 3.6487
5020001 4.79846
5030001 8.96065
5040001 4.09452
5050001 5.02294
5060001 3.79927
5070001 8.43641
5080001 3.76078
5090001 4.36223
5100001 3.78377
5110001 3.79078
5120001 3.80095
5130001 5.73846
5140001 3.74761
5150001 4.30545
5160001 3.74937
5170001 8.01079
5180001 4.01446
5190001 5.40243
5200001 3.77704
5210001 3.86583
5220001 3.72981
5230001 3.75464
5240001 3.67874
5250001 3.71576
5260001 3.6487
5270001 3.68808
5280001 3.64716
5290001 3.66925
5300001 3.60431
5310001 3.67209
5320001 3.57968
5330001 3.67759
5340001 3.57412
5350001 3.69924
5360001 3.59542
5370001 3.71879
5380001 3.55729
5390001 3.7228
5400001 3.61023
5410001 3.73206
5420001 3.62422
5430001 3.75239
5440001 3.60654
5450001 3.76015
5460001 3.64534
5470001 4.51393
5480001 6.84253
5490001 3.91425
5500001 4.42338
5510001 3.76752
5520001 6.2012
5530001 3.75982
5540001 3.98475
5550001 3.76327
5560001 3.73979
5570001 3.76095
5580001 4.81384
5590001 3.72664
5600001 4.22213
5610001 3.72221
5620001 6.22778
5630001 3.95135
5640001 4.42015
5650001 3.74153
5660001 3.82299
5670001 3.74214
5680001 3.69928
5690001 3.70546
5700001 3.69943
5710001 3.63615
5720001 3.66389
5730001 3.63268
5740001 3.67034
5750001 3.58938
5760001 3.67077
5770001 3.57609
5780001 3.68879
5790001 3.58152
5800001 3.70664
5810001 3.57318
5820001 3.715
5830001 3.59865
5840001 3.72849
5850001 3.62871
5860001 3.75489
5870001 3.61783
5880001 3.73877
5890001 3.62265
5900001 4.78704
5910001 8.98139
5920001 4.34845
5930001 6.22173
5940001 3.7957
5950001 8.43009
5960001 3.76278
5970001 4.97312
5980001 3.76238
5990001 3.79036
6000001 3.77742
6010001 3.64365
6020001 3.74517
6030001 4.30052
6040001 3.7578
6050001 3.94817
6060001 4.18225
6070001 5.40705
6080001 3.7941
6090001 3.96162
6100001 3.73979
6110001 3.78759
6120001 3.71813
6130001 3.70591
6140001 3.65108
6150001 3.67833
6160001 3.63965
6170001 3.66191
6180001 3.60288
6190001 3.66597
6200001 3.57918
6210001 3.66727
6220001 3.58775
6230001 3.69844
6240001 3.59309
6250001 3.70311
6260001 3.5669
6270001 3.71709
6280001 3.58809
6290001 3.72422
6300001 3.60025
6310001 3.73369
6320001 3.6117
6330001 3.75739
6340001 3.64866
6350001 4.4906
6360001 6.83865
6370001 4.0856
6380001 5.01549
6390001 3.80214
6400001 6.20528
6410001 3.74972
6420001 4.35016
6430001 3.78184
6440001 3.73317
6450001 3.75587
6460001 5.73395
6470001 3.73947
6480001 4.19347
6490001 3.72052
6500001 7.99852
6510001 4.02052
6520001 4.40984
6530001 3.76364
6540001 3.86998
6550001 3.72984
6560001 3.7314
6570001 3.68306
6580001 3.68995
6590001 3.64522
6600001 3.66527
6610001 3.65022
6620001 3.66363
6630001 3.60224
6640001 3.66896
6650001 3.55848
6660001 3.67238
6670001 3.56393
6680001 3.69961
6690001 3.57608
6700001 3.7145
6710001 3.58362
6720001 3.71788
6730001 3.62838
6740001 3.76253
6750001 3.61435
6760001 3.74412
6770001 3.61864
6780001 3.75076
6790001 3.63717
6800001 4.52418
6810001 6.2337
6820001 3.90259
6830001 4.41942
6840001 3.76543
6850001 4.94899
6860001 3.77556
6870001 3.97593
6880001 3.75629
6890001 3.73485
6900001 3.7277
6910001 4.82504
6920001 3.72279
6930001 4.22177
6940001 4.15668
6950001 6.22264
6960001 3.95236
6970001 3.94858
6980001 3.75212
6990001 3.82801
7000001 3.72214
7010001 3.68554
7020001 3.687
7030001 3.67392
7040001 3.63741
7050001 3.66138
7060001 3.61818
7070001 3.65983
7080001 3.57893
7090001 3.66408
7100001 3.57412
7110001 3.68893
7120001 3.57444
7130001 3.70608
7140001 3.56735
7150001 3.71301
7160001 3.5961
7170001 3.72593
7180001 3.61315
7190001 3.72735
7200001 3.61258
7210001 3.73576
7220001 3.63465
7230001 4.78951
7240001 8.97423
7250001 4.34961
7260001 5.01988
7270001 3.79516
7280001 8.42556
7290001 3.75439
7300001 4.36104
7310001 3.77063
7320001 3.78052
7330001 3.77647
7340001 3.63845
7350001 3.74063
7360001 4.28998
7370001 3.7541
7380001 3.93612
7390001 4.01232
7400001 5.39327
7410001 3.78337
7420001 3.86725
7430001 3.72049
7440001 3.7743
7450001 3.68735
7460001 3.70211
7470001 3.64541
7480001 3.67768
7490001 3.62757
7500001 3.66356
7510001 3.603
7520001 3.66666
7530001 3.57433
7540001 3.66491
7550001 3.58066
7560001 3.68792
7570001 3.58736
7580001 3.7125
7590001 3.5572
7600001 3.71517
7610001 3.59604
7620001 3.72324
7630001 3.60637
7640001 3.74648
7650001 3.61166
7660001 3.7608
7670001 3.64391
7680001 4.50848
7690001 6.84528
7700001 4.08793
7710001 4.4232
7720001 3.76015
7730001 6.20123
7740001 3.74893
7750001 4.38029
7760001 3.75671
7770001 3.73811
7780001 3.74765
7790001 5.72955
7800001 3.72418
7810001 4.21138
7820001 3.72109
7830001 7.99941
7840001 3.93729
7850001 4.4149
7860001 3.75464
7870001 3.81085
7880001 3.73503
7890001 3.73013
7900001 3.68985
7910001 3.69342
7920001 3.6424
7930001 3.65957
7940001 3.64108
7950001 3.66169
7960001 3.58221
7970001 3.66922
7980001 3.56282
7990001 3.68203
8000001 3.56299
8010001 3.70006
8020001 3.57556
8030001 3.7079
8040001 3.58511
8050001 3.71395
8060001 3.61529
8070001 3.7506
8080001 3.61202
8090001 3.73044
8100001 3.61567
8110001 3.74947
8120001 8.97755
8130001 4.3433
8140001 6.22913
8150001 3.90486
8160001 4.39538
8170001 3.76381
8180001 4.96473
8190001 3.77643
8200001 3.95884
8210001 3.74691
8220001 3.63848
8230001 3.73282
8240001 4.81902
8250001 3.75182
8260001 3.94549
8270001 4.16159
8280001 6.21971
8290001 3.79701
8300001 3.95451
8310001 3.74831
8320001 3.7708
8330001 3.70909
8340001 3.68302
8350001 3.66088
8360001 3.67097
8370001 3.63635
8380001 3.65774
8390001 3.59811
8400001 3.6565
8410001 3.57323
8420001 3.6651
8430001 3.57383
8440001 3.69168
8450001 3.58611
8460001 3.70195
8470001 3.56919
8480001 3.71199
8490001 3.60019
8500001 3.72563
8510001 3.61383
8520001 3.72735
8530001 3.6173
8540001 3.7554
8550001 3.64062
8560001 4.78965
8570001 8.95675
8580001 4.08431
8590001 5.01535
8600001 3.78721
8610001 8.42932
8620001 3.74941
8630001 4.35196
8640001 3.77333
8650001 3.78294
8660001 3.79061
8670001 5.72935
8680001 3.73828
8690001 4.29432
8700001 3.73617
8710001 8.00393
8720001 4.00354
8730001 5.39467
8740001 3.76671
8750001 3.85637
8760001 3.72154
8770001 3.73875
8780001 3.66994
8790001 3.70537
8800001 3.64141
8810001 3.67854
8820001 3.64163
8830001 3.66021
8840001 3.59616
8850001 3.66267
8860001 3.57116
8870001 3.66865
8880001 3.56364
8890001 3.68966
8900001 3.5822
8910001 3.70996
8920001 3.55147
8930001 3.71352
8940001 3.60261
8950001 3.72537
8960001 3.61741
8970001 3.74364
8980001 3.59662
8990001 3.7501
9000001 3.63724
9010001 4.50708
9020001 6.83574
9030001 3.90779
9040001 4.4185
9050001 3.75902
9060001 6.1963
9070001 3.74287
9080001 3.97456
9090001 3.75571
9100001 3.73056
9110001 3.76194
9120001 4.8083
9130001 3.71989
9140001 4.21532
9150001 3.71371
9160001 6.22673
9170001 3.94478
9180001 4.4134
9190001 3.74056
9200001 3.81641
9210001 3.73681
9220001 3.69039
9230001 3.69818
9240001 3.69198
9250001 3.6294
9260001 3.65613
9270001 3.62569
9280001 3.66172
9290001 3.58484
9300001 3.66336
9310001 3.57033
9320001 3.68228
9330001 3.5769
9340001 3.69998
9350001 3.56632
9360001 3.70834
9370001 3.58987
9380001 3.72137
9390001 3.62324
9400001 3.74782
9410001 3.61226
9420001 3.73264
9430001 3.6191
9440001 4.78453
9450001 8.9778
9460001 4.34224
9470001 6.21841
9480001 3.78968
9490001 8.4273
9500001 3.75697
9510001 4.97006
9520001 3.75868
9530001 3.77788
9540001 3.77205
9550001 3.63653
9560001 3.73642
9570001 4.29108
9580001 3.75416
9590001 3.94019
9600001 4.17615
9610001 5.39939
9620001 3.79268
9630001 3.95534
9640001 3.72771
9650001 3.78402
9660001 3.71531
9670001 3.69957
9680001 3.64566
9690001 3.6749
9700001 3.63507
9710001 3.65707
9720001 3.59773
9730001 3.66063
9740001 3.57399
9750001 3.66186
9760001 3.58331
9770001 3.69307
9780001 3.58794
9790001 3.69793
9800001 3.56129
9810001 3.71133
9820001 3.5829
9830001 3.72067
9840001 3.59441
9850001 3.73068
9860001 3.60492
9870001 3.75221
9880001 3.64458
9890001 4.49916
9900001 6.83552
9910001 4.07994
9920001 5.01205
9930001 3.79549
9940001 6.20167
9950001 3.74515
9960001 4.34549
9970001 3.78091
9980001 3.73146
9990001 3.75006
10000001 5.73105
10010001 3.7367
10020001 4.19141
10030001 3.71596
10040001 7.99508
10050001 4.01082
10060001 4.40981
10070001 3.76161
10080001 3.86624
10090001 3.72811
10100001 3.72635
10110001 3.68293
10120001 3.68519
10130001 3.64104
10140001 3.66068
10150001 3.64801
10160001 3.66012
10170001 3.5993
10180001 3.6647
10190001 3.55327
10200001 3.66826
10210001 3.56099
10220001 3.69539
10230001 3.57176
10240001 3.71031
10250001 3.57919
10260001 3.71344
10270001 3.62683
10280001 3.75639
10290001 3.61118
10300001 3.74162
10310001 3.61731
10320001 3.74509
10330001 3.63449
10340001 4.51999
10350001 6.23163
10360001 3.89766
10370001 4.41604
10380001 3.7589
10390001 4.94438
10400001 3.77119
10410001 3.97079
10420001 3.75176
10430001 3.65182
10440001 3.72515
10450001 4.82272
10460001 3.71965
10470001 4.21689
10480001 4.153
10490001 6.2198
10500001 3.95123
10510001 3.94479
10520001 3.74991
10530001 3.82309
10540001 3.72486
10550001 3.68193
10560001 3.68037
10570001 3.6703
10580001 3.63523
10590001 3.65684
10600001 3.615
10610001 3.65587
10620001 3.57517
10630001 3.66059
10640001 3.57061
10650001 3.68505
10660001 3.57096
10670001 3.70608
10680001 3.56402
10690001 3.70955
10700001 3.59264
10710001 3.72214
10720001 3.60338
10730001 3.72369
10740001 3.60783
10750001 3.73291
10760001 3.62922
10770001 4.78649
10780001 8.97228
10790001 4.34244
10800001 5.01647
10810001 3.79139
10820001 8.42342
10830001 3.74932
10840001 4.35802
10850001 3.76791
10860001 3.77596
10870001 3.77292
10880001 3.62801
10890001 3.73563
10900001 4.28681
10910001 3.75164
10920001 3.9346
10930001 4.01247
10940001 5.39061
10950001 3.78237
10960001 3.86179
10970001 3.71861
10980001 3.7723
10990001 3.68511
11000001 3.69907
11010001 3.64221
11020001 3.67508
11030001 3.6222
11040001 3.66082
11050001 3.5992
11060001 3.66383
11070001 3.57004
11080001 3.66263
11090001 3.57626
11100001 3.68512
11110001 3.58617
11120001 3.71032
11130001 3.55433
11140001 3.71059
11150001 3.59364
11160001 3.72134
11170001 3.60696
11180001 3.74371
11190001 3.60731
11200001 3.75629
11210001 3.64154
11220001 4.50617
11230001 6.84495
11240001 4.08404
11250001 4.41989
11260001 3.75803
11270001 6.20052
11280001 3.74668
11290001 4.38098
11300001 3.75306
11310001 3.73335
11320001 3.74499
11330001 5.72588
11340001 3.71952
11350001 4.20726
11360001 3.71914
11370001 7.99691
11380001 3.94383
11390001 4.4121
11400001 3.75358
11410001 3.81351
11420001 3.73378
11430001 3.72715
11440001 3.68863
11450001 3.69094
11460001 3.64187
11470001 3.65726
11480001 3.63692
11490001 3.65991
11500001 3.57967
11510001 3.66617
11520001 3.56043
11530001 3.67908
11540001 3.561
11550001 3.6981
11560001 3.57198
11570001 3.70551
11580001 3.58459
11590001 3.71023
11600001 3.61132
11610001 3.74722
11620001 3.60418
11630001 3.72823
11640001 3.61431
11650001 3.7465
11660001 8.9727
11670001 4.34204
11680001 6.22672
11690001 3.90218
11700001 4.41592
11710001 3.75892
11720001 4.96443
11730001 3.77303
11740001 3.958
11750001 3.74384
11760001 3.63705
11770001 3.732
11780001 4.81835
11790001 3.74732
11800001 3.94004
11810001 4.15938
11820001 6.21807
11830001 3.79255
11840001 3.95201
11850001 3.74699
11860001 3.77039
11870001 3.70867
11880001 3.68095
11890001 3.65598
11900001 3.669
11910001 3.63669
11920001 3.65573
11930001 3.59513
11940001 3.65454
11950001 3.5717
11960001 3.66303
11970001 3.57116
11980001 3.68976
11990001 3.58673
12000001 3.69978
12010001 3.56549
12020001 3.71
12030001 3.59773
12040001 3.72364
12050001 3.61082
12060001 3.72478
12070001 3.61242
12080001 3.75233
12090001 3.64044
12100001 4.78798
12110001 8.95433
12120001 4.08439
12130001 5.01276
12140001 3.78358
12150001 8.42936
12160001 3.74733
12170001 4.34922
12180001 3.77151
12190001 3.78068
12200001 3.76008
12210001 5.7275
12220001 3.73606
12230001 4.29077
12240001 3.72924
12250001 8.00143
12260001 4.00102
12270001 5.39351
12280001 3.76116
12290001 3.85482
12300001 3.72041
12310001 3.73297
12320001 3.66965
12330001 3.70328
12340001 3.64063
12350001 3.67694
12360001 3.642
12370001 3.65892
12380001 3.5951
12390001 3.66112
12400001 3.56974
12410001 3.66748
12420001 3.56243
12430001 3.68867
12440001 3.58669
12450001 3.70844
12460001 3.55202
12470001 3.71181
12480001 3.60074
12490001 3.7266
12500001 3.61552
12510001 3.74188
12520001 3.591
12530001 3.74737
12540001 3.63794
12550001 4.50429
12560001 6.83136
12570001 3.90696
12580001 4.41775
12590001 3.757
12600001 6.19494
12610001 3.74599
12620001 3.97305
12630001 3.75221
12640001 3.72861
12650001 3.7569
12660001 4.81191
12670001 3.71866
12680001 4.21206
12690001 3.7066
12700001 6.22498
12710001 3.94442
12720001 4.41254
12730001 3.7424
12740001 3.81504
12750001 3.73641
12760001 3.68681
12770001 3.69769
12780001 3.69053
12790001 3.62805
12800001 3.65461
12810001 3.62399
12820001 3.65849
12830001 3.5843
12840001 3.66299
12850001 3.57177
12860001 3.68104
12870001 3.58
12880001 3.70103
12890001 3.56527
12900001 3.70703
12910001 3.58676
12920001 3.72001
12930001 3.62179
12940001 3.74353
12950001 3.61345
12960001 3.73167
12970001 3.61954
12980001 4.78361
12990001 8.97779
13000001 4.34057
13010001 6.21749
13020001 3.79587
13030001 8.42584
13040001 3.75598
13050001 4.9713
13060001 3.76093
13070001 3.77435
13080001 3.77066
13090001 3.63502
13100001 3.73325
13110001 4.29203
13120001 3.75419
13130001 3.93767
13140001 4.17617
13150001 5.39612
13160001 3.79124
13170001 3.95372
13180001 3.72243
13190001 3.78006
13200001 3.71414
13210001 3.69733
13220001 3.64472
13230001 3.672
13240001 3.63422
13250001 3.65533
13260001 3.59664
13270001 3.66001
13280001 3.57273
13290001 3.66073
13300001 3.5814
13310001 3.6922
13320001 3.5865
13330001 3.69745
13340001 3.55985
13350001 3.70995
13360001 3.58623
13370001 3.71951
13380001 3.59331
13390001 3.72824
13400001 3.6044
13410001 3.7515
13420001 3.64595
13430001 4.496
13440001 6.83527
13450001 4.07992
13460001 5.01214
13470001 3.78344
13480001 6.20112
13490001 3.74443
13500001 4.34408
13510001 3.77849
13520001 3.7285
13530001 3.74914
13540001 5.73
13550001 3.73227
13560001 4.19217
13570001 3.71511
13580001 7.99473
13590001 4.00823
13600001 4.40855
13610001 3.76085
13620001 3.86535
13630001 3.72825
13640001 3.72503
13650001 3.68192
13660001 3.68431
13670001 3.64003
13680001 3.65964
13690001 3.64993
13700001 3.66013
13710001 3.59782
13720001 3.66499
13730001 3.55253
13740001 3.66758
13750001 3.56021
13760001 3.69458
13770001 3.57092
13780001 3.70942
13790001 3.57811
13800001 3.71228
13810001 3.62508
13820001 3.75499
13830001 3.60978
13840001 3.74274
13850001 3.61567
13860001 3.74399
13870001 3.63337
13880001 4.51707
13890001 6.2323
13900001 3.89673
13910001 4.41657
13920001 3.76219
13930001 4.9464
13940001 3.76958
13950001 3.96903
13960001 3.74852
13970001 3.65281
13980001 3.72522
13990001 4.82301
14000001 3.71986
14010001 4.21814
14020001 4.14984
14030001 6.21885
14040001 3.95091
14050001 3.93782
14060001 3.74924
14070001 3.82144
14080001 3.71737
14090001 3.68099
14100001 3.67777
14110001 3.6692
14120001 3.63559
14130001 3.65572
14140001 3.61451
14150001 3.65476
14160001 3.57359
14170001 3.65928
14180001 3.56866
14190001 3.68535
14200001 3.56999
14210001 3.70463
14220001 3.56328
14230001 3.7082
14240001 3.59266
14250001 3.7215
14260001 3.60182
14270001 3.72261
14280001 3.6074
14290001 3.73477
14300001 3.6304
14310001 4.78628
14320001 8.97255
14330001 4.33755
14340001 5.01532
14350001 3.79069
14360001 8.42385
14370001 3.75084
14380001 4.35959
14390001 3.76774
14400001 3.77554
14410001 3.7712
14420001 3.62719
14430001 3.73223
14440001 4.28592
14450001 3.75088
14460001 3.92896
14470001 4.00999
14480001 5.38999
14490001 3.78279
14500001 3.86025
14510001 3.71868
14520001 3.77234
14530001 3.67928
14540001 3.69831
14550001 3.64162
14560001 3.67512
14570001 3.61923
14580001 3.65963
14590001 3.59721
14600001 3.66255
14610001 3.56737
14620001 3.66506
14630001 3.57385
14640001 3.68456
14650001 3.58494
14660001 3.70837
14670001 3.55342
14680001 3.7111
14690001 3.59456
14700001 3.7205
14710001 3.60424
14720001 3.74303
14730001 3.60549
14740001 3.75383
14750001 3.64178
14760001 4.50672
14770001 6.84358
14780001 4.08206
14790001 4.41754
14800001 3.75778
14810001 6.19981
14820001 3.74706
14830001 4.37749
14840001 3.74985
14850001 3.73092
14860001 3.7441
14870001 5.72729
14880001 3.72047
14890001 4.2067
14900001 3.71948
14910001 7.99634
14920001 3.94236
14930001 4.41169
14940001 3.75395
14950001 3.81414
14960001 3.73372
14970001 3.72668
14980001 3.68792
14990001 3.69018
15000001 3.64132
15010001 3.6566
15020001 3.63833
15030001 3.65938
15040001 3.57876
15050001 3.66553
15060001 3.56038
15070001 3.67901
15080001 3.56125
15090001 3.69832
15100001 3.5706
15110001 3.70491
15120001 3.58348
15130001 3.71159
15140001 3.61054
15150001 3.74549
15160001 3.60198
15170001 3.72764
15180001 3.61458
15190001 3.74667
15200001 8.9725
15210001 4.34198
15220001 6.22584
15230001 3.90314
15240001 8.44096
15250001 3.75531
15260001 4.96403
15270001 3.77086
15280001 3.95473
15290001 3.74608
15300001 3.6374
15310001 3.731
15320001 4.82138
15330001 3.74755
15340001 3.93838
15350001 4.16012
15360001 6.2207
15370001 3.78991
15380001 3.95158
15390001 3.74668
15400001 3.78019
15410001 3.70818
15420001 3.68049
15430001 3.65251
15440001 3.6689
15450001 3.63617
15460001 3.65506
15470001 3.59594
15480001 3.6541
15490001 3.57032
15500001 3.66225
15510001 3.56752
15520001 3.68922
15530001 3.58546
15540001 3.69898
15550001 3.56359
15560001 3.70939
15570001 3.59477
15580001 3.72151
15590001 3.6088
15600001 3.7237
15610001 3.61043
15620001 3.75047
15630001 3.64025
15640001 4.78716
15650001 8.96706
15660001 4.08054
15670001 5.01237
15680001 3.78285
15690001 8.4285
15700001 3.74482
15710001 4.34745
15720001 3.77142
15730001 3.77954
15740001 3.75754
15750001 5.72679
15760001 3.73488
15770001 4.29032
15780001 3.73063
15790001 8.00016
15800001 4.00044
15810001 5.39248
15820001 3.76054
15830001 3.85401
15840001 3.71941
15850001 3.73086
15860001 3.66958
15870001 3.70263
15880001 3.64007
15890001 3.67672
15900001 3.64173
15910001 3.65933
15920001 3.59466
15930001 3.66064
15940001 3.56982
15950001 3.6671
15960001 3.55766
15970001 3.68813
15980001 3.58452
15990001 3.70808
16000001 3.55514
16010001 3.71124
16020001 3.59796
16030001 3.72546
16040001 3.61398
16050001 3.74132
16060001 3.5865
16070001 3.74713
16080001 3.63703
16090001 4.50381
16100001 6.82891
16110001 3.90777
16120001 4.41843
16130001 3.75686
16140001 6.1949
16150001 3.742
16160001 3.97082
16170001 3.7516
16180001 3.72884
16190001 3.75479
16200001 4.81034
16210001 3.71838
16220001 4.21102
16230001 3.70526
16240001 6.2256
16250001 3.9448
16260001 4.41242
16270001 3.75145
16280001 3.8175
16290001 3.73671
16300001 3.68513
16310001 3.69772
16320001 3.69008
16330001 3.62769
16340001 3.65408
16350001 3.62311
16360001 3.65622
16370001 3.58472
16380001 3.66203
16390001 3.5723
16400001 3.68056
16410001 3.57939
16420001 3.70146
16430001 3.56427
16440001 3.7065
16450001 3.58834
16460001 3.71906
16470001 3.62009
16480001 3.74119
16490001 3.61387
16500001 3.73253
16510001 3.61819
16520001 4.78828
16530001 8.97815
16540001 4.34068
16550001 6.21543
16560001 3.7896
16570001 8.42485
16580001 3.7558
16590001 4.97138
16600001 3.7625
16610001 3.77197
16620001 3.7698
16630001 3.63463
16640001 3.7401
16650001 4.29185
16660001 3.75367
16670001 3.93693
16680001 4.1763
16690001 5.39411
16700001 3.78826
16710001 3.9537
16720001 3.71662
16730001 3.77883
16740001 3.71276
16750001 3.69771
16760001 3.64432
16770001 3.67054
16780001 3.63378
16790001 3.65316
16800001 3.59679
16810001 3.65913
16820001 3.57136
16830001 3.66053
16840001 3.58027
16850001 3.69179
16860001 3.58577
16870001 3.69683
16880001 3.56019
16890001 3.70954
16900001 3.58397
16910001 3.71808
16920001 3.59215
16930001 3.72656
16940001 3.60354
16950001 3.75121
16960001 3.6474
16970001 4.49894
16980001 6.83521
16990001 4.07753
17000001 5.01144
17010001 3.76377
17020001 6.20085
17030001 3.74361
17040001 4.34436
17050001 3.78281
17060001 3.72832
17070001 3.74831
17080001 5.72863
17090001 3.73015
17100001 4.19711
17110001 3.71291
17120001 7.99441
17130001 4.00707
17140001 4.40805
17150001 3.76014
17160001 3.86486
17170001 3.7234
17180001 3.72434
17190001 3.68181
17200001 3.6841
17210001 3.63945
17220001 3.65926
17230001 3.65225
17240001 3.6608
17250001 3.59765
17260001 3.66478
17270001 3.5521
17280001 3.66716
17290001 3.56067
17300001 3.69427
17310001 3.57026
17320001 3.70891
17330001 3.57759
17340001 3.712
17350001 3.62272
17360001 3.75488
17370001 3.60866
17380001 3.73896
17390001 3.61448
17400001 3.74265
17410001 3.63189
17420001 4.51351
17430001 6.23321
17440001 3.89621
17450001 4.41586
17460001 3.76108
17470001 4.9479
17480001 3.76955
17490001 3.96914
17500001 3.74811
17510001 3.65027
17520001 3.72615
17530001 4.82302
17540001 3.71942
17550001 4.21054
17560001 4.14782
17570001 6.21912
17580001 3.95192
17590001 3.9363
17600001 3.74907
17610001 3.82227
17620001 3.70933
17630001 3.68036
17640001 3.67639
17650001 3.66979
17660001 3.637
17670001 3.65548
17680001 3.61388
17690001 3.65413
17700001 3.57514
17710001 3.65901
17720001 3.56815
17730001 3.68663
17740001 3.56955
17750001 3.70004
17760001 3.56335
17770001 3.70897
17780001 3.59295
17790001 3.72158
17800001 3.59942
17810001 3.72132
17820001 3.6062
17830001 3.7372
17840001 3.62947
17850001 4.78655
17860001 8.97215
17870001 4.33674
17880001 5.01564
17890001 3.79095
17900001 8.42435
17910001 3.75114
17920001 4.35907
17930001 3.76854
17940001 3.77732
17950001 3.77144
17960001 3.63102
17970001 3.73103
17980001 4.28559
17990001 3.74979
18000001 3.92936
18010001 4.0089
18020001 5.3898
18030001 3.78465
18040001 3.86178
18050001 3.71931
18060001 3.77311
18070001 3.67636
18080001 3.69797
18090001 3.6412
18100001 3.67485
18110001 3.61973
18120001 3.65894
18130001 3.59534
18140001 3.6622
18150001 3.56541
18160001 3.66499
18170001 3.57311
18180001 3.68441
18190001 3.5839
18200001 3.70719
18210001 3.55314
18220001 3.70976
18230001 3.59503
18240001 3.71986
18250001 3.60133
18260001 3.74284
18270001 3.60526
18280001 3.75344
18290001 3.6368
18300001 4.50616
18310001 6.84205
18320001 4.08114
18330001 4.41904
18340001 3.75768
18350001 6.19966
18360001 3.74559
18370001 4.3744
18380001 3.74853
18390001 3.73044
18400001 3.74449
18410001 5.72729
18420001 3.72635
18430001 4.2068
18440001 3.71991
18450001 7.99318
18460001 3.94282
18470001 4.41123
18480001 3.7538
18490001 3.80971
18500001 3.7327
18510001 3.72684
18520001 3.6875
18530001 3.68989
18540001 3.63675
18550001 3.6562
18560001 3.63696
18570001 3.6592
18580001 3.57822
18590001 3.66463
18600001 3.55987
18610001 3.67867
18620001 3.56156
18630001 3.69786
18640001 3.57191
18650001 3.70451
18660001 3.58181
18670001 3.7181
18680001 3.61107
18690001 3.74484
18700001 3.60073
18710001 3.72758
18720001 3.61466
18730001 3.74589
18740001 8.97493
18750001 4.34273
18760001 6.22521
18770001 3.90536
18780001 8.41876
18790001 3.75434
18800001 4.96293
18810001 3.77031
18820001 3.95213
18830001 3.74184
18840001 3.63714
18850001 3.73
18860001 4.82636
18870001 3.75175
18880001 3.9396
18890001 4.16112
18900001 6.22229
18910001 3.79294
18920001 3.95122
18930001 3.74687
18940001 3.78381
18950001 3.70694
18960001 3.68029
18970001 3.6492
18980001 3.66883
18990001 3.6373
19000001 3.6548
19010001 3.5951
19020001 3.65391
19030001 3.56984
19040001 3.66192
19050001 3.56806
19060001 3.68902
19070001 3.58975
19080001 3.69874
19090001 3.56366
19100001 3.70915
19110001 3.59274
19120001 3.72157
19130001 3.60776
19140001 3.72325
19150001 3.61324
19160001 3.75042
19170001 3.6397
19180001 4.78645
19190001 6.84611
19200001 4.07965
19210001 5.01291
19220001 3.78244
19230001 8.43224
19240001 3.75201
19250001 4.34622
19260001 3.77084
19270001 3.77882
19280001 3.75323
19290001 5.72668
19300001 3.73464
19310001 4.29313
19320001 3.73467
19330001 7.99757
19340001 4.00091
19350001 5.39344
19360001 3.75658
19370001 3.85407
19380001 3.71861
19390001 3.73126
19400001 3.66894
19410001 3.7032
19420001 3.63967
19430001 3.67679
19440001 3.64439
19450001 3.65941
19460001 3.59435
19470001 3.66067
19480001 3.56977
19490001 3.66702
19500001 3.56106
19510001 3.68726
19520001 3.58332
19530001 3.70774
19540001 3.55439
19550001 3.71102
19560001 3.59737
19570001 3.72351
19580001 3.61376
19590001 3.74092
19600001 3.58544
19610001 3.74496
19620001 3.63575
19630001 4.50282
19640001 6.82103
19650001 3.90636
19660001 4.4173
19670001 3.75654
19680001 6.19542
19690001 3.74489
19700001 3.97044
19710001 3.7507
19720001 3.72891
19730001 3.751
19740001 4.80887
19750001 3.71833
19760001 4.20956
19770001 3.70776
19780001 6.22348
19790001 3.94431
19800001 4.41263
19810001 3.75826
19820001 3.81733
19830001 3.73765
19840001 3.68558
19850001 3.6969
19860001 3.69034
19870001 3.62763
19880001 3.65459
19890001 3.62256
19900001 3.65535
19910001 3.58684
19920001 3.66074
19930001 3.57065
19940001 3.68018
19950001 3.57853
19960001 3.70116
19970001 3.56406
19980001 3.70624
19990001 3.58755
20000001 3.7187
20010001 3.62102
20020001 3.74087
20030001 3.61208
20040001 3.73222
20050001 3.6269
20060001 4.78715
20070001 8.97808
20080001 4.34094
20090001 6.21545
20100001 3.78704
20110001 8.42539
20120001 3.75595
20130001 4.96923
20140001 3.76025
20150001 3.77237
20160001 3.7701
20170001 3.63418
20180001 3.73496
20190001 4.29358
20200001 3.75303
20210001 3.93614
20220001 4.17352
20230001 5.39203
20240001 3.78698
20250001 3.95368
20260001 3.7152
20270001 3.77839
20280001 3.71086
20290001 3.69629
20300001 3.64386
20310001 3.66824
20320001 3.63296
20330001 3.65437
20340001 3.59626
20350001 3.65908
20360001 3.57016
20370001 3.66077
20380001 3.57928
20390001 3.69192
20400001 3.58551
20410001 3.69629
20420001 3.55899
20430001 3.70931
20440001 3.59043
20450001 3.71725
20460001 3.59215
20470001 3.72652
20480001 3.60429
20490001 3.752
20500001 3.65055
20510001 4.49522
20520001 6.83466
20530001 4.07623
20540001 5.0133
20550001 3.76078
20560001 6.20076
20570001 3.74333
20580001 4.34469
20590001 3.77985
20600001 3.72595
20610001 3.7472
20620001 5.72804
20630001 3.72217
20640001 4.1946
20650001 3.71156
20660001 7.99439
20670001 4.01162
20680001 4.40788
20690001 3.75998
20700001 3.86388
20710001 3.73133
20720001 3.72412
20730001 3.68084
20740001 3.68406
20750001 3.63921
20760001 3.65933
20770001 3.65191
20780001 3.66044
20790001 3.59745
20800001 3.66714
20810001 3.5529
20820001 3.66707
20830001 3.56103
20840001 3.6942
20850001 3.57071
20860001 3.70888
20870001 3.57729
20880001 3.71173
20890001 3.62437
20900001 3.75456
20910001 3.60843
20920001 3.74203
20930001 3.61284
20940001 3.74284
20950001 3.63219
20960001 4.35185
20970001 6.23432
20980001 3.89576
20990001 4.41511
21000001 3.75992
21010001 4.94633
21020001 3.76983
21030001 3.9688
21040001 3.74692
21050001 3.64996
21060001 3.7254
21070001 4.82286
21080001 3.72002
21090001 4.19598
21100001 4.14781
21110001 6.21964
21120001 3.95231
21130001 3.93741
21140001 3.7486
21150001 3.8213
21160001 3.70961
21170001 3.68008
21180001 3.6759
21190001 3.67076
21200001 3.6387
21210001 3.65558
21220001 3.61147
21230001 3.65369
21240001 3.57483
21250001 3.65845
21260001 3.56814
21270001 3.68884
21280001 3.56927
21290001 3.69914
21300001 3.56336
21310001 3.70858
21320001 3.593
21330001 3.7214
21340001 3.59694
21350001 3.72098
21360001 3.60622
21370001 3.73383
21380001 3.63094
21390001 4.78684
21400001 8.97196
21410001 4.3339
21420001 5.01601
21430001 3.79086
21440001 8.42407
21450001 3.75092
21460001 4.3579
21470001 3.76739
21480001 3.77726
21490001 3.77089
21500001 3.6257
21510001 3.73312
21520001 4.28539
21530001 3.74945
21540001 3.9224
21550001 4.00987
21560001 5.38978
21570001 3.78303
21580001 3.85935
21590001 3.72032
21600001 3.77342
21610001 3.67451
21620001 3.69772
21630001 3.64288
21640001 3.67418
21650001 3.62142
21660001 3.65854
21670001 3.59571
21680001 3.66222
21690001 3.56453
21700001 3.66478
21710001 3.57148
21720001 3.68427
21730001 3.58395
21740001 3.70694
21750001 3.55303
21760001 3.70831
21770001 3.59461
21780001 3.72017
21790001 3.60176
21800001 3.74281
21810001 3.60453
21820001 3.75285
21830001 3.6381
21840001 4.5067
21850001 6.84224
21860001 4.08261
21870001 4.41812
21880001 3.75755
21890001 6.20009
21900001 3.74502
21910001 4.3698
21920001 3.75023
21930001 3.72952
21940001 3.74417
21950001 5.72924
21960001 3.72219
21970001 4.20882
21980001 3.71933
21990001 7.99151
22000001 3.93978
22010001 4.41104
22020001 3.75336
22030001 3.81107
22040001 3.73237
22050001 3.7256
22060001 3.68674
22070001 3.68958
22080001 3.63389
22090001 3.65604
22100001 3.637
22110001 3.6595
22120001 3.57828
22130001 3.66421
22140001 3.55911
22150001 3.67877
22160001 3.56235
22170001 3.69903
22180001 3.57103
22190001 3.70436
22200001 3.58104
22210001 3.71036
22220001 3.61278
22230001 3.74405
22240001 3.6057
22250001 3.72749
22260001 3.61463
22270001 3.74602
22280001 8.975
22290001 4.34308
22300001 6.22449
22310001 3.90343
22320001 8.41808
22330001 3.75542
22340001 4.96221
22350001 3.77007
22360001 3.95383
22370001 3.74634
22380001 3.63589
22390001 3.73025
22400001 4.82614
22410001 3.74961
22420001 3.94239
22430001 4.16022
22440001 6.2227
22450001 3.78726
22460001 3.95097
22470001 3.7463
22480001 3.77942
22490001 3.70639
22500001 3.68044
22510001 3.64702
22520001 3.66883
22530001 3.63664
22540001 3.65461
22550001 3.59492
22560001 3.6538
22570001 3.56975
22580001 3.66151
22590001 3.56592
22600001 3.68888
22610001 3.58934
22620001 3.69876
22630001 3.56099
22640001 3.70896
22650001 3.5948
22660001 3.71808
22670001 3.60741
22680001 3.72323
22690001 3.61478
22700001 3.75016
22710001 3.63932
22720001 4.78576
22730001 6.84482
22740001 4.07966
22750001 5.01147
22760001 3.78304
22770001 8.43476
22780001 3.74993
22790001 4.3458
22800001 3.77024
22810001 3.77823
22820001 3.75554
22830001 5.72765
22840001 3.73531
22850001 4.29169
22860001 3.73427
22870001 7.9964
22880001 4.00169
22890001 5.39296
22900001 3.75455
22910001 3.85424
22920001 3.7173
22930001 3.73072
22940001 3.66823
22950001 3.70349
22960001 3.63989
22970001 3.67683
22980001 3.64725
22990001 3.65914
23000001 3.59439
23010001 3.66018
23020001 3.57113
23030001 3.66686
23040001 3.55912
23050001 3.68745
23060001 3.58274
23070001 3.7077
23080001 3.55644
23090001 3.71127
23100001 3.59763
23110001 3.71974
23120001 3.61362
23130001 3.74081
23140001 3.58722
23150001 3.7432
23160001 3.63592
23170001 4.50296
23180001 6.82548
23190001 3.90376
23200001 4.41726
23210001 3.75642
23220001 6.19916
23230001 3.74711
23240001 3.96974
23250001 3.75051
23260001 3.7288
23270001 3.75031
23280001 4.81042
23290001 3.71959
23300001 4.20988
23310001 3.71169
23320001 6.22261
23330001 3.9445
23340001 4.41269
23350001 3.75908
23360001 3.81745
23370001 3.73592
23380001 3.68361
23390001 3.69714
23400001 3.6918
23410001 3.62726
23420001 3.65668
23430001 3.62228
23440001 3.65451
23450001 3.58855
23460001 3.66006
23470001 3.5704
23480001 3.67999
23490001 3.57575
23500001 3.70163
23510001 3.56364
23520001 3.706
23530001 3.58802
23540001 3.71832
23550001 3.62027
23560001 3.73842
23570001 3.61191
23580001 3.73171
23590001 3.62619
23600001 4.78509
23610001 8.97812
23620001 4.34127
23630001 6.21321
23640001 3.79138
23650001 8.42511
23660001 3.75511
23670001 4.9668
23680001 3.75401
23690001 3.77105
23700001 3.77031
23710001 3.63409
23720001 3.73335
23730001 4.28961
23740001 3.75256
23750001 3.93431
23760001 4.17614
23770001 5.38915
23780001 3.78677
23790001 3.95298
23800001 3.71516
23810001 3.77814
23820001 3.71155
23830001 3.6963
23840001 3.64353
23850001 3.66991
23860001 3.63286
23870001 3.65345
23880001 3.59579
23890001 3.65907
23900001 3.56968
23910001 3.66046
23920001 3.5796
23930001 3.69169
23940001 3.58538
23950001 3.69615
23960001 3.55774
23970001 3.70919
23980001 3.588
23990001 3.71751
24000001 3.59307
24010001 3.72631
24020001 3.60235
24030001 3.75302
24040001 3.64799
24050001 4.49622
24060001 6.8341
24070001 4.07571
24080001 5.01904
24090001 3.76073
24100001 6.20055
24110001 3.74307
24120001 4.34546
24130001 3.77821
24140001 3.72503
24150001 3.74551
24160001 5.72822
24170001 3.71994
24180001 4.19306
24190001 3.71083
24200001 7.99413
24210001 4.0072
24220001 4.40724
24230001 3.75994
24240001 3.86287
24250001 3.7356
24260001 3.72433
24270001 3.68278
24280001 3.68432
24290001 3.63901
24300001 3.65926
24310001 3.65132
24320001 3.65953
24330001 3.59511
24340001 3.66688
24350001 3.5535
24360001 3.66699
24370001 3.56122
24380001 3.6943
24390001 3.57109
24400001 3.70853
24410001 3.57721
24420001 3.71132
24430001 3.6207
24440001 3.75468
24450001 3.60757
24460001 3.74466
24470001 3.6149
24480001 3.7433
24490001 3.63773
24500001 4.34884
24510001 6.23345
24520001 3.89663
24530001 4.41461
24540001 3.7606
24550001 4.94646
24560001 3.77027
24570001 3.96934
24580001 3.74785
24590001 3.65005
24600001 3.72584
24610001 4.82242
24620001 3.72011
24630001 3.95601
24640001 4.14855
24650001 6.2196
24660001 3.95136
24670001 3.94424
24680001 3.74808
24690001 3.82105
24700001 3.71048
24710001 3.67993
24720001 3.6756
24730001 3.67194
24740001 3.63779
24750001 3.65507
24760001 3.60968
24770001 3.65415
24780001 3.57598
24790001 3.65835
24800001 3.56706
24810001 3.68872
24820001 3.56898
24830001 3.69775
24840001 3.56345
24850001 3.70988
24860001 3.59386
24870001 3.72168
24880001 3.5974
24890001 3.72082
24900001 3.60771
24910001 3.73267
24920001 3.6317
24930001 4.7865
24940001 8.97014
24950001 4.33536
24960001 5.01518
24970001 3.79103
24980001 8.42411
24990001 3.74604
25000001 4.35862
25010001 3.7669
25020001 3.77897
25030001 3.77131
25040001 3.62489
25050001 3.73567
25060001 4.28623
25070001 3.75043
25080001 3.92169
25090001 4.0067
25100001 5.38992
25110001 3.7844
25120001 3.85655
25130001 3.72104
25140001 3.77221
25150001 3.67292
25160001 3.69761
25170001 3.64384
25180001 3.67453
25190001 3.62218
25200001 3.65881
25210001 3.59473
25220001 3.66194
25230001 3.564
25240001 3.66425
25250001 3.57074
25260001 3.6842
25270001 3.58622
25280001 3.70644
25290001 3.55265
25300001 3.7072
25310001 3.59383
25320001 3.72037
25330001 3.60669
25340001 3.74282
25350001 3.60366
25360001 3.75149
25370001 3.63777
25380001 4.50634
25390001 6.84391
25400001 4.08224
25410001 4.41746
25420001 3.75731
25430001 6.19995
25440001 3.74539
25450001 3.9544
25460001 3.74856
25470001 3.73025
25480001 3.74266
25490001 5.72792
25500001 3.72152
25510001 4.20908
25520001 3.71953
25530001 7.99021
25540001 3.93886
25550001 4.41084
25560001 3.75182
25570001 3.81106
25580001 3.73113
25590001 3.72504
25600001 3.68952
25610001 3.68973
25620001 3.62691
25630001 3.65608
25640001 3.63877
25650001 3.65925
25660001 3.578
25670001 3.66628
25680001 3.55894
25690001 3.67888
25700001 3.5626
25710001 3.69908
25720001 3.57022
25730001 3.70472
25740001 3.58131
25750001 3.7133
25760001 3.61242
25770001 3.74377
25780001 3.61437
25790001 3.72746
25800001 3.61422
25810001 3.74503
25820001 8.976
25830001 4.34499
25840001 6.22363
25850001 3.89481
25860001 8.42299
25870001 3.75434
25880001 4.96234
25890001 3.77039
25900001 3.95594
25910001 3.74661
25920001 3.63557
25930001 3.72948
25940001 4.82923
25950001 3.74662
25960001 3.94242
25970001 4.15919
25980001 6.22236
25990001 3.7866
26000001 3.95115
26010001 3.74706
26020001 3.77776
26030001 3.7061
26040001 3.68052
26050001 3.64648
26060001 3.66899
26070001 3.63565
26080001 3.65493
26090001 3.59516
26100001 3.65384
26110001 3.5695
26120001 3.66164
26130001 3.56514
26140001 3.68878
26150001 3.5884
26160001 3.69851
26170001 3.56041
26180001 3.70895
26190001 3.59509
26200001 3.7162
26210001 3.60775
26220001 3.72358
26230001 3.61231
26240001 3.7505
26250001 3.64104
26260001 4.78617
26270001 6.84513
26280001 4.08054
26290001 5.01055
26300001 3.78322
26310001 8.43924
26320001 3.74482
26330001 4.34396
26340001 3.76966
26350001 3.7774
26360001 3.75005
26370001 5.72743
26380001 3.73481
26390001 4.29064
26400001 3.72899
26410001 7.99564
26420001 4.00189
26430001 5.39268
26440001 3.75931
26450001 3.85439
26460001 3.7175
26470001 3.72908
26480001 3.66814
26490001 3.70331
26500001 3.64019
26510001 3.67748
26520001 3.64428
26530001 3.65986
26540001 3.59465
26550001 3.66041
26560001 3.57083
26570001 3.66644
26580001 3.56109
26590001 3.68698
26600001 3.58193
26610001 3.70744
26620001 3.56088
26630001 3.71151
26640001 3.59762
26650001 3.71995
26660001 3.61187
26670001 3.74082
26680001 3.58708
26690001 3.74294
26700001 3.63424
26710001 4.50273
26720001 6.8355
26730001 3.90376
26740001 4.41759
26750001 3.75651
26760001 6.19824
26770001 3.75356
26780001 3.97136
26790001 3.75066
26800001 3.73052
26810001 3.75557
26820001 4.81031
26830001 3.71972
26840001 4.21074
26850001 3.71105
26860001 6.22407
26870001 3.94387
26880001 4.41279
26890001 3.75875
26900001 3.81911
26910001 3.73675
26920001 3.68146
26930001 3.69763
26940001 3.69641
26950001 3.62694
26960001 3.65568
26970001 3.62233
26980001 3.65378
26990001 3.58959
27000001 3.65942
27010001 3.57099
27020001 3.67963
27030001 3.57291
27040001 3.70133
27050001 3.56254
27060001 3.70588
27070001 3.58946
27080001 3.71817
27090001 3.6204
27100001 3.73733
27110001 3.61084
27120001 3.73212
27130001 3.62396
27140001 4.78511
27150001 8.97798
27160001 4.3404
27170001 6.22029
27180001 3.78963
27190001 8.42594
27200001 3.75498
27210001 4.96764
27220001 3.77301
27230001 3.77144
27240001 3.77051
27250001 3.63402
27260001 3.73016
27270001 4.28771
27280001 3.75135
27290001 3.93248
27300001 4.17572
27310001 5.38886
27320001 3.78769
27330001 3.95327
27340001 3.71308
27350001 3.77824
27360001 3.70911
27370001 3.6962
27380001 3.64334
27390001 3.67041
27400001 3.63168
27410001 3.6544
27420001 3.59533
27430001 3.65894
27440001 3.56824
27450001 3.65994
27460001 3.57636
27470001 3.69208
27480001 3.5857
27490001 3.69639
27500001 3.55645
27510001 3.70908
27520001 3.58494
27530001 3.71718
27540001 3.59378
27550001 3.73338
27560001 3.60221
27570001 3.75223
27580001 3.64768
27590001 4.494
27600001 6.83454
27610001 4.07528
27620001 5.02009
27630001 3.76176
27640001 6.20073
27650001 3.74411
27660001 4.34489
27670001 3.77555
27680001 3.72471
27690001 3.74431
27700001 5.72792
27710001 3.71989
27720001 4.19355
27730001 3.71038
27740001 7.994
27750001 4.00951
27760001 4.4067
27770001 3.75992
27780001 3.86207
27790001 3.73129
27800001 3.72449
27810001 3.68278
27820001 3.68427
27830001 3.63883
27840001 3.65928
27850001 3.65092
27860001 3.65923
27870001 3.59698
27880001 3.66589
27890001 3.55368
27900001 3.66714
27910001 3.56122
27920001 3.69377
27930001 3.57056
27940001 3.70765
27950001 3.57717
27960001 3.71139
27970001 3.61971
27980001 3.75452
27990001 3.60697
28000001 3.74528
28010001 3.61643
28020001 3.74386
28030001 3.63952
28040001 4.34255
28050001 6.2353
28060001 3.89695
28070001 4.41451
28080001 3.75748
28090001 4.94778
28100001 3.77065
28110001 3.96977
28120001 3.749
28130001 3.64648
28140001 3.72586
28150001 4.82113
28160001 3.72016
28170001 3.9567
28180001 4.14913
28190001 6.21954
28200001 3.94731
28210001 3.94576
28220001 3.74773
28230001 3.82276
28240001 3.71018
28250001 3.67931
28260001 3.67361
28270001 3.67073
28280001 3.63718
28290001 3.65504
28300001 3.6086
28310001 3.65406
28320001 3.57798
28330001 3.65784
28340001 3.56626
28350001 3.69064
28360001 3.56908
28370001 3.69786
28380001 3.56286
28390001 3.71265
28400001 3.59449
28410001 3.72154
28420001 3.5945
28430001 3.72031
28440001 3.60969
28450001 3.73654
28460001 3.63703
28470001 4.78574
28480001 8.97044
28490001 4.33946
28500001 5.01479
28510001 3.79106
28520001 8.42329
28530001 3.74407
28540001 4.35656
28550001 3.76688
28560001 3.77937
28570001 3.77087
28580001 3.6321
28590001 3.73297
28600001 4.28747
28610001 3.75176
28620001 3.9204
28630001 4.0056
28640001 5.38984
28650001 3.78
28660001 3.8508
28670001 3.72072
28680001 3.77273
28690001 3.67248
28700001 3.6975
28710001 3.64444
28720001 3.67458
28730001 3.6198
28740001 3.65973
28750001 3.59375
28760001 3.66208
28770001 3.56355
28780001 3.66309
28790001 3.57069
28800001 3.68412
28810001 3.58575
28820001 3.70639
28830001 3.55245
28840001 3.7092
28850001 3.59519
28860001 3.71983
28870001 3.6141
28880001 3.74278
28890001 3.60296
28900001 3.7486
28910001 3.63501
28920001 4.50653
28930001 6.84401
28940001 4.08181
28950001 4.41913
28960001 3.75699
28970001 6.19991
28980001 3.74603
28990001 3.95103
29000001 3.7521
29010001 3.7308
29020001 3.74302
29030001 5.72397
29040001 3.72071
29050001 4.20808
29060001 3.7189
29070001 7.9874
29080001 3.93868
29090001 4.41084
29100001 3.75073
29110001 3.80856
29120001 3.73065
29130001 3.72427
29140001 3.69046
29150001 3.69031
29160001 3.62741
29170001 3.65628
29180001 3.63852
29190001 3.65922
29200001 3.57774
29210001 3.66676
29220001 3.55891
29230001 3.68051
29240001 3.56164
29250001 3.69862
29260001 3.57144
29270001 3.70454
29280001 3.58226
29290001 3.71274
29300001 3.61032
29310001 3.74394
29320001 3.61332
29330001 3.7275
29340001 3.61377
29350001 3.74495
29360001 8.97669
29370001 4.34436
29380001 6.22178
29390001 3.89421
29400001 8.42396
29410001 3.75308
29420001 4.9624
29430001 3.77028
29440001 3.94908
29450001 3.74413
29460001 3.63539
29470001 3.72898
29480001 4.8285
29490001 3.74437
29500001 3.94254
29510001 4.15875
29520001 6.22252
29530001 3.78842
29540001 3.95096
29550001 3.74816
29560001 3.77957
29570001 3.70577
29580001 3.68029
29590001 3.64785
29600001 3.66858
29610001 3.63451
29620001 3.6554
29630001 3.59456
29640001 3.65423
29650001 3.56966
29660001 3.66202
29670001 3.56427
29680001 3.68873
29690001 3.59064
29700001 3.6983
29710001 3.55815
29720001 3.70886
29730001 3.59399
29740001 3.71878
29750001 3.60912
29760001 3.72357
29770001 3.61246
29780001 3.7507
29790001 3.63967
29800001 4.78633
29810001 6.84444
29820001 4.07941
29830001 5.01056
29840001 3.78275
29850001 8.44704
29860001 3.74601
29870001 4.34328
29880001 3.76997
29890001 3.77679
29900001 3.7598
29910001 5.72978
29920001 3.73406
29930001 4.29019
29940001 3.72348
29950001 7.99555
29960001 4.00243
29970001 5.39321
29980001 3.75893
29990001 3.85404
