1 31.3626
10001 19.985
20001 13.2723
30001 10.3893
40001 7.7181
50001 6.42278
60001 5.13072
70001 4.47497
80001 3.76435
90001 3.43652
100001 3.00478
110001 2.80463
120001 2.53268
130001 2.40553
140001 2.21262
150001 2.1801
160001 2.22357
170001 1.92111
180001 1.81598
190001 1.76721
200001 1.95962
210001 1.64405
220001 1.58056
230001 1.55145
240001 1.495
250001 1.46955
260001 1.42462
270001 1.40285
280001 1.36551
290001 1.34665
300001 1.31422
310001 1.29677
320001 1.27362
330001 1.25373
340001 1.23071
350001 1.21504
360001 1.19684
370001 1.18145
380001 1.16867
390001 1.15104
400001 1.13779
410001 1.12273
420001 1.11244
430001 1.09753
440001 1.09051
450001 1.0743
460001 1.06896
470001 1.05377
480001 1.05012
490001 1.03571
500001 1.03392
510001 1.01762
520001 1.01768
530001 1.00153
540001 1.00227
550001 0.986416
560001 0.992214
570001 0.974546
580001 0.996521
590001 0.960936
600001 1.0977
610001 0.948598
620001 0.953968
630001 0.94921
640001 0.944953
650001 0.929744
660001 0.932973
670001 0.920112
680001 0.923524
690001 0.918337
700001 0.916189
710001 1.34879
720001 0.90724
730001 0.900327
740001 0.899436
750001 1.34061
760001 0.895279
770001 0.885319
780001 0.885612
790001 0.88134
800001 0.880254
810001 0.873451
820001 0.872744
830001 0.869616
840001 0.865529
850001 0.863773
860001 0.861785
870001 0.860039
880001 0.853753
890001 0.855966
900001 0.848278
910001 0.854202
920001 0.84396
930001 0.849
940001 0.840274
950001 0.8453
960001 0.836614
970001 0.84298
980001 0.832854
990001 0.840928
1000001 0.830398
1010001 0.837427
1020001 0.827473
1030001 0.837669
1040001 1.29639
1050001 0.832861
1060001 0.821841
1070001 0.830258
1080001 0.831261
1090001 0.827928
1100001 0.819177
1110001 0.82718
1120001 0.816297
1130001 0.825447
1140001 0.814429
1150001 0.821917
1160001 0.814815
1170001 0.8198
1180001 0.813003
1190001 1.14411
1200001 0.810938
1210001 0.816015
1220001 0.809858
1230001 0.815354
1240001 0.812417
1250001 0.810503
1260001 0.809944
1270001 0.809462
1280001 0.808652
1290001 0.806428
1300001 0.807154
1310001 0.804186
1320001 0.806548
1330001 0.802066
1340001 0.806091
1350001 0.800404
1360001 0.806523
1370001 0.803133
1380001 0.805654
1390001 0.797697
1400001 0.806189
1410001 0.797467
1420001 0.805995
1430001 0.795836
1440001 0.804532
1450001 0.798113
1460001 0.829548
1470001 0.796567
1480001 0.938083
1490001 1.27732
1500001 0.804994
1510001 0.793811
1520001 0.805689
1530001 1.27731
1540001 0.803233
1550001 0.79427
1560001 0.810565
1570001 0.79424
1580001 0.804791
1590001 1.27771
1600001 0.803495
1610001 0.795727
1620001 0.803512
1630001 1.27919
1640001 0.801263
1650001 0.802749
1660001 0.800342
1670001 0.79843
1680001 0.798521
1690001 0.796491
1700001 0.797896
1710001 0.801639
1720001 0.796239
1730001 0.79721
1740001 0.79725
1750001 0.797105
1760001 0.793918
1770001 0.797719
1780001 0.792863
1790001 0.797541
1800001 0.792553
1810001 0.798282
1820001 0.793555
1830001 0.800009
1840001 0.79216
1850001 0.799638
1860001 0.791748
1870001 0.799867
1880001 0.792216
1890001 0.804874
1900001 0.793091
1910001 0.803784
1920001 0.791725
1930001 0.957953
1940001 0.79119
1950001 0.801648
1960001 0.804256
1970001 0.804622
1980001 0.793344
1990001 0.803172
2000001 0.793168
2010001 0.801676
2020001 0.800837
2030001 0.802774
2040001 0.795285
2050001 0.801574
2060001 0.798211
2070001 0.801306
2080001 0.79529
2090001 0.80457
2100001 0.797544
2110001 0.800281
2120001 0.798893
2130001 0.8019
2140001 0.799163
2150001 0.799831
2160001 0.799571
2170001 0.797589
2180001 0.799037
2190001 0.79758
2200001 0.800026
2210001 0.79613
2220001 0.800567
2230001 0.795084
2240001 0.803467
2250001 0.798909
2260001 0.80218
2270001 0.79488
2280001 0.80218
2290001 0.795281
2300001 0.804038
2310001 0.795092
2320001 0.804814
2330001 0.797764
2340001 0.804722
2350001 0.796294
2360001 0.938754
2370001 1.27828
2380001 0.806331
2390001 0.796436
2400001 0.808431
2410001 1.27882
2420001 0.806353
2430001 0.798938
2440001 0.807885
2450001 0.798364
2460001 0.808962
2470001 0.798642
2480001 0.807343
2490001 0.800628
2500001 0.80927
2510001 0.801292
2520001 1.13654
2530001 0.808908
2540001 0.80659
2550001 0.801711
2560001 0.808358
2570001 0.803982
2580001 0.804812
2590001 0.808725
2600001 0.805003
2610001 0.805121
2620001 0.803199
2630001 0.805149
2640001 0.802668
2650001 0.806796
2660001 0.801867
2670001 0.806527
2680001 0.801992
2690001 0.8084
2700001 0.802907
2710001 0.808379
2720001 0.802219
2730001 0.809865
2740001 0.801779
2750001 0.809552
2760001 0.801369
2770001 0.810328
2780001 0.803668
2790001 0.835985
2800001 0.803825
2810001 0.966609
2820001 0.801843
2830001 0.81329
2840001 0.802794
2850001 0.814921
2860001 0.804517
2870001 0.813122
2880001 0.804424
2890001 0.820983
2900001 0.812169
2910001 0.814281
2920001 1.28489
2930001 0.815216
2940001 0.808247
2950001 0.813222
2960001 1.28712
2970001 0.814056
2980001 0.809077
2990001 0.813154
3000001 0.812114
3010001 0.812306
3020001 0.810088
3030001 0.812142
3040001 0.812048
3050001 0.810939
3060001 0.811662
3070001 0.812459
3080001 0.812586
3090001 0.809505
3100001 0.813306
3110001 0.808312
3120001 0.813671
3130001 0.807801
3140001 0.814526
3150001 0.808568
3160001 0.816725
3170001 0.808592
3180001 0.816545
3190001 0.808958
3200001 0.818048
3210001 0.809416
3220001 0.822027
3230001 0.809715
3240001 0.821264
3250001 0.809679
3260001 0.973154
3270001 0.80995
3280001 0.819536
3290001 0.82237
3300001 0.822734
3310001 0.811966
3320001 0.821651
3330001 0.81195
3340001 0.82027
3350001 0.819558
3360001 0.820758
3370001 0.814607
3380001 0.820607
3390001 0.817411
3400001 1.14609
3410001 0.814651
3420001 0.8236
3430001 0.816015
3440001 0.821539
3450001 0.818391
3460001 0.819006
3470001 0.81854
3480001 0.81943
3490001 0.818563
3500001 0.817313
3510001 0.818672
3520001 0.817313
3530001 0.819394
3540001 0.815731
3550001 0.820307
3560001 0.815359
3570001 0.82338
3580001 0.818845
3590001 0.821927
3600001 0.814884
3610001 0.822364
3620001 0.815585
3630001 0.824276
3640001 0.815083
3650001 0.823646
3660001 0.818032
3670001 0.824852
3680001 0.817667
3690001 0.956211
3700001 1.29106
3710001 0.826437
3720001 0.81645
3730001 0.828328
3740001 1.29176
3750001 0.826558
3760001 0.818806
3770001 0.834263
3780001 0.818576
3790001 0.82934
3800001 0.819235
3810001 0.8285
3820001 0.821228
3830001 0.829384
3840001 0.82171
3850001 0.827587
3860001 0.828915
3870001 0.826877
3880001 0.825565
3890001 0.825765
3900001 0.824634
3910001 0.825712
3920001 0.829194
3930001 0.825311
3940001 0.825263
3950001 0.823406
3960001 0.825575
3970001 0.823036
3980001 0.827218
3990001 0.822143
4000001 0.826818
4010001 0.822298
4020001 0.827789
4030001 0.823314
4040001 0.829703
4050001 0.822446
4060001 0.83005
4070001 0.822193
4080001 0.82998
4090001 0.821838
4100001 0.835094
4110001 0.824027
4120001 0.85556
4130001 0.823136
4140001 0.983841
4150001 0.822361
4160001 0.833719
4170001 0.835629
4180001 0.835715
4190001 0.824816
4200001 0.833277
4210001 0.824712
4220001 0.833026
4230001 0.832455
4240001 0.834435
4250001 1.29763
4260001 0.833433
4270001 0.830307
4280001 0.833221
4290001 1.2998
4300001 0.836614
4310001 0.829537
4320001 0.833046
4330001 0.83137
4340001 0.834019
4350001 0.830016
4360001 0.832349
4370001 0.831866
4380001 0.830457
4390001 0.831304
4400001 0.83195
4410001 0.832494
4420001 0.828685
4430001 0.833113
4440001 0.82785
4450001 0.835697
4460001 0.827827
4470001 0.834527
4480001 0.828204
4490001 0.834633
4500001 0.828278
4510001 0.836
4520001 0.828096
4530001 0.837523
4540001 0.828867
4550001 0.837251
4560001 0.829241
4570001 0.840642
4580001 1.29902
4590001 0.838711
4600001 0.829326
4610001 0.838808
4620001 0.841194
4630001 0.839008
4640001 0.831655
4650001 0.84069
4660001 0.831091
4670001 0.841146
4680001 0.831361
4690001 0.839784
4700001 0.833776
4710001 0.839572
4720001 0.83398
4730001 1.15978
4740001 0.833807
4750001 0.839444
4760001 0.834331
4770001 0.840436
4780001 0.838043
4790001 0.837263
4800001 0.837452
4810001 0.837754
4820001 0.837575
4830001 0.836158
4840001 0.837452
4850001 0.835293
4860001 0.838084
4870001 0.83447
4880001 0.838786
4890001 0.834039
4900001 0.84029
4910001 0.837698
4920001 0.840456
4930001 0.8334
4940001 0.841905
4950001 0.834264
4960001 0.842676
4970001 0.833574
4980001 0.842236
4990001 0.836608
5000001 0.866782
5010001 0.835945
5020001 0.971968
5030001 1.30271
5040001 0.84488
5050001 0.834727
5060001 0.846336
5070001 1.30352
5080001 0.844588
5090001 0.836384
5100001 0.852189
5110001 0.836914
5120001 0.847762
5130001 1.30501
5140001 0.846492
5150001 0.839372
5160001 0.846964
5170001 1.3071
5180001 0.845352
5190001 0.847002
5200001 0.844886
5210001 0.843242
5220001 0.843509
5230001 0.841806
5240001 0.843325
5250001 0.847013
5260001 0.842123
5270001 0.84315
5280001 0.843366
5290001 0.843366
5300001 0.840513
5310001 0.844192
5320001 0.839847
5330001 0.844296
5340001 0.839788
5350001 0.845269
5360001 0.841223
5370001 0.847126
5380001 0.83991
5390001 0.84701
5400001 0.839725
5410001 0.847451
5420001 0.840373
5430001 0.852433
5440001 0.841395
5450001 0.851583
5460001 0.840292
5470001 0.998527
5480001 0.839886
5490001 0.849727
5500001 0.852371
5510001 0.852783
5520001 0.842203
5530001 0.851551
5540001 0.842164
5550001 0.850228
5560001 0.849442
5570001 0.851288
5580001 0.84437
5590001 0.850282
5600001 0.847164
5610001 0.850113
5620001 0.844504
5630001 0.85327
5640001 0.846648
5650001 0.850136
5660001 0.847946
5670001 0.850796
5680001 0.848309
5690001 0.848905
5700001 0.848651
5710001 0.846804
5720001 0.848177
5730001 0.846811
5740001 0.849101
5750001 0.845486
5760001 0.849626
5770001 0.844542
5780001 0.852381
5790001 0.848137
5800001 0.851208
5810001 0.8444
5820001 0.851161
5830001 0.844757
5840001 0.852954
5850001 0.844526
5860001 0.853743
5870001 0.847065
5880001 0.853601
5890001 0.845662
5900001 0.980947
5910001 1.30959
5920001 0.855092
5930001 0.84571
5940001 0.856932
5950001 1.31007
5960001 0.855039
5970001 0.848017
5980001 0.856414
5990001 0.847397
6000001 0.857416
6010001 0.847683
6020001 0.85583
6030001 0.849472
6040001 0.857573
6050001 0.850062
6060001 1.17141
6070001 0.857204
6080001 0.854905
6090001 0.850299
6100001 0.855683
6110001 0.852406
6120001 0.853144
6130001 0.856784
6140001 0.8533
6150001 0.853356
6160001 0.851489
6170001 0.853327
6180001 0.85095
6190001 0.854771
6200001 0.850151
6210001 0.854435
6220001 0.850153
6230001 0.856126
6240001 0.850941
6250001 0.856064
6260001 0.850251
6270001 0.857408
6280001 0.849737
6290001 0.857054
6300001 0.849292
6310001 0.857859
6320001 0.851367
6330001 0.881937
6340001 0.851475
6350001 1.00665
6360001 0.84958
6370001 0.860304
6380001 0.850351
6390001 0.861748
6400001 0.851844
6410001 0.859969
6420001 0.851747
6430001 0.867323
6440001 0.858999
6450001 0.860904
6460001 1.3149
6470001 0.861689
6480001 0.855668
6490001 0.859722
6500001 1.31699
6510001 0.860274
6520001 0.855845
6530001 0.859431
6540001 0.858424
6550001 0.860138
6560001 0.856394
6570001 0.858351
6580001 0.858168
6590001 0.857049
6600001 0.857702
6610001 0.858462
6620001 0.858506
6630001 0.855616
6640001 0.859146
6650001 0.854268
6660001 0.859337
6670001 0.853766
6680001 0.86011
6690001 0.854424
6700001 0.86207
6710001 0.854351
6720001 0.861834
6730001 0.854705
6740001 0.86316
6750001 0.854955
6760001 0.866857
6770001 0.855152
6780001 0.866023
6790001 0.855051
6800001 1.01115
6810001 0.855191
6820001 0.86423
6830001 0.866889
6840001 0.867149
6850001 0.856917
6860001 0.866043
6870001 0.856803
6880001 0.864633
6890001 0.864226
6900001 0.864891
6910001 0.859133
6920001 0.864762
6930001 0.861618
6940001 1.17803
6950001 0.859015
6960001 0.867405
6970001 0.86008
6980001 0.865347
6990001 0.862319
7000001 0.862628
7010001 0.862359
7020001 0.863063
7030001 0.862317
7040001 0.861113
7050001 0.862289
7060001 0.860977
7070001 0.862875
7080001 0.859392
7090001 0.863651
7100001 0.858954
7110001 0.866487
7120001 0.862145
7130001 0.86523
7140001 0.858325
7150001 0.865356
7160001 0.858879
7170001 0.867094
7180001 0.858319
7190001 0.866427
7200001 0.861025
7210001 0.867495
7220001 0.860447
7230001 0.993136
7240001 1.31864
7250001 0.868875
7260001 0.859237
7270001 0.87052
7280001 1.31919
7290001 0.868677
7300001 0.860924
7310001 0.875973
7320001 0.861002
7330001 0.871167
7340001 0.861543
7350001 0.870289
7360001 0.863354
7370001 0.87104
7380001 0.863729
7390001 0.869252
7400001 0.870527
7410001 0.868479
7420001 0.867166
7430001 0.867318
7440001 0.866185
7450001 0.867198
7460001 0.870465
7470001 0.866731
7480001 0.866595
7490001 0.864798
7500001 0.866825
7510001 0.864377
7520001 0.868289
7530001 0.86344
7540001 0.867789
7550001 0.863502
7560001 0.868703
7570001 0.864473
7580001 0.870404
7590001 0.863503
7600001 0.870647
7610001 0.863138
7620001 0.870515
7630001 0.862707
7640001 0.875337
7650001 0.864728
7660001 0.89476
7670001 0.863764
7680001 1.01806
7690001 0.862985
7700001 0.87376
7710001 0.875486
7720001 0.875544
7730001 0.865129
7740001 0.87318
7750001 0.864992
7760001 0.872856
7770001 0.872253
7780001 0.87408
7790001 1.32347
7800001 0.873182
7810001 0.870024
7820001 0.872761
7830001 1.32547
7840001 0.875914
7850001 0.869133
7860001 0.872429
7870001 0.870205
7880001 0.873269
7890001 0.86938
7900001 0.871587
7910001 0.871075
7920001 0.869692
7930001 0.870445
7940001 0.871
7950001 0.871508
7960001 0.867849
7970001 0.872026
7980001 0.866993
7990001 0.874411
8000001 0.866869
8010001 0.873211
8020001 0.867119
8030001 0.873226
8040001 0.867141
8050001 0.874543
8060001 0.866892
8070001 0.87586
8080001 0.867538
8090001 0.875525
8100001 0.867836
8110001 0.878646
8120001 1.32393
8130001 0.876796
8140001 0.867738
8150001 0.876803
8160001 0.878958
8170001 0.876878
8180001 0.869865
8190001 0.878419
8200001 0.869196
8210001 0.878775
8220001 0.869387
8230001 0.877394
8240001 0.871667
8250001 0.879592
8260001 0.871727
8270001 1.18718
8280001 0.871513
8290001 0.876828
8300001 0.871891
8310001 0.877722
8320001 0.873367
8330001 0.874586
8340001 0.874708
8350001 0.874963
8360001 0.874801
8370001 0.873251
8380001 0.87458
8390001 0.872458
8400001 0.875104
8410001 0.871614
8420001 0.875689
8430001 0.871142
8440001 0.877051
8450001 0.874548
8460001 0.877127
8470001 0.870356
8480001 0.878475
8490001 0.871109
8500001 0.87898
8510001 0.870397
8520001 0.878654
8530001 0.87321
8540001 0.902171
8550001 0.872503
8560001 1.00357
8570001 1.32637
8580001 0.880983
8590001 0.871212
8600001 0.882283
8610001 1.32713
8620001 0.880545
8630001 0.872668
8640001 0.887768
8650001 0.873158
8660001 0.883212
8670001 1.32843
8680001 0.882155
8690001 0.87535
8700001 0.882418
8710001 1.33043
8720001 0.880931
8730001 0.882484
8740001 0.880266
8750001 0.878776
8760001 0.879005
8770001 0.877082
8780001 0.878762
8790001 0.882256
8800001 0.877542
8810001 0.878474
8820001 0.878689
8830001 0.878634
8840001 0.875899
8850001 0.879248
8860001 0.875137
8870001 0.879356
8880001 0.874949
8890001 0.880282
8900001 0.875458
8910001 0.881973
8920001 0.875056
8930001 0.881774
8940001 0.874774
8950001 0.88221
8960001 0.875318
8970001 0.886874
8980001 0.876223
8990001 0.885986
9000001 0.875108
9010001 1.02798
9020001 0.874655
9030001 0.884122
9040001 0.886594
9050001 0.886944
9060001 0.876752
9070001 0.885232
9080001 0.876729
9090001 0.884352
9100001 0.883611
9110001 0.885422
9120001 0.878659
9130001 0.884285
9140001 0.88125
9150001 0.884046
9160001 0.878776
9170001 0.887005
9180001 0.880601
9190001 0.884416
9200001 0.881809
9210001 0.884495
9220001 0.882061
9230001 0.882627
9240001 0.882314
9250001 0.880556
9260001 0.881827
9270001 0.880458
9280001 0.882616
9290001 0.879179
9300001 0.883041
9310001 0.878211
9320001 0.885693
9330001 0.881641
9340001 0.884481
9350001 0.877918
9360001 0.884413
9370001 0.87817
9380001 0.886044
9390001 0.87794
9400001 0.886726
9410001 0.880256
9420001 0.886549
9430001 0.878902
9440001 1.00973
9450001 1.33126
9460001 0.887876
9470001 0.878801
9480001 0.889595
9490001 1.33164
9500001 0.887698
9510001 0.880974
9520001 0.888997
9530001 0.880149
9540001 0.889867
9550001 0.880469
9560001 0.888255
9570001 0.88207
9580001 0.889935
9590001 0.882655
9600001 1.19524
9610001 0.889334
9620001 0.887139
9630001 0.882719
9640001 0.88731
9650001 0.884712
9660001 0.88538
9670001 0.888854
9680001 0.885484
9690001 0.885568
9700001 0.883661
9710001 0.885424
9720001 0.883082
9730001 0.886722
9740001 0.882278
9750001 0.886355
9760001 0.88222
9770001 0.887922
9780001 0.882898
9790001 0.887831
9800001 0.882198
9810001 0.889055
9820001 0.881591
9830001 0.888712
9840001 0.881176
9850001 0.889428
9860001 0.883113
9870001 0.912584
9880001 0.883084
9890001 1.03405
9900001 0.881294
9910001 0.891565
9920001 0.881906
9930001 0.891956
9940001 0.88333
9950001 0.891189
9960001 0.883188
9970001 0.898252
9980001 0.890258
9990001 0.891975
10000001 1.33541
10010001 0.892642
10020001 0.887658
10030001 0.890683
10040001 1.33738
10050001 0.891064
10060001 0.887024
10070001 0.890291
10080001 0.8893
10090001 0.891037
10100001 0.887255
10110001 0.889164
10120001 0.888924
10130001 0.887768
10140001 0.888438
10150001 0.889144
10160001 0.889165
10170001 0.886347
10180001 0.889702
10190001 0.884839
10200001 0.889893
10210001 0.884483
10220001 0.890539
10230001 0.885029
10240001 0.89238
10250001 0.88491
10260001 0.892113
10270001 0.885229
10280001 0.893306
10290001 0.885389
10300001 0.896917
10310001 0.885578
10320001 0.896001
10330001 0.885376
10340001 1.0369
10350001 0.885458
10360001 0.894165
10370001 0.896711
10380001 0.896892
10390001 0.886978
10400001 0.89581
10410001 0.886855
10420001 0.894204
10430001 0.886673
10440001 0.89458
10450001 0.889012
10460001 0.894425
10470001 0.891339
10480001 1.19993
10490001 0.888802
10500001 0.896869
10510001 0.889511
10520001 0.894807
10530001 0.891889
10540001 0.892328
10550001 0.891863
10560001 0.892494
10570001 0.891804
10580001 0.890593
10590001 0.891679
10600001 0.890401
10610001 0.89219
10620001 0.888823
10630001 0.892903
10640001 0.888351
10650001 0.895439
10660001 0.891357
10670001 0.894103
10680001 0.887645
10690001 0.894388
10700001 0.888131
10710001 0.89604
10720001 0.887358
10730001 0.895349
10740001 0.890133
10750001 0.896353
10760001 0.88942
10770001 1.01839
10780001 1.33775
10790001 0.897477
10800001 0.888226
10810001 0.899116
10820001 1.33823
10830001 0.897284
10840001 0.889604
10850001 0.904289
10860001 0.889828
10870001 0.899653
10880001 0.89024
10890001 0.898674
10900001 0.892012
10910001 0.8994
10920001 0.892335
10930001 0.897669
10940001 0.898861
10950001 0.896819
10960001 0.895429
10970001 0.895653
10980001 0.89455
10990001 0.895479
11000001 0.898618
11010001 0.89499
11020001 0.894826
11030001 0.893031
11040001 0.895042
11050001 0.892614
11060001 0.896383
11070001 0.891667
11080001 0.895805
11090001 0.891676
11100001 0.896679
11110001 0.892568
11120001 0.898326
11130001 0.891609
11140001 0.898382
11150001 0.891189
11160001 0.898316
11170001 0.890816
11180001 0.902952
11190001 0.892653
11200001 0.921714
11210001 0.891665
11220001 1.04181
11230001 0.89088
11240001 0.901263
11250001 0.90277
11260001 0.902962
11270001 0.892851
11280001 0.900639
11290001 0.892836
11300001 0.900254
11310001 0.899676
11320001 0.901409
11330001 1.34166
11340001 0.900448
11350001 0.897405
11360001 0.900057
11370001 1.34358
11380001 0.903077
11390001 0.896503
11400001 0.899644
11410001 0.897758
11420001 0.900414
11430001 0.896633
11440001 0.898741
11450001 0.898214
11460001 0.896889
11470001 0.897573
11480001 0.8965
11490001 0.898535
11500001 0.894964
11510001 0.899008
11520001 0.89411
11530001 0.90126
11540001 0.893956
11550001 0.900083
11560001 0.894127
11570001 0.900054
11580001 0.894147
11590001 0.901276
11600001 0.893838
11610001 0.902547
11620001 0.894398
11630001 0.902156
11640001 0.89466
11650001 0.90516
11660001 1.34152
11670001 0.903318
11680001 0.894507
11690001 0.903286
11700001 0.90575
11710001 0.903101
11720001 0.896528
11730001 0.904753
11740001 0.895798
11750001 0.905063
11760001 0.89595
11770001 0.9037
11780001 0.898065
11790001 0.905639
11800001 0.898107
11810001 1.20668
11820001 0.897871
11830001 0.902905
11840001 0.898189
11850001 0.903854
11860001 0.89963
11870001 0.900752
11880001 0.900809
11890001 0.901056
11900001 0.900884
11910001 0.89939
11920001 0.900626
11930001 0.898444
11940001 0.901103
11950001 0.897707
11960001 0.901628
11970001 0.897208
11980001 0.90292
11990001 0.900495
12000001 0.902964
12010001 0.896357
12020001 0.904197
12030001 0.89707
12040001 0.904567
12050001 0.89633
12060001 0.904318
12070001 0.899011
12080001 0.927176
12090001 0.8983
12100001 1.02607
12110001 1.34334
12120001 0.906496
12130001 0.896982
12140001 0.907765
12150001 1.34417
12160001 0.905975
12170001 0.898306
12180001 0.912959
12190001 0.89873
12200001 0.906984
12210001 1.34536
12220001 0.907425
12230001 0.900815
12240001 0.907515
12250001 1.3473
12260001 0.906162
12270001 0.907652
12280001 0.905461
12290001 0.904008
12300001 0.904212
12310001 0.901963
12320001 0.903951
12330001 0.907304
12340001 0.902735
12350001 0.903576
12360001 0.903808
12370001 0.903713
12380001 0.901043
12390001 0.904284
12400001 0.900267
12410001 0.904348
12420001 0.900043
12430001 0.905213
12440001 0.899939
12450001 0.906819
12460001 0.900135
12470001 0.906597
12480001 0.899751
12490001 0.907162
12500001 0.900264
12510001 0.911525
12520001 0.901017
12530001 0.91057
12540001 0.899965
12550001 1.04923
12560001 0.899508
12570001 0.908704
12580001 0.911084
12590001 0.911395
12600001 0.901477
12610001 0.909891
12620001 0.901418
12630001 0.908788
12640001 0.908118
12650001 0.909782
12660001 0.903275
12670001 0.908658
12680001 0.905742
12690001 0.908398
12700001 0.903271
12710001 0.911251
12720001 0.904986
12730001 0.908741
12740001 0.90614
12750001 0.908717
12760001 0.906312
12770001 0.906855
12780001 0.906561
12790001 0.904841
12800001 0.906042
12810001 0.904724
12820001 0.906739
12830001 0.903415
12840001 0.907168
12850001 0.902669
12860001 0.909708
12870001 0.905849
12880001 0.908507
12890001 0.902113
12900001 0.908389
12910001 0.902234
12920001 0.909953
12930001 0.902044
12940001 0.910513
12950001 0.904351
12960001 0.9104
12970001 0.902938
12980001 1.0307
12990001 1.34723
13000001 0.911615
13010001 0.902754
13020001 0.91338
13030001 1.34757
13040001 0.911377
13050001 0.904817
13060001 0.912544
13070001 0.903938
13080001 0.913393
13090001 0.904267
13100001 0.911752
13110001 0.905826
13120001 0.91342
13130001 0.906314
13140001 1.21283
13150001 0.912753
13160001 0.910579
13170001 0.906304
13180001 0.910182
13190001 0.908303
13200001 0.908843
13210001 0.912203
13220001 0.908944
13230001 0.908655
13240001 0.907097
13250001 0.908775
13260001 0.906506
13270001 0.910042
13280001 0.905703
13290001 0.909648
13300001 0.905615
13310001 0.911129
13320001 0.906244
13330001 0.911039
13340001 0.905528
13350001 0.912185
13360001 0.905102
13370001 0.91183
13380001 0.904453
13390001 0.912484
13400001 0.906339
13410001 0.935055
13420001 0.90628
13430001 1.05348
13440001 0.904486
13450001 0.914478
13460001 0.90506
13470001 0.914481
13480001 0.906425
13490001 0.914061
13500001 0.90624
13510001 0.920913
13520001 0.913075
13530001 0.914761
13540001 1.35072
13550001 0.91519
13560001 0.910528
13570001 0.913443
13580001 1.35263
13590001 0.913757
13600001 0.909773
13610001 0.912992
13620001 0.912018
13630001 0.913759
13640001 0.909973
13650001 0.91183
13660001 0.911615
13670001 0.910461
13680001 0.91106
13690001 0.911812
13700001 0.911744
13710001 0.909005
13720001 0.912264
13730001 0.907487
13740001 0.912408
13750001 0.907125
13760001 0.913021
13770001 0.907593
13780001 0.914772
13790001 0.907478
13800001 0.91449
13810001 0.907512
13820001 0.915623
13830001 0.907876
13840001 0.91907
13850001 0.908026
13860001 0.9182
13870001 0.907834
13880001 1.05612
13890001 0.90789
13900001 0.916344
13910001 0.918833
13920001 0.919007
13930001 0.909373
13940001 0.917876
13950001 0.909147
13960001 0.916256
13970001 0.909401
13980001 0.91664
13990001 0.91119
14000001 0.916454
14010001 0.913461
14020001 1.2164
14030001 0.910957
14040001 0.918763
14050001 0.911318
14060001 0.916751
14070001 0.913869
14080001 0.914217
14090001 0.913818
14100001 0.914423
14110001 0.913735
14120001 0.912554
14130001 0.913586
14140001 0.912327
14150001 0.914053
14160001 0.910761
14170001 0.914715
14180001 0.910279
14190001 0.915705
14200001 0.913193
14210001 0.915833
14220001 0.909532
14230001 0.916076
14240001 0.909982
14250001 0.917686
14260001 0.90933
14270001 0.916957
14280001 0.911878
14290001 0.917985
14300001 0.91115
14310001 1.03742
14320001 1.35228
14330001 0.918899
14340001 0.909928
14350001 0.920525
14360001 1.35271
14370001 0.918738
14380001 0.911302
14390001 0.92556
14400001 0.911423
14410001 0.92099
14420001 0.911805
14430001 0.919998
14440001 0.913497
14450001 0.920698
14460001 0.913774
14470001 0.918976
14480001 0.920137
14490001 0.918131
14500001 0.916743
14510001 0.916955
14520001 0.915857
14530001 0.916727
14540001 0.919805
14550001 0.916265
14560001 0.916073
14570001 0.914293
14580001 0.91627
14590001 0.913817
14600001 0.917547
14610001 0.91295
14620001 0.917023
14630001 0.912925
14640001 0.917761
14650001 0.913743
14660001 0.919339
14670001 0.912806
14680001 0.919419
14690001 0.912371
14700001 0.919294
14710001 0.911939
14720001 0.923801
14730001 0.913747
14740001 0.942125
14750001 0.912734
14760001 1.05996
14770001 0.91196
14780001 0.922091
14790001 0.923545
14800001 0.923736
14810001 0.913816
14820001 0.921467
14830001 0.913793
14840001 0.921
14850001 0.920471
14860001 0.922135
14870001 1.35567
14880001 0.921185
14890001 0.918144
14900001 0.920751
14910001 1.35754
14920001 0.923662
14930001 0.917242
14940001 0.920308
14950001 0.918477
14960001 0.92104
14970001 0.91732
14980001 0.919375
14990001 0.918836
15000001 0.917449
15010001 0.918186
15020001 0.917282
15030001 0.919079
15040001 0.915627
15050001 0.919551
15060001 0.914761
15070001 0.921724
15080001 0.914584
15090001 0.920555
15100001 0.914716
15110001 0.920494
15120001 0.914702
15130001 0.92182
15140001 0.914389
15150001 0.922899
15160001 0.914884
15170001 0.922484
15180001 0.91514
15190001 0.925388
15200001 1.35525
15210001 0.923585
15220001 0.914937
15230001 0.923507
15240001 1.36246
15250001 0.923274
15260001 0.916892
15270001 0.92497
15280001 0.916132
15290001 0.925215
15300001 0.91629
15310001 0.923825
15320001 0.918386
15330001 0.925609
15340001 0.918322
15350001 1.22181
15360001 0.91812
15370001 0.922809
15380001 0.91835
15390001 0.923859
15400001 0.920048
15410001 0.920859
15420001 0.920896
15430001 0.921094
15440001 0.92092
15450001 0.919455
15460001 0.920643
15470001 0.91851
15480001 0.921092
15490001 0.91778
15500001 0.921567
15510001 0.917046
15520001 0.922879
15530001 0.920442
15540001 0.922854
15550001 0.916366
15560001 0.924045
15570001 0.917034
15580001 0.924165
15590001 0.916297
15600001 0.924126
15610001 0.918903
15620001 0.946497
15630001 0.918182
15640001 1.0435
15650001 1.3567
15660001 0.926181
15670001 0.916849
15680001 0.927395
15690001 1.35743
15700001 0.92561
15710001 0.918102
15720001 0.932448
15730001 0.918464
15740001 0.92653
15750001 1.35862
15760001 0.92697
15770001 0.920496
15780001 0.927144
15790001 1.36052
15800001 0.925684
15810001 0.927128
15820001 0.92498
15830001 0.923572
15840001 0.92377
15850001 0.921518
15860001 0.923459
15870001 0.926726
15880001 0.922253
15890001 0.923112
15900001 0.923295
15910001 0.923201
15920001 0.920542
15930001 0.923707
15940001 0.919791
15950001 0.923746
15960001 0.918862
15970001 0.924579
15980001 0.919373
15990001 0.926145
16000001 0.919632
16010001 0.925905
16020001 0.919209
16030001 0.926406
16040001 0.919665
16050001 0.930665
16060001 0.920312
16070001 0.929714
16080001 0.919322
16090001 1.06587
16100001 0.918844
16110001 0.927865
16120001 0.930185
16130001 0.930468
16140001 0.920749
16150001 0.928896
16160001 0.920682
16170001 0.927866
16180001 0.92722
16190001 0.928836
16200001 0.922442
16210001 0.927727
16220001 0.924826
16230001 0.927411
16240001 0.922397
16250001 0.930198
16260001 0.92399
16270001 0.928102
16280001 0.925223
16290001 0.927677
16300001 0.925308
16310001 0.925838
16320001 0.925542
16330001 0.923855
16340001 0.925003
16350001 0.923744
16360001 0.925384
16370001 0.922427
16380001 0.926072
16390001 0.921665
16400001 0.928537
16410001 0.924757
16420001 0.927345
16430001 0.921072
16440001 0.92721
16450001 0.921216
16460001 0.928721
16470001 0.920964
16480001 0.929145
16490001 0.923183
16500001 0.929133
16510001 0.9218
16520001 1.0473
16530001 1.35993
16540001 0.930276
16550001 0.921582
16560001 0.931861
16570001 1.36027
16580001 0.929998
16590001 0.923583
16600001 0.93122
16610001 0.92263
16620001 0.93192
16630001 0.923003
16640001 0.930359
16650001 0.924434
16660001 0.931931
16670001 0.92496
16680001 1.2268
16690001 0.931236
16700001 0.929124
16710001 0.924893
16720001 0.928314
16730001 0.92683
16740001 0.927383
16750001 0.930651
16760001 0.92744
16770001 0.927047
16780001 0.925616
16790001 0.927131
16800001 0.92506
16810001 0.928443
16820001 0.924213
16830001 0.92808
16840001 0.924104
16850001 0.929493
16860001 0.924705
16870001 0.929406
16880001 0.923993
16890001 0.930493
16900001 0.923512
16910001 0.930125
16920001 0.922914
16930001 0.930759
16940001 0.924714
16950001 0.952839
16960001 0.924681
16970001 1.06933
16980001 0.922875
16990001 0.9327
17000001 0.923384
17010001 0.936521
17020001 0.924694
17030001 0.932214
17040001 0.924546
17050001 0.938982
17060001 0.931219
17070001 0.932875
17080001 1.36305
17090001 0.93323
17100001 0.928846
17110001 0.931575
17120001 1.3649
17130001 0.931816
17140001 0.927851
17150001 0.93108
17160001 0.930089
17170001 0.931788
17180001 0.928058
17190001 0.929875
17200001 0.929646
17210001 0.928531
17220001 0.929083
17230001 0.929872
17240001 0.929774
17250001 0.926989
17260001 0.930227
17270001 0.925544
17280001 0.930357
17290001 0.925199
17300001 0.930929
17310001 0.92562
17320001 0.932649
17330001 0.92548
17340001 0.932368
17350001 0.925493
17360001 0.933456
17370001 0.925874
17380001 0.936747
17390001 0.925951
17400001 0.935979
17410001 0.925758
17420001 1.07045
17430001 0.925814
17440001 0.934076
17450001 0.936515
17460001 0.936691
17470001 0.927278
17480001 0.93557
17490001 0.927
17500001 0.933935
17510001 0.927223
17520001 0.934326
17530001 0.928967
17540001 0.934086
17550001 0.931159
17560001 1.2297
17570001 0.928723
17580001 0.936354
17590001 0.928899
17600001 0.934367
17610001 0.931528
17620001 0.931572
17630001 0.93144
17640001 0.932033
17650001 0.93135
17660001 0.930183
17670001 0.931178
17680001 0.929964
17690001 0.931643
17700001 0.92842
17710001 0.932252
17720001 0.927883
17730001 0.933333
17740001 0.930792
17750001 0.933253
17760001 0.927087
17770001 0.933639
17780001 0.927566
17790001 0.935149
17800001 0.926698
17810001 0.934384
17820001 0.929397
17830001 0.935403
17840001 0.928663
17850001 1.05281
17860001 1.36414
17870001 0.936241
17880001 0.927434
17890001 0.937819
17900001 1.36452
17910001 0.936061
17920001 0.928746
17930001 0.942744
17940001 0.928882
17950001 0.93824
17960001 0.929315
17970001 0.937243
17980001 0.930864
17990001 0.937932
18000001 0.931101
18010001 0.93621
18020001 0.937335
18030001 0.93537
18040001 0.933991
18050001 0.934196
18060001 0.933111
18070001 0.933932
18080001 0.936957
18090001 0.933451
18100001 0.933272
18110001 0.93154
18120001 0.933448
18130001 0.931026
18140001 0.934704
18150001 0.930167
18160001 0.934166
18170001 0.930141
18180001 0.934876
18190001 0.930948
18200001 0.936368
18210001 0.929981
18220001 0.936438
18230001 0.929545
18240001 0.936342
18250001 0.929007
18260001 0.940761
18270001 0.930901
18280001 0.958715
18290001 0.929778
18300001 1.07474
18310001 0.929113
18320001 0.939028
18330001 0.940366
18340001 0.940629
18350001 0.930881
18360001 0.938397
18370001 0.930512
18380001 0.937905
18390001 0.937382
18400001 0.938978
18410001 1.3672
18420001 0.938161
18430001 0.935074
18440001 0.937642
18450001 1.36903
18460001 0.940461
18470001 0.934159
18480001 0.937155
18490001 0.935314
18500001 0.937856
18510001 0.934185
18520001 0.93621
18530001 0.935663
18540001 0.934176
18550001 0.935034
18560001 0.934124
18570001 0.935872
18580001 0.932518
18590001 0.936263
18600001 0.93162
18610001 0.938444
18620001 0.931431
18630001 0.937302
18640001 0.931576
18650001 0.937219
18660001 0.931541
18670001 0.938859
18680001 0.931201
18690001 0.939538
18700001 0.931614
18710001 0.939156
18720001 0.931913
18730001 0.941971
18740001 1.36676
18750001 0.940198
18760001 0.931698
18770001 0.940082
18780001 1.36662
18790001 0.939846
18800001 0.933575
18810001 0.941486
18820001 0.932786
18830001 0.941717
18840001 0.932958
18850001 0.940349
18860001 0.935085
18870001 0.942161
18880001 0.934941
18890001 1.23434
18900001 0.934757
18910001 0.939314
18920001 0.934932
18930001 0.940318
18940001 0.936697
18950001 0.937337
18960001 0.937388
18970001 0.937544
18980001 0.937391
18990001 0.93597
19000001 0.937117
19010001 0.935008
19020001 0.937553
19030001 0.934271
19040001 0.937995
19050001 0.933535
19060001 0.939254
19070001 0.936928
19080001 0.939234
19090001 0.932831
19100001 0.94039
19110001 0.933504
19120001 0.940509
19130001 0.932757
19140001 0.940442
19150001 0.93542
19160001 0.962428
19170001 0.934562
19180001 1.05801
19190001 0.933078
19200001 0.94242
19210001 0.933253
19220001 0.943592
19230001 1.36861
19240001 0.941982
19250001 0.93447
19260001 0.948535
19270001 0.934785
19280001 0.942532
19290001 1.3697
19300001 0.943105
19310001 0.936808
19320001 0.943563
19330001 1.37157
19340001 0.941838
19350001 0.943229
19360001 0.941121
19370001 0.939756
19380001 0.939939
19390001 0.937719
19400001 0.939627
19410001 0.94281
19420001 0.938427
19430001 0.939253
19440001 0.939461
19450001 0.939318
19460001 0.936727
19470001 0.939802
19480001 0.93595
19490001 0.93985
19500001 0.935111
19510001 0.940651
19520001 0.935516
19530001 0.942162
19540001 0.935765
19550001 0.94192
19560001 0.935333
19570001 0.9424
19580001 0.935775
19590001 0.946579
19600001 0.936386
19610001 0.945574
19620001 0.935422
19630001 1.07978
19640001 0.934813
19650001 0.943783
19660001 0.946062
19670001 0.946334
19680001 0.936779
19690001 0.944721
19700001 0.936688
19710001 0.943747
19720001 0.943105
19730001 0.944683
19740001 0.938382
19750001 0.943594
19760001 0.940744
19770001 0.943314
19780001 0.938226
19790001 0.945972
19800001 0.939848
19810001 0.944069
19820001 0.941058
19830001 0.943487
19840001 0.941117
19850001 0.941675
19860001 0.941373
19870001 0.93969
19880001 0.940832
19890001 0.93959
19900001 0.941219
19910001 0.938259
19920001 0.941851
19930001 0.937514
19940001 0.944253
19950001 0.940523
19960001 0.943094
19970001 0.936909
19980001 0.942926
19990001 0.937037
20000001 0.944416
20010001 0.936776
20020001 0.944815
20030001 0.93897
20040001 0.944798
20050001 0.937754
20060001 1.06119
20070001 1.37067
20080001 0.945899
20090001 0.937337
20100001 0.947366
20110001 1.37099
20120001 0.945598
20130001 0.939269
20140001 0.946782
20150001 0.938338
20160001 0.947453
20170001 0.938706
20180001 0.94585
20190001 0.940111
20200001 0.947447
20210001 0.940586
20220001 1.23862
20230001 0.946673
20240001 0.944666
20250001 0.940475
20260001 0.943715
20270001 0.942395
20280001 0.942933
20290001 0.946155
20300001 0.942975
20310001 0.942613
20320001 0.941161
20330001 0.942701
20340001 0.940603
20350001 0.943926
20360001 0.939759
20370001 0.943591
20380001 0.939646
20390001 0.944946
20400001 0.940208
20410001 0.944844
20420001 0.939449
20430001 0.9459
20440001 0.939304
20450001 0.945532
20460001 0.938435
20470001 0.946168
20480001 0.940175
20490001 0.967866
20500001 0.940164
20510001 1.08272
20520001 0.938363
20530001 0.948011
20540001 0.938876
20550001 0.950104
20560001 0.940132
20570001 0.947513
20580001 0.939964
20590001 0.954156
20600001 0.946504
20610001 0.948137
20620001 1.37355
20630001 0.948396
20640001 0.944145
20650001 0.946856
20660001 1.37536
20670001 0.947107
20680001 0.943221
20690001 0.946337
20700001 0.945363
20710001 0.947268
20720001 0.943343
20730001 0.945059
20740001 0.944868
20750001 0.943786
20760001 0.944321
20770001 0.945073
20780001 0.94497
20790001 0.942219
20800001 0.945439
20810001 0.940827
20820001 0.945584
20830001 0.940472
20840001 0.946072
20850001 0.940899
20860001 0.947801
20870001 0.940716
20880001 0.947502
20890001 0.940935
20900001 0.948556
20910001 0.941099
20920001 0.951948
20930001 0.941072
20940001 0.950999
20950001 0.940941
20960001 0.949907
20970001 0.94101
20980001 0.949117
20990001 0.951512
21000001 0.951681
21010001 0.9424
21020001 0.950551
21030001 0.942126
21040001 0.948951
21050001 0.942363
21060001 0.949315
21070001 0.944018
21080001 0.949095
21090001 0.94561
21100001 1.24112
21110001 0.943791
21120001 0.951215
21130001 0.943965
21140001 0.949287
21150001 0.946536
21160001 0.946578
21170001 0.946423
21180001 0.947008
21190001 0.946322
21200001 0.945165
21210001 0.946147
21220001 0.944841
21230001 0.946589
21240001 0.943425
21250001 0.947184
21260001 0.942884
21270001 0.948251
21280001 0.945736
21290001 0.948141
21300001 0.942095
21310001 0.948518
21320001 0.942547
21330001 0.949998
21340001 0.941506
21350001 0.949237
21360001 0.94435
21370001 0.950175
21380001 0.943618
21390001 1.06599
21400001 1.37433
21410001 0.950742
21420001 0.942368
21430001 0.952576
21440001 1.37471
21450001 0.95084
21460001 0.943623
21470001 0.957424
21480001 0.943741
21490001 0.952948
21500001 0.94399
21510001 0.95201
21520001 0.945684
21530001 0.952632
21540001 0.945634
21550001 0.950945
21560001 0.952037
21570001 0.950094
21580001 0.948708
21590001 0.948935
21600001 0.947866
21610001 0.948615
21620001 0.951625
21630001 0.948182
21640001 0.94799
21650001 0.946303
21660001 0.948175
21670001 0.945766
21680001 0.949379
21690001 0.944929
21700001 0.948834
21710001 0.944921
21720001 0.94954
21730001 0.945656
21740001 0.951002
21750001 0.94471
21760001 0.951055
21770001 0.944246
21780001 0.950952
21790001 0.943804
21800001 0.955309
21810001 0.945581
21820001 0.972964
21830001 0.944479
21840001 1.08747
21850001 0.943801
21860001 0.953569
21870001 0.954857
21880001 0.955133
21890001 0.945512
21900001 0.95296
21910001 0.945149
21920001 0.952457
21930001 0.951896
21940001 0.953474
21950001 1.37721
21960001 0.952641
21970001 0.949642
21980001 0.952138
21990001 1.37898
22000001 0.954871
22010001 0.948694
22020001 0.951637
22030001 0.949882
22040001 0.952294
22050001 0.948703
22060001 0.950677
22070001 0.950147
22080001 0.9486
22090001 0.949504
22100001 0.948628
22110001 0.950338
22120001 0.947079
22130001 0.950678
22140001 0.946143
22150001 0.952841
22160001 0.945946
22170001 0.951726
22180001 0.946073
22190001 0.951644
22200001 0.94603
22210001 0.952756
22220001 0.945677
22230001 0.953973
22240001 0.946448
22250001 0.953506
22260001 0.946367
22270001 0.95628
22280001 1.37665
22290001 0.954537
22300001 0.946133
22310001 0.954391
22320001 1.37648
22330001 0.95413
22340001 0.947971
22350001 0.955751
22360001 0.947139
22370001 0.956032
22380001 0.947323
22390001 0.954627
22400001 0.949398
22410001 0.956369
22420001 0.949256
22430001 1.24523
22440001 0.949059
22450001 0.953505
22460001 0.949247
22470001 0.95455
22480001 0.950913
22490001 0.951561
22500001 0.951659
22510001 0.951634
22520001 0.951621
22530001 0.950235
22540001 0.951342
22550001 0.949283
22560001 0.951784
22570001 0.948537
22580001 0.952212
22590001 0.947799
22600001 0.953449
22610001 0.951148
22620001 0.953402
22630001 0.947081
22640001 0.95455
22650001 0.94774
22660001 0.9541
22670001 0.947016
22680001 0.954576
22690001 0.949679
22700001 0.97625
22710001 0.948813
22720001 1.07058
22730001 0.947205
22740001 0.956508
22750001 0.94748
22760001 0.957645
22770001 1.37836
22780001 0.955962
22790001 0.948613
22800001 0.962505
22810001 0.948962
22820001 0.956672
22830001 1.37942
22840001 0.957144
22850001 0.95096
22860001 0.957624
22870001 1.38126
22880001 0.955879
22890001 0.957239
22900001 0.955141
22910001 0.953815
22920001 0.953983
22930001 0.95174
22940001 0.953653
22950001 0.956769
22960001 0.952482
22970001 0.953262
22980001 0.953496
22990001 0.953355
23000001 0.950786
23010001 0.953813
23020001 0.950057
23030001 0.953846
23040001 0.949164
23050001 0.954627
23060001 0.949567
23070001 0.956107
23080001 0.949852
23090001 0.955907
23100001 0.949345
23110001 0.95632
23120001 0.94979
23130001 0.96044
23140001 0.950476
23150001 0.959529
23160001 0.949441
23170001 1.09194
23180001 0.948859
23190001 0.957647
23200001 0.959899
23210001 0.960166
23220001 0.950796
23230001 0.95864
23240001 0.950665
23250001 0.957598
23260001 0.956975
23270001 0.958462
23280001 0.952326
23290001 0.957452
23300001 0.954622
23310001 0.957222
23320001 0.952133
23330001 0.959758
23340001 0.953722
23350001 0.957879
23360001 0.954883
23370001 0.957305
23380001 0.95493
23390001 0.95549
23400001 0.9552
23410001 0.953541
23420001 0.954734
23430001 0.953433
23440001 0.955024
23450001 0.95212
23460001 0.955647
23470001 0.951366
23480001 0.958009
23490001 0.954226
23500001 0.956823
23510001 0.950756
23520001 0.956673
23530001 0.95088
23540001 0.958127
23550001 0.950621
23560001 0.95853
23570001 0.95276
23580001 0.958448
23590001 0.951562
23600001 1.07339
23610001 1.38014
23620001 0.959581
23630001 0.951121
23640001 0.961026
23650001 1.38046
23660001 0.959271
23670001 0.95305
23680001 0.959768
23690001 0.952065
23700001 0.961083
23710001 0.952449
23720001 0.959485
23730001 0.953811
23740001 0.961062
23750001 0.954316
23760001 1.24909
23770001 0.960193
23780001 0.95829
23790001 0.954179
23800001 0.957356
23810001 0.956047
23820001 0.956598
23830001 0.959758
23840001 0.956606
23850001 0.956285
23860001 0.954818
23870001 0.956311
23880001 0.954213
23890001 0.957525
23900001 0.953414
23910001 0.957189
23920001 0.953305
23930001 0.958535
23940001 0.953844
23950001 0.958441
23960001 0.953042
23970001 0.959458
23980001 0.952938
23990001 0.959062
24000001 0.952081
24010001 0.959693
24020001 0.953819
24030001 0.981095
24040001 0.953749
24050001 1.09455
24060001 0.951979
24070001 0.96148
24080001 0.952612
24090001 0.963533
24100001 0.953727
24110001 0.960983
24120001 0.953534
24130001 0.967525
24140001 0.959962
24150001 0.961586
24160001 1.38286
24170001 0.961811
24180001 0.957618
24190001 0.960306
24200001 1.38465
24210001 0.960477
24220001 0.956694
24230001 0.959785
24240001 0.958816
24250001 0.960782
24260001 0.956824
24270001 0.958513
24280001 0.958316
24290001 0.957251
24300001 0.957762
24310001 0.958477
24320001 0.958434
24330001 0.955662
24340001 0.958859
24350001 0.954313
24360001 0.95899
24370001 0.953972
24380001 0.959471
24390001 0.954371
24400001 0.961169
24410001 0.954148
24420001 0.960862
24430001 0.954359
24440001 0.961894
24450001 0.954523
24460001 0.965313
24470001 0.954504
24480001 0.964296
24490001 0.954413
24500001 0.963003
24510001 0.954417
24520001 0.962442
24530001 0.964779
24540001 0.964945
24550001 0.955796
24560001 0.963849
24570001 0.955504
24580001 0.962248
24590001 0.955737
24600001 0.962638
24610001 0.957365
24620001 0.962361
24630001 0.958656
24640001 1.25127
24650001 0.957122
24660001 0.964438
24670001 0.957477
24680001 0.962538
24690001 0.959809
24700001 0.959863
24710001 0.9597
24720001 0.96027
24730001 0.959607
24740001 0.958443
24750001 0.959405
24760001 0.958093
24770001 0.959855
24780001 0.956731
24790001 0.960417
24800001 0.95616
24810001 0.961461
24820001 0.958982
24830001 0.961332
24840001 0.955386
24850001 0.96179
24860001 0.955829
24870001 0.963168
24880001 0.954841
24890001 0.962415
24900001 0.957585
24910001 0.963296
24920001 0.95683
24930001 1.07772
24940001 1.38348
24950001 0.963868
24960001 0.955606
24970001 0.965647
24980001 1.38382
24990001 0.963939
25000001 0.956843
25010001 0.97045
25020001 0.956963
25030001 0.966018
25040001 0.95722
25050001 0.965188
25060001 0.958862
25070001 0.965696
25080001 0.958787
25090001 0.96402
25100001 0.965104
25110001 0.963189
25120001 0.961767
25130001 0.96205
25140001 0.960962
25150001 0.961698
25160001 0.964668
25170001 0.961302
25180001 0.961082
25190001 0.959432
25200001 0.961259
25210001 0.958875
25220001 0.962439
25230001 0.958054
25240001 0.961888
25250001 0.95805
25260001 0.962588
25270001 0.958758
25280001 0.964047
25290001 0.957818
25300001 0.964075
25310001 0.957361
25320001 0.963962
25330001 0.957515
25340001 0.968263
25350001 0.958648
25360001 0.985636
25370001 0.957574
25380001 1.09885
25390001 0.956892
25400001 0.966516
25410001 0.967788
25420001 0.968063
25430001 0.958562
25440001 0.965927
25450001 0.95783
25460001 0.965347
25470001 0.964846
25480001 0.966424
25490001 1.38618
25500001 0.965572
25510001 0.962599
25520001 0.965076
25530001 1.38793
25540001 0.967745
25550001 0.961658
25560001 0.964587
25570001 0.962838
25580001 0.965194
25590001 0.961666
25600001 0.963615
25610001 0.963073
25620001 0.961487
25630001 0.962413
25640001 0.961579
25650001 0.963252
25660001 0.960022
25670001 0.963638
25680001 0.959095
25690001 0.965693
25700001 0.95888
25710001 0.964608
25720001 0.958979
25730001 0.964527
25740001 0.958991
25750001 0.966061
25760001 0.958623
25770001 0.966815
25780001 0.961279
25790001 0.966326
25800001 0.959282
25810001 0.969058
25820001 1.38561
25830001 0.967341
25840001 0.959059
25850001 0.966937
25860001 1.38571
25870001 0.966935
25880001 0.960846
25890001 0.968537
25900001 0.960089
25910001 0.968804
25920001 0.960196
25930001 0.967409
25940001 0.962289
25950001 0.969017
25960001 0.962092
25970001 1.25503
25980001 0.961889
25990001 0.966271
26000001 0.962069
26010001 0.967312
26020001 0.96369
26030001 0.964325
26040001 0.964448
26050001 0.964415
26060001 0.964374
26070001 0.963009
26080001 0.964174
26090001 0.962046
26100001 0.964543
26110001 0.961337
26120001 0.96497
26130001 0.96059
26140001 0.966171
26150001 0.963899
26160001 0.966072
26170001 0.959861
26180001 0.967261
26190001 0.960521
26200001 0.966683
26210001 0.959795
26220001 0.967296
26230001 0.96243
26240001 0.988694
26250001 0.961577
26260001 1.08191
26270001 0.959998
26280001 0.969164
26290001 0.96025
26300001 0.970275
26310001 1.38732
26320001 0.968559
26330001 0.961369
26340001 0.975071
26350001 0.961687
26360001 0.969261
26370001 1.38821
26380001 0.96974
26390001 0.963674
26400001 0.968754
26410001 1.39001
26420001 0.968487
26430001 0.969827
26440001 0.967816
26450001 0.966429
26460001 0.966608
26470001 0.964378
26480001 0.966278
26490001 0.969342
26500001 0.96512
26510001 0.96589
26520001 0.966127
26530001 0.965992
26540001 0.963438
26550001 0.966401
26560001 0.962666
26570001 0.966442
26580001 0.961852
26590001 0.967185
26600001 0.962211
26610001 0.968675
26620001 0.962558
26630001 0.968454
26640001 0.961986
26650001 0.968898
26660001 0.962405
26670001 0.972918
26680001 0.963089
26690001 0.972001
26700001 0.962059
26710001 1.10293
26720001 0.961648
26730001 0.970139
26740001 0.972381
26750001 0.972638
26760001 0.963256
26770001 0.971194
26780001 0.963274
26790001 0.970082
26800001 0.969503
26810001 0.971096
26820001 0.964852
26830001 0.969937
26840001 0.967136
26850001 0.969697
26860001 0.964695
26870001 0.972192
26880001 0.966238
26890001 0.970341
26900001 0.967384
26910001 0.969803
26920001 0.967386
26930001 0.967967
26940001 0.967784
26950001 0.966054
26960001 0.967156
26970001 0.965953
26980001 0.967482
26990001 0.964635
27000001 0.968123
27010001 0.963884
27020001 0.970441
27030001 0.966637
27040001 0.969218
27050001 0.963255
27060001 0.969104
27070001 0.963415
27080001 0.970533
27090001 0.963122
27100001 0.970923
27110001 0.965223
27120001 0.970866
27130001 0.964037
27140001 1.08447
27150001 1.38877
27160001 0.971941
27170001 0.963751
27180001 0.97333
27190001 1.38909
27200001 0.97162
27210001 0.965479
27220001 0.978621
27230001 0.964521
27240001 0.973407
27250001 0.964916
27260001 0.971815
27270001 0.966161
27280001 0.973387
27290001 0.966735
27300001 1.25859
27310001 0.972493
27320001 0.970624
27330001 0.966572
27340001 0.96969
27350001 0.968394
27360001 0.968955
27370001 0.972052
27380001 0.968991
27390001 0.968631
27400001 0.96721
27410001 0.968713
27420001 0.966578
27430001 0.96984
27440001 0.965762
27450001 0.969522
27460001 0.96565
27470001 0.970861
27480001 0.966197
27490001 0.97078
27500001 0.965441
27510001 0.971731
27520001 0.964574
27530001 0.971336
27540001 0.964443
27550001 0.975581
27560001 0.966153
27570001 0.993088
27580001 0.966081
27590001 1.10529
27600001 0.964324
27610001 0.973707
27620001 0.964971
27630001 0.975745
27640001 0.966051
27650001 0.973209
27660001 0.965849
27670001 0.979612
27680001 0.97213
27690001 0.973811
27700001 1.39137
27710001 0.974009
27720001 0.969896
27730001 0.972528
27740001 1.39313
27750001 0.972665
27760001 0.968945
27770001 0.971996
27780001 0.971029
27790001 0.972946
27800001 0.969063
27810001 0.970711
27820001 0.970532
27830001 0.969485
27840001 0.969972
27850001 0.970699
27860001 0.970634
27870001 0.967918
27880001 0.971061
27890001 0.966569
27900001 0.971173
27910001 0.966231
27920001 0.971643
27930001 0.966606
27940001 0.973241
27950001 0.966372
27960001 0.973012
27970001 0.966587
27980001 0.974025
27990001 0.966745
28000001 0.977449
28010001 0.966731
28020001 0.976378
28030001 0.966607
28040001 0.974607
28050001 0.966617
28060001 0.974545
28070001 0.976856
28080001 0.976941
28090001 0.967994
28100001 0.975921
28110001 0.967678
28120001 0.974355
28130001 0.967903
28140001 0.974736
28150001 0.96948
28160001 0.974418
28170001 0.970085
28180001 1.26059
28190001 0.96925
28200001 0.976465
28210001 0.969611
28220001 0.974575
28230001 0.971927
28240001 0.971967
28250001 0.971823
28260001 0.972328
28270001 0.971682
28280001 0.970575
28290001 0.971493
28300001 0.970187
28310001 0.971927
28320001 0.968863
28330001 0.972478
28340001 0.968294
28350001 0.973524
28360001 0.971062
28370001 0.973367
28380001 0.967496
28390001 0.973874
28400001 0.96798
28410001 0.975191
28420001 0.966944
28430001 0.974448
28440001 0.969684
28450001 0.975374
28460001 0.968979
28470001 1.08845
28480001 1.39186
28490001 0.976082
28500001 0.967666
28510001 0.977605
28520001 1.3922
28530001 0.975912
28540001 0.968883
28550001 0.982341
28560001 0.969014
28570001 0.977975
28580001 0.969635
28590001 0.977124
28600001 0.970884
28610001 0.977665
28620001 0.970801
28630001 0.975962
28640001 0.977034
28650001 0.975045
28660001 0.9736
28670001 0.974018
28680001 0.972946
28690001 0.973658
28700001 0.976596
28710001 0.973274
28720001 0.973037
28730001 0.971413
28740001 0.973233
28750001 0.970855
28760001 0.974364
28770001 0.970043
28780001 0.973748
28790001 0.970042
28800001 0.974511
28810001 0.970732
28820001 0.975932
28830001 0.969781
28840001 0.976304
28850001 0.969345
28860001 0.975861
28870001 0.969956
28880001 0.980105
28890001 0.970604
28900001 0.997238
28910001 0.969534
28920001 1.10928
28930001 0.968847
28940001 0.97831
28950001 0.979644
28960001 0.979871
28970001 0.970497
28980001 0.977742
28990001 0.969778
29000001 0.977271
29010001 0.976698
29020001 0.978251
29030001 1.39442
29040001 0.977412
29050001 0.974468
29060001 0.976917
29070001 1.39616
29080001 0.979549
29090001 0.973528
29100001 0.976435
29110001 0.974692
29120001 0.97702
29130001 0.973525
29140001 0.975467
29150001 0.97492
29160001 0.973329
29170001 0.97426
29180001 0.973437
29190001 0.975071
29200001 0.971833
29210001 0.975403
29220001 0.970973
29230001 0.97755
29240001 0.970746
29250001 0.976409
29260001 0.970868
29270001 0.976338
29280001 0.970879
29290001 0.977925
29300001 0.970471
29310001 0.978563
29320001 0.97311
29330001 0.9781
29340001 0.971129
29350001 0.98079
29360001 1.39385
29370001 0.979104
29380001 0.970921
29390001 0.978665
29400001 1.39388
29410001 0.978667
29420001 0.972661
29430001 0.980231
29440001 0.971771
29450001 0.980511
29460001 0.972004
29470001 0.979131
29480001 0.974069
29490001 0.980701
29500001 0.973869
29510001 1.2641
29520001 0.973672
29530001 0.978054
29540001 0.973858
29550001 0.979031
29560001 0.975477
29570001 0.97607
29580001 0.976183
29590001 0.976134
29600001 0.976106
29610001 0.974747
29620001 0.975916
29630001 0.973765
29640001 0.976272
29650001 0.97311
29660001 0.976674
29670001 0.972348
29680001 0.977892
29690001 0.975641
29700001 0.977758
29710001 0.971615
29720001 0.978915
29730001 0.97228
29740001 0.978424
29750001 0.971551
29760001 0.978977
29770001 0.974035
29780001 1.00012
29790001 0.973304
29800001 1.09234
29810001 0.971762
29820001 0.980792
29830001 0.971975
29840001 0.981898
29850001 1.39554
29860001 0.980198
29870001 0.973062
29880001 0.986637
29890001 0.973392
29900001 0.981157
29910001 1.39638
29920001 0.981343
29930001 0.975331
29940001 0.979604
29950001 1.39811
29960001 0.98009
29970001 0.981388
29980001 0.979428
29990001 0.978063
