1 2195.6
10001 595.087
20001 337.539
30001 207.23
40001 132.823
50001 131.016
60001 88.9132
70001 64.8601
80001 52.5265
90001 48.3925
100001 32.545
110001 28.8595
120001 24.4422
130001 22.1604
140001 16.0881
150001 17.1852
160001 17.1051
170001 12.925
180001 10.1403
190001 10.9583
200001 14.0527
210001 9.30649
220001 7.88844
230001 8.60126
240001 7.27987
250001 7.79869
260001 6.86017
270001 7.41841
280001 6.69025
290001 6.97841
300001 6.40551
310001 6.87568
320001 6.39738
330001 6.37783
340001 6.11393
350001 6.13192
360001 6.05854
370001 5.84968
380001 6.01126
390001 5.60977
400001 5.88415
410001 5.39008
420001 5.77775
430001 5.16029
440001 5.7103
450001 4.98191
460001 5.64448
470001 4.89825
480001 5.63303
490001 4.83737
500001 5.60929
510001 4.68108
520001 5.55865
530001 4.69968
540001 5.49461
550001 4.65593
560001 5.51107
570001 4.68451
580001 5.5396
590001 4.69919
600001 6.44682
610001 5.47211
620001 5.42247
630001 4.77891
640001 5.30513
650001 5.10294
660001 5.21465
670001 4.61007
680001 5.16091
690001 4.70102
700001 5.12879
710001 11.2714
720001 5.03451
730001 4.85552
740001 4.97632
750001 11.9154
760001 5.09112
770001 4.79257
780001 4.91948
790001 4.76927
800001 4.89314
810001 4.78973
820001 4.77873
830001 4.86467
840001 4.62985
850001 4.82145
860001 4.5661
870001 4.84212
880001 4.3911
890001 4.85621
900001 4.31281
910001 4.9137
920001 4.28948
930001 4.98898
940001 4.27603
950001 4.95383
960001 4.31752
970001 4.98968
980001 4.33219
990001 5.06241
1000001 4.32688
1010001 4.98228
1020001 4.31111
1030001 5.0205
1040001 11.7348
1050001 5.26554
1060001 4.75525
1070001 5.00161
1080001 4.4577
1090001 4.97297
1100001 4.40883
1110001 4.9732
1120001 4.39944
1130001 4.84449
1140001 4.32597
1150001 4.82183
1160001 5.31535
1170001 4.84215
1180001 4.50532
1190001 6.56821
1200001 5.36447
1210001 4.77329
1220001 4.52893
1230001 4.74044
1240001 4.71214
1250001 4.62583
1260001 4.59231
1270001 4.53923
1280001 4.68283
1290001 4.46154
1300001 4.66169
1310001 4.31022
1320001 4.68298
1330001 4.22827
1340001 4.72009
1350001 4.20509
1360001 4.81147
1370001 4.25389
1380001 4.83615
1390001 4.17281
1400001 4.86745
1410001 4.23215
1420001 4.89582
1430001 4.23695
1440001 4.87087
1450001 4.24778
1460001 5.00666
1470001 4.31009
1480001 7.79618
1490001 11.6397
1500001 4.95177
1510001 4.21096
1520001 4.88459
1530001 11.6334
1540001 4.84439
1550001 4.24342
1560001 4.87019
1570001 4.28545
1580001 4.8584
1590001 11.1527
1600001 4.7914
1610001 4.52306
1620001 4.76898
1630001 11.8112
1640001 4.98292
1650001 4.68537
1660001 4.68848
1670001 4.49804
1680001 4.62107
1690001 4.56703
1700001 4.49821
1710001 4.67246
1720001 4.43342
1730001 4.64204
1740001 4.39182
1750001 4.63617
1760001 4.25558
1770001 4.65499
1780001 4.18756
1790001 4.69501
1800001 4.16045
1810001 4.79082
1820001 4.17938
1830001 4.81589
1840001 4.09362
1850001 4.82807
1860001 4.19862
1870001 4.83043
1880001 4.20517
1890001 4.89727
1900001 4.1866
1910001 4.89216
1920001 4.26221
1930001 6.00991
1940001 5.1403
1950001 4.87497
1960001 4.36235
1970001 4.85956
1980001 4.74166
1990001 4.81372
2000001 4.35678
2010001 4.79018
2020001 4.33907
2030001 4.78546
2040001 5.19029
2050001 4.70925
2060001 4.55042
2070001 4.66179
2080001 5.2611
2090001 4.85512
2100001 4.53082
2110001 4.60686
2120001 4.5295
2130001 4.65167
2140001 4.53132
2150001 4.58474
2160001 4.628
2170001 4.38707
2180001 4.58431
2190001 4.31286
2200001 4.62746
2210001 4.21586
2220001 4.64852
2230001 4.15919
2240001 4.73196
2250001 4.17781
2260001 4.7931
2270001 4.09967
2280001 4.79975
2290001 4.20101
2300001 4.83913
2310001 4.21681
2320001 4.89822
2330001 4.17889
2340001 4.83287
2350001 4.21542
2360001 7.74935
2370001 11.69
2380001 5.1523
2390001 4.64128
2400001 4.88149
2410001 11.6031
2420001 4.81869
2430001 4.31135
2440001 4.82289
2450001 4.25006
2460001 4.79765
2470001 4.2336
2480001 4.74632
2490001 4.50596
2500001 4.77363
2510001 4.41937
2520001 6.53733
2530001 4.69221
2540001 4.66196
2550001 4.45024
2560001 4.68648
2570001 4.58265
2580001 4.56272
2590001 4.62521
2600001 4.42869
2610001 4.61247
2620001 4.37932
2630001 4.59502
2640001 4.2405
2650001 4.63362
2660001 4.165
2670001 4.6677
2680001 4.16929
2690001 4.78156
2700001 4.19846
2710001 4.76331
2720001 4.1105
2730001 4.80305
2740001 4.13907
2750001 4.80043
2760001 4.13258
2770001 4.81454
2780001 4.18752
2790001 4.93658
2800001 4.28635
2810001 5.9693
2820001 5.08789
2830001 4.89664
2840001 4.17254
2850001 4.8612
2860001 4.74153
2870001 4.77837
2880001 4.18467
2890001 4.84515
2900001 4.3233
2910001 4.77155
2920001 11.137
2930001 4.74967
2940001 4.49581
2950001 4.65356
2960001 11.778
2970001 4.97459
2980001 4.45102
2990001 4.63448
3000001 4.50044
3010001 4.5905
3020001 4.50975
3030001 4.48038
3040001 4.57613
3050001 4.40912
3060001 4.59128
3070001 4.3915
3080001 4.60923
3090001 4.23735
3100001 4.63649
3110001 4.12583
3120001 4.6746
3130001 4.11681
3140001 4.78411
3150001 4.11595
3160001 4.79698
3170001 4.15488
3180001 4.81031
3190001 4.24695
3200001 4.90541
3210001 4.18577
3220001 4.87184
3230001 4.20092
3240001 4.8783
3250001 4.22624
3260001 6.04304
3270001 4.65857
3280001 4.85336
3290001 4.35196
3300001 4.84249
3310001 4.21823
3320001 4.85336
3330001 4.32609
3340001 4.75394
3350001 4.31646
3360001 4.72426
3370001 5.228
3380001 4.69721
3390001 4.57368
3400001 6.48367
3410001 5.27332
3420001 4.84999
3430001 4.45672
3440001 4.6544
3450001 4.53896
3460001 4.60828
3470001 4.50095
3480001 4.53103
3490001 4.61554
3500001 4.37753
3510001 4.58557
3520001 4.27962
3530001 4.60188
3540001 4.18362
3550001 4.63696
3560001 4.15391
3570001 4.73767
3580001 4.15862
3590001 4.78451
3600001 4.08888
3610001 4.80053
3620001 4.16998
3630001 4.82898
3640001 4.15011
3650001 4.79756
3660001 4.1814
3670001 4.81838
3680001 4.26833
3690001 7.7584
3700001 11.6709
3710001 5.13564
3720001 4.18161
3730001 4.843
3740001 11.594
3750001 4.80003
3760001 4.2535
3770001 4.81967
3780001 4.22319
3790001 4.79623
3800001 4.22328
3810001 4.75773
3820001 4.45761
3830001 4.77277
3840001 4.40173
3850001 4.96413
3860001 4.64684
3870001 4.64547
3880001 4.50206
3890001 4.58788
3900001 4.55881
3910001 4.50717
3920001 4.6371
3930001 4.40727
3940001 4.6035
3950001 4.3269
3960001 4.61264
3970001 4.24351
3980001 4.63618
3990001 4.16318
4000001 4.6625
4010001 4.16467
4020001 4.74111
4030001 4.18583
4040001 4.79754
4050001 4.08364
4060001 4.80062
4070001 4.16016
4080001 4.80153
4090001 4.16272
4100001 4.87191
4110001 4.20922
4120001 4.94898
4130001 4.25369
4140001 5.99098
4150001 5.10774
4160001 4.89713
4170001 4.37538
4180001 4.83968
4190001 4.73612
4200001 4.78094
4210001 4.24251
4220001 4.7665
4230001 4.341
4240001 4.76138
4250001 11.1243
4260001 4.68624
4270001 4.52336
4280001 4.65306
4290001 11.7882
4300001 4.84521
4310001 4.50527
4320001 4.6342
4330001 4.48436
4340001 4.6379
4350001 4.51919
4360001 4.54917
4370001 4.60394
4380001 4.40316
4390001 4.5759
4400001 4.3734
4410001 4.60801
4420001 4.19704
4430001 4.63702
4440001 4.13053
4450001 4.70955
4460001 4.12358
4470001 4.78963
4480001 4.12368
4490001 4.77016
4500001 4.17167
4510001 4.80293
4520001 4.19693
4530001 4.89463
4540001 4.17965
4550001 4.82099
4560001 4.19505
4570001 4.86736
4580001 11.6776
4590001 5.12856
4600001 4.64341
4610001 4.85301
4620001 4.33941
4630001 4.83359
4640001 4.29228
4650001 4.85674
4660001 4.28558
4670001 4.72977
4680001 4.21818
4690001 4.71999
4700001 5.22939
4710001 4.73946
4720001 4.41157
4730001 6.48982
4740001 5.28065
4750001 4.69471
4760001 4.43993
4770001 4.65298
4780001 4.57652
4790001 4.54847
4800001 4.50505
4810001 4.4628
4820001 4.60289
4830001 4.39682
4840001 4.58459
4850001 4.24283
4860001 4.60678
4870001 4.16239
4880001 4.64701
4890001 4.14671
4900001 4.74439
4910001 4.19481
4920001 4.77026
4930001 4.10692
4940001 4.80476
4950001 4.18464
4960001 4.83292
4970001 4.18206
4980001 4.80644
4990001 4.2001
5000001 4.93907
5010001 4.27736
5020001 7.75872
5030001 11.6191
5040001 4.88584
5050001 4.161
5060001 4.83228
5070001 11.6086
5080001 4.78934
5090001 4.19504
5100001 4.82652
5110001 4.24053
5120001 4.83249
5130001 11.1337
5140001 4.75291
5150001 4.48232
5160001 4.72652
5170001 11.7903
5180001 4.94454
5190001 4.65251
5200001 4.66192
5210001 4.4644
5220001 4.58923
5230001 4.53654
5240001 4.46838
5250001 4.64336
5260001 4.40185
5270001 4.61167
5280001 4.36392
5290001 4.60717
5300001 4.22662
5310001 4.62304
5320001 4.16033
5330001 4.66639
5340001 4.12867
5350001 4.76346
5360001 4.17019
5370001 4.78941
5380001 4.06917
5390001 4.80105
5400001 4.1789
5410001 4.80328
5420001 4.18372
5430001 4.87361
5440001 4.16651
5450001 4.87335
5460001 4.23797
5470001 5.98929
5480001 5.10635
5490001 4.83406
5500001 4.34347
5510001 4.83708
5520001 4.72134
5530001 4.79521
5540001 4.32544
5550001 4.76808
5560001 4.31829
5570001 4.76669
5580001 5.18294
5590001 4.69305
5600001 4.53573
5610001 4.63876
5620001 5.25059
5630001 4.8561
5640001 4.51764
5650001 4.60735
5660001 4.52349
5670001 4.63918
5680001 4.52261
5690001 4.56452
5700001 4.61298
5710001 4.3722
5720001 4.57174
5730001 4.29777
5740001 4.61521
5750001 4.19928
5760001 4.63538
5770001 4.14699
5780001 4.71941
5790001 4.16352
5800001 4.7862
5810001 4.09138
5820001 4.788
5830001 4.19968
5840001 4.82726
5850001 4.20075
5860001 4.89221
5870001 4.16813
5880001 4.82096
5890001 4.21215
5900001 7.73918
5910001 11.682
5920001 5.13936
5930001 4.62682
5940001 4.86449
5950001 11.6002
5960001 4.80791
5970001 4.30161
5980001 4.81098
5990001 4.23499
6000001 4.79113
6010001 4.22315
6020001 4.73596
6030001 4.49659
6040001 4.77012
6050001 4.40853
6060001 6.52232
6070001 4.67733
6080001 4.66506
6090001 4.44189
6100001 4.65557
6110001 4.57896
6120001 4.55918
6130001 4.61733
6140001 4.42029
6150001 4.60922
6160001 4.37325
6170001 4.59358
6180001 4.23156
6190001 4.62853
6200001 4.15828
6210001 4.66123
6220001 4.16294
6230001 4.77071
6240001 4.1961
6250001 4.75695
6260001 4.10338
6270001 4.79747
6280001 4.13154
6290001 4.79608
6300001 4.12747
6310001 4.8162
6320001 4.17586
6330001 4.9305
6340001 4.28842
6350001 5.96707
6360001 5.08057
6370001 4.88788
6380001 4.16506
6390001 4.85422
6400001 4.7284
6410001 4.77221
6420001 4.17874
6430001 4.84104
6440001 4.31363
6450001 4.76427
6460001 11.1359
6470001 4.74623
6480001 4.45531
6490001 4.64744
6500001 11.7748
6510001 4.97561
6520001 4.472
6530001 4.63721
6540001 4.50009
6550001 4.61106
6560001 4.5071
6570001 4.48361
6580001 4.57326
6590001 4.40515
6600001 4.58608
6610001 4.386
6620001 4.60553
6630001 4.24358
6640001 4.62947
6650001 4.11326
6660001 4.67182
6670001 4.11216
6680001 4.7788
6690001 4.11239
6700001 4.79683
6710001 4.15231
6720001 4.80746
6730001 4.26238
6740001 4.9012
6750001 4.18415
6760001 4.86772
6770001 4.20063
6780001 4.86768
6790001 4.2213
6800001 6.0335
6810001 4.65573
6820001 4.84647
6830001 4.34862
6840001 4.83366
6850001 4.21591
6860001 4.85028
6870001 4.32258
6880001 4.75567
6890001 4.32163
6900001 4.71579
6910001 5.22867
6920001 4.6945
6930001 4.55181
6940001 6.47457
6950001 5.2708
6960001 4.85495
6970001 4.44478
6980001 4.65277
6990001 4.53354
7000001 4.59018
7010001 4.4989
7020001 4.51477
7030001 4.61419
7040001 4.38178
7050001 4.58542
7060001 4.27755
7070001 4.60166
7080001 4.17835
7090001 4.63555
7100001 4.1508
7110001 4.73732
7120001 4.15235
7130001 4.787
7140001 4.08844
7150001 4.79852
7160001 4.16635
7170001 4.82904
7180001 4.1495
7190001 4.79651
7200001 4.17695
7210001 4.82057
7220001 4.25425
7230001 7.7558
7240001 11.6665
7250001 5.14578
7260001 4.1731
7270001 4.84123
7280001 11.591
7290001 4.79258
7300001 4.24292
7310001 4.81847
7320001 4.22039
7330001 4.79487
7340001 4.22091
7350001 4.75171
7360001 4.45817
7370001 4.77159
7380001 4.40249
7390001 4.95546
7400001 4.64538
7410001 4.64564
7420001 4.49745
7430001 4.58587
7440001 4.55833
7450001 4.50524
7460001 4.63573
7470001 4.40519
7480001 4.60873
7490001 4.32014
7500001 4.61462
7510001 4.24049
7520001 4.63627
7530001 4.15925
7540001 4.661
7550001 4.16002
7560001 4.74981
7570001 4.18857
7580001 4.79455
7590001 4.08232
7600001 4.79724
7610001 4.15931
7620001 4.8053
7630001 4.15753
7640001 4.86991
7650001 4.19983
7660001 4.94466
7670001 4.25451
7680001 5.98917
7690001 5.10533
7700001 4.89819
7710001 4.36076
7720001 4.83551
7730001 4.73199
7740001 4.779
7750001 4.24957
7760001 4.76822
7770001 4.33846
7780001 4.76032
7790001 11.1253
7800001 4.69754
7810001 4.52649
7820001 4.65044
7830001 11.7852
7840001 4.84484
7850001 4.50412
7860001 4.63311
7870001 4.48957
7880001 4.63857
7890001 4.51878
7900001 4.54174
7910001 4.60348
7920001 4.40049
7930001 4.57687
7940001 4.35999
7950001 4.60824
7960001 4.1949
7970001 4.63805
7980001 4.12496
7990001 4.71158
8000001 4.12228
8010001 4.78963
8020001 4.12075
8030001 4.77058
8040001 4.16979
8050001 4.80668
8060001 4.19347
8070001 4.89205
8080001 4.17134
8090001 4.82171
8100001 4.19666
8110001 4.86602
8120001 11.6758
8130001 5.13046
8140001 4.6401
8150001 4.85488
8160001 4.32587
8170001 4.83182
8180001 4.28467
8190001 4.85422
8200001 4.28417
8210001 4.72929
8220001 4.21742
8230001 4.7194
8240001 5.22809
8250001 4.782
8260001 4.41326
8270001 6.48509
8280001 5.27975
8290001 4.69448
8300001 4.44052
8310001 4.65096
8320001 4.53886
8330001 4.5475
8340001 4.50788
8350001 4.45401
8360001 4.60916
8370001 4.37949
8380001 4.58455
8390001 4.23897
8400001 4.61098
8410001 4.16115
8420001 4.64721
8430001 4.15022
8440001 4.74641
8450001 4.1911
8460001 4.76956
8470001 4.10286
8480001 4.80608
8490001 4.18325
8500001 4.82657
8510001 4.18246
8520001 4.806
8530001 4.18763
8540001 4.93772
8550001 4.2772
8560001 7.75826
8570001 11.6164
8580001 4.88962
8590001 4.16118
8600001 4.8299
8610001 11.6067
8620001 4.78849
8630001 4.19351
8640001 4.82615
8650001 4.2468
8660001 4.8326
8670001 11.1307
8680001 4.75319
8690001 4.48215
8700001 4.71012
8710001 11.7896
8720001 4.93963
8730001 4.65309
8740001 4.652
8750001 4.46525
8760001 4.58844
8770001 4.5105
8780001 4.46544
8790001 4.64176
8800001 4.40281
8810001 4.61166
8820001 4.37295
8830001 4.6083
8840001 4.22676
8850001 4.62296
8860001 4.15804
8870001 4.66705
8880001 4.12238
8890001 4.75985
8900001 4.14737
8910001 4.78992
8920001 4.07373
8930001 4.80094
8940001 4.18191
8950001 4.80985
8960001 4.18704
8970001 4.8743
8980001 4.16111
8990001 4.87315
9000001 4.23687
9010001 5.98956
9020001 5.10272
9030001 4.84169
9040001 4.3498
9050001 4.8367
9060001 4.72244
9070001 4.76707
9080001 4.31998
9090001 4.76919
9100001 4.31994
9110001 4.7889
9120001 5.18796
9130001 4.69274
9140001 4.54142
9150001 4.63763
9160001 5.26755
9170001 4.85508
9180001 4.51668
9190001 4.62495
9200001 4.52621
9210001 4.64068
9220001 4.52103
9230001 4.5607
9240001 4.6144
9250001 4.37155
9260001 4.57356
9270001 4.29565
9280001 4.61318
9290001 4.2022
9300001 4.63515
9310001 4.14866
9320001 4.72048
9330001 4.16915
9340001 4.78596
9350001 4.09029
9360001 4.78743
9370001 4.19304
9380001 4.82687
9390001 4.20646
9400001 4.8906
9410001 4.17085
9420001 4.8219
9430001 4.21617
9440001 7.74657
9450001 11.6788
9460001 5.13976
9470001 4.62652
9480001 4.86868
9490001 11.6008
9500001 4.80851
9510001 4.30811
9520001 4.81648
9530001 4.21885
9540001 4.79356
9550001 4.22318
9560001 4.72779
9570001 4.48513
9580001 4.77391
9590001 4.4062
9600001 6.52266
9610001 4.66225
9620001 4.67494
9630001 4.44179
9640001 4.6375
9650001 4.58552
9660001 4.56271
9670001 4.61753
9680001 4.42095
9690001 4.6191
9700001 4.37588
9710001 4.59589
9720001 4.23037
9730001 4.62908
9740001 4.15749
9750001 4.66087
9760001 4.16489
9770001 4.76816
9780001 4.19571
9790001 4.75776
9800001 4.10212
9810001 4.79768
9820001 4.12747
9830001 4.80246
9840001 4.12552
9850001 4.82191
9860001 4.17132
9870001 4.93135
9880001 4.28641
9890001 5.99659
9900001 5.07985
9910001 4.88829
9920001 4.16492
9930001 4.83952
9940001 4.728
9950001 4.77147
9960001 4.17898
9970001 4.85204
9980001 4.32689
9990001 4.76287
10000001 11.1388
10010001 4.75005
10020001 4.46789
10030001 4.64668
10040001 11.7747
10050001 4.95937
10060001 4.48987
10070001 4.64021
10080001 4.50353
10090001 4.6181
10100001 4.50926
10110001 4.49594
10120001 4.57594
10130001 4.40504
10140001 4.58609
10150001 4.39227
10160001 4.60862
10170001 4.24655
10180001 4.63048
10190001 4.10778
10200001 4.67527
10210001 4.11225
10220001 4.77893
10230001 4.11089
10240001 4.7975
10250001 4.15107
10260001 4.80851
10270001 4.26515
10280001 4.89652
10290001 4.1864
10300001 4.87302
10310001 4.20861
10320001 4.86465
10330001 4.22293
10340001 6.0334
10350001 4.65711
10360001 4.84593
10370001 4.3484
10380001 4.82589
10390001 4.21158
10400001 4.84987
10410001 4.32107
10420001 4.74896
10430001 4.24437
10440001 4.71502
10450001 5.23229
10460001 4.69396
10470001 4.54741
10480001 6.4739
10490001 5.27071
10500001 4.85468
10510001 4.44021
10520001 4.65214
10530001 4.53051
10540001 4.60484
10550001 4.49891
10560001 4.5067
10570001 4.61304
10580001 4.38641
10590001 4.58445
10600001 4.27685
10610001 4.60139
10620001 4.17649
10630001 4.63611
10640001 4.15005
10650001 4.73244
10660001 4.15093
10670001 4.78968
10680001 4.08796
10690001 4.79887
10700001 4.16781
10710001 4.82865
10720001 4.1305
10730001 4.79709
10740001 4.17314
10750001 4.82288
10760001 4.2432
10770001 7.75572
10780001 11.6654
10790001 5.13193
10800001 4.16914
10810001 4.84161
10820001 11.5905
10830001 4.78965
10840001 4.23835
10850001 4.81862
10860001 4.21902
10870001 4.79499
10880001 4.20704
10890001 4.74683
10900001 4.45898
10910001 4.7715
10920001 4.40865
10930001 4.96306
10940001 4.64514
10950001 4.64568
10960001 4.49351
10970001 4.5854
10980001 4.55802
10990001 4.50246
11000001 4.63705
11010001 4.40384
11020001 4.61161
11030001 4.31188
11040001 4.61605
11050001 4.23869
11060001 4.63686
11070001 4.15496
11080001 4.66254
11090001 4.15698
11100001 4.75196
11110001 4.19763
11120001 4.79747
11130001 4.08207
11140001 4.79112
11150001 4.15873
11160001 4.806
11170001 4.1677
11180001 4.87055
11190001 4.19232
11200001 4.93979
11210001 4.25475
11220001 5.98994
11230001 5.10988
11240001 4.89549
11250001 4.35183
11260001 4.83643
11270001 4.7368
11280001 4.77811
11290001 4.26399
11300001 4.7645
11310001 4.33327
11320001 4.76005
11330001 11.1235
11340001 4.6902
11350001 4.52571
11360001 4.65156
11370001 11.7847
11380001 4.86126
11390001 4.50461
11400001 4.63381
11410001 4.50678
11420001 4.6388
11430001 4.51899
11440001 4.54236
11450001 4.60524
11460001 4.40431
11470001 4.57893
11480001 4.33715
11490001 4.60909
11500001 4.19408
11510001 4.63788
11520001 4.12456
11530001 4.7109
11540001 4.12174
11550001 4.79332
11560001 4.11897
11570001 4.77225
11580001 4.17685
11590001 4.80497
11600001 4.18423
11610001 4.89168
11620001 4.16075
11630001 4.8225
11640001 4.19679
11650001 4.86558
11660001 11.6659
11670001 5.13236
11680001 4.63776
11690001 4.85388
11700001 4.34375
11710001 4.81757
11720001 4.29076
11730001 4.85152
11740001 4.28809
11750001 4.72855
11760001 4.21943
11770001 4.72178
11780001 5.23097
11790001 4.7697
11800001 4.40471
11810001 6.48523
11820001 5.27921
11830001 4.67966
11840001 4.44277
11850001 4.65071
11860001 4.54402
11870001 4.54894
11880001 4.50792
11890001 4.44814
11900001 4.6103
11910001 4.38266
11920001 4.58562
11930001 4.23173
11940001 4.61163
11950001 4.16147
11960001 4.64812
11970001 4.14761
11980001 4.75309
11990001 4.19865
12000001 4.76967
12010001 4.09791
12020001 4.80633
12030001 4.18151
12040001 4.82376
12050001 4.18086
12060001 4.80608
12070001 4.1817
12080001 4.93467
12090001 4.27792
12100001 7.75822
12110001 11.6048
12120001 4.89644
12130001 4.16049
12140001 4.82772
12150001 11.6099
12160001 4.78804
12170001 4.19112
12180001 4.826
12190001 4.2466
12200001 4.80239
12210001 11.1302
12220001 4.75085
12230001 4.47908
12240001 4.69742
12250001 11.7871
12260001 4.93826
12270001 4.65432
12280001 4.6467
12290001 4.46649
12300001 4.5881
12310001 4.49479
12320001 4.46587
12330001 4.64212
12340001 4.40292
12350001 4.61172
12360001 4.37976
12370001 4.6089
12380001 4.228
12390001 4.62399
12400001 4.15719
12410001 4.66774
12420001 4.12206
12430001 4.7643
12440001 4.14769
12450001 4.79122
12460001 4.07968
12470001 4.8017
12480001 4.18307
12490001 4.81726
12500001 4.18665
12510001 4.87693
12520001 4.14627
12530001 4.87249
12540001 4.24026
12550001 5.9888
12560001 5.09827
12570001 4.84458
12580001 4.35097
12590001 4.83678
12600001 4.72304
12610001 4.78038
12620001 4.3205
12630001 4.76131
12640001 4.32315
12650001 4.77489
12660001 5.20193
12670001 4.69232
12680001 4.53784
12690001 4.63169
12700001 5.26819
12710001 4.85617
12720001 4.51706
12730001 4.62936
12740001 4.52662
12750001 4.64266
12760001 4.51642
12770001 4.56347
12780001 4.61558
12790001 4.36967
12800001 4.57455
12810001 4.29479
12820001 4.60869
12830001 4.20426
12840001 4.63664
12850001 4.15696
12860001 4.72165
12870001 4.18098
12880001 4.79449
12890001 4.0913
12900001 4.78752
12910001 4.18099
12920001 4.82632
12930001 4.21133
12940001 4.88313
12950001 4.17958
12960001 4.82304
12970001 4.22008
12980001 7.74835
12990001 11.6801
13000001 5.13932
13010001 4.62638
13020001 4.88985
13030001 11.5984
13040001 4.80962
13050001 4.31636
13060001 4.82221
13070001 4.21344
13080001 4.79278
13090001 4.22351
13100001 4.71779
13110001 4.49416
13120001 4.77632
13130001 4.4049
13140001 6.52296
13150001 4.6551
13160001 4.66999
13170001 4.44191
13180001 4.61125
13190001 4.57472
13200001 4.56013
13210001 4.61688
13220001 4.41683
13230001 4.60777
13240001 4.37814
13250001 4.59694
13260001 4.22966
13270001 4.63039
13280001 4.15696
13290001 4.66119
13300001 4.16371
13310001 4.76916
13320001 4.19477
13330001 4.76
13340001 4.10129
13350001 4.79847
13360001 4.14153
13370001 4.80331
13380001 4.12556
13390001 4.8183
13400001 4.17372
13410001 4.93225
13420001 4.29278
13430001 5.97728
13440001 5.08013
13450001 4.8909
13460001 4.16755
13470001 4.83048
13480001 4.72899
13490001 4.77193
13500001 4.17908
13510001 4.84963
13520001 4.32071
13530001 4.76294
13540001 11.1388
13550001 4.73738
13560001 4.47257
13570001 4.64663
13580001 11.7757
13590001 4.95244
13600001 4.48739
13610001 4.63825
13620001 4.50579
13630001 4.61994
13640001 4.5117
13650001 4.49793
13660001 4.57787
13670001 4.40345
13680001 4.58618
13690001 4.40339
13700001 4.61238
13710001 4.24382
13720001 4.63402
13730001 4.10889
13740001 4.67519
13750001 4.11199
13760001 4.77906
13770001 4.11066
13780001 4.79828
13790001 4.15135
13800001 4.80967
13810001 4.25083
13820001 4.89583
13830001 4.18646
13840001 4.87405
13850001 4.20525
13860001 4.86504
13870001 4.21989
13880001 6.03054
13890001 4.66223
13900001 4.84561
13910001 4.35064
13920001 4.83375
13930001 4.22215
13940001 4.84953
13950001 4.31979
13960001 4.74292
13970001 4.25252
13980001 4.71531
13990001 5.23589
14000001 4.69542
14010001 4.55155
14020001 6.47049
14030001 5.27221
14040001 4.85187
14050001 4.4137
14060001 4.65127
14070001 4.52894
14080001 4.59097
14090001 4.49916
14100001 4.50345
14110001 4.61153
14120001 4.39314
14130001 4.58477
14140001 4.27725
14150001 4.60157
14160001 4.17498
14170001 4.63693
14180001 4.1464
14190001 4.72391
14200001 4.15074
14210001 4.78879
14220001 4.08775
14230001 4.7985
14240001 4.17379
14250001 4.82984
14260001 4.13553
14270001 4.7971
14280001 4.17425
14290001 4.83025
14300001 4.24575
14310001 7.75685
14320001 11.6675
14330001 5.11859
14340001 4.16782
14350001 4.84283
14360001 11.5927
14370001 4.79226
14380001 4.24621
14390001 4.8191
14400001 4.22063
14410001 4.79442
14420001 4.20757
14430001 4.74407
14440001 4.45884
14450001 4.77042
14460001 4.40221
14470001 4.96113
14480001 4.64599
14490001 4.64542
14500001 4.49189
14510001 4.5856
14520001 4.55876
14530001 4.49258
14540001 4.63589
14550001 4.40374
14560001 4.61514
14570001 4.30402
14580001 4.61327
14590001 4.2376
14600001 4.63812
14610001 4.15255
14620001 4.6728
14630001 4.15404
14640001 4.75274
14650001 4.1955
14660001 4.79308
14670001 4.08172
14680001 4.79296
14690001 4.16557
14700001 4.80537
14710001 4.16324
14720001 4.86896
14730001 4.18887
14740001 4.93682
14750001 4.25467
14760001 5.99383
14770001 5.1079
14780001 4.89325
14790001 4.34781
14800001 4.83779
14810001 4.73792
14820001 4.77905
14830001 4.26215
14840001 4.75942
14850001 4.32984
14860001 4.76008
14870001 11.1269
14880001 4.6939
14890001 4.5283
14900001 4.65588
14910001 11.7858
14920001 4.85559
14930001 4.50611
14940001 4.63572
14950001 4.51113
14960001 4.63956
14970001 4.51932
14980001 4.54138
14990001 4.60615
15000001 4.40169
15010001 4.57945
15020001 4.34345
15030001 4.60975
15040001 4.19391
15050001 4.63936
15060001 4.12559
15070001 4.71248
15080001 4.12323
15090001 4.80028
15100001 4.11802
15110001 4.77288
15120001 4.17452
15130001 4.81347
15140001 4.18243
15150001 4.89223
15160001 4.15741
15170001 4.82183
15180001 4.19895
15190001 4.86651
15200001 11.6662
15210001 5.13344
15220001 4.63657
15230001 4.85733
15240001 11.6698
15250001 4.81048
15260001 4.29211
15270001 4.85018
15280001 4.28468
15290001 4.73476
15300001 4.22222
15310001 4.72086
15320001 5.24151
15330001 4.76573
15340001 4.40391
15350001 6.49055
15360001 5.28379
15370001 4.66547
15380001 4.44162
15390001 4.6506
15400001 4.57489
15410001 4.54816
15420001 4.50842
15430001 4.44285
15440001 4.61601
15450001 4.38292
15460001 4.58854
15470001 4.23356
15480001 4.61143
15490001 4.15923
15500001 4.65025
15510001 4.13286
15520001 4.76155
15530001 4.19719
15540001 4.76979
15550001 4.09429
15560001 4.80455
15570001 4.17279
15580001 4.81807
15590001 4.17769
15600001 4.80773
15610001 4.18126
15620001 4.9334
15630001 4.27553
15640001 7.75776
15650001 11.6221
15660001 4.88893
15670001 4.16106
15680001 4.82772
15690001 11.6045
15700001 4.7843
15710001 4.18875
15720001 4.82735
15730001 4.24583
15740001 4.79691
15750001 11.1301
15760001 4.74808
15770001 4.47904
15780001 4.70187
15790001 11.7857
15800001 4.93788
15810001 4.65345
15820001 4.64514
15830001 4.46682
15840001 4.58655
15850001 4.49329
15860001 4.46601
15870001 4.64272
15880001 4.40246
15890001 4.61281
15900001 4.38105
15910001 4.61101
15920001 4.22777
15930001 4.62493
15940001 4.15853
15950001 4.66821
15960001 4.10613
15970001 4.76506
15980001 4.14117
15990001 4.79283
16000001 4.08981
16010001 4.80131
16020001 4.17588
16030001 4.81532
16040001 4.18517
16050001 4.88177
16060001 4.13774
16070001 4.87238
16080001 4.23773
16090001 5.98921
16100001 5.09459
16110001 4.84834
16120001 4.35484
16130001 4.83621
16140001 4.72383
16150001 4.76791
16160001 4.31924
16170001 4.76053
16180001 4.3222
16190001 4.77277
16200001 5.19992
16210001 4.69207
16220001 4.53726
16230001 4.62863
16240001 5.27093
16250001 4.85843
16260001 4.51745
16270001 4.65527
16280001 4.5388
16290001 4.64615
16300001 4.51585
16310001 4.56534
16320001 4.61697
16330001 4.36765
16340001 4.57487
16350001 4.29435
16360001 4.6048
16370001 4.20808
16380001 4.6357
16390001 4.16053
16400001 4.72182
16410001 4.18267
16420001 4.79675
16430001 4.09024
16440001 4.78778
16450001 4.18536
16460001 4.82443
16470001 4.20712
16480001 4.8789
16490001 4.18099
16500001 4.82625
16510001 4.21756
16520001 7.75993
16530001 11.6807
16540001 5.13992
16550001 4.62486
16560001 4.86429
16570001 11.5967
16580001 4.81113
16590001 4.3188
16600001 4.82837
16610001 4.20965
16620001 4.79055
16630001 4.22353
16640001 4.73424
16650001 4.48732
16660001 4.77539
16670001 4.40462
16680001 6.5231
16690001 4.64996
16700001 4.66233
16710001 4.44275
16720001 4.59192
16730001 4.57268
16740001 4.55639
16750001 4.61791
16760001 4.41512
16770001 4.60671
16780001 4.3797
16790001 4.58843
16800001 4.22948
16810001 4.63022
16820001 4.1554
16830001 4.66079
16840001 4.16345
16850001 4.77057
16860001 4.19396
16870001 4.76026
16880001 4.10427
16890001 4.79827
16900001 4.13554
16910001 4.80159
16920001 4.12511
16930001 4.81719
16940001 4.17304
16950001 4.93201
16960001 4.29849
16970001 5.9836
16980001 5.08029
16990001 4.88816
17000001 4.16669
17010001 4.87831
17020001 4.72925
17030001 4.77117
17040001 4.18035
17050001 4.85943
17060001 4.32024
17070001 4.76212
17080001 11.1364
17090001 4.73155
17100001 4.49196
17110001 4.64522
17120001 11.776
17130001 4.94966
17140001 4.48316
17150001 4.63641
17160001 4.50724
17170001 4.61248
17180001 4.51462
17190001 4.4979
17200001 4.57801
17210001 4.40345
17220001 4.58643
17230001 4.41054
17240001 4.61564
17250001 4.24043
17260001 4.6347
17270001 4.10817
17280001 4.67544
17290001 4.11292
17300001 4.78005
17310001 4.10979
17320001 4.79858
17330001 4.15177
17340001 4.8097
17350001 4.24783
17360001 4.89737
17370001 4.18427
17380001 4.86446
17390001 4.20245
17400001 4.8622
17410001 4.21448
17420001 5.98674
17430001 4.66517
17440001 4.84539
17450001 4.34997
17460001 4.8318
17470001 4.22952
17480001 4.84978
17490001 4.32096
17500001 4.7413
17510001 4.24939
17520001 4.71559
17530001 5.2372
17540001 4.6953
17550001 4.54096
17560001 6.46615
17570001 5.27207
17580001 4.85375
17590001 4.40569
17600001 4.65103
17610001 4.53193
17620001 4.56477
17630001 4.49965
17640001 4.50137
17650001 4.61517
17660001 4.40005
17670001 4.5855
17680001 4.27528
17690001 4.60153
17700001 4.17942
17710001 4.63702
17720001 4.14703
17730001 4.7332
17740001 4.1501
17750001 4.77941
17760001 4.08983
17770001 4.80073
17780001 4.17704
17790001 4.83104
17800001 4.12949
17810001 4.79788
17820001 4.17222
17830001 4.83897
17840001 4.24494
17850001 7.75744
17860001 11.6667
17870001 5.11656
17880001 4.16914
17890001 4.84501
17900001 11.5947
17910001 4.79449
17920001 4.24228
17930001 4.8217
17940001 4.22582
17950001 4.79513
17960001 4.22023
17970001 4.74352
17980001 4.45913
17990001 4.7686
18000001 4.40389
18010001 4.96138
18020001 4.64581
18030001 4.64849
18040001 4.49531
18050001 4.58677
18060001 4.56037
18070001 4.48707
18080001 4.63706
18090001 4.40272
18100001 4.61573
18110001 4.30649
18120001 4.61022
18130001 4.23381
18140001 4.63839
18150001 4.15216
18160001 4.67263
18170001 4.15291
18180001 4.7531
18190001 4.19193
18200001 4.78854
18210001 4.08197
18220001 4.78869
18230001 4.16696
18240001 4.80499
18250001 4.15766
18260001 4.86936
18270001 4.19014
18280001 4.93438
18290001 4.24151
18300001 5.99332
18310001 5.10511
18320001 4.89239
18330001 4.34777
18340001 4.83842
18350001 4.73787
18360001 4.7793
18370001 4.2499
18380001 4.75825
18390001 4.32928
18400001 4.76091
18410001 11.1262
18420001 4.70943
18430001 4.5309
18440001 4.65813
18450001 11.7817
18460001 4.85541
18470001 4.50684
18480001 4.63524
18490001 4.50438
18500001 4.63714
18510001 4.5201
18520001 4.54063
18530001 4.60706
18540001 4.39319
18550001 4.57825
18560001 4.34216
18570001 4.61016
18580001 4.19396
18590001 4.63793
18600001 4.12434
18610001 4.71271
18620001 4.12489
18630001 4.79855
18640001 4.12335
18650001 4.77287
18660001 4.16984
18670001 4.84171
18680001 4.1857
18690001 4.89319
18700001 4.15378
18710001 4.82084
18720001 4.20087
18730001 4.8651
18740001 11.6719
18750001 5.13524
18760001 4.63529
18770001 4.86589
18780001 11.578
18790001 4.80982
18800001 4.29085
18810001 4.84994
18820001 4.2777
18830001 4.72961
18840001 4.22199
18850001 4.71953
18860001 5.25714
18870001 4.77923
18880001 4.40753
18890001 6.49505
18900001 5.28829
18910001 4.67166
18920001 4.44385
18930001 4.65093
18940001 4.58822
18950001 4.54495
18960001 4.51029
18970001 4.43506
18980001 4.61695
18990001 4.38688
19000001 4.58806
19010001 4.23346
19020001 4.614
19030001 4.15871
19040001 4.65028
19050001 4.13311
19060001 4.76552
19070001 4.21147
19080001 4.76994
19090001 4.09089
19100001 4.80307
19110001 4.16683
19120001 4.81933
19130001 4.17428
19140001 4.80782
19150001 4.1933
19160001 4.93399
19170001 4.27441
19180001 7.75735
19190001 5.10298
19200001 4.88779
19210001 4.16241
19220001 4.82818
19230001 11.6143
19240001 4.80113
19250001 4.18513
19260001 4.82627
19270001 4.24486
19280001 4.78735
19290001 11.1306
19300001 4.74822
19310001 4.48833
19320001 4.71096
19330001 11.7796
19340001 4.93897
19350001 4.65651
19360001 4.63991
19370001 4.46771
19380001 4.58571
19390001 4.49583
19400001 4.46447
19410001 4.64416
19420001 4.40215
19430001 4.61422
19440001 4.39015
19450001 4.61167
19460001 4.22751
19470001 4.62552
19480001 4.16051
19490001 4.6689
19500001 4.11456
19510001 4.76099
19520001 4.13933
19530001 4.79214
19540001 4.08974
19550001 4.80134
19560001 4.17534
19570001 4.81394
19580001 4.18766
19590001 4.87661
19600001 4.13611
19610001 4.8679
19620001 4.2344
19630001 5.98936
19640001 5.07507
19650001 4.84686
19660001 4.35119
19670001 4.83595
19680001 4.72756
19690001 4.76917
19700001 4.32026
19710001 4.7585
19720001 4.32291
19730001 4.76847
19740001 5.19692
19750001 4.69257
19760001 4.53408
19770001 4.63486
19780001 5.26637
19790001 4.85886
19800001 4.518
19810001 4.67552
19820001 4.53919
19830001 4.65159
19840001 4.51494
19850001 4.56342
19860001 4.61815
19870001 4.36633
19880001 4.57578
19890001 4.29568
19900001 4.60515
19910001 4.2155
19920001 4.63487
19930001 4.15788
19940001 4.7224
19950001 4.18023
19960001 4.79563
19970001 4.09066
19980001 4.78784
19990001 4.18578
20000001 4.82326
20010001 4.21234
20020001 4.87881
20030001 4.17695
20040001 4.82631
20050001 4.24521
20060001 7.7574
20070001 11.6797
20080001 5.14043
20090001 4.62536
20100001 4.85324
20110001 11.598
20120001 4.81221
20130001 4.31507
20140001 4.82679
20150001 4.2106
20160001 4.79192
20170001 4.22392
20180001 4.72053
20190001 4.49212
20200001 4.77465
20210001 4.40393
20220001 6.52053
20230001 4.64383
20240001 4.65907
20250001 4.44262
20260001 4.58399
20270001 4.57217
20280001 4.55323
20290001 4.61946
20300001 4.41582
20310001 4.60382
20320001 4.37721
20330001 4.59241
20340001 4.22901
20350001 4.63044
20360001 4.15374
20370001 4.66046
20380001 4.16134
20390001 4.77369
20400001 4.19467
20410001 4.76
20420001 4.09857
20430001 4.79848
20440001 4.1564
20450001 4.80039
20460001 4.12568
20470001 4.819
20480001 4.17475
20490001 4.93382
20500001 4.30778
20510001 5.97926
20520001 5.08002
20530001 4.88742
20540001 4.17019
20550001 4.85281
20560001 4.73003
20570001 4.77123
20580001 4.18114
20590001 4.85553
20600001 4.31523
20610001 4.76116
20620001 11.1359
20630001 4.7144
20640001 4.4842
20650001 4.64485
20660001 11.7759
20670001 4.96231
20680001 4.48954
20690001 4.63723
20700001 4.50263
20710001 4.6323
20720001 4.51537
20730001 4.49064
20740001 4.5777
20750001 4.40304
20760001 4.5878
20770001 4.40366
20780001 4.61561
20790001 4.23724
20800001 4.64045
20810001 4.10989
20820001 4.67805
20830001 4.1139
20840001 4.78
20850001 4.11151
20860001 4.80024
20870001 4.15272
20880001 4.80949
20890001 4.25387
20900001 4.89796
20910001 4.18585
20920001 4.87256
20930001 4.19874
20940001 4.86279
20950001 4.21625
20960001 5.17449
20970001 4.67076
20980001 4.84528
20990001 4.34906
21000001 4.82873
21010001 4.22415
21020001 4.85118
21030001 4.32041
21040001 4.73951
21050001 4.25173
21060001 4.71566
21070001 5.23824
21080001 4.69678
21090001 4.50423
21100001 6.46639
21110001 5.27243
21120001 4.85013
21130001 4.40941
21140001 4.6508
21150001 4.53106
21160001 4.56757
21170001 4.49978
21180001 4.50099
21190001 4.6202
21200001 4.40603
21210001 4.58631
21220001 4.26642
21230001 4.60119
21240001 4.1796
21250001 4.63825
21260001 4.14898
21270001 4.73758
21280001 4.1499
21290001 4.77758
21300001 4.09135
21310001 4.80044
21320001 4.17798
21330001 4.83042
21340001 4.12562
21350001 4.79786
21360001 4.17286
21370001 4.82856
21380001 4.25048
21390001 7.75758
21400001 11.666
21410001 5.09838
21420001 4.17114
21430001 4.84603
21440001 11.594
21450001 4.79515
21460001 4.24012
21470001 4.81977
21480001 4.2268
21490001 4.7951
21500001 4.20444
21510001 4.74858
21520001 4.45946
21530001 4.76785
21540001 4.37408
21550001 4.96538
21560001 4.64574
21570001 4.64422
21580001 4.49073
21590001 4.58922
21600001 4.56173
21610001 4.48184
21620001 4.63757
21630001 4.40519
21640001 4.61362
21650001 4.31122
21660001 4.60998
21670001 4.23419
21680001 4.63612
21690001 4.15245
21700001 4.6722
21710001 4.15103
21720001 4.75178
21730001 4.19569
21740001 4.7883
21750001 4.08198
21760001 4.7864
21770001 4.16502
21780001 4.80563
21790001 4.15988
21800001 4.87033
21810001 4.18923
21820001 4.93279
21830001 4.24613
21840001 5.9952
21850001 5.10609
21860001 4.8958
21870001 4.3436
21880001 4.8378
21890001 4.73855
21900001 4.7795
21910001 4.24882
21920001 4.76095
21930001 4.32717
21940001 4.76011
21950001 11.1318
21960001 4.70223
21970001 4.53841
21980001 4.65702
21990001 11.7792
22000001 4.84709
22010001 4.5071
22020001 4.63424
22030001 4.51138
22040001 4.63553
22050001 4.52007
22060001 4.5375
22070001 4.60763
22080001 4.38567
22090001 4.57783
22100001 4.344
22110001 4.61072
22120001 4.19305
22130001 4.6366
22140001 4.12384
22150001 4.71329
22160001 4.12741
22170001 4.80535
22180001 4.12265
22190001 4.7736
22200001 4.16862
22210001 4.81259
22220001 4.19436
22230001 4.8976
22240001 4.17047
22250001 4.82064
22260001 4.20262
22270001 4.86445
22280001 11.6727
22290001 5.136
22300001 4.63431
22310001 4.86047
22320001 11.5768
22330001 4.81105
22340001 4.29076
22350001 4.85134
22360001 4.27615
22370001 4.73964
22380001 4.22027
22390001 4.72062
22400001 5.25608
22410001 4.77292
22420001 4.41708
22430001 6.4933
22440001 5.28885
22450001 4.65519
22460001 4.44461
22470001 4.65013
22480001 4.57645
22490001 4.54325
22500001 4.50704
22510001 4.42384
22520001 4.61815
22530001 4.38517
22540001 4.58853
22550001 4.23329
22560001 4.61436
22570001 4.15846
22580001 4.65205
22590001 4.1278
22600001 4.76576
22610001 4.21083
22620001 4.7711
22630001 4.08223
22640001 4.80265
22650001 4.17328
22660001 4.80808
22670001 4.17155
22680001 4.80791
22690001 4.20053
22700001 4.93492
22710001 4.27301
22720001 7.75739
22730001 5.0996
22740001 4.888
22750001 4.16032
22760001 4.82834
22770001 11.6211
22780001 4.78655
22790001 4.18251
22800001 4.82534
22810001 4.24557
22820001 4.79335
22830001 11.1338
22840001 4.75019
22850001 4.48604
22860001 4.71304
22870001 11.7767
22880001 4.9415
22890001 4.65575
22900001 4.63388
22910001 4.46887
22920001 4.58372
22930001 4.4923
22940001 4.46279
22950001 4.64518
22960001 4.40189
22970001 4.61491
22980001 4.39907
22990001 4.61177
23000001 4.22903
23010001 4.62453
23020001 4.16848
23030001 4.66911
23040001 4.10981
23050001 4.76158
23060001 4.13839
23070001 4.7923
23080001 4.09767
23090001 4.80282
23100001 4.17697
23110001 4.80937
23120001 4.18881
23130001 4.8739
23140001 4.14313
23150001 4.8647
23160001 4.23534
23170001 5.98946
23180001 5.0834
23190001 4.84187
23200001 4.35046
23210001 4.83578
23220001 4.7387
23230001 4.77674
23240001 4.32021
23250001 4.75815
23260001 4.32323
23270001 4.76572
23280001 5.20117
23290001 4.69646
23300001 4.53497
23310001 4.645
23320001 5.26544
23330001 4.86087
23340001 4.51814
23350001 4.6779
23360001 4.5375
23370001 4.64702
23380001 4.51256
23390001 4.56346
23400001 4.62035
23410001 4.366
23420001 4.58131
23430001 4.29606
23440001 4.60432
23450001 4.22133
23460001 4.63495
23470001 4.15764
23480001 4.7223
23490001 4.16987
23500001 4.79481
23510001 4.09004
23520001 4.7882
23530001 4.18841
23540001 4.82231
23550001 4.21031
23560001 4.87823
23570001 4.17847
23580001 4.82669
23590001 4.24438
23600001 7.75267
23610001 11.6796
23620001 5.14064
23630001 4.62154
23640001 4.85984
23650001 11.5971
23660001 4.81
23670001 4.31067
23680001 4.80964
23690001 4.20955
23700001 4.79158
23710001 4.22348
23720001 4.71789
23730001 4.48166
23740001 4.77425
23750001 4.40211
23760001 6.53034
23770001 4.63518
23780001 4.65819
23790001 4.4425
23800001 4.58391
23810001 4.5701
23820001 4.55668
23830001 4.62121
23840001 4.41725
23850001 4.60755
23860001 4.37683
23870001 4.59058
23880001 4.22887
23890001 4.63076
23900001 4.15308
23910001 4.66039
23920001 4.1611
23930001 4.77318
23940001 4.19508
23950001 4.76103
23960001 4.09548
23970001 4.79882
23980001 4.15229
23990001 4.80128
24000001 4.12789
24010001 4.81874
24020001 4.1691
24030001 4.9363
24040001 4.30113
24050001 5.98193
24060001 5.07974
24070001 4.88859
24080001 4.18524
24090001 4.85125
24100001 4.73009
24110001 4.77107
24120001 4.18341
24130001 4.85293
24140001 4.31313
24150001 4.75951
24160001 11.1367
24170001 4.7089
24180001 4.48002
24190001 4.64481
24200001 11.7759
24210001 4.94868
24220001 4.48824
24230001 4.63812
24240001 4.4984
24250001 4.64614
24260001 4.51414
24270001 4.49529
24280001 4.58007
24290001 4.40456
24300001 4.58803
24310001 4.39769
24320001 4.61295
24330001 4.23038
24340001 4.63923
24350001 4.11259
24360001 4.67812
24370001 4.11452
24380001 4.78079
24390001 4.1138
24400001 4.80002
24410001 4.15316
24420001 4.81001
24430001 4.24004
24440001 4.89855
24450001 4.18439
24460001 4.879
24470001 4.20628
24480001 4.8644
24490001 4.23552
24500001 5.16148
24510001 4.66882
24520001 4.84478
24530001 4.34878
24540001 4.83118
24550001 4.22524
24560001 4.85299
24570001 4.32196
24580001 4.74217
24590001 4.2528
24600001 4.71496
24610001 5.23762
24620001 4.69806
24630001 4.47295
24640001 6.46786
24650001 5.27249
24660001 4.84859
24670001 4.43043
24680001 4.65041
24690001 4.53221
24700001 4.5671
24710001 4.49984
24720001 4.50072
24730001 4.62517
24740001 4.40156
24750001 4.58553
24760001 4.26201
24770001 4.60215
24780001 4.18374
24790001 4.63903
24800001 4.14429
24810001 4.73783
24820001 4.14974
24830001 4.77435
24840001 4.09167
24850001 4.80401
24860001 4.18325
24870001 4.83125
24880001 4.12874
24890001 4.79761
24900001 4.17809
24910001 4.82212
24920001 4.24871
24930001 7.75669
24940001 11.6621
24950001 5.10002
24960001 4.16915
24970001 4.84815
24980001 11.5944
24990001 4.78647
25000001 4.24231
25010001 4.81924
25020001 4.2325
25030001 4.79646
25040001 4.20502
25050001 4.75518
25060001 4.46193
25070001 4.77035
25080001 4.37276
25090001 4.96022
25100001 4.64562
25110001 4.64729
25120001 4.48089
25130001 4.59116
25140001 4.56136
25150001 4.47933
25160001 4.63981
25170001 4.40736
25180001 4.61566
25190001 4.31448
25200001 4.61101
25210001 4.23272
25220001 4.63725
25230001 4.15264
25240001 4.67084
25250001 4.15102
25260001 4.75269
25270001 4.21123
25280001 4.78749
25290001 4.08102
25300001 4.7864
25310001 4.16264
25320001 4.80643
25330001 4.17719
25340001 4.87087
25350001 4.18759
25360001 4.9281
25370001 4.24716
25380001 5.99548
25390001 5.11148
25400001 4.89543
25410001 4.34278
25420001 4.83684
25430001 4.73758
25440001 4.78063
25450001 4.24684
25460001 4.75619
25470001 4.32889
25480001 4.75908
25490001 11.1298
25500001 4.70146
25510001 4.53762
25520001 4.65956
25530001 11.7764
25540001 4.84335
25550001 4.50728
25560001 4.63148
25570001 4.51301
25580001 4.63184
25590001 4.52029
25600001 4.5418
25610001 4.60796
25620001 4.37582
25630001 4.57788
25640001 4.34705
25650001 4.61092
25660001 4.19379
25670001 4.64134
25680001 4.12359
25690001 4.71433
25700001 4.12738
25710001 4.80408
25720001 4.12064
25730001 4.77541
25740001 4.16998
25750001 4.8219
25760001 4.19247
25770001 4.89925
25780001 4.20446
25790001 4.82033
25800001 4.20307
25810001 4.86168
25820001 11.6753
25830001 5.14101
25840001 4.63374
25850001 4.83436
25860001 11.588
25870001 4.80778
25880001 4.29243
25890001 4.85128
25900001 4.28126
25910001 4.74201
25920001 4.22015
25930001 4.71864
25940001 5.26509
25950001 4.76432
25960001 4.41766
25970001 6.49092
25980001 5.28807
25990001 4.65365
26000001 4.44423
26010001 4.65169
26020001 4.57362
26030001 4.54234
26040001 4.50801
26050001 4.42299
26060001 4.61848
26070001 4.38319
26080001 4.58692
26090001 4.23298
26100001 4.61438
26110001 4.15812
26120001 4.65193
26130001 4.12512
26140001 4.76649
26150001 4.2079
26160001 4.77153
26170001 4.07789
26180001 4.80329
26190001 4.17517
26200001 4.79926
26210001 4.17366
26220001 4.80744
26230001 4.19683
26240001 4.93521
26250001 4.27821
26260001 7.75749
26270001 5.10118
26280001 4.88938
26290001 4.16047
26300001 4.82858
26310001 11.6397
26320001 4.77639
26330001 4.17903
26340001 4.82514
26350001 4.245
26360001 4.78309
26370001 11.1333
26380001 4.74754
26390001 4.48658
26400001 4.69134
26410001 11.775
26420001 4.94061
26430001 4.65439
26440001 4.64321
26450001 4.47004
26460001 4.58415
26470001 4.49081
26480001 4.46252
26490001 4.64532
26500001 4.40167
26510001 4.61829
26520001 4.38795
26530001 4.61422
26540001 4.23095
26550001 4.62501
26560001 4.16671
26570001 4.6689
26580001 4.11609
26590001 4.75694
26600001 4.13724
26610001 4.79147
26620001 4.11238
26630001 4.804
26640001 4.17815
26650001 4.81052
26660001 4.1851
26670001 4.87503
26680001 4.14354
26690001 4.86497
26700001 4.22964
26710001 5.98962
26720001 5.11038
26730001 4.84052
26740001 4.35138
26750001 4.83573
26760001 4.72974
26770001 4.79406
26780001 4.32194
26790001 4.75907
26800001 4.32913
26810001 4.78341
26820001 5.19998
26830001 4.69657
26840001 4.53762
26850001 4.64442
26860001 5.26932
26870001 4.8606
26880001 4.51845
26890001 4.67696
26900001 4.54512
26910001 4.65127
26920001 4.5119
26930001 4.56413
26940001 4.63175
26950001 4.36654
26960001 4.57899
26970001 4.29906
26980001 4.60322
26990001 4.22413
27000001 4.6356
27010001 4.1612
27020001 4.7232
27030001 4.16308
27040001 4.79101
27050001 4.08857
27060001 4.78856
27070001 4.19338
27080001 4.82205
27090001 4.21242
27100001 4.87639
27110001 4.1764
27120001 4.82794
27130001 4.24227
27140001 7.75284
27150001 11.6794
27160001 5.13995
27170001 4.63951
27180001 4.85502
27190001 11.5992
27200001 4.8095
27210001 4.31307
27220001 4.87787
27230001 4.21043
27240001 4.7909
27250001 4.22457
27260001 4.70858
27270001 4.4712
27280001 4.77288
27290001 4.40151
27300001 6.53024
27310001 4.6347
27320001 4.65921
27330001 4.44268
27340001 4.58082
27350001 4.56897
27360001 4.54919
27370001 4.62146
27380001 4.41411
27390001 4.60847
27400001 4.3707
27410001 4.59291
27420001 4.22902
27430001 4.63087
27440001 4.1511
27450001 4.66107
27460001 4.15298
27470001 4.77912
27480001 4.19791
27490001 4.76348
27500001 4.09207
27510001 4.79926
27520001 4.1337
27530001 4.80033
27540001 4.12911
27550001 4.84577
27560001 4.16935
27570001 4.93471
27580001 4.30122
27590001 5.97707
27600001 5.08036
27610001 4.88874
27620001 4.19021
27630001 4.85419
27640001 4.73108
27650001 4.77312
27660001 4.18263
27670001 4.84461
27680001 4.31019
27690001 4.75901
27700001 11.1365
27710001 4.70967
27720001 4.48682
27730001 4.64505
27740001 11.7762
27750001 4.95042
27760001 4.48831
27770001 4.63739
27780001 4.4971
27790001 4.63698
27800001 4.51379
27810001 4.4927
27820001 4.57965
27830001 4.4053
27840001 4.58805
27850001 4.39565
27860001 4.61211
27870001 4.23559
27880001 4.63781
27890001 4.1131
27900001 4.67855
27910001 4.11476
27920001 4.7801
27930001 4.11283
27940001 4.79586
27950001 4.15286
27960001 4.80969
27970001 4.24047
27980001 4.89872
27990001 4.18098
28000001 4.88294
28010001 4.21275
28020001 4.86494
28030001 4.24023
28040001 5.14095
28050001 4.67765
28060001 4.84493
28070001 4.34933
28080001 4.8222
28090001 4.23012
28100001 4.85398
28110001 4.32361
28120001 4.74532
28130001 4.24877
28140001 4.71487
28150001 5.23331
28160001 4.69894
28170001 4.46687
28180001 6.46884
28190001 5.27227
28200001 4.84182
28210001 4.43502
28220001 4.65001
28230001 4.53708
28240001 4.56783
28250001 4.50326
28260001 4.49737
28270001 4.61557
28280001 4.39739
28290001 4.58591
28300001 4.26026
28310001 4.60233
28320001 4.18734
28330001 4.64055
28340001 4.14102
28350001 4.74273
28360001 4.15027
28370001 4.77429
28380001 4.09009
28390001 4.81229
28400001 4.18674
28410001 4.83127
28420001 4.12177
28430001 4.79989
28440001 4.18436
28450001 4.83558
28460001 4.26413
28470001 7.75549
28480001 11.6633
28490001 5.11332
28500001 4.1663
28510001 4.84841
28520001 11.593
28530001 4.78456
28540001 4.235
28550001 4.81919
28560001 4.23444
28570001 4.79635
28580001 4.22448
28590001 4.7511
28600001 4.46498
28610001 4.7736
28620001 4.37057
28630001 4.95837
28640001 4.64591
28650001 4.63514
28660001 4.4627
28670001 4.58963
28680001 4.5619
28690001 4.47847
28700001 4.64062
28710001 4.40887
28720001 4.61548
28730001 4.31191
28740001 4.61472
28750001 4.23092
28760001 4.63668
28770001 4.15309
28780001 4.66697
28790001 4.15107
28800001 4.7526
28810001 4.20944
28820001 4.78739
28830001 4.08123
28840001 4.7962
28850001 4.16797
28860001 4.80527
28870001 4.20492
28880001 4.87104
28890001 4.18657
28900001 4.92081
28910001 4.24215
28920001 5.99747
28930001 5.11286
28940001 4.89106
28950001 4.34826
28960001 4.83583
28970001 4.73659
28980001 4.78063
28990001 4.247
29000001 4.76353
29010001 4.33029
29020001 4.75882
29030001 11.1213
29040001 4.70092
29050001 4.53266
29060001 4.65817
29070001 11.7702
29080001 4.84344
29090001 4.50755
29100001 4.63026
29110001 4.5108
29120001 4.6305
29130001 4.52097
29140001 4.544
29150001 4.60922
29160001 4.37456
29170001 4.57866
29180001 4.3466
29190001 4.61114
29200001 4.19358
29210001 4.64297
29220001 4.12404
29230001 4.71938
29240001 4.12457
29250001 4.80107
29260001 4.12419
29270001 4.77513
29280001 4.17356
29290001 4.82332
29300001 4.18185
29310001 4.89737
29320001 4.20366
29330001 4.82095
29340001 4.20153
29350001 4.86162
29360001 11.6773
29370001 5.13962
29380001 4.63174
29390001 4.83209
29400001 11.5884
29410001 4.80594
29420001 4.29395
29430001 4.85144
29440001 4.26141
29450001 4.73843
29460001 4.22029
29470001 4.71791
29480001 5.26355
29490001 4.76019
29500001 4.41987
29510001 6.48938
29520001 5.28851
29530001 4.65899
29540001 4.4453
29550001 4.65424
29560001 4.57911
29570001 4.5416
29580001 4.50938
29590001 4.42383
29600001 4.61137
29610001 4.38105
29620001 4.58762
29630001 4.23303
29640001 4.61429
29650001 4.15795
29660001 4.65182
29670001 4.12282
29680001 4.76207
29690001 4.21634
29700001 4.77112
29710001 4.07329
29720001 4.80162
29730001 4.17171
29740001 4.80645
29750001 4.18266
29760001 4.80744
29770001 4.19504
29780001 4.93519
29790001 4.27255
29800001 7.75759
29810001 5.10271
29820001 4.88612
29830001 4.16045
29840001 4.8279
29850001 11.6599
29860001 4.77852
29870001 4.17867
29880001 4.82518
29890001 4.2442
29900001 4.81006
29910001 11.1392
29920001 4.74545
29930001 4.48851
29940001 4.67312
29950001 11.7756
29960001 4.94028
29970001 4.65272
29980001 4.64243
29990001 4.46958
