1 2195.62
10001 622.912
20001 540.611
30001 624.34
40001 354.073
50001 330.008
60001 312.299
70001 278.454
80001 238.366
90001 215.904
100001 224.815
110001 193.198
120001 183.571
130001 175.334
140001 159.19
150001 134.038
160001 125.92
170001 124.573
180001 114.46
190001 108.427
200001 104.264
210001 106.316
220001 91.4849
230001 85.254
240001 82.976
250001 82.9478
260001 74.6871
270001 71.9991
280001 73.6755
290001 66.3082
300001 63.4303
310001 62.1399
320001 62.1854
330001 58.3834
340001 56.8175
350001 56.2366
360001 51.9956
370001 49.7722
380001 48.3401
390001 49.3739
400001 47.4275
410001 45.2877
420001 44.642
430001 46.0456
440001 39.9397
450001 38.6079
460001 39.4717
470001 37.228
480001 35.9496
490001 35.68
500001 36.6144
510001 38.7284
520001 31.6743
530001 32.0163
540001 29.516
550001 28.2985
560001 27.8892
570001 29.9499
580001 26.6681
590001 25.7251
600001 26.046
610001 28.5042
620001 22.7442
630001 22.165
640001 24.7334
650001 21.3374
660001 21.6769
670001 21.2628
680001 22.6158
690001 18.7861
700001 18.3502
710001 20.6809
720001 17.0964
730001 16.3665
740001 16.595
750001 18.7936
760001 15.5921
770001 14.8724
780001 17.0002
790001 20.5596
800001 13.2984
810001 13.0501
820001 15.9509
830001 16.7696
840001 13.1221
850001 14.1346
860001 16.7035
870001 11.2795
880001 11.1796
890001 14.0063
900001 10.303
910001 9.88278
920001 10.9782
930001 14.4759
940001 9.81988
950001 9.75019
960001 12.2111
970001 16.523
980001 8.25967
990001 8.28235
1000001 12.9273
1010001 8.97168
1020001 7.96862
1030001 10.588
1040001 13.5647
1050001 7.32158
1060001 7.49912
1070001 11.7487
1080001 7.13344
1090001 6.71335
1100001 8.57315
1110001 11.9231
1120001 15.2412
1130001 6.45719
1140001 10.4581
1150001 15.3052
1160001 5.99892
1170001 6.2375
1180001 11.0425
1190001 6.60147
1200001 5.83866
1210001 9.29466
1220001 12.6928
1230001 5.69735
1240001 6.00622
1250001 10.3344
1260001 5.42604
1270001 5.206
1280001 7.7178
1290001 11.243
1300001 5.94425
1310001 5.09374
1320001 9.60618
1330001 5.47543
1340001 4.846
1350001 5.41085
1360001 10.5915
1370001 5.46807
1380001 8.08746
1390001 8.71595
1400001 12.2384
1410001 4.8906
1420001 5.28368
1430001 9.97544
1440001 4.90647
1450001 4.50267
1460001 7.57333
1470001 10.7387
1480001 5.01221
1490001 15.0894
1500001 9.39978
1510001 4.98654
1520001 4.58896
1530001 5.39632
1540001 10.2047
1550001 21.2624
1560001 4.33612
1570001 8.5301
1580001 12.2487
1590001 4.67419
1600001 4.79301
1610001 9.62965
1620001 4.6196
1630001 4.29234
1640001 7.56529
1650001 10.7039
1660001 21.3397
1670001 6.69588
1680001 9.26572
1690001 4.82689
1700001 4.34157
1710001 5.59412
1720001 10.1213
1730001 4.98476
1740001 4.24678
1750001 8.45861
1760001 12.2741
1770001 4.37919
1780001 4.67249
1790001 9.59819
1800001 4.56204
1810001 4.27612
1820001 7.67258
1830001 10.6604
1840001 4.76123
1850001 5.27929
1860001 9.2854
1870001 4.67086
1880001 4.26169
1890001 5.83508
1900001 10.0137
1910001 4.9511
1920001 4.10797
1930001 8.52072
1940001 12.4966
1950001 4.29512
1960001 4.57869
1970001 9.53052
1980001 4.4372
1990001 7.9271
2000001 7.78741
2010001 10.718
2020001 4.59611
2030001 5.066
2040001 9.26839
2050001 4.47844
2060001 4.23328
2070001 6.14036
2080001 9.98674
2090001 4.94411
2100001 4.34917
2110001 8.5638
2120001 12.7431
2130001 4.208
2140001 4.57478
2150001 9.56932
2160001 27.9739
2170001 4.64358
2180001 7.84842
2190001 10.8275
2200001 4.46703
2210001 5.05098
2220001 9.27716
2230001 4.55792
2240001 4.11572
2250001 6.45036
2260001 9.99087
2270001 5.75367
2280001 4.66531
2290001 8.64912
2300001 13.0537
2310001 4.19924
2320001 4.60297
2330001 9.56964
2340001 5.84611
2350001 4.45991
2360001 7.95017
2370001 11.0194
2380001 4.42118
2390001 4.96655
2400001 9.24517
2410001 4.47787
2420001 4.10025
2430001 6.72093
2440001 10.0149
2450001 14.5085
2460001 4.42593
2470001 8.70585
2480001 12.9704
2490001 4.18011
2500001 4.76551
2510001 9.62489
2520001 5.1705
2530001 8.106
2540001 8.05889
2550001 11.2181
2560001 4.42099
2570001 4.92886
2580001 9.23032
2590001 4.43032
2600001 4.09195
2610001 7.00373
2620001 10.0509
2630001 4.7254
2640001 4.2508
2650001 8.79397
2660001 4.81289
2670001 4.21558
2680001 5.02784
2690001 9.653
2700001 21.1151
2710001 4.41024
2720001 8.10932
2730001 11.4276
2740001 4.4536
2750001 4.57968
2760001 9.22473
2770001 4.42808
2780001 4.17479
2790001 7.1972
2800001 10.1243
2810001 4.57357
2820001 9.26986
2830001 8.86864
2840001 4.66796
2850001 4.27668
2860001 5.31694
2870001 9.70292
2880001 7.57635
2890001 4.13924
2900001 8.16569
2910001 11.6826
2920001 4.4273
2930001 4.63412
2940001 9.24617
2950001 4.48728
2960001 4.25442
2970001 7.376
2980001 10.2504
2990001 21.2825
3000001 5.34096
3010001 8.97738
3020001 4.68863
3030001 4.1405
3040001 5.63919
3050001 9.72405
3060001 4.9379
3070001 4.16057
3080001 8.27665
3090001 11.9802
3100001 4.25247
3110001 4.71742
3120001 9.29235
3130001 4.44446
3140001 7.91073
3150001 7.57899
3160001 10.382
3170001 4.75229
3180001 5.15132
3190001 9.04304
3200001 4.61987
3210001 4.14348
3220001 5.91849
3230001 9.75444
3240001 4.91363
3250001 4.10561
3260001 8.36947
3270001 12.2886
3280001 4.15947
3290001 4.50266
3300001 9.34581
3310001 11.8732
3320001 6.54453
3330001 7.69031
3340001 10.515
3350001 4.56524
3360001 5.02056
3370001 9.10671
3380001 4.46967
3390001 4.11139
3400001 6.21992
3410001 9.80011
3420001 4.97392
3430001 5.26729
3440001 8.49328
3450001 12.6745
3460001 4.18937
3470001 4.56335
3480001 9.41291
3490001 5.75492
3500001 4.35009
3510001 7.80245
3520001 10.7289
3530001 4.37542
3540001 4.97084
3550001 9.13128
3560001 4.40551
3570001 4.09695
3580001 6.5205
3590001 9.86645
3600001 14.4479
3610001 4.50517
3620001 8.57934
3630001 13.048
3640001 4.16557
3650001 4.65119
3660001 9.48187
3670001 5.32035
3680001 4.46822
3690001 7.93621
3700001 10.964
3710001 4.44226
3720001 4.94382
3730001 9.14289
3740001 4.41041
3750001 4.23333
3760001 6.81904
3770001 9.92067
3780001 5.15334
3790001 4.20583
3800001 8.68883
3810001 4.87687
3820001 4.16993
3830001 4.86232
3840001 9.55068
3850001 4.86247
3860001 7.71261
3870001 8.03311
3880001 11.2058
3890001 4.43477
3900001 4.9059
3910001 9.15766
3920001 4.41449
3930001 4.03442
3940001 7.0673
3950001 10.0044
3960001 4.64311
3970001 14.9959
3980001 8.77044
3990001 4.66002
4000001 4.26752
4010001 5.15096
4020001 9.61804
4030001 21.2662
4040001 4.10498
4050001 8.09369
4060001 11.4747
4070001 4.44848
4080001 4.59275
4090001 9.17602
4100001 4.43369
4110001 4.08428
4120001 7.25426
4130001 10.1273
4140001 21.2973
4150001 6.56894
4160001 8.88179
4170001 4.69954
4180001 4.19963
4190001 5.48475
4200001 9.65826
4210001 4.85656
4220001 4.10866
4230001 8.17696
4240001 11.7438
4250001 4.2829
4260001 4.58842
4270001 9.22757
4280001 4.44058
4290001 4.14244
4300001 7.46545
4310001 10.2681
4320001 4.6583
4330001 5.24736
4340001 8.97384
4350001 4.57077
4360001 4.16714
4370001 5.75424
4380001 9.70203
4390001 4.90099
4400001 4.04998
4410001 8.30097
4420001 12.0687
4430001 4.20007
4440001 4.52431
4450001 9.28177
4460001 4.36135
4470001 7.89617
4480001 7.62381
4490001 10.3966
4500001 4.52448
4510001 5.01203
4520001 9.04897
4530001 4.42055
4540001 4.17496
4550001 6.06911
4560001 9.7351
4570001 4.87864
4580001 5.41464
4590001 8.40361
4600001 12.4194
4610001 4.15158
4620001 4.5554
4630001 9.35837
4640001 27.9563
4650001 4.57676
4660001 7.72168
4670001 10.5842
4680001 4.4253
4690001 5.03109
4700001 9.09988
4710001 4.50405
4720001 4.0667
4730001 6.38967
4740001 9.80797
4750001 5.73645
4760001 4.63565
4770001 8.52136
4780001 12.8013
4790001 4.15035
4800001 4.57385
4810001 9.41636
4820001 5.78616
4830001 4.42911
4840001 7.85845
4850001 10.8221
4860001 4.37614
4870001 4.93822
4880001 9.1172
4890001 4.44178
4900001 4.05062
4910001 6.66721
4920001 9.86724
4930001 5.49935
4940001 4.39693
4950001 8.61137
4960001 12.4445
4970001 4.14076
4980001 4.74564
4990001 9.5075
5000001 5.12504
5010001 8.09205
5020001 7.98597
5030001 11.0663
5040001 4.38474
5050001 4.90824
5060001 9.13045
5070001 4.39178
5080001 4.04241
5090001 6.96021
5100001 9.93895
5110001 4.6985
5120001 4.21577
5130001 8.71579
5140001 4.781
5150001 4.17661
5160001 5.01506
5170001 9.56346
5180001 21.1083
5190001 4.40669
5200001 8.05456
5210001 11.3062
5220001 4.4211
5230001 4.5569
5240001 9.15073
5250001 4.40306
5260001 4.14718
5270001 7.1564
5280001 10.0356
5290001 4.54843
5300001 9.25726
5310001 8.81333
5320001 4.64181
5330001 4.24917
5340001 5.30967
5350001 9.62946
5360001 7.57004
5370001 4.08352
5380001 8.12224
5390001 11.5949
5400001 4.40192
5410001 4.62731
5420001 9.18657
5430001 4.45013
5440001 4.23495
5450001 7.34895
5460001 10.1805
5470001 21.2743
5480001 5.33503
5490001 8.92372
5500001 4.66591
5510001 4.1159
5520001 5.63146
5530001 9.6667
5540001 4.93437
5550001 4.1446
5560001 8.24084
5570001 11.9029
5580001 4.22779
5590001 4.70616
5600001 9.24497
5610001 4.41371
5620001 7.90711
5630001 7.55268
5640001 10.3216
5650001 4.75007
5660001 5.13419
5670001 9.00189
5680001 4.59652
5690001 4.12031
5700001 5.91259
5710001 9.70754
5720001 4.97804
5730001 4.10374
5740001 8.34297
5750001 12.2244
5760001 4.14528
5770001 4.48861
5780001 9.30675
5790001 11.8625
5800001 6.53791
5810001 7.66668
5820001 10.4633
5830001 4.55356
5840001 5.01059
5850001 9.072
5860001 4.45479
5870001 4.08201
5880001 6.21337
5890001 9.76317
5900001 4.9562
5910001 5.25549
5920001 8.47162
5930001 12.6188
5940001 4.16756
5950001 4.55137
5960001 9.38004
5970001 5.73181
5980001 4.32419
5990001 7.78637
6000001 10.6854
6010001 4.3538
6020001 4.9602
6030001 9.10346
6040001 4.38028
6050001 4.07806
6060001 6.5158
6070001 9.83294
6080001 14.4409
6090001 4.49296
6100001 8.56049
6110001 13.0098
6120001 4.15174
6130001 4.64094
6140001 9.45697
6150001 5.31253
6160001 8.30032
6170001 7.9265
6180001 10.9296
6190001 4.42741
6200001 4.94051
6210001 9.11922
6220001 4.3938
6230001 4.22717
6240001 6.81664
6250001 9.89014
6260001 5.1405
6270001 4.20389
6280001 8.67177
6290001 4.86554
6300001 4.15187
6310001 4.85488
6320001 9.52857
6330001 4.84266
6340001 7.70441
6350001 8.02051
6360001 11.1794
6370001 4.42441
6380001 4.89124
6390001 9.1403
6400001 4.39361
6410001 4.02381
6420001 7.0642
6430001 9.97791
6440001 4.62999
6450001 14.9858
6460001 8.75232
6470001 4.65055
6480001 4.25886
6490001 5.14753
6500001 9.59848
6510001 18.151
6520001 4.09427
6530001 8.08295
6540001 11.451
6550001 4.44297
6560001 4.58208
6570001 9.16067
6580001 4.42831
6590001 4.06703
6600001 7.24942
6610001 10.1067
6620001 21.2925
6630001 6.55914
6640001 8.86687
6650001 4.68126
6660001 4.18694
6670001 5.48676
6680001 9.64096
6690001 4.84832
6700001 4.10573
6710001 8.16674
6720001 11.7309
6730001 4.2732
6740001 4.57033
6750001 9.21461
6760001 4.42389
6770001 4.12736
6780001 7.46009
6790001 10.2515
6800001 4.63885
6810001 5.19174
6820001 8.95996
6830001 4.56033
6840001 4.15388
6850001 5.75638
6860001 9.68695
6870001 4.8898
6880001 4.05251
6890001 8.29357
6900001 12.0545
6910001 4.18781
6920001 4.5169
6930001 9.27116
6940001 4.34201
6950001 7.88749
6960001 7.61749
6970001 10.3801
6980001 4.5172
6990001 5.00338
7000001 9.03771
7010001 4.41487
7020001 4.16697
7030001 6.07231
7040001 9.72283
7050001 4.86161
7060001 5.35538
7070001 8.39818
7080001 12.4063
7090001 4.14364
7100001 4.54992
7110001 9.3479
7120001 27.9474
7130001 4.55924
7140001 7.71668
7150001 10.5712
7160001 4.41327
7170001 5.03588
7180001 9.09144
7190001 4.48622
7200001 4.05842
7210001 6.39235
7220001 9.79887
7230001 5.72968
7240001 4.6342
7250001 8.51611
7260001 12.7962
7270001 4.14074
7280001 4.56938
7290001 9.40752
7300001 5.77361
7310001 4.41676
7320001 7.85593
7330001 10.8123
7340001 4.36416
7350001 4.92979
7360001 9.11017
7370001 4.435
7380001 4.03897
7390001 6.6769
7400001 9.85741
7410001 5.20073
7420001 4.39198
7430001 8.60706
7440001 12.153
7450001 4.13335
7460001 4.74196
7470001 9.50101
7480001 5.09755
7490001 8.08961
7500001 7.98187
7510001 11.0597
7520001 4.37796
7530001 4.90539
7540001 9.12485
7550001 4.38647
7560001 4.01779
7570001 6.96284
7580001 9.93025
7590001 4.69643
7600001 4.2019
7610001 8.70958
7620001 4.77052
7630001 4.16863
7640001 5.01326
7650001 9.55769
7660001 21.1077
7670001 4.39495
7680001 8.05182
7690001 11.3017
7700001 4.41709
7710001 4.55259
7720001 9.14669
7730001 4.39578
7740001 4.14304
7750001 7.15829
7760001 10.031
7770001 4.54425
7780001 9.25899
7790001 8.8089
7800001 4.63868
7810001 4.24263
7820001 5.31072
7830001 9.62417
7840001 7.56653
7850001 4.07794
7860001 8.11973
7870001 11.5956
7880001 4.39567
7890001 4.63846
7900001 9.18316
7910001 4.4379
7920001 4.2256
7930001 7.35044
7940001 10.1765
7950001 21.2767
7960001 5.36184
7970001 8.91918
7980001 4.66032
7990001 4.10939
8000001 5.63486
8010001 9.66262
8020001 4.93186
8030001 4.14229
8040001 8.23853
8050001 11.9027
8060001 4.21936
8070001 4.71154
8080001 9.24272
8090001 4.40433
8100001 7.89769
8110001 7.55161
8120001 10.3173
8130001 4.75981
8140001 5.13277
8150001 9.00036
8160001 4.59593
8170001 4.11798
8180001 5.91776
8190001 9.70444
8200001 4.92806
8210001 4.10735
8220001 8.34229
8230001 12.2249
8240001 4.15248
8250001 4.49112
8260001 9.30617
8270001 11.8604
8280001 6.53531
8290001 7.66583
8300001 10.4596
8310001 4.55473
8320001 5.01137
8330001 9.07081
8340001 4.45682
8350001 4.08077
8360001 6.22108
8370001 9.76122
8380001 4.95488
8390001 5.24889
8400001 8.47089
8410001 12.6217
8420001 4.16631
8430001 4.55094
8440001 9.37883
8450001 5.72659
8460001 4.31806
8470001 7.78815
8480001 10.683
8490001 4.3508
8500001 4.95624
8510001 9.10288
8520001 4.37612
8530001 4.07445
8540001 6.51761
8550001 9.83076
8560001 14.4389
8570001 4.49063
8580001 8.56037
8590001 13.0189
8600001 4.15297
8610001 4.63899
8620001 9.45801
8630001 5.33339
8640001 8.12231
8650001 7.92779
8660001 10.9313
8670001 4.42293
8680001 4.94723
8690001 9.11931
8700001 4.39287
8710001 4.23755
8720001 6.82139
8730001 9.88841
8740001 5.13843
8750001 4.20063
8760001 8.67097
8770001 4.86891
8780001 4.14864
8790001 4.85579
8800001 9.52844
8810001 4.83823
8820001 7.70409
8830001 8.02074
8840001 11.181
8850001 4.41427
8860001 4.85638
8870001 9.14107
8880001 4.39678
8890001 4.02795
8900001 7.07176
8910001 9.97671
8920001 4.62755
8930001 14.9832
8940001 8.75163
8950001 4.65264
8960001 4.25122
8970001 5.14982
8980001 9.59955
8990001 7.5548
9000001 4.09099
9010001 8.08371
9020001 11.4521
9030001 4.4342
9040001 4.58604
9050001 9.16224
9060001 4.42493
9070001 4.05906
9080001 7.25304
9090001 10.1062
9100001 21.29
9110001 6.56198
9120001 8.86738
9130001 4.67307
9140001 4.18265
9150001 5.49294
9160001 9.64131
9170001 4.84554
9180001 4.11158
9190001 8.16737
9200001 11.7351
9210001 4.27547
9220001 4.56713
9230001 9.21726
9240001 4.4503
9250001 4.12436
9260001 7.46697
9270001 10.2532
9280001 4.63679
9290001 5.20059
9300001 8.96069
9310001 4.55682
9320001 4.15649
9330001 5.7589
9340001 9.68722
9350001 4.89068
9360001 4.05973
9370001 8.29448
9380001 12.0567
9390001 4.18434
9400001 4.51504
9410001 9.27324
9420001 4.33766
9430001 7.88954
9440001 7.61812
9450001 10.3805
9460001 4.51841
9470001 5.00157
9480001 9.03899
9490001 4.41218
9500001 4.16411
9510001 6.07712
9520001 9.72348
9530001 4.85581
9540001 5.34416
9550001 8.40085
9560001 12.4096
9570001 4.14038
9580001 4.56745
9590001 9.34932
9600001 27.9404
9610001 4.55782
9620001 7.71783
9630001 10.5735
9640001 4.41316
9650001 5.0319
9660001 9.09363
9670001 4.48654
9680001 4.05786
9690001 6.40221
9700001 9.79998
9710001 5.72276
9720001 4.6352
9730001 8.51771
9740001 12.8038
9750001 4.14032
9760001 4.57119
9770001 9.4117
9780001 5.77644
9790001 4.40623
9800001 7.86271
9810001 10.8148
9820001 4.36038
9830001 4.92295
9840001 9.11267
9850001 4.43137
9860001 4.03664
9870001 6.68016
9880001 9.85796
9890001 5.16714
9900001 4.39123
9910001 8.60927
9920001 11.8936
9930001 4.1314
9940001 4.74345
9950001 9.50293
9960001 5.08543
9970001 8.08984
9980001 7.98282
9990001 11.0643
