1 2195.62
10001 622.912
20001 536.843
30001 510.146
40001 453.62
50001 427.741
60001 384.692
70001 363.444
80001 331.749
90001 313.33
100001 293.433
110001 276.296
120001 260.41
130001 245.306
140001 232.546
150001 221.02
160001 212.127
170001 203.811
180001 195.099
190001 190.349
200001 183.62
210001 175.261
220001 169.734
230001 160.358
240001 156.946
250001 147.938
260001 144.335
270001 137.198
280001 132.301
290001 127.52
300001 121.288
310001 118.741
320001 112.325
330001 110.38
340001 105.739
350001 102.411
360001 99.3388
370001 94.7536
380001 92.5747
390001 88.0639
400001 85.565
410001 82.4566
420001 79.26
430001 77.8549
440001 73.9415
450001 73.0203
460001 69.477
470001 68.1283
480001 65.1037
490001 63.4814
500001 61.316
510001 59.2382
520001 57.8076
530001 55.3726
540001 54.767
550001 52.3263
560001 51.7934
570001 49.5659
580001 48.8681
590001 48.515
600001 46.2261
610001 45.2576
620001 43.7321
630001 43.2281
640001 42.36
650001 41.5095
660001 39.9249
670001 38.9898
680001 38.2347
690001 37.0937
700001 36.4827
710001 37.8875
720001 34.62
730001 33.9186
740001 35.6677
750001 38.477
760001 31.2893
770001 30.7725
780001 29.7919
790001 29.1681
800001 28.557
810001 27.7371
820001 27.3084
830001 26.3402
840001 25.9624
850001 25.1645
860001 24.6288
870001 24.087
880001 23.4606
890001 23.0913
900001 22.3303
910001 22.0181
920001 21.3635
930001 20.9432
940001 20.3785
950001 19.9807
960001 19.5402
970001 19.0228
980001 18.6386
990001 18.2426
1000001 17.9098
1010001 17.391
1020001 17.2406
1030001 16.6629
1040001 32.9172
1050001 16.1183
1060001 15.9227
1070001 15.3814
1080001 15.1612
1090001 14.7867
1100001 14.517
1110001 14.1008
1120001 13.96
1130001 13.4143
1140001 13.7453
1150001 13.0308
1160001 12.9857
1170001 12.3309
1180001 12.2093
1190001 14.2817
1200001 11.7013
1210001 11.7084
1220001 11.2104
1230001 11.0354
1240001 10.7265
1250001 10.5615
1260001 10.3129
1270001 10.0793
1280001 9.91726
1290001 9.71515
1300001 9.49002
1310001 9.28806
1320001 9.16647
1330001 8.96946
1340001 8.7609
1350001 8.63162
1360001 8.54843
1370001 8.35739
1380001 8.16437
1390001 8.06133
1400001 7.92564
1410001 7.81316
1420001 7.60922
1430001 7.53883
1440001 7.43682
1450001 7.39782
1460001 7.2045
1470001 7.11763
1480001 9.7323
1490001 28.4052
1500001 6.90141
1510001 7.21047
1520001 9.53545
1530001 21.6481
1540001 6.5516
1550001 6.79426
1560001 6.29681
1570001 6.64039
1580001 6.22229
1590001 15.0316
1600001 5.98
1610001 6.21289
1620001 5.90231
1630001 21.5808
1640001 7.21486
1650001 5.9662
1660001 5.97487
1670001 5.67704
1680001 5.70208
1690001 5.54791
1700001 5.54233
1710001 5.53853
1720001 5.32745
1730001 5.25033
1740001 5.20042
1750001 5.12553
1760001 5.01044
1770001 4.97159
1780001 4.93614
1790001 5.15261
1800001 4.8802
1810001 4.80543
1820001 4.86142
1830001 4.76019
1840001 4.8118
1850001 4.63063
1860001 4.739
1870001 4.60738
1880001 4.69686
1890001 4.71538
1900001 4.72268
1910001 4.61721
1920001 12.0119
1930001 6.76045
1940001 5.91337
1950001 4.72076
1960001 4.98136
1970001 8.00017
1980001 7.69901
1990001 4.47936
2000001 5.01633
2010001 4.38265
2020001 5.13297
2030001 5.3733
2040001 5.22554
2050001 4.45297
2060001 4.74894
2070001 14.8112
2080001 4.67517
2090001 4.82679
2100001 4.62452
2110001 4.75464
2120001 4.42548
2130001 4.61783
2140001 4.54037
2150001 4.6186
2160001 4.46008
2170001 4.34998
2180001 4.23998
2190001 4.19918
2200001 4.22182
2210001 4.14805
2220001 4.36607
2230001 4.10991
2240001 4.29315
2250001 4.16809
2260001 4.03599
2270001 4.16329
2280001 4.11901
2290001 4.15446
2300001 4.03385
2310001 4.15723
2320001 4.15215
2330001 4.23411
2340001 4.01655
2350001 4.224
2360001 7.90446
2370001 27.9135
2380001 4.43749
2390001 5.08033
2400001 7.96635
2410001 21.1
2420001 4.355
2430001 4.6716
2440001 4.12303
2450001 4.71515
2460001 4.14713
2470001 5.63175
2480001 4.51808
2490001 4.49065
2500001 4.14327
2510001 4.42709
2520001 8.93499
2530001 4.53245
2540001 4.78761
2550001 4.38644
2560001 4.55307
2570001 4.33622
2580001 4.33806
2590001 4.3152
2600001 4.21006
2610001 4.27774
2620001 4.06508
2630001 4.05401
2640001 4.03256
2650001 4.02519
2660001 3.98122
2670001 4.01927
2680001 3.98456
2690001 4.17728
2700001 4.08408
2710001 3.97585
2720001 3.96144
2730001 3.95459
2740001 4.0127
2750001 3.94178
2760001 3.99694
2770001 3.97131
2780001 4.17063
2790001 4.07062
2800001 4.02079
2810001 6.45595
2820001 5.50727
2830001 4.246
2840001 4.78183
2850001 7.94025
2860001 7.42084
2870001 4.14366
2880001 4.68601
2890001 4.08329
2900001 4.72949
2910001 5.09695
2920001 14.3433
2930001 4.07443
2940001 4.3659
2950001 14.7231
2960001 21.2084
2970001 5.98519
2980001 4.29624
2990001 4.53297
3000001 4.19258
3010001 4.4011
3020001 4.21003
3030001 4.29901
3040001 4.2395
3050001 4.09893
3060001 4.02949
3070001 4.03591
3080001 4.02238
3090001 3.92479
3100001 3.9571
3110001 3.91066
3120001 4.23956
3130001 4.00264
3140001 3.95483
3150001 4.02662
3160001 3.89884
3170001 3.99518
3180001 3.83624
3190001 4.00102
3200001 3.97131
3210001 3.96787
3220001 4.07873
3230001 4.05454
3240001 3.98776
3250001 11.8024
3260001 6.40999
3270001 4.96093
3280001 4.2541
3290001 4.60085
3300001 7.68829
3310001 4.56869
3320001 4.00612
3330001 4.58452
3340001 3.91722
3350001 4.75062
3360001 4.35318
3370001 4.87237
3380001 4.0621
3390001 4.43791
3400001 8.78998
3410001 4.35705
3420001 4.54072
3430001 4.28081
3440001 4.4544
3450001 4.16103
3460001 4.27573
3470001 4.16945
3480001 4.27012
3490001 4.20439
3500001 4.0851
3510001 3.95404
3520001 3.94331
3530001 3.94936
3540001 3.90264
3550001 4.11755
3560001 3.88183
3570001 4.08537
3580001 3.95434
3590001 3.8159
3600001 3.89691
3610001 3.92228
3620001 3.91526
3630001 3.84299
3640001 3.95377
3650001 3.9325
3660001 4.04314
3670001 3.83806
3680001 3.9687
3690001 7.82581
3700001 27.8462
3710001 4.33609
3720001 4.71079
3730001 7.88444
3740001 21.0621
3750001 4.19571
3760001 4.56728
3770001 4.10102
3780001 4.6036
3790001 3.99716
3800001 5.50589
3810001 4.05348
3820001 4.359
3830001 4.01404
3840001 4.29585
3850001 6.00715
3860001 4.40954
3870001 4.67468
3880001 4.16004
3890001 4.30141
3900001 4.21747
3910001 4.26944
3920001 4.19771
3930001 4.06492
3940001 4.03279
3950001 3.89802
3960001 3.99117
3970001 3.87495
3980001 3.91749
3990001 3.85921
4000001 3.91322
4010001 3.88556
4020001 3.88573
4030001 3.95646
4040001 3.8337
4050001 3.89932
4060001 3.86018
4070001 3.91425
4080001 3.84198
4090001 3.86899
4100001 3.97966
4110001 4.03433
4120001 4.00128
4130001 11.781
4140001 6.34989
4150001 5.44301
4160001 4.19365
4170001 4.46324
4180001 7.66472
4190001 7.33633
4200001 4.04321
4210001 4.53436
4220001 3.89423
4230001 4.6366
4240001 5.02656
4250001 14.3202
4260001 4.04657
4270001 4.33572
4280001 14.7038
4290001 21.1965
4300001 4.51929
4310001 4.20967
4320001 4.46519
4330001 4.1111
4340001 4.3171
4350001 4.15072
4360001 4.23633
4370001 4.17105
4380001 4.01375
4390001 3.97277
4400001 3.98199
4410001 3.92552
4420001 3.85327
4430001 3.87834
4440001 3.83178
4450001 4.05154
4460001 3.89878
4470001 3.79677
4480001 3.92284
4490001 3.88595
4500001 3.90507
4510001 3.7707
4520001 3.93422
4530001 3.90999
4540001 3.90897
4550001 3.86542
4560001 3.98297
4570001 3.91707
4580001 27.8452
4590001 4.27659
4600001 4.89201
4610001 4.14165
4620001 4.60014
4630001 4.19925
4640001 4.4993
4650001 3.89281
4660001 4.50248
4670001 3.9274
4680001 5.50914
4690001 4.3336
4700001 4.81692
4710001 4.04277
4720001 4.24589
4730001 8.77519
4740001 4.25478
4750001 4.66716
4760001 4.2415
4770001 4.40053
4780001 4.19452
4790001 4.19224
4800001 4.10625
4810001 4.05301
4820001 4.13778
4830001 3.89864
4840001 3.89846
4850001 3.921
4860001 3.8878
4870001 3.83764
4880001 3.88631
4890001 3.81592
4900001 4.03974
4910001 3.94987
4920001 3.86039
4930001 3.84686
4940001 3.80434
4950001 3.87321
4960001 3.81033
4970001 3.86495
4980001 3.88027
4990001 3.97
5000001 3.97367
5010001 3.90505
5020001 7.80632
5030001 27.8144
5040001 4.22194
5050001 4.65987
5060001 7.86026
5070001 21.047
5080001 3.95942
5090001 4.52589
5100001 4.02555
5110001 4.56222
5120001 3.90736
5130001 14.3091
5140001 4.00789
5150001 4.3069
5160001 3.9327
5170001 21.2035
5180001 5.94351
5190001 4.36354
5200001 4.47487
5210001 4.10312
5220001 4.28703
5230001 4.08517
5240001 4.21662
5250001 4.16954
5260001 3.99177
5270001 3.9824
5280001 3.91267
5290001 3.90596
5300001 3.82191
5310001 3.87494
5320001 3.82565
5330001 4.14804
5340001 3.87279
5350001 3.86221
5360001 3.89879
5370001 3.7939
5380001 3.87644
5390001 3.75537
5400001 3.89178
5410001 3.78842
5420001 3.88494
5430001 4.02863
5440001 4.00018
5450001 3.87945
5460001 11.7703
5470001 6.31378
5480001 5.40885
5490001 4.18533
5500001 4.44078
5510001 7.64192
5520001 7.30406
5530001 3.93438
5540001 4.49802
5550001 3.85122
5560001 4.62443
5570001 5.01063
5580001 4.79686
5590001 4.0029
5600001 4.29438
5610001 14.6951
5620001 4.20898
5630001 4.4467
5640001 4.20373
5650001 4.20199
5660001 4.07438
5670001 4.24657
5680001 4.12283
5690001 4.22752
5700001 4.11824
5710001 4.00477
5720001 3.896
5730001 3.85039
5740001 3.89194
5750001 3.8214
5760001 4.04775
5770001 3.79477
5780001 4.01336
5790001 3.84791
5800001 3.7461
5810001 3.87856
5820001 3.86013
5830001 3.86796
5840001 3.76099
5850001 3.89592
5860001 3.90195
5870001 3.93525
5880001 3.76504
5890001 3.94555
5900001 7.77667
5910001 27.8497
5920001 4.27231
5930001 4.86713
5940001 7.81901
5950001 21.0878
5960001 4.195
5970001 4.46725
5980001 3.9483
5990001 4.51865
6000001 3.90707
6010001 5.45444
6020001 4.354
6030001 4.29383
6040001 3.95543
6050001 4.21471
6060001 8.80171
6070001 4.38576
6080001 4.62595
6090001 4.18369
6100001 4.38207
6110001 4.15771
6120001 4.17786
6130001 4.1531
6140001 4.01465
6150001 4.13047
6160001 3.88671
6170001 3.88443
6180001 3.84923
6190001 3.84615
6200001 3.79264
6210001 3.86008
6220001 3.82986
6230001 4.031
6240001 3.91074
6250001 3.83231
6260001 3.79934
6270001 3.80972
6280001 3.85153
6290001 3.80555
6300001 3.83837
6310001 3.84524
6320001 3.97554
6330001 3.94116
6340001 3.87014
6350001 6.33873
6360001 5.39053
6370001 4.15533
6380001 4.63224
6390001 7.86106
6400001 7.32407
6410001 3.94762
6420001 4.5366
6430001 3.94958
6440001 4.61739
6450001 4.98604
6460001 14.304
6470001 3.96383
6480001 4.23479
6490001 14.6926
6500001 21.1899
6510001 5.90415
6520001 4.16476
6530001 4.42434
6540001 4.08161
6550001 4.29782
6560001 4.09499
6570001 4.19289
6580001 4.10995
6590001 3.95175
6600001 3.90163
6610001 3.91279
6620001 3.88594
6630001 3.80458
6640001 3.82748
6650001 3.79255
6660001 4.13171
6670001 3.86926
6680001 3.8498
6690001 3.90262
6700001 3.7922
6710001 3.86017
6720001 3.72499
6730001 3.88851
6740001 3.89966
6750001 3.86001
6760001 4.02163
6770001 3.9223
6780001 3.87022
6790001 11.7591
6800001 6.33098
6810001 4.85097
6820001 4.19915
6830001 4.52826
6840001 7.64317
6850001 4.45146
6860001 3.88229
6870001 4.46582
6880001 3.83014
6890001 4.63792
6900001 4.26333
6910001 4.77604
6920001 3.98626
6930001 4.31027
6940001 8.71616
6950001 4.19332
6960001 4.46192
6970001 4.20169
6980001 4.35844
6990001 4.0848
7000001 4.1794
7010001 4.05842
7020001 4.16525
7030001 4.10856
7040001 3.98672
7050001 3.84986
7060001 3.8325
7070001 3.84925
7080001 3.80134
7090001 4.01692
7100001 3.77862
7110001 3.99307
7120001 3.84551
7130001 3.70457
7140001 3.80633
7150001 3.83541
7160001 3.8148
7170001 3.74932
7180001 3.85587
7190001 3.84197
7200001 3.90471
7210001 3.7503
7220001 3.86697
7230001 7.77361
7240001 27.8277
7250001 4.29918
7260001 4.61281
7270001 7.82151
7280001 21.0707
7290001 4.11101
7300001 4.48092
7310001 4.03177
7320001 4.52466
7330001 3.88881
7340001 5.45618
7350001 3.99967
7360001 4.26996
7370001 3.92824
7380001 4.19392
7390001 5.91564
7400001 4.37556
7410001 4.60547
7420001 4.07237
7430001 4.23823
7440001 4.1199
7450001 4.19549
7460001 4.11521
7470001 3.96009
7480001 3.95582
7490001 3.79211
7500001 3.91329
7510001 3.78732
7520001 3.83483
7530001 3.77186
7540001 3.83405
7550001 3.80481
7560001 3.81642
7570001 3.86715
7580001 3.7578
7590001 3.81054
7600001 3.76542
7610001 3.82828
7620001 3.79103
7630001 3.79817
7640001 3.92763
7650001 3.94302
7660001 3.92508
7670001 11.7559
7680001 6.29802
7690001 5.37913
7700001 4.14969
7710001 4.37183
7720001 7.63168
7730001 7.26738
7740001 3.93091
7750001 4.46505
7760001 3.84143
7770001 4.57313
7780001 4.97723
7790001 14.2967
7800001 3.99138
7810001 4.26079
7820001 14.6921
7830001 21.1924
7840001 4.43813
7850001 4.13747
7860001 4.39179
7870001 4.04733
7880001 4.26905
7890001 4.08518
7900001 4.16237
7910001 4.09515
7920001 3.92789
7930001 3.91022
7940001 3.87852
7950001 3.85116
7960001 3.78439
7970001 3.80522
7980001 3.75917
7990001 3.98846
8000001 3.8283
8010001 3.73267
8020001 3.85213
8030001 3.83367
8040001 3.83439
8050001 3.70842
8060001 3.86887
8070001 3.86662
8080001 3.84814
8090001 3.83236
8100001 3.9047
8110001 3.84894
8120001 27.8391
8130001 4.21412
8140001 4.82485
8150001 4.08949
8160001 4.57873
8170001 4.20585
8180001 4.43526
8190001 3.8391
8200001 4.43292
8210001 3.88522
8220001 5.46517
8230001 4.29194
8240001 4.76133
8250001 4.23773
8260001 4.17674
8270001 8.72684
8280001 4.22592
8290001 4.62491
8300001 4.18203
8310001 4.34118
8320001 4.13229
8330001 4.13759
8340001 4.03683
8350001 3.96919
8360001 4.09162
8370001 3.83134
8380001 3.83661
8390001 3.84782
8400001 3.82834
8410001 3.77254
8420001 3.82657
8430001 3.75534
8440001 3.99647
8450001 3.87528
8460001 3.80838
8470001 3.79538
8480001 3.75697
8490001 3.82375
8500001 3.75422
8510001 3.80952
8520001 3.82455
8530001 3.88229
8540001 3.92483
8550001 3.83412
8560001 7.7736
8570001 27.8205
8580001 4.18635
8590001 4.59906
8600001 7.81476
8610001 21.0378
8620001 3.90531
8630001 4.46676
8640001 3.96736
8650001 4.52043
8660001 3.92725
8670001 14.2991
8680001 3.96752
8690001 4.25538
8700001 3.86855
8710001 21.1912
8720001 5.88392
8730001 4.32345
8740001 4.40335
8750001 4.05044
8760001 4.26954
8770001 4.03073
8780001 4.17308
8790001 4.11516
8800001 3.92615
8810001 3.93148
8820001 3.86963
8830001 3.85167
8840001 3.76679
8850001 3.80683
8860001 3.76314
8870001 4.10568
8880001 3.83754
8890001 3.82349
8900001 3.81758
8910001 3.74813
8920001 3.80575
8930001 3.71142
8940001 3.8352
8950001 3.77188
8960001 3.84589
8970001 4.0344
8980001 3.93193
8990001 3.84144
9000001 11.7557
9010001 6.2803
9020001 5.37318
9030001 4.15719
9040001 4.40455
9050001 7.62011
9060001 7.26201
9070001 3.8456
9080001 4.43655
9090001 3.82618
9100001 4.59732
9110001 5.00116
9120001 4.77553
9130001 3.97028
9140001 4.24883
9150001 14.6911
9160001 4.13829
9170001 4.40764
9180001 4.16516
9190001 4.21998
9200001 4.04875
9210001 4.1957
9220001 4.04703
9230001 4.16729
9240001 4.06732
9250001 3.95567
9260001 3.84893
9270001 3.80388
9280001 3.84342
9290001 3.77275
9300001 3.99374
9310001 3.75659
9320001 3.96828
9330001 3.80055
9340001 3.70134
9350001 3.82185
9360001 3.83719
9370001 3.82206
9380001 3.71635
9390001 3.85255
9400001 3.86357
9410001 3.86744
9420001 3.73781
9430001 3.89687
9440001 7.74687
9450001 27.8504
9460001 4.25797
9470001 4.816
9480001 7.79458
9490001 21.0866
9500001 4.20474
9510001 4.43355
9520001 3.89902
9530001 4.48191
9540001 3.86558
9550001 5.436
9560001 4.3077
9570001 4.25029
9580001 3.92554
9590001 4.16706
9600001 8.75521
9610001 4.37639
9620001 4.60174
9630001 4.14633
9640001 4.34005
9650001 4.10741
9660001 4.142
9670001 4.11421
9680001 3.95545
9690001 4.10128
9700001 3.84734
9710001 3.8283
9720001 3.80426
9730001 3.79539
9740001 3.75031
9750001 3.8194
9760001 3.79977
9770001 4.00029
9780001 3.86581
9790001 3.79509
9800001 3.7622
9810001 3.77594
9820001 3.8197
9830001 3.7859
9840001 3.80003
9850001 3.82274
9860001 3.92572
9870001 3.91942
9880001 3.8346
9890001 6.35975
9900001 5.36659
9910001 4.11622
9920001 4.59046
9930001 7.80496
9940001 7.29213
9950001 3.91591
9960001 4.49151
9970001 3.91589
9980001 4.57263
9990001 4.95929
