1 31.3626
10001 11.7828
20001 7.48259
30001 5.48564
40001 4.31041
50001 3.54768
60001 3.03344
70001 2.6683
80001 2.40033
90001 2.20023
100001 2.04542
110001 1.91714
120001 1.81235
130001 1.72187
140001 1.64515
150001 1.5774
160001 1.51783
170001 1.46539
180001 1.41713
190001 1.37527
200001 1.33616
210001 1.30024
220001 1.26695
230001 1.23876
240001 1.21021
250001 1.18364
260001 1.15994
270001 1.13802
280001 1.11752
290001 1.09803
300001 1.07995
310001 1.06212
320001 1.04645
330001 1.03218
340001 1.01796
350001 1.00437
360001 0.992931
370001 0.980701
380001 0.969416
390001 0.958685
400001 0.948718
410001 0.940932
420001 0.931092
430001 0.922611
440001 0.915158
450001 0.909539
460001 0.902065
470001 0.894533
480001 0.88627
490001 0.880929
500001 0.876155
510001 0.871481
520001 0.864503
530001 0.859173
540001 0.853703
550001 0.849611
560001 0.845381
570001 0.841943
580001 0.836561
590001 0.832949
600001 0.828976
610001 0.825071
620001 0.821533
630001 0.819112
640001 0.816009
650001 0.81261
660001 0.811886
670001 0.806089
680001 0.804957
690001 0.804068
700001 0.800573
710001 0.798586
720001 0.796392
730001 0.794168
740001 0.792365
750001 0.789334
760001 0.787732
770001 0.785092
780001 0.783885
790001 0.780636
800001 0.779384
810001 0.777897
820001 0.780421
830001 0.776535
840001 0.774823
850001 0.772689
860001 0.773707
870001 0.771951
880001 0.769976
890001 0.767884
900001 0.76753
910001 0.767036
920001 0.764983
930001 0.764246
940001 0.764341
950001 0.763689
960001 0.762211
970001 0.759854
980001 0.759755
990001 0.760984
1000001 0.758371
1010001 0.758158
1020001 0.757066
1030001 0.757368
1040001 0.755236
1050001 0.756062
1060001 0.754255
1070001 0.75349
1080001 0.754545
1090001 0.752342
1100001 0.751619
1110001 0.750647
1120001 0.75007
1130001 0.749716
1140001 0.750483
1150001 0.749192
1160001 0.748498
1170001 0.747924
1180001 0.74667
1190001 0.748654
1200001 0.747831
1210001 0.747232
1220001 0.748009
1230001 0.745383
1240001 0.744741
1250001 0.745038
1260001 0.744744
1270001 0.743617
1280001 0.744137
1290001 0.743102
1300001 0.74274
1310001 0.744116
1320001 0.743087
1330001 0.742083
1340001 0.742425
1350001 0.741466
1360001 0.741678
1370001 0.742051
1380001 0.740971
1390001 0.741499
1400001 0.741102
1410001 0.741991
1420001 0.740449
1430001 0.741067
1440001 0.739868
1450001 0.741881
1460001 0.740109
1470001 0.74053
1480001 0.739578
1490001 0.74074
1500001 0.740419
1510001 0.739035
1520001 0.739144
1530001 0.737984
1540001 0.736971
1550001 0.737568
1560001 0.736959
1570001 0.737293
1580001 0.738035
1590001 0.736877
1600001 0.73775
1610001 0.737998
1620001 0.736294
1630001 0.736521
1640001 0.737434
1650001 0.73628
1660001 0.736814
1670001 0.736255
1680001 0.737641
1690001 0.735982
1700001 0.736208
1710001 0.738173
1720001 0.735914
1730001 0.737028
1740001 0.737367
1750001 0.736949
1760001 0.737804
1770001 0.737109
1780001 0.737067
1790001 0.736605
1800001 0.736184
1810001 0.736226
1820001 0.736512
1830001 0.735861
1840001 0.735635
1850001 0.736794
1860001 0.736964
1870001 0.737648
1880001 0.737364
1890001 0.737717
1900001 0.738743
1910001 0.737447
1920001 0.736594
1930001 0.736222
1940001 0.735722
1950001 0.736025
1960001 0.737088
1970001 0.735401
1980001 0.73495
1990001 0.736436
2000001 0.736316
2010001 0.736555
2020001 0.737365
2030001 0.736792
2040001 0.73758
2050001 0.735717
2060001 0.736238
2070001 0.736411
2080001 0.736974
2090001 0.736185
2100001 0.736226
2110001 0.736456
2120001 0.736702
2130001 0.735963
2140001 0.738162
2150001 0.736145
2160001 0.736748
2170001 0.736388
2180001 0.735693
2190001 0.735855
2200001 0.735643
2210001 0.735317
2220001 0.735501
2230001 0.735624
2240001 0.736247
2250001 0.735242
2260001 0.736907
2270001 0.736228
2280001 0.736615
2290001 0.736949
2300001 0.736716
2310001 0.736279
2320001 0.736719
2330001 0.736338
2340001 0.736916
2350001 0.736947
2360001 0.737208
2370001 0.736276
2380001 0.737093
2390001 0.736342
2400001 0.736213
2410001 0.736167
2420001 0.735557
2430001 0.735224
2440001 0.734703
2450001 0.734992
2460001 0.736028
2470001 0.735577
2480001 0.735943
2490001 0.736185
2500001 0.735716
2510001 0.735013
2520001 0.73484
2530001 0.734856
2540001 0.735929
2550001 0.736253
2560001 0.736407
2570001 0.735717
2580001 0.73539
2590001 0.73491
2600001 0.734837
2610001 0.736471
2620001 0.735173
2630001 0.736304
2640001 0.735996
2650001 0.740602
2660001 0.737044
2670001 0.734935
2680001 0.735636
2690001 0.736074
2700001 0.736031
2710001 0.734564
2720001 0.736309
2730001 0.735299
2740001 0.735095
2750001 0.736306
2760001 0.735948
2770001 0.736499
2780001 0.736156
2790001 0.736483
2800001 0.737671
2810001 0.736174
2820001 0.737464
2830001 0.73641
2840001 0.737468
2850001 0.736785
2860001 0.737711
2870001 0.737562
2880001 0.736924
2890001 0.736896
2900001 0.737157
2910001 0.735498
2920001 0.736589
2930001 0.737345
2940001 0.736458
2950001 0.737434
2960001 0.7379
2970001 0.736276
2980001 0.737959
2990001 0.738352
3000001 0.738836
3010001 0.737204
3020001 0.737848
3030001 0.738079
3040001 0.737677
3050001 0.736784
3060001 0.737385
3070001 0.736934
3080001 0.736807
3090001 0.736407
3100001 0.737681
3110001 0.736752
3120001 0.736442
3130001 0.737137
3140001 0.73893
3150001 0.739079
3160001 0.737188
3170001 0.738317
3180001 0.737899
3190001 0.739014
3200001 0.738181
3210001 0.738297
3220001 0.738885
3230001 0.73932
3240001 0.738459
3250001 0.739541
3260001 0.739936
3270001 0.739173
3280001 0.73968
3290001 0.738839
3300001 0.739727
3310001 0.741007
3320001 0.740202
3330001 0.741108
3340001 0.739818
3350001 0.739772
3360001 0.741547
3370001 0.740703
3380001 0.74044
3390001 0.740059
3400001 0.739945
3410001 0.740575
3420001 0.740386
3430001 0.739224
3440001 0.740013
3450001 0.739902
3460001 0.740573
3470001 0.740054
3480001 0.74051
3490001 0.740898
3500001 0.740445
3510001 0.740225
3520001 0.739715
3530001 0.741961
3540001 0.742164
3550001 0.741636
3560001 0.740815
3570001 0.741719
3580001 0.741416
3590001 0.741836
3600001 0.741911
3610001 0.743204
3620001 0.741626
3630001 0.741667
3640001 0.74245
3650001 0.743802
3660001 0.744393
3670001 0.744175
3680001 0.742693
3690001 0.74252
3700001 0.742044
3710001 0.742314
3720001 0.742789
3730001 0.743074
3740001 0.742415
3750001 0.742665
3760001 0.742893
3770001 0.742175
3780001 0.742667
3790001 0.743317
3800001 0.743374
3810001 0.742737
3820001 0.742705
3830001 0.742557
3840001 0.742957
3850001 0.743049
3860001 0.74327
3870001 0.742601
3880001 0.744075
3890001 0.744813
3900001 0.744853
3910001 0.744619
3920001 0.743218
3930001 0.744687
3940001 0.744059
3950001 0.743768
3960001 0.744915
3970001 0.744576
3980001 0.744686
3990001 0.744136
4000001 0.744619
4010001 0.744933
4020001 0.746116
4030001 0.744822
4040001 0.746123
4050001 0.744805
4060001 0.746777
4070001 0.745893
4080001 0.745668
4090001 0.744335
4100001 0.745627
4110001 0.74472
4120001 0.745886
4130001 0.745681
4140001 0.746805
4150001 0.746613
4160001 0.746786
4170001 0.746101
4180001 0.745496
4190001 0.747169
4200001 0.746425
4210001 0.746444
4220001 0.745959
4230001 0.746009
4240001 0.749131
4250001 0.747119
4260001 0.746553
4270001 0.745853
4280001 0.744999
4290001 0.744637
4300001 0.745376
4310001 0.744698
4320001 0.746416
4330001 0.746147
4340001 0.746129
4350001 0.746542
4360001 0.747098
4370001 0.746375
4380001 0.745463
4390001 0.746413
4400001 0.746534
4410001 0.748857
4420001 0.746492
4430001 0.746968
4440001 0.747134
4450001 0.746274
4460001 0.746749
4470001 0.746813
4480001 0.746733
4490001 0.74685
4500001 0.746333
4510001 0.746726
4520001 0.747358
4530001 0.7467
4540001 0.746771
4550001 0.74641
4560001 0.746557
4570001 0.746755
4580001 0.748096
4590001 0.747087
4600001 0.747858
4610001 0.74927
4620001 0.749809
4630001 0.747507
4640001 0.746938
4650001 0.747452
4660001 0.748054
4670001 0.748554
4680001 0.747243
4690001 0.749213
4700001 0.748239
4710001 0.748631
4720001 0.747412
4730001 0.747683
4740001 0.748415
4750001 0.74737
4760001 0.748118
4770001 0.748288
4780001 0.748134
4790001 0.748912
4800001 0.749223
4810001 0.749967
4820001 0.749567
4830001 0.749874
4840001 0.749672
4850001 0.750789
4860001 0.749993
4870001 0.749841
4880001 0.750316
4890001 0.750504
4900001 0.750031
4910001 0.749406
4920001 0.74901
4930001 0.748571
4940001 0.751025
4950001 0.748474
4960001 0.748245
4970001 0.749491
4980001 0.749884
4990001 0.748703
5000001 0.749672
5010001 0.750224
5020001 0.751016
5030001 0.752777
5040001 0.750161
5050001 0.751297
5060001 0.749039
5070001 0.749324
5080001 0.750179
5090001 0.750443
5100001 0.750419
5110001 0.74999
5120001 0.750751
5130001 0.75018
5140001 0.750295
5150001 0.749785
5160001 0.75038
5170001 0.749717
5180001 0.750781
5190001 0.750537
5200001 0.749588
5210001 0.751219
5220001 0.750338
5230001 0.751483
5240001 0.750425
5250001 0.751007
5260001 0.751618
5270001 0.750474
5280001 0.750725
5290001 0.750914
5300001 0.751072
5310001 0.751256
5320001 0.75185
5330001 0.752768
5340001 0.752863
5350001 0.753039
5360001 0.752478
5370001 0.752571
5380001 0.752042
5390001 0.75118
5400001 0.75175
5410001 0.752774
5420001 0.753416
5430001 0.752104
5440001 0.753016
5450001 0.752137
5460001 0.751964
5470001 0.753168
5480001 0.752975
5490001 0.752424
5500001 0.752493
5510001 0.752827
5520001 0.753276
5530001 0.752266
5540001 0.752178
5550001 0.752259
5560001 0.753617
5570001 0.752986
5580001 0.753661
5590001 0.754054
5600001 0.752622
5610001 0.752342
5620001 0.753032
5630001 0.75355
5640001 0.753664
5650001 0.753556
5660001 0.753957
5670001 0.754349
5680001 0.75381
5690001 0.754749
5700001 0.753594
5710001 0.752881
5720001 0.753896
5730001 0.754006
5740001 0.754062
5750001 0.753565
5760001 0.755122
5770001 0.754215
5780001 0.754386
5790001 0.75505
5800001 0.754869
5810001 0.755191
5820001 0.755474
5830001 0.755868
5840001 0.755414
5850001 0.755656
5860001 0.757712
5870001 0.756534
5880001 0.75521
5890001 0.75511
5900001 0.756915
5910001 0.75705
5920001 0.755696
5930001 0.75486
5940001 0.754049
5950001 0.755053
5960001 0.755079
5970001 0.756219
5980001 0.756182
5990001 0.756214
6000001 0.757829
6010001 0.757204
6020001 0.756532
6030001 0.756829
6040001 0.756932
6050001 0.757519
6060001 0.756857
6070001 0.757
6080001 0.756932
6090001 0.75726
6100001 0.756812
6110001 0.756879
6120001 0.759566
6130001 0.757619
6140001 0.757266
6150001 0.756964
6160001 0.757635
6170001 0.758163
6180001 0.756711
6190001 0.75614
6200001 0.755556
6210001 0.758101
6220001 0.757545
6230001 0.757004
6240001 0.757592
6250001 0.757119
6260001 0.757996
6270001 0.757273
6280001 0.756762
6290001 0.757675
6300001 0.758655
6310001 0.757914
6320001 0.757951
6330001 0.757953
6340001 0.758078
6350001 0.758175
6360001 0.757816
6370001 0.757627
6380001 0.757921
6390001 0.75776
6400001 0.759359
6410001 0.759429
6420001 0.758175
6430001 0.758321
6440001 0.758282
6450001 0.757944
6460001 0.758569
6470001 0.75927
6480001 0.760262
6490001 0.759983
6500001 0.758286
6510001 0.758477
6520001 0.758815
6530001 0.760551
6540001 0.759816
6550001 0.758838
6560001 0.759377
6570001 0.760458
6580001 0.758753
6590001 0.758738
6600001 0.758377
6610001 0.758801
6620001 0.758526
6630001 0.759195
6640001 0.758804
6650001 0.758347
6660001 0.75865
6670001 0.75885
6680001 0.759049
6690001 0.759648
6700001 0.760148
6710001 0.7592
6720001 0.760783
6730001 0.760439
6740001 0.761659
6750001 0.760383
6760001 0.759602
6770001 0.760303
6780001 0.760271
6790001 0.761501
6800001 0.760898
6810001 0.762352
6820001 0.761174
6830001 0.761879
6840001 0.761708
6850001 0.762572
6860001 0.762038
6870001 0.762313
6880001 0.762524
6890001 0.763393
6900001 0.762599
6910001 0.762218
6920001 0.761929
6930001 0.761897
6940001 0.761982
6950001 0.760632
6960001 0.762448
6970001 0.762999
6980001 0.762283
6990001 0.761834
7000001 0.761408
7010001 0.761524
7020001 0.761241
7030001 0.761984
7040001 0.76244
7050001 0.762444
7060001 0.761925
7070001 0.763625
7080001 0.762453
7090001 0.762544
7100001 0.761942
7110001 0.762813
7120001 0.763757
7130001 0.762276
7140001 0.761253
7150001 0.761548
7160001 0.761217
7170001 0.762709
7180001 0.762953
7190001 0.76357
7200001 0.765144
7210001 0.763684
7220001 0.763956
7230001 0.763043
7240001 0.763069
7250001 0.763119
7260001 0.76365
7270001 0.763258
7280001 0.762815
7290001 0.762643
7300001 0.762728
7310001 0.763084
7320001 0.763204
7330001 0.763618
7340001 0.762897
7350001 0.76398
7360001 0.765154
7370001 0.763834
7380001 0.763938
7390001 0.763243
7400001 0.763152
7410001 0.763199
7420001 0.764821
7430001 0.76309
7440001 0.765027
7450001 0.764778
7460001 0.764968
7470001 0.764045
7480001 0.764416
7490001 0.764691
7500001 0.765715
7510001 0.765332
7520001 0.765115
7530001 0.763874
7540001 0.765172
7550001 0.764997
7560001 0.765053
7570001 0.765064
7580001 0.764906
7590001 0.764529
7600001 0.762697
7610001 0.765131
7620001 0.765383
7630001 0.764743
7640001 0.764885
7650001 0.764245
7660001 0.765513
7670001 0.766318
7680001 0.764575
7690001 0.765666
7700001 0.767107
7710001 0.766276
7720001 0.766629
7730001 0.765135
7740001 0.767081
7750001 0.766252
7760001 0.766687
7770001 0.766803
7780001 0.76633
7790001 0.765975
7800001 0.765867
7810001 0.76502
7820001 0.764843
7830001 0.765341
7840001 0.765153
7850001 0.766724
7860001 0.7673
7870001 0.767719
7880001 0.768499
7890001 0.768001
7900001 0.767923
7910001 0.766198
7920001 0.766836
7930001 0.767247
7940001 0.767425
7950001 0.767672
7960001 0.766753
7970001 0.766827
7980001 0.766469
7990001 0.767179
8000001 0.767667
8010001 0.768036
8020001 0.768396
8030001 0.767632
8040001 0.769342
8050001 0.76799
8060001 0.769226
8070001 0.768987
8080001 0.76792
8090001 0.767753
8100001 0.768438
8110001 0.767548
8120001 0.768302
8130001 0.767363
8140001 0.767819
8150001 0.767496
8160001 0.767294
8170001 0.768532
8180001 0.76899
8190001 0.769388
8200001 0.769921
8210001 0.769676
8220001 0.768906
8230001 0.768097
8240001 0.772007
8250001 0.768605
8260001 0.768545
8270001 0.768428
8280001 0.768439
8290001 0.767842
8300001 0.769085
8310001 0.769098
8320001 0.769041
8330001 0.7707
8340001 0.770086
8350001 0.769999
8360001 0.769756
8370001 0.769863
8380001 0.77074
8390001 0.769862
8400001 0.770232
8410001 0.770202
8420001 0.769851
8430001 0.770159
8440001 0.769451
8450001 0.769451
8460001 0.770358
8470001 0.76951
8480001 0.770561
8490001 0.77041
8500001 0.770728
8510001 0.769741
8520001 0.77039
8530001 0.769967
8540001 0.770529
8550001 0.770919
8560001 0.770931
8570001 0.771345
8580001 0.769865
8590001 0.769986
8600001 0.771692
8610001 0.769617
8620001 0.770392
8630001 0.770759
8640001 0.769464
8650001 0.771131
8660001 0.77048
8670001 0.771667
8680001 0.770913
8690001 0.772365
8700001 0.771938
8710001 0.771111
8720001 0.771082
8730001 0.770168
8740001 0.773027
8750001 0.772001
8760001 0.771788
8770001 0.77096
8780001 0.772596
8790001 0.772031
8800001 0.773088
8810001 0.773364
8820001 0.772535
8830001 0.772075
8840001 0.772717
8850001 0.771947
8860001 0.772558
8870001 0.772607
8880001 0.773193
8890001 0.772173
8900001 0.77286
8910001 0.772592
8920001 0.773837
8930001 0.772722
8940001 0.771943
8950001 0.772807
8960001 0.772905
8970001 0.772859
8980001 0.774305
8990001 0.772834
9000001 0.772191
9010001 0.772741
9020001 0.772897
9030001 0.772323
9040001 0.77178
9050001 0.772459
9060001 0.773946
9070001 0.7739
9080001 0.773444
9090001 0.773181
9100001 0.772887
9110001 0.773236
9120001 0.772969
9130001 0.773139
9140001 0.773034
9150001 0.773365
9160001 0.772068
9170001 0.771424
9180001 0.772128
9190001 0.773725
9200001 0.774396
9210001 0.775853
9220001 0.774634
9230001 0.774909
9240001 0.774631
9250001 0.774003
9260001 0.77506
9270001 0.774862
9280001 0.774335
9290001 0.774434
9300001 0.77465
9310001 0.776799
9320001 0.775129
9330001 0.775167
9340001 0.775516
9350001 0.775126
9360001 0.774292
9370001 0.775197
9380001 0.775266
9390001 0.775202
9400001 0.773925
9410001 0.775278
9420001 0.774323
9430001 0.773839
9440001 0.774162
9450001 0.77446
9460001 0.774619
9470001 0.775047
9480001 0.775973
9490001 0.774801
9500001 0.774911
9510001 0.776285
9520001 0.776
9530001 0.775956
9540001 0.774554
9550001 0.774172
9560001 0.774755
9570001 0.775383
9580001 0.776034
9590001 0.77576
9600001 0.777145
9610001 0.776078
9620001 0.776172
9630001 0.776196
9640001 0.776253
9650001 0.776063
9660001 0.775332
9670001 0.775526
9680001 0.776275
9690001 0.776407
9700001 0.776832
9710001 0.776131
9720001 0.777335
9730001 0.775452
9740001 0.775363
9750001 0.775891
9760001 0.775662
9770001 0.776062
9780001 0.77576
9790001 0.776486
9800001 0.777186
9810001 0.775808
9820001 0.776057
9830001 0.776675
9840001 0.776335
9850001 0.775544
9860001 0.775691
9870001 0.775964
9880001 0.776157
9890001 0.776178
9900001 0.777388
9910001 0.777347
9920001 0.776265
9930001 0.77795
9940001 0.777512
9950001 0.777549
9960001 0.776581
9970001 0.776228
9980001 0.776565
9990001 0.777653
10000001 0.776184
10010001 0.776833
10020001 0.776422
10030001 0.776969
10040001 0.776659
10050001 0.776827
10060001 0.775502
10070001 0.775244
10080001 0.775494
10090001 0.77538
10100001 0.777159
10110001 0.776053
10120001 0.776335
10130001 0.777133
10140001 0.77682
10150001 0.776331
10160001 0.777058
10170001 0.777786
10180001 0.779361
10190001 0.778063
10200001 0.777539
10210001 0.778388
10220001 0.777841
10230001 0.777235
10240001 0.777807
10250001 0.778365
10260001 0.777694
10270001 0.77825
10280001 0.777484
10290001 0.778265
10300001 0.776646
10310001 0.777764
10320001 0.776923
10330001 0.777285
10340001 0.776127
10350001 0.776357
10360001 0.776227
10370001 0.777279
10380001 0.777417
10390001 0.776973
10400001 0.77736
10410001 0.777933
10420001 0.777861
10430001 0.777498
10440001 0.778754
10450001 0.777697
10460001 0.778736
10470001 0.778288
10480001 0.779704
10490001 0.779088
10500001 0.778773
10510001 0.778452
10520001 0.778389
10530001 0.778234
10540001 0.77937
10550001 0.778764
10560001 0.779096
10570001 0.778834
10580001 0.777906
10590001 0.778925
10600001 0.779322
10610001 0.778392
10620001 0.780062
10630001 0.77971
10640001 0.779695
10650001 0.778567
10660001 0.779393
10670001 0.780677
10680001 0.780567
10690001 0.779489
10700001 0.781315
10710001 0.780901
10720001 0.780522
10730001 0.779801
10740001 0.780537
10750001 0.78004
10760001 0.779435
10770001 0.781008
10780001 0.781143
10790001 0.781281
10800001 0.781949
10810001 0.781106
10820001 0.780694
10830001 0.7829
10840001 0.780546
10850001 0.780336
10860001 0.78314
10870001 0.781221
10880001 0.780267
10890001 0.779787
10900001 0.781144
10910001 0.780438
10920001 0.780736
10930001 0.780955
10940001 0.780762
10950001 0.779579
10960001 0.780776
10970001 0.780595
10980001 0.781135
10990001 0.781571
11000001 0.779711
11010001 0.781845
11020001 0.779616
11030001 0.779567
11040001 0.779951
11050001 0.780258
11060001 0.7803
11070001 0.779907
11080001 0.780306
11090001 0.780419
11100001 0.781013
11110001 0.779404
11120001 0.780475
11130001 0.780668
11140001 0.781221
11150001 0.781
11160001 0.780753
11170001 0.780449
11180001 0.78042
11190001 0.780601
11200001 0.780697
11210001 0.779719
11220001 0.780164
11230001 0.780865
11240001 0.779773
11250001 0.780455
11260001 0.779795
11270001 0.780398
11280001 0.780268
11290001 0.780338
11300001 0.780342
11310001 0.781253
11320001 0.780304
11330001 0.780173
11340001 0.781154
11350001 0.78228
11360001 0.782459
11370001 0.78193
11380001 0.78246
11390001 0.782234
11400001 0.782008
11410001 0.781643
11420001 0.782875
11430001 0.78451
11440001 0.783089
11450001 0.783012
11460001 0.782604
11470001 0.78228
11480001 0.783627
11490001 0.783002
11500001 0.784947
11510001 0.784247
11520001 0.784007
11530001 0.782802
11540001 0.7836
11550001 0.784277
11560001 0.78362
11570001 0.782764
11580001 0.782671
11590001 0.782878
11600001 0.781627
11610001 0.784299
11620001 0.782761
11630001 0.783379
11640001 0.781992
11650001 0.782156
11660001 0.78242
11670001 0.785294
11680001 0.784462
11690001 0.783653
11700001 0.783632
11710001 0.783749
11720001 0.782855
11730001 0.783641
11740001 0.783465
11750001 0.782992
11760001 0.783373
11770001 0.782743
11780001 0.783154
11790001 0.783237
11800001 0.783947
11810001 0.784056
11820001 0.783355
11830001 0.783624
11840001 0.783833
11850001 0.782903
11860001 0.784055
11870001 0.784884
11880001 0.784573
11890001 0.78466
11900001 0.78458
11910001 0.784383
11920001 0.784865
11930001 0.785579
11940001 0.784859
11950001 0.784286
11960001 0.784915
11970001 0.784189
11980001 0.783779
11990001 0.785818
12000001 0.784931
12010001 0.785908
12020001 0.785473
12030001 0.785126
12040001 0.785365
12050001 0.784856
12060001 0.786646
12070001 0.786647
12080001 0.78664
12090001 0.787124
12100001 0.787154
12110001 0.786518
12120001 0.786316
12130001 0.786392
12140001 0.786854
12150001 0.787162
12160001 0.78603
12170001 0.786457
12180001 0.785798
12190001 0.787017
12200001 0.786587
12210001 0.786421
12220001 0.78668
12230001 0.787092
12240001 0.786308
12250001 0.786667
12260001 0.786616
12270001 0.78649
12280001 0.78692
12290001 0.786119
12300001 0.786933
12310001 0.787186
12320001 0.786859
12330001 0.787134
12340001 0.787695
12350001 0.786584
12360001 0.785769
12370001 0.786373
12380001 0.787739
12390001 0.786497
12400001 0.787403
12410001 0.785972
12420001 0.787157
12430001 0.787543
12440001 0.787249
12450001 0.78708
12460001 0.787361
12470001 0.787487
12480001 0.787477
12490001 0.785561
12500001 0.786661
12510001 0.786903
12520001 0.787524
12530001 0.78676
12540001 0.786975
12550001 0.78649
12560001 0.787689
12570001 0.786972
12580001 0.786609
12590001 0.788696
12600001 0.786685
12610001 0.788108
12620001 0.788132
12630001 0.787741
12640001 0.78711
12650001 0.78755
12660001 0.787935
12670001 0.787984
12680001 0.788497
12690001 0.787777
12700001 0.788748
12710001 0.789594
12720001 0.788735
12730001 0.788138
12740001 0.788767
12750001 0.788504
12760001 0.788906
12770001 0.788901
12780001 0.787656
12790001 0.788516
12800001 0.787744
12810001 0.787658
12820001 0.787823
12830001 0.787774
12840001 0.787867
12850001 0.787288
12860001 0.78834
12870001 0.788863
12880001 0.789079
12890001 0.787879
12900001 0.789182
12910001 0.790078
12920001 0.788635
12930001 0.789545
12940001 0.789251
12950001 0.789176
12960001 0.789258
12970001 0.788753
12980001 0.789495
12990001 0.788114
13000001 0.78939
13010001 0.789369
13020001 0.789643
13030001 0.788548
13040001 0.788099
13050001 0.78881
13060001 0.789416
13070001 0.78857
13080001 0.789586
13090001 0.789708
13100001 0.790122
13110001 0.790201
13120001 0.7904
13130001 0.789819
13140001 0.789949
13150001 0.789407
13160001 0.789191
13170001 0.789892
13180001 0.789859
13190001 0.789674
13200001 0.79108
13210001 0.790265
13220001 0.788831
13230001 0.790717
13240001 0.79098
13250001 0.789985
13260001 0.789426
13270001 0.789935
13280001 0.789698
13290001 0.78896
13300001 0.789185
13310001 0.789116
13320001 0.789488
13330001 0.790398
13340001 0.792232
13350001 0.791069
13360001 0.790312
13370001 0.790943
13380001 0.791282
13390001 0.79094
13400001 0.790903
13410001 0.791242
13420001 0.791884
13430001 0.790469
13440001 0.790998
13450001 0.791212
13460001 0.790715
13470001 0.790539
13480001 0.790589
13490001 0.791262
13500001 0.789668
13510001 0.79127
13520001 0.791192
13530001 0.791039
13540001 0.792553
13550001 0.79137
13560001 0.791198
13570001 0.791708
13580001 0.792385
13590001 0.79297
13600001 0.793442
13610001 0.791686
13620001 0.792454
13630001 0.794161
13640001 0.794216
13650001 0.795482
13660001 0.793329
13670001 0.794664
13680001 0.793766
13690001 0.793144
13700001 0.793444
13710001 0.792906
13720001 0.793703
13730001 0.793875
13740001 0.793709
13750001 0.795031
13760001 0.793954
13770001 0.793346
13780001 0.7942
13790001 0.792733
13800001 0.794567
13810001 0.79432
13820001 0.792562
13830001 0.792554
13840001 0.794778
13850001 0.794093
13860001 0.794047
13870001 0.794389
13880001 0.7937
13890001 0.793677
13900001 0.792929
13910001 0.79281
13920001 0.792757
13930001 0.793205
13940001 0.794193
13950001 0.793264
13960001 0.792802
13970001 0.793317
13980001 0.792353
13990001 0.793739
14000001 0.793716
14010001 0.793384
14020001 0.793336
14030001 0.793335
14040001 0.792269
14050001 0.793487
14060001 0.793115
14070001 0.795298
14080001 0.79373
14090001 0.793294
14100001 0.792939
14110001 0.794278
14120001 0.792883
14130001 0.793545
14140001 0.793061
14150001 0.793297
14160001 0.793276
14170001 0.793488
14180001 0.792955
14190001 0.793373
14200001 0.793129
14210001 0.793929
14220001 0.794691
14230001 0.794399
14240001 0.794057
14250001 0.79375
14260001 0.793087
14270001 0.793303
14280001 0.793313
14290001 0.795148
14300001 0.794186
14310001 0.794883
14320001 0.795462
14330001 0.794099
14340001 0.794997
14350001 0.794552
14360001 0.796145
14370001 0.796248
14380001 0.796426
14390001 0.794379
14400001 0.794398
14410001 0.796208
14420001 0.794586
14430001 0.794203
14440001 0.793887
14450001 0.793615
14460001 0.793948
14470001 0.794765
14480001 0.7947
14490001 0.794282
14500001 0.794109
14510001 0.793805
14520001 0.795163
14530001 0.794486
14540001 0.794552
14550001 0.795201
14560001 0.795543
14570001 0.79493
14580001 0.794303
14590001 0.793759
14600001 0.794406
14610001 0.794936
14620001 0.79451
14630001 0.794706
14640001 0.795756
14650001 0.794873
14660001 0.795047
14670001 0.794644
14680001 0.793995
14690001 0.79515
14700001 0.795419
14710001 0.795027
14720001 0.795157
14730001 0.795907
14740001 0.794827
14750001 0.795146
14760001 0.79514
14770001 0.795419
14780001 0.795986
14790001 0.795759
14800001 0.795358
14810001 0.795914
14820001 0.796328
14830001 0.795929
14840001 0.79485
14850001 0.795891
14860001 0.796601
14870001 0.797032
14880001 0.795749
14890001 0.795695
14900001 0.79437
14910001 0.794815
14920001 0.796373
14930001 0.795389
14940001 0.795821
14950001 0.795882
14960001 0.795807
14970001 0.795933
14980001 0.795612
14990001 0.796607
15000001 0.795841
15010001 0.795676
15020001 0.797017
15030001 0.79689
15040001 0.79567
15050001 0.796869
15060001 0.797415
15070001 0.796638
15080001 0.795742
15090001 0.796338
15100001 0.796268
15110001 0.796068
15120001 0.797007
15130001 0.797258
15140001 0.79702
15150001 0.798371
15160001 0.79877
15170001 0.797579
15180001 0.797577
15190001 0.79712
15200001 0.796157
15210001 0.796484
15220001 0.795853
15230001 0.796067
15240001 0.798705
15250001 0.797764
15260001 0.796803
15270001 0.797565
15280001 0.79674
15290001 0.796869
15300001 0.797412
15310001 0.797093
15320001 0.797828
15330001 0.797653
15340001 0.797576
15350001 0.797671
15360001 0.798854
15370001 0.798735
15380001 0.799095
15390001 0.798046
15400001 0.797877
15410001 0.798933
15420001 0.798612
15430001 0.798704
15440001 0.798173
15450001 0.798242
15460001 0.798698
15470001 0.798036
15480001 0.800009
15490001 0.798817
15500001 0.799006
15510001 0.799486
15520001 0.800473
15530001 0.799556
15540001 0.799565
15550001 0.798971
15560001 0.798906
15570001 0.799599
15580001 0.800389
15590001 0.800011
15600001 0.800268
15610001 0.800147
15620001 0.800141
15630001 0.799645
15640001 0.799425
15650001 0.799775
15660001 0.799914
15670001 0.799257
15680001 0.79936
15690001 0.798643
15700001 0.799587
15710001 0.79924
15720001 0.799364
15730001 0.798769
15740001 0.798721
15750001 0.798741
15760001 0.798833
15770001 0.799505
15780001 0.799894
15790001 0.798409
15800001 0.799201
15810001 0.799498
15820001 0.799142
15830001 0.798819
15840001 0.799328
15850001 0.800571
15860001 0.799529
15870001 0.798716
15880001 0.799238
15890001 0.799373
15900001 0.799021
15910001 0.799185
15920001 0.800195
15930001 0.801332
15940001 0.800372
15950001 0.801158
15960001 0.800947
15970001 0.800547
15980001 0.800875
15990001 0.800085
16000001 0.799859
16010001 0.800102
16020001 0.799456
16030001 0.799645
16040001 0.800159
16050001 0.800552
16060001 0.799822
16070001 0.802287
16080001 0.801624
16090001 0.800405
16100001 0.800969
16110001 0.800734
16120001 0.800175
16130001 0.799665
16140001 0.799828
16150001 0.800726
16160001 0.800908
16170001 0.800789
16180001 0.801088
16190001 0.801987
16200001 0.802609
16210001 0.802107
16220001 0.801488
16230001 0.801852
16240001 0.801686
16250001 0.80099
16260001 0.801596
16270001 0.801466
16280001 0.800725
16290001 0.801343
16300001 0.803184
16310001 0.801776
16320001 0.801046
16330001 0.801276
16340001 0.802346
16350001 0.802193
16360001 0.802456
16370001 0.802313
16380001 0.805285
16390001 0.801951
16400001 0.801614
16410001 0.801675
16420001 0.803004
16430001 0.803535
16440001 0.801297
16450001 0.801296
16460001 0.801882
16470001 0.802341
16480001 0.802101
16490001 0.802348
16500001 0.802064
16510001 0.801364
16520001 0.800834
16530001 0.801922
16540001 0.801675
16550001 0.802822
16560001 0.800991
16570001 0.801441
16580001 0.80275
16590001 0.802484
16600001 0.802506
16610001 0.801456
16620001 0.801858
16630001 0.801311
16640001 0.801821
16650001 0.801808
16660001 0.801552
16670001 0.802265
16680001 0.802728
16690001 0.802406
16700001 0.801138
16710001 0.80183
16720001 0.801149
16730001 0.80253
16740001 0.801859
16750001 0.80215
16760001 0.80206
16770001 0.803034
16780001 0.80242
16790001 0.801739
16800001 0.802572
16810001 0.803146
16820001 0.802533
16830001 0.801949
16840001 0.802779
16850001 0.802482
16860001 0.801223
16870001 0.801892
16880001 0.803338
16890001 0.801537
16900001 0.802059
16910001 0.801953
16920001 0.802727
16930001 0.801993
16940001 0.802461
16950001 0.802635
16960001 0.802896
16970001 0.802392
16980001 0.804078
16990001 0.802594
17000001 0.802597
17010001 0.803419
17020001 0.80333
17030001 0.802308
17040001 0.803312
17050001 0.803234
17060001 0.803704
17070001 0.804187
17080001 0.802721
17090001 0.802032
17100001 0.803037
17110001 0.802707
17120001 0.802057
17130001 0.801835
17140001 0.802221
17150001 0.802305
17160001 0.802257
17170001 0.801315
17180001 0.801935
17190001 0.803035
17200001 0.802295
17210001 0.802926
17220001 0.803318
17230001 0.803669
17240001 0.8021
17250001 0.802873
17260001 0.803457
17270001 0.802742
17280001 0.80372
17290001 0.802771
17300001 0.801396
17310001 0.802518
17320001 0.802739
17330001 0.802889
17340001 0.802641
17350001 0.80344
17360001 0.802094
17370001 0.801134
17380001 0.802414
17390001 0.803879
17400001 0.804274
17410001 0.804015
17420001 0.803144
17430001 0.802837
17440001 0.802512
17450001 0.803257
17460001 0.803898
17470001 0.804518
17480001 0.803224
17490001 0.803388
17500001 0.803978
17510001 0.803409
17520001 0.803894
17530001 0.80321
17540001 0.803682
17550001 0.803245
17560001 0.80305
17570001 0.803208
17580001 0.804271
17590001 0.804482
17600001 0.803702
17610001 0.804418
17620001 0.805297
17630001 0.805141
17640001 0.803211
17650001 0.805334
17660001 0.804494
17670001 0.80436
17680001 0.804515
17690001 0.804243
17700001 0.806013
17710001 0.804592
17720001 0.804635
17730001 0.804034
17740001 0.805656
17750001 0.805186
17760001 0.804503
17770001 0.805767
17780001 0.805364
17790001 0.806931
17800001 0.804114
17810001 0.804749
17820001 0.805521
17830001 0.805757
17840001 0.805183
17850001 0.804337
17860001 0.804282
17870001 0.804397
17880001 0.804921
17890001 0.803975
17900001 0.804258
17910001 0.804763
17920001 0.805387
17930001 0.806407
17940001 0.806339
17950001 0.805938
17960001 0.805614
17970001 0.806813
17980001 0.806076
17990001 0.805937
18000001 0.80623
18010001 0.806461
18020001 0.806054
18030001 0.805992
18040001 0.805982
18050001 0.805614
18060001 0.80509
18070001 0.805541
18080001 0.805704
18090001 0.806184
18100001 0.806514
18110001 0.8045
18120001 0.804973
18130001 0.80532
18140001 0.805589
18150001 0.805391
18160001 0.806009
18170001 0.805891
18180001 0.805795
18190001 0.806317
18200001 0.806629
18210001 0.807307
18220001 0.806758
18230001 0.806833
18240001 0.8066
18250001 0.807139
18260001 0.807427
18270001 0.806657
18280001 0.808577
18290001 0.808244
18300001 0.80791
18310001 0.807327
18320001 0.80682
18330001 0.806341
18340001 0.806733
18350001 0.806983
18360001 0.807505
18370001 0.806682
18380001 0.806783
18390001 0.808017
18400001 0.808261
18410001 0.808772
18420001 0.807645
18430001 0.806101
18440001 0.805623
18450001 0.80673
18460001 0.805883
18470001 0.806646
18480001 0.805978
18490001 0.806768
18500001 0.805707
18510001 0.805869
18520001 0.805956
18530001 0.807121
18540001 0.806586
18550001 0.806226
18560001 0.806102
18570001 0.806809
18580001 0.806564
18590001 0.807448
18600001 0.807542
18610001 0.806933
18620001 0.80706
18630001 0.807537
18640001 0.806919
18650001 0.807309
18660001 0.807734
18670001 0.80803
18680001 0.808422
18690001 0.807397
18700001 0.808065
18710001 0.808437
18720001 0.808572
18730001 0.807616
18740001 0.807654
18750001 0.806949
18760001 0.807055
18770001 0.807815
18780001 0.808766
18790001 0.807612
18800001 0.806646
18810001 0.807358
18820001 0.807157
18830001 0.807589
18840001 0.808082
18850001 0.808563
18860001 0.807988
18870001 0.807286
18880001 0.807813
18890001 0.806348
18900001 0.807175
18910001 0.806881
18920001 0.806722
18930001 0.806534
18940001 0.806928
18950001 0.806938
18960001 0.80752
18970001 0.807738
18980001 0.807495
18990001 0.807595
19000001 0.807283
19010001 0.808405
19020001 0.80822
19030001 0.806999
19040001 0.806747
19050001 0.806266
19060001 0.806898
19070001 0.807278
19080001 0.806596
19090001 0.80731
19100001 0.807558
19110001 0.80752
19120001 0.807443
19130001 0.80639
19140001 0.807345
19150001 0.80737
19160001 0.807464
19170001 0.808252
19180001 0.808004
19190001 0.807708
19200001 0.807517
19210001 0.807649
19220001 0.807725
19230001 0.80823
19240001 0.808268
19250001 0.807998
19260001 0.808694
19270001 0.808368
19280001 0.808657
19290001 0.808261
19300001 0.808914
19310001 0.808899
19320001 0.808962
19330001 0.80794
19340001 0.808597
19350001 0.808668
19360001 0.809631
19370001 0.809212
19380001 0.809073
19390001 0.809443
19400001 0.810103
19410001 0.808394
19420001 0.808511
19430001 0.808248
19440001 0.808862
19450001 0.808714
19460001 0.808396
19470001 0.808594
19480001 0.809566
19490001 0.808438
19500001 0.807136
19510001 0.808401
19520001 0.808392
19530001 0.809501
19540001 0.809905
19550001 0.808902
19560001 0.809442
19570001 0.809603
19580001 0.808503
19590001 0.808276
19600001 0.807842
19610001 0.80942
19620001 0.808883
19630001 0.808771
19640001 0.810005
19650001 0.809899
19660001 0.809863
19670001 0.809977
19680001 0.810085
19690001 0.810165
19700001 0.809811
19710001 0.809955
19720001 0.809175
19730001 0.809733
19740001 0.809981
19750001 0.809636
19760001 0.808762
19770001 0.809598
19780001 0.809717
19790001 0.808615
19800001 0.80845
19810001 0.809631
19820001 0.809514
19830001 0.808841
19840001 0.810721
19850001 0.809972
19860001 0.809462
19870001 0.809774
19880001 0.811938
19890001 0.809335
19900001 0.809629
19910001 0.809242
19920001 0.809205
19930001 0.810666
19940001 0.809808
19950001 0.81067
19960001 0.810295
19970001 0.809682
19980001 0.810535
19990001 0.811021
20000001 0.8109
20010001 0.811904
20020001 0.810529
20030001 0.810492
20040001 0.810427
20050001 0.810553
20060001 0.810053
20070001 0.809111
20080001 0.808825
20090001 0.809491
20100001 0.810678
20110001 0.809789
20120001 0.810266
20130001 0.809815
20140001 0.810041
20150001 0.81183
20160001 0.810468
20170001 0.810405
20180001 0.810063
20190001 0.810284
20200001 0.809894
20210001 0.80966
20220001 0.811769
20230001 0.811785
20240001 0.812188
20250001 0.812584
20260001 0.811543
20270001 0.81117
20280001 0.811409
20290001 0.81063
20300001 0.810218
20310001 0.809072
20320001 0.809555
20330001 0.809489
20340001 0.80933
20350001 0.811393
20360001 0.810061
20370001 0.809169
20380001 0.8104
20390001 0.810669
20400001 0.813099
20410001 0.811553
20420001 0.810167
20430001 0.810945
20440001 0.810606
20450001 0.810969
20460001 0.811505
20470001 0.811736
20480001 0.81193
20490001 0.811144
20500001 0.812024
20510001 0.812296
20520001 0.811256
20530001 0.813211
20540001 0.811476
20550001 0.812034
20560001 0.81168
20570001 0.81164
20580001 0.812422
20590001 0.811889
20600001 0.810783
20610001 0.811676
20620001 0.81257
20630001 0.811725
20640001 0.811673
20650001 0.812132
20660001 0.811484
20670001 0.812335
20680001 0.811073
20690001 0.811612
20700001 0.811913
20710001 0.811258
20720001 0.811497
20730001 0.812653
20740001 0.812946
20750001 0.813953
20760001 0.812523
20770001 0.812479
20780001 0.812206
20790001 0.813627
20800001 0.812944
20810001 0.811844
20820001 0.812813
20830001 0.812872
20840001 0.812713
20850001 0.812479
20860001 0.811758
20870001 0.812951
20880001 0.811938
20890001 0.812425
20900001 0.811852
20910001 0.812438
20920001 0.812934
20930001 0.81287
20940001 0.812212
20950001 0.81265
20960001 0.812772
20970001 0.813325
20980001 0.81306
20990001 0.812959
21000001 0.812466
21010001 0.812719
21020001 0.812206
21030001 0.811704
21040001 0.811704
21050001 0.812406
21060001 0.812239
21070001 0.812518
21080001 0.811297
21090001 0.811715
21100001 0.812622
21110001 0.813463
21120001 0.813247
21130001 0.812567
21140001 0.812892
21150001 0.812634
21160001 0.812047
21170001 0.812059
21180001 0.812712
21190001 0.812972
21200001 0.81378
21210001 0.812124
21220001 0.812485
21230001 0.81272
21240001 0.812937
21250001 0.813081
21260001 0.812439
21270001 0.812376
21280001 0.812674
21290001 0.812274
21300001 0.81276
21310001 0.812086
21320001 0.812023
21330001 0.812033
21340001 0.812115
21350001 0.811867
21360001 0.811693
21370001 0.81209
21380001 0.81175
21390001 0.813836
21400001 0.811995
21410001 0.812604
21420001 0.81309
21430001 0.812642
21440001 0.813726
21450001 0.813363
21460001 0.814032
21470001 0.813726
21480001 0.812936
21490001 0.814022
21500001 0.813913
21510001 0.813847
21520001 0.813684
21530001 0.813548
21540001 0.813784
21550001 0.812867
21560001 0.813742
21570001 0.811723
21580001 0.81296
21590001 0.812989
21600001 0.812174
21610001 0.811925
21620001 0.812802
21630001 0.812955
21640001 0.813711
21650001 0.814484
21660001 0.814064
21670001 0.813816
21680001 0.814362
21690001 0.814881
21700001 0.813059
21710001 0.813547
21720001 0.813322
21730001 0.813469
21740001 0.814016
21750001 0.814001
21760001 0.814909
21770001 0.813583
21780001 0.813805
21790001 0.813783
21800001 0.812966
21810001 0.813684
21820001 0.813746
21830001 0.813147
21840001 0.8146
21850001 0.814062
21860001 0.813969
21870001 0.813969
21880001 0.813199
21890001 0.813709
21900001 0.81367
21910001 0.814182
21920001 0.813997
21930001 0.814653
21940001 0.814161
21950001 0.813404
21960001 0.812821
21970001 0.81373
21980001 0.81454
21990001 0.813719
22000001 0.814408
22010001 0.814282
22020001 0.815374
22030001 0.814887
22040001 0.814318
22050001 0.814191
22060001 0.813911
22070001 0.814391
22080001 0.816649
22090001 0.814749
22100001 0.814251
22110001 0.8148
22120001 0.815249
22130001 0.815952
22140001 0.814572
22150001 0.816291
22160001 0.815401
22170001 0.814916
22180001 0.814989
22190001 0.814427
22200001 0.81342
22210001 0.813993
22220001 0.814782
22230001 0.814491
22240001 0.815384
22250001 0.815887
22260001 0.816328
22270001 0.816193
22280001 0.815256
22290001 0.8157
22300001 0.817617
22310001 0.81507
22320001 0.814934
22330001 0.815273
22340001 0.814293
22350001 0.816193
22360001 0.813838
22370001 0.815167
22380001 0.814785
22390001 0.814604
22400001 0.815005
22410001 0.815221
22420001 0.815916
22430001 0.815526
22440001 0.81544
22450001 0.814774
22460001 0.815436
22470001 0.814235
22480001 0.815184
22490001 0.815849
22500001 0.81592
22510001 0.815634
22520001 0.814533
22530001 0.815822
22540001 0.815416
22550001 0.815547
22560001 0.815215
22570001 0.816315
22580001 0.816329
22590001 0.81603
22600001 0.815602
22610001 0.816083
22620001 0.815753
22630001 0.814989
22640001 0.8163
22650001 0.816387
22660001 0.816575
22670001 0.816948
22680001 0.817528
22690001 0.81618
22700001 0.815814
22710001 0.815707
22720001 0.816371
22730001 0.816945
22740001 0.816773
22750001 0.817037
22760001 0.816809
22770001 0.816251
22780001 0.817194
22790001 0.8171
22800001 0.818376
22810001 0.81871
22820001 0.818005
22830001 0.816962
22840001 0.818526
22850001 0.816542
22860001 0.817644
22870001 0.81675
22880001 0.817716
22890001 0.817426
22900001 0.817089
22910001 0.816967
22920001 0.817098
22930001 0.817726
22940001 0.817432
22950001 0.817226
22960001 0.817809
22970001 0.818098
22980001 0.816655
22990001 0.817247
23000001 0.81774
23010001 0.817941
23020001 0.817211
23030001 0.816494
23040001 0.81698
23050001 0.816417
23060001 0.817502
23070001 0.816871
23080001 0.817607
23090001 0.817904
23100001 0.819185
23110001 0.817787
23120001 0.818028
23130001 0.817865
23140001 0.818388
23150001 0.819545
23160001 0.817565
23170001 0.818531
23180001 0.817912
23190001 0.81904
23200001 0.818306
23210001 0.818066
23220001 0.817477
23230001 0.817891
23240001 0.818494
23250001 0.818082
23260001 0.819772
23270001 0.819917
23280001 0.819299
23290001 0.817639
23300001 0.818819
23310001 0.818671
23320001 0.819301
23330001 0.819039
23340001 0.818704
23350001 0.818066
23360001 0.817813
23370001 0.817668
23380001 0.817934
23390001 0.817626
23400001 0.816604
23410001 0.817068
23420001 0.817451
23430001 0.817394
23440001 0.817035
23450001 0.818008
23460001 0.817302
23470001 0.81638
23480001 0.817811
23490001 0.816947
23500001 0.816788
23510001 0.8183
23520001 0.818136
23530001 0.817829
23540001 0.81739
23550001 0.817812
23560001 0.81833
23570001 0.818335
23580001 0.819194
23590001 0.819863
23600001 0.818633
23610001 0.818897
23620001 0.819265
23630001 0.818421
23640001 0.820177
23650001 0.818716
23660001 0.819116
23670001 0.818962
23680001 0.819433
23690001 0.819743
23700001 0.818771
23710001 0.818488
23720001 0.818637
23730001 0.820171
23740001 0.818886
23750001 0.818475
23760001 0.819046
23770001 0.818676
23780001 0.819473
23790001 0.81915
23800001 0.819752
23810001 0.818946
23820001 0.818393
23830001 0.81933
23840001 0.81974
23850001 0.819612
23860001 0.820328
23870001 0.819335
23880001 0.818277
23890001 0.819477
23900001 0.820228
23910001 0.819603
23920001 0.819079
23930001 0.818229
23940001 0.819521
23950001 0.820281
23960001 0.819306
23970001 0.818969
23980001 0.819253
23990001 0.818652
24000001 0.819843
24010001 0.819915
24020001 0.819634
24030001 0.820274
24040001 0.819573
24050001 0.819484
24060001 0.81923
24070001 0.818588
24080001 0.818024
24090001 0.81856
24100001 0.818539
24110001 0.819896
24120001 0.819432
24130001 0.819895
24140001 0.81995
24150001 0.81996
24160001 0.819612
24170001 0.819606
24180001 0.819397
24190001 0.818766
24200001 0.819224
24210001 0.820256
24220001 0.820518
24230001 0.820857
24240001 0.820957
24250001 0.821139
24260001 0.819411
24270001 0.821109
24280001 0.821239
24290001 0.819759
24300001 0.820048
24310001 0.819417
24320001 0.819805
24330001 0.820429
24340001 0.820478
24350001 0.81946
24360001 0.819339
24370001 0.818392
24380001 0.819651
24390001 0.820193
24400001 0.820048
24410001 0.820134
24420001 0.819016
24430001 0.818634
24440001 0.819911
24450001 0.82235
24460001 0.821185
24470001 0.819413
24480001 0.819122
24490001 0.819314
24500001 0.821139
24510001 0.819952
24520001 0.820178
24530001 0.820252
24540001 0.820861
24550001 0.819475
24560001 0.820417
24570001 0.819282
24580001 0.820593
24590001 0.818934
24600001 0.819357
24610001 0.820491
24620001 0.82044
24630001 0.820032
24640001 0.819819
24650001 0.819952
24660001 0.820649
24670001 0.820959
24680001 0.820597
24690001 0.820588
24700001 0.821176
24710001 0.820535
24720001 0.821184
24730001 0.820675
24740001 0.821844
24750001 0.821781
24760001 0.821457
24770001 0.821135
24780001 0.821217
24790001 0.821927
24800001 0.822111
24810001 0.821993
24820001 0.821976
24830001 0.821444
24840001 0.820628
24850001 0.820665
24860001 0.820973
24870001 0.822088
24880001 0.821452
24890001 0.822244
24900001 0.821853
24910001 0.82325
24920001 0.821872
24930001 0.823536
24940001 0.822177
24950001 0.821672
24960001 0.822676
24970001 0.822568
24980001 0.822973
24990001 0.822813
25000001 0.821776
25010001 0.821887
25020001 0.823059
25030001 0.822536
25040001 0.822354
25050001 0.822052
25060001 0.822495
25070001 0.821779
25080001 0.822064
25090001 0.821711
25100001 0.821488
25110001 0.821315
25120001 0.822597
25130001 0.822161
25140001 0.821331
25150001 0.821928
25160001 0.821583
25170001 0.821008
25180001 0.821346
25190001 0.822051
25200001 0.822592
25210001 0.822711
25220001 0.823384
25230001 0.823328
25240001 0.821379
25250001 0.821935
25260001 0.822192
25270001 0.822343
25280001 0.822959
25290001 0.823141
25300001 0.822543
25310001 0.82344
25320001 0.823551
25330001 0.823455
25340001 0.823815
25350001 0.823528
25360001 0.823266
25370001 0.824024
25380001 0.824191
25390001 0.82319
25400001 0.824745
25410001 0.823897
25420001 0.824627
25430001 0.823142
25440001 0.824056
25450001 0.824485
25460001 0.824542
25470001 0.823459
25480001 0.823526
25490001 0.82433
25500001 0.824731
25510001 0.824048
25520001 0.824715
25530001 0.824112
25540001 0.824375
25550001 0.824772
25560001 0.824099
25570001 0.82475
25580001 0.824846
25590001 0.823821
25600001 0.82335
25610001 0.824134
25620001 0.824501
25630001 0.823845
25640001 0.823522
25650001 0.824914
25660001 0.824291
25670001 0.824025
25680001 0.824367
25690001 0.823571
25700001 0.82285
25710001 0.823327
25720001 0.825362
25730001 0.82527
25740001 0.824342
25750001 0.822728
25760001 0.82282
25770001 0.82438
25780001 0.824522
25790001 0.823898
25800001 0.823837
25810001 0.824241
25820001 0.824102
25830001 0.823405
25840001 0.823075
25850001 0.824401
25860001 0.824437
25870001 0.824475
25880001 0.824211
25890001 0.824568
25900001 0.823783
25910001 0.824738
25920001 0.824302
25930001 0.824551
25940001 0.82463
25950001 0.824377
25960001 0.824491
25970001 0.823244
25980001 0.823735
25990001 0.823551
26000001 0.823724
26010001 0.824169
26020001 0.824193
26030001 0.823734
26040001 0.824696
26050001 0.825254
26060001 0.825182
26070001 0.825107
26080001 0.825138
26090001 0.826206
26100001 0.825679
26110001 0.825164
26120001 0.825584
26130001 0.82568
26140001 0.825679
26150001 0.824967
26160001 0.82462
26170001 0.824659
26180001 0.825144
26190001 0.825745
26200001 0.824932
26210001 0.825348
26220001 0.825033
26230001 0.826581
26240001 0.824873
26250001 0.824501
26260001 0.825648
26270001 0.825184
26280001 0.826495
26290001 0.825976
26300001 0.824781
26310001 0.824565
26320001 0.82524
26330001 0.824825
26340001 0.825857
26350001 0.825651
26360001 0.825101
26370001 0.825525
26380001 0.826243
26390001 0.825502
26400001 0.826575
26410001 0.825546
26420001 0.827374
26430001 0.826631
26440001 0.827179
26450001 0.826212
26460001 0.825356
26470001 0.826426
26480001 0.826963
26490001 0.826674
26500001 0.827008
26510001 0.826035
26520001 0.826348
26530001 0.827011
26540001 0.826915
26550001 0.825883
26560001 0.82616
26570001 0.827158
26580001 0.826482
26590001 0.82565
26600001 0.825235
26610001 0.826323
26620001 0.826247
26630001 0.826814
26640001 0.825615
26650001 0.82588
26660001 0.827038
26670001 0.828079
26680001 0.826795
26690001 0.826985
26700001 0.826039
26710001 0.826292
26720001 0.827062
26730001 0.826716
26740001 0.827019
26750001 0.826477
26760001 0.826817
26770001 0.827316
26780001 0.826164
26790001 0.826647
26800001 0.827146
26810001 0.826886
26820001 0.827141
26830001 0.825731
26840001 0.826996
26850001 0.827035
26860001 0.827012
26870001 0.825733
26880001 0.827147
26890001 0.826352
26900001 0.82623
26910001 0.827256
26920001 0.826871
26930001 0.826669
26940001 0.826932
26950001 0.826755
26960001 0.828266
26970001 0.827428
26980001 0.82583
26990001 0.825651
27000001 0.825694
27010001 0.825781
27020001 0.825426
27030001 0.824896
27040001 0.824366
27050001 0.825722
27060001 0.825278
27070001 0.825786
27080001 0.825179
27090001 0.824621
27100001 0.824525
27110001 0.824838
27120001 0.824277
27130001 0.825148
27140001 0.825474
27150001 0.824464
27160001 0.825068
27170001 0.825135
27180001 0.825715
27190001 0.825988
27200001 0.825466
27210001 0.82594
27220001 0.826091
27230001 0.825693
27240001 0.825624
27250001 0.826059
27260001 0.826295
27270001 0.82621
27280001 0.826357
27290001 0.827988
27300001 0.82615
27310001 0.826799
27320001 0.826639
27330001 0.826495
27340001 0.826829
27350001 0.826705
27360001 0.829788
27370001 0.827269
27380001 0.827411
27390001 0.826899
27400001 0.826795
27410001 0.826363
27420001 0.827697
27430001 0.827424
27440001 0.827495
27450001 0.826746
27460001 0.82776
27470001 0.828392
27480001 0.826767
27490001 0.828019
27500001 0.826735
27510001 0.827302
27520001 0.826405
27530001 0.827181
27540001 0.82711
27550001 0.826005
27560001 0.827118
27570001 0.828645
27580001 0.828161
27590001 0.82793
27600001 0.826845
27610001 0.828238
27620001 0.826965
27630001 0.827288
27640001 0.826866
27650001 0.826401
27660001 0.825917
27670001 0.830141
27680001 0.827449
27690001 0.826893
27700001 0.826847
27710001 0.827481
27720001 0.827634
27730001 0.82701
27740001 0.82773
27750001 0.827682
27760001 0.827692
27770001 0.827785
27780001 0.827113
27790001 0.827258
27800001 0.827672
27810001 0.826381
27820001 0.826794
27830001 0.827073
27840001 0.827766
27850001 0.827447
27860001 0.828901
27870001 0.827956
27880001 0.828308
27890001 0.829405
27900001 0.8286
27910001 0.827981
27920001 0.827607
27930001 0.827077
27940001 0.827006
27950001 0.827049
27960001 0.827947
27970001 0.827049
27980001 0.827646
27990001 0.827821
28000001 0.827879
28010001 0.828093
28020001 0.828332
28030001 0.82777
28040001 0.828209
28050001 0.827442
28060001 0.828657
28070001 0.827675
28080001 0.829043
28090001 0.828041
28100001 0.828262
28110001 0.828041
28120001 0.828109
28130001 0.829402
28140001 0.828176
28150001 0.828256
28160001 0.82771
28170001 0.826991
28180001 0.827627
28190001 0.828787
28200001 0.827447
28210001 0.829124
28220001 0.828838
28230001 0.828519
28240001 0.829032
28250001 0.829415
28260001 0.829401
28270001 0.828926
28280001 0.829036
28290001 0.829487
28300001 0.82896
28310001 0.829632
28320001 0.829282
28330001 0.829254
28340001 0.828278
28350001 0.828557
28360001 0.828929
28370001 0.828214
28380001 0.829046
28390001 0.828062
28400001 0.828599
28410001 0.827971
28420001 0.828455
28430001 0.828456
28440001 0.829556
28450001 0.83062
28460001 0.829615
28470001 0.829072
28480001 0.828611
28490001 0.829584
28500001 0.828485
28510001 0.831216
28520001 0.831016
28530001 0.831033
28540001 0.831011
28550001 0.830978
28560001 0.831121
28570001 0.830696
28580001 0.830213
28590001 0.829602
28600001 0.829647
28610001 0.829179
28620001 0.82995
28630001 0.829523
28640001 0.830912
28650001 0.829155
28660001 0.82927
28670001 0.829959
28680001 0.830072
28690001 0.830187
28700001 0.830136
28710001 0.829567
28720001 0.829668
28730001 0.829852
28740001 0.830341
28750001 0.829629
28760001 0.828691
28770001 0.829101
28780001 0.830188
28790001 0.830222
28800001 0.830318
28810001 0.829968
28820001 0.830463
28830001 0.830472
28840001 0.829404
28850001 0.828895
28860001 0.828917
28870001 0.828932
28880001 0.830518
28890001 0.829774
28900001 0.829801
28910001 0.829925
28920001 0.829263
28930001 0.830833
28940001 0.830781
28950001 0.833629
28960001 0.831164
28970001 0.831544
28980001 0.830626
28990001 0.830606
29000001 0.830588
29010001 0.830302
29020001 0.830464
29030001 0.830358
29040001 0.831321
29050001 0.83157
29060001 0.830701
29070001 0.83094
29080001 0.831209
29090001 0.830296
29100001 0.830886
29110001 0.83102
29120001 0.831645
29130001 0.831707
29140001 0.830651
29150001 0.832261
29160001 0.831679
29170001 0.832595
29180001 0.832762
29190001 0.832071
29200001 0.832799
29210001 0.83084
29220001 0.831975
29230001 0.831184
29240001 0.831528
29250001 0.832031
29260001 0.832204
29270001 0.832271
29280001 0.831813
29290001 0.831647
29300001 0.831085
29310001 0.830606
29320001 0.831075
29330001 0.830335
29340001 0.831227
29350001 0.829963
29360001 0.830382
29370001 0.830824
29380001 0.830478
29390001 0.829478
29400001 0.829827
29410001 0.829148
29420001 0.830018
29430001 0.829471
29440001 0.832403
29450001 0.830772
29460001 0.830575
29470001 0.831096
29480001 0.830778
29490001 0.831206
29500001 0.830657
29510001 0.830871
29520001 0.829851
29530001 0.83164
29540001 0.831695
29550001 0.831343
29560001 0.831707
29570001 0.832573
29580001 0.831715
29590001 0.831449
29600001 0.830928
29610001 0.831554
29620001 0.832476
29630001 0.831413
29640001 0.832727
29650001 0.832679
29660001 0.831884
29670001 0.831924
29680001 0.831933
29690001 0.831044
29700001 0.83176
29710001 0.832267
29720001 0.831607
29730001 0.832444
29740001 0.832486
29750001 0.833154
29760001 0.832297
29770001 0.831592
29780001 0.832237
29790001 0.832166
29800001 0.832969
29810001 0.833043
29820001 0.833166
29830001 0.833538
29840001 0.834338
29850001 0.8334
29860001 0.834313
29870001 0.834315
29880001 0.832633
29890001 0.834065
29900001 0.833163
29910001 0.83294
29920001 0.833249
29930001 0.833388
29940001 0.832491
29950001 0.833776
29960001 0.832401
29970001 0.832358
29980001 0.832039
29990001 0.832884
