1 2161.19
10001 150.569
20001 84.0375
30001 55.7671
40001 40.1326
50001 29.7907
60001 23.0336
70001 18.8064
80001 15.6023
90001 13.3655
100001 11.8305
110001 10.6997
120001 9.88222
130001 9.18756
140001 8.78744
150001 8.20718
160001 7.92401
170001 7.70197
180001 7.45986
190001 7.32393
200001 7.13812
210001 7.00665
220001 6.84253
230001 6.70138
240001 6.77035
250001 6.52038
260001 6.52736
270001 6.39713
280001 6.31029
290001 6.31158
300001 6.2362
310001 6.17299
320001 6.11827
330001 6.08325
340001 6.08187
350001 6.04431
360001 5.98519
370001 6.03893
380001 5.95305
390001 5.9709
400001 5.9368
410001 5.91565
420001 5.88348
430001 5.84711
440001 5.90408
450001 5.98682
460001 5.87126
470001 5.85892
480001 5.75708
490001 5.80167
500001 5.75366
510001 5.85768
520001 5.75037
530001 5.7456
540001 5.80038
550001 5.73278
560001 5.72587
570001 5.74382
580001 5.7566
590001 5.72176
600001 5.68325
610001 5.67319
620001 5.72286
630001 5.74413
640001 5.68213
650001 5.65483
660001 5.76027
670001 5.64942
680001 5.74354
690001 5.72461
700001 5.65777
710001 5.70928
720001 5.71687
730001 5.63112
740001 5.6713
750001 5.6139
760001 5.64481
770001 5.67714
780001 5.63583
790001 5.65046
800001 5.60764
810001 5.62602
820001 5.7093
830001 5.61747
840001 5.67744
850001 5.64158
860001 5.6623
870001 5.66914
880001 5.68352
890001 5.64647
900001 5.63127
910001 5.70735
920001 5.60683
930001 5.64304
940001 5.66608
950001 5.65123
960001 5.68497
970001 5.60403
980001 5.62871
990001 5.62983
1000001 5.62486
1010001 5.62042
1020001 5.56975
1030001 5.65171
1040001 5.56028
1050001 5.64619
1060001 5.60233
1070001 5.62772
1080001 5.68829
1090001 5.642
1100001 5.63833
1110001 5.62317
1120001 5.57961
1130001 5.64327
1140001 5.56281
1150001 5.62999
1160001 5.61506
1170001 5.58363
1180001 5.62346
1190001 5.68438
1200001 5.61659
1210001 5.57933
1220001 5.68094
1230001 5.61071
1240001 5.62449
1250001 5.61821
1260001 5.6535
1270001 5.64761
1280001 5.6548
1290001 5.66031
1300001 5.5694
1310001 5.62843
1320001 5.64631
1330001 5.59912
1340001 5.61203
1350001 5.58366
1360001 5.63792
1370001 5.643
1380001 5.57337
1390001 5.60157
1400001 5.61127
1410001 5.61725
1420001 5.59296
1430001 5.63722
1440001 5.58542
1450001 5.70104
1460001 5.60089
1470001 5.57127
1480001 5.62928
1490001 5.59106
1500001 5.63495
1510001 5.61078
1520001 5.64193
1530001 5.60896
1540001 5.57438
1550001 5.61654
1560001 5.62827
1570001 5.60561
1580001 5.66449
1590001 5.59802
1600001 5.64989
1610001 5.60761
1620001 5.54997
1630001 5.58742
1640001 5.65474
1650001 5.62709
1660001 5.56989
1670001 5.53009
1680001 5.59457
1690001 5.60158
1700001 5.55515
1710001 5.67041
1720001 5.62137
1730001 5.59148
1740001 5.58682
1750001 5.56768
1760001 5.58101
1770001 5.64154
1780001 5.6121
1790001 5.62105
1800001 5.56828
1810001 5.63421
1820001 5.55541
1830001 5.58111
1840001 5.61991
1850001 5.64231
1860001 5.55376
1870001 5.65365
1880001 5.6232
1890001 5.62701
1900001 5.65477
1910001 5.60615
1920001 5.6305
1930001 5.58053
1940001 5.5422
1950001 5.5935
1960001 5.6753
1970001 5.58849
1980001 5.6141
1990001 5.60565
2000001 5.67108
2010001 5.63079
2020001 5.70214
2030001 5.64496
2040001 5.67307
2050001 5.57073
2060001 5.63115
2070001 5.65245
2080001 5.56576
2090001 5.56994
2100001 5.56697
2110001 5.61103
2120001 5.6244
2130001 5.55372
2140001 5.68383
2150001 5.59852
2160001 5.61017
2170001 5.64274
2180001 5.5982
2190001 5.58769
2200001 5.62178
2210001 5.56738
2220001 5.61967
2230001 5.61193
2240001 5.59218
2250001 5.62231
2260001 5.64846
2270001 5.56906
2280001 5.6634
2290001 5.64358
2300001 5.63876
2310001 5.55268
2320001 5.53784
2330001 5.57434
2340001 5.57967
2350001 5.65266
2360001 5.6494
2370001 5.61269
2380001 5.68437
2390001 5.63
2400001 5.589
2410001 5.61959
2420001 5.60815
2430001 5.5599
2440001 5.54675
2450001 5.62853
2460001 5.62341
2470001 5.53693
2480001 5.56497
2490001 5.61627
2500001 5.63266
2510001 5.56829
2520001 5.58406
2530001 5.57976
2540001 5.62651
2550001 5.63693
2560001 5.65009
2570001 5.614
2580001 5.59474
2590001 5.52329
2600001 5.54917
2610001 5.58864
2620001 5.59495
2630001 5.60518
2640001 5.59501
2650001 5.68924
2660001 5.64282
2670001 5.5753
2680001 5.58056
2690001 5.56266
2700001 5.66429
2710001 5.56528
2720001 5.61676
2730001 5.58324
2740001 5.58238
2750001 5.59542
2760001 5.5979
2770001 5.59655
2780001 5.63693
2790001 5.5771
2800001 5.6075
2810001 5.59301
2820001 5.64456
2830001 5.56441
2840001 5.6544
2850001 5.64561
2860001 5.6191
2870001 5.57491
2880001 5.60017
2890001 5.57555
2900001 5.54637
2910001 5.52901
2920001 5.62701
2930001 5.67241
2940001 5.58218
2950001 5.60016
2960001 5.61262
2970001 5.57959
2980001 5.62128
2990001 5.62291
3000001 5.59562
3010001 5.60799
3020001 5.61276
3030001 5.60946
3040001 5.65433
3050001 5.61902
3060001 5.58038
3070001 5.59948
3080001 5.57026
3090001 5.60525
3100001 5.61105
3110001 5.58116
3120001 5.54937
3130001 5.6343
3140001 5.64738
3150001 5.6424
3160001 5.57306
3170001 5.59008
3180001 5.59031
3190001 5.57951
3200001 5.60415
3210001 5.59048
3220001 5.59473
3230001 5.65093
3240001 5.57367
3250001 5.61633
3260001 5.61553
3270001 5.60475
3280001 5.57848
3290001 5.5942
3300001 5.63441
3310001 5.60988
3320001 5.59012
3330001 5.62384
3340001 5.58496
3350001 5.59925
3360001 5.67108
3370001 5.59913
3380001 5.59702
3390001 5.59758
3400001 5.56361
3410001 5.58345
3420001 5.62382
3430001 5.59853
3440001 5.59465
3450001 5.55222
3460001 5.52902
3470001 5.58296
3480001 5.62467
3490001 5.61374
3500001 5.56481
3510001 5.61761
3520001 5.57059
3530001 5.63169
3540001 5.65938
3550001 5.63484
3560001 5.51096
3570001 5.56359
3580001 5.5546
3590001 5.55808
3600001 5.64932
3610001 5.58653
3620001 5.53894
3630001 5.55642
3640001 5.59599
3650001 5.59203
3660001 5.62022
3670001 5.66584
3680001 5.57483
3690001 5.60909
3700001 5.58335
3710001 5.62234
3720001 5.67448
3730001 5.64485
3740001 5.60384
3750001 5.66234
3760001 5.65954
3770001 5.53492
3780001 5.60547
3790001 5.60545
3800001 5.59058
3810001 5.57931
3820001 5.57252
3830001 5.59021
3840001 5.56269
3850001 5.5607
3860001 5.65006
3870001 5.53707
3880001 5.61811
3890001 5.62527
3900001 5.64977
3910001 5.64293
3920001 5.52366
3930001 5.64343
3940001 5.60725
3950001 5.62868
3960001 5.62759
3970001 5.58641
3980001 5.6164
3990001 5.56948
4000001 5.64849
4010001 5.59056
4020001 5.66565
4030001 5.63466
4040001 5.65757
4050001 5.57042
4060001 5.65061
4070001 5.56267
4080001 5.62009
4090001 5.54943
4100001 5.60491
4110001 5.64686
4120001 5.63864
4130001 5.57343
4140001 5.63343
4150001 5.6015
4160001 5.63928
4170001 5.65735
4180001 5.56742
4190001 5.62292
4200001 5.63917
4210001 5.56088
4220001 5.61117
4230001 5.56642
4240001 5.65824
4250001 5.68572
4260001 5.58903
4270001 5.60391
4280001 5.5558
4290001 5.6041
4300001 5.65544
4310001 5.55295
4320001 5.61211
4330001 5.59653
4340001 5.62991
4350001 5.60544
4360001 5.63294
4370001 5.62116
4380001 5.55429
4390001 5.55471
4400001 5.55983
4410001 5.64965
4420001 5.61451
4430001 5.56492
4440001 5.61815
4450001 5.603
4460001 5.61113
4470001 5.65139
4480001 5.5288
4490001 5.6031
4500001 5.59529
4510001 5.63764
4520001 5.67041
4530001 5.58654
4540001 5.57573
4550001 5.61467
4560001 5.56511
4570001 5.60156
4580001 5.57434
4590001 5.55876
4600001 5.61755
4610001 5.64543
4620001 5.66199
4630001 5.59651
4640001 5.60999
4650001 5.59926
4660001 5.64654
4670001 5.60952
4680001 5.60659
4690001 5.60895
4700001 5.52593
4710001 5.62517
4720001 5.5585
4730001 5.61965
4740001 5.62926
4750001 5.5616
4760001 5.58571
4770001 5.61795
4780001 5.58802
4790001 5.59257
4800001 5.59208
4810001 5.62476
4820001 5.57819
4830001 5.61253
4840001 5.56372
4850001 5.67235
4860001 5.60152
4870001 5.56336
4880001 5.62581
4890001 5.58601
4900001 5.62739
4910001 5.61647
4920001 5.59328
4930001 5.61069
4940001 5.64505
4950001 5.58408
4960001 5.6203
4970001 5.59135
4980001 5.61238
4990001 5.59191
5000001 5.61352
5010001 5.56641
5020001 5.6413
5030001 5.68417
5040001 5.63084
5050001 5.61278
5060001 5.60375
5070001 5.59997
5080001 5.58973
5090001 5.6146
5100001 5.60792
5110001 5.57934
5120001 5.62308
5130001 5.63108
5140001 5.60979
5150001 5.60058
5160001 5.57166
5170001 5.51966
5180001 5.57783
5190001 5.5913
5200001 5.56572
5210001 5.64036
5220001 5.53155
5230001 5.63245
5240001 5.58885
5250001 5.58843
5260001 5.66912
5270001 5.62897
5280001 5.58704
5290001 5.56717
5300001 5.61235
5310001 5.59293
5320001 5.61443
5330001 5.63729
5340001 5.63367
5350001 5.61099
5360001 5.5886
5370001 5.61581
5380001 5.61724
5390001 5.61364
5400001 5.57667
5410001 5.56379
5420001 5.62791
5430001 5.5663
5440001 5.60546
5450001 5.61828
5460001 5.64836
5470001 5.61868
5480001 5.58969
5490001 5.63243
5500001 5.5972
5510001 5.59527
5520001 5.62604
5530001 5.5778
5540001 5.56234
5550001 5.56105
5560001 5.64818
5570001 5.66744
5580001 5.61142
5590001 5.61926
5600001 5.58259
5610001 5.58107
5620001 5.63118
5630001 5.6227
5640001 5.60594
5650001 5.59111
5660001 5.59872
5670001 5.66957
5680001 5.60471
5690001 5.64955
5700001 5.5184
5710001 5.57377
5720001 5.60624
5730001 5.58377
5740001 5.51214
5750001 5.53523
5760001 5.64864
5770001 5.57674
5780001 5.63016
5790001 5.60922
5800001 5.61502
5810001 5.6431
5820001 5.65546
5830001 5.65218
5840001 5.59193
5850001 5.56611
5860001 5.65245
5870001 5.61172
5880001 5.61202
5890001 5.5884
5900001 5.5776
5910001 5.63585
5920001 5.58673
5930001 5.57301
5940001 5.56242
5950001 5.60639
5960001 5.53084
5970001 5.5517
5980001 5.59556
5990001 5.58245
6000001 5.63396
6010001 5.60852
6020001 5.51976
6030001 5.5873
6040001 5.62278
6050001 5.67313
6060001 5.59372
6070001 5.57634
6080001 5.62778
6090001 5.63633
6100001 5.55145
6110001 5.60631
6120001 5.67336
6130001 5.61436
6140001 5.60963
6150001 5.60276
6160001 5.58076
6170001 5.60235
6180001 5.59589
6190001 5.57541
6200001 5.59907
6210001 5.67431
6220001 5.63297
6230001 5.62737
6240001 5.63911
6250001 5.59285
6260001 5.63023
6270001 5.61628
6280001 5.55341
6290001 5.58895
6300001 5.62912
6310001 5.60462
6320001 5.60174
6330001 5.61459
6340001 5.55757
6350001 5.63806
6360001 5.56572
6370001 5.58276
6380001 5.6183
6390001 5.54155
6400001 5.62204
6410001 5.63674
6420001 5.55827
6430001 5.6159
6440001 5.63335
6450001 5.53968
6460001 5.60904
6470001 5.6079
6480001 5.63582
6490001 5.66343
6500001 5.53187
6510001 5.58818
6520001 5.57148
6530001 5.67194
6540001 5.62918
6550001 5.56707
6560001 5.60172
6570001 5.62308
6580001 5.61728
6590001 5.59612
6600001 5.56569
6610001 5.61209
6620001 5.55574
6630001 5.65359
6640001 5.58997
6650001 5.61162
6660001 5.58424
6670001 5.61905
6680001 5.56001
6690001 5.64739
6700001 5.58871
6710001 5.62328
6720001 5.61213
6730001 5.5535
6740001 5.64134
6750001 5.67244
6760001 5.60127
6770001 5.65195
6780001 5.6469
6790001 5.63138
6800001 5.65922
6810001 5.60372
6820001 5.59124
6830001 5.60458
6840001 5.57737
6850001 5.58655
6860001 5.61035
6870001 5.58624
6880001 5.60924
6890001 5.64165
6900001 5.61922
6910001 5.57925
6920001 5.60656
6930001 5.56987
6940001 5.64206
6950001 5.57706
6960001 5.66554
6970001 5.60874
6980001 5.62765
6990001 5.59357
7000001 5.58992
7010001 5.54594
7020001 5.59604
7030001 5.61692
7040001 5.60285
7050001 5.60365
7060001 5.58807
7070001 5.59595
7080001 5.5538
7090001 5.65996
7100001 5.5503
7110001 5.63177
7120001 5.62064
7130001 5.60089
7140001 5.52929
7150001 5.58134
7160001 5.54239
7170001 5.63283
7180001 5.55097
7190001 5.57212
7200001 5.65157
7210001 5.65592
7220001 5.66009
7230001 5.60793
7240001 5.53922
7250001 5.55236
7260001 5.64301
7270001 5.55016
7280001 5.62193
7290001 5.61007
7300001 5.57591
7310001 5.66672
7320001 5.58982
7330001 5.61119
7340001 5.56169
7350001 5.61605
7360001 5.6445
7370001 5.65843
7380001 5.61515
7390001 5.58418
7400001 5.57078
7410001 5.64271
7420001 5.61929
7430001 5.54916
7440001 5.59725
7450001 5.61357
7460001 5.62339
7470001 5.63052
7480001 5.62065
7490001 5.61384
7500001 5.63458
7510001 5.61986
7520001 5.58664
7530001 5.54741
7540001 5.66681
7550001 5.59227
7560001 5.59139
7570001 5.57838
7580001 5.63615
7590001 5.60034
7600001 5.58014
7610001 5.61443
7620001 5.5377
7630001 5.60319
7640001 5.65011
7650001 5.5929
7660001 5.56846
7670001 5.70361
7680001 5.55606
7690001 5.59976
7700001 5.6153
7710001 5.61227
7720001 5.62725
7730001 5.55456
7740001 5.65013
7750001 5.57109
7760001 5.62458
7770001 5.6249
7780001 5.62814
7790001 5.59986
7800001 5.62558
7810001 5.64322
7820001 5.5354
7830001 5.57682
7840001 5.54473
7850001 5.54538
7860001 5.62788
7870001 5.60563
7880001 5.67555
7890001 5.6755
7900001 5.66831
7910001 5.48491
7920001 5.56675
7930001 5.57326
7940001 5.59138
7950001 5.6046
7960001 5.55888
7970001 5.64258
7980001 5.5936
7990001 5.6201
8000001 5.59116
8010001 5.59205
8020001 5.58745
8030001 5.65561
8040001 5.68141
8050001 5.6153
8060001 5.67644
8070001 5.64164
8080001 5.59194
8090001 5.60381
8100001 5.62475
8110001 5.63465
8120001 5.6232
8130001 5.55012
8140001 5.56332
8150001 5.56381
8160001 5.55176
8170001 5.64313
8180001 5.60914
8190001 5.57416
8200001 5.6179
8210001 5.61986
8220001 5.62998
8230001 5.5939
8240001 5.64896
8250001 5.59023
8260001 5.57985
8270001 5.58157
8280001 5.63494
8290001 5.5577
8300001 5.59321
8310001 5.56918
8320001 5.59732
8330001 5.6576
8340001 5.63212
8350001 5.61827
8360001 5.59589
8370001 5.608
8380001 5.66839
8390001 5.56875
8400001 5.5962
8410001 5.60193
8420001 5.56676
8430001 5.60358
8440001 5.56243
8450001 5.55817
8460001 5.64694
8470001 5.54725
8480001 5.59664
8490001 5.63929
8500001 5.61328
8510001 5.55978
8520001 5.5667
8530001 5.57177
8540001 5.62545
8550001 5.61822
8560001 5.58459
8570001 5.61047
8580001 5.55937
8590001 5.59113
8600001 5.60931
8610001 5.54743
8620001 5.5878
8630001 5.5854
8640001 5.52112
8650001 5.56334
8660001 5.55777
8670001 5.60981
8680001 5.56312
8690001 5.65603
8700001 5.64552
8710001 5.58326
8720001 5.5434
8730001 5.51307
8740001 5.61976
8750001 5.56357
8760001 5.55242
8770001 5.56812
8780001 5.66736
8790001 5.54497
8800001 5.59255
8810001 5.67942
8820001 5.57475
8830001 5.58116
8840001 5.58939
8850001 5.54541
8860001 5.59799
8870001 5.56964
8880001 5.61271
8890001 5.63852
8900001 5.58372
8910001 5.64644
8920001 5.63087
8930001 5.57188
8940001 5.56902
8950001 5.63272
8960001 5.56674
8970001 5.63208
8980001 5.59281
8990001 5.60257
9000001 5.62826
9010001 5.60304
9020001 5.57512
9030001 5.60377
9040001 5.60337
9050001 5.57154
9060001 5.65879
9070001 5.68142
9080001 5.60001
9090001 5.61225
9100001 5.56746
9110001 5.60531
9120001 5.55528
9130001 5.56459
9140001 5.56571
9150001 5.6139
9160001 5.57566
9170001 5.58121
9180001 5.55051
9190001 5.59357
9200001 5.57594
9210001 5.64241
9220001 5.53076
9230001 5.58427
9240001 5.57048
9250001 5.58152
9260001 5.61244
9270001 5.63632
9280001 5.50771
9290001 5.54769
9300001 5.59422
9310001 5.65085
9320001 5.5249
9330001 5.57481
9340001 5.63009
9350001 5.54968
9360001 5.58297
9370001 5.59632
9380001 5.56565
9390001 5.58364
9400001 5.58018
9410001 5.65311
9420001 5.56622
9430001 5.56219
9440001 5.60531
9450001 5.58868
9460001 5.60628
9470001 5.60807
9480001 5.64732
9490001 5.56951
9500001 5.59743
9510001 5.67714
9520001 5.65067
9530001 5.59204
9540001 5.50454
9550001 5.56442
9560001 5.59503
9570001 5.5562
9580001 5.68034
9590001 5.61551
9600001 5.67845
9610001 5.57889
9620001 5.62634
9630001 5.62248
9640001 5.61094
9650001 5.54222
9660001 5.53025
9670001 5.59884
9680001 5.61316
9690001 5.5734
9700001 5.55034
9710001 5.57012
9720001 5.67455
9730001 5.59624
9740001 5.56249
9750001 5.60159
9760001 5.59586
9770001 5.6055
9780001 5.59768
9790001 5.61356
9800001 5.6425
9810001 5.6032
9820001 5.52502
9830001 5.63471
9840001 5.59116
9850001 5.61429
9860001 5.58319
9870001 5.5317
9880001 5.54636
9890001 5.56474
9900001 5.65516
9910001 5.63852
9920001 5.59297
9930001 5.67202
9940001 5.68665
9950001 5.62215
9960001 5.54947
9970001 5.58955
9980001 5.61978
9990001 5.62527
10000001 5.60541
10010001 5.58732
10020001 5.61404
10030001 5.60627
10040001 5.59013
10050001 5.62601
10060001 5.65664
10070001 5.57665
10080001 5.5714
10090001 5.54552
10100001 5.62284
10110001 5.63182
10120001 5.60151
10130001 5.57523
10140001 5.56083
10150001 5.57953
10160001 5.64248
10170001 5.62389
10180001 5.6197
10190001 5.61257
10200001 5.60192
10210001 5.64912
10220001 5.62015
10230001 5.57753
10240001 5.65357
10250001 5.57339
10260001 5.60918
10270001 5.66456
10280001 5.51828
10290001 5.67657
10300001 5.5192
10310001 5.64807
10320001 5.52723
10330001 5.62451
10340001 5.57976
10350001 5.55056
10360001 5.58163
10370001 5.61063
10380001 5.58006
10390001 5.5853
10400001 5.58627
10410001 5.60585
10420001 5.58973
10430001 5.58384
10440001 5.57639
10450001 5.58325
10460001 5.61707
10470001 5.6214
10480001 5.65333
10490001 5.64436
10500001 5.54161
10510001 5.57067
10520001 5.61704
10530001 5.5419
10540001 5.64784
10550001 5.58646
10560001 5.60357
10570001 5.54201
10580001 5.57849
10590001 5.63021
10600001 5.56417
10610001 5.55087
10620001 5.69822
10630001 5.64122
10640001 5.60192
10650001 5.54975
10660001 5.63035
10670001 5.61283
10680001 5.60953
10690001 5.53731
10700001 5.6555
10710001 5.5985
10720001 5.57515
10730001 5.59656
10740001 5.66328
10750001 5.58104
10760001 5.52612
10770001 5.58707
10780001 5.58508
10790001 5.59328
10800001 5.64734
10810001 5.6404
10820001 5.58586
10830001 5.62629
10840001 5.61355
10850001 5.6104
10860001 5.68819
10870001 5.57274
10880001 5.55972
10890001 5.571
10900001 5.60284
10910001 5.62597
10920001 5.59545
10930001 5.60163
10940001 5.64788
10950001 5.58711
10960001 5.63352
10970001 5.60494
10980001 5.62261
10990001 5.62911
11000001 5.58575
11010001 5.64469
11020001 5.61261
11030001 5.61767
11040001 5.55763
11050001 5.59161
11060001 5.60427
11070001 5.55872
11080001 5.52441
11090001 5.54945
11100001 5.66108
11110001 5.55245
11120001 5.59949
11130001 5.57698
11140001 5.63734
11150001 5.63899
11160001 5.55852
11170001 5.58882
11180001 5.59931
11190001 5.60852
11200001 5.63326
11210001 5.57215
11220001 5.54172
11230001 5.67466
11240001 5.57901
11250001 5.55422
11260001 5.58865
11270001 5.58632
11280001 5.57404
11290001 5.57814
11300001 5.61045
11310001 5.67454
11320001 5.56142
11330001 5.54537
11340001 5.59181
11350001 5.60581
11360001 5.59039
11370001 5.5587
11380001 5.60993
11390001 5.61205
11400001 5.60908
11410001 5.57939
11420001 5.60629
11430001 5.68999
11440001 5.63999
11450001 5.56832
11460001 5.60864
11470001 5.62436
11480001 5.63126
11490001 5.61897
11500001 5.69586
11510001 5.6852
11520001 5.58542
11530001 5.5952
11540001 5.59661
11550001 5.58851
11560001 5.64014
11570001 5.59221
11580001 5.57192
11590001 5.59422
11600001 5.53845
11610001 5.63918
11620001 5.6201
11630001 5.64098
11640001 5.61121
11650001 5.57225
11660001 5.57019
11670001 5.61632
11680001 5.63213
11690001 5.57712
11700001 5.58167
11710001 5.5913
11720001 5.59518
11730001 5.61195
11740001 5.60602
11750001 5.58012
11760001 5.61753
11770001 5.56942
11780001 5.55615
11790001 5.57561
11800001 5.58392
11810001 5.56477
11820001 5.58772
11830001 5.5622
11840001 5.60543
11850001 5.54628
11860001 5.60766
11870001 5.59119
11880001 5.59133
11890001 5.61802
11900001 5.55361
11910001 5.63995
11920001 5.57741
11930001 5.67127
11940001 5.6033
11950001 5.5323
11960001 5.6036
11970001 5.55419
11980001 5.49791
11990001 5.64857
12000001 5.63344
12010001 5.64373
12020001 5.63336
12030001 5.58359
12040001 5.60365
12050001 5.59243
12060001 5.5923
12070001 5.57723
12080001 5.606
12090001 5.59929
12100001 5.70877
12110001 5.59235
12120001 5.62288
12130001 5.57477
12140001 5.62757
12150001 5.61242
12160001 5.57075
12170001 5.60431
12180001 5.58699
12190001 5.57289
12200001 5.55059
12210001 5.52801
12220001 5.60366
12230001 5.67443
12240001 5.56224
12250001 5.54914
12260001 5.61617
12270001 5.62115
12280001 5.59058
12290001 5.54627
12300001 5.57506
12310001 5.5709
12320001 5.63096
12330001 5.6114
12340001 5.66261
12350001 5.58333
12360001 5.51622
12370001 5.5618
12380001 5.59907
12390001 5.57945
12400001 5.70461
12410001 5.5324
12420001 5.59722
12430001 5.60381
12440001 5.5634
12450001 5.60204
12460001 5.61434
12470001 5.63702
12480001 5.60799
12490001 5.55785
12500001 5.59861
12510001 5.60347
12520001 5.64512
12530001 5.62179
12540001 5.64656
12550001 5.57132
12560001 5.61914
12570001 5.61917
12580001 5.65412
12590001 5.7064
12600001 5.59787
12610001 5.66339
12620001 5.65365
12630001 5.59248
12640001 5.60971
12650001 5.56023
12660001 5.57682
12670001 5.57277
12680001 5.60551
12690001 5.56827
12700001 5.58073
12710001 5.63873
12720001 5.55409
12730001 5.61007
12740001 5.63956
12750001 5.62106
12760001 5.66325
12770001 5.6088
12780001 5.54862
12790001 5.60258
12800001 5.67586
12810001 5.60839
12820001 5.60201
12830001 5.59097
12840001 5.6098
12850001 5.61097
12860001 5.58529
12870001 5.60581
12880001 5.65038
12890001 5.55358
12900001 5.59212
12910001 5.63092
12920001 5.57085
12930001 5.60347
12940001 5.63346
12950001 5.63945
12960001 5.58331
12970001 5.52658
12980001 5.56509
12990001 5.55966
13000001 5.67189
13010001 5.61251
13020001 5.61413
13030001 5.58402
13040001 5.59015
13050001 5.61038
13060001 5.61162
13070001 5.52717
13080001 5.59988
13090001 5.5247
13100001 5.58363
13110001 5.62085
13120001 5.64097
13130001 5.64192
13140001 5.65118
13150001 5.65203
13160001 5.57882
13170001 5.6001
13180001 5.60164
13190001 5.63274
13200001 5.67545
13210001 5.63821
13220001 5.55219
13230001 5.62262
13240001 5.61503
13250001 5.6139
13260001 5.58228
13270001 5.60431
13280001 5.66805
13290001 5.56196
13300001 5.5703
13310001 5.59544
13320001 5.53777
13330001 5.60813
13340001 5.68366
13350001 5.65287
13360001 5.56459
13370001 5.63926
13380001 5.6004
13390001 5.62585
13400001 5.53345
13410001 5.592
13420001 5.5851
13430001 5.65833
13440001 5.63242
13450001 5.59138
13460001 5.55497
13470001 5.52659
13480001 5.62464
13490001 5.6472
13500001 5.54739
13510001 5.61192
13520001 5.61503
13530001 5.59012
13540001 5.62103
13550001 5.58935
13560001 5.55195
13570001 5.56145
13580001 5.52849
13590001 5.55999
13600001 5.61538
13610001 5.55443
13620001 5.54819
13630001 5.59837
13640001 5.63765
13650001 5.61733
13660001 5.60431
13670001 5.63946
13680001 5.61191
13690001 5.63518
13700001 5.57711
13710001 5.60218
13720001 5.60683
13730001 5.58433
13740001 5.60184
13750001 5.61437
13760001 5.6074
13770001 5.54385
13780001 5.66456
13790001 5.54704
13800001 5.64373
13810001 5.5791
13820001 5.59403
13830001 5.48378
13840001 5.63552
13850001 5.6284
13860001 5.63832
13870001 5.62333
13880001 5.61612
13890001 5.55752
13900001 5.58745
13910001 5.50343
13920001 5.58124
13930001 5.65177
13940001 5.61216
13950001 5.586
13960001 5.55972
13970001 5.68897
13980001 5.56135
13990001 5.72035
14000001 5.61243
14010001 5.5878
14020001 5.60325
14030001 5.54925
14040001 5.5298
14050001 5.57183
14060001 5.60896
14070001 5.59824
14080001 5.6358
14090001 5.6445
14100001 5.5938
14110001 5.63448
14120001 5.61415
14130001 5.5635
14140001 5.60806
14150001 5.52159
14160001 5.54606
14170001 5.60726
14180001 5.60602
14190001 5.5537
14200001 5.60303
14210001 5.65847
14220001 5.61564
14230001 5.61733
14240001 5.65109
14250001 5.62746
14260001 5.57652
14270001 5.56006
14280001 5.59052
14290001 5.73174
14300001 5.58818
14310001 5.64677
14320001 5.65564
14330001 5.56059
14340001 5.61018
14350001 5.59128
14360001 5.64587
14370001 5.68576
14380001 5.67532
14390001 5.55315
14400001 5.6129
14410001 5.69607
14420001 5.58366
14430001 5.59421
14440001 5.61322
14450001 5.59911
14460001 5.57175
14470001 5.67111
14480001 5.58764
14490001 5.54264
14500001 5.56144
14510001 5.57179
14520001 5.60877
14530001 5.61282
14540001 5.59659
14550001 5.60569
14560001 5.59228
14570001 5.61905
14580001 5.58161
14590001 5.53266
14600001 5.60083
14610001 5.57848
14620001 5.57175
14630001 5.59809
14640001 5.59497
14650001 5.64222
14660001 5.6003
14670001 5.5519
14680001 5.60151
14690001 5.5841
14700001 5.55617
14710001 5.55264
14720001 5.58616
14730001 5.59745
14740001 5.60893
14750001 5.5775
14760001 5.57823
14770001 5.61887
14780001 5.62393
14790001 5.55506
14800001 5.59257
14810001 5.55888
14820001 5.59399
14830001 5.58641
14840001 5.55976
14850001 5.64383
14860001 5.61604
14870001 5.65412
14880001 5.58599
14890001 5.65578
14900001 5.57199
14910001 5.63263
14920001 5.58026
14930001 5.59513
14940001 5.62375
14950001 5.62631
14960001 5.59737
14970001 5.56193
14980001 5.6011
14990001 5.60915
15000001 5.58165
15010001 5.60632
15020001 5.6607
15030001 5.60535
15040001 5.54433
15050001 5.63346
15060001 5.6185
15070001 5.56845
15080001 5.57602
15090001 5.65014
15100001 5.60953
15110001 5.53299
15120001 5.59559
15130001 5.59915
15140001 5.53517
15150001 5.62573
15160001 5.62406
15170001 5.63296
15180001 5.66315
15190001 5.55861
15200001 5.57838
15210001 5.58723
15220001 5.56368
15230001 5.59035
15240001 5.64
15250001 5.55011
15260001 5.55244
15270001 5.59598
15280001 5.60239
15290001 5.62862
15300001 5.62045
15310001 5.51525
15320001 5.60669
15330001 5.60532
15340001 5.60499
15350001 5.59442
15360001 5.59052
15370001 5.60101
15380001 5.59764
15390001 5.55973
15400001 5.57397
15410001 5.5953
15420001 5.61336
15430001 5.55049
15440001 5.57493
15450001 5.5474
15460001 5.55043
15470001 5.58544
15480001 5.66726
15490001 5.59671
15500001 5.57445
15510001 5.63195
15520001 5.66606
15530001 5.59242
15540001 5.59317
15550001 5.60387
15560001 5.6141
15570001 5.54162
15580001 5.70471
15590001 5.59291
15600001 5.63104
15610001 5.61134
15620001 5.57542
15630001 5.54009
15640001 5.57778
15650001 5.596
15660001 5.55043
15670001 5.56456
15680001 5.56693
15690001 5.55067
15700001 5.6089
15710001 5.57287
15720001 5.60248
15730001 5.55638
15740001 5.56963
15750001 5.60175
15760001 5.62677
15770001 5.61764
15780001 5.62466
15790001 5.56497
15800001 5.6129
15810001 5.59689
15820001 5.57597
15830001 5.56563
15840001 5.61506
15850001 5.63431
15860001 5.59853
15870001 5.53896
15880001 5.59365
15890001 5.54837
15900001 5.58293
15910001 5.63416
15920001 5.63785
15930001 5.6371
15940001 5.64298
15950001 5.60698
15960001 5.61738
15970001 5.59784
15980001 5.6136
15990001 5.57677
16000001 5.64174
16010001 5.62062
16020001 5.60955
16030001 5.56609
16040001 5.63093
16050001 5.61096
16060001 5.67387
16070001 5.66251
16080001 5.6259
16090001 5.57105
16100001 5.59823
16110001 5.6225
16120001 5.56473
16130001 5.56019
16140001 5.57429
16150001 5.61016
16160001 5.60511
16170001 5.62588
16180001 5.57003
16190001 5.60532
16200001 5.5936
16210001 5.5852
16220001 5.58481
16230001 5.56637
16240001 5.58248
16250001 5.51644
16260001 5.57006
16270001 5.62921
16280001 5.57722
16290001 5.60391
16300001 5.69877
16310001 5.63999
16320001 5.56514
16330001 5.57198
16340001 5.59545
16350001 5.5909
16360001 5.62968
16370001 5.68959
16380001 5.73395
16390001 5.58834
16400001 5.59183
16410001 5.54763
16420001 5.66925
16430001 5.67073
16440001 5.57009
16450001 5.55551
16460001 5.64032
16470001 5.63614
16480001 5.57039
16490001 5.61409
16500001 5.64213
16510001 5.57305
16520001 5.60733
16530001 5.64076
16540001 5.60007
16550001 5.62426
16560001 5.59998
16570001 5.59851
16580001 5.65914
16590001 5.56662
16600001 5.61507
16610001 5.51066
16620001 5.58011
16630001 5.54454
16640001 5.58656
16650001 5.63168
16660001 5.61423
16670001 5.61203
16680001 5.6279
16690001 5.65783
16700001 5.54363
16710001 5.56472
16720001 5.49538
16730001 5.55481
16740001 5.56036
16750001 5.57318
16760001 5.59235
16770001 5.60525
16780001 5.58601
16790001 5.62079
16800001 5.57733
16810001 5.61022
16820001 5.65787
16830001 5.55162
16840001 5.61444
16850001 5.59187
16860001 5.5583
16870001 5.60731
16880001 5.62436
16890001 5.55392
16900001 5.56781
16910001 5.55596
16920001 5.6531
16930001 5.58578
16940001 5.59948
16950001 5.60381
16960001 5.58024
16970001 5.56857
16980001 5.60543
16990001 5.56085
17000001 5.60445
17010001 5.62682
17020001 5.61408
17030001 5.56874
17040001 5.59226
17050001 5.6249
17060001 5.62086
17070001 5.64866
17080001 5.52531
17090001 5.5986
17100001 5.60229
17110001 5.58415
17120001 5.61596
17130001 5.5443
17140001 5.60625
17150001 5.61616
17160001 5.54309
17170001 5.55329
17180001 5.59032
17190001 5.59559
17200001 5.54603
17210001 5.66509
17220001 5.6061
17230001 5.61076
17240001 5.50326
17250001 5.54259
17260001 5.60798
17270001 5.61379
17280001 5.62195
17290001 5.60019
17300001 5.52365
17310001 5.61476
17320001 5.58605
17330001 5.65004
17340001 5.61441
17350001 5.63537
17360001 5.61644
17370001 5.54934
17380001 5.58481
17390001 5.64208
17400001 5.63199
17410001 5.57061
17420001 5.56802
17430001 5.61666
17440001 5.5606
17450001 5.64334
17460001 5.61992
17470001 5.62792
17480001 5.55935
17490001 5.55161
17500001 5.57548
17510001 5.56831
17520001 5.58104
17530001 5.54627
17540001 5.59511
17550001 5.58075
17560001 5.53582
17570001 5.6008
17580001 5.68021
17590001 5.61491
17600001 5.57927
17610001 5.58507
17620001 5.64533
17630001 5.61735
17640001 5.52713
17650001 5.62309
17660001 5.63064
17670001 5.56714
17680001 5.61072
17690001 5.60561
17700001 5.65002
17710001 5.64453
17720001 5.65828
17730001 5.58758
17740001 5.68363
17750001 5.60229
17760001 5.60645
17770001 5.60286
17780001 5.56217
17790001 5.68583
17800001 5.56945
17810001 5.57182
17820001 5.64712
17830001 5.70209
17840001 5.57553
17850001 5.54524
17860001 5.60129
17870001 5.60323
17880001 5.60152
17890001 5.58271
17900001 5.57175
17910001 5.57788
17920001 5.60016
17930001 5.59775
17940001 5.54339
17950001 5.66565
17960001 5.61753
17970001 5.58728
17980001 5.53563
17990001 5.63378
18000001 5.64693
18010001 5.67825
18020001 5.62018
18030001 5.60681
18040001 5.61529
18050001 5.61692
18060001 5.577
18070001 5.58488
18080001 5.61282
18090001 5.67729
18100001 5.55769
18110001 5.50995
18120001 5.56406
18130001 5.59185
18140001 5.58676
18150001 5.60288
18160001 5.5895
18170001 5.63684
18180001 5.58465
18190001 5.60196
18200001 5.57903
18210001 5.63045
18220001 5.61945
18230001 5.62008
18240001 5.58773
18250001 5.59038
18260001 5.60146
18270001 5.57535
18280001 5.58564
18290001 5.60871
18300001 5.66982
18310001 5.62316
18320001 5.60934
18330001 5.55336
18340001 5.59619
18350001 5.60085
18360001 5.59178
18370001 5.61643
18380001 5.58137
18390001 5.64139
18400001 5.63986
18410001 5.62577
18420001 5.60543
18430001 5.56718
18440001 5.50139
18450001 5.62793
18460001 5.53759
18470001 5.58194
18480001 5.60811
18490001 5.61171
18500001 5.56268
18510001 5.60021
18520001 5.55257
18530001 5.62955
18540001 5.60513
18550001 5.56812
18560001 5.58255
18570001 5.56139
18580001 5.58956
18590001 5.60398
18600001 5.60334
18610001 5.5732
18620001 5.62512
18630001 5.59526
18640001 5.6009
18650001 5.55494
18660001 5.56037
18670001 5.69273
18680001 5.61978
18690001 5.60027
18700001 5.61801
18710001 5.59994
18720001 5.58936
18730001 5.63093
18740001 5.65255
18750001 5.67592
18760001 5.62968
18770001 5.58746
18780001 5.63515
18790001 5.61255
18800001 5.60192
18810001 5.59915
18820001 5.61642
18830001 5.60197
18840001 5.63485
18850001 5.60748
18860001 5.62933
18870001 5.57761
18880001 5.56501
18890001 5.57443
18900001 5.64688
18910001 5.58502
18920001 5.62616
18930001 5.55385
18940001 5.59325
18950001 5.61776
18960001 5.58044
18970001 5.64085
18980001 5.63016
18990001 5.57563
19000001 5.66307
19010001 5.62067
19020001 5.58603
19030001 5.60611
19040001 5.58331
19050001 5.56811
19060001 5.56599
19070001 5.59028
19080001 5.61439
19090001 5.59454
19100001 5.54757
19110001 5.6161
19120001 5.56514
19130001 5.58129
19140001 5.59701
19150001 5.55591
19160001 5.60288
19170001 5.60531
19180001 5.65192
19190001 5.56175
19200001 5.61224
19210001 5.58478
19220001 5.59543
19230001 5.63954
19240001 5.59907
19250001 5.5731
19260001 5.59788
19270001 5.59794
19280001 5.5833
19290001 5.69773
19300001 5.61941
19310001 5.57282
19320001 5.60355
19330001 5.57473
19340001 5.54725
19350001 5.60478
19360001 5.60078
19370001 5.56894
19380001 5.57326
19390001 5.60602
19400001 5.63709
19410001 5.6005
19420001 5.62953
19430001 5.59506
19440001 5.61018
19450001 5.62488
19460001 5.58259
19470001 5.57776
19480001 5.59125
19490001 5.60165
19500001 5.51677
19510001 5.60252
19520001 5.61081
19530001 5.60079
19540001 5.65375
19550001 5.57354
19560001 5.6285
19570001 5.62085
19580001 5.60075
19590001 5.59778
19600001 5.615
19610001 5.61755
19620001 5.59181
19630001 5.61422
19640001 5.58753
19650001 5.6212
19660001 5.6116
19670001 5.55503
19680001 5.6842
19690001 5.60977
19700001 5.59827
19710001 5.66274
19720001 5.61323
19730001 5.58427
19740001 5.62606
19750001 5.63621
19760001 5.58036
19770001 5.62495
19780001 5.60838
19790001 5.61106
19800001 5.58095
19810001 5.58931
19820001 5.55923
19830001 5.57482
19840001 5.63546
19850001 5.5916
19860001 5.54775
19870001 5.63417
19880001 5.66099
19890001 5.59695
19900001 5.58642
19910001 5.60555
19920001 5.63363
19930001 5.5783
19940001 5.58803
19950001 5.62772
19960001 5.61577
19970001 5.54287
19980001 5.58691
19990001 5.63421
20000001 5.58497
20010001 5.61845
20020001 5.58469
20030001 5.59067
20040001 5.6125
20050001 5.64205
20060001 5.60521
20070001 5.59757
20080001 5.52786
20090001 5.58079
20100001 5.68009
20110001 5.63122
20120001 5.62703
20130001 5.57733
20140001 5.61058
20150001 5.61565
20160001 5.58771
20170001 5.5939
20180001 5.62098
20190001 5.59279
20200001 5.54963
20210001 5.55643
20220001 5.62297
20230001 5.6537
20240001 5.6817
20250001 5.68063
20260001 5.65275
20270001 5.61696
20280001 5.62725
20290001 5.61843
20300001 5.56091
20310001 5.53587
20320001 5.62011
20330001 5.6116
20340001 5.59004
20350001 5.62863
20360001 5.60091
20370001 5.55568
20380001 5.61469
20390001 5.69027
20400001 5.70055
20410001 5.6146
20420001 5.6045
20430001 5.59106
20440001 5.56009
20450001 5.57861
20460001 5.62243
20470001 5.62937
20480001 5.59199
20490001 5.60312
20500001 5.65532
20510001 5.64579
20520001 5.59238
20530001 5.6615
20540001 5.55921
20550001 5.62717
20560001 5.61371
20570001 5.58198
20580001 5.69776
20590001 5.62118
20600001 5.60146
20610001 5.57411
20620001 5.62547
20630001 5.56773
20640001 5.54633
20650001 5.61553
20660001 5.56911
20670001 5.60415
20680001 5.61153
20690001 5.57461
20700001 5.6204
20710001 5.55969
20720001 5.58883
20730001 5.60172
20740001 5.70288
20750001 5.62937
20760001 5.61661
20770001 5.57937
20780001 5.55842
20790001 5.59027
20800001 5.59432
20810001 5.55853
20820001 5.62138
20830001 5.62104
20840001 5.59116
20850001 5.63426
20860001 5.56351
20870001 5.60993
20880001 5.53685
20890001 5.62898
20900001 5.52904
20910001 5.58215
20920001 5.59975
20930001 5.59789
20940001 5.57526
20950001 5.56554
20960001 5.68834
20970001 5.58
20980001 5.5946
20990001 5.64608
21000001 5.59634
21010001 5.60417
21020001 5.57946
21030001 5.5285
21040001 5.60183
21050001 5.59108
21060001 5.58968
21070001 5.65042
21080001 5.55145
21090001 5.57723
21100001 5.60583
21110001 5.62232
21120001 5.62332
21130001 5.60232
21140001 5.62975
21150001 5.60332
21160001 5.58145
21170001 5.5523
21180001 5.54669
21190001 5.60819
21200001 5.68338
21210001 5.58754
21220001 5.56916
21230001 5.61053
21240001 5.60447
21250001 5.6151
21260001 5.61732
21270001 5.59755
21280001 5.55112
21290001 5.59791
21300001 5.59626
21310001 5.60938
21320001 5.60474
21330001 5.58615
21340001 5.6111
21350001 5.57673
21360001 5.57459
21370001 5.57181
21380001 5.60899
21390001 5.65641
21400001 5.6101
21410001 5.62468
21420001 5.67907
21430001 5.60353
21440001 5.65285
21450001 5.59966
21460001 5.63832
21470001 5.67893
21480001 5.59296
21490001 5.59975
21500001 5.62192
21510001 5.62923
21520001 5.60191
21530001 5.57945
21540001 5.61238
21550001 5.60889
21560001 5.58601
21570001 5.57481
21580001 5.62432
21590001 5.63615
21600001 5.59474
21610001 5.56298
21620001 5.63759
21630001 5.58858
21640001 5.62003
21650001 5.62676
21660001 5.60176
21670001 5.58546
21680001 5.61028
21690001 5.63586
21700001 5.57448
21710001 5.59431
21720001 5.59212
21730001 5.5678
21740001 5.57038
21750001 5.6403
21760001 5.68332
21770001 5.60876
21780001 5.60244
21790001 5.61794
21800001 5.57861
21810001 5.61983
21820001 5.62883
21830001 5.64738
21840001 5.59924
21850001 5.63743
21860001 5.61418
21870001 5.62315
21880001 5.57723
21890001 5.5873
21900001 5.61276
21910001 5.56086
21920001 5.59832
21930001 5.61787
21940001 5.62512
21950001 5.57136
21960001 5.57873
21970001 5.60579
21980001 5.61352
21990001 5.55884
22000001 5.60897
22010001 5.52118
22020001 5.66696
22030001 5.63835
22040001 5.60988
22050001 5.56558
22060001 5.56042
22070001 5.57485
22080001 5.69182
22090001 5.59482
22100001 5.5139
22110001 5.58851
22120001 5.60972
22130001 5.58235
22140001 5.56275
22150001 5.64389
22160001 5.61114
22170001 5.58734
22180001 5.59796
22190001 5.55563
22200001 5.57856
22210001 5.64702
22220001 5.58936
22230001 5.60245
22240001 5.57715
22250001 5.59865
22260001 5.62659
22270001 5.64192
22280001 5.63353
22290001 5.63654
22300001 5.64942
22310001 5.57682
22320001 5.54322
22330001 5.59599
22340001 5.53413
22350001 5.66154
22360001 5.55056
22370001 5.63432
22380001 5.60705
22390001 5.61313
22400001 5.58332
22410001 5.54066
22420001 5.56609
22430001 5.64217
22440001 5.62365
22450001 5.56198
22460001 5.59489
22470001 5.56048
22480001 5.61575
22490001 5.61004
22500001 5.60787
22510001 5.62281
22520001 5.56859
22530001 5.67882
22540001 5.6053
22550001 5.59187
22560001 5.58518
22570001 5.62302
22580001 5.58815
22590001 5.65581
22600001 5.53891
22610001 5.67446
22620001 5.53515
22630001 5.57349
22640001 5.57737
22650001 5.54211
22660001 5.58917
22670001 5.62272
22680001 5.60711
22690001 5.55136
22700001 5.61412
22710001 5.55863
22720001 5.61055
22730001 5.55381
22740001 5.53528
22750001 5.63412
22760001 5.60152
22770001 5.59657
22780001 5.65351
22790001 5.61933
22800001 5.60331
22810001 5.72318
22820001 5.6393
22830001 5.60455
22840001 5.60818
22850001 5.61569
22860001 5.64898
22870001 5.62104
22880001 5.65481
22890001 5.65853
22900001 5.64015
22910001 5.62512
22920001 5.60259
22930001 5.58145
22940001 5.60468
22950001 5.53526
22960001 5.6825
22970001 5.66914
22980001 5.58874
22990001 5.67584
23000001 5.61567
23010001 5.60939
23020001 5.58976
23030001 5.53029
23040001 5.56145
23050001 5.56512
23060001 5.60107
23070001 5.61069
23080001 5.6171
23090001 5.57875
23100001 5.63528
23110001 5.59616
23120001 5.64163
23130001 5.60417
23140001 5.61353
23150001 5.59891
23160001 5.60432
23170001 5.61035
23180001 5.57542
23190001 5.60759
23200001 5.65822
23210001 5.62677
23220001 5.54889
23230001 5.57975
23240001 5.5966
23250001 5.54427
23260001 5.61921
23270001 5.62829
23280001 5.63525
23290001 5.54745
23300001 5.62176
23310001 5.63076
23320001 5.59375
23330001 5.57592
23340001 5.60485
23350001 5.60999
23360001 5.54774
23370001 5.56091
23380001 5.64608
23390001 5.59617
23400001 5.51335
23410001 5.59258
23420001 5.59
23430001 5.61263
23440001 5.5266
23450001 5.60867
23460001 5.59179
23470001 5.53783
23480001 5.57628
23490001 5.52622
23500001 5.60035
23510001 5.63628
23520001 5.61325
23530001 5.60053
23540001 5.50272
23550001 5.58889
23560001 5.60656
23570001 5.64163
23580001 5.68826
23590001 5.66535
23600001 5.63153
23610001 5.64067
23620001 5.6042
23630001 5.55795
23640001 5.6519
23650001 5.55312
23660001 5.57321
23670001 5.59
23680001 5.62104
23690001 5.62421
23700001 5.58209
23710001 5.57122
23720001 5.55768
23730001 5.61843
23740001 5.54824
23750001 5.54372
23760001 5.55077
23770001 5.55281
23780001 5.60653
23790001 5.61874
23800001 5.64246
23810001 5.5302
23820001 5.52967
23830001 5.64499
23840001 5.63743
23850001 5.65147
23860001 5.67299
23870001 5.64292
23880001 5.54297
23890001 5.55448
23900001 5.61564
23910001 5.64728
23920001 5.62357
23930001 5.60324
23940001 5.64112
23950001 5.59231
23960001 5.57088
23970001 5.54411
23980001 5.60055
23990001 5.57285
24000001 5.6409
24010001 5.60649
24020001 5.55624
24030001 5.60615
24040001 5.5539
24050001 5.57519
24060001 5.60451
24070001 5.58064
24080001 5.5908
24090001 5.61439
24100001 5.61466
24110001 5.64319
24120001 5.62165
24130001 5.61659
24140001 5.57766
24150001 5.62581
24160001 5.56161
24170001 5.59588
24180001 5.57132
24190001 5.53634
24200001 5.58232
24210001 5.56782
24220001 5.61849
24230001 5.62174
24240001 5.55349
24250001 5.59699
24260001 5.55296
24270001 5.59418
24280001 5.65579
24290001 5.55232
24300001 5.63387
24310001 5.55675
24320001 5.6549
24330001 5.5974
24340001 5.59471
24350001 5.5837
24360001 5.57495
24370001 5.51234
24380001 5.60812
24390001 5.61514
24400001 5.58272
24410001 5.58109
24420001 5.59444
24430001 5.57614
24440001 5.61705
24450001 5.69456
24460001 5.64929
24470001 5.59374
24480001 5.53707
24490001 5.52691
24500001 5.6107
24510001 5.55774
24520001 5.61584
24530001 5.59626
24540001 5.65447
24550001 5.62149
24560001 5.60506
24570001 5.55245
24580001 5.67899
24590001 5.55932
24600001 5.55445
24610001 5.58824
24620001 5.58745
24630001 5.54598
24640001 5.54544
24650001 5.55685
24660001 5.59406
24670001 5.60624
24680001 5.56277
24690001 5.58597
24700001 5.63332
24710001 5.52755
24720001 5.59568
24730001 5.59988
24740001 5.62844
24750001 5.63157
24760001 5.57467
24770001 5.58094
24780001 5.60477
24790001 5.60836
24800001 5.60739
24810001 5.62381
24820001 5.60875
24830001 5.58262
24840001 5.56092
24850001 5.53194
24860001 5.57022
24870001 5.67002
24880001 5.62591
24890001 5.59585
24900001 5.60866
24910001 5.66457
24920001 5.54548
24930001 5.60988
24940001 5.60724
24950001 5.58449
24960001 5.63129
24970001 5.60633
24980001 5.60356
24990001 5.61426
25000001 5.49012
25010001 5.56022
25020001 5.65836
25030001 5.60888
25040001 5.59929
25050001 5.58472
25060001 5.63639
25070001 5.55428
25080001 5.56652
25090001 5.57514
25100001 5.57516
25110001 5.58145
25120001 5.59106
25130001 5.62633
25140001 5.6561
25150001 5.58447
25160001 5.638
25170001 5.58106
25180001 5.59679
25190001 5.65211
25200001 5.57432
25210001 5.5741
25220001 5.62554
25230001 5.68708
25240001 5.58587
25250001 5.58375
25260001 5.5983
25270001 5.58486
25280001 5.62675
25290001 5.62316
25300001 5.60579
25310001 5.62091
25320001 5.64752
25330001 5.62251
25340001 5.60687
25350001 5.5843
25360001 5.55691
25370001 5.62266
25380001 5.62025
25390001 5.5519
25400001 5.62265
25410001 5.63449
25420001 5.64082
25430001 5.59013
25440001 5.63282
25450001 5.62776
25460001 5.66604
25470001 5.52901
25480001 5.55928
25490001 5.62134
25500001 5.64698
25510001 5.59999
25520001 5.60072
25530001 5.58855
25540001 5.61143
25550001 5.55408
25560001 5.60598
25570001 5.60854
25580001 5.61439
25590001 5.64275
25600001 5.59595
25610001 5.60211
25620001 5.64
25630001 5.60496
25640001 5.58561
25650001 5.62443
25660001 5.6198
25670001 5.61009
25680001 5.59117
25690001 5.54536
25700001 5.63402
25710001 5.62332
25720001 5.66986
25730001 5.66772
25740001 5.5594
25750001 5.55262
25760001 5.63856
25770001 5.64143
25780001 5.6105
25790001 5.65744
25800001 5.65474
25810001 5.63191
25820001 5.57944
25830001 5.56111
25840001 5.53317
25850001 5.64727
25860001 5.60552
25870001 5.59217
25880001 5.57086
25890001 5.62481
25900001 5.5892
25910001 5.64645
25920001 5.61866
25930001 5.62132
25940001 5.6384
25950001 5.61722
25960001 5.68064
25970001 5.5038
25980001 5.63236
25990001 5.55954
26000001 5.61449
26010001 5.63901
26020001 5.6131
26030001 5.59403
26040001 5.55208
26050001 5.57855
26060001 5.60407
26070001 5.62324
26080001 5.61905
26090001 5.6752
26100001 5.61035
26110001 5.58789
26120001 5.63324
26130001 5.62477
26140001 5.607
26150001 5.55934
26160001 5.57067
26170001 5.60147
26180001 5.63461
26190001 5.59292
26200001 5.60458
26210001 5.5916
26220001 5.56288
26230001 5.63982
26240001 5.55994
26250001 5.54474
26260001 5.60097
26270001 5.5954
26280001 5.61578
26290001 5.64195
26300001 5.59486
26310001 5.59594
26320001 5.57427
26330001 5.62512
26340001 5.60141
26350001 5.62138
26360001 5.60157
26370001 5.58998
26380001 5.64559
26390001 5.59543
26400001 5.63493
26410001 5.57617
26420001 5.63823
26430001 5.58938
26440001 5.67334
26450001 5.61526
26460001 5.57172
26470001 5.61388
26480001 5.61163
26490001 5.61974
26500001 5.65224
26510001 5.6061
26520001 5.6022
26530001 5.55087
26540001 5.58699
26550001 5.55968
26560001 5.57153
26570001 5.62876
26580001 5.55389
26590001 5.57003
26600001 5.54296
26610001 5.60607
26620001 5.60077
26630001 5.63074
26640001 5.59434
26650001 5.55616
26660001 5.65232
26670001 5.64373
26680001 5.62768
26690001 5.61377
26700001 5.57383
26710001 5.64895
26720001 5.66021
26730001 5.58042
26740001 5.56139
26750001 5.5375
26760001 5.59991
26770001 5.64809
26780001 5.64284
26790001 5.63583
26800001 5.69283
26810001 5.60412
26820001 5.61442
26830001 5.61298
26840001 5.6612
26850001 5.60494
26860001 5.63288
26870001 5.54573
26880001 5.62014
26890001 5.5279
26900001 5.58134
26910001 5.66012
26920001 5.63836
26930001 5.62809
26940001 5.6139
26950001 5.57945
26960001 5.63455
26970001 5.65268
26980001 5.5312
26990001 5.60048
27000001 5.59174
27010001 5.60129
27020001 5.52963
27030001 5.57224
27040001 5.59341
27050001 5.63641
27060001 5.56204
27070001 5.60742
27080001 5.59229
27090001 5.55294
27100001 5.56294
27110001 5.57144
27120001 5.52924
27130001 5.55503
27140001 5.58624
27150001 5.55549
27160001 5.56582
27170001 5.636
27180001 5.56633
27190001 5.56761
27200001 5.60425
27210001 5.59103
27220001 5.58131
27230001 5.56334
27240001 5.67026
27250001 5.61039
27260001 5.64906
27270001 5.60296
27280001 5.59387
27290001 5.64751
27300001 5.55398
27310001 5.59784
27320001 5.57869
27330001 5.57221
27340001 5.5798
27350001 5.58761
27360001 5.62825
27370001 5.56597
27380001 5.64687
27390001 5.61205
27400001 5.62864
27410001 5.57868
27420001 5.6205
27430001 5.61103
27440001 5.58148
27450001 5.59637
27460001 5.63901
27470001 5.70573
27480001 5.57512
27490001 5.61112
27500001 5.55622
27510001 5.64485
27520001 5.49498
27530001 5.60774
27540001 5.57712
27550001 5.54708
27560001 5.60398
27570001 5.60204
27580001 5.54919
27590001 5.61342
27600001 5.56459
27610001 5.63003
27620001 5.54642
27630001 5.59224
27640001 5.55906
27650001 5.59481
27660001 5.56994
27670001 5.65659
27680001 5.59891
27690001 5.56484
27700001 5.55918
27710001 5.56775
27720001 5.59748
27730001 5.57465
27740001 5.5771
27750001 5.64229
27760001 5.56649
27770001 5.61322
27780001 5.57353
27790001 5.54803
27800001 5.62003
27810001 5.49702
27820001 5.57814
27830001 5.59762
27840001 5.59579
27850001 5.55734
27860001 5.56503
27870001 5.6275
27880001 5.59963
27890001 5.6227
27900001 5.67293
27910001 5.60874
27920001 5.66296
27930001 5.56201
27940001 5.59341
27950001 5.556
27960001 5.60461
27970001 5.57718
27980001 5.63339
27990001 5.60383
28000001 5.62317
28010001 5.59418
28020001 5.60148
28030001 5.59789
28040001 5.584
28050001 5.56486
28060001 5.63173
28070001 5.59791
28080001 5.6248
28090001 5.51757
28100001 5.57916
28110001 5.61036
28120001 5.6578
28130001 5.65299
28140001 5.63384
28150001 5.5792
28160001 5.58808
28170001 5.64765
28180001 5.5585
28190001 5.60902
28200001 5.57116
28210001 5.60138
28220001 5.59019
28230001 5.57653
28240001 5.55342
28250001 5.61973
28260001 5.65221
28270001 5.59554
28280001 5.6784
28290001 5.61446
28300001 5.57312
28310001 5.6239
28320001 5.64417
28330001 5.64328
28340001 5.57036
28350001 5.55494
28360001 5.57094
28370001 5.63279
28380001 5.5989
28390001 5.63556
28400001 5.66237
28410001 5.5192
28420001 5.62998
28430001 5.62219
28440001 5.6217
28450001 5.69023
28460001 5.66223
28470001 5.5276
28480001 5.61387
28490001 5.54714
28500001 5.55905
28510001 5.5911
28520001 5.66188
28530001 5.67733
28540001 5.65771
28550001 5.63127
28560001 5.63345
28570001 5.54876
28580001 5.59566
28590001 5.62605
28600001 5.59157
28610001 5.62547
28620001 5.5876
28630001 5.56422
28640001 5.70455
28650001 5.61917
28660001 5.62091
28670001 5.59954
28680001 5.63554
28690001 5.60438
28700001 5.63761
28710001 5.64877
28720001 5.55259
28730001 5.62813
28740001 5.67298
28750001 5.60046
28760001 5.59226
28770001 5.6058
28780001 5.56448
28790001 5.58465
28800001 5.68987
28810001 5.58862
28820001 5.5974
28830001 5.6249
28840001 5.61303
28850001 5.55745
28860001 5.61128
28870001 5.57037
28880001 5.63267
28890001 5.57932
28900001 5.59495
28910001 5.60566
28920001 5.56046
28930001 5.63083
28940001 5.60772
28950001 5.68696
28960001 5.61907
28970001 5.62563
28980001 5.61513
28990001 5.57877
29000001 5.61603
29010001 5.66195
29020001 5.61289
29030001 5.5812
29040001 5.63219
29050001 5.65355
29060001 5.59566
29070001 5.65398
29080001 5.59139
29090001 5.58245
29100001 5.57123
29110001 5.62142
29120001 5.5889
29130001 5.63996
29140001 5.56401
29150001 5.64097
29160001 5.58316
29170001 5.6525
29180001 5.65036
29190001 5.60844
29200001 5.67922
29210001 5.51501
29220001 5.63643
29230001 5.58996
29240001 5.58217
29250001 5.59775
29260001 5.60858
29270001 5.62491
29280001 5.60535
29290001 5.60408
29300001 5.56444
29310001 5.57746
29320001 5.56538
29330001 5.5303
29340001 5.61758
29350001 5.61424
29360001 5.55848
29370001 5.68474
29380001 5.63293
29390001 5.50372
29400001 5.59891
29410001 5.57129
29420001 5.61374
29430001 5.6039
29440001 5.65983
29450001 5.63276
29460001 5.57209
29470001 5.58958
29480001 5.5616
29490001 5.62925
29500001 5.5913
29510001 5.57636
29520001 5.57506
29530001 5.64086
29540001 5.60753
29550001 5.55637
29560001 5.64552
29570001 5.66982
29580001 5.57521
29590001 5.62607
29600001 5.51382
29610001 5.64859
29620001 5.57921
29630001 5.57229
29640001 5.59117
29650001 5.61332
29660001 5.62649
29670001 5.65584
29680001 5.57976
29690001 5.53763
29700001 5.56272
29710001 5.59512
29720001 5.55206
29730001 5.60942
29740001 5.63415
29750001 5.63592
29760001 5.5988
29770001 5.5566
29780001 5.60584
29790001 5.58246
29800001 5.58615
29810001 5.62734
29820001 5.63455
29830001 5.60201
29840001 5.59876
29850001 5.61358
29860001 5.65516
29870001 5.67275
29880001 5.54446
29890001 5.61811
29900001 5.59134
29910001 5.56059
29920001 5.58339
29930001 5.66366
29940001 5.57504
29950001 5.6379
29960001 5.58934
29970001 5.60347
29980001 5.5967
29990001 5.58553
