1 2178.09
10001 153.822
20001 82.9051
30001 52.7931
40001 37.541
50001 27.8165
60001 21.7395
70001 17.7364
80001 14.9982
90001 12.9658
100001 11.4721
110001 10.3005
120001 9.40515
130001 8.6654
140001 8.13698
150001 7.60168
160001 7.21376
170001 6.88616
180001 6.60721
190001 6.35955
200001 6.16517
210001 6.00713
220001 5.83878
230001 5.65047
240001 5.61717
250001 5.45471
260001 5.35881
270001 5.26348
280001 5.14938
290001 5.11021
300001 5.03984
310001 4.98172
320001 4.92486
330001 4.87639
340001 4.83414
350001 4.79112
360001 4.74524
370001 4.73044
380001 4.68108
390001 4.68934
400001 4.63626
410001 4.60226
420001 4.57774
430001 4.53889
440001 4.56707
450001 4.55838
460001 4.51072
470001 4.50316
480001 4.45083
490001 4.46974
500001 4.42771
510001 4.45713
520001 4.40705
530001 4.39834
540001 4.41146
550001 4.37765
560001 4.35206
570001 4.36435
580001 4.3694
590001 4.34479
600001 4.32916
610001 4.3102
620001 4.31394
630001 4.3198
640001 4.3079
650001 4.29195
660001 4.33333
670001 4.26876
680001 4.32035
690001 4.29783
700001 4.27741
710001 4.28249
720001 4.29137
730001 4.23988
740001 4.26354
750001 4.25311
760001 4.25095
770001 4.2566
780001 4.25164
790001 4.24764
800001 4.21883
810001 4.22688
820001 4.25132
830001 4.23263
840001 4.23556
850001 4.2321
860001 4.23084
870001 4.23705
880001 4.24605
890001 4.22226
900001 4.21202
910001 4.24283
920001 4.21241
930001 4.21158
940001 4.22364
950001 4.21149
960001 4.21665
970001 4.18499
980001 4.19531
990001 4.18305
1000001 4.19695
1010001 4.18914
1020001 4.17645
1030001 4.21915
1040001 4.1747
1050001 4.19751
1060001 4.17992
1070001 4.2005
1080001 4.20811
1090001 4.1968
1100001 4.1875
1110001 4.20127
1120001 4.15682
1130001 4.19409
1140001 4.15771
1150001 4.20062
1160001 4.17374
1170001 4.17154
1180001 4.18107
1190001 4.2013
1200001 4.1794
1210001 4.16812
1220001 4.21438
1230001 4.16677
1240001 4.19233
1250001 4.18594
1260001 4.18785
1270001 4.19087
1280001 4.19104
1290001 4.18229
1300001 4.15145
1310001 4.17103
1320001 4.17483
1330001 4.15041
1340001 4.16994
1350001 4.16683
1360001 4.18622
1370001 4.1864
1380001 4.15795
1390001 4.15868
1400001 4.16233
1410001 4.1662
1420001 4.15243
1430001 4.18399
1440001 4.1653
1450001 4.21206
1460001 4.1666
1470001 4.14496
1480001 4.17245
1490001 4.15877
1500001 4.17297
1510001 4.15805
1520001 4.15975
1530001 4.16124
1540001 4.14171
1550001 4.16366
1560001 4.18532
1570001 4.1727
1580001 4.18287
1590001 4.14952
1600001 4.17154
1610001 4.15521
1620001 4.13831
1630001 4.14867
1640001 4.19884
1650001 4.1665
1660001 4.15424
1670001 4.14054
1680001 4.17162
1690001 4.16787
1700001 4.146
1710001 4.18863
1720001 4.17133
1730001 4.15655
1740001 4.13568
1750001 4.1351
1760001 4.13543
1770001 4.17234
1780001 4.16074
1790001 4.17135
1800001 4.14427
1810001 4.16162
1820001 4.13555
1830001 4.15503
1840001 4.16132
1850001 4.17392
1860001 4.14625
1870001 4.17677
1880001 4.16655
1890001 4.16025
1900001 4.17054
1910001 4.14632
1920001 4.16026
1930001 4.14197
1940001 4.14257
1950001 4.1512
1960001 4.17829
1970001 4.15467
1980001 4.14885
1990001 4.15921
2000001 4.18007
2010001 4.17011
2020001 4.18328
2030001 4.16113
2040001 4.19797
2050001 4.12655
2060001 4.16885
2070001 4.17348
2080001 4.12962
2090001 4.13944
2100001 4.14187
2110001 4.16858
2120001 4.16237
2130001 4.14224
2140001 4.19339
2150001 4.14174
2160001 4.14476
2170001 4.16253
2180001 4.13743
2190001 4.13474
2200001 4.16165
2210001 4.15016
2220001 4.17329
2230001 4.15587
2240001 4.1441
2250001 4.14519
2260001 4.16446
2270001 4.1402
2280001 4.17726
2290001 4.17276
2300001 4.15968
2310001 4.13358
2320001 4.14051
2330001 4.16061
2340001 4.14619
2350001 4.15958
2360001 4.15788
2370001 4.15703
2380001 4.16317
2390001 4.15558
2400001 4.14145
2410001 4.14818
2420001 4.14962
2430001 4.13546
2440001 4.13247
2450001 4.1642
2460001 4.16568
2470001 4.13388
2480001 4.12914
2490001 4.165
2500001 4.17586
2510001 4.13824
2520001 4.14588
2530001 4.14155
2540001 4.16874
2550001 4.15779
2560001 4.17934
2570001 4.16446
2580001 4.14922
2590001 4.11529
2600001 4.13018
2610001 4.15301
2620001 4.14638
2630001 4.14837
2640001 4.16281
2650001 4.1847
2660001 4.15012
2670001 4.14007
2680001 4.13943
2690001 4.13675
2700001 4.17235
2710001 4.14731
2720001 4.15272
2730001 4.14086
2740001 4.14659
2750001 4.13371
2760001 4.14159
2770001 4.14536
2780001 4.17005
2790001 4.13149
2800001 4.14808
2810001 4.13096
2820001 4.16691
2830001 4.12838
2840001 4.17104
2850001 4.16076
2860001 4.15687
2870001 4.14225
2880001 4.14406
2890001 4.14332
2900001 4.14312
2910001 4.11485
2920001 4.15849
2930001 4.1762
2940001 4.15195
2950001 4.17012
2960001 4.14924
2970001 4.14486
2980001 4.16569
2990001 4.1737
3000001 4.13367
3010001 4.15086
3020001 4.1551
3030001 4.15093
3040001 4.15789
3050001 4.16743
3060001 4.12701
3070001 4.15431
3080001 4.1299
3090001 4.14874
3100001 4.14245
3110001 4.14498
3120001 4.13693
3130001 4.16225
3140001 4.18144
3150001 4.16428
3160001 4.15608
3170001 4.1529
3180001 4.14232
3190001 4.14583
3200001 4.13157
3210001 4.13878
3220001 4.15056
3230001 4.16831
3240001 4.12931
3250001 4.15422
3260001 4.1582
3270001 4.14277
3280001 4.14478
3290001 4.14352
3300001 4.15808
3310001 4.15383
3320001 4.13136
3330001 4.16187
3340001 4.12896
3350001 4.1368
3360001 4.17143
3370001 4.12905
3380001 4.13975
3390001 4.1438
3400001 4.13907
3410001 4.14127
3420001 4.15166
3430001 4.1507
3440001 4.14279
3450001 4.13376
3460001 4.11983
3470001 4.13237
3480001 4.15728
3490001 4.15403
3500001 4.12296
3510001 4.1634
3520001 4.15092
3530001 4.16173
3540001 4.17466
3550001 4.1618
3560001 4.11225
3570001 4.14286
3580001 4.13389
3590001 4.13243
3600001 4.17278
3610001 4.15647
3620001 4.12686
3630001 4.12913
3640001 4.14344
3650001 4.14389
3660001 4.1686
3670001 4.17439
3680001 4.13808
3690001 4.14492
3700001 4.14436
3710001 4.15657
3720001 4.18273
3730001 4.16783
3740001 4.14861
3750001 4.17235
3760001 4.17578
3770001 4.12898
3780001 4.147
3790001 4.16963
3800001 4.141
3810001 4.13153
3820001 4.14571
3830001 4.13849
3840001 4.15109
3850001 4.13116
3860001 4.16675
3870001 4.1141
3880001 4.1522
3890001 4.14973
3900001 4.17106
3910001 4.17515
3920001 4.12153
3930001 4.15803
3940001 4.14175
3950001 4.14576
3960001 4.16657
3970001 4.13576
3980001 4.16675
3990001 4.14111
4000001 4.15524
4010001 4.15308
4020001 4.17005
4030001 4.16049
4040001 4.16165
4050001 4.13624
4060001 4.16953
4070001 4.13785
4080001 4.14924
4090001 4.12485
4100001 4.15043
4110001 4.16025
4120001 4.16651
4130001 4.14096
4140001 4.15542
4150001 4.17969
4160001 4.18363
4170001 4.1598
4180001 4.13939
4190001 4.15936
4200001 4.16601
4210001 4.13839
4220001 4.1501
4230001 4.12871
4240001 4.16373
4250001 4.19314
4260001 4.14773
4270001 4.14167
4280001 4.13516
4290001 4.15937
4300001 4.16286
4310001 4.13916
4320001 4.15771
4330001 4.1477
4340001 4.16629
4350001 4.15422
4360001 4.16001
4370001 4.1558
4380001 4.13007
4390001 4.13843
4400001 4.12548
4410001 4.1777
4420001 4.15438
4430001 4.12504
4440001 4.15811
4450001 4.15268
4460001 4.1366
4470001 4.16515
4480001 4.1162
4490001 4.14833
4500001 4.14321
4510001 4.15869
4520001 4.17976
4530001 4.15157
4540001 4.14155
4550001 4.15137
4560001 4.1275
4570001 4.14599
4580001 4.13514
4590001 4.12573
4600001 4.14916
4610001 4.16258
4620001 4.18012
4630001 4.14853
4640001 4.14857
4650001 4.1537
4660001 4.15108
4670001 4.15061
4680001 4.14819
4690001 4.16483
4700001 4.13082
4710001 4.17106
4720001 4.14162
4730001 4.16153
4740001 4.13942
4750001 4.13185
4760001 4.13984
4770001 4.158
4780001 4.14779
4790001 4.14752
4800001 4.14745
4810001 4.14994
4820001 4.12429
4830001 4.15277
4840001 4.13363
4850001 4.17871
4860001 4.15333
4870001 4.13573
4880001 4.15855
4890001 4.14562
4900001 4.1503
4910001 4.15086
4920001 4.14975
4930001 4.14451
4940001 4.17353
4950001 4.1357
4960001 4.15603
4970001 4.14771
4980001 4.15421
4990001 4.14554
5000001 4.17271
5010001 4.13689
5020001 4.16136
5030001 4.17605
5040001 4.15443
5050001 4.16659
5060001 4.15876
5070001 4.13693
5080001 4.154
5090001 4.15304
5100001 4.14764
5110001 4.12454
5120001 4.16491
5130001 4.15637
5140001 4.14317
5150001 4.14954
5160001 4.13694
5170001 4.12494
5180001 4.13336
5190001 4.1561
5200001 4.13797
5210001 4.16527
5220001 4.12118
5230001 4.16988
5240001 4.1301
5250001 4.15306
5260001 4.19274
5270001 4.16003
5280001 4.1492
5290001 4.13072
5300001 4.15765
5310001 4.13746
5320001 4.14887
5330001 4.15004
5340001 4.16309
5350001 4.15645
5360001 4.13551
5370001 4.14945
5380001 4.14437
5390001 4.15702
5400001 4.13974
5410001 4.13343
5420001 4.17388
5430001 4.13278
5440001 4.15937
5450001 4.15251
5460001 4.16578
5470001 4.14931
5480001 4.14639
5490001 4.15883
5500001 4.14874
5510001 4.14588
5520001 4.16076
5530001 4.14249
5540001 4.12181
5550001 4.14582
5560001 4.17404
5570001 4.15996
5580001 4.14969
5590001 4.15939
5600001 4.14858
5610001 4.12896
5620001 4.15399
5630001 4.1568
5640001 4.13167
5650001 4.14727
5660001 4.14852
5670001 4.1802
5680001 4.14142
5690001 4.16623
5700001 4.11146
5710001 4.14174
5720001 4.1598
5730001 4.13835
5740001 4.12446
5750001 4.12577
5760001 4.16531
5770001 4.13692
5780001 4.17439
5790001 4.16726
5800001 4.1481
5810001 4.16695
5820001 4.15733
5830001 4.17527
5840001 4.14389
5850001 4.13793
5860001 4.17571
5870001 4.14834
5880001 4.14203
5890001 4.14391
5900001 4.14282
5910001 4.15242
5920001 4.13401
5930001 4.12435
5940001 4.1385
5950001 4.14815
5960001 4.12594
5970001 4.1345
5980001 4.14818
5990001 4.15012
6000001 4.16295
6010001 4.1627
6020001 4.11287
6030001 4.15145
6040001 4.14411
6050001 4.1794
6060001 4.15267
6070001 4.14036
6080001 4.16506
6090001 4.15941
6100001 4.13411
6110001 4.15573
6120001 4.15703
6130001 4.14625
6140001 4.15863
6150001 4.15945
6160001 4.14307
6170001 4.14722
6180001 4.13799
6190001 4.14463
6200001 4.13776
6210001 4.17723
6220001 4.18003
6230001 4.15154
6240001 4.16084
6250001 4.15056
6260001 4.1551
6270001 4.15257
6280001 4.13038
6290001 4.14936
6300001 4.16132
6310001 4.15645
6320001 4.14428
6330001 4.1548
6340001 4.12154
6350001 4.14715
6360001 4.13677
6370001 4.15563
6380001 4.16031
6390001 4.12811
6400001 4.14275
6410001 4.16397
6420001 4.11654
6430001 4.14519
6440001 4.16337
6450001 4.12121
6460001 4.16385
6470001 4.14847
6480001 4.1677
6490001 4.16203
6500001 4.10892
6510001 4.14424
6520001 4.14253
6530001 4.18895
6540001 4.16242
6550001 4.1345
6560001 4.14877
6570001 4.13903
6580001 4.14912
6590001 4.14216
6600001 4.1275
6610001 4.15071
6620001 4.13639
6630001 4.15563
6640001 4.13277
6650001 4.1512
6660001 4.13316
6670001 4.16505
6680001 4.12048
6690001 4.15245
6700001 4.14054
6710001 4.1615
6720001 4.14558
6730001 4.12607
6740001 4.15548
6750001 4.16656
6760001 4.14781
6770001 4.1711
6780001 4.16488
6790001 4.15329
6800001 4.16986
6810001 4.15151
6820001 4.14182
6830001 4.15021
6840001 4.14095
6850001 4.14595
6860001 4.14738
6870001 4.15562
6880001 4.16731
6890001 4.16178
6900001 4.15086
6910001 4.14195
6920001 4.15275
6930001 4.14847
6940001 4.16395
6950001 4.13037
6960001 4.16421
6970001 4.16352
6980001 4.17803
6990001 4.13464
7000001 4.15587
7010001 4.12064
7020001 4.14991
7030001 4.14992
7040001 4.16752
7050001 4.15657
7060001 4.15326
7070001 4.14163
7080001 4.1309
7090001 4.16159
7100001 4.11396
7110001 4.16002
7120001 4.15199
7130001 4.15936
7140001 4.11421
7150001 4.13913
7160001 4.13891
7170001 4.14847
7180001 4.1328
7190001 4.13454
7200001 4.16733
7210001 4.19226
7220001 4.17789
7230001 4.15882
7240001 4.11457
7250001 4.1265
7260001 4.15966
7270001 4.11855
7280001 4.15721
7290001 4.16434
7300001 4.13679
7310001 4.1686
7320001 4.1439
7330001 4.14897
7340001 4.13711
7350001 4.14212
7360001 4.16688
7370001 4.15586
7380001 4.1556
7390001 4.14327
7400001 4.15449
7410001 4.16149
7420001 4.16719
7430001 4.11906
7440001 4.13532
7450001 4.14936
7460001 4.16459
7470001 4.16166
7480001 4.15889
7490001 4.14562
7500001 4.17003
7510001 4.15001
7520001 4.13872
7530001 4.14402
7540001 4.18271
7550001 4.1311
7560001 4.13324
7570001 4.13067
7580001 4.1473
7590001 4.15686
7600001 4.13906
7610001 4.14106
7620001 4.1279
7630001 4.14608
7640001 4.16533
7650001 4.14359
7660001 4.13023
7670001 4.18586
7680001 4.1278
7690001 4.16266
7700001 4.14822
7710001 4.17274
7720001 4.15281
7730001 4.13392
7740001 4.18107
7750001 4.13671
7760001 4.15664
7770001 4.13928
7780001 4.16307
7790001 4.13621
7800001 4.16389
7810001 4.16054
7820001 4.12303
7830001 4.1443
7840001 4.12937
7850001 4.12775
7860001 4.15686
7870001 4.14334
7880001 4.16967
7890001 4.16603
7900001 4.16334
7910001 4.11917
7920001 4.13363
7930001 4.12938
7940001 4.13349
7950001 4.15661
7960001 4.13672
7970001 4.15828
7980001 4.15161
7990001 4.14184
8000001 4.13465
8010001 4.14231
8020001 4.13922
8030001 4.15908
8040001 4.18534
8050001 4.1325
8060001 4.17035
8070001 4.1583
8080001 4.14742
8090001 4.14236
8100001 4.15394
8110001 4.15326
8120001 4.15291
8130001 4.13255
8140001 4.13215
8150001 4.13553
8160001 4.13382
8170001 4.15827
8180001 4.13962
8190001 4.12013
8200001 4.14917
8210001 4.14982
8220001 4.15746
8230001 4.14262
8240001 4.16966
8250001 4.14443
8260001 4.14121
8270001 4.1361
8280001 4.16553
8290001 4.12954
8300001 4.16369
8310001 4.14281
8320001 4.15494
8330001 4.15954
8340001 4.15989
8350001 4.15138
8360001 4.12715
8370001 4.14178
8380001 4.16918
8390001 4.12313
8400001 4.14645
8410001 4.14303
8420001 4.13807
8430001 4.15161
8440001 4.14117
8450001 4.12555
8460001 4.17856
8470001 4.10908
8480001 4.15128
8490001 4.16239
8500001 4.1544
8510001 4.12906
8520001 4.12762
8530001 4.13866
8540001 4.15656
8550001 4.16042
8560001 4.14387
8570001 4.14998
8580001 4.13389
8590001 4.14028
8600001 4.15439
8610001 4.13626
8620001 4.14545
8630001 4.13857
8640001 4.1259
8650001 4.13994
8660001 4.13152
8670001 4.14451
8680001 4.11996
8690001 4.15907
8700001 4.18303
8710001 4.14506
8720001 4.12102
8730001 4.11895
8740001 4.1706
8750001 4.13446
8760001 4.11749
8770001 4.12756
8780001 4.18306
8790001 4.11303
8800001 4.14471
8810001 4.16639
8820001 4.14095
8830001 4.14631
8840001 4.14914
8850001 4.13163
8860001 4.14914
8870001 4.13439
8880001 4.16171
8890001 4.16446
8900001 4.15226
8910001 4.14834
8920001 4.15848
8930001 4.12428
8940001 4.12775
8950001 4.1581
8960001 4.13062
8970001 4.16285
8980001 4.15487
8990001 4.13739
9000001 4.14936
9010001 4.14834
9020001 4.13385
9030001 4.16088
9040001 4.12895
9050001 4.1468
9060001 4.16804
9070001 4.17843
9080001 4.14336
9090001 4.14631
9100001 4.13816
9110001 4.16062
9120001 4.12769
9130001 4.13855
9140001 4.13602
9150001 4.16359
9160001 4.13708
9170001 4.15804
9180001 4.12424
9190001 4.13651
9200001 4.13666
9210001 4.1685
9220001 4.11483
9230001 4.13856
9240001 4.12514
9250001 4.13263
9260001 4.15789
9270001 4.1664
9280001 4.11243
9290001 4.12635
9300001 4.14444
9310001 4.17329
9320001 4.122
9330001 4.13445
9340001 4.16354
9350001 4.1304
9360001 4.12057
9370001 4.14537
9380001 4.13011
9390001 4.13715
9400001 4.15161
9410001 4.17796
9420001 4.13964
9430001 4.1285
9440001 4.1427
9450001 4.13594
9460001 4.16229
9470001 4.16584
9480001 4.16523
9490001 4.14151
9500001 4.14247
9510001 4.19243
9520001 4.16321
9530001 4.14725
9540001 4.11027
9550001 4.1438
9560001 4.1504
9570001 4.13125
9580001 4.17442
9590001 4.15961
9600001 4.1747
9610001 4.13496
9620001 4.17427
9630001 4.15677
9640001 4.14724
9650001 4.12697
9660001 4.11392
9670001 4.13712
9680001 4.14648
9690001 4.14186
9700001 4.12759
9710001 4.13506
9720001 4.16514
9730001 4.14064
9740001 4.13509
9750001 4.14728
9760001 4.15607
9770001 4.1411
9780001 4.15167
9790001 4.15984
9800001 4.15579
9810001 4.14179
9820001 4.10823
9830001 4.15912
9840001 4.15444
9850001 4.16841
9860001 4.14484
9870001 4.12478
9880001 4.13029
9890001 4.1384
9900001 4.18987
9910001 4.1642
9920001 4.14165
9930001 4.17173
9940001 4.16011
9950001 4.15345
9960001 4.11941
9970001 4.14627
9980001 4.1473
9990001 4.16392
10000001 4.14221
10010001 4.13946
10020001 4.14974
10030001 4.15169
10040001 4.12544
10050001 4.15429
10060001 4.15585
10070001 4.14041
10080001 4.1213
10090001 4.12847
10100001 4.15116
10110001 4.15238
10120001 4.15623
10130001 4.13478
10140001 4.1314
10150001 4.12771
10160001 4.17269
10170001 4.15752
10180001 4.16519
10190001 4.15339
10200001 4.15097
10210001 4.17365
10220001 4.14863
10230001 4.12323
10240001 4.16223
10250001 4.13604
10260001 4.15904
10270001 4.16889
10280001 4.10903
10290001 4.16585
10300001 4.11127
10310001 4.16376
10320001 4.11142
10330001 4.15446
10340001 4.13364
10350001 4.12803
10360001 4.14477
10370001 4.15521
10380001 4.1359
10390001 4.13119
10400001 4.13571
10410001 4.15218
10420001 4.12927
10430001 4.13614
10440001 4.134
10450001 4.13564
10460001 4.15311
10470001 4.16494
10480001 4.17957
10490001 4.16578
10500001 4.13178
10510001 4.14655
10520001 4.16058
10530001 4.12308
10540001 4.17067
10550001 4.13212
10560001 4.12743
10570001 4.11608
10580001 4.1392
10590001 4.16125
10600001 4.12973
10610001 4.13232
10620001 4.19489
10630001 4.16661
10640001 4.15583
10650001 4.13157
10660001 4.16186
10670001 4.14703
10680001 4.15639
10690001 4.12606
10700001 4.16923
10710001 4.14396
10720001 4.13961
10730001 4.14214
10740001 4.15339
10750001 4.13235
10760001 4.12315
10770001 4.14311
10780001 4.14413
10790001 4.14097
10800001 4.1582
10810001 4.15068
10820001 4.13974
10830001 4.16417
10840001 4.15506
10850001 4.1471
10860001 4.18477
10870001 4.13288
10880001 4.14348
10890001 4.13465
10900001 4.16096
10910001 4.16079
10920001 4.14106
10930001 4.13856
10940001 4.16821
10950001 4.15432
10960001 4.14992
10970001 4.15218
10980001 4.1491
10990001 4.15157
11000001 4.14974
11010001 4.16696
11020001 4.15396
11030001 4.15295
11040001 4.14226
11050001 4.13538
11060001 4.14008
11070001 4.12831
11080001 4.12232
11090001 4.13707
11100001 4.17678
11110001 4.12899
11120001 4.14162
11130001 4.14614
11140001 4.16332
11150001 4.15131
11160001 4.13874
11170001 4.16007
11180001 4.1423
11190001 4.13397
11200001 4.15584
11210001 4.13728
11220001 4.12924
11230001 4.1564
11240001 4.13771
11250001 4.13499
11260001 4.15444
11270001 4.14731
11280001 4.13929
11290001 4.12402
11300001 4.16868
11310001 4.18012
11320001 4.14191
11330001 4.13861
11340001 4.14021
11350001 4.1512
11360001 4.13827
11370001 4.14373
11380001 4.16023
11390001 4.14468
11400001 4.15075
11410001 4.12908
11420001 4.14418
11430001 4.18957
11440001 4.14717
11450001 4.14819
11460001 4.14902
11470001 4.15568
11480001 4.1473
11490001 4.1571
11500001 4.18669
11510001 4.16277
11520001 4.13118
11530001 4.14606
11540001 4.13736
11550001 4.13834
11560001 4.15935
11570001 4.13618
11580001 4.13113
11590001 4.16686
11600001 4.1092
11610001 4.17156
11620001 4.15314
11630001 4.16463
11640001 4.14021
11650001 4.13552
11660001 4.135
11670001 4.15089
11680001 4.15605
11690001 4.14756
11700001 4.15612
11710001 4.14265
11720001 4.15705
11730001 4.15816
11740001 4.15155
11750001 4.13538
11760001 4.14347
11770001 4.13596
11780001 4.13911
11790001 4.14681
11800001 4.1399
11810001 4.14303
11820001 4.14898
11830001 4.13746
11840001 4.16795
11850001 4.11906
11860001 4.14671
11870001 4.14408
11880001 4.15223
11890001 4.1664
11900001 4.13607
11910001 4.16521
11920001 4.13157
11930001 4.16346
11940001 4.13613
11950001 4.11363
11960001 4.14963
11970001 4.13359
11980001 4.10755
11990001 4.16967
12000001 4.15515
12010001 4.15754
12020001 4.16301
12030001 4.13959
12040001 4.15775
12050001 4.13805
12060001 4.14541
12070001 4.13946
12080001 4.15865
12090001 4.14156
12100001 4.18501
12110001 4.14804
12120001 4.14723
12130001 4.12925
12140001 4.15884
12150001 4.17647
12160001 4.12762
12170001 4.16398
12180001 4.14149
12190001 4.1439
12200001 4.13296
12210001 4.12167
12220001 4.14742
12230001 4.17837
12240001 4.13276
12250001 4.11385
12260001 4.14336
12270001 4.14628
12280001 4.13793
12290001 4.12922
12300001 4.13722
12310001 4.1415
12320001 4.17205
12330001 4.16016
12340001 4.1738
12350001 4.13372
12360001 4.11122
12370001 4.12879
12380001 4.15526
12390001 4.13572
12400001 4.18719
12410001 4.11377
12420001 4.14477
12430001 4.14172
12440001 4.12909
12450001 4.15725
12460001 4.14989
12470001 4.15866
12480001 4.16306
12490001 4.11862
12500001 4.14808
12510001 4.15201
12520001 4.15477
12530001 4.16388
12540001 4.16369
12550001 4.14548
12560001 4.16044
12570001 4.14487
12580001 4.17094
12590001 4.19502
12600001 4.13706
12610001 4.16747
12620001 4.16428
12630001 4.14577
12640001 4.16007
12650001 4.13092
12660001 4.12915
12670001 4.12726
12680001 4.14378
12690001 4.14238
12700001 4.13865
12710001 4.1735
12720001 4.14781
12730001 4.15388
12740001 4.15708
12750001 4.17516
12760001 4.16971
12770001 4.15534
12780001 4.11804
12790001 4.15242
12800001 4.18053
12810001 4.13253
12820001 4.14527
12830001 4.13806
12840001 4.14994
12850001 4.15783
12860001 4.1512
12870001 4.13784
12880001 4.1604
12890001 4.11982
12900001 4.13798
12910001 4.17174
12920001 4.13561
12930001 4.15137
12940001 4.15015
12950001 4.15544
12960001 4.14796
12970001 4.12086
12980001 4.12512
12990001 4.11316
13000001 4.18686
13010001 4.14763
13020001 4.1475
13030001 4.14264
13040001 4.14974
13050001 4.14908
13060001 4.15693
13070001 4.1291
13080001 4.15088
13090001 4.11112
13100001 4.14797
13110001 4.15935
13120001 4.16842
13130001 4.17179
13140001 4.16539
13150001 4.17082
13160001 4.13227
13170001 4.1641
13180001 4.14846
13190001 4.15833
13200001 4.17195
13210001 4.16446
13220001 4.12021
13230001 4.14355
13240001 4.14883
13250001 4.14967
13260001 4.14401
13270001 4.14174
13280001 4.18165
13290001 4.13097
13300001 4.13627
13310001 4.15107
13320001 4.12731
13330001 4.14926
13340001 4.1759
13350001 4.15301
13360001 4.13395
13370001 4.15562
13380001 4.15241
13390001 4.17293
13400001 4.12468
13410001 4.13184
13420001 4.13191
13430001 4.15701
13440001 4.14415
13450001 4.14802
13460001 4.13299
13470001 4.12463
13480001 4.1597
13490001 4.15817
13500001 4.1286
13510001 4.16019
13520001 4.15959
13530001 4.15315
13540001 4.15909
13550001 4.13881
13560001 4.12941
13570001 4.14318
13580001 4.10846
13590001 4.12766
13600001 4.16773
13610001 4.13375
13620001 4.12079
13630001 4.13634
13640001 4.15359
13650001 4.15172
13660001 4.14742
13670001 4.15931
13680001 4.15255
13690001 4.17218
13700001 4.14768
13710001 4.13286
13720001 4.16032
13730001 4.14185
13740001 4.15123
13750001 4.15371
13760001 4.16214
13770001 4.12865
13780001 4.17097
13790001 4.11783
13800001 4.16353
13810001 4.15614
13820001 4.14443
13830001 4.09852
13840001 4.16283
13850001 4.16432
13860001 4.16407
13870001 4.16289
13880001 4.1553
13890001 4.13453
13900001 4.13702
13910001 4.10838
13920001 4.14061
13930001 4.17157
13940001 4.16648
13950001 4.14838
13960001 4.13351
13970001 4.17674
13980001 4.1326
13990001 4.18642
14000001 4.14989
14010001 4.1456
14020001 4.15026
14030001 4.11859
14040001 4.12411
14050001 4.12766
14060001 4.15311
14070001 4.14314
14080001 4.1557
14090001 4.15939
14100001 4.13342
14110001 4.14682
14120001 4.12685
14130001 4.13095
14140001 4.14152
14150001 4.11287
14160001 4.13055
14170001 4.15205
14180001 4.15644
14190001 4.13139
14200001 4.14519
14210001 4.16529
14220001 4.15516
14230001 4.15366
14240001 4.15829
14250001 4.15855
14260001 4.12988
14270001 4.1295
14280001 4.12992
14290001 4.18314
14300001 4.13079
14310001 4.17249
14320001 4.16519
14330001 4.13864
14340001 4.14481
14350001 4.14489
14360001 4.16442
14370001 4.18484
14380001 4.17228
14390001 4.13996
14400001 4.14139
14410001 4.17237
14420001 4.13765
14430001 4.13947
14440001 4.14867
14450001 4.13525
14460001 4.14551
14470001 4.16759
14480001 4.15588
14490001 4.1349
14500001 4.14395
14510001 4.14769
14520001 4.15382
14530001 4.14636
14540001 4.15257
14550001 4.14557
14560001 4.14552
14570001 4.15903
14580001 4.1367
14590001 4.12427
14600001 4.14934
14610001 4.14823
14620001 4.12669
14630001 4.14123
14640001 4.13378
14650001 4.16693
14660001 4.13778
14670001 4.12648
14680001 4.13776
14690001 4.13834
14700001 4.14921
14710001 4.13498
14720001 4.14765
14730001 4.15188
14740001 4.16389
14750001 4.13862
14760001 4.14068
14770001 4.16599
14780001 4.15808
14790001 4.12608
14800001 4.14723
14810001 4.14001
14820001 4.15172
14830001 4.14206
14840001 4.13403
14850001 4.15861
14860001 4.15465
14870001 4.16495
14880001 4.13532
14890001 4.16759
14900001 4.1412
14910001 4.13751
14920001 4.12688
14930001 4.1495
14940001 4.15707
14950001 4.1611
14960001 4.14343
14970001 4.13154
14980001 4.13982
14990001 4.15121
15000001 4.13565
15010001 4.14456
15020001 4.17777
15030001 4.15259
15040001 4.12364
15050001 4.15238
15060001 4.14894
15070001 4.14257
15080001 4.14527
15090001 4.15999
15100001 4.14971
15110001 4.11981
15120001 4.14238
15130001 4.14658
15140001 4.11561
15150001 4.15085
15160001 4.16358
15170001 4.17292
15180001 4.16574
15190001 4.13415
15200001 4.13917
15210001 4.14613
15220001 4.11724
15230001 4.15831
15240001 4.15819
15250001 4.13265
15260001 4.12698
15270001 4.14428
15280001 4.14836
15290001 4.16054
15300001 4.16846
15310001 4.11194
15320001 4.14998
15330001 4.155
15340001 4.14449
15350001 4.13899
15360001 4.14149
15370001 4.16108
15380001 4.13706
15390001 4.13492
15400001 4.13291
15410001 4.13761
15420001 4.16593
15430001 4.13777
15440001 4.1423
15450001 4.13055
15460001 4.13354
15470001 4.137
15480001 4.16083
15490001 4.1599
15500001 4.14222
15510001 4.16078
15520001 4.16209
15530001 4.14872
15540001 4.15154
15550001 4.14288
15560001 4.15867
15570001 4.1194
15580001 4.1827
15590001 4.15222
15600001 4.16011
15610001 4.16021
15620001 4.13089
15630001 4.12621
15640001 4.14503
15650001 4.14783
15660001 4.12664
15670001 4.15101
15680001 4.13147
15690001 4.13035
15700001 4.16619
15710001 4.14059
15720001 4.13835
15730001 4.14791
15740001 4.12831
15750001 4.14764
15760001 4.1528
15770001 4.17027
15780001 4.16233
15790001 4.13467
15800001 4.14158
15810001 4.15592
15820001 4.14518
15830001 4.14654
15840001 4.15621
15850001 4.15799
15860001 4.15257
15870001 4.12047
15880001 4.1477
15890001 4.13732
15900001 4.1508
15910001 4.16138
15920001 4.15748
15930001 4.16584
15940001 4.16909
15950001 4.14779
15960001 4.15011
15970001 4.14857
15980001 4.15801
15990001 4.1346
16000001 4.1657
16010001 4.14903
16020001 4.14796
16030001 4.1236
16040001 4.14914
16050001 4.15459
16060001 4.17916
16070001 4.16728
16080001 4.16767
16090001 4.12289
16100001 4.1393
16110001 4.15871
16120001 4.12411
16130001 4.11902
16140001 4.13771
16150001 4.1415
16160001 4.15159
16170001 4.16314
16180001 4.14325
16190001 4.16228
16200001 4.14496
16210001 4.1445
16220001 4.14633
16230001 4.12817
16240001 4.13838
16250001 4.11232
16260001 4.1214
16270001 4.15984
16280001 4.14272
16290001 4.14882
16300001 4.18905
16310001 4.15641
16320001 4.14561
16330001 4.14005
16340001 4.13123
16350001 4.14596
16360001 4.16629
16370001 4.1709
16380001 4.19122
16390001 4.14326
16400001 4.13484
16410001 4.12376
16420001 4.17251
16430001 4.16895
16440001 4.14065
16450001 4.12607
16460001 4.15711
16470001 4.16405
16480001 4.14225
16490001 4.1453
16500001 4.16237
16510001 4.14995
16520001 4.15335
16530001 4.15672
16540001 4.14375
16550001 4.15029
16560001 4.14743
16570001 4.13955
16580001 4.15841
16590001 4.12441
16600001 4.15711
16610001 4.12027
16620001 4.14378
16630001 4.12548
16640001 4.15085
16650001 4.17767
16660001 4.15177
16670001 4.14585
16680001 4.14655
16690001 4.1642
16700001 4.11802
16710001 4.12513
16720001 4.11051
16730001 4.11908
16740001 4.12701
16750001 4.13507
16760001 4.13392
16770001 4.14188
16780001 4.13618
16790001 4.1477
16800001 4.13515
16810001 4.15491
16820001 4.1719
16830001 4.11842
16840001 4.15225
16850001 4.147
16860001 4.1244
16870001 4.14459
16880001 4.15471
16890001 4.12996
16900001 4.14147
16910001 4.11743
16920001 4.16714
16930001 4.1382
16940001 4.13351
16950001 4.14132
16960001 4.14592
16970001 4.13264
16980001 4.16181
16990001 4.14531
17000001 4.15986
17010001 4.14881
17020001 4.1527
17030001 4.13118
17040001 4.14025
17050001 4.15029
17060001 4.1553
17070001 4.17251
17080001 4.11526
17090001 4.14218
17100001 4.15577
17110001 4.1337
17120001 4.17505
17130001 4.12633
17140001 4.1453
17150001 4.14731
17160001 4.11699
17170001 4.12453
17180001 4.14759
17190001 4.13494
17200001 4.12956
17210001 4.16738
17220001 4.15365
17230001 4.1501
17240001 4.11707
17250001 4.11456
17260001 4.16615
17270001 4.14237
17280001 4.15141
17290001 4.14385
17300001 4.10933
17310001 4.14647
17320001 4.13462
17330001 4.16263
17340001 4.15349
17350001 4.14651
17360001 4.14831
17370001 4.12561
17380001 4.14374
17390001 4.16862
17400001 4.15912
17410001 4.14767
17420001 4.14164
17430001 4.16983
17440001 4.13282
17450001 4.15411
17460001 4.15377
17470001 4.15554
17480001 4.12163
17490001 4.12999
17500001 4.13504
17510001 4.12417
17520001 4.12733
17530001 4.1229
17540001 4.13737
17550001 4.14511
17560001 4.11423
17570001 4.14108
17580001 4.17553
17590001 4.1428
17600001 4.15149
17610001 4.14697
17620001 4.1616
17630001 4.14802
17640001 4.12675
17650001 4.16641
17660001 4.14941
17670001 4.14563
17680001 4.16069
17690001 4.1487
17700001 4.15778
17710001 4.1757
17720001 4.16896
17730001 4.13748
17740001 4.17789
17750001 4.15153
17760001 4.15343
17770001 4.15266
17780001 4.14379
17790001 4.17257
17800001 4.13561
17810001 4.13176
17820001 4.16842
17830001 4.18071
17840001 4.1375
17850001 4.12858
17860001 4.15808
17870001 4.13066
17880001 4.13732
17890001 4.12434
17900001 4.1238
17910001 4.12898
17920001 4.16452
17930001 4.16218
17940001 4.12622
17950001 4.16397
17960001 4.14767
17970001 4.13862
17980001 4.11449
17990001 4.15513
18000001 4.17812
18010001 4.17753
18020001 4.14739
18030001 4.1669
18040001 4.15038
18050001 4.16651
18060001 4.15363
18070001 4.14535
18080001 4.14109
18090001 4.16701
18100001 4.12578
18110001 4.11062
18120001 4.13897
18130001 4.13955
18140001 4.15117
18150001 4.15612
18160001 4.17175
18170001 4.14008
18180001 4.13714
18190001 4.13699
18200001 4.12928
18210001 4.15283
18220001 4.15128
18230001 4.17122
18240001 4.12966
18250001 4.1451
18260001 4.15188
18270001 4.13317
18280001 4.15765
18290001 4.14863
18300001 4.17616
18310001 4.15795
18320001 4.14934
18330001 4.13575
18340001 4.15076
18350001 4.13889
18360001 4.13702
18370001 4.14733
18380001 4.13109
18390001 4.15486
18400001 4.16053
18410001 4.15884
18420001 4.13899
18430001 4.13689
18440001 4.1154
18450001 4.16585
18460001 4.12727
18470001 4.14288
18480001 4.1449
18490001 4.15361
18500001 4.13261
18510001 4.14993
18520001 4.12432
18530001 4.1597
18540001 4.14157
18550001 4.14117
18560001 4.14566
18570001 4.13426
18580001 4.14315
18590001 4.15842
18600001 4.14225
18610001 4.14783
18620001 4.15783
18630001 4.13984
18640001 4.1506
18650001 4.12529
18660001 4.13295
18670001 4.17437
18680001 4.15431
18690001 4.14898
18700001 4.15296
18710001 4.14775
18720001 4.14032
18730001 4.1633
18740001 4.16592
18750001 4.18068
18760001 4.1647
18770001 4.13726
18780001 4.15144
18790001 4.15071
18800001 4.15859
18810001 4.14518
18820001 4.15091
18830001 4.13831
18840001 4.15977
18850001 4.14267
18860001 4.16587
18870001 4.14002
18880001 4.12266
18890001 4.12851
18900001 4.16952
18910001 4.12997
18920001 4.16604
18930001 4.12089
18940001 4.13997
18950001 4.15717
18960001 4.14573
18970001 4.17234
18980001 4.15961
18990001 4.13825
19000001 4.16626
19010001 4.15671
19020001 4.16385
19030001 4.14232
19040001 4.15236
19050001 4.13631
19060001 4.13697
19070001 4.14295
19080001 4.16266
19090001 4.16029
19100001 4.12709
19110001 4.16416
19120001 4.12522
19130001 4.12803
19140001 4.14895
19150001 4.11968
19160001 4.1525
19170001 4.15106
19180001 4.16523
19190001 4.13775
19200001 4.14449
19210001 4.12581
19220001 4.15367
19230001 4.15695
19240001 4.16545
19250001 4.13929
19260001 4.13845
19270001 4.14237
19280001 4.14433
19290001 4.18309
19300001 4.15237
19310001 4.13439
19320001 4.14267
19330001 4.14527
19340001 4.12722
19350001 4.14352
19360001 4.14046
19370001 4.13341
19380001 4.13686
19390001 4.15657
19400001 4.1758
19410001 4.13372
19420001 4.15932
19430001 4.12978
19440001 4.14139
19450001 4.16354
19460001 4.14464
19470001 4.13409
19480001 4.15098
19490001 4.14944
19500001 4.11601
19510001 4.15445
19520001 4.15237
19530001 4.15145
19540001 4.16393
19550001 4.13101
19560001 4.15163
19570001 4.1366
19580001 4.13944
19590001 4.14141
19600001 4.14476
19610001 4.15616
19620001 4.14559
19630001 4.13469
19640001 4.14159
19650001 4.15944
19660001 4.14877
19670001 4.11991
19680001 4.17931
19690001 4.14662
19700001 4.15052
19710001 4.18134
19720001 4.13755
19730001 4.14474
19740001 4.15775
19750001 4.16059
19760001 4.13128
19770001 4.15745
19780001 4.14279
19790001 4.15362
19800001 4.14107
19810001 4.14663
19820001 4.13483
19830001 4.14164
19840001 4.14695
19850001 4.14882
19860001 4.13367
19870001 4.15944
19880001 4.17958
19890001 4.14364
19900001 4.14137
19910001 4.14423
19920001 4.16253
19930001 4.13295
19940001 4.13857
19950001 4.16139
19960001 4.17339
19970001 4.11805
19980001 4.14429
19990001 4.15468
20000001 4.13099
20010001 4.14755
20020001 4.13542
20030001 4.15059
20040001 4.15229
20050001 4.16422
20060001 4.15104
20070001 4.14011
20080001 4.132
20090001 4.137
20100001 4.17443
20110001 4.16297
20120001 4.15157
20130001 4.12832
20140001 4.14378
20150001 4.14494
20160001 4.14824
20170001 4.15184
20180001 4.14348
20190001 4.14599
20200001 4.12653
20210001 4.13133
20220001 4.14803
20230001 4.16416
20240001 4.18643
20250001 4.17605
20260001 4.16661
20270001 4.14992
20280001 4.15257
20290001 4.1526
20300001 4.13169
20310001 4.12361
20320001 4.15231
20330001 4.15798
20340001 4.1527
20350001 4.16324
20360001 4.14128
20370001 4.12713
20380001 4.16277
20390001 4.18399
20400001 4.19448
20410001 4.15487
20420001 4.14698
20430001 4.14462
20440001 4.13585
20450001 4.14858
20460001 4.14997
20470001 4.13802
20480001 4.13262
20490001 4.15289
20500001 4.18015
20510001 4.17557
20520001 4.14406
20530001 4.17793
20540001 4.13053
20550001 4.15631
20560001 4.16139
20570001 4.15645
20580001 4.19641
20590001 4.14852
20600001 4.14444
20610001 4.15163
20620001 4.15736
20630001 4.1356
20640001 4.11896
20650001 4.15291
20660001 4.12882
20670001 4.15085
20680001 4.14628
20690001 4.13166
20700001 4.15125
20710001 4.12829
20720001 4.13927
20730001 4.13931
20740001 4.17155
20750001 4.13607
20760001 4.14619
20770001 4.13985
20780001 4.14156
20790001 4.1488
20800001 4.15674
20810001 4.14376
20820001 4.14708
20830001 4.15814
20840001 4.14842
20850001 4.1461
20860001 4.11607
20870001 4.14213
20880001 4.12519
20890001 4.1534
20900001 4.12641
20910001 4.14577
20920001 4.15189
20930001 4.14513
20940001 4.13905
20950001 4.12757
20960001 4.19166
20970001 4.13227
20980001 4.15112
20990001 4.16447
21000001 4.14439
21010001 4.1486
21020001 4.15561
21030001 4.11102
21040001 4.15398
21050001 4.13908
21060001 4.14382
21070001 4.17247
21080001 4.13488
21090001 4.14109
21100001 4.16302
21110001 4.15241
21120001 4.16693
21130001 4.14356
21140001 4.15094
21150001 4.14928
21160001 4.15421
21170001 4.12852
21180001 4.11679
21190001 4.15185
21200001 4.1873
21210001 4.12973
21220001 4.14178
21230001 4.14171
21240001 4.13826
21250001 4.16406
21260001 4.14561
21270001 4.1404
21280001 4.11825
21290001 4.15733
21300001 4.14176
21310001 4.1581
21320001 4.14705
21330001 4.15051
21340001 4.15321
21350001 4.13049
21360001 4.14174
21370001 4.13449
21380001 4.14631
21390001 4.1725
21400001 4.15743
21410001 4.14587
21420001 4.17279
21430001 4.13452
21440001 4.16093
21450001 4.14166
21460001 4.16294
21470001 4.1663
21480001 4.1285
21490001 4.13039
21500001 4.15452
21510001 4.15832
21520001 4.1388
21530001 4.13248
21540001 4.14214
21550001 4.14832
21560001 4.13823
21570001 4.11976
21580001 4.14411
21590001 4.1573
21600001 4.12552
21610001 4.14107
21620001 4.1689
21630001 4.1584
21640001 4.1518
21650001 4.16129
21660001 4.15554
21670001 4.14266
21680001 4.15305
21690001 4.16741
21700001 4.11858
21710001 4.15293
21720001 4.14321
21730001 4.14429
21740001 4.13219
21750001 4.15581
21760001 4.18543
21770001 4.14828
21780001 4.15728
21790001 4.14368
21800001 4.12717
21810001 4.15923
21820001 4.14367
21830001 4.15223
21840001 4.15106
21850001 4.1523
21860001 4.15038
21870001 4.15988
21880001 4.14107
21890001 4.14026
21900001 4.15344
21910001 4.12888
21920001 4.14107
21930001 4.1526
21940001 4.15023
21950001 4.12823
21960001 4.1351
21970001 4.14101
21980001 4.15924
21990001 4.12775
22000001 4.14607
22010001 4.11088
22020001 4.17106
22030001 4.15953
22040001 4.1391
22050001 4.12345
22060001 4.13955
22070001 4.13484
22080001 4.19212
22090001 4.14997
22100001 4.10882
22110001 4.14766
22120001 4.15681
22130001 4.14057
22140001 4.13692
22150001 4.1643
22160001 4.15179
22170001 4.1437
22180001 4.15004
22190001 4.13631
22200001 4.13721
22210001 4.14932
22220001 4.14403
22230001 4.14438
22240001 4.14542
22250001 4.13712
22260001 4.15344
22270001 4.16948
22280001 4.17164
22290001 4.1463
22300001 4.15911
22310001 4.13144
22320001 4.12307
22330001 4.13353
22340001 4.11761
22350001 4.1637
22360001 4.12504
22370001 4.16414
22380001 4.15277
22390001 4.16079
22400001 4.13285
22410001 4.12943
22420001 4.14767
22430001 4.17319
22440001 4.15177
22450001 4.12435
22460001 4.13132
22470001 4.13828
22480001 4.14189
22490001 4.15509
22500001 4.14718
22510001 4.15564
22520001 4.13636
22530001 4.1724
22540001 4.13911
22550001 4.15257
22560001 4.13195
22570001 4.14752
22580001 4.14584
22590001 4.16924
22600001 4.13771
22610001 4.17718
22620001 4.12543
22630001 4.13927
22640001 4.13411
22650001 4.13411
22660001 4.1461
22670001 4.15485
22680001 4.14958
22690001 4.12622
22700001 4.15585
22710001 4.13252
22720001 4.13879
22730001 4.13714
22740001 4.1122
22750001 4.157
22760001 4.14459
22770001 4.13707
22780001 4.18446
22790001 4.15992
22800001 4.13616
22810001 4.18712
22820001 4.16219
22830001 4.14683
22840001 4.14367
22850001 4.14727
22860001 4.15693
22870001 4.16525
22880001 4.17769
22890001 4.15357
22900001 4.17467
22910001 4.15213
22920001 4.15473
22930001 4.13818
22940001 4.14971
22950001 4.11807
22960001 4.17833
22970001 4.16789
22980001 4.15824
22990001 4.17268
23000001 4.1434
23010001 4.14558
23020001 4.13189
23030001 4.11843
23040001 4.1248
23050001 4.14301
23060001 4.15084
23070001 4.13931
23080001 4.15638
23090001 4.13833
23100001 4.14446
23110001 4.13285
23120001 4.1638
23130001 4.15826
23140001 4.1587
23150001 4.1483
23160001 4.16445
23170001 4.14227
23180001 4.13461
23190001 4.15772
23200001 4.16769
23210001 4.15137
23220001 4.12552
23230001 4.14719
23240001 4.15261
23250001 4.12613
23260001 4.14851
23270001 4.1768
23280001 4.1547
23290001 4.12056
23300001 4.15425
23310001 4.15208
23320001 4.15741
23330001 4.1295
23340001 4.14625
23350001 4.16054
23360001 4.12288
23370001 4.13101
23380001 4.17412
23390001 4.13495
23400001 4.09429
23410001 4.1371
23420001 4.15419
23430001 4.155
23440001 4.11959
23450001 4.15303
23460001 4.13768
23470001 4.12677
23480001 4.1305
23490001 4.1285
23500001 4.13913
23510001 4.15553
23520001 4.15421
23530001 4.14558
23540001 4.11336
23550001 4.15219
23560001 4.15506
23570001 4.16726
23580001 4.16375
23590001 4.17396
23600001 4.16764
23610001 4.16953
23620001 4.14858
23630001 4.12164
23640001 4.17032
23650001 4.12489
23660001 4.13124
23670001 4.14668
23680001 4.14631
23690001 4.15437
23700001 4.13363
23710001 4.14848
23720001 4.123
23730001 4.15713
23740001 4.13256
23750001 4.12741
23760001 4.124
23770001 4.12156
23780001 4.14699
23790001 4.15221
23800001 4.17325
23810001 4.13375
23820001 4.11621
23830001 4.16612
23840001 4.14479
23850001 4.16064
23860001 4.17519
23870001 4.16158
23880001 4.10784
23890001 4.12256
23900001 4.14575
23910001 4.16886
23920001 4.15266
23930001 4.15252
23940001 4.15413
23950001 4.15024
23960001 4.14732
23970001 4.1236
23980001 4.14815
23990001 4.13916
24000001 4.16278
24010001 4.1565
24020001 4.12968
24030001 4.15554
24040001 4.12574
24050001 4.13338
24060001 4.14873
24070001 4.14697
24080001 4.13784
24090001 4.13883
24100001 4.14709
24110001 4.16878
24120001 4.1444
24130001 4.1498
24140001 4.12358
24150001 4.15878
24160001 4.14013
24170001 4.13224
24180001 4.13573
24190001 4.12051
24200001 4.15861
24210001 4.14568
24220001 4.14625
24230001 4.16082
24240001 4.1192
24250001 4.13957
24260001 4.1318
24270001 4.142
24280001 4.14937
24290001 4.14169
24300001 4.15295
24310001 4.14063
24320001 4.16906
24330001 4.14673
24340001 4.13896
24350001 4.12259
24360001 4.13548
24370001 4.11934
24380001 4.14927
24390001 4.15854
24400001 4.13985
24410001 4.12043
24420001 4.14037
24430001 4.12809
24440001 4.15232
24450001 4.18979
24460001 4.17356
24470001 4.14967
24480001 4.12136
24490001 4.11137
24500001 4.14802
24510001 4.14011
24520001 4.14581
24530001 4.13904
24540001 4.16626
24550001 4.14614
24560001 4.15382
24570001 4.12804
24580001 4.1804
24590001 4.12805
24600001 4.143
24610001 4.14431
24620001 4.13923
24630001 4.11908
24640001 4.12041
24650001 4.14086
24660001 4.14051
24670001 4.15216
24680001 4.12399
24690001 4.14933
24700001 4.15663
24710001 4.12831
24720001 4.14699
24730001 4.15202
24740001 4.15762
24750001 4.15648
24760001 4.13955
24770001 4.12785
24780001 4.13555
24790001 4.15028
24800001 4.15479
24810001 4.153
24820001 4.14766
24830001 4.1391
24840001 4.15574
24850001 4.11825
24860001 4.14213
24870001 4.16605
24880001 4.16
24890001 4.14064
24900001 4.14484
24910001 4.18432
24920001 4.11087
24930001 4.13392
24940001 4.15621
24950001 4.14927
24960001 4.14982
24970001 4.15963
24980001 4.15201
24990001 4.15259
25000001 4.10516
25010001 4.12258
25020001 4.17096
25030001 4.14712
25040001 4.14025
25050001 4.14096
25060001 4.15781
25070001 4.14804
25080001 4.14088
25090001 4.14074
25100001 4.15161
25110001 4.14799
25120001 4.16761
25130001 4.17134
25140001 4.16629
25150001 4.13105
25160001 4.16275
25170001 4.13271
25180001 4.15169
25190001 4.162
25200001 4.13978
25210001 4.14867
25220001 4.17567
25230001 4.19065
25240001 4.14221
25250001 4.12939
25260001 4.1429
25270001 4.1234
25280001 4.152
25290001 4.14912
25300001 4.15417
25310001 4.14907
25320001 4.16459
25330001 4.1512
25340001 4.15105
25350001 4.14207
25360001 4.13165
25370001 4.14938
25380001 4.15521
25390001 4.12421
25400001 4.16096
25410001 4.15311
25420001 4.16331
25430001 4.15009
25440001 4.15781
25450001 4.16087
25460001 4.18185
25470001 4.11279
25480001 4.1477
25490001 4.1526
25500001 4.14978
25510001 4.1411
25520001 4.15137
25530001 4.13912
25540001 4.14427
25550001 4.11959
25560001 4.14953
25570001 4.15859
25580001 4.15046
25590001 4.16028
25600001 4.16538
25610001 4.15324
25620001 4.16306
25630001 4.14679
25640001 4.14684
25650001 4.16087
25660001 4.15617
25670001 4.14905
25680001 4.14213
25690001 4.1211
25700001 4.16845
25710001 4.15294
25720001 4.16924
25730001 4.16964
25740001 4.14295
25750001 4.13386
25760001 4.16199
25770001 4.16391
25780001 4.15115
25790001 4.17411
25800001 4.16482
25810001 4.17352
25820001 4.14381
25830001 4.13927
25840001 4.11678
25850001 4.16249
25860001 4.14764
25870001 4.14537
25880001 4.1326
25890001 4.15895
25900001 4.14723
25910001 4.14828
25920001 4.15086
25930001 4.15026
25940001 4.15516
25950001 4.16444
25960001 4.18867
25970001 4.11641
25980001 4.15527
25990001 4.1273
26000001 4.14373
26010001 4.1646
26020001 4.16402
26030001 4.13168
26040001 4.13455
26050001 4.13173
26060001 4.15175
26070001 4.16378
26080001 4.1541
26090001 4.18146
26100001 4.16138
26110001 4.14331
26120001 4.15915
26130001 4.16294
26140001 4.14813
26150001 4.14752
26160001 4.14488
26170001 4.15274
26180001 4.16778
26190001 4.14234
26200001 4.15555
26210001 4.13479
26220001 4.13391
26230001 4.16509
26240001 4.12171
26250001 4.12522
26260001 4.15104
26270001 4.14595
26280001 4.14946
26290001 4.16607
26300001 4.14301
26310001 4.13162
26320001 4.13023
26330001 4.16149
26340001 4.14052
26350001 4.16104
26360001 4.15134
26370001 4.12773
26380001 4.1665
26390001 4.15122
26400001 4.1595
26410001 4.14339
26420001 4.15624
26430001 4.1433
26440001 4.19274
26450001 4.14188
26460001 4.1244
26470001 4.15614
26480001 4.14875
26490001 4.15862
26500001 4.165
26510001 4.14549
26520001 4.1382
26530001 4.13083
26540001 4.1557
26550001 4.12824
26560001 4.12217
26570001 4.16957
26580001 4.13221
26590001 4.13726
26600001 4.12863
26610001 4.14157
26620001 4.14171
26630001 4.15523
26640001 4.14167
26650001 4.1252
26660001 4.1843
26670001 4.17566
26680001 4.16492
26690001 4.14893
26700001 4.13131
26710001 4.1705
26720001 4.16558
26730001 4.152
26740001 4.12504
26750001 4.13257
26760001 4.14147
26770001 4.15236
26780001 4.16714
26790001 4.15939
26800001 4.18466
26810001 4.15599
26820001 4.14895
26830001 4.14501
26840001 4.15899
26850001 4.14237
26860001 4.16193
26870001 4.12893
26880001 4.15843
26890001 4.13165
26900001 4.13604
26910001 4.17396
26920001 4.16715
26930001 4.15973
26940001 4.14072
26950001 4.12372
26960001 4.1396
26970001 4.16007
26980001 4.11395
26990001 4.14647
27000001 4.15492
27010001 4.14201
27020001 4.1118
27030001 4.13828
27040001 4.13704
27050001 4.16853
27060001 4.1377
27070001 4.14233
27080001 4.13775
27090001 4.12538
27100001 4.13698
27110001 4.14284
27120001 4.12868
27130001 4.13299
27140001 4.1493
27150001 4.13611
27160001 4.14098
27170001 4.16179
27180001 4.13447
27190001 4.1263
27200001 4.14413
27210001 4.14865
27220001 4.13776
27230001 4.13765
27240001 4.17879
27250001 4.1468
27260001 4.16139
27270001 4.14524
27280001 4.14962
27290001 4.17657
27300001 4.13747
27310001 4.14434
27320001 4.12673
27330001 4.13583
27340001 4.13461
27350001 4.13758
27360001 4.15038
27370001 4.1349
27380001 4.15397
27390001 4.14777
27400001 4.16884
27410001 4.13684
27420001 4.14076
27430001 4.15017
27440001 4.13965
27450001 4.13952
27460001 4.15957
27470001 4.17135
27480001 4.13188
27490001 4.14271
27500001 4.11911
27510001 4.16398
27520001 4.10656
27530001 4.1456
27540001 4.12565
27550001 4.1247
27560001 4.14491
27570001 4.14414
27580001 4.12671
27590001 4.14512
27600001 4.12743
27610001 4.15964
27620001 4.1265
27630001 4.14044
27640001 4.1391
27650001 4.13543
27660001 4.14129
27670001 4.16309
27680001 4.139
27690001 4.14016
27700001 4.14207
27710001 4.13182
27720001 4.136
27730001 4.1417
27740001 4.14266
27750001 4.174
27760001 4.12809
27770001 4.15923
27780001 4.14083
27790001 4.12482
27800001 4.1434
27810001 4.11638
27820001 4.14187
27830001 4.14974
27840001 4.15392
27850001 4.13367
27860001 4.13482
27870001 4.15121
27880001 4.14373
27890001 4.16301
27900001 4.17428
27910001 4.16255
27920001 4.15821
27930001 4.1306
27940001 4.15696
27950001 4.12934
27960001 4.14263
27970001 4.14096
27980001 4.15926
27990001 4.14391
28000001 4.1528
28010001 4.14346
28020001 4.15224
28030001 4.15298
28040001 4.12172
28050001 4.13029
28060001 4.16526
28070001 4.1459
28080001 4.15059
28090001 4.10549
28100001 4.1407
28110001 4.15929
28120001 4.1508
28130001 4.16975
28140001 4.164
28150001 4.13572
28160001 4.14885
28170001 4.16054
28180001 4.12929
28190001 4.15087
28200001 4.14231
28210001 4.14606
28220001 4.14906
28230001 4.13894
28240001 4.13635
28250001 4.16803
28260001 4.17694
28270001 4.14213
28280001 4.17466
28290001 4.13999
28300001 4.13603
28310001 4.16318
28320001 4.16764
28330001 4.16376
28340001 4.1449
28350001 4.13343
28360001 4.14233
28370001 4.1581
28380001 4.1423
28390001 4.16372
28400001 4.16466
28410001 4.09947
28420001 4.17152
28430001 4.14708
28440001 4.14596
28450001 4.2057
28460001 4.18768
28470001 4.11314
28480001 4.14713
28490001 4.13026
28500001 4.14802
28510001 4.1401
28520001 4.17294
28530001 4.16478
28540001 4.17162
28550001 4.15717
28560001 4.15138
28570001 4.11823
28580001 4.14896
28590001 4.16729
28600001 4.14281
28610001 4.16279
28620001 4.14245
28630001 4.1336
28640001 4.19191
28650001 4.16417
28660001 4.17041
28670001 4.14229
28680001 4.15102
28690001 4.14778
28700001 4.15706
28710001 4.16374
28720001 4.12532
28730001 4.17196
28740001 4.18742
28750001 4.1423
28760001 4.14393
28770001 4.13436
28780001 4.1345
28790001 4.14323
28800001 4.18041
28810001 4.13832
28820001 4.13761
28830001 4.15601
28840001 4.15396
28850001 4.14777
28860001 4.15518
28870001 4.13983
28880001 4.15806
28890001 4.1444
28900001 4.14577
28910001 4.1421
28920001 4.12425
28930001 4.15172
28940001 4.14728
28950001 4.18078
28960001 4.15643
28970001 4.15131
28980001 4.14147
28990001 4.13624
29000001 4.16144
29010001 4.17285
29020001 4.15187
29030001 4.134
29040001 4.15007
29050001 4.16515
29060001 4.15192
29070001 4.16718
29080001 4.15322
29090001 4.13981
29100001 4.12643
29110001 4.17383
29120001 4.14784
29130001 4.16561
29140001 4.12244
29150001 4.15851
29160001 4.13987
29170001 4.16421
29180001 4.16779
29190001 4.14511
29200001 4.18154
29210001 4.10331
29220001 4.16479
29230001 4.14054
29240001 4.13924
29250001 4.14581
29260001 4.15258
29270001 4.16353
29280001 4.14714
29290001 4.15103
29300001 4.13256
29310001 4.13339
29320001 4.14003
29330001 4.12324
29340001 4.16129
29350001 4.15756
29360001 4.12569
29370001 4.17114
29380001 4.1552
29390001 4.11763
29400001 4.13164
29410001 4.14529
29420001 4.16008
29430001 4.14012
29440001 4.17644
29450001 4.16497
29460001 4.1373
29470001 4.14529
29480001 4.13333
29490001 4.16331
29500001 4.15836
29510001 4.13852
29520001 4.14998
29530001 4.15796
29540001 4.1558
29550001 4.13301
29560001 4.15238
29570001 4.16014
29580001 4.14306
29590001 4.14721
29600001 4.11327
29610001 4.15756
29620001 4.13672
29630001 4.12829
29640001 4.13573
29650001 4.15696
29660001 4.16363
29670001 4.16177
29680001 4.13109
29690001 4.1192
29700001 4.14018
29710001 4.14347
29720001 4.12042
29730001 4.13363
29740001 4.15674
29750001 4.15205
29760001 4.14242
29770001 4.12712
29780001 4.15711
29790001 4.12865
29800001 4.13841
29810001 4.15239
29820001 4.14991
29830001 4.15666
29840001 4.15714
29850001 4.15807
29860001 4.17147
29870001 4.16742
29880001 4.12884
29890001 4.14813
29900001 4.13195
29910001 4.12896
29920001 4.12906
29930001 4.16539
29940001 4.12402
29950001 4.15932
29960001 4.14872
29970001 4.15044
29980001 4.14791
29990001 4.13649
