1 2186.77
10001 197.571
20001 116.715
30001 80.6552
40001 60.5642
50001 47.1002
60001 38.032
70001 31.6622
80001 26.8928
90001 23.206
100001 20.3683
110001 18.0711
120001 16.2536
130001 14.7079
140001 13.4684
150001 12.4001
160001 11.5334
170001 10.7646
180001 10.0954
190001 9.5379
200001 9.06796
210001 8.64668
220001 8.26639
230001 7.87305
240001 7.63509
250001 7.32507
260001 7.08431
270001 6.8428
280001 6.61799
290001 6.46272
300001 6.2988
310001 6.14741
320001 5.99848
330001 5.88025
340001 5.75232
350001 5.65113
360001 5.54154
370001 5.45403
380001 5.36705
390001 5.29777
400001 5.21369
410001 5.14134
420001 5.08665
430001 4.99093
440001 4.97585
450001 4.9164
460001 4.85818
470001 4.81338
480001 4.76122
490001 4.73248
500001 4.67416
510001 4.65186
520001 4.6017
530001 4.57505
540001 4.55371
550001 4.50947
560001 4.47371
570001 4.46346
580001 4.44332
590001 4.41111
600001 4.39072
610001 4.35456
620001 4.33854
630001 4.32169
640001 4.30455
650001 4.28084
660001 4.28506
670001 4.24136
680001 4.25031
690001 4.22363
700001 4.20647
710001 4.19483
720001 4.18621
730001 4.1591
740001 4.15505
750001 4.1493
760001 4.13193
770001 4.1255
780001 4.11428
790001 4.10486
800001 4.07731
810001 4.08506
820001 4.07532
830001 4.06523
840001 4.06078
850001 4.05459
860001 4.04772
870001 4.04101
880001 4.04037
890001 4.02201
900001 4.00877
910001 4.01276
920001 4.00149
930001 3.99312
940001 3.99226
950001 3.98055
960001 3.97723
970001 3.96004
980001 3.96231
990001 3.94644
1000001 3.95412
1010001 3.94494
1020001 3.93917
1030001 3.95482
1040001 3.93181
1050001 3.93417
1060001 3.92496
1070001 3.93331
1080001 3.92474
1090001 3.92197
1100001 3.9152
1110001 3.92219
1120001 3.89333
1130001 3.90677
1140001 3.88538
1150001 3.91054
1160001 3.88976
1170001 3.88829
1180001 3.88982
1190001 3.89463
1200001 3.88575
1210001 3.87672
1220001 3.89478
1230001 3.87102
1240001 3.88509
1250001 3.87859
1260001 3.87029
1270001 3.87112
1280001 3.86905
1290001 3.86415
1300001 3.8486
1310001 3.85337
1320001 3.85392
1330001 3.83896
1340001 3.85266
1350001 3.84762
1360001 3.85273
1370001 3.8499
1380001 3.83965
1390001 3.83429
1400001 3.83738
1410001 3.8343
1420001 3.82891
1430001 3.83978
1440001 3.83256
1450001 3.85297
1460001 3.83305
1470001 3.82135
1480001 3.83418
1490001 3.82655
1500001 3.8275
1510001 3.82111
1520001 3.81718
1530001 3.82407
1540001 3.80973
1550001 3.81898
1560001 3.83109
1570001 3.82491
1580001 3.82812
1590001 3.80588
1600001 3.81767
1610001 3.80606
1620001 3.80222
1630001 3.80253
1640001 3.82954
1650001 3.81325
1660001 3.80769
1670001 3.80239
1680001 3.81091
1690001 3.81152
1700001 3.80233
1710001 3.81296
1720001 3.80679
1730001 3.79988
1740001 3.78863
1750001 3.78771
1760001 3.78344
1770001 3.80424
1780001 3.80044
1790001 3.80277
1800001 3.79263
1810001 3.79595
1820001 3.78705
1830001 3.79433
1840001 3.7965
1850001 3.79673
1860001 3.7913
1870001 3.801
1880001 3.79544
1890001 3.79177
1900001 3.79548
1910001 3.78581
1920001 3.78698
1930001 3.78113
1940001 3.78791
1950001 3.78506
1960001 3.79483
1970001 3.78434
1980001 3.78036
1990001 3.79185
2000001 3.79447
2010001 3.79037
2020001 3.79181
2030001 3.78319
2040001 3.80354
2050001 3.7687
2060001 3.78865
2070001 3.79004
2080001 3.76856
2090001 3.774
2100001 3.77364
2110001 3.78851
2120001 3.78302
2130001 3.7778
2140001 3.7946
2150001 3.77282
2160001 3.76841
2170001 3.77846
2180001 3.76796
2190001 3.76501
2200001 3.77574
2210001 3.77595
2220001 3.78788
2230001 3.77815
2240001 3.76789
2250001 3.77015
2260001 3.77418
2270001 3.77005
2280001 3.78474
2290001 3.78075
2300001 3.77597
2310001 3.76248
2320001 3.76665
2330001 3.77857
2340001 3.76879
2350001 3.77275
2360001 3.7693
2370001 3.77448
2380001 3.7734
2390001 3.76732
2400001 3.76266
2410001 3.76664
2420001 3.76708
2430001 3.76072
2440001 3.75716
2450001 3.77568
2460001 3.77293
2470001 3.76531
2480001 3.75753
2490001 3.77778
2500001 3.77788
2510001 3.75886
2520001 3.76369
2530001 3.76548
2540001 3.7772
2550001 3.76858
2560001 3.78129
2570001 3.77147
2580001 3.76533
2590001 3.75165
2600001 3.75348
2610001 3.76423
2620001 3.76279
2630001 3.75938
2640001 3.76868
2650001 3.77498
2660001 3.76106
2670001 3.75946
2680001 3.75841
2690001 3.7587
2700001 3.77419
2710001 3.76737
2720001 3.76199
2730001 3.75902
2740001 3.7669
2750001 3.75113
2760001 3.75793
2770001 3.75995
2780001 3.77082
2790001 3.75212
2800001 3.7596
2810001 3.75298
2820001 3.76953
2830001 3.74991
2840001 3.77341
2850001 3.76437
2860001 3.76195
2870001 3.75598
2880001 3.75767
2890001 3.75718
2900001 3.76059
2910001 3.74484
2920001 3.7623
2930001 3.76892
2940001 3.76434
2950001 3.76898
2960001 3.75711
2970001 3.75618
2980001 3.77148
2990001 3.77613
3000001 3.74584
3010001 3.75946
3020001 3.75957
3030001 3.7617
3040001 3.76113
3050001 3.76937
3060001 3.74659
3070001 3.76256
3080001 3.74751
3090001 3.7589
3100001 3.75498
3110001 3.75105
3120001 3.75412
3130001 3.76295
3140001 3.77424
3150001 3.76081
3160001 3.76208
3170001 3.75957
3180001 3.75343
3190001 3.75748
3200001 3.74761
3210001 3.75229
3220001 3.75819
3230001 3.76762
3240001 3.74596
3250001 3.75845
3260001 3.76367
3270001 3.75345
3280001 3.75438
3290001 3.75329
3300001 3.75591
3310001 3.76095
3320001 3.74713
3330001 3.76515
3340001 3.74461
3350001 3.74504
3360001 3.76093
3370001 3.74586
3380001 3.74996
3390001 3.75314
3400001 3.75279
3410001 3.75054
3420001 3.76085
3430001 3.7522
3440001 3.75514
3450001 3.75237
3460001 3.74082
3470001 3.74175
3480001 3.75798
3490001 3.75679
3500001 3.73966
3510001 3.76435
3520001 3.75779
3530001 3.75782
3540001 3.7667
3550001 3.75686
3560001 3.73725
3570001 3.75457
3580001 3.74651
3590001 3.74628
3600001 3.76943
3610001 3.76038
3620001 3.74549
3630001 3.74931
3640001 3.75104
3650001 3.75185
3660001 3.76347
3670001 3.76287
3680001 3.75256
3690001 3.75592
3700001 3.755
3710001 3.75698
3720001 3.7715
3730001 3.76038
3740001 3.75649
3750001 3.76187
3760001 3.76607
3770001 3.74593
3780001 3.75328
3790001 3.76948
3800001 3.75194
3810001 3.74564
3820001 3.75319
3830001 3.75085
3840001 3.75977
3850001 3.74309
3860001 3.76138
3870001 3.73406
3880001 3.75111
3890001 3.7532
3900001 3.76195
3910001 3.76888
3920001 3.74358
3930001 3.75411
3940001 3.74763
3950001 3.75037
3960001 3.76101
3970001 3.74616
3980001 3.76867
3990001 3.75286
4000001 3.75609
4010001 3.75892
4020001 3.761
4030001 3.75814
4040001 3.75792
4050001 3.74739
4060001 3.75799
4070001 3.75051
4080001 3.75136
4090001 3.74096
4100001 3.75612
4110001 3.76087
4120001 3.75898
4130001 3.75001
4140001 3.75335
4150001 3.77255
4160001 3.77013
4170001 3.75435
4180001 3.75093
4190001 3.75793
4200001 3.75949
4210001 3.75246
4220001 3.75053
4230001 3.74115
4240001 3.75238
4250001 3.77286
4260001 3.75211
4270001 3.74698
4280001 3.74814
4290001 3.75819
4300001 3.75596
4310001 3.74958
4320001 3.75812
4330001 3.75149
4340001 3.75986
4350001 3.75212
4360001 3.75667
4370001 3.75428
4380001 3.74352
4390001 3.74855
4400001 3.74382
4410001 3.76599
4420001 3.75525
4430001 3.74064
4440001 3.75902
4450001 3.75292
4460001 3.74233
4470001 3.75865
4480001 3.73188
4490001 3.75259
4500001 3.74821
4510001 3.75514
4520001 3.76606
4530001 3.75446
4540001 3.74859
4550001 3.75111
4560001 3.74137
4570001 3.74934
4580001 3.74327
4590001 3.73853
4600001 3.7512
4610001 3.75729
4620001 3.76574
4630001 3.75154
4640001 3.75124
4650001 3.75539
4660001 3.74691
4670001 3.75009
4680001 3.75032
4690001 3.7597
4700001 3.74666
4710001 3.76177
4720001 3.74861
4730001 3.75936
4740001 3.74094
4750001 3.74487
4760001 3.74929
4770001 3.75563
4780001 3.7518
4790001 3.7501
4800001 3.75054
4810001 3.75144
4820001 3.73282
4830001 3.75218
4840001 3.74421
4850001 3.7652
4860001 3.75411
4870001 3.74166
4880001 3.7578
4890001 3.75011
4900001 3.7522
4910001 3.74894
4920001 3.75437
4930001 3.74536
4940001 3.76522
4950001 3.74415
4960001 3.75368
4970001 3.75035
4980001 3.75122
4990001 3.75127
5000001 3.76841
5010001 3.74538
5020001 3.75505
5030001 3.75841
5040001 3.75585
5050001 3.75958
5060001 3.75768
5070001 3.74825
5080001 3.75622
5090001 3.75121
5100001 3.75197
5110001 3.73642
5120001 3.75738
5130001 3.75061
5140001 3.74896
5150001 3.74886
5160001 3.74667
5170001 3.74024
5180001 3.74247
5190001 3.75638
5200001 3.74855
5210001 3.75829
5220001 3.74239
5230001 3.75911
5240001 3.73945
5250001 3.752
5260001 3.77069
5270001 3.75495
5280001 3.75045
5290001 3.73999
5300001 3.75311
5310001 3.74614
5320001 3.74847
5330001 3.74784
5340001 3.75794
5350001 3.75519
5360001 3.74328
5370001 3.75157
5380001 3.74483
5390001 3.75508
5400001 3.74297
5410001 3.74625
5420001 3.76223
5430001 3.74519
5440001 3.75508
5450001 3.75014
5460001 3.75929
5470001 3.74798
5480001 3.74901
5490001 3.75577
5500001 3.74882
5510001 3.74788
5520001 3.75267
5530001 3.74952
5540001 3.73322
5550001 3.75343
5560001 3.76012
5570001 3.75196
5580001 3.74931
5590001 3.75496
5600001 3.75414
5610001 3.73732
5620001 3.75184
5630001 3.75696
5640001 3.73822
5650001 3.75212
5660001 3.74947
5670001 3.77042
5680001 3.74988
5690001 3.75653
5700001 3.73117
5710001 3.7461
5720001 3.75663
5730001 3.7472
5740001 3.74177
5750001 3.73843
5760001 3.75467
5770001 3.74198
5780001 3.76275
5790001 3.76134
5800001 3.74878
5810001 3.75814
5820001 3.75205
5830001 3.76303
5840001 3.74959
5850001 3.74707
5860001 3.76206
5870001 3.74719
5880001 3.74586
5890001 3.74369
5900001 3.7454
5910001 3.74542
5920001 3.74389
5930001 3.73663
5940001 3.7486
5950001 3.74676
5960001 3.73669
5970001 3.74166
5980001 3.74787
5990001 3.75392
6000001 3.75679
6010001 3.7563
6020001 3.73377
6030001 3.75452
6040001 3.74476
6050001 3.76279
6060001 3.75284
6070001 3.74603
6080001 3.76044
6090001 3.75387
6100001 3.74597
6110001 3.75071
6120001 3.74571
6130001 3.74589
6140001 3.75614
6150001 3.7539
6160001 3.74877
6170001 3.74995
6180001 3.74441
6190001 3.74577
6200001 3.74207
6210001 3.7633
6220001 3.77047
6230001 3.75097
6240001 3.75615
6250001 3.75334
6260001 3.7514
6270001 3.74847
6280001 3.74503
6290001 3.75145
6300001 3.75581
6310001 3.75517
6320001 3.74678
6330001 3.7555
6340001 3.7368
6350001 3.74469
6360001 3.74464
6370001 3.75437
6380001 3.75543
6390001 3.74127
6400001 3.74463
6410001 3.75459
6420001 3.73346
6430001 3.74298
6440001 3.75408
6450001 3.73791
6460001 3.75692
6470001 3.74944
6480001 3.75862
6490001 3.7551
6500001 3.73087
6510001 3.7482
6520001 3.74209
6530001 3.76986
6540001 3.7547
6550001 3.74661
6560001 3.74782
6570001 3.74114
6580001 3.7479
6590001 3.74406
6600001 3.74026
6610001 3.75191
6620001 3.74405
6630001 3.7494
6640001 3.74065
6650001 3.75231
6660001 3.73928
6670001 3.75721
6680001 3.73889
6690001 3.74419
6700001 3.74788
6710001 3.75711
6720001 3.74609
6730001 3.73971
6740001 3.751
6750001 3.75291
6760001 3.74754
6770001 3.76176
6780001 3.75742
6790001 3.74867
6800001 3.75872
6810001 3.74759
6820001 3.74502
6830001 3.75236
6840001 3.74576
6850001 3.75072
6860001 3.74484
6870001 3.75229
6880001 3.76084
6890001 3.75466
6900001 3.74573
6910001 3.74702
6920001 3.75188
6930001 3.75026
6940001 3.75376
6950001 3.7426
6960001 3.7521
6970001 3.75464
6980001 3.76536
6990001 3.74053
7000001 3.75453
7010001 3.73498
7020001 3.74901
7030001 3.74818
7040001 3.76079
7050001 3.75232
7060001 3.75401
7070001 3.74571
7080001 3.73922
7090001 3.75227
7100001 3.73537
7110001 3.75342
7120001 3.75147
7130001 3.75847
7140001 3.73384
7150001 3.74577
7160001 3.74784
7170001 3.74559
7180001 3.74527
7190001 3.7389
7200001 3.75536
7210001 3.77201
7220001 3.7612
7230001 3.75657
7240001 3.72993
7250001 3.73993
7260001 3.75521
7270001 3.73235
7280001 3.75378
7290001 3.76063
7300001 3.74453
7310001 3.7565
7320001 3.74802
7330001 3.74713
7340001 3.74786
7350001 3.74442
7360001 3.75603
7370001 3.75526
7380001 3.75132
7390001 3.74663
7400001 3.75895
7410001 3.75541
7420001 3.75975
7430001 3.73576
7440001 3.74522
7450001 3.7494
7460001 3.758
7470001 3.75509
7480001 3.75644
7490001 3.7482
7500001 3.75849
7510001 3.75121
7520001 3.74329
7530001 3.75005
7540001 3.76973
7550001 3.74041
7560001 3.73833
7570001 3.73895
7580001 3.74407
7590001 3.75612
7600001 3.74277
7610001 3.74046
7620001 3.73721
7630001 3.74701
7640001 3.75723
7650001 3.74608
7660001 3.74141
7670001 3.76181
7680001 3.74082
7690001 3.76072
7700001 3.75167
7710001 3.76514
7720001 3.74976
7730001 3.74161
7740001 3.76413
7750001 3.74606
7760001 3.75238
7770001 3.7452
7780001 3.7547
7790001 3.74243
7800001 3.75579
7810001 3.75462
7820001 3.73857
7830001 3.7481
7840001 3.74025
7850001 3.74109
7860001 3.75037
7870001 3.74656
7880001 3.75921
7890001 3.7523
7900001 3.75215
7910001 3.74028
7920001 3.73904
7930001 3.74014
7940001 3.74043
7950001 3.75723
7960001 3.74677
7970001 3.75445
7980001 3.75032
7990001 3.74643
8000001 3.73971
8010001 3.74777
8020001 3.74418
8030001 3.7509
8040001 3.76611
8050001 3.73521
8060001 3.75736
8070001 3.75079
8080001 3.75154
8090001 3.74593
8100001 3.74933
8110001 3.75093
8120001 3.75122
8130001 3.7436
8140001 3.74014
8150001 3.74554
8160001 3.74793
8170001 3.75149
8180001 3.74417
8190001 3.73153
8200001 3.74583
8210001 3.74891
8220001 3.74934
8230001 3.74696
8240001 3.75622
8250001 3.74758
8260001 3.74827
8270001 3.74321
8280001 3.75748
8290001 3.74248
8300001 3.76075
8310001 3.74642
8320001 3.75101
8330001 3.74929
8340001 3.75273
8350001 3.74771
8360001 3.73805
8370001 3.74458
8380001 3.75755
8390001 3.73977
8400001 3.74694
8410001 3.74733
8420001 3.74219
8430001 3.75125
8440001 3.74753
8450001 3.73677
8460001 3.76725
8470001 3.73258
8480001 3.75233
8490001 3.75707
8500001 3.75003
8510001 3.74366
8520001 3.7385
8530001 3.74435
8540001 3.75205
8550001 3.75549
8560001 3.74739
8570001 3.74715
8580001 3.74447
8590001 3.74399
8600001 3.75385
8610001 3.74438
8620001 3.74754
8630001 3.74121
8640001 3.7412
8650001 3.74573
8660001 3.74226
8670001 3.74463
8680001 3.73846
8690001 3.75197
8700001 3.76636
8710001 3.75002
8720001 3.73526
8730001 3.7372
8740001 3.76073
8750001 3.74335
8760001 3.73421
8770001 3.74028
8780001 3.76724
8790001 3.73274
8800001 3.74349
8810001 3.75387
8820001 3.74634
8830001 3.74767
8840001 3.75138
8850001 3.7401
8860001 3.74994
8870001 3.7441
8880001 3.75498
8890001 3.75907
8900001 3.75236
8910001 3.74394
8920001 3.75167
8930001 3.73743
8940001 3.73541
8950001 3.75241
8960001 3.74153
8970001 3.75306
8980001 3.75373
8990001 3.7429
9000001 3.74735
9010001 3.74832
9020001 3.73861
9030001 3.75821
9040001 3.73863
9050001 3.75235
9060001 3.75578
9070001 3.75747
9080001 3.74648
9090001 3.74525
9100001 3.74563
9110001 3.75449
9120001 3.74273
9130001 3.7459
9140001 3.74309
9150001 3.75697
9160001 3.74099
9170001 3.75674
9180001 3.73478
9190001 3.73904
9200001 3.74585
9210001 3.75675
9220001 3.73121
9230001 3.74146
9240001 3.73336
9250001 3.74093
9260001 3.75161
9270001 3.75426
9280001 3.73306
9290001 3.74112
9300001 3.7466
9310001 3.75945
9320001 3.73497
9330001 3.74032
9340001 3.75543
9350001 3.73776
9360001 3.73362
9370001 3.74328
9380001 3.74109
9390001 3.74165
9400001 3.75339
9410001 3.76266
9420001 3.7473
9430001 3.74009
9440001 3.74369
9450001 3.74424
9460001 3.75424
9470001 3.76046
9480001 3.75475
9490001 3.74651
9500001 3.7473
9510001 3.77136
9520001 3.75502
9530001 3.74482
9540001 3.73093
9550001 3.74771
9560001 3.74707
9570001 3.7423
9580001 3.75755
9590001 3.75669
9600001 3.75889
9610001 3.7417
9620001 3.75934
9630001 3.75228
9640001 3.74659
9650001 3.74169
9660001 3.73251
9670001 3.74307
9680001 3.74595
9690001 3.74511
9700001 3.73523
9710001 3.74487
9720001 3.75348
9730001 3.74585
9740001 3.74305
9750001 3.74687
9760001 3.7523
9770001 3.74499
9780001 3.75054
9790001 3.75525
9800001 3.74993
9810001 3.74277
9820001 3.72689
9830001 3.75087
9840001 3.75083
9850001 3.76241
9860001 3.74805
9870001 3.7372
9880001 3.74357
9890001 3.74719
9900001 3.76615
9910001 3.75246
9920001 3.74169
9930001 3.75384
9940001 3.74801
9950001 3.74824
9960001 3.73629
9970001 3.75022
9980001 3.74734
9990001 3.75919
10000001 3.74351
10010001 3.74842
10020001 3.74775
10030001 3.7525
10040001 3.7372
10050001 3.75319
10060001 3.75192
10070001 3.74644
10080001 3.73077
10090001 3.74153
10100001 3.74603
10110001 3.74744
10120001 3.75277
10130001 3.74188
10140001 3.73902
10150001 3.73646
10160001 3.76217
10170001 3.75417
10180001 3.75526
10190001 3.74965
10200001 3.75194
10210001 3.76032
10220001 3.75004
10230001 3.73569
10240001 3.75317
10250001 3.74699
10260001 3.7583
10270001 3.75685
10280001 3.73186
10290001 3.75122
10300001 3.73129
10310001 3.75471
10320001 3.72866
10330001 3.75048
10340001 3.739
10350001 3.73953
10360001 3.74834
10370001 3.75312
10380001 3.74358
10390001 3.73623
10400001 3.73867
10410001 3.75058
10420001 3.73806
10430001 3.74059
10440001 3.73862
10450001 3.74114
10460001 3.74924
10470001 3.75623
10480001 3.76286
10490001 3.75227
10500001 3.74529
10510001 3.74613
10520001 3.75504
10530001 3.73525
10540001 3.75311
10550001 3.7395
10560001 3.73389
10570001 3.72956
10580001 3.74279
10590001 3.75523
10600001 3.73607
10610001 3.74008
10620001 3.77105
10630001 3.75418
10640001 3.75432
10650001 3.74122
10660001 3.75532
10670001 3.74666
10680001 3.75541
10690001 3.74356
10700001 3.75882
10710001 3.74442
10720001 3.74821
10730001 3.74805
10740001 3.74736
10750001 3.73862
10760001 3.73764
10770001 3.74462
10780001 3.74788
10790001 3.74662
10800001 3.74862
10810001 3.74484
10820001 3.74283
10830001 3.75533
10840001 3.75043
10850001 3.74571
10860001 3.76582
10870001 3.7393
10880001 3.74769
10890001 3.74392
10900001 3.75457
10910001 3.75449
10920001 3.74393
10930001 3.73979
10940001 3.75671
10950001 3.75432
10960001 3.74745
10970001 3.75115
10980001 3.74448
10990001 3.74728
11000001 3.75277
11010001 3.75653
11020001 3.75098
11030001 3.75004
11040001 3.7511
11050001 3.74236
11060001 3.74416
11070001 3.73945
11080001 3.73917
11090001 3.74482
11100001 3.76238
11110001 3.74126
11120001 3.74471
11130001 3.74851
11140001 3.75367
11150001 3.7469
11160001 3.74436
11170001 3.75756
11180001 3.74463
11190001 3.7421
11200001 3.74648
11210001 3.7415
11220001 3.73857
11230001 3.74703
11240001 3.74515
11250001 3.74352
11260001 3.75041
11270001 3.75278
11280001 3.7464
11290001 3.73484
11300001 3.75713
11310001 3.75916
11320001 3.74582
11330001 3.75068
11340001 3.7452
11350001 3.7485
11360001 3.74321
11370001 3.74755
11380001 3.75586
11390001 3.7469
11400001 3.74858
11410001 3.73418
11420001 3.74133
11430001 3.76293
11440001 3.74471
11450001 3.75234
11460001 3.75077
11470001 3.75164
11480001 3.74319
11490001 3.75489
11500001 3.76355
11510001 3.74941
11520001 3.74148
11530001 3.74622
11540001 3.74315
11550001 3.74296
11560001 3.75236
11570001 3.74191
11580001 3.73857
11590001 3.75609
11600001 3.72823
11610001 3.75803
11620001 3.75142
11630001 3.74982
11640001 3.74276
11650001 3.73997
11660001 3.73894
11670001 3.74624
11680001 3.74751
11690001 3.74656
11700001 3.75517
11710001 3.74683
11720001 3.75674
11730001 3.75316
11740001 3.75183
11750001 3.74134
11760001 3.74303
11770001 3.74791
11780001 3.74705
11790001 3.7482
11800001 3.74322
11810001 3.74838
11820001 3.74722
11830001 3.74173
11840001 3.76117
11850001 3.73221
11860001 3.7437
11870001 3.74931
11880001 3.75303
11890001 3.76005
11900001 3.74162
11910001 3.7552
11920001 3.74196
11930001 3.75136
11940001 3.73888
11950001 3.73516
11960001 3.74995
11970001 3.74381
11980001 3.73139
11990001 3.75744
12000001 3.75139
12010001 3.75005
12020001 3.75773
12030001 3.74578
12040001 3.75073
12050001 3.74641
12060001 3.74258
12070001 3.74178
12080001 3.75115
12090001 3.74299
12100001 3.75903
12110001 3.7506
12120001 3.74688
12130001 3.73881
12140001 3.75217
12150001 3.76555
12160001 3.74201
12170001 3.7596
12180001 3.74349
12190001 3.74507
12200001 3.74293
12210001 3.73954
12220001 3.74468
12230001 3.75897
12240001 3.74422
12250001 3.73202
12260001 3.7443
12270001 3.74392
12280001 3.7425
12290001 3.73926
12300001 3.74339
12310001 3.7456
12320001 3.76373
12330001 3.75105
12340001 3.76099
12350001 3.73804
12360001 3.72997
12370001 3.73772
12380001 3.75307
12390001 3.74365
12400001 3.76032
12410001 3.73672
12420001 3.74843
12430001 3.74369
12440001 3.73951
12450001 3.75776
12460001 3.75212
12470001 3.75064
12480001 3.75567
12490001 3.7375
12500001 3.74898
12510001 3.7516
12520001 3.74904
12530001 3.75477
12540001 3.75228
12550001 3.74706
12560001 3.75078
12570001 3.74187
12580001 3.75623
12590001 3.76441
12600001 3.74324
12610001 3.75537
12620001 3.75535
12630001 3.74664
12640001 3.75818
12650001 3.74171
12660001 3.7381
12670001 3.73632
12680001 3.74715
12690001 3.74607
12700001 3.74058
12710001 3.75957
12720001 3.75309
12730001 3.75242
12740001 3.75062
12750001 3.76335
12760001 3.75445
12770001 3.75185
12780001 3.73367
12790001 3.74897
12800001 3.76321
12810001 3.73609
12820001 3.74697
12830001 3.74238
12840001 3.75115
12850001 3.75411
12860001 3.74847
12870001 3.74144
12880001 3.75052
12890001 3.73543
12900001 3.74054
12910001 3.75889
12920001 3.74248
12930001 3.74768
12940001 3.74672
12950001 3.75007
12960001 3.75091
12970001 3.73607
12980001 3.73833
12990001 3.72699
13000001 3.76905
13010001 3.74707
13020001 3.74683
13030001 3.7479
13040001 3.74955
13050001 3.74883
13060001 3.74956
13070001 3.74341
13080001 3.74849
13090001 3.72762
13100001 3.74842
13110001 3.75181
13120001 3.75645
13130001 3.75982
13140001 3.75374
13150001 3.75985
13160001 3.74133
13170001 3.75805
13180001 3.74653
13190001 3.75324
13200001 3.75833
13210001 3.75788
13220001 3.73628
13230001 3.7443
13240001 3.7469
13250001 3.75063
13260001 3.74463
13270001 3.74177
13280001 3.76588
13290001 3.74289
13300001 3.74271
13310001 3.75044
13320001 3.73724
13330001 3.74827
13340001 3.75831
13350001 3.74264
13360001 3.74047
13370001 3.74861
13380001 3.75148
13390001 3.76812
13400001 3.73944
13410001 3.73977
13420001 3.7388
13430001 3.74738
13440001 3.74041
13450001 3.74847
13460001 3.74232
13470001 3.73815
13480001 3.7535
13490001 3.74848
13500001 3.74119
13510001 3.75319
13520001 3.7532
13530001 3.75068
13540001 3.75266
13550001 3.74338
13560001 3.74184
13570001 3.75084
13580001 3.72938
13590001 3.73669
13600001 3.76115
13610001 3.74335
13620001 3.73448
13630001 3.7406
13640001 3.74968
13650001 3.74722
13660001 3.74807
13670001 3.75359
13680001 3.75089
13690001 3.76152
13700001 3.749
13710001 3.74042
13720001 3.75615
13730001 3.74419
13740001 3.7449
13750001 3.7475
13760001 3.7593
13770001 3.74112
13780001 3.75863
13790001 3.73374
13800001 3.7499
13810001 3.75862
13820001 3.74639
13830001 3.72828
13840001 3.75294
13850001 3.75302
13860001 3.75481
13870001 3.75704
13880001 3.75287
13890001 3.74386
13900001 3.74128
13910001 3.72881
13920001 3.74798
13930001 3.76133
13940001 3.75794
13950001 3.74852
13960001 3.74216
13970001 3.76
13980001 3.74327
13990001 3.76308
14000001 3.74918
14010001 3.74337
14020001 3.75012
14030001 3.73405
14040001 3.74176
14050001 3.7382
14060001 3.74652
14070001 3.74076
14080001 3.7505
14090001 3.75098
14100001 3.73903
14110001 3.74479
14120001 3.73621
14130001 3.74109
14140001 3.74112
14150001 3.72817
14160001 3.73801
14170001 3.75218
14180001 3.75298
14190001 3.74381
14200001 3.74447
14210001 3.7525
14220001 3.75051
14230001 3.74932
14240001 3.74886
14250001 3.74908
14260001 3.73809
14270001 3.73758
14280001 3.73865
14290001 3.75749
14300001 3.73883
14310001 3.76176
14320001 3.7507
14330001 3.7445
14340001 3.74587
14350001 3.74472
14360001 3.75158
14370001 3.76268
14380001 3.75717
14390001 3.74872
14400001 3.74293
14410001 3.74885
14420001 3.7402
14430001 3.74159
14440001 3.74709
14450001 3.74396
14460001 3.74692
14470001 3.75812
14480001 3.75411
14490001 3.74508
14500001 3.7496
14510001 3.74977
14520001 3.74852
14530001 3.74374
14540001 3.74954
14550001 3.75016
14560001 3.74788
14570001 3.75659
14580001 3.74392
14590001 3.73889
14600001 3.74907
14610001 3.74997
14620001 3.73601
14630001 3.74536
14640001 3.73863
14650001 3.76044
14660001 3.73809
14670001 3.74392
14680001 3.74215
14690001 3.74274
14700001 3.75212
14710001 3.74824
14720001 3.74979
14730001 3.75044
14740001 3.76058
14750001 3.74412
14760001 3.74452
14770001 3.75844
14780001 3.74835
14790001 3.73586
14800001 3.74859
14810001 3.74624
14820001 3.74823
14830001 3.74725
14840001 3.74369
14850001 3.75067
14860001 3.74905
14870001 3.75622
14880001 3.74062
14890001 3.75698
14900001 3.74729
14910001 3.73534
14920001 3.73469
14930001 3.75098
14940001 3.75236
14950001 3.7551
14960001 3.74615
14970001 3.74147
14980001 3.74203
14990001 3.74717
15000001 3.73901
15010001 3.74661
15020001 3.76007
15030001 3.74926
15040001 3.73144
15050001 3.74535
15060001 3.74738
15070001 3.74842
15080001 3.74671
15090001 3.74954
15100001 3.74916
15110001 3.73536
15120001 3.74602
15130001 3.74434
15140001 3.73131
15150001 3.74833
15160001 3.75516
15170001 3.76306
15180001 3.7556
15190001 3.73895
15200001 3.74596
15210001 3.74573
15220001 3.7303
15230001 3.74976
15240001 3.74712
15250001 3.73785
15260001 3.73643
15270001 3.74419
15280001 3.74848
15290001 3.75265
15300001 3.75686
15310001 3.73244
15320001 3.74784
15330001 3.7535
15340001 3.74202
15350001 3.73966
15360001 3.74457
15370001 3.75665
15380001 3.73947
15390001 3.74213
15400001 3.73828
15410001 3.7433
15420001 3.75935
15430001 3.74532
15440001 3.74836
15450001 3.7399
15460001 3.745
15470001 3.74542
15480001 3.75054
15490001 3.75607
15500001 3.74804
15510001 3.75386
15520001 3.74867
15530001 3.74663
15540001 3.75181
15550001 3.74421
15560001 3.75035
15570001 3.73206
15580001 3.75962
15590001 3.75027
15600001 3.75424
15610001 3.75794
15620001 3.73685
15630001 3.73648
15640001 3.74811
15650001 3.74713
15660001 3.73531
15670001 3.75391
15680001 3.73857
15690001 3.73637
15700001 3.75876
15710001 3.74459
15720001 3.74059
15730001 3.7524
15740001 3.7389
15750001 3.74684
15760001 3.75143
15770001 3.76163
15780001 3.7523
15790001 3.74305
15800001 3.74492
15810001 3.75411
15820001 3.74688
15830001 3.75272
15840001 3.74994
15850001 3.7504
15860001 3.75034
15870001 3.73502
15880001 3.74839
15890001 3.74159
15900001 3.74893
15910001 3.75273
15920001 3.74733
15930001 3.75538
15940001 3.75792
15950001 3.74931
15960001 3.74889
15970001 3.74681
15980001 3.75497
15990001 3.73731
16000001 3.75295
16010001 3.74775
16020001 3.74855
16030001 3.73707
16040001 3.74362
16050001 3.74939
16060001 3.76322
16070001 3.75005
16080001 3.75465
16090001 3.73094
16100001 3.74274
16110001 3.75448
16120001 3.7374
16130001 3.73252
16140001 3.74313
16150001 3.73904
16160001 3.75139
16170001 3.75404
16180001 3.74715
16190001 3.75826
16200001 3.74587
16210001 3.74479
16220001 3.74903
16230001 3.74319
16240001 3.74231
16250001 3.73145
16260001 3.73524
16270001 3.75275
16280001 3.74632
16290001 3.74521
16300001 3.76722
16310001 3.75369
16320001 3.74574
16330001 3.74868
16340001 3.74009
16350001 3.74739
16360001 3.75574
16370001 3.75636
16380001 3.76104
16390001 3.74788
16400001 3.74486
16410001 3.73922
16420001 3.75867
16430001 3.75816
16440001 3.74498
16450001 3.73832
16460001 3.75331
16470001 3.75468
16480001 3.74299
16490001 3.74519
16500001 3.75434
16510001 3.7515
16520001 3.75047
16530001 3.74772
16540001 3.74371
16550001 3.7448
16560001 3.75037
16570001 3.74403
16580001 3.74746
16590001 3.73592
16600001 3.75189
16610001 3.74008
16620001 3.74769
16630001 3.73415
16640001 3.75019
16650001 3.76248
16660001 3.74901
16670001 3.74986
16680001 3.74493
16690001 3.75211
16700001 3.73815
16710001 3.73547
16720001 3.73247
16730001 3.7309
16740001 3.73671
16750001 3.73943
16760001 3.73773
16770001 3.74178
16780001 3.74258
16790001 3.74526
16800001 3.74257
16810001 3.75261
16820001 3.75742
16830001 3.73531
16840001 3.75108
16850001 3.74958
16860001 3.74153
16870001 3.74436
16880001 3.74758
16890001 3.73939
16900001 3.74992
16910001 3.73377
16920001 3.75688
16930001 3.74294
16940001 3.73934
16950001 3.74304
16960001 3.74701
16970001 3.74234
16980001 3.75564
16990001 3.74881
17000001 3.75549
17010001 3.74577
17020001 3.75087
17030001 3.74102
17040001 3.74577
17050001 3.75077
17060001 3.75258
17070001 3.76181
17080001 3.73387
17090001 3.74201
17100001 3.74931
17110001 3.74525
17120001 3.76705
17130001 3.74003
17140001 3.74536
17150001 3.74789
17160001 3.73357
17170001 3.73862
17180001 3.75141
17190001 3.73741
17200001 3.7391
17210001 3.75
17220001 3.74853
17230001 3.74922
17240001 3.73576
17250001 3.72883
17260001 3.75744
17270001 3.7436
17280001 3.74592
17290001 3.74283
17300001 3.72748
17310001 3.74548
17320001 3.74069
17330001 3.75432
17340001 3.75005
17350001 3.74465
17360001 3.74372
17370001 3.73831
17380001 3.74546
17390001 3.75828
17400001 3.75178
17410001 3.75004
17420001 3.74401
17430001 3.75887
17440001 3.74403
17450001 3.75207
17460001 3.75243
17470001 3.75118
17480001 3.73336
17490001 3.74303
17500001 3.73907
17510001 3.73512
17520001 3.73291
17530001 3.73599
17540001 3.73861
17550001 3.74724
17560001 3.72769
17570001 3.74125
17580001 3.75802
17590001 3.74272
17600001 3.75195
17610001 3.74979
17620001 3.75418
17630001 3.74618
17640001 3.74109
17650001 3.75227
17660001 3.74321
17670001 3.74404
17680001 3.75732
17690001 3.75061
17700001 3.7517
17710001 3.76186
17720001 3.75649
17730001 3.74353
17740001 3.75797
17750001 3.75085
17760001 3.75366
17770001 3.75122
17780001 3.74603
17790001 3.75858
17800001 3.74316
17810001 3.7403
17820001 3.75713
17830001 3.76237
17840001 3.74383
17850001 3.74392
17860001 3.75241
17870001 3.73726
17880001 3.73924
17890001 3.73716
17900001 3.73359
17910001 3.73904
17920001 3.76125
17930001 3.75831
17940001 3.74048
17950001 3.7536
17960001 3.74408
17970001 3.73983
17980001 3.73365
17990001 3.75231
18000001 3.76397
18010001 3.75986
18020001 3.7432
18030001 3.75782
18040001 3.75038
18050001 3.75708
18060001 3.75304
18070001 3.74414
18080001 3.74286
18090001 3.75336
18100001 3.73019
18110001 3.73159
18120001 3.7405
18130001 3.74242
18140001 3.75062
18150001 3.75276
18160001 3.76631
18170001 3.74064
18180001 3.73964
18190001 3.73719
18200001 3.73915
18210001 3.74679
18220001 3.75171
18230001 3.75826
18240001 3.73795
18250001 3.7454
18260001 3.74507
18270001 3.73345
18280001 3.75409
18290001 3.74803
18300001 3.76176
18310001 3.75127
18320001 3.74889
18330001 3.74524
18340001 3.74923
18350001 3.74383
18360001 3.73791
18370001 3.74445
18380001 3.73852
18390001 3.75014
18400001 3.75652
18410001 3.75102
18420001 3.74319
18430001 3.74099
18440001 3.73224
18450001 3.75571
18460001 3.74026
18470001 3.74362
18480001 3.74452
18490001 3.74909
18500001 3.73901
18510001 3.74856
18520001 3.73504
18530001 3.75419
18540001 3.74392
18550001 3.7478
18560001 3.74603
18570001 3.74149
18580001 3.7436
18590001 3.75604
18600001 3.74028
18610001 3.74986
18620001 3.75207
18630001 3.74334
18640001 3.75093
18650001 3.73557
18660001 3.74319
18670001 3.7586
18680001 3.74979
18690001 3.74867
18700001 3.74861
18710001 3.74799
18720001 3.74085
18730001 3.7572
18740001 3.75803
18750001 3.75983
18760001 3.75444
18770001 3.74106
18780001 3.74894
18790001 3.74952
18800001 3.75606
18810001 3.74665
18820001 3.75216
18830001 3.74186
18840001 3.75476
18850001 3.74418
18860001 3.75863
18870001 3.74392
18880001 3.73407
18890001 3.7384
18900001 3.7596
18910001 3.73848
18920001 3.75617
18930001 3.73454
18940001 3.74589
18950001 3.75457
18960001 3.74921
18970001 3.75958
18980001 3.75233
18990001 3.73907
19000001 3.75628
19010001 3.75092
19020001 3.76231
19030001 3.74435
19040001 3.75511
19050001 3.74362
19060001 3.74254
19070001 3.74508
19080001 3.75548
19090001 3.75431
19100001 3.73691
19110001 3.75998
19120001 3.73726
19130001 3.73804
19140001 3.75167
19150001 3.73805
19160001 3.74708
19170001 3.74833
19180001 3.75412
19190001 3.74532
19200001 3.74473
19210001 3.73608
19220001 3.7486
19230001 3.74633
19240001 3.75716
19250001 3.7429
19260001 3.73925
19270001 3.74337
19280001 3.7451
19290001 3.75927
19300001 3.75032
19310001 3.73818
19320001 3.74296
19330001 3.74617
19340001 3.73782
19350001 3.74424
19360001 3.7419
19370001 3.74262
19380001 3.74098
19390001 3.74926
19400001 3.76505
19410001 3.7397
19420001 3.75054
19430001 3.73981
19440001 3.74476
19450001 3.7568
19460001 3.74446
19470001 3.73841
19480001 3.74953
19490001 3.74968
19500001 3.73721
19510001 3.75083
19520001 3.74886
19530001 3.75126
19540001 3.75118
19550001 3.73585
19560001 3.75021
19570001 3.73499
19580001 3.74279
19590001 3.74421
19600001 3.74467
19610001 3.74918
19620001 3.74561
19630001 3.73739
19640001 3.7411
19650001 3.75311
19660001 3.74597
19670001 3.73118
19680001 3.76216
19690001 3.74609
19700001 3.74737
19710001 3.76376
19720001 3.73819
19730001 3.74688
19740001 3.7515
19750001 3.74832
19760001 3.74209
19770001 3.7526
19780001 3.74492
19790001 3.75261
19800001 3.7412
19810001 3.74485
19820001 3.73963
19830001 3.74499
19840001 3.74121
19850001 3.75428
19860001 3.74647
19870001 3.75288
19880001 3.76201
19890001 3.74698
19900001 3.74465
19910001 3.74577
19920001 3.75571
19930001 3.74263
19940001 3.74146
19950001 3.75537
19960001 3.75818
19970001 3.73513
19980001 3.74677
19990001 3.74503
20000001 3.73485
20010001 3.74742
20020001 3.74096
20030001 3.7516
20040001 3.75154
20050001 3.75563
20060001 3.74885
20070001 3.74523
20080001 3.74555
20090001 3.74296
20100001 3.75783
20110001 3.75695
20120001 3.74826
20130001 3.73701
20140001 3.74337
20150001 3.74336
20160001 3.75069
20170001 3.75183
20180001 3.74159
20190001 3.74585
20200001 3.73923
20210001 3.74007
20220001 3.74555
20230001 3.74697
20240001 3.76365
20250001 3.75962
20260001 3.75564
20270001 3.74836
20280001 3.7466
20290001 3.7537
20300001 3.74328
20310001 3.73705
20320001 3.74779
20330001 3.75598
20340001 3.75101
20350001 3.75355
20360001 3.74456
20370001 3.74133
20380001 3.75353
20390001 3.76474
20400001 3.76749
20410001 3.75001
20420001 3.74963
20430001 3.74588
20440001 3.7459
20450001 3.75168
20460001 3.74693
20470001 3.73633
20480001 3.7366
20490001 3.75144
20500001 3.76228
20510001 3.76321
20520001 3.74465
20530001 3.76224
20540001 3.74071
20550001 3.75316
20560001 3.75533
20570001 3.75334
20580001 3.76979
20590001 3.74399
20600001 3.74263
20610001 3.75179
20620001 3.75555
20630001 3.74284
20640001 3.73046
20650001 3.75016
20660001 3.74057
20670001 3.75091
20680001 3.74179
20690001 3.73721
20700001 3.74468
20710001 3.73923
20720001 3.74468
20730001 3.73761
20740001 3.75509
20750001 3.73573
20760001 3.74653
20770001 3.74554
20780001 3.74695
20790001 3.75043
20800001 3.75397
20810001 3.74528
20820001 3.74444
20830001 3.74877
20840001 3.74984
20850001 3.74398
20860001 3.72782
20870001 3.74082
20880001 3.73625
20890001 3.74692
20900001 3.73803
20910001 3.74459
20920001 3.7474
20930001 3.74469
20940001 3.74426
20950001 3.73928
20960001 3.76579
20970001 3.73843
20980001 3.7498
20990001 3.75084
21000001 3.74642
21010001 3.74518
21020001 3.75822
21030001 3.72469
21040001 3.75148
21050001 3.74248
21060001 3.74649
21070001 3.76027
21080001 3.74385
21090001 3.74388
21100001 3.7542
21110001 3.74706
21120001 3.75556
21130001 3.7437
21140001 3.7444
21150001 3.74525
21160001 3.75364
21170001 3.74111
21180001 3.73569
21190001 3.749
21200001 3.76591
21210001 3.73699
21220001 3.7451
21230001 3.74407
21240001 3.73916
21250001 3.75621
21260001 3.74705
21270001 3.74103
21280001 3.73343
21290001 3.75153
21300001 3.74337
21310001 3.75354
21320001 3.74649
21330001 3.7517
21340001 3.7487
21350001 3.7369
21360001 3.74427
21370001 3.74178
21380001 3.74465
21390001 3.76083
21400001 3.75288
21410001 3.7457
21420001 3.75555
21430001 3.73806
21440001 3.75461
21450001 3.74327
21460001 3.75238
21470001 3.75497
21480001 3.73718
21490001 3.73894
21500001 3.75222
21510001 3.75576
21520001 3.73994
21530001 3.73635
21540001 3.7382
21550001 3.75077
21560001 3.74075
21570001 3.73144
21580001 3.74366
21590001 3.74695
21600001 3.7353
21610001 3.74796
21620001 3.75792
21630001 3.75557
21640001 3.74659
21650001 3.75236
21660001 3.74801
21670001 3.74805
21680001 3.75086
21690001 3.75947
21700001 3.73163
21710001 3.74921
21720001 3.74644
21730001 3.75105
21740001 3.73702
21750001 3.7491
21760001 3.76296
21770001 3.74666
21780001 3.75332
21790001 3.74073
21800001 3.73544
21810001 3.75295
21820001 3.74235
21830001 3.74647
21840001 3.7492
21850001 3.74771
21860001 3.7491
21870001 3.74925
21880001 3.74306
21890001 3.74462
21900001 3.74902
21910001 3.73678
21920001 3.74188
21930001 3.74752
21940001 3.74691
21950001 3.7357
21960001 3.73739
21970001 3.74631
21980001 3.75032
21990001 3.73776
22000001 3.74396
22010001 3.7286
22020001 3.75506
22030001 3.75328
22040001 3.74394
22050001 3.73129
22060001 3.74504
22070001 3.74166
22080001 3.76808
22090001 3.74805
22100001 3.73505
22110001 3.74851
22120001 3.74796
22130001 3.74628
22140001 3.74182
22150001 3.75652
22160001 3.7531
22170001 3.74199
22180001 3.74619
22190001 3.74178
22200001 3.7417
22210001 3.74535
22220001 3.74233
22230001 3.74315
22240001 3.7465
22250001 3.74225
22260001 3.74753
22270001 3.76145
22280001 3.7612
22290001 3.7427
22300001 3.7477
22310001 3.74323
22320001 3.73614
22330001 3.74092
22340001 3.73191
22350001 3.75293
22360001 3.73515
22370001 3.75636
22380001 3.75263
22390001 3.7512
22400001 3.73924
22410001 3.74009
22420001 3.74915
22430001 3.759
22440001 3.74621
22450001 3.73657
22460001 3.73561
22470001 3.74703
22480001 3.7413
22490001 3.74916
22500001 3.74446
22510001 3.75194
22520001 3.7461
22530001 3.75487
22540001 3.74368
22550001 3.7527
22560001 3.73778
22570001 3.74641
22580001 3.74784
22590001 3.75291
22600001 3.74146
22610001 3.76105
22620001 3.73824
22630001 3.74697
22640001 3.74347
22650001 3.74745
22660001 3.74293
22670001 3.7466
22680001 3.74417
22690001 3.73908
22700001 3.75314
22710001 3.74305
22720001 3.73985
22730001 3.74405
22740001 3.73154
22750001 3.74783
22760001 3.74494
22770001 3.74335
22780001 3.76303
22790001 3.75338
22800001 3.74338
22810001 3.76595
22820001 3.75003
22830001 3.74809
22840001 3.74493
22850001 3.74263
22860001 3.74585
22870001 3.75581
22880001 3.76263
22890001 3.74776
22900001 3.76109
22910001 3.74571
22920001 3.75364
22930001 3.74464
22940001 3.7485
22950001 3.73415
22960001 3.76121
22970001 3.74747
22980001 3.75435
22990001 3.75701
23000001 3.74288
23010001 3.74382
23020001 3.7413
23030001 3.73433
23040001 3.73469
23050001 3.74883
23060001 3.74925
23070001 3.74077
23080001 3.75329
23090001 3.74602
23100001 3.7385
23110001 3.73531
23120001 3.75218
23130001 3.75173
23140001 3.75388
23150001 3.75054
23160001 3.75654
23170001 3.74447
23180001 3.74006
23190001 3.75443
23200001 3.75864
23210001 3.74694
23220001 3.73498
23230001 3.74733
23240001 3.74812
23250001 3.73642
23260001 3.74337
23270001 3.76173
23280001 3.74905
23290001 3.73665
23300001 3.74742
23310001 3.74776
23320001 3.75227
23330001 3.73658
23340001 3.74657
23350001 3.75528
23360001 3.7375
23370001 3.73793
23380001 3.76232
23390001 3.74106
23400001 3.7231
23410001 3.73924
23420001 3.75253
23430001 3.75055
23440001 3.73701
23450001 3.7505
23460001 3.73926
23470001 3.73483
23480001 3.73886
23490001 3.7416
23500001 3.74031
23510001 3.7456
23520001 3.74891
23530001 3.7454
23540001 3.73245
23550001 3.75054
23560001 3.7512
23570001 3.75767
23580001 3.75117
23590001 3.75752
23600001 3.75783
23610001 3.75782
23620001 3.74676
23630001 3.73379
23640001 3.75186
23650001 3.73207
23660001 3.73987
23670001 3.74808
23680001 3.74557
23690001 3.74744
23700001 3.7396
23710001 3.74861
23720001 3.73303
23730001 3.75041
23740001 3.74449
23750001 3.73701
23760001 3.73837
23770001 3.73227
23780001 3.74641
23790001 3.75038
23800001 3.758
23810001 3.74472
23820001 3.73104
23830001 3.74919
23840001 3.74346
23850001 3.75076
23860001 3.75579
23870001 3.7504
23880001 3.72456
23890001 3.73448
23900001 3.74215
23910001 3.75492
23920001 3.7478
23930001 3.74831
23940001 3.75167
23950001 3.75255
23960001 3.75459
23970001 3.73866
23980001 3.746
23990001 3.74365
24000001 3.75317
24010001 3.75053
24020001 3.7389
24030001 3.75233
24040001 3.73676
24050001 3.74172
24060001 3.74877
24070001 3.75059
24080001 3.74599
24090001 3.7416
24100001 3.74593
24110001 3.76059
24120001 3.74684
24130001 3.74739
24140001 3.73234
24150001 3.75102
24160001 3.74408
24170001 3.74049
24180001 3.74282
24190001 3.73543
24200001 3.75224
24210001 3.74629
24220001 3.74126
24230001 3.75194
24240001 3.73522
24250001 3.74422
24260001 3.74031
24270001 3.74301
24280001 3.74385
24290001 3.74469
24300001 3.74843
24310001 3.74487
24320001 3.75583
24330001 3.74585
24340001 3.74449
24350001 3.73361
24360001 3.73823
24370001 3.73485
24380001 3.74592
24390001 3.75179
24400001 3.74411
24410001 3.7347
24420001 3.74137
24430001 3.73792
24440001 3.74705
24450001 3.76705
24460001 3.76164
24470001 3.75217
24480001 3.73808
24490001 3.73143
24500001 3.74732
24510001 3.75039
24520001 3.74405
24530001 3.74551
24540001 3.75838
24550001 3.74541
24560001 3.74964
24570001 3.73781
24580001 3.76351
24590001 3.73985
24600001 3.74801
24610001 3.74756
24620001 3.74522
24630001 3.73343
24640001 3.73466
24650001 3.74744
24660001 3.74117
24670001 3.74879
24680001 3.73384
24690001 3.75079
24700001 3.75203
24710001 3.73944
24720001 3.74629
24730001 3.75141
24740001 3.75489
24750001 3.74968
24760001 3.745
24770001 3.73881
24780001 3.73882
24790001 3.74936
24800001 3.74706
24810001 3.74795
24820001 3.74681
24830001 3.74258
24840001 3.75639
24850001 3.7383
24860001 3.74998
24870001 3.75339
24880001 3.75478
24890001 3.74398
24900001 3.7424
24910001 3.76172
24920001 3.73262
24930001 3.73477
24940001 3.74839
24950001 3.75296
24960001 3.74714
24970001 3.75483
24980001 3.7511
24990001 3.75024
25000001 3.73007
25010001 3.73175
25020001 3.75235
25030001 3.74462
25040001 3.74467
25050001 3.74101
25060001 3.74972
25070001 3.75036
25080001 3.74596
25090001 3.74504
25100001 3.75091
25110001 3.74586
25120001 3.75972
25130001 3.75727
25140001 3.7546
25150001 3.73773
25160001 3.75291
25170001 3.74193
25180001 3.75078
25190001 3.75026
25200001 3.74816
25210001 3.75086
25220001 3.76206
25230001 3.76926
25240001 3.74597
25250001 3.73798
25260001 3.74528
25270001 3.73129
25280001 3.74984
25290001 3.7462
25300001 3.74888
25310001 3.7464
25320001 3.75101
25330001 3.74825
25340001 3.74983
25350001 3.74608
25360001 3.74395
25370001 3.74909
25380001 3.75134
25390001 3.73928
25400001 3.75402
25410001 3.74593
25420001 3.7538
25430001 3.75197
25440001 3.74764
25450001 3.75371
25460001 3.76158
25470001 3.72873
25480001 3.74756
25490001 3.7517
25500001 3.74389
25510001 3.74109
25520001 3.74978
25530001 3.74261
25540001 3.74718
25550001 3.73355
25560001 3.74637
25570001 3.75148
25580001 3.74518
25590001 3.75271
25600001 3.76093
25610001 3.74717
25620001 3.75253
25630001 3.74687
25640001 3.7475
25650001 3.75446
25660001 3.74875
25670001 3.74372
25680001 3.74398
25690001 3.73859
25700001 3.76012
25710001 3.74981
25720001 3.75316
25730001 3.75108
25740001 3.74701
25750001 3.73962
25760001 3.75316
25770001 3.75198
25780001 3.74866
25790001 3.76077
25800001 3.75524
25810001 3.76355
25820001 3.74643
25830001 3.74545
25840001 3.73311
25850001 3.75249
25860001 3.74633
25870001 3.74875
25880001 3.73832
25890001 3.754
25900001 3.74918
25910001 3.73942
25920001 3.74905
25930001 3.74507
25940001 3.75092
25950001 3.75429
25960001 3.76406
25970001 3.73644
25980001 3.74936
25990001 3.74136
26000001 3.74347
26010001 3.75818
26020001 3.75754
26030001 3.7363
26040001 3.74256
26050001 3.73501
26060001 3.74916
26070001 3.75574
26080001 3.7495
26090001 3.76102
26100001 3.75558
26110001 3.74231
26120001 3.74801
26130001 3.75809
26140001 3.74448
26150001 3.75023
26160001 3.74656
26170001 3.75264
26180001 3.75678
26190001 3.74354
26200001 3.75396
26210001 3.73713
26220001 3.73817
26230001 3.75365
26240001 3.73521
26250001 3.74054
26260001 3.75283
26270001 3.74819
26280001 3.74495
26290001 3.75986
26300001 3.74461
26310001 3.7386
26320001 3.73877
26330001 3.75503
26340001 3.74348
26350001 3.75165
26360001 3.75008
26370001 3.73128
26380001 3.75411
26390001 3.75233
26400001 3.75042
26410001 3.74391
26420001 3.74979
26430001 3.74502
26440001 3.7686
26450001 3.74281
26460001 3.73386
26470001 3.7557
26480001 3.74883
26490001 3.74984
26500001 3.75226
26510001 3.74326
26520001 3.73895
26530001 3.73973
26540001 3.75284
26550001 3.7386
26560001 3.73394
26570001 3.7624
26580001 3.7433
26590001 3.74045
26600001 3.73978
26610001 3.74352
26620001 3.74574
26630001 3.74732
26640001 3.74541
26650001 3.73839
26660001 3.76807
26670001 3.76215
26680001 3.75689
26690001 3.74472
26700001 3.73657
26710001 3.75555
26720001 3.75256
26730001 3.75207
26740001 3.73588
26750001 3.74541
26760001 3.74349
26770001 3.74624
26780001 3.75881
26790001 3.75334
26800001 3.76224
26810001 3.75691
26820001 3.74878
26830001 3.74463
26840001 3.75067
26850001 3.74505
26860001 3.75494
26870001 3.74282
26880001 3.75231
26890001 3.74607
26900001 3.74192
26910001 3.75994
26920001 3.75709
26930001 3.7547
26940001 3.74209
26950001 3.73338
26960001 3.73967
26970001 3.74991
26980001 3.73209
26990001 3.74637
27000001 3.75202
27010001 3.74733
27020001 3.72873
27030001 3.73978
27040001 3.74167
27050001 3.75562
27060001 3.7419
27070001 3.74175
27080001 3.7445
27090001 3.73736
27100001 3.74279
27110001 3.74525
27120001 3.73877
27130001 3.743
27140001 3.74941
27150001 3.74455
27160001 3.74769
27170001 3.75385
27180001 3.74085
27190001 3.73282
27200001 3.74249
27210001 3.74717
27220001 3.74326
27230001 3.74419
27240001 3.75895
27250001 3.74617
27260001 3.75044
27270001 3.7465
27280001 3.75259
27290001 3.75625
27300001 3.74668
27310001 3.74597
27320001 3.73492
27330001 3.74236
27340001 3.74054
27350001 3.73984
27360001 3.7444
27370001 3.74002
27380001 3.74712
27390001 3.74698
27400001 3.75698
27410001 3.74387
27420001 3.74221
27430001 3.74695
27440001 3.74611
27450001 3.74239
27460001 3.75056
27470001 3.75424
27480001 3.74494
27490001 3.74486
27500001 3.73417
27510001 3.75063
27520001 3.72866
27530001 3.74596
27540001 3.73636
27550001 3.73757
27560001 3.74506
27570001 3.74417
27580001 3.73812
27590001 3.74337
27600001 3.73515
27610001 3.74902
27620001 3.73977
27630001 3.74048
27640001 3.74675
27650001 3.73642
27660001 3.74131
27670001 3.74774
27680001 3.7419
27690001 3.74732
27700001 3.7482
27710001 3.73886
27720001 3.7364
27730001 3.74275
27740001 3.74362
27750001 3.7591
27760001 3.73842
27770001 3.75689
27780001 3.74511
27790001 3.737
27800001 3.74331
27810001 3.73579
27820001 3.74504
27830001 3.74619
27840001 3.74872
27850001 3.74029
27860001 3.73999
27870001 3.74877
27880001 3.74099
27890001 3.75303
27900001 3.75946
27910001 3.75668
27920001 3.75171
27930001 3.73777
27940001 3.75285
27950001 3.74091
27960001 3.74208
27970001 3.74451
27980001 3.75018
27990001 3.74645
28000001 3.74986
28010001 3.74399
28020001 3.74877
28030001 3.7524
28040001 3.73023
28050001 3.73909
28060001 3.758
28070001 3.74938
28080001 3.745
28090001 3.72837
28100001 3.74359
28110001 3.7544
28120001 3.74666
28130001 3.75647
28140001 3.75053
28150001 3.74489
28160001 3.74616
28170001 3.75232
28180001 3.73852
28190001 3.74601
28200001 3.74861
28210001 3.74464
28220001 3.75067
28230001 3.74632
28240001 3.74047
28250001 3.76249
28260001 3.76023
28270001 3.74243
28280001 3.75402
28290001 3.74144
28300001 3.74112
28310001 3.75179
28320001 3.75646
28330001 3.7499
28340001 3.74681
28350001 3.74406
28360001 3.74461
28370001 3.75195
28380001 3.74294
28390001 3.75078
28400001 3.75227
28410001 3.72085
28420001 3.76062
28430001 3.74255
28440001 3.74427
28450001 3.77606
28460001 3.77338
28470001 3.73088
28480001 3.74945
28490001 3.73916
28500001 3.75094
28510001 3.73796
28520001 3.75593
28530001 3.75199
28540001 3.75824
28550001 3.74701
28560001 3.74559
28570001 3.73422
28580001 3.74817
28590001 3.75662
28600001 3.74552
28610001 3.75146
28620001 3.74223
28630001 3.74462
28640001 3.76724
28650001 3.75357
28660001 3.76071
28670001 3.74396
28680001 3.74611
28690001 3.74581
28700001 3.747
28710001 3.75181
28720001 3.74189
28730001 3.76162
28740001 3.76989
28750001 3.74
28760001 3.74475
28770001 3.7346
28780001 3.73853
28790001 3.74612
28800001 3.75937
28810001 3.74266
28820001 3.73792
28830001 3.74916
28840001 3.75125
28850001 3.75451
28860001 3.75308
28870001 3.74144
28880001 3.7514
28890001 3.74537
28900001 3.74659
28910001 3.74181
28920001 3.73642
28930001 3.74592
28940001 3.74697
28950001 3.75589
28960001 3.74932
28970001 3.74748
28980001 3.7484
28990001 3.7418
29000001 3.75351
29010001 3.75748
29020001 3.7498
29030001 3.73841
29040001 3.74414
29050001 3.75634
29060001 3.752
29070001 3.75759
29080001 3.75367
29090001 3.74548
29100001 3.73591
29110001 3.76632
29120001 3.74361
29130001 3.75657
29140001 3.73446
29150001 3.74975
29160001 3.74225
29170001 3.75323
29180001 3.75419
29190001 3.74134
29200001 3.76225
29210001 3.72675
29220001 3.75287
29230001 3.74338
29240001 3.74281
29250001 3.7481
29260001 3.74723
29270001 3.75717
29280001 3.7457
29290001 3.74766
29300001 3.7425
29310001 3.73917
29320001 3.74481
29330001 3.73803
29340001 3.75573
29350001 3.75545
29360001 3.73558
29370001 3.75538
29380001 3.74732
29390001 3.73541
29400001 3.7372
29410001 3.74843
29420001 3.75414
29430001 3.74234
29440001 3.76127
29450001 3.75602
29460001 3.74203
29470001 3.74696
29480001 3.73786
29490001 3.75535
29500001 3.75703
29510001 3.73878
29520001 3.74693
29530001 3.74746
29540001 3.75002
29550001 3.74163
29560001 3.74894
29570001 3.74867
29580001 3.74755
29590001 3.74681
29600001 3.73106
29610001 3.74604
29620001 3.74271
29630001 3.73896
29640001 3.74064
29650001 3.75007
29660001 3.75568
29670001 3.75533
29680001 3.73949
29690001 3.73182
29700001 3.74536
29710001 3.74072
29720001 3.73305
29730001 3.73878
29740001 3.74838
29750001 3.74811
29760001 3.74408
29770001 3.7382
29780001 3.75275
29790001 3.73663
29800001 3.74589
29810001 3.74979
29820001 3.74501
29830001 3.75448
29840001 3.75109
29850001 3.75392
29860001 3.75534
29870001 3.75323
29880001 3.7376
29890001 3.7431
29900001 3.73726
29910001 3.73888
29920001 3.73834
29930001 3.75593
29940001 3.73412
29950001 3.74981
29960001 3.74964
29970001 3.74717
29980001 3.74888
29990001 3.74298
