1 2169.57
10001 244.01
20001 172.808
30001 128.483
40001 97.8143
50001 76.0752
60001 59.6394
70001 47.9032
80001 39.3235
90001 33.1585
100001 28.3134
110001 24.7888
120001 22.3047
130001 20.0828
140001 18.6184
150001 17.2223
160001 16.1959
170001 15.2198
180001 14.5689
190001 13.8901
200001 13.3389
210001 12.8074
220001 12.363
230001 11.9752
240001 11.5699
250001 11.2191
260001 10.9452
270001 10.6417
280001 10.4159
290001 10.2154
300001 9.98382
310001 9.77407
320001 9.56246
330001 9.44484
340001 9.24881
350001 9.07055
360001 8.93524
370001 8.79895
380001 8.66388
390001 8.54458
400001 8.42972
410001 8.3121
420001 8.15034
430001 8.07913
440001 7.94502
450001 7.90081
460001 7.84421
470001 7.73867
480001 7.59892
490001 7.55694
500001 7.5317
510001 7.45267
520001 7.37024
530001 7.2489
540001 7.16572
550001 7.14507
560001 7.12939
570001 7.00433
580001 6.9761
590001 6.88315
600001 6.88183
610001 6.78062
620001 6.72505
630001 6.6922
640001 6.61286
650001 6.56201
660001 6.52398
670001 6.50121
680001 6.43446
690001 6.44566
700001 6.40818
710001 6.36168
720001 6.31551
730001 6.29903
740001 6.22343
750001 6.20281
760001 6.16816
770001 6.12073
780001 6.12194
790001 6.09323
800001 6.0545
810001 6.01229
820001 6.04992
830001 6.01251
840001 5.96335
850001 5.92103
860001 5.93117
870001 5.88127
880001 5.85837
890001 5.83044
900001 5.81488
910001 5.78104
920001 5.76039
930001 5.78331
940001 5.72953
950001 5.70055
960001 5.67492
970001 5.62389
980001 5.60833
990001 5.62738
1000001 5.60652
1010001 5.57802
1020001 5.57141
1030001 5.54945
1040001 5.50217
1050001 5.52111
1060001 5.46368
1070001 5.48061
1080001 5.45557
1090001 5.39382
1100001 5.41257
1110001 5.43116
1120001 5.38692
1130001 5.40861
1140001 5.35116
1150001 5.39912
1160001 5.37882
1170001 5.32161
1180001 5.27284
1190001 5.31365
1200001 5.32154
1210001 5.28379
1220001 5.27777
1230001 5.28905
1240001 5.23067
1250001 5.22439
1260001 5.2031
1270001 5.17055
1280001 5.19341
1290001 5.16862
1300001 5.13673
1310001 5.13522
1320001 5.12736
1330001 5.10056
1340001 5.12239
1350001 5.15678
1360001 5.09771
1370001 5.10569
1380001 5.06997
1390001 5.07734
1400001 5.04211
1410001 5.03834
1420001 5.02134
1430001 5.0208
1440001 5.02531
1450001 5.02786
1460001 5.01838
1470001 5.02177
1480001 4.96113
1490001 4.99566
1500001 4.96406
1510001 4.95528
1520001 4.94649
1530001 4.97503
1540001 4.95594
1550001 4.92027
1560001 4.90738
1570001 4.86822
1580001 4.88318
1590001 4.91125
1600001 4.89526
1610001 4.87613
1620001 4.87372
1630001 4.86548
1640001 4.88427
1650001 4.8794
1660001 4.8742
1670001 4.83817
1680001 4.81056
1690001 4.81652
1700001 4.78448
1710001 4.81252
1720001 4.77546
1730001 4.79725
1740001 4.79859
1750001 4.77912
1760001 4.75985
1770001 4.79106
1780001 4.7808
1790001 4.79785
1800001 4.743
1810001 4.7525
1820001 4.78189
1830001 4.69569
1840001 4.72432
1850001 4.72137
1860001 4.72691
1870001 4.69126
1880001 4.74383
1890001 4.74108
1900001 4.70696
1910001 4.73447
1920001 4.72363
1930001 4.71471
1940001 4.68196
1950001 4.67725
1960001 4.66549
1970001 4.68436
1980001 4.65932
1990001 4.6848
2000001 4.70096
2010001 4.66912
2020001 4.65532
2030001 4.67485
2040001 4.67885
2050001 4.66073
2060001 4.62713
2070001 4.61353
2080001 4.64393
2090001 4.5876
2100001 4.60824
2110001 4.58303
2120001 4.60224
2130001 4.59937
2140001 4.64362
2150001 4.59782
2160001 4.60128
2170001 4.57439
2180001 4.52623
2190001 4.57957
2200001 4.564
2210001 4.56385
2220001 4.57538
2230001 4.57067
2240001 4.57397
2250001 4.53421
2260001 4.53512
2270001 4.5379
2280001 4.53742
2290001 4.52311
2300001 4.54177
2310001 4.47989
2320001 4.55066
2330001 4.51483
2340001 4.52904
2350001 4.52399
2360001 4.4977
2370001 4.48738
2380001 4.5678
2390001 4.50846
2400001 4.49259
2410001 4.49543
2420001 4.51412
2430001 4.47644
2440001 4.53235
2450001 4.46051
2460001 4.48389
2470001 4.48486
2480001 4.49129
2490001 4.48393
2500001 4.45068
2510001 4.46091
2520001 4.45841
2530001 4.4469
2540001 4.52339
2550001 4.51552
2560001 4.46757
2570001 4.47146
2580001 4.44877
2590001 4.48399
2600001 4.40868
2610001 4.44403
2620001 4.43571
2630001 4.43356
2640001 4.46938
2650001 4.45367
2660001 4.42989
2670001 4.43017
2680001 4.4257
2690001 4.4228
2700001 4.43486
2710001 4.39816
2720001 4.43058
2730001 4.39606
2740001 4.40257
2750001 4.41235
2760001 4.39459
2770001 4.37158
2780001 4.37384
2790001 4.38185
2800001 4.39957
2810001 4.38784
2820001 4.40753
2830001 4.3632
2840001 4.36531
2850001 4.34385
2860001 4.37097
2870001 4.39979
2880001 4.34021
2890001 4.34087
2900001 4.36564
2910001 4.31148
2920001 4.34174
2930001 4.3579
2940001 4.32789
2950001 4.29661
2960001 4.33353
2970001 4.28144
2980001 4.29123
2990001 4.30867
3000001 4.36231
3010001 4.33085
3020001 4.35181
3030001 4.30905
3040001 4.32097
3050001 4.32252
3060001 4.36851
3070001 4.32666
3080001 4.32834
3090001 4.29752
3100001 4.32912
3110001 4.29999
3120001 4.31129
3130001 4.29042
3140001 4.31299
3150001 4.27542
3160001 4.30365
3170001 4.29711
3180001 4.30896
3190001 4.32712
3200001 4.30137
3210001 4.29608
3220001 4.30448
3230001 4.31247
3240001 4.27879
3250001 4.23475
3260001 4.25105
3270001 4.22416
3280001 4.2552
3290001 4.26774
3300001 4.25578
3310001 4.23703
3320001 4.26087
3330001 4.31371
3340001 4.27415
3350001 4.25268
3360001 4.28665
3370001 4.28955
3380001 4.29107
3390001 4.26202
3400001 4.21912
3410001 4.24692
3420001 4.2743
3430001 4.26984
3440001 4.25424
3450001 4.2253
3460001 4.26056
3470001 4.2525
3480001 4.2774
3490001 4.27139
3500001 4.2698
3510001 4.21275
3520001 4.23833
3530001 4.27062
3540001 4.27562
3550001 4.27663
3560001 4.22755
3570001 4.22552
3580001 4.2177
3590001 4.21869
3600001 4.21254
3610001 4.23782
3620001 4.2231
3630001 4.198
3640001 4.19452
3650001 4.21452
3660001 4.22961
3670001 4.22639
3680001 4.21215
3690001 4.23955
3700001 4.22637
3710001 4.26553
3720001 4.25038
3730001 4.24834
3740001 4.24131
3750001 4.23438
3760001 4.24427
3770001 4.22161
3780001 4.20096
3790001 4.17341
3800001 4.16905
3810001 4.16436
3820001 4.14672
3830001 4.16893
3840001 4.17711
3850001 4.13492
3860001 4.1798
3870001 4.1733
3880001 4.21072
3890001 4.21778
3900001 4.19539
3910001 4.20282
3920001 4.14488
3930001 4.16364
3940001 4.17377
3950001 4.15605
3960001 4.17901
3970001 4.14309
3980001 4.17203
3990001 4.15339
4000001 4.19017
4010001 4.1873
4020001 4.2049
4030001 4.16428
4040001 4.19005
4050001 4.12539
4060001 4.18305
4070001 4.166
4080001 4.1222
4090001 4.12765
4100001 4.16003
4110001 4.18172
4120001 4.16444
4130001 4.12012
4140001 4.12061
4150001 4.12086
4160001 4.14543
4170001 4.12356
4180001 4.11052
4190001 4.10636
4200001 4.12148
4210001 4.11667
4220001 4.12121
4230001 4.12019
4240001 4.20063
4250001 4.13883
4260001 4.11004
4270001 4.15774
4280001 4.10837
4290001 4.11412
4300001 4.14859
4310001 4.10036
4320001 4.13138
4330001 4.09113
4340001 4.10342
4350001 4.12452
4360001 4.08424
4370001 4.10282
4380001 4.12983
4390001 4.11616
4400001 4.09729
4410001 4.13831
4420001 4.13551
4430001 4.12541
4440001 4.11398
4450001 4.15123
4460001 4.09755
4470001 4.11484
4480001 4.11336
4490001 4.0944
4500001 4.12616
4510001 4.13816
4520001 4.14916
4530001 4.08953
4540001 4.09846
4550001 4.13537
4560001 4.10024
4570001 4.08249
4580001 4.08897
4590001 4.11487
4600001 4.12641
4610001 4.16442
4620001 4.18733
4630001 4.10652
4640001 4.1505
4650001 4.15324
4660001 4.14202
4670001 4.15372
4680001 4.09778
4690001 4.1081
4700001 4.07074
4710001 4.12395
4720001 4.10065
4730001 4.08452
4740001 4.07322
4750001 4.05969
4760001 4.05525
4770001 4.06899
4780001 4.0825
4790001 4.05733
4800001 4.07192
4810001 4.07299
4820001 4.08105
4830001 4.08685
4840001 4.07654
4850001 4.07586
4860001 4.06119
4870001 4.04942
4880001 4.04035
4890001 4.08039
4900001 4.09536
4910001 4.07368
4920001 4.09017
4930001 4.06113
4940001 4.09517
4950001 4.10965
4960001 4.10402
4970001 4.0739
4980001 4.09953
4990001 4.07073
5000001 4.08205
5010001 4.06852
5020001 4.07191
5030001 4.05663
5040001 4.08623
5050001 4.04612
5060001 4.079
5070001 4.04502
5080001 4.03797
5090001 4.06127
5100001 4.06426
5110001 4.09672
5120001 4.07593
5130001 4.06398
5140001 3.99507
5150001 3.99242
5160001 4.07233
5170001 4.02707
5180001 4.04261
5190001 4.01874
5200001 4.00299
5210001 4.10483
5220001 4.0061
5230001 4.01011
5240001 4.04407
5250001 4.06855
5260001 4.06218
5270001 4.06449
5280001 4.03859
5290001 4.03333
5300001 4.03596
5310001 4.00826
5320001 4.07366
5330001 4.01784
5340001 4.06387
5350001 4.04175
5360001 4.04816
5370001 4.05829
5380001 4.03823
5390001 4.0073
5400001 4.05358
5410001 4.06583
5420001 4.03181
5430001 4.01247
5440001 4.05513
5450001 4.0393
5460001 4.02177
5470001 4.12573
5480001 4.12413
5490001 4.04229
5500001 4.02277
5510001 4.02866
5520001 4.03733
5530001 3.97265
5540001 3.96057
5550001 3.97592
5560001 4.02837
5570001 4.04221
5580001 3.99782
5590001 4.01289
5600001 3.98558
5610001 3.97097
5620001 3.99635
5630001 3.98461
5640001 3.98333
5650001 4.0008
5660001 3.98006
5670001 3.99299
5680001 4.01311
5690001 3.98488
5700001 3.95141
5710001 3.96529
5720001 3.98875
5730001 3.99021
5740001 3.94897
5750001 3.9614
5760001 3.99368
5770001 3.96626
5780001 3.98574
5790001 3.99299
5800001 3.95352
5810001 4.00206
5820001 3.99361
5830001 4.01076
5840001 4.0144
5850001 3.98373
5860001 3.99683
5870001 3.97313
5880001 3.96746
5890001 3.97969
5900001 3.97453
5910001 3.99661
5920001 4.04046
5930001 3.97592
5940001 4.00004
5950001 3.97699
5960001 3.97118
5970001 4.01655
5980001 4.00247
5990001 3.95672
6000001 3.98337
6010001 3.99232
6020001 3.96658
6030001 3.9727
6040001 3.95582
6050001 4.00433
6060001 3.96161
6070001 4.00132
6080001 3.99439
6090001 4.0127
6100001 3.98861
6110001 3.95857
6120001 4.04973
6130001 3.99036
6140001 4.0001
6150001 3.99572
6160001 4.00104
6170001 4.01129
6180001 3.99442
6190001 3.96766
6200001 3.97229
6210001 3.98151
6220001 3.98186
6230001 3.99844
6240001 3.99654
6250001 3.96761
6260001 4.01787
6270001 3.98196
6280001 4.01972
6290001 4.00364
6300001 3.95388
6310001 3.97469
6320001 3.95233
6330001 3.9775
6340001 3.97432
6350001 3.96741
6360001 3.93823
6370001 3.92477
6380001 3.98259
6390001 4.00508
6400001 3.96962
6410001 3.99988
6420001 3.94911
6430001 3.96888
6440001 3.94671
6450001 3.93412
6460001 3.94583
6470001 3.97588
6480001 3.94225
6490001 3.94256
6500001 3.93231
6510001 3.89195
6520001 3.93567
6530001 4.01813
6540001 3.93836
6550001 3.9719
6560001 4.00085
6570001 4.00554
6580001 3.98348
6590001 4.01535
6600001 3.97127
6610001 3.94773
6620001 3.94061
6630001 3.96382
6640001 3.97468
6650001 3.93853
6660001 3.98675
6670001 3.93321
6680001 3.93701
6690001 3.9816
6700001 3.95008
6710001 3.90719
6720001 3.98151
6730001 3.94808
6740001 3.9511
6750001 3.94102
6760001 3.93331
6770001 3.95093
6780001 3.94485
6790001 3.92525
6800001 3.9106
6810001 3.9499
6820001 3.95526
6830001 3.9911
6840001 3.96062
6850001 3.94583
6860001 3.94829
6870001 3.96827
6880001 3.93027
6890001 3.94848
6900001 3.92544
6910001 3.93156
6920001 3.93687
6930001 3.90971
6940001 3.90499
6950001 3.92259
6960001 3.93624
6970001 3.96884
6980001 3.92823
6990001 3.89693
7000001 3.89026
7010001 3.94437
7020001 3.91154
7030001 3.95473
7040001 3.95464
7050001 3.89861
7060001 3.89644
7070001 3.9301
7080001 3.914
7090001 3.92346
7100001 3.95921
7110001 3.95183
7120001 3.91916
7130001 3.93181
7140001 3.88369
7150001 3.92304
7160001 3.91841
7170001 3.90398
7180001 3.89678
7190001 3.9224
7200001 3.97361
7210001 3.96357
7220001 3.96226
7230001 3.90594
7240001 3.91929
7250001 3.91878
7260001 3.95777
7270001 3.92013
7280001 3.90426
7290001 3.8883
7300001 3.8924
7310001 3.86804
7320001 3.92659
7330001 3.90237
7340001 3.87291
7350001 3.89293
7360001 3.90042
7370001 3.89131
7380001 3.88241
7390001 3.90492
7400001 3.91933
7410001 3.87507
7420001 3.93288
7430001 3.87156
7440001 3.89048
7450001 3.8897
7460001 3.91292
7470001 3.88814
7480001 3.94004
7490001 3.9328
7500001 3.95278
7510001 3.90846
7520001 3.91636
7530001 3.88285
7540001 3.89067
7550001 3.90149
7560001 3.90595
7570001 3.91397
7580001 3.90433
7590001 3.89946
7600001 3.90164
7610001 3.8881
7620001 3.92204
7630001 3.90514
7640001 3.89087
7650001 3.8492
7660001 3.87277
7670001 3.93415
7680001 3.93561
7690001 3.92338
7700001 3.93519
7710001 3.92507
7720001 3.95316
7730001 3.90397
7740001 3.94079
7750001 3.90098
7760001 3.90054
7770001 3.88394
7780001 3.88089
7790001 3.87861
7800001 3.89404
7810001 3.8946
7820001 3.84524
7830001 3.86188
7840001 3.85132
7850001 3.86194
7860001 3.86428
7870001 3.85735
7880001 3.90434
7890001 3.86374
7900001 3.87039
7910001 3.85004
7920001 3.85609
7930001 3.87296
7940001 3.8545
7950001 3.92944
7960001 3.89992
7970001 3.92222
7980001 3.89403
7990001 3.87896
8000001 3.91584
8010001 3.9195
8020001 3.9198
8030001 3.90085
8040001 3.94885
8050001 3.90485
8060001 3.9285
8070001 3.90024
8080001 3.89849
8090001 3.92741
8100001 3.89633
8110001 3.89789
8120001 3.88022
8130001 3.85851
8140001 3.88118
8150001 3.86785
8160001 3.86297
8170001 3.83061
8180001 3.86999
8190001 3.80258
8200001 3.87229
8210001 3.86465
8220001 3.87375
8230001 3.81665
8240001 3.88847
8250001 3.87814
8260001 3.89269
8270001 3.88459
8280001 3.87729
8290001 3.87894
8300001 3.91022
8310001 3.89475
8320001 3.89153
8330001 3.91271
8340001 3.87374
8350001 3.87923
8360001 3.84174
8370001 3.84458
8380001 3.88341
8390001 3.88876
8400001 3.86668
8410001 3.85351
8420001 3.85946
8430001 3.8385
8440001 3.8065
8450001 3.86202
8460001 3.90147
8470001 3.83999
8480001 3.86787
8490001 3.86012
8500001 3.86502
8510001 3.88366
8520001 3.82209
8530001 3.86056
8540001 3.89751
8550001 3.81154
8560001 3.8199
8570001 3.83054
8580001 3.85699
8590001 3.86109
8600001 3.91907
8610001 3.86928
8620001 3.86277
8630001 3.86582
8640001 3.83649
8650001 3.84576
8660001 3.82499
8670001 3.81144
8680001 3.82062
8690001 3.84291
8700001 3.82401
8710001 3.82578
8720001 3.85671
8730001 3.90433
8740001 3.90869
8750001 3.88163
8760001 3.83847
8770001 3.79296
8780001 3.84322
8790001 3.82124
8800001 3.85905
8810001 3.81605
8820001 3.87807
8830001 3.85804
8840001 3.85604
8850001 3.85423
8860001 3.87489
8870001 3.80072
8880001 3.82299
8890001 3.80699
8900001 3.86393
8910001 3.88114
8920001 3.83836
8930001 3.81857
8940001 3.83494
8950001 3.89641
8960001 3.92924
8970001 3.86826
8980001 3.87696
8990001 3.87917
9000001 3.88503
9010001 3.85278
9020001 3.90659
9030001 3.84932
9040001 3.86063
9050001 3.8651
9060001 3.86434
9070001 3.84394
9080001 3.85964
9090001 3.81092
9100001 3.78019
9110001 3.83153
9120001 3.79104
9130001 3.82966
9140001 3.81966
9150001 3.8159
9160001 3.79274
9170001 3.81646
9180001 3.78745
9190001 3.816
9200001 3.76063
9210001 3.80315
9220001 3.83641
9230001 3.86454
9240001 3.86439
9250001 3.8317
9260001 3.84735
9270001 3.84835
9280001 3.82159
9290001 3.80199
9300001 3.78463
9310001 3.82564
9320001 3.81212
9330001 3.8293
9340001 3.87631
9350001 3.81132
9360001 3.76807
9370001 3.83885
9380001 3.8299
9390001 3.84819
9400001 3.82668
9410001 3.87599
9420001 3.86667
9430001 3.82674
9440001 3.83297
9450001 3.82999
9460001 3.81885
9470001 3.82955
9480001 3.84449
9490001 3.80162
9500001 3.78931
9510001 3.83894
9520001 3.84294
9530001 3.87122
9540001 3.81779
9550001 3.83906
9560001 3.8068
9570001 3.82645
9580001 3.87775
9590001 3.88845
9600001 3.92316
9610001 3.84932
9620001 3.87334
9630001 3.84249
9640001 3.87878
9650001 3.87642
9660001 3.81753
9670001 3.86092
9680001 3.84152
9690001 3.81842
9700001 3.79534
9710001 3.80953
9720001 3.82013
9730001 3.81204
9740001 3.84185
9750001 3.84675
9760001 3.83349
9770001 3.84902
9780001 3.83283
9790001 3.82339
9800001 3.84193
9810001 3.75203
9820001 3.80351
9830001 3.80141
9840001 3.79956
9850001 3.79381
9860001 3.79406
9870001 3.79207
9880001 3.84657
9890001 3.79335
9900001 3.85973
9910001 3.83411
9920001 3.83668
9930001 3.84385
9940001 3.85263
9950001 3.83597
9960001 3.79901
9970001 3.77811
9980001 3.8119
9990001 3.81038
10000001 3.79501
10010001 3.79305
10020001 3.78671
10030001 3.81766
10040001 3.82443
10050001 3.80955
10060001 3.83434
10070001 3.77729
10080001 3.80953
10090001 3.77625
10100001 3.80427
10110001 3.78598
10120001 3.78823
10130001 3.79551
10140001 3.84973
10150001 3.81166
10160001 3.83716
10170001 3.8616
10180001 3.84846
10190001 3.83712
10200001 3.787
10210001 3.80332
10220001 3.82345
10230001 3.78628
10240001 3.80831
10250001 3.8345
10260001 3.79501
10270001 3.75615
10280001 3.77955
10290001 3.773
10300001 3.79128
10310001 3.78532
10320001 3.80985
10330001 3.75989
10340001 3.76844
10350001 3.78812
10360001 3.78216
10370001 3.84054
10380001 3.82088
10390001 3.80301
10400001 3.77035
10410001 3.79042
10420001 3.78238
10430001 3.7681
10440001 3.76308
10450001 3.76212
10460001 3.81647
10470001 3.80001
10480001 3.86504
10490001 3.82782
10500001 3.82447
10510001 3.82258
10520001 3.78935
10530001 3.80949
10540001 3.79007
10550001 3.75725
10560001 3.79273
10570001 3.75366
10580001 3.76941
10590001 3.78031
10600001 3.78269
10610001 3.82072
10620001 3.8343
10630001 3.84424
10640001 3.84012
10650001 3.80547
10660001 3.79362
10670001 3.80431
10680001 3.83733
10690001 3.828
10700001 3.83242
10710001 3.76687
10720001 3.7437
10730001 3.79344
10740001 3.81972
10750001 3.77949
10760001 3.7502
10770001 3.75088
10780001 3.76437
10790001 3.76663
10800001 3.81304
10810001 3.79589
10820001 3.80772
10830001 3.81763
10840001 3.79209
10850001 3.75697
10860001 3.83479
10870001 3.81529
10880001 3.74942
10890001 3.7347
10900001 3.78758
10910001 3.83115
10920001 3.78841
10930001 3.80268
10940001 3.77279
10950001 3.77413
10960001 3.76321
10970001 3.79346
10980001 3.77365
10990001 3.78395
11000001 3.77077
11010001 3.78843
11020001 3.82888
11030001 3.80519
11040001 3.78422
11050001 3.75315
11060001 3.75186
11070001 3.74575
11080001 3.74532
11090001 3.74494
11100001 3.83536
11110001 3.79874
11120001 3.75981
11130001 3.76483
11140001 3.76426
11150001 3.81179
11160001 3.81551
11170001 3.73225
11180001 3.78623
11190001 3.76354
11200001 3.74842
11210001 3.77041
11220001 3.7737
11230001 3.77449
11240001 3.71224
11250001 3.73823
11260001 3.74061
11270001 3.76359
11280001 3.8
11290001 3.79563
11300001 3.79811
11310001 3.84759
11320001 3.7977
11330001 3.79066
11340001 3.78442
11350001 3.79433
11360001 3.80903
11370001 3.76839
11380001 3.84442
11390001 3.8093
11400001 3.77308
11410001 3.764
11420001 3.81587
11430001 3.83572
11440001 3.80231
11450001 3.81627
11460001 3.77064
11470001 3.72762
11480001 3.75602
11490001 3.73691
11500001 3.80791
11510001 3.76643
11520001 3.79365
11530001 3.77168
11540001 3.74494
11550001 3.76875
11560001 3.78224
11570001 3.80925
11580001 3.82007
11590001 3.80952
11600001 3.79457
11610001 3.82267
11620001 3.85459
11630001 3.85457
11640001 3.8462
11650001 3.79063
11660001 3.76807
11670001 3.84361
11680001 3.79938
11690001 3.82811
11700001 3.84037
11710001 3.7539
11720001 3.7904
11730001 3.78322
11740001 3.84838
11750001 3.79328
11760001 3.7523
11770001 3.76129
11780001 3.78631
11790001 3.75822
11800001 3.74048
11810001 3.70231
11820001 3.70257
11830001 3.73277
11840001 3.74428
11850001 3.74185
11860001 3.74953
11870001 3.78189
11880001 3.76066
11890001 3.7793
11900001 3.7944
11910001 3.78575
11920001 3.79001
11930001 3.79141
11940001 3.77439
11950001 3.75468
11960001 3.73255
11970001 3.70992
11980001 3.718
11990001 3.7838
12000001 3.77736
12010001 3.8059
12020001 3.79864
12030001 3.77567
12040001 3.78796
12050001 3.73143
12060001 3.74889
12070001 3.78841
12080001 3.71565
12090001 3.76033
12100001 3.77353
12110001 3.82017
12120001 3.70658
12130001 3.72071
12140001 3.78327
12150001 3.77934
12160001 3.76723
12170001 3.76619
12180001 3.77243
12190001 3.75236
12200001 3.73651
12210001 3.73932
12220001 3.75669
12230001 3.77115
12240001 3.73798
12250001 3.78122
12260001 3.77365
12270001 3.80279
12280001 3.76008
12290001 3.69843
12300001 3.71831
12310001 3.72535
12320001 3.73822
12330001 3.73856
12340001 3.71538
12350001 3.74812
12360001 3.76355
12370001 3.77327
12380001 3.75922
12390001 3.76276
12400001 3.80156
12410001 3.75239
12420001 3.74609
12430001 3.76784
12440001 3.73362
12450001 3.78546
12460001 3.83414
12470001 3.75979
12480001 3.7685
12490001 3.74207
12500001 3.78238
12510001 3.7565
12520001 3.74064
12530001 3.77694
12540001 3.74194
12550001 3.74952
12560001 3.77073
12570001 3.76392
12580001 3.75636
12590001 3.78376
12600001 3.77491
12610001 3.79043
12620001 3.76333
12630001 3.76052
12640001 3.80374
12650001 3.78161
12660001 3.75142
12670001 3.74437
12680001 3.71225
12690001 3.72751
12700001 3.69852
12710001 3.77774
12720001 3.7244
12730001 3.7431
12740001 3.78731
12750001 3.76901
12760001 3.77168
12770001 3.79943
12780001 3.75743
12790001 3.76203
12800001 3.72396
12810001 3.74842
12820001 3.74146
12830001 3.71521
12840001 3.69705
12850001 3.72138
12860001 3.7606
12870001 3.76751
12880001 3.78731
12890001 3.74914
12900001 3.72818
12910001 3.70658
12920001 3.73111
12930001 3.7356
12940001 3.74912
12950001 3.74969
12960001 3.75687
12970001 3.73138
12980001 3.76724
12990001 3.70652
13000001 3.74414
13010001 3.73237
13020001 3.73858
13030001 3.73351
13040001 3.71896
13050001 3.76198
13060001 3.76089
13070001 3.74615
13080001 3.74588
13090001 3.73769
13100001 3.75803
13110001 3.74228
13120001 3.7423
13130001 3.70651
13140001 3.70518
13150001 3.7182
13160001 3.76291
13170001 3.76785
13180001 3.71206
13190001 3.78185
13200001 3.76358
13210001 3.76694
13220001 3.73833
13230001 3.71503
13240001 3.77699
13250001 3.768
13260001 3.75501
13270001 3.71321
13280001 3.72245
13290001 3.74172
13300001 3.72167
13310001 3.78008
13320001 3.73712
13330001 3.78105
13340001 3.77966
13350001 3.78179
13360001 3.76855
13370001 3.75739
13380001 3.76978
13390001 3.78737
13400001 3.7504
13410001 3.69739
13420001 3.65809
13430001 3.71717
13440001 3.72235
13450001 3.74102
13460001 3.69847
13470001 3.71611
13480001 3.73921
13490001 3.69597
13500001 3.71857
13510001 3.7179
13520001 3.74002
13530001 3.7499
13540001 3.80321
13550001 3.78425
13560001 3.73211
13570001 3.73102
13580001 3.73001
13590001 3.80049
13600001 3.77657
13610001 3.74052
13620001 3.70605
13630001 3.73079
13640001 3.73833
13650001 3.7906
13660001 3.73005
13670001 3.78765
13680001 3.759
13690001 3.70511
13700001 3.71672
13710001 3.72445
13720001 3.73237
13730001 3.79072
13740001 3.75848
13750001 3.76578
13760001 3.79081
13770001 3.74935
13780001 3.74381
13790001 3.75535
13800001 3.73548
13810001 3.76615
13820001 3.77061
13830001 3.78204
13840001 3.74348
13850001 3.78087
13860001 3.72529
13870001 3.75714
13880001 3.7034
13890001 3.74525
13900001 3.73676
13910001 3.75884
13920001 3.72558
13930001 3.80103
13940001 3.7821
13950001 3.7624
13960001 3.74953
13970001 3.71751
13980001 3.69188
13990001 3.71253
14000001 3.71797
14010001 3.73574
14020001 3.73331
14030001 3.7381
14040001 3.73955
14050001 3.73813
14060001 3.75024
14070001 3.72407
14080001 3.73063
14090001 3.71329
14100001 3.70674
14110001 3.7191
14120001 3.70295
14130001 3.72664
14140001 3.70514
14150001 3.75254
14160001 3.72407
14170001 3.712
14180001 3.68837
14190001 3.65331
14200001 3.70301
14210001 3.69475
14220001 3.68194
14230001 3.72926
14240001 3.72318
14250001 3.7096
14260001 3.70773
14270001 3.70955
14280001 3.6981
14290001 3.73343
14300001 3.69966
14310001 3.69977
14320001 3.71875
14330001 3.73006
14340001 3.73843
14350001 3.72966
14360001 3.7045
14370001 3.71598
14380001 3.71115
14390001 3.69571
14400001 3.70474
14410001 3.73473
14420001 3.70258
14430001 3.72196
14440001 3.7076
14450001 3.72213
14460001 3.72296
14470001 3.72277
14480001 3.69803
14490001 3.75278
14500001 3.72428
14510001 3.70861
14520001 3.74298
14530001 3.69409
14540001 3.73034
14550001 3.71168
14560001 3.74162
14570001 3.70077
14580001 3.73312
14590001 3.7044
14600001 3.67901
14610001 3.69553
14620001 3.70308
14630001 3.74129
14640001 3.73869
14650001 3.67977
14660001 3.69958
14670001 3.66187
14680001 3.6521
14690001 3.67993
14700001 3.76509
14710001 3.71431
14720001 3.72996
14730001 3.74992
14740001 3.69405
14750001 3.71434
14760001 3.68037
14770001 3.67584
14780001 3.69246
14790001 3.69703
14800001 3.70108
14810001 3.71872
14820001 3.6487
14830001 3.70479
14840001 3.72861
14850001 3.73111
14860001 3.6893
14870001 3.78664
14880001 3.74447
14890001 3.68836
14900001 3.68711
14910001 3.67062
14920001 3.69248
14930001 3.67724
14940001 3.71278
14950001 3.75571
14960001 3.76678
14970001 3.73916
14980001 3.71305
14990001 3.71792
15000001 3.72943
15010001 3.72102
15020001 3.7366
15030001 3.69657
15040001 3.68843
15050001 3.73318
15060001 3.66812
15070001 3.67336
15080001 3.70378
15090001 3.71127
15100001 3.6619
15110001 3.68073
15120001 3.71964
15130001 3.68575
15140001 3.67051
15150001 3.70991
15160001 3.70366
15170001 3.73197
15180001 3.73255
15190001 3.68747
15200001 3.68102
15210001 3.67724
15220001 3.66145
15230001 3.64685
15240001 3.73238
15250001 3.71039
15260001 3.67967
15270001 3.70983
15280001 3.68416
15290001 3.68624
15300001 3.69408
15310001 3.6986
15320001 3.68678
15330001 3.65511
15340001 3.67984
15350001 3.69982
15360001 3.69386
15370001 3.67792
15380001 3.704
15390001 3.65945
15400001 3.68524
15410001 3.67254
15420001 3.66315
15430001 3.69982
15440001 3.69028
15450001 3.66959
15460001 3.65211
15470001 3.64704
15480001 3.72745
15490001 3.71751
15500001 3.71021
15510001 3.64152
15520001 3.67996
15530001 3.68035
15540001 3.72966
15550001 3.72921
15560001 3.73049
15570001 3.73588
15580001 3.74688
15590001 3.66377
15600001 3.67632
15610001 3.70416
15620001 3.69183
15630001 3.72026
15640001 3.70925
15650001 3.75289
15660001 3.74981
15670001 3.707
15680001 3.6626
15690001 3.6799
15700001 3.66685
15710001 3.69699
15720001 3.72023
15730001 3.69002
15740001 3.66413
15750001 3.69923
15760001 3.68308
15770001 3.7111
15780001 3.70516
15790001 3.68684
15800001 3.74698
15810001 3.71464
15820001 3.69854
15830001 3.66774
15840001 3.67339
15850001 3.72929
15860001 3.71562
15870001 3.69907
15880001 3.68904
15890001 3.7267
15900001 3.68315
15910001 3.7005
15920001 3.71823
15930001 3.69999
15940001 3.72127
15950001 3.70676
15960001 3.74028
15970001 3.73275
15980001 3.67697
15990001 3.67583
16000001 3.67667
16010001 3.64661
16020001 3.70176
16030001 3.67777
16040001 3.76153
16050001 3.6971
16060001 3.71314
16070001 3.74157
16080001 3.72808
16090001 3.76267
16100001 3.72555
16110001 3.71256
16120001 3.71007
16130001 3.67166
16140001 3.69421
16150001 3.69206
16160001 3.70275
16170001 3.73871
16180001 3.73103
16190001 3.71673
16200001 3.7306
16210001 3.72141
16220001 3.6793
16230001 3.71053
16240001 3.67879
16250001 3.65362
16260001 3.69737
16270001 3.69961
16280001 3.65306
16290001 3.67013
16300001 3.69131
16310001 3.6811
16320001 3.71649
16330001 3.69985
16340001 3.72612
16350001 3.74503
16360001 3.69153
16370001 3.73908
16380001 3.77914
16390001 3.76038
16400001 3.68519
16410001 3.65892
16420001 3.67243
16430001 3.69395
16440001 3.69245
16450001 3.66771
16460001 3.67487
16470001 3.66373
16480001 3.71608
16490001 3.72845
16500001 3.71328
16510001 3.64885
16520001 3.69963
16530001 3.68003
16540001 3.6405
16550001 3.67786
16560001 3.70106
16570001 3.65684
16580001 3.66094
16590001 3.6968
16600001 3.70961
16610001 3.68142
16620001 3.62736
16630001 3.69739
16640001 3.68174
16650001 3.68585
16660001 3.6842
16670001 3.71676
16680001 3.67904
16690001 3.69296
16700001 3.67299
16710001 3.66424
16720001 3.67023
16730001 3.71843
16740001 3.66558
16750001 3.69151
16760001 3.65426
16770001 3.67493
16780001 3.69392
16790001 3.67205
16800001 3.64744
16810001 3.67623
16820001 3.67917
16830001 3.65293
16840001 3.6674
16850001 3.70101
16860001 3.66634
16870001 3.73363
16880001 3.6849
16890001 3.66406
16900001 3.6712
16910001 3.68156
16920001 3.70038
16930001 3.67222
16940001 3.65944
16950001 3.66532
16960001 3.68977
16970001 3.67957
16980001 3.71472
16990001 3.71526
17000001 3.6713
17010001 3.67927
17020001 3.67585
17030001 3.68574
17040001 3.69372
17050001 3.68442
17060001 3.63721
17070001 3.6639
17080001 3.70155
17090001 3.65156
17100001 3.72038
17110001 3.66269
17120001 3.6724
17130001 3.68626
17140001 3.66975
17150001 3.67542
17160001 3.69315
17170001 3.67071
17180001 3.68811
17190001 3.69736
17200001 3.67244
17210001 3.69815
17220001 3.67586
17230001 3.66302
17240001 3.64869
17250001 3.67796
17260001 3.69613
17270001 3.66744
17280001 3.70551
17290001 3.68422
17300001 3.65352
17310001 3.65073
17320001 3.66905
17330001 3.66987
17340001 3.68445
17350001 3.64408
17360001 3.67212
17370001 3.64883
17380001 3.67299
17390001 3.74125
17400001 3.68928
17410001 3.70049
17420001 3.6753
17430001 3.68929
17440001 3.67878
17450001 3.70759
17460001 3.70116
17470001 3.69867
17480001 3.64752
17490001 3.6189
17500001 3.69431
17510001 3.65977
17520001 3.6832
17530001 3.64868
17540001 3.65918
17550001 3.67197
17560001 3.67328
17570001 3.67255
17580001 3.68359
17590001 3.70749
17600001 3.6709
17610001 3.67378
17620001 3.71341
17630001 3.69933
17640001 3.71354
17650001 3.70637
17660001 3.71089
17670001 3.66813
17680001 3.66783
17690001 3.6736
17700001 3.71669
17710001 3.65466
17720001 3.69401
17730001 3.67139
17740001 3.71127
17750001 3.67554
17760001 3.68052
17770001 3.7148
17780001 3.75835
17790001 3.69105
17800001 3.66075
17810001 3.68632
17820001 3.70828
17830001 3.72501
17840001 3.69832
17850001 3.63174
17860001 3.67552
17870001 3.61204
17880001 3.69538
17890001 3.66712
17900001 3.66875
17910001 3.67837
17920001 3.66083
17930001 3.70689
17940001 3.69461
17950001 3.68036
17960001 3.65026
17970001 3.62126
17980001 3.66548
17990001 3.64444
18000001 3.63848
18010001 3.69713
18020001 3.65284
18030001 3.67359
18040001 3.69511
18050001 3.69652
18060001 3.64234
18070001 3.64546
18080001 3.63634
18090001 3.67314
18100001 3.65961
18110001 3.61856
18120001 3.65232
18130001 3.67664
18140001 3.65238
18150001 3.68543
18160001 3.66567
18170001 3.65678
18180001 3.65365
18190001 3.67406
18200001 3.65984
18210001 3.68623
18220001 3.64641
18230001 3.6555
18240001 3.6798
18250001 3.64813
18260001 3.699
18270001 3.68624
18280001 3.70871
18290001 3.70151
18300001 3.69165
18310001 3.70184
18320001 3.67551
18330001 3.65642
18340001 3.65696
18350001 3.62367
18360001 3.67748
18370001 3.70026
18380001 3.70034
18390001 3.68704
18400001 3.70895
18410001 3.70766
18420001 3.69808
18430001 3.67945
18440001 3.68932
18450001 3.68552
18460001 3.65154
18470001 3.66661
18480001 3.63724
18490001 3.67316
18500001 3.6724
18510001 3.70302
18520001 3.66892
18530001 3.70839
18540001 3.75363
18550001 3.69313
18560001 3.66054
18570001 3.64698
18580001 3.62668
18590001 3.63154
18600001 3.65947
18610001 3.63299
18620001 3.67368
18630001 3.66785
18640001 3.65808
18650001 3.65843
18660001 3.66813
18670001 3.66427
18680001 3.68834
18690001 3.70602
18700001 3.65192
18710001 3.67642
18720001 3.6351
18730001 3.6653
18740001 3.64337
18750001 3.63054
18760001 3.64281
18770001 3.6893
18780001 3.6981
18790001 3.68524
18800001 3.62915
18810001 3.64874
18820001 3.66919
18830001 3.61104
18840001 3.65799
18850001 3.67311
18860001 3.69718
18870001 3.68547
18880001 3.67217
18890001 3.68967
18900001 3.68968
18910001 3.66933
18920001 3.72376
18930001 3.72387
18940001 3.71375
18950001 3.67028
18960001 3.65883
18970001 3.65369
18980001 3.6644
18990001 3.66369
19000001 3.66146
19010001 3.66432
19020001 3.64993
19030001 3.7185
19040001 3.65383
19050001 3.71799
19060001 3.68935
19070001 3.72195
19080001 3.66973
19090001 3.70006
19100001 3.71746
19110001 3.68412
19120001 3.64977
19130001 3.61158
19140001 3.64686
19150001 3.64775
19160001 3.68399
19170001 3.73259
19180001 3.71421
19190001 3.69512
19200001 3.6626
19210001 3.64831
19220001 3.69193
19230001 3.70601
19240001 3.66376
19250001 3.6839
19260001 3.68874
19270001 3.66117
19280001 3.70551
19290001 3.68161
19300001 3.61555
19310001 3.65392
19320001 3.65321
19330001 3.62505
19340001 3.62785
19350001 3.64181
19360001 3.65309
19370001 3.6218
19380001 3.62788
19390001 3.68765
19400001 3.67758
19410001 3.65531
19420001 3.6545
19430001 3.64575
19440001 3.62698
19450001 3.68699
19460001 3.62757
19470001 3.65344
19480001 3.64536
19490001 3.69595
19500001 3.63938
19510001 3.65171
19520001 3.61265
19530001 3.63586
19540001 3.66136
19550001 3.68287
19560001 3.68998
19570001 3.63384
19580001 3.66375
19590001 3.66568
19600001 3.70015
19610001 3.65824
19620001 3.65665
19630001 3.62494
19640001 3.67241
19650001 3.6423
19660001 3.63885
19670001 3.67309
19680001 3.6478
19690001 3.64983
19700001 3.66331
19710001 3.67123
19720001 3.6727
19730001 3.6713
19740001 3.71942
19750001 3.69132
19760001 3.63963
19770001 3.65306
19780001 3.65521
19790001 3.63978
19800001 3.60674
19810001 3.62007
19820001 3.62472
19830001 3.60172
19840001 3.6303
19850001 3.61112
19860001 3.6627
19870001 3.64265
19880001 3.65485
19890001 3.65671
19900001 3.65118
19910001 3.63931
19920001 3.64404
19930001 3.62682
19940001 3.69008
19950001 3.73366
19960001 3.68357
19970001 3.62783
19980001 3.67018
19990001 3.66386
20000001 3.64053
20010001 3.67857
20020001 3.68026
20030001 3.6107
20040001 3.61155
20050001 3.60849
20060001 3.62359
20070001 3.62538
20080001 3.6257
20090001 3.61969
20100001 3.63899
20110001 3.64192
20120001 3.64352
20130001 3.62517
20140001 3.62202
20150001 3.63746
20160001 3.62618
20170001 3.68279
20180001 3.65434
20190001 3.65692
20200001 3.63959
20210001 3.61483
20220001 3.64424
20230001 3.71247
20240001 3.68628
20250001 3.645
20260001 3.63361
20270001 3.67598
20280001 3.69265
20290001 3.6668
20300001 3.64714
20310001 3.63626
20320001 3.64585
20330001 3.67786
20340001 3.62441
20350001 3.70223
20360001 3.69205
20370001 3.67523
20380001 3.65407
20390001 3.6895
20400001 3.71738
20410001 3.68212
20420001 3.68649
20430001 3.67949
20440001 3.7161
20450001 3.64522
20460001 3.66247
20470001 3.68975
20480001 3.62851
20490001 3.61341
20500001 3.68459
20510001 3.67265
20520001 3.67492
20530001 3.6811
20540001 3.67383
20550001 3.69501
20560001 3.65783
20570001 3.62596
20580001 3.64662
20590001 3.62261
20600001 3.62331
20610001 3.62521
20620001 3.63523
20630001 3.61466
20640001 3.61304
20650001 3.66428
20660001 3.65869
20670001 3.67922
20680001 3.66394
20690001 3.62625
20700001 3.62091
20710001 3.62961
20720001 3.60481
20730001 3.68971
20740001 3.65787
20750001 3.69097
20760001 3.63475
20770001 3.64394
20780001 3.66312
20790001 3.64219
20800001 3.66156
20810001 3.66158
20820001 3.63139
20830001 3.63838
20840001 3.63636
20850001 3.6193
20860001 3.59253
20870001 3.64453
20880001 3.65162
20890001 3.60066
20900001 3.60881
20910001 3.63456
20920001 3.6239
20930001 3.66392
20940001 3.65878
20950001 3.66915
20960001 3.71664
20970001 3.68485
20980001 3.60809
20990001 3.66507
21000001 3.63565
21010001 3.60729
21020001 3.6167
21030001 3.61092
21040001 3.62916
21050001 3.65092
21060001 3.6411
21070001 3.6435
21080001 3.58953
21090001 3.63793
21100001 3.64328
21110001 3.65152
21120001 3.63359
21130001 3.67017
21140001 3.66382
21150001 3.65297
21160001 3.66843
21170001 3.66438
21180001 3.64133
21190001 3.62412
21200001 3.65451
21210001 3.66643
21220001 3.62448
21230001 3.61937
21240001 3.6139
21250001 3.61523
21260001 3.6088
21270001 3.59734
21280001 3.63047
21290001 3.62388
21300001 3.60701
21310001 3.60428
21320001 3.66876
21330001 3.62757
21340001 3.68499
21350001 3.62579
21360001 3.63013
21370001 3.6584
21380001 3.67782
21390001 3.66495
21400001 3.67764
21410001 3.66041
21420001 3.68689
21430001 3.67556
21440001 3.65911
21450001 3.62761
21460001 3.64507
21470001 3.64348
21480001 3.61716
21490001 3.62444
21500001 3.61531
21510001 3.60752
21520001 3.59194
21530001 3.60013
21540001 3.6346
21550001 3.63549
21560001 3.62572
21570001 3.60098
21580001 3.6073
21590001 3.57702
21600001 3.55787
21610001 3.59932
21620001 3.57524
21630001 3.63897
21640001 3.67463
21650001 3.68599
21660001 3.65326
21670001 3.63161
21680001 3.65112
21690001 3.63369
21700001 3.60836
21710001 3.6403
21720001 3.60162
21730001 3.61566
21740001 3.62945
21750001 3.63765
21760001 3.64883
21770001 3.61017
21780001 3.62517
21790001 3.66095
21800001 3.60825
21810001 3.61874
21820001 3.5952
21830001 3.58847
21840001 3.57555
21850001 3.58383
21860001 3.60592
21870001 3.6522
21880001 3.62226
21890001 3.69122
21900001 3.66648
21910001 3.64465
21920001 3.64684
21930001 3.65373
21940001 3.64398
21950001 3.62532
21960001 3.6338
21970001 3.64603
21980001 3.66064
21990001 3.55992
22000001 3.63985
22010001 3.66813
22020001 3.70105
22030001 3.67255
22040001 3.63577
22050001 3.61443
22060001 3.63531
22070001 3.635
22080001 3.68203
22090001 3.64435
22100001 3.64315
22110001 3.64895
22120001 3.61891
22130001 3.63839
22140001 3.63442
22150001 3.6769
22160001 3.62993
22170001 3.62331
22180001 3.64309
22190001 3.63783
22200001 3.61645
22210001 3.60455
22220001 3.58807
22230001 3.6362
22240001 3.63
22250001 3.60596
22260001 3.63393
22270001 3.60154
22280001 3.65404
22290001 3.63662
22300001 3.67387
22310001 3.60753
22320001 3.59649
22330001 3.67248
22340001 3.62024
22350001 3.62249
22360001 3.60526
22370001 3.60399
22380001 3.62057
22390001 3.62911
22400001 3.6406
22410001 3.65338
22420001 3.67383
22430001 3.62273
22440001 3.59941
22450001 3.60142
22460001 3.65603
22470001 3.64227
22480001 3.62617
22490001 3.62325
22500001 3.59896
22510001 3.58425
22520001 3.56105
22530001 3.60367
22540001 3.56284
22550001 3.55936
22560001 3.59588
22570001 3.5971
22580001 3.57738
22590001 3.60226
22600001 3.61701
22610001 3.62144
22620001 3.6317
22630001 3.63415
22640001 3.61757
22650001 3.6063
22660001 3.6502
22670001 3.60564
22680001 3.62022
22690001 3.59678
22700001 3.57844
22710001 3.59814
22720001 3.58384
22730001 3.59388
22740001 3.61833
22750001 3.63125
22760001 3.59096
22770001 3.59666
22780001 3.6416
22790001 3.62929
22800001 3.6441
22810001 3.60687
22820001 3.61495
22830001 3.60544
22840001 3.62536
22850001 3.68251
22860001 3.67344
22870001 3.70348
22880001 3.64511
22890001 3.60296
22900001 3.62144
22910001 3.63058
22920001 3.61378
22930001 3.57768
22940001 3.58411
22950001 3.60328
22960001 3.57862
22970001 3.62481
22980001 3.62623
22990001 3.63017
23000001 3.67225
23010001 3.66054
23020001 3.60476
23030001 3.60053
23040001 3.60228
23050001 3.61882
23060001 3.63431
23070001 3.6265
23080001 3.62818
23090001 3.58494
23100001 3.64808
23110001 3.60519
23120001 3.59694
23130001 3.63234
23140001 3.61604
23150001 3.65464
23160001 3.64926
23170001 3.65769
23180001 3.6405
23190001 3.64799
23200001 3.65659
23210001 3.64041
23220001 3.65738
23230001 3.6364
23240001 3.63355
23250001 3.63325
23260001 3.65853
23270001 3.66403
23280001 3.66297
23290001 3.58398
23300001 3.63227
23310001 3.60193
23320001 3.63739
23330001 3.63133
23340001 3.6529
23350001 3.57997
23360001 3.63328
23370001 3.62992
23380001 3.65705
23390001 3.64133
23400001 3.64034
23410001 3.62686
23420001 3.64059
23430001 3.6136
23440001 3.59239
23450001 3.63689
23460001 3.60533
23470001 3.65343
23480001 3.65025
23490001 3.6435
23500001 3.60505
23510001 3.63418
23520001 3.61229
23530001 3.64964
23540001 3.60898
23550001 3.6635
23560001 3.67151
23570001 3.65807
23580001 3.60959
23590001 3.61349
23600001 3.66539
23610001 3.66485
23620001 3.66497
23630001 3.61766
23640001 3.63515
23650001 3.60339
23660001 3.60252
23670001 3.58504
23680001 3.58785
23690001 3.60988
23700001 3.62812
23710001 3.59147
23720001 3.58788
23730001 3.65694
23740001 3.59591
23750001 3.58842
23760001 3.59137
23770001 3.57301
23780001 3.5838
23790001 3.60188
23800001 3.62014
23810001 3.58005
23820001 3.58228
23830001 3.62574
23840001 3.59959
23850001 3.60402
23860001 3.60578
23870001 3.59837
23880001 3.5961
23890001 3.6316
23900001 3.62459
23910001 3.63757
23920001 3.61437
23930001 3.63161
23940001 3.61687
23950001 3.63032
23960001 3.65011
23970001 3.58913
23980001 3.64028
23990001 3.61953
24000001 3.61755
24010001 3.64136
24020001 3.59775
24030001 3.63703
24040001 3.59063
24050001 3.62123
24060001 3.64955
24070001 3.6349
24080001 3.66058
24090001 3.64254
24100001 3.6426
24110001 3.63897
24120001 3.64329
24130001 3.62492
24140001 3.65145
24150001 3.66338
24160001 3.67634
24170001 3.61359
24180001 3.61649
24190001 3.59853
24200001 3.63926
24210001 3.60331
24220001 3.61808
24230001 3.65804
24240001 3.64101
24250001 3.62391
24260001 3.62269
24270001 3.64807
24280001 3.62544
24290001 3.62215
24300001 3.64398
24310001 3.67161
24320001 3.58219
24330001 3.61938
24340001 3.60779
24350001 3.58626
24360001 3.59039
24370001 3.55887
24380001 3.62278
24390001 3.63115
24400001 3.64626
24410001 3.63059
24420001 3.60726
24430001 3.57018
24440001 3.60141
24450001 3.62271
24460001 3.6111
24470001 3.60198
24480001 3.56477
24490001 3.57905
24500001 3.65788
24510001 3.65792
24520001 3.6748
24530001 3.6293
24540001 3.64639
24550001 3.63738
24560001 3.63311
24570001 3.6163
24580001 3.62455
24590001 3.62395
24600001 3.62279
24610001 3.62969
24620001 3.6778
24630001 3.6162
24640001 3.61254
24650001 3.60429
24660001 3.63378
24670001 3.65221
24680001 3.62417
24690001 3.63956
24700001 3.59729
24710001 3.58988
24720001 3.59224
24730001 3.55524
24740001 3.61035
24750001 3.60225
24760001 3.60676
24770001 3.55463
24780001 3.57903
24790001 3.58159
24800001 3.60637
24810001 3.60748
24820001 3.60247
24830001 3.62114
24840001 3.56644
24850001 3.59671
24860001 3.63817
24870001 3.64074
24880001 3.61033
24890001 3.56116
24900001 3.5794
24910001 3.63401
24920001 3.62868
24930001 3.6332
24940001 3.61218
24950001 3.61439
24960001 3.62015
24970001 3.63049
24980001 3.58447
24990001 3.61893
25000001 3.57017
25010001 3.58601
25020001 3.58952
25030001 3.61503
25040001 3.57038
25050001 3.58303
25060001 3.64568
25070001 3.62555
25080001 3.65095
25090001 3.57841
25100001 3.63631
25110001 3.61155
25120001 3.60513
25130001 3.59083
25140001 3.59915
25150001 3.57222
25160001 3.57075
25170001 3.61319
25180001 3.6082
25190001 3.6089
25200001 3.61887
25210001 3.62559
25220001 3.66943
25230001 3.62306
25240001 3.65047
25250001 3.58946
25260001 3.59824
25270001 3.61541
25280001 3.57295
25290001 3.60288
25300001 3.60596
25310001 3.61755
25320001 3.61215
25330001 3.61187
25340001 3.59201
25350001 3.54679
25360001 3.58328
25370001 3.64129
25380001 3.61146
25390001 3.58655
25400001 3.58787
25410001 3.59014
25420001 3.588
25430001 3.56821
25440001 3.60342
25450001 3.62179
25460001 3.61099
25470001 3.61835
25480001 3.58822
25490001 3.60017
25500001 3.61711
25510001 3.53726
25520001 3.55235
25530001 3.6204
25540001 3.6238
25550001 3.62554
25560001 3.58838
25570001 3.60114
25580001 3.59475
25590001 3.57075
25600001 3.61287
25610001 3.63546
25620001 3.58767
25630001 3.57475
25640001 3.589
25650001 3.61772
25660001 3.63187
25670001 3.62679
25680001 3.6061
25690001 3.59518
25700001 3.61464
25710001 3.62155
25720001 3.6077
25730001 3.65741
25740001 3.62736
25750001 3.59372
25760001 3.62861
25770001 3.63308
25780001 3.64725
25790001 3.60827
25800001 3.59368
25810001 3.63659
25820001 3.59421
25830001 3.55108
25840001 3.59035
25850001 3.61364
25860001 3.62172
25870001 3.58549
25880001 3.58808
25890001 3.60902
25900001 3.61838
25910001 3.58738
25920001 3.56152
25930001 3.58817
25940001 3.60941
25950001 3.61078
25960001 3.57674
25970001 3.64084
25980001 3.60491
25990001 3.6047
26000001 3.56503
26010001 3.61569
26020001 3.59532
26030001 3.56841
26040001 3.54868
26050001 3.59473
26060001 3.65124
26070001 3.61387
26080001 3.61917
26090001 3.5539
26100001 3.61585
26110001 3.58147
26120001 3.61343
26130001 3.58978
26140001 3.59896
26150001 3.58286
26160001 3.58667
26170001 3.60383
26180001 3.59694
26190001 3.59073
26200001 3.55772
26210001 3.5913
26220001 3.5938
26230001 3.59328
26240001 3.56688
26250001 3.58527
26260001 3.60748
26270001 3.57094
26280001 3.59316
26290001 3.5918
26300001 3.60085
26310001 3.57888
26320001 3.59235
26330001 3.62836
26340001 3.61691
26350001 3.66644
26360001 3.64556
26370001 3.61872
26380001 3.63662
26390001 3.59982
26400001 3.59158
26410001 3.5794
26420001 3.61027
26430001 3.58368
26440001 3.59284
26450001 3.60034
26460001 3.57159
26470001 3.61199
26480001 3.60623
26490001 3.60863
26500001 3.55885
26510001 3.53865
26520001 3.54441
26530001 3.64767
26540001 3.63284
26550001 3.56292
26560001 3.5491
26570001 3.58733
26580001 3.57976
26590001 3.55819
26600001 3.58709
26610001 3.57777
26620001 3.58773
26630001 3.60909
26640001 3.58672
26650001 3.58048
26660001 3.62194
26670001 3.6913
26680001 3.6217
26690001 3.6316
26700001 3.60702
26710001 3.5821
26720001 3.60966
26730001 3.58746
26740001 3.60882
26750001 3.60205
26760001 3.59069
26770001 3.61347
26780001 3.60026
26790001 3.65184
26800001 3.65968
26810001 3.65959
26820001 3.62285
26830001 3.60306
26840001 3.5822
26850001 3.59549
26860001 3.59603
26870001 3.56586
26880001 3.6294
26890001 3.58959
26900001 3.5669
26910001 3.58618
26920001 3.59524
26930001 3.6398
26940001 3.5762
26950001 3.59217
26960001 3.58975
26970001 3.60584
26980001 3.57564
26990001 3.63292
27000001 3.6399
27010001 3.61075
27020001 3.60813
27030001 3.59682
27040001 3.60367
27050001 3.59419
27060001 3.56894
27070001 3.57295
27080001 3.5745
27090001 3.58141
27100001 3.58353
27110001 3.60474
27120001 3.58261
27130001 3.59035
27140001 3.57684
27150001 3.59348
27160001 3.5534
27170001 3.59055
27180001 3.61005
27190001 3.60917
27200001 3.60054
27210001 3.60619
27220001 3.58713
27230001 3.58494
27240001 3.60077
27250001 3.582
27260001 3.56934
27270001 3.60766
27280001 3.61369
27290001 3.678
27300001 3.62183
27310001 3.61675
27320001 3.64544
27330001 3.62122
27340001 3.59533
27350001 3.60269
27360001 3.67274
27370001 3.63615
27380001 3.6233
27390001 3.58922
27400001 3.63358
27410001 3.60769
27420001 3.59101
27430001 3.62402
27440001 3.63459
27450001 3.57627
27460001 3.58411
27470001 3.58064
27480001 3.57674
27490001 3.56979
27500001 3.57076
27510001 3.58051
27520001 3.56485
27530001 3.5751
27540001 3.5985
27550001 3.56776
27560001 3.58796
27570001 3.6086
27580001 3.57956
27590001 3.59371
27600001 3.59226
27610001 3.62135
27620001 3.58098
27630001 3.58079
27640001 3.57607
27650001 3.5986
27660001 3.60673
27670001 3.68827
27680001 3.63047
27690001 3.62422
27700001 3.57942
27710001 3.56039
27720001 3.56497
27730001 3.60856
27740001 3.672
27750001 3.57462
27760001 3.58292
27770001 3.59877
27780001 3.57439
27790001 3.62002
27800001 3.60394
27810001 3.60143
27820001 3.58163
27830001 3.58893
27840001 3.59266
27850001 3.55346
27860001 3.60078
27870001 3.60216
27880001 3.61069
27890001 3.60373
27900001 3.62605
27910001 3.58831
27920001 3.58332
27930001 3.56941
27940001 3.56334
27950001 3.5671
27960001 3.55065
27970001 3.56905
27980001 3.58155
27990001 3.61369
28000001 3.58518
28010001 3.61442
28020001 3.58754
28030001 3.55763
28040001 3.59852
28050001 3.55553
28060001 3.59445
28070001 3.54057
28080001 3.63376
28090001 3.59124
28100001 3.55497
28110001 3.54952
28120001 3.53541
28130001 3.60311
28140001 3.5959
28150001 3.55515
28160001 3.57298
28170001 3.57939
28180001 3.59093
28190001 3.63251
28200001 3.60061
28210001 3.61799
28220001 3.6129
28230001 3.58036
28240001 3.57561
28250001 3.63165
28260001 3.63902
28270001 3.6234
28280001 3.59257
28290001 3.57761
28300001 3.5942
28310001 3.62382
28320001 3.65517
28330001 3.63579
28340001 3.58538
28350001 3.57168
28360001 3.55686
28370001 3.58171
28380001 3.55757
28390001 3.55314
28400001 3.56817
28410001 3.56716
28420001 3.55613
28430001 3.58854
28440001 3.5787
28450001 3.57178
28460001 3.59283
28470001 3.59267
28480001 3.57104
28490001 3.59199
28500001 3.59974
28510001 3.56193
28520001 3.62898
28530001 3.68288
28540001 3.62283
28550001 3.64369
28560001 3.63968
28570001 3.61849
28580001 3.61903
28590001 3.58655
28600001 3.59037
28610001 3.54254
28620001 3.55958
28630001 3.59804
28640001 3.59964
28650001 3.55628
28660001 3.55203
28670001 3.59659
28680001 3.59574
28690001 3.56125
28700001 3.58471
28710001 3.58829
28720001 3.59571
28730001 3.63872
28740001 3.61136
28750001 3.63281
28760001 3.61978
28770001 3.61069
28780001 3.64538
28790001 3.60508
28800001 3.6146
28810001 3.60429
28820001 3.61803
28830001 3.60235
28840001 3.58732
28850001 3.59522
28860001 3.59783
28870001 3.5432
28880001 3.5895
28890001 3.536
28900001 3.53595
28910001 3.59356
28920001 3.58701
28930001 3.64886
28940001 3.59101
28950001 3.63364
28960001 3.64477
28970001 3.58198
28980001 3.55201
28990001 3.57477
29000001 3.57128
29010001 3.55325
29020001 3.57308
29030001 3.55788
29040001 3.62463
29050001 3.62618
29060001 3.58097
29070001 3.63093
29080001 3.61443
29090001 3.57646
29100001 3.57473
29110001 3.57074
29120001 3.5812
29130001 3.58001
29140001 3.59188
29150001 3.62442
29160001 3.61094
29170001 3.58963
29180001 3.63228
29190001 3.62857
29200001 3.60686
29210001 3.58348
29220001 3.61753
29230001 3.54348
29240001 3.56932
29250001 3.56116
29260001 3.57592
29270001 3.57982
29280001 3.57107
29290001 3.583
29300001 3.55154
29310001 3.60414
29320001 3.57612
29330001 3.58559
29340001 3.5528
29350001 3.54621
29360001 3.53639
29370001 3.59089
29380001 3.58372
29390001 3.58269
29400001 3.56693
29410001 3.5625
29420001 3.57188
29430001 3.54963
29440001 3.56883
29450001 3.61819
29460001 3.57487
29470001 3.57981
29480001 3.57224
29490001 3.58782
29500001 3.57463
29510001 3.61642
29520001 3.54728
29530001 3.58216
29540001 3.59127
29550001 3.57065
29560001 3.54513
29570001 3.56073
29580001 3.57956
29590001 3.5281
29600001 3.56389
29610001 3.56139
29620001 3.5689
29630001 3.58462
29640001 3.5882
29650001 3.6054
29660001 3.5944
29670001 3.54992
29680001 3.53626
29690001 3.55156
29700001 3.54277
29710001 3.5635
29720001 3.55043
29730001 3.57993
29740001 3.59346
29750001 3.56696
29760001 3.58441
29770001 3.5639
29780001 3.56785
29790001 3.58578
29800001 3.57673
29810001 3.5659
29820001 3.60342
29830001 3.58317
29840001 3.60918
29850001 3.60128
29860001 3.60077
29870001 3.54549
29880001 3.54009
29890001 3.56665
29900001 3.58882
29910001 3.54222
29920001 3.55193
29930001 3.54553
29940001 3.51724
29950001 3.56949
29960001 3.57702
29970001 3.60659
29980001 3.59983
29990001 3.57009
