1 2161.2
10001 393.861
20001 385.935
30001 382.639
40001 381.014
50001 378.237
60001 376.969
70001 377.018
80001 373.178
90001 371.742
100001 373.56
110001 371.213
120001 370.432
130001 368.412
140001 368.8
150001 366.952
160001 367.739
170001 364.787
180001 366.318
190001 366.108
200001 364.74
210001 363.611
220001 363.932
230001 364.28
240001 367.194
250001 362.9
260001 364.201
270001 363.203
280001 363.075
290001 362.018
300001 360.623
310001 361.61
320001 361.814
330001 361.833
340001 361.935
350001 360.268
360001 360.153
370001 359.152
380001 358.325
390001 359.432
400001 357.075
410001 358.107
420001 360.461
430001 359.642
440001 359.493
450001 358.761
460001 357.707
470001 360.846
480001 357.308
490001 357.641
500001 358.582
510001 357.903
520001 356.696
530001 356.168
540001 356.949
550001 356.647
560001 355.901
570001 358.276
580001 357.073
590001 354.682
600001 355.584
610001 354.793
620001 354.364
630001 355.649
640001 355.577
650001 355.834
660001 357.462
670001 353.74
680001 354.06
690001 358.128
700001 355.234
710001 356.018
720001 354.995
730001 354.94
740001 358.149
750001 353.751
760001 354.267
770001 354.676
780001 354.948
790001 353.223
800001 353.451
810001 353.558
820001 354.275
830001 353.833
840001 352.843
850001 352.882
860001 353.757
870001 352.84
880001 352.88
890001 353.031
900001 352.942
910001 351.704
920001 352.084
930001 352.01
940001 352.233
950001 353.106
960001 353.53
970001 351.593
980001 352.339
990001 352.105
1000001 353.281
1010001 351.561
1020001 352.549
1030001 353.279
1040001 352.328
1050001 352.374
1060001 354.03
1070001 353.629
1080001 352.682
1090001 352.467
1100001 352.385
1110001 351.318
1120001 354.916
1130001 353.805
1140001 354.607
1150001 352.115
1160001 353.123
1170001 351.628
1180001 350.904
1190001 351.859
1200001 351.658
1210001 352.773
1220001 352.976
1230001 351.548
1240001 353.558
1250001 352.937
1260001 352.002
1270001 351.901
1280001 351.199
1290001 352.292
1300001 351.644
1310001 351.55
1320001 353.507
1330001 354.667
1340001 351.206
1350001 353.248
1360001 353.766
1370001 351.148
1380001 351.416
1390001 352.446
1400001 353.206
1410001 351.756
1420001 350.926
1430001 351.985
1440001 350.696
1450001 351.584
1460001 351.865
1470001 352.902
1480001 350.726
1490001 351.453
1500001 350.562
1510001 353.541
1520001 351.291
1530001 352.185
1540001 351.749
1550001 350.266
1560001 350.288
1570001 354.53
1580001 352.924
1590001 353.702
1600001 351.465
1610001 349.501
1620001 351.446
1630001 351.213
1640001 350.943
1650001 352.367
1660001 350.945
1670001 353.564
1680001 351.738
1690001 352.612
1700001 351.527
1710001 350.729
1720001 350.846
1730001 351.845
1740001 352.254
1750001 351.502
1760001 352.294
1770001 350.666
1780001 352.067
1790001 352.168
1800001 351.227
1810001 351.583
1820001 350.639
1830001 349.166
1840001 350.202
1850001 351.239
1860001 350.466
1870001 350.312
1880001 351.206
1890001 350.855
1900001 350.428
1910001 350.031
1920001 350.644
1930001 350.546
1940001 352.276
1950001 352.25
1960001 351.862
1970001 351.835
1980001 351.079
1990001 350.542
2000001 350.655
2010001 350.098
2020001 350.815
2030001 350.484
2040001 348.63
2050001 351.244
2060001 349.791
2070001 352.243
2080001 350.931
2090001 349.682
2100001 350.295
2110001 351.094
2120001 350.802
2130001 351.27
2140001 351.386
2150001 353.052
2160001 350.722
2170001 351.243
2180001 351.747
2190001 349.654
2200001 350.264
2210001 349.952
2220001 351.89
2230001 349.806
2240001 350.7
2250001 349.879
2260001 351.179
2270001 350.811
2280001 350.131
2290001 349.964
2300001 352.117
2310001 350.472
2320001 350.152
2330001 349.616
2340001 350.175
2350001 351.118
2360001 351.264
2370001 351.025
2380001 349.857
2390001 348.477
2400001 349.719
2410001 350.144
2420001 351.278
2430001 351.359
2440001 350.697
2450001 351.875
2460001 349.146
2470001 350.405
2480001 351.155
2490001 351.036
2500001 351.108
2510001 351.316
2520001 351.015
2530001 350.522
2540001 350.064
2550001 350.87
2560001 349.527
2570001 350.71
2580001 352.947
2590001 350.831
2600001 350.328
2610001 351.754
2620001 349.607
2630001 352.131
2640001 353.751
2650001 350.848
2660001 350.802
2670001 350.396
2680001 351.752
2690001 352.802
2700001 350.058
2710001 352.517
2720001 351.235
2730001 351.778
2740001 349.663
2750001 349.845
2760001 350.33
2770001 350.609
2780001 352.416
2790001 350.371
2800001 349.428
2810001 350.912
2820001 351.815
2830001 351.308
2840001 351.338
2850001 352.471
2860001 350.208
2870001 351.585
2880001 352.477
2890001 350.591
2900001 351.669
2910001 350.55
2920001 350.448
2930001 349.831
2940001 350.925
2950001 350.981
2960001 350.602
2970001 351.559
2980001 351.7
2990001 349.353
3000001 350.014
3010001 349.1
3020001 348.92
3030001 350.294
3040001 351.54
3050001 350.407
3060001 350.146
3070001 350.386
3080001 349.827
3090001 352.103
3100001 350.744
3110001 348.667
3120001 350.328
3130001 348.947
3140001 349.136
3150001 350.842
3160001 350.487
3170001 350.968
3180001 349.411
3190001 349.926
3200001 350.506
3210001 350.002
3220001 351.495
3230001 349.785
3240001 349.864
3250001 350.624
3260001 350.327
3270001 351.321
3280001 350.079
3290001 350.215
3300001 352.027
3310001 350.297
3320001 351.21
3330001 350.005
3340001 351.926
3350001 350.342
3360001 349.755
3370001 351.482
3380001 351.528
3390001 351.545
3400001 348.981
3410001 350.881
3420001 349.219
3430001 349.988
3440001 350.475
3450001 351.664
3460001 350.057
3470001 349.99
3480001 349.889
3490001 350.068
3500001 351.236
3510001 350.013
3520001 350.862
3530001 350.104
3540001 349.996
3550001 349.401
3560001 350.471
3570001 352.335
3580001 350.398
3590001 350.698
3600001 351.472
3610001 349.788
3620001 350.9
3630001 350.428
3640001 350.454
3650001 349.697
3660001 349.135
3670001 347.929
3680001 350
3690001 351.677
3700001 349.003
3710001 349.736
3720001 347.842
3730001 348.936
3740001 350.346
3750001 350.43
3760001 348.481
3770001 349.209
3780001 349.549
3790001 349.124
3800001 352.019
3810001 352.319
3820001 351.946
3830001 351.349
3840001 350.347
3850001 349.724
3860001 351.406
3870001 348.513
3880001 350.557
3890001 349.15
3900001 348.528
3910001 349.744
3920001 350.312
3930001 348.603
3940001 350.339
3950001 349.107
3960001 352.124
3970001 351.234
3980001 350.946
3990001 350.572
4000001 350.632
4010001 350.816
4020001 349.137
4030001 352.269
4040001 350.457
4050001 350.948
4060001 351.461
4070001 350.242
4080001 349.956
4090001 351.191
4100001 351.891
4110001 351.901
4120001 351.231
4130001 349.513
4140001 350.189
4150001 350.749
4160001 349.456
4170001 350.141
4180001 351.794
4190001 348.74
4200001 351.169
4210001 351.451
4220001 350.038
4230001 350.916
4240001 351.159
4250001 350.575
4260001 350.585
4270001 351.456
4280001 351.986
4290001 351.268
4300001 349.627
4310001 349.17
4320001 349.168
4330001 351.705
4340001 351.237
4350001 351.451
4360001 350.178
4370001 347.618
4380001 349.156
4390001 350.831
4400001 350.967
4410001 350.173
4420001 348.82
4430001 349.163
4440001 351.066
4450001 348.762
4460001 350.569
4470001 348.826
4480001 350.018
4490001 348.785
4500001 350.09
4510001 350.212
4520001 350.928
4530001 349.266
4540001 348.052
4550001 349.437
4560001 351.733
4570001 351.189
4580001 350.581
4590001 352.596
4600001 348.897
4610001 350.25
4620001 349.235
4630001 352.268
4640001 353.315
4650001 350.881
4660001 350.285
4670001 351.41
4680001 351.318
4690001 351.674
4700001 352.74
4710001 349.583
4720001 351.723
4730001 350.756
4740001 351.497
4750001 351.904
4760001 350.402
4770001 350.827
4780001 350.696
4790001 352.792
4800001 351.411
4810001 351.467
4820001 350.767
4830001 352.325
4840001 350.387
4850001 351.757
4860001 351.005
4870001 350.845
4880001 350.138
4890001 351.245
4900001 350.26
4910001 348.844
4920001 350.647
4930001 351.788
4940001 350.452
4950001 351.782
4960001 351.802
4970001 349.99
4980001 350.771
4990001 350.643
5000001 350.9
5010001 349.535
5020001 350.125
5030001 352.154
5040001 354.313
5050001 350.307
5060001 350.286
5070001 350.491
5080001 351.222
5090001 351.074
5100001 350.197
5110001 353.798
5120001 351.667
5130001 349.564
5140001 350.108
5150001 351.281
5160001 349.45
5170001 350.699
5180001 349.845
5190001 351.571
5200001 352.934
5210001 350.036
5220001 349.052
5230001 350.606
5240001 350.949
5250001 351.598
5260001 350.961
5270001 349.738
5280001 350.42
5290001 351.125
5300001 350.514
5310001 349.933
5320001 352.704
5330001 349.652
5340001 350.309
5350001 351.645
5360001 349.846
5370001 350.753
5380001 349.827
5390001 352.085
5400001 350.616
5410001 352.414
5420001 350.111
5430001 350.815
5440001 354.296
5450001 350.289
5460001 351.749
5470001 353.526
5480001 349.097
5490001 351.105
5500001 349.894
5510001 351.72
5520001 350.515
5530001 351.237
5540001 353.565
5550001 351.889
5560001 352.05
5570001 350.515
5580001 351.116
5590001 351.618
5600001 351.113
5610001 350.632
5620001 349.899
5630001 349.527
5640001 351.685
5650001 350.625
5660001 352.144
5670001 350.801
5680001 348.733
5690001 351.075
5700001 352.699
5710001 350.74
5720001 351.27
5730001 349.897
5740001 351.682
5750001 350.417
5760001 351.612
5770001 351.054
5780001 351.749
5790001 350.917
5800001 353.041
5810001 351.809
5820001 350.894
5830001 349.737
5840001 351.224
5850001 353.184
5860001 350.036
5870001 351.295
5880001 351.667
5890001 351.654
5900001 349.405
5910001 351.702
5920001 352.411
5930001 352.79
5940001 352.197
5950001 352.356
5960001 350.208
5970001 351.261
5980001 352.257
5990001 349.841
6000001 352.515
6010001 351.328
6020001 351.112
6030001 349.749
6040001 350.817
6050001 350.345
6060001 350.706
6070001 351.579
6080001 350.904
6090001 351.684
6100001 352.742
6110001 351.398
6120001 351.847
6130001 352.095
6140001 350.658
6150001 351.711
6160001 350.437
6170001 351.26
6180001 350.787
6190001 349.929
6200001 351.582
6210001 350.572
6220001 351.417
6230001 351.349
6240001 351.403
6250001 351.492
6260001 352.209
6270001 350.495
6280001 351.056
6290001 353.653
6300001 352.042
6310001 351.972
6320001 351.295
6330001 350.656
6340001 350.582
6350001 350.941
6360001 350.279
6370001 350.264
6380001 350.958
6390001 350.383
6400001 349.963
6410001 351.499
6420001 351.855
6430001 351.066
6440001 352.966
6450001 351.017
6460001 353.51
6470001 350.698
6480001 352.691
6490001 352.634
6500001 352.824
6510001 351.146
6520001 351.502
6530001 348.851
6540001 352.1
6550001 352.551
6560001 349.196
6570001 350.457
6580001 350.785
6590001 349.499
6600001 351.772
6610001 352.089
6620001 350.822
6630001 350.972
6640001 351.695
6650001 351.217
6660001 350.726
6670001 351.401
6680001 352.667
6690001 351.492
6700001 353.91
6710001 353.039
6720001 349.768
6730001 352.102
6740001 351.844
6750001 351.56
6760001 350.18
6770001 352.052
6780001 351.644
6790001 351.242
6800001 352.362
6810001 351.729
6820001 350.886
6830001 352.212
6840001 351.74
6850001 353.009
6860001 353.471
6870001 351.858
6880001 352.865
6890001 351.658
6900001 351.844
6910001 352.334
6920001 353.105
6930001 352.727
6940001 352.895
6950001 352.784
6960001 352.886
6970001 351.263
6980001 352.281
6990001 352.44
7000001 351.697
7010001 352.751
7020001 352.066
7030001 352.885
7040001 352.526
7050001 354.099
7060001 351.874
7070001 351.26
7080001 352.444
7090001 351.35
7100001 352.943
7110001 351.868
7120001 351.769
7130001 352.968
7140001 353.298
7150001 353.313
7160001 351.125
7170001 351.483
7180001 351.609
7190001 351.483
7200001 352.088
7210001 352.359
7220001 351.275
7230001 352.678
7240001 349.739
7250001 353.622
7260001 352.459
7270001 353.261
7280001 352.381
7290001 352.72
7300001 351.805
7310001 353.566
7320001 352.046
7330001 350.233
7340001 351.923
7350001 352.321
7360001 353.265
7370001 354.69
7380001 351.605
7390001 350.659
7400001 351.539
7410001 350.599
7420001 353.289
7430001 351.655
7440001 355.207
7450001 352.416
7460001 351.14
7470001 352.169
7480001 352.372
7490001 352.83
7500001 351.226
7510001 352.732
7520001 352.839
7530001 352.211
7540001 351.596
7550001 354.907
7560001 352.876
7570001 351.778
7580001 351.703
7590001 353.325
7600001 351.292
7610001 353.216
7620001 354.293
7630001 352.745
7640001 353.774
7650001 350.741
7660001 352.119
7670001 353.778
7680001 352.308
7690001 355.062
7700001 352.678
7710001 352.186
7720001 352.177
7730001 352.22
7740001 351.718
7750001 352.77
7760001 354.355
7770001 352.567
7780001 353.324
7790001 353.346
7800001 353.678
7810001 353.303
7820001 353.35
7830001 353.438
7840001 352.683
7850001 353.951
7860001 353.853
7870001 351.621
7880001 353.162
7890001 353.029
7900001 351.678
7910001 354.89
7920001 352.798
7930001 352.403
7940001 354.211
7950001 352.592
7960001 352.243
7970001 355.001
7980001 352.665
7990001 353.836
8000001 352.345
8010001 352.838
8020001 352.249
8030001 353.469
8040001 353.745
8050001 355.133
8060001 354.006
8070001 352.489
8080001 351.878
8090001 353.956
8100001 352.124
8110001 355.326
8120001 354.543
8130001 354.335
8140001 353.384
8150001 353.627
8160001 353.466
8170001 352.084
8180001 354.191
8190001 353.193
8200001 354.404
8210001 354.725
8220001 353.219
8230001 354.662
8240001 353.665
8250001 353.74
8260001 353.575
8270001 353.516
8280001 354.036
8290001 353.311
8300001 353.676
8310001 355.719
8320001 356.134
8330001 353.68
8340001 351.787
8350001 352.877
8360001 351.821
8370001 353.62
8380001 354.833
8390001 353.62
8400001 353.021
8410001 353.782
8420001 352.679
8430001 353.198
8440001 353.738
8450001 353.234
8460001 354.394
8470001 352.959
8480001 354.882
8490001 353.619
8500001 351.013
8510001 353.127
8520001 355.44
8530001 351.654
8540001 355.488
8550001 353.322
8560001 354.899
8570001 352.387
8580001 353.433
8590001 355.659
8600001 353.209
8610001 353.635
8620001 354.958
8630001 353.327
8640001 353.918
8650001 353.518
8660001 353.634
8670001 352.127
8680001 354.018
8690001 353.437
8700001 353.901
8710001 353.009
8720001 353.966
8730001 354.642
8740001 353.932
8750001 353.351
8760001 353.088
8770001 351.727
8780001 352.779
8790001 353.409
8800001 352.869
8810001 353.089
8820001 352.943
8830001 353.247
8840001 356.484
8850001 353.89
8860001 354.015
8870001 354.693
8880001 352.528
8890001 354.279
8900001 354.061
8910001 354.95
8920001 354.48
8930001 356.737
8940001 354
8950001 352.445
8960001 352.946
8970001 355.013
8980001 356.032
8990001 353.244
9000001 353.688
9010001 357.132
9020001 355.154
9030001 354.482
9040001 354.562
9050001 355.03
9060001 354.833
9070001 354.399
9080001 354.5
9090001 351.858
9100001 353.35
9110001 354.962
9120001 351.949
9130001 354.956
9140001 354.876
9150001 353.488
9160001 354.888
9170001 354.759
9180001 354.408
9190001 355.986
9200001 355.254
9210001 354.517
9220001 354.913
9230001 354.434
9240001 355.354
9250001 354.478
9260001 354.766
9270001 354.894
9280001 354.519
9290001 353.315
9300001 354.493
9310001 356.814
9320001 353.608
9330001 356.679
9340001 353.26
9350001 356.111
9360001 354.846
9370001 354.561
9380001 354.623
9390001 353.172
9400001 354.157
9410001 354.261
9420001 354.864
9430001 355.214
9440001 356.106
9450001 353.658
9460001 353.299
9470001 353.24
9480001 353.529
9490001 352.77
9500001 353.29
9510001 353.65
9520001 356.094
9530001 354.041
9540001 355.041
9550001 355.138
9560001 355.257
9570001 355.233
9580001 354.632
9590001 356.044
9600001 356.279
9610001 354.938
9620001 354.611
9630001 355.412
9640001 355.93
9650001 354.065
9660001 353.638
9670001 355.59
9680001 355.759
9690001 353.951
9700001 354.548
9710001 355.035
9720001 353.325
9730001 354.89
9740001 354.031
9750001 355.379
9760001 357.22
9770001 353.224
9780001 355.286
9790001 354.894
9800001 353.62
9810001 352.9
9820001 355.104
9830001 355.133
9840001 355.268
9850001 355.177
9860001 354.357
9870001 356.024
9880001 354.259
9890001 353.611
9900001 356.254
9910001 356.019
9920001 355.371
9930001 355.133
9940001 355.294
9950001 353.553
9960001 354.729
9970001 355.286
9980001 356.799
9990001 355.933
10000001 355.169
10010001 355.028
10020001 353.607
10030001 354.566
10040001 354.82
10050001 354.372
10060001 354.518
10070001 355.493
10080001 352.356
10090001 354.176
10100001 353.907
10110001 353.043
10120001 352.691
10130001 353.852
10140001 354.465
10150001 352.318
10160001 354.194
10170001 354.202
10180001 353.219
10190001 357.173
10200001 354.388
10210001 354.344
10220001 355.185
10230001 354.998
10240001 354.883
10250001 354.61
10260001 356.117
10270001 352.993
10280001 355.036
10290001 354.906
10300001 355.325
10310001 355.728
10320001 353.861
10330001 354.143
10340001 354.418
10350001 353.682
10360001 355.429
10370001 357.449
10380001 354.064
10390001 356.087
10400001 354.233
10410001 357.183
10420001 355.655
10430001 355.38
10440001 356.858
10450001 356.18
10460001 354.725
10470001 356.458
10480001 356.029
10490001 355.102
10500001 356.246
10510001 354.585
10520001 355.902
10530001 356.716
10540001 355.782
10550001 355.006
10560001 354.941
10570001 355.861
10580001 354.67
10590001 355.364
10600001 356.099
10610001 355.099
10620001 355.309
10630001 357.266
10640001 355.012
10650001 355.374
10660001 354.557
10670001 355.456
10680001 355.848
10690001 353.88
10700001 354.309
10710001 355.79
10720001 355.289
10730001 354.34
10740001 356.213
10750001 354.21
10760001 355.373
10770001 356.527
10780001 355.148
10790001 355.755
10800001 356.287
10810001 355.855
10820001 356.178
10830001 353.031
10840001 353.665
10850001 356.021
10860001 354.939
10870001 354.378
10880001 355.184
10890001 355.038
10900001 355.886
10910001 356.205
10920001 354.021
10930001 357.542
10940001 357.291
10950001 355.323
10960001 355.512
10970001 356.198
10980001 355.333
10990001 356.947
11000001 356.321
11010001 353.583
11020001 352.869
11030001 355.279
11040001 357.177
11050001 356.277
11060001 355.38
11070001 356.251
11080001 354.851
11090001 355.233
11100001 354.966
11110001 355.344
11120001 353.342
11130001 354.62
11140001 355.364
11150001 356.473
11160001 355.809
11170001 354.755
11180001 356.314
11190001 358.602
11200001 355.949
11210001 355.858
11220001 356.128
11230001 354.925
11240001 355.004
11250001 355.727
11260001 355.651
11270001 354.133
11280001 355.644
11290001 355.537
11300001 356.593
11310001 356.985
11320001 354.635
11330001 353.375
11340001 354.225
11350001 356.521
11360001 355.123
11370001 355.645
11380001 354.777
11390001 353.894
11400001 355.871
11410001 356.277
11420001 358.056
11430001 356.809
11440001 355.615
11450001 355.729
11460001 354.961
11470001 354.26
11480001 355.4
11490001 357.573
11500001 355.801
11510001 354.773
11520001 357.112
11530001 357.242
11540001 356.886
11550001 355.142
11560001 356.26
11570001 356.147
11580001 355.067
11590001 357.834
11600001 356.643
11610001 355.144
11620001 356.62
11630001 355.425
11640001 355.669
11650001 356.906
11660001 355.183
11670001 356.765
11680001 356.453
11690001 356.886
11700001 355.072
11710001 355.901
11720001 357.571
11730001 357.241
11740001 360.863
11750001 355.37
11760001 355.595
11770001 355.939
11780001 357.96
11790001 356.493
11800001 357.126
11810001 356.623
11820001 356.902
11830001 354.558
11840001 355.522
11850001 355.666
11860001 356.685
11870001 356.831
11880001 355.188
11890001 355.268
11900001 357.189
11910001 356.485
11920001 357.869
11930001 356.521
11940001 354.998
11950001 354.984
11960001 357.23
11970001 356.085
11980001 357.724
11990001 358.469
12000001 356.52
12010001 357.649
12020001 359.41
12030001 356.261
12040001 356.811
12050001 358.737
12060001 353.978
12070001 356.757
12080001 356.394
12090001 356.161
12100001 358.351
12110001 357.786
12120001 358.772
12130001 356.074
12140001 356.137
12150001 356.407
12160001 356.736
12170001 358.486
12180001 357.156
12190001 357.565
12200001 358.536
12210001 357.819
12220001 357.071
12230001 357.522
12240001 356.951
12250001 354.562
12260001 357.707
12270001 357.049
12280001 355.532
12290001 357.301
12300001 356.575
12310001 357.893
12320001 354.771
12330001 358.643
12340001 356.891
12350001 358.217
12360001 357.596
12370001 357.213
12380001 358.145
12390001 358.125
12400001 357.341
12410001 356.753
12420001 356.286
12430001 357.117
12440001 357.945
12450001 358.349
12460001 358
12470001 356.668
12480001 359.451
12490001 356.906
12500001 355.018
12510001 356.883
12520001 356.481
12530001 355.626
12540001 357.464
12550001 357.293
12560001 355.946
12570001 357.998
12580001 355.952
12590001 356.097
12600001 357.221
12610001 355.093
12620001 356.738
12630001 357.361
12640001 357.816
12650001 357.167
12660001 355.491
12670001 356.471
12680001 356.551
12690001 357.752
12700001 355.172
12710001 356.95
12720001 355.891
12730001 357.08
12740001 358.632
12750001 356.437
12760001 356.633
12770001 359.264
12780001 357.593
12790001 357.322
12800001 357.353
12810001 357.893
12820001 357.653
12830001 357.341
12840001 358.062
12850001 359.102
12860001 359.183
12870001 358.961
12880001 358.807
12890001 358.575
12900001 356.88
12910001 359.245
12920001 355.036
12930001 358.247
12940001 357.678
12950001 358.111
12960001 358.331
12970001 359.598
12980001 359.703
12990001 358.684
13000001 357.489
13010001 359.907
13020001 355.853
13030001 356.39
13040001 356.991
13050001 357.768
13060001 359.829
13070001 358.701
13080001 356.447
13090001 359.157
13100001 356.658
13110001 358.742
13120001 356.753
13130001 357.325
13140001 357.192
13150001 356.452
13160001 357.367
13170001 358.552
13180001 357.669
13190001 356.05
13200001 358.184
13210001 356.642
13220001 356.154
13230001 357.92
13240001 358.504
13250001 357.158
13260001 356.578
13270001 358.732
13280001 359.024
13290001 357.123
13300001 357.77
13310001 357.738
13320001 357.723
13330001 359.19
13340001 356.783
13350001 357.218
13360001 358.412
13370001 355.852
13380001 359.01
13390001 359.522
13400001 358.13
13410001 356.101
13420001 358.232
13430001 358.488
13440001 357.601
13450001 357.162
13460001 357.577
13470001 355.851
13480001 357.021
13490001 357.771
13500001 358.69
13510001 358.185
13520001 358.03
13530001 359.513
13540001 356.902
13550001 357.37
13560001 358.168
13570001 358.287
13580001 358.349
13590001 355.415
13600001 358.135
13610001 355.487
13620001 359.782
13630001 357.918
13640001 357.772
13650001 359.17
13660001 356.219
13670001 357.623
13680001 358.62
13690001 358.196
13700001 357.157
13710001 361.053
13720001 357.116
13730001 358.771
13740001 359.101
13750001 359.478
13760001 357.123
13770001 359.228
13780001 358.641
13790001 359.629
13800001 357.893
13810001 357.161
13820001 359.476
13830001 357.269
13840001 357.297
13850001 357.72
13860001 357.517
13870001 356.633
13880001 359.781
13890001 359.021
13900001 359.298
13910001 358.553
13920001 358.111
13930001 358.074
13940001 359.264
13950001 357.018
13960001 359.528
13970001 359.554
13980001 356.909
13990001 358.081
14000001 359.649
14010001 358.948
14020001 357.664
14030001 357.763
14040001 359.388
14050001 360.187
14060001 358.754
14070001 359.776
14080001 358.506
14090001 359.448
14100001 358.174
14110001 357.084
14120001 360.144
14130001 356.344
14140001 358.429
14150001 357.939
14160001 359.07
14170001 357.467
14180001 358.297
14190001 358.645
14200001 359.49
14210001 359.287
14220001 358.607
14230001 360.251
14240001 357.511
14250001 357.61
14260001 356.567
14270001 359.144
14280001 358.904
14290001 359.262
14300001 358.345
14310001 358.761
14320001 358.825
14330001 357.446
14340001 360.52
14350001 357.719
14360001 361.254
14370001 358.093
14380001 359.341
14390001 356.544
14400001 355.994
14410001 357.164
14420001 358.426
14430001 358.641
14440001 358.779
14450001 357.382
14460001 357.741
14470001 358.52
14480001 359.352
14490001 356.757
14500001 357.328
14510001 358.686
14520001 358.718
14530001 360.292
14540001 357.677
14550001 360.844
14560001 357.832
14570001 360.779
14580001 357.372
14590001 358.062
14600001 359.572
14610001 358.897
14620001 356.991
14630001 358.179
14640001 359.049
14650001 358.095
14660001 358.076
14670001 359.163
14680001 361.416
14690001 360.841
14700001 359.283
14710001 359.883
14720001 360.131
14730001 360.314
14740001 356.835
14750001 358.3
14760001 360.088
14770001 359.202
14780001 359.885
14790001 359.338
14800001 358.989
14810001 358.289
14820001 359.867
14830001 358.992
14840001 360.521
14850001 357.579
14860001 358.871
14870001 358.867
14880001 358.619
14890001 358.469
14900001 358.572
14910001 358.74
14920001 361.231
14930001 358.335
14940001 358.839
14950001 357.939
14960001 357.101
14970001 356.977
14980001 357.959
14990001 358.937
15000001 360.343
15010001 360.233
15020001 358.728
15030001 358.781
15040001 359.886
15050001 359.033
15060001 357.512
15070001 360.479
15080001 358.019
15090001 359.032
15100001 359.097
15110001 359.472
15120001 360.299
15130001 357.008
15140001 360.821
15150001 360.07
15160001 358.776
15170001 358.725
15180001 358.297
15190001 359.674
15200001 359.602
15210001 359.553
15220001 360.09
15230001 359.489
15240001 357.838
15250001 360.064
15260001 359.285
15270001 360.59
15280001 360.7
15290001 359.334
15300001 359.331
15310001 360.033
15320001 359.5
15330001 358.308
15340001 358.664
15350001 360.209
15360001 359.59
15370001 359.702
15380001 360.747
15390001 359.784
15400001 358.448
15410001 360.435
15420001 358.809
15430001 358.415
15440001 358.364
15450001 359.625
15460001 359.603
15470001 360.08
15480001 360.481
15490001 359.95
15500001 359.987
15510001 358.498
15520001 360.22
15530001 360.73
15540001 362.997
15550001 359.964
15560001 360.46
15570001 359.4
15580001 362.127
15590001 360.257
15600001 361.335
15610001 359.742
15620001 361.461
15630001 361.899
15640001 363.158
15650001 361.39
15660001 360.415
15670001 361.811
15680001 360.565
15690001 359.742
15700001 360.615
15710001 359.814
15720001 359.221
15730001 360.141
15740001 360.098
15750001 360.052
15760001 359.255
15770001 362.182
15780001 359.919
15790001 360.081
15800001 362.296
15810001 359.713
15820001 359.22
15830001 361.145
15840001 360.076
15850001 363.728
15860001 360.787
15870001 363.016
15880001 362.394
15890001 358.528
15900001 359.347
15910001 359.759
15920001 359.949
15930001 360.434
15940001 360.234
15950001 359.65
15960001 361.477
15970001 361.983
15980001 363.62
15990001 361.715
16000001 362.997
16010001 359.766
16020001 361.646
16030001 361.139
16040001 361.816
16050001 359.05
16060001 360.248
16070001 361.229
16080001 360.46
16090001 361.795
16100001 361.712
16110001 360.887
16120001 362.165
16130001 360.918
16140001 360.95
16150001 360.693
16160001 362.361
16170001 359.938
16180001 360.543
16190001 360.267
16200001 361.538
16210001 363.055
16220001 360.852
16230001 361.297
16240001 359.832
16250001 359.401
16260001 361.661
16270001 360.183
16280001 360.289
16290001 359.849
16300001 359.539
16310001 360.409
16320001 360.815
16330001 361.893
16340001 360.909
16350001 362.432
16360001 358.929
16370001 360.177
16380001 362.675
16390001 362.743
16400001 363.564
16410001 361.178
16420001 361.693
16430001 361.342
16440001 360.044
16450001 360.068
16460001 358.716
16470001 359.305
16480001 362.126
16490001 360.733
16500001 361.453
16510001 360.304
16520001 359.685
16530001 361.325
16540001 360.979
16550001 361.894
16560001 361.188
16570001 361.483
16580001 361.608
16590001 359.504
16600001 362.783
16610001 364.736
16620001 360.604
16630001 362.69
16640001 361.567
16650001 361.086
16660001 360.924
16670001 364.026
16680001 362.361
16690001 359.834
16700001 361.845
16710001 361.788
16720001 362.69
16730001 360.377
16740001 359.363
16750001 361.736
16760001 361.317
16770001 362.054
16780001 361.332
16790001 363.934
16800001 362.351
16810001 361.584
16820001 363.866
16830001 361.421
16840001 363.019
16850001 360.256
16860001 359.931
16870001 360.997
16880001 361.702
16890001 363.147
16900001 362.174
16910001 361.908
16920001 362.797
16930001 364.965
16940001 364.314
16950001 364.988
16960001 364.28
16970001 362.403
16980001 362.316
16990001 361.472
17000001 361.358
17010001 362.18
17020001 363.303
17030001 362.129
17040001 361.677
17050001 359.759
17060001 360.966
17070001 362.423
17080001 361.457
17090001 360.874
17100001 362.292
17110001 362.551
17120001 360.421
17130001 362.827
17140001 361.302
17150001 359.975
17160001 362.029
17170001 361.114
17180001 360.76
17190001 361.372
17200001 364.536
17210001 360.734
17220001 360.717
17230001 361.312
17240001 361.144
17250001 362.574
17260001 360.925
17270001 363.382
17280001 362.105
17290001 363.775
17300001 360.933
17310001 361.298
17320001 361.892
17330001 362.609
17340001 360.42
17350001 359.334
17360001 363.303
17370001 359.791
17380001 362.083
17390001 361.711
17400001 363.564
17410001 362.642
17420001 363.32
17430001 361.109
17440001 361.111
17450001 360.989
17460001 362.288
17470001 361.727
17480001 363.218
17490001 362.45
17500001 362.117
17510001 361.14
17520001 362.712
17530001 360.519
17540001 360.64
17550001 361.599
17560001 360.234
17570001 361.156
17580001 363.372
17590001 362.418
17600001 360.52
17610001 360.57
17620001 360.955
17630001 362.269
17640001 363.895
17650001 360.757
17660001 363.397
17670001 362.484
17680001 363.769
17690001 362.96
17700001 361.346
17710001 361.539
17720001 360.685
17730001 362.551
17740001 362.334
17750001 361.959
17760001 362.837
17770001 363.362
17780001 361.806
17790001 360.883
17800001 362.418
17810001 363.394
17820001 363.047
17830001 363.936
17840001 364.244
17850001 361.91
17860001 361.684
17870001 363.047
17880001 363.399
17890001 361.903
17900001 362.71
17910001 362.701
17920001 361.074
17930001 363.774
17940001 364.376
17950001 362.802
17960001 362.506
17970001 360.38
17980001 363.572
17990001 362.168
18000001 360.925
18010001 362.489
18020001 361.857
18030001 362.088
18040001 362.656
18050001 359.704
18060001 360.166
18070001 363.293
18080001 362.053
18090001 362.947
18100001 361.522
18110001 363.594
18120001 364.944
18130001 363.156
18140001 362.822
18150001 363.655
18160001 362.138
18170001 363.539
18180001 362.227
18190001 364.563
18200001 361.89
18210001 363.338
18220001 364.824
18230001 361.741
18240001 361.282
18250001 363.32
18260001 361.871
18270001 363.534
18280001 362.316
18290001 362.818
18300001 362.844
18310001 363.606
18320001 361.956
18330001 361.053
18340001 360.05
18350001 361.868
18360001 362.162
18370001 363.616
18380001 366.118
18390001 362.11
18400001 362.836
18410001 362.972
18420001 363.489
18430001 364.386
18440001 362.583
18450001 364.275
18460001 363.403
18470001 363.073
18480001 363.23
18490001 362.4
18500001 362.874
18510001 361.839
18520001 364.073
18530001 363.055
18540001 362.269
18550001 364.392
18560001 362.624
18570001 361.808
18580001 363.929
18590001 364.326
18600001 364.408
18610001 361.254
18620001 363.392
18630001 364.628
18640001 363.526
18650001 362.689
18660001 363.028
18670001 362.948
18680001 362.282
18690001 365.497
18700001 365.948
18710001 365.159
18720001 362.024
18730001 363.768
18740001 363.95
18750001 361.396
18760001 363.599
18770001 363.19
18780001 363.816
18790001 362.653
18800001 362.546
18810001 364.1
18820001 360.996
18830001 363.421
18840001 362.691
18850001 365.114
18860001 364.273
18870001 363.137
18880001 365.662
18890001 361.868
18900001 364.422
18910001 361.393
18920001 363.83
18930001 363.387
18940001 361.676
18950001 362.079
18960001 360.907
18970001 362.392
18980001 362.949
18990001 362.536
19000001 363.588
19010001 364.454
19020001 363.478
19030001 362.328
19040001 365.866
19050001 364.845
19060001 361.294
19070001 363.074
19080001 364.812
19090001 362.997
19100001 364.151
19110001 363.648
19120001 364.143
19130001 362.979
19140001 362.809
19150001 365.069
19160001 363.008
19170001 363.11
19180001 363.191
19190001 362.21
19200001 363.252
19210001 364.82
19220001 363.387
19230001 363.242
19240001 363.171
19250001 364.452
19260001 362.229
19270001 363.935
19280001 365.13
19290001 364.736
19300001 362.733
19310001 365.504
19320001 364.612
19330001 364.337
19340001 363.899
19350001 364.471
19360001 363.767
19370001 361.544
19380001 363.546
19390001 364.62
19400001 366.313
19410001 364.5
19420001 362.982
19430001 362.87
19440001 361.606
19450001 364.506
19460001 364.403
19470001 365.23
19480001 363.76
19490001 364.394
19500001 364.128
19510001 363.259
19520001 363.735
19530001 364.365
19540001 363.978
19550001 364.045
19560001 364.065
19570001 365.575
19580001 364.052
19590001 365.313
19600001 364.205
19610001 363.747
19620001 363.831
19630001 365.037
19640001 365.068
19650001 362.508
19660001 363.728
19670001 362.724
19680001 364.037
19690001 361.973
19700001 364.695
19710001 366.003
19720001 364.322
19730001 364.914
19740001 363.619
19750001 364.348
19760001 363.34
19770001 364.247
19780001 364.836
19790001 365.65
19800001 363.935
19810001 362.849
19820001 365.719
19830001 363.747
19840001 364.821
19850001 363.543
19860001 366.706
19870001 363.158
19880001 361.521
19890001 363.031
19900001 364.711
19910001 364.363
19920001 362.701
19930001 363.795
19940001 363.339
19950001 366.689
19960001 362.798
19970001 363.761
19980001 362.667
19990001 364.715
20000001 364.991
20010001 363.714
20020001 363.631
20030001 363.382
20040001 366.429
20050001 363.361
20060001 364.056
20070001 365.044
20080001 364.198
20090001 364.068
20100001 364.1
20110001 362.535
20120001 363.027
20130001 363.063
20140001 364.113
20150001 364.941
20160001 363.237
20170001 365.154
20180001 363.476
20190001 365.137
20200001 365.311
20210001 366.002
20220001 364.548
20230001 364.063
20240001 366.769
20250001 365.136
20260001 361.35
20270001 364.967
20280001 363.889
20290001 365.98
20300001 364.472
20310001 366.907
20320001 363.465
20330001 367.124
20340001 366.489
20350001 365.168
20360001 365.536
20370001 364.992
20380001 365.102
20390001 365.352
20400001 364.777
20410001 364.318
20420001 364.941
20430001 365.809
20440001 363.724
20450001 362.284
20460001 365.239
20470001 363.959
20480001 364.769
20490001 366.263
20500001 365.267
20510001 364.154
20520001 363.155
20530001 366.739
20540001 364.945
20550001 365.127
20560001 365.171
20570001 365.527
20580001 363.178
20590001 365.055
20600001 364.753
20610001 364.212
20620001 365.757
20630001 365.222
20640001 365.409
20650001 366.962
20660001 365.461
20670001 365.387
20680001 364.735
20690001 365.941
20700001 363.079
20710001 364.278
20720001 366.678
20730001 363.597
20740001 364.328
20750001 367.45
20760001 364.256
20770001 365.518
20780001 365.51
20790001 365.119
20800001 365.432
20810001 367.21
20820001 365.411
20830001 365.002
20840001 364.358
20850001 363.802
20860001 364.996
20870001 364.23
20880001 365.977
20890001 364.921
20900001 365.67
20910001 365.16
20920001 364.553
20930001 364.439
20940001 366.946
20950001 363.299
20960001 368.504
20970001 363.182
20980001 364.406
20990001 363.887
21000001 366.269
21010001 365.815
21020001 365.657
21030001 364.434
21040001 364.483
21050001 365.728
21060001 363.908
21070001 364.59
21080001 364.758
21090001 367.214
21100001 365.354
21110001 365.164
21120001 364.113
21130001 365.894
21140001 366.232
21150001 363.58
21160001 365.331
21170001 365.681
21180001 365.992
21190001 366.292
21200001 363.731
21210001 367.076
21220001 363.502
21230001 365.33
21240001 367.279
21250001 363.03
21260001 365.871
21270001 367.001
21280001 366.125
21290001 366.605
21300001 365.165
21310001 366.874
21320001 365.198
21330001 365.368
21340001 364.571
21350001 365.782
21360001 366.839
21370001 365.946
21380001 366.317
21390001 365.365
21400001 367.504
21410001 366.443
21420001 365.702
21430001 364.45
21440001 364.983
21450001 364.724
21460001 365.404
21470001 364.242
21480001 365.992
21490001 364.996
21500001 364.233
21510001 366.641
21520001 363.369
21530001 365.629
21540001 366.251
21550001 365.451
21560001 366.374
21570001 364.995
21580001 366.6
21590001 366.275
21600001 364.35
21610001 366.398
21620001 367.035
21630001 365.225
21640001 366.564
21650001 366.196
21660001 365.969
21670001 364.079
21680001 366.348
21690001 365.453
21700001 363.84
21710001 367.38
21720001 364.71
21730001 365.473
21740001 366.108
21750001 367.446
21760001 363.765
21770001 364.941
21780001 365.801
21790001 364.274
21800001 366.264
21810001 363.719
21820001 365.276
21830001 365.96
21840001 366.369
21850001 363.128
21860001 365.244
21870001 365.753
21880001 366.915
21890001 365.353
21900001 365.786
21910001 366.376
21920001 366.06
21930001 363.946
21940001 366.196
21950001 366.112
21960001 365.671
21970001 364.027
21980001 367.362
21990001 366.26
22000001 365.597
22010001 364.28
22020001 365.52
22030001 366.355
22040001 366.829
22050001 364.544
22060001 366.817
22070001 362.843
22080001 365.239
22090001 367.121
22100001 367.237
22110001 366.623
22120001 364.963
22130001 366.693
22140001 365.564
22150001 365.275
22160001 365.871
22170001 364.418
22180001 364.904
22190001 364
22200001 367.275
22210001 366.448
22220001 365.95
22230001 366.51
22240001 365.108
22250001 364.196
22260001 364.076
22270001 366.658
22280001 363.649
22290001 365.549
22300001 366.693
22310001 365.683
22320001 366.702
22330001 367.257
22340001 366.233
22350001 366.281
22360001 369.339
22370001 364.929
22380001 366.357
22390001 366.874
22400001 364.415
22410001 367.953
22420001 370.187
22430001 363.788
22440001 365.342
22450001 366.348
22460001 366.67
22470001 365.685
22480001 366.987
22490001 367.243
22500001 365.227
22510001 365.7
22520001 366.909
22530001 367.23
22540001 367.025
22550001 366.05
22560001 364.958
22570001 365.967
22580001 365.477
22590001 365.745
22600001 367.208
22610001 368.254
22620001 366.771
22630001 368.081
22640001 367.25
22650001 367.472
22660001 366.798
22670001 367.108
22680001 366.674
22690001 367.551
22700001 367.349
22710001 370.543
22720001 366.566
22730001 367.647
22740001 366.547
22750001 366.64
22760001 367.509
22770001 367.684
22780001 366.229
22790001 366.766
22800001 369.392
22810001 368.224
22820001 368.07
22830001 367.756
22840001 369.128
22850001 367.484
22860001 367.038
22870001 369.066
22880001 365.868
22890001 365.405
22900001 365.619
22910001 367.629
22920001 367.926
22930001 366.852
22940001 366.74
22950001 365.613
22960001 364.873
22970001 368.725
22980001 363.577
22990001 366.779
23000001 368.029
23010001 367.359
23020001 369.536
23030001 368.306
23040001 366.757
23050001 365.917
23060001 366.467
23070001 366.656
23080001 367.781
23090001 366.993
23100001 365.787
23110001 366.839
23120001 366.527
23130001 367.046
23140001 367.505
23150001 368.572
23160001 367.508
23170001 366.212
23180001 367.224
23190001 368.556
23200001 367.105
23210001 368.476
23220001 367.163
23230001 367.715
23240001 365.868
23250001 365.995
23260001 368.017
23270001 366.393
23280001 366.062
23290001 365.995
23300001 366.722
23310001 366.813
23320001 365.026
23330001 366.223
23340001 367.623
23350001 367.39
23360001 367.279
23370001 367.697
23380001 368.985
23390001 365.975
23400001 365.561
23410001 367.525
23420001 365.641
23430001 366.421
23440001 365.993
23450001 366.431
23460001 364.724
23470001 365.844
23480001 365.779
23490001 367.03
23500001 365.785
23510001 365.788
23520001 365.594
23530001 365.912
23540001 366.449
23550001 365.076
23560001 366.448
23570001 367.226
23580001 364.479
23590001 365.32
23600001 367.273
23610001 369.114
23620001 365.655
23630001 366.857
23640001 366.235
23650001 365.773
23660001 366.438
23670001 364.741
23680001 368.203
23690001 366.765
23700001 368.174
23710001 366.516
23720001 366.836
23730001 367.342
23740001 366.12
23750001 366.721
23760001 366.327
23770001 368.844
23780001 366.951
23790001 368.594
23800001 365.988
23810001 370.321
23820001 366.818
23830001 366.195
23840001 367.521
23850001 366.926
23860001 364.682
23870001 366.164
23880001 366.544
23890001 369.81
23900001 368.097
23910001 366.357
23920001 368.019
23930001 367.025
23940001 367.393
23950001 369.699
23960001 369.847
23970001 367.935
23980001 368.76
23990001 367.71
24000001 370.087
24010001 368.511
24020001 370.074
24030001 366.711
24040001 367.773
24050001 365.479
24060001 366.591
24070001 367.244
24080001 367.169
24090001 369.14
24100001 367.236
24110001 367.61
24120001 368.293
24130001 366.11
24140001 367.663
24150001 370.376
24160001 368.932
24170001 367.541
24180001 370.721
24190001 368.295
24200001 368.455
24210001 368.918
24220001 368.412
24230001 368.526
24240001 369.242
24250001 367.423
24260001 367.365
24270001 367.958
24280001 367.277
24290001 367.293
24300001 366.979
24310001 367.579
24320001 367.794
24330001 370.159
24340001 367.542
24350001 368.128
24360001 367.964
24370001 369.997
24380001 367.668
24390001 369.937
24400001 368.641
24410001 368.77
24420001 367.442
24430001 367.81
24440001 369.707
24450001 369.67
24460001 368.685
24470001 368.062
24480001 369.167
24490001 368.378
24500001 368.691
24510001 368.665
24520001 369.859
24530001 368.068
24540001 370.116
24550001 372.16
24560001 371.08
24570001 369.224
24580001 367.469
24590001 367.208
24600001 368.802
24610001 367.568
24620001 366.4
24630001 367.882
24640001 369.203
24650001 368.154
24660001 367.214
24670001 367.904
24680001 369.587
24690001 367.192
24700001 367.792
24710001 367.655
24720001 368.321
24730001 369.824
24740001 368.15
24750001 369.219
24760001 369.793
24770001 368.158
24780001 368.996
24790001 368.239
24800001 369.1
24810001 366.597
24820001 369.21
24830001 368.587
24840001 368.152
24850001 370.789
24860001 368.305
24870001 368.067
24880001 368.194
24890001 370.418
24900001 367.828
24910001 370.285
24920001 368.082
24930001 368.164
24940001 368.744
24950001 368.811
24960001 368.834
24970001 370.045
24980001 369.423
24990001 368.584
25000001 368.392
25010001 368.009
25020001 368.364
25030001 369.199
25040001 366.4
25050001 368.294
25060001 367.732
25070001 368.604
25080001 368.745
25090001 367.557
25100001 368.869
25110001 368.723
25120001 370.072
25130001 369.094
25140001 369.855
25150001 370.787
25160001 368.137
25170001 368.795
25180001 367.873
25190001 367.424
25200001 367.582
25210001 367.795
25220001 368.776
25230001 369.459
25240001 369.612
25250001 368.565
25260001 367.445
25270001 369.819
25280001 368.876
25290001 371.169
25300001 368.47
25310001 372.236
25320001 368.153
25330001 370.172
25340001 370.34
25350001 368.665
25360001 369.942
25370001 370.174
25380001 369.088
25390001 370.304
25400001 368.909
25410001 368.096
25420001 368.444
25430001 368.902
25440001 368.431
25450001 369.511
25460001 369.235
25470001 369.032
25480001 369.97
25490001 372.825
25500001 367.462
25510001 370.272
25520001 370.493
25530001 369.805
25540001 370.391
25550001 368.711
25560001 368.136
25570001 368.959
25580001 367.5
25590001 370.084
25600001 369.404
25610001 369.276
25620001 370.476
25630001 367.986
25640001 369.372
25650001 370.246
25660001 368.408
25670001 371.892
25680001 368.813
25690001 369.552
25700001 370.698
25710001 369.967
25720001 369.764
25730001 370.354
25740001 370.965
25750001 370.255
25760001 366.969
25770001 371.392
25780001 370.426
25790001 369.645
25800001 370.21
25810001 369.915
25820001 370.298
25830001 369.382
25840001 369.205
25850001 371.3
25860001 367.912
25870001 371.242
25880001 369.648
25890001 371.215
25900001 368.394
25910001 369.276
25920001 370.994
25930001 371.004
25940001 370.471
25950001 370.817
25960001 371.546
25970001 370.683
25980001 369.435
25990001 370.55
26000001 367.522
26010001 371.355
26020001 370.495
26030001 370.145
26040001 370.272
26050001 368.451
26060001 369.613
26070001 369.966
26080001 372.003
26090001 371.808
26100001 369.839
26110001 369.301
26120001 369.901
26130001 368.673
26140001 369.528
26150001 370.854
26160001 370.186
26170001 370.676
26180001 368.811
26190001 369.418
26200001 369.011
26210001 370.063
26220001 369.668
26230001 369.305
26240001 370.368
26250001 370.718
26260001 368.902
26270001 370.721
26280001 372.519
26290001 371.658
26300001 370.356
26310001 368.814
26320001 369.833
26330001 372.334
26340001 369.722
26350001 368.954
26360001 369.762
26370001 369.275
26380001 368.812
26390001 369.024
26400001 370.768
26410001 369.219
26420001 370.415
26430001 368.308
26440001 368.808
26450001 370.438
26460001 370.93
26470001 369.64
26480001 367.588
26490001 369.171
26500001 370.639
26510001 369.781
26520001 371.655
26530001 372.509
26540001 369.55
26550001 370.94
26560001 369.817
26570001 369.406
26580001 367.966
26590001 368.964
26600001 370.564
26610001 371.361
26620001 370.244
26630001 370.112
26640001 370.032
26650001 371.284
26660001 369.004
26670001 370.391
26680001 369.214
26690001 371.431
26700001 369.72
26710001 369.688
26720001 369.985
26730001 370.588
26740001 368.854
26750001 370.337
26760001 369.703
26770001 371.501
26780001 370.594
26790001 370.238
26800001 371.236
26810001 369.056
26820001 370.352
26830001 370.839
26840001 368.94
26850001 370.654
26860001 371.415
26870001 369.638
26880001 370.987
26890001 369.249
26900001 369.056
26910001 369.946
26920001 370.975
26930001 370.144
26940001 371.287
26950001 370.23
26960001 371.156
26970001 372.505
26980001 371.533
26990001 371.526
27000001 373.12
27010001 371.599
27020001 370.834
27030001 371.73
27040001 368.779
27050001 371.901
27060001 370.374
27070001 371.049
27080001 370.727
27090001 370.639
27100001 371.074
27110001 370.967
27120001 372.167
27130001 371.149
27140001 369.327
27150001 371.17
27160001 370.709
27170001 370.668
27180001 371.356
27190001 370.322
27200001 371.139
27210001 369.654
27220001 369.619
27230001 370.885
27240001 371.204
27250001 371.511
27260001 370.734
27270001 370.097
27280001 373.036
27290001 371.715
27300001 372.652
27310001 371.144
27320001 369.7
27330001 370.236
27340001 372.182
27350001 371.002
27360001 371.463
27370001 371.972
27380001 372.047
27390001 371.754
27400001 371.796
27410001 369.425
27420001 371.248
27430001 370.175
27440001 371.44
27450001 370.842
27460001 370.255
27470001 372.419
27480001 372.524
27490001 372.412
27500001 371.132
27510001 373.635
27520001 371.022
27530001 371.597
27540001 371.36
27550001 369.363
27560001 370.341
27570001 373.139
27580001 370.958
27590001 371.499
27600001 372.646
27610001 371.196
27620001 370.973
27630001 371.306
27640001 370.492
27650001 371.165
27660001 370.644
27670001 369.916
27680001 371.323
27690001 371.586
27700001 372.115
27710001 373.029
27720001 372.159
27730001 371.469
27740001 370.272
27750001 372.626
27760001 371.117
27770001 372.577
27780001 371.717
27790001 370.031
27800001 372.295
27810001 372.791
27820001 371.404
27830001 371.931
27840001 372.98
27850001 373.926
27860001 371.75
27870001 371.52
27880001 370.758
27890001 373.741
27900001 372.259
27910001 370.92
27920001 372.549
27930001 369.445
27940001 372.354
27950001 373.113
27960001 372.195
27970001 373.794
27980001 372.853
27990001 371.578
28000001 370.776
28010001 371.062
28020001 370.303
28030001 374.099
28040001 370.562
28050001 372.685
28060001 373.22
28070001 372.427
28080001 371.614
28090001 372.146
28100001 370.43
28110001 371.263
28120001 372.407
28130001 372.038
28140001 372.347
28150001 372.178
28160001 371.627
28170001 369.677
28180001 369.222
28190001 371.48
28200001 372.109
28210001 372.852
28220001 372.111
28230001 373.763
28240001 371.854
28250001 370.778
28260001 372.489
28270001 369.863
28280001 371.272
28290001 371.614
28300001 371.92
28310001 373.211
28320001 374.532
28330001 370.136
28340001 372.139
28350001 372.172
28360001 374.41
28370001 373.745
28380001 372.386
28390001 372.855
28400001 371.767
28410001 373.374
28420001 372.591
28430001 374.506
28440001 371.737
28450001 372.592
28460001 371.504
28470001 373.663
28480001 371.325
28490001 373.322
28500001 372.322
28510001 373.078
28520001 370.922
28530001 371.966
28540001 373.131
28550001 372.384
28560001 374.034
28570001 371.308
28580001 371.693
28590001 371.472
28600001 371.514
28610001 370.762
28620001 371.172
28630001 373.863
28640001 374.226
28650001 373.565
28660001 371.287
28670001 372.467
28680001 373.442
28690001 373.853
28700001 371.586
28710001 373.52
28720001 372.645
28730001 372.296
28740001 372.848
28750001 371.571
28760001 372.218
28770001 372.212
28780001 374.309
28790001 370.952
28800001 373.45
28810001 371.138
28820001 371.312
28830001 373.89
28840001 371.018
28850001 371.093
28860001 372.619
28870001 370.016
28880001 371.95
28890001 371.71
28900001 373.793
28910001 374.129
28920001 371.783
28930001 374.03
28940001 372.086
28950001 371.945
28960001 373.936
28970001 374.49
28980001 372.383
28990001 371.128
29000001 371.794
29010001 375.126
29020001 372.663
29030001 374.086
29040001 371.014
29050001 372.056
29060001 374.716
29070001 372.483
29080001 371.197
29090001 373.095
29100001 373.522
29110001 373.36
29120001 372.413
29130001 372.439
29140001 372.111
29150001 374.93
29160001 373.024
29170001 374.161
29180001 371.362
29190001 373.978
29200001 372.478
29210001 372.232
29220001 371.789
29230001 372.764
29240001 371.593
29250001 372.769
29260001 374.915
29270001 373.44
29280001 373.375
29290001 372.108
29300001 372.86
29310001 371.567
29320001 370.268
29330001 372.941
29340001 373.512
29350001 372.281
29360001 372.343
29370001 372.905
29380001 370.773
29390001 373.512
29400001 372.592
29410001 373.915
29420001 374.484
29430001 373.094
29440001 373.471
29450001 371.266
29460001 371.718
29470001 372.514
29480001 375.243
29490001 373.01
29500001 372.887
29510001 374.59
29520001 374.014
29530001 373.64
29540001 373.107
29550001 373.249
29560001 372.414
29570001 372.635
29580001 374.968
29590001 374.812
29600001 372.959
29610001 371.85
29620001 370.55
29630001 372.168
29640001 373.558
29650001 373.262
29660001 373.389
29670001 372.634
29680001 374.074
29690001 374.886
29700001 373.595
29710001 372.378
29720001 371.523
29730001 372.922
29740001 373.488
29750001 371.879
29760001 375.929
29770001 373.868
29780001 372.72
29790001 376.308
29800001 374.28
29810001 374.669
29820001 375.219
29830001 371.698
29840001 375.557
29850001 372.902
29860001 374.707
29870001 376.281
29880001 375.825
29890001 374.247
29900001 373.041
29910001 373.661
29920001 373.978
29930001 373.352
29940001 372.872
29950001 373.379
29960001 373.367
29970001 373.027
29980001 373.285
29990001 375.767
