1 2182.41
10001 168.271
20001 94.0513
30001 61.8968
40001 44.9178
50001 33.9103
60001 26.7829
70001 21.9802
80001 18.5823
90001 15.9752
100001 14.0412
110001 12.4965
120001 11.3193
130001 10.3244
140001 9.57734
150001 8.89174
160001 8.35563
170001 7.89104
180001 7.50003
190001 7.15236
200001 6.87621
210001 6.64001
220001 6.41141
230001 6.162
240001 6.06309
250001 5.86605
260001 5.72345
270001 5.58933
280001 5.4441
290001 5.37253
300001 5.27956
310001 5.19558
320001 5.11169
330001 5.04776
340001 4.97653
350001 4.92037
360001 4.85405
370001 4.81874
380001 4.76179
390001 4.74631
400001 4.68641
410001 4.64211
420001 4.61167
430001 4.55561
440001 4.57263
450001 4.54422
460001 4.49915
470001 4.47818
480001 4.43351
490001 4.43577
500001 4.38941
510001 4.39773
520001 4.35325
530001 4.34233
540001 4.34345
550001 4.30796
560001 4.27986
570001 4.28557
580001 4.28239
590001 4.25668
600001 4.24458
610001 4.2189
620001 4.21385
630001 4.21268
640001 4.20223
650001 4.18494
660001 4.20883
670001 4.15749
680001 4.19296
690001 4.16821
700001 4.15329
710001 4.15078
720001 4.15362
730001 4.11627
740001 4.12772
750001 4.12265
760001 4.11365
770001 4.11519
780001 4.1093
790001 4.10434
800001 4.07725
810001 4.08576
820001 4.094
830001 4.08244
840001 4.08209
850001 4.07889
860001 4.076
870001 4.07744
880001 4.08336
890001 4.06309
900001 4.05121
910001 4.0695
920001 4.05103
930001 4.04681
940001 4.05345
950001 4.04198
960001 4.04353
970001 4.01992
980001 4.02742
990001 4.01279
1000001 4.02693
1010001 4.01848
1020001 4.0111
1030001 4.04076
1040001 4.00845
1050001 4.01997
1060001 4.0075
1070001 4.02208
1080001 4.02048
1090001 4.01637
1100001 4.00832
1110001 4.02096
1120001 3.98383
1130001 4.00978
1140001 3.9811
1150001 4.01706
1160001 3.99245
1170001 3.99253
1180001 3.99746
1190001 4.00986
1200001 3.99589
1210001 3.98593
1220001 4.01851
1230001 3.983
1240001 4.00487
1250001 3.99801
1260001 3.99446
1270001 3.99742
1280001 3.99618
1290001 3.98858
1300001 3.96755
1310001 3.97881
1320001 3.98123
1330001 3.96256
1340001 3.98047
1350001 3.97651
1360001 3.989
1370001 3.98755
1380001 3.96903
1390001 3.96625
1400001 3.96974
1410001 3.9705
1420001 3.96203
1430001 3.98393
1440001 3.97128
1450001 4.00465
1460001 3.97305
1470001 3.95607
1480001 3.97583
1490001 3.96658
1500001 3.97259
1510001 3.96343
1520001 3.96147
1530001 3.96657
1540001 3.9505
1550001 3.96622
1560001 3.98335
1570001 3.97453
1580001 3.98091
1590001 3.95335
1600001 3.96951
1610001 3.95578
1620001 3.94662
1630001 3.95187
1640001 3.9915
1650001 3.96618
1660001 3.95876
1670001 3.94931
1680001 3.96918
1690001 3.96778
1700001 3.95262
1710001 3.9776
1720001 3.96734
1730001 3.95665
1740001 3.93986
1750001 3.93966
1760001 3.93689
1770001 3.96667
1780001 3.95943
1790001 3.96611
1800001 3.94884
1810001 3.95751
1820001 3.94131
1830001 3.95485
1840001 3.95816
1850001 3.96523
1860001 3.94929
1870001 3.96873
1880001 3.96131
1890001 3.95605
1900001 3.96254
1910001 3.9467
1920001 3.95407
1930001 3.94253
1940001 3.94836
1950001 3.94949
1960001 3.96778
1970001 3.9512
1980001 3.94548
1990001 3.95819
2000001 3.96911
2010001 3.96195
2020001 3.96807
2030001 3.95354
2040001 3.98422
2050001 3.92957
2060001 3.96121
2070001 3.96464
2080001 3.9314
2090001 3.93973
2100001 3.94093
2110001 3.96185
2120001 3.95539
2130001 3.94392
2140001 3.97646
2150001 3.94016
2160001 3.93895
2170001 3.95336
2180001 3.93638
2190001 3.93279
2200001 3.95254
2210001 3.94743
2220001 3.96524
2230001 3.95136
2240001 3.93952
2250001 3.94148
2260001 3.95198
2270001 3.94006
2280001 3.96482
2290001 3.96103
2300001 3.95167
2310001 3.93258
2320001 3.93886
2330001 3.95531
2340001 3.9419
2350001 3.94978
2360001 3.94774
2370001 3.95045
2380001 3.9521
2390001 3.946
2400001 3.93658
2410001 3.94183
2420001 3.94248
2430001 3.9331
2440001 3.92962
2450001 3.95593
2460001 3.95499
2470001 3.93532
2480001 3.92822
2490001 3.95744
2500001 3.96197
2510001 3.93397
2520001 3.94081
2530001 3.93962
2540001 3.95841
2550001 3.94813
2560001 3.96623
2570001 3.95369
2580001 3.94329
2590001 3.92001
2600001 3.92698
2610001 3.94499
2620001 3.94072
2630001 3.93978
2640001 3.95203
2650001 3.96449
2660001 3.94104
2670001 3.93592
2680001 3.93483
2690001 3.93422
2700001 3.95934
2710001 3.94439
2720001 3.94328
2730001 3.93588
2740001 3.94365
2750001 3.92783
2760001 3.93574
2770001 3.93945
2780001 3.95691
2790001 3.92785
2800001 3.93949
2810001 3.92828
2820001 3.95464
2830001 3.92491
2840001 3.95892
2850001 3.94864
2860001 3.94568
2870001 3.93508
2880001 3.93737
2890001 3.93764
2900001 3.93989
2910001 3.91716
2920001 3.9463
2930001 3.95896
2940001 3.94553
2950001 3.95775
2960001 3.93966
2970001 3.93841
2980001 3.95696
2990001 3.96355
3000001 3.92605
3010001 3.94297
3020001 3.94455
3030001 3.94252
3040001 3.94649
3050001 3.95629
3060001 3.92393
3070001 3.94543
3080001 3.92648
3090001 3.94105
3100001 3.93656
3110001 3.93564
3120001 3.93308
3130001 3.95007
3140001 3.96558
3150001 3.9499
3160001 3.94796
3170001 3.94424
3180001 3.93575
3190001 3.93962
3200001 3.92693
3210001 3.93356
3220001 3.9419
3230001 3.95661
3240001 3.92505
3250001 3.94405
3260001 3.94885
3270001 3.9356
3280001 3.93747
3290001 3.93637
3300001 3.94448
3310001 3.94556
3320001 3.92677
3330001 3.95189
3340001 3.9238
3350001 3.92738
3360001 3.95257
3370001 3.92495
3380001 3.93255
3390001 3.93646
3400001 3.93437
3410001 3.93382
3420001 3.94412
3430001 3.93902
3440001 3.93692
3450001 3.93177
3460001 3.91911
3470001 3.92471
3480001 3.94599
3490001 3.94341
3500001 3.91918
3510001 3.95319
3520001 3.94364
3530001 3.94766
3540001 3.95849
3550001 3.94755
3560001 3.91329
3570001 3.93772
3580001 3.92864
3590001 3.92821
3600001 3.95916
3610001 3.94707
3620001 3.92461
3630001 3.92844
3640001 3.93505
3650001 3.93659
3660001 3.95536
3670001 3.95643
3680001 3.93393
3690001 3.93846
3700001 3.93859
3710001 3.9446
3720001 3.96602
3730001 3.95257
3740001 3.94093
3750001 3.95482
3760001 3.95953
3770001 3.92662
3780001 3.93865
3790001 3.95907
3800001 3.93504
3810001 3.92694
3820001 3.9385
3830001 3.93367
3840001 3.94555
3850001 3.92551
3860001 3.95187
3870001 3.91256
3880001 3.93919
3890001 3.94044
3900001 3.95502
3910001 3.96148
3920001 3.92166
3930001 3.94432
3940001 3.93274
3950001 3.93586
3960001 3.95211
3970001 3.92925
3980001 3.95765
3990001 3.93599
4000001 3.9435
4010001 3.94584
4020001 3.95366
4030001 3.94837
4040001 3.94784
4050001 3.93076
4060001 3.95194
4070001 3.93365
4080001 3.93878
4090001 3.92199
4100001 3.94231
4110001 3.9484
4120001 3.95107
4130001 3.93462
4140001 3.94296
4150001 3.96727
4160001 3.9667
4170001 3.94545
4180001 3.93454
4190001 3.94744
4200001 3.9515
4210001 3.93474
4220001 3.93898
4230001 3.92339
4240001 3.94581
4250001 3.97199
4260001 3.93897
4270001 3.93256
4280001 3.93076
4290001 3.94835
4300001 3.94773
4310001 3.93442
4320001 3.9469
4330001 3.93927
4340001 3.95249
4350001 3.94278
4360001 3.94738
4370001 3.94379
4380001 3.92664
4390001 3.93332
4400001 3.92387
4410001 3.96104
4420001 3.94346
4430001 3.92158
4440001 3.94848
4450001 3.94214
4460001 3.92776
4470001 3.95087
4480001 3.913
4490001 3.9398
4500001 3.93499
4510001 3.94576
4520001 3.96178
4530001 3.94271
4540001 3.93465
4550001 3.94006
4560001 3.92372
4570001 3.93678
4580001 3.92783
4590001 3.92082
4600001 3.93904
4610001 3.9484
4620001 3.96284
4630001 3.93956
4640001 3.93929
4650001 3.94407
4660001 3.93677
4670001 3.9388
4680001 3.93834
4690001 3.95187
4700001 3.92862
4710001 3.95572
4720001 3.93517
4730001 3.94964
4740001 3.92785
4750001 3.92757
4760001 3.93425
4770001 3.94634
4780001 3.94023
4790001 3.93787
4800001 3.93826
4810001 3.93921
4820001 3.91648
4830001 3.94206
4840001 3.92821
4850001 3.9608
4860001 3.94348
4870001 3.92713
4880001 3.94792
4890001 3.93742
4900001 3.93963
4910001 3.93909
4920001 3.94207
4930001 3.93385
4940001 3.95903
4950001 3.92925
4960001 3.94407
4970001 3.938
4980001 3.94131
4990001 3.93778
5000001 3.96052
5010001 3.93073
5020001 3.94698
5030001 3.9556
5040001 3.94514
5050001 3.95267
5060001 3.94862
5070001 3.93235
5080001 3.94543
5090001 3.94126
5100001 3.93935
5110001 3.91968
5120001 3.95057
5130001 3.94225
5140001 3.93484
5150001 3.93876
5160001 3.93164
5170001 3.92251
5180001 3.92732
5190001 3.94663
5200001 3.93348
5210001 3.9513
5220001 3.92192
5230001 3.95386
5240001 3.92369
5250001 3.94251
5260001 3.97146
5270001 3.94701
5280001 3.93932
5290001 3.92507
5300001 3.94457
5310001 3.93119
5320001 3.93815
5330001 3.93772
5340001 3.94987
5350001 3.94514
5360001 3.92848
5370001 3.93978
5380001 3.93342
5390001 3.94577
5400001 3.93106
5410001 3.93008
5420001 3.95863
5430001 3.92914
5440001 3.94702
5450001 3.93987
5460001 3.95199
5470001 3.93772
5480001 3.93739
5490001 3.94645
5500001 3.93771
5510001 3.93574
5520001 3.94551
5530001 3.93591
5540001 3.91632
5550001 3.94021
5560001 3.95618
5570001 3.94446
5580001 3.93866
5590001 3.94723
5600001 3.94174
5610001 3.92171
5620001 3.9417
5630001 3.9464
5640001 3.92375
5650001 3.93968
5660001 3.93809
5670001 3.96516
5680001 3.93535
5690001 3.95038
5700001 3.91109
5710001 3.93402
5720001 3.94888
5730001 3.93291
5740001 3.92385
5750001 3.92196
5760001 3.94888
5770001 3.9287
5780001 3.95904
5790001 3.95455
5800001 3.93797
5810001 3.95195
5820001 3.94324
5830001 3.95933
5840001 3.93637
5850001 3.93295
5860001 3.95789
5870001 3.93744
5880001 3.93307
5890001 3.93289
5900001 3.93351
5910001 3.93757
5920001 3.92904
5930001 3.91984
5940001 3.93357
5950001 3.93665
5960001 3.92128
5970001 3.92849
5980001 3.9374
5990001 3.94216
6000001 3.9502
6010001 3.94991
6020001 3.91324
6030001 3.94342
6040001 3.93398
6050001 3.9604
6060001 3.94275
6070001 3.93304
6080001 3.95229
6090001 3.9465
6100001 3.93019
6110001 3.94222
6120001 3.93904
6130001 3.93519
6140001 3.94775
6150001 3.94654
6160001 3.9356
6170001 3.93819
6180001 3.93047
6190001 3.93475
6200001 3.92906
6210001 3.96026
6220001 3.96664
6230001 3.94056
6240001 3.94899
6250001 3.94224
6260001 3.94224
6270001 3.93963
6280001 3.92775
6290001 3.94064
6300001 3.9483
6310001 3.94615
6320001 3.93549
6330001 3.94478
6340001 3.91815
6350001 3.93402
6360001 3.9306
6370001 3.94516
6380001 3.94804
6390001 3.92515
6400001 3.93273
6410001 3.94897
6420001 3.91447
6430001 3.93318
6440001 3.94826
6450001 3.91982
6460001 3.95061
6470001 3.93792
6480001 3.95303
6490001 3.9474
6500001 3.90943
6510001 3.9362
6520001 3.93228
6530001 3.96965
6540001 3.94807
6550001 3.93095
6560001 3.93793
6570001 3.92908
6580001 3.93816
6590001 3.93293
6600001 3.92323
6610001 3.94111
6620001 3.93062
6630001 3.94098
6640001 3.92611
6650001 3.94198
6660001 3.92544
6670001 3.95148
6680001 3.9195
6690001 3.93742
6700001 3.93409
6710001 3.94932
6720001 3.9349
6730001 3.92262
6740001 3.94177
6750001 3.94848
6760001 3.93737
6770001 3.95581
6780001 3.95029
6790001 3.94038
6800001 3.95407
6810001 3.93917
6820001 3.93334
6830001 3.94115
6840001 3.93338
6850001 3.93813
6860001 3.93572
6870001 3.94414
6880001 3.95436
6890001 3.94799
6900001 3.93749
6910001 3.93383
6920001 3.94209
6930001 3.93959
6940001 3.94774
6950001 3.92573
6960001 3.94709
6970001 3.94918
6980001 3.96279
6990001 3.92676
7000001 3.94623
7010001 3.91776
7020001 3.9391
7030001 3.93833
7040001 3.95467
7050001 3.94474
7060001 3.94466
7070001 3.93335
7080001 3.92559
7090001 3.94659
7100001 3.91459
7110001 3.94612
7120001 3.9416
7130001 3.94936
7140001 3.91368
7150001 3.93209
7160001 3.93446
7170001 3.93557
7180001 3.92932
7190001 3.92615
7200001 3.95111
7210001 3.97305
7220001 3.9586
7230001 3.94739
7240001 3.91157
7250001 3.92297
7260001 3.9474
7270001 3.9141
7280001 3.94495
7290001 3.95328
7300001 3.93067
7310001 3.95187
7320001 3.936
7330001 3.93743
7340001 3.93332
7350001 3.93163
7360001 3.95125
7370001 3.94461
7380001 3.94331
7390001 3.93486
7400001 3.94775
7410001 3.94851
7420001 3.9545
7430001 3.91695
7440001 3.92985
7450001 3.93911
7460001 3.95129
7470001 3.94781
7480001 3.94751
7490001 3.93644
7500001 3.95396
7510001 3.94107
7520001 3.93074
7530001 3.93799
7540001 3.9669
7550001 3.92489
7560001 3.92489
7570001 3.92401
7580001 3.93415
7590001 3.9472
7600001 3.93055
7610001 3.92971
7620001 3.92301
7630001 3.93627
7640001 3.95084
7650001 3.93501
7660001 3.92618
7670001 3.96346
7680001 3.92407
7690001 3.95272
7700001 3.93964
7710001 3.95973
7720001 3.94077
7730001 3.92778
7740001 3.96244
7750001 3.93196
7760001 3.94424
7770001 3.9309
7780001 3.94868
7790001 3.92893
7800001 3.9505
7810001 3.94766
7820001 3.92129
7830001 3.93623
7840001 3.92473
7850001 3.92434
7860001 3.94318
7870001 3.93441
7880001 3.95354
7890001 3.94796
7900001 3.94675
7910001 3.92111
7920001 3.92619
7930001 3.92484
7940001 3.92655
7950001 3.94727
7960001 3.93209
7970001 3.94598
7980001 3.94101
7990001 3.93293
8000001 3.92581
8010001 3.93491
8020001 3.93151
8030001 3.94422
8040001 3.9655
8050001 3.9221
8060001 3.95241
8070001 3.94367
8080001 3.93988
8090001 3.9343
8100001 3.94097
8110001 3.94141
8120001 3.94182
8130001 3.92826
8140001 3.92657
8150001 3.9312
8160001 3.9318
8170001 3.94417
8180001 3.93124
8190001 3.91485
8200001 3.93651
8210001 3.93888
8220001 3.94212
8230001 3.93415
8240001 3.95256
8250001 3.93601
8260001 3.93514
8270001 3.92938
8280001 3.95134
8290001 3.92617
8300001 3.9532
8310001 3.93449
8320001 3.9435
8330001 3.94299
8340001 3.94582
8350001 3.93908
8360001 3.92239
8370001 3.9328
8380001 3.95321
8390001 3.92132
8400001 3.93726
8410001 3.93426
8420001 3.92955
8430001 3.94155
8440001 3.93507
8450001 3.92133
8460001 3.96339
8470001 3.91042
8480001 3.942
8490001 3.94968
8500001 3.94207
8510001 3.92714
8520001 3.92206
8530001 3.93176
8540001 3.94425
8550001 3.94793
8560001 3.93633
8570001 3.9377
8580001 3.92938
8590001 3.9322
8600001 3.94481
8610001 3.93046
8620001 3.93658
8630001 3.92965
8640001 3.92493
8650001 3.93274
8660001 3.92688
8670001 3.9341
8680001 3.9191
8690001 3.94458
8700001 3.9658
8710001 3.93727
8720001 3.91819
8730001 3.91894
8740001 3.95576
8750001 3.9297
8760001 3.91543
8770001 3.924
8780001 3.96583
8790001 3.91297
8800001 3.93384
8810001 3.9489
8820001 3.93393
8830001 3.93754
8840001 3.94119
8850001 3.92624
8860001 3.93992
8870001 3.92982
8880001 3.9487
8890001 3.95133
8900001 3.94249
8910001 3.935
8920001 3.94534
8930001 3.92027
8940001 3.92124
8950001 3.94508
8960001 3.92627
8970001 3.94808
8980001 3.94481
8990001 3.93019
9000001 3.93739
9010001 3.93769
9020001 3.92565
9030001 3.94997
9040001 3.92209
9050001 3.93998
9060001 3.95104
9070001 3.95694
9080001 3.93471
9090001 3.93536
9100001 3.93264
9110001 3.94788
9120001 3.92498
9130001 3.93314
9140001 3.9295
9150001 3.95077
9160001 3.9287
9170001 3.94738
9180001 3.91965
9190001 3.92715
9200001 3.93225
9210001 3.95275
9220001 3.91233
9230001 3.92955
9240001 3.91827
9250001 3.92635
9260001 3.94475
9270001 3.95017
9280001 3.91298
9290001 3.92329
9300001 3.93528
9310001 3.9562
9320001 3.91893
9330001 3.92769
9340001 3.94977
9350001 3.92402
9360001 3.91697
9370001 3.93453
9380001 3.92538
9390001 3.92937
9400001 3.94342
9410001 3.95972
9420001 3.93405
9430001 3.92386
9440001 3.93212
9450001 3.92993
9460001 3.94872
9470001 3.95357
9480001 3.94897
9490001 3.93447
9500001 3.93472
9510001 3.97231
9520001 3.94871
9530001 3.93576
9540001 3.91106
9550001 3.93605
9560001 3.93886
9570001 3.92737
9580001 3.95488
9590001 3.94847
9600001 3.95611
9610001 3.92819
9620001 3.95714
9630001 3.94357
9640001 3.93662
9650001 3.92495
9660001 3.91248
9670001 3.9299
9680001 3.93603
9690001 3.93355
9700001 3.92111
9710001 3.93052
9720001 3.94775
9730001 3.93306
9740001 3.92939
9750001 3.93723
9760001 3.94403
9770001 3.93303
9780001 3.94117
9790001 3.94777
9800001 3.94205
9810001 3.93173
9820001 3.90808
9830001 3.94487
9840001 3.94224
9850001 3.95564
9860001 3.93642
9870001 3.92101
9880001 3.92702
9890001 3.93341
9900001 3.9681
9910001 3.94733
9920001 3.93043
9930001 3.95145
9940001 3.94194
9950001 3.94012
9960001 3.91768
9970001 3.93885
9980001 3.93633
9990001 3.95211
10000001 3.93244
10010001 3.93425
10020001 3.93838
10030001 3.94208
10040001 3.92092
10050001 3.94332
10060001 3.94308
10070001 3.93352
10080001 3.91491
10090001 3.92545
10100001 3.93722
10110001 3.9391
10120001 3.94459
10130001 3.92845
10140001 3.92528
10150001 3.9216
10160001 3.95751
10170001 3.94561
10180001 3.95036
10190001 3.94136
10200001 3.94215
10210001 3.95691
10220001 3.93875
10230001 3.91873
10240001 3.94654
10250001 3.93142
10260001 3.94914
10270001 3.95249
10280001 3.91
10290001 3.94697
10300001 3.91093
10310001 3.94894
10320001 3.90975
10330001 3.9428
10340001 3.92584
10350001 3.92417
10360001 3.93709
10370001 3.94439
10380001 3.92907
10390001 3.92281
10400001 3.92641
10410001 3.94155
10420001 3.92313
10430001 3.92821
10440001 3.92638
10450001 3.92772
10460001 3.94106
10470001 3.95146
10480001 3.9613
10490001 3.94855
10500001 3.9296
10510001 3.9371
10520001 3.94858
10530001 3.91901
10540001 3.95129
10550001 3.92564
10560001 3.91929
10570001 3.91257
10580001 3.93133
10590001 3.94858
10600001 3.92274
10610001 3.92596
10620001 3.9727
10630001 3.95008
10640001 3.94551
10650001 3.92706
10660001 3.94807
10670001 3.93642
10680001 3.94651
10690001 3.9258
10700001 3.95426
10710001 3.93399
10720001 3.93387
10730001 3.93522
10740001 3.93944
10750001 3.92547
10760001 3.92127
10770001 3.93377
10780001 3.93666
10790001 3.93355
10800001 3.94256
10810001 3.93746
10820001 3.93108
10830001 3.9499
10840001 3.94292
10850001 3.93574
10860001 3.96428
10870001 3.92618
10880001 3.93615
10890001 3.92943
10900001 3.94822
10910001 3.94768
10920001 3.93226
10930001 3.92844
10940001 3.95237
10950001 3.94572
10960001 3.93735
10970001 3.94231
10980001 3.93604
10990001 3.93876
11000001 3.94166
11010001 3.9515
11020001 3.94196
11030001 3.94172
11040001 3.9378
11050001 3.92772
11060001 3.93138
11070001 3.92371
11080001 3.92169
11090001 3.93155
11100001 3.95969
11110001 3.92535
11120001 3.93238
11130001 3.93779
11140001 3.94886
11150001 3.93797
11160001 3.93249
11170001 3.94891
11180001 3.93337
11190001 3.92721
11200001 3.94117
11210001 3.92918
11220001 3.9248
11230001 3.94074
11240001 3.93104
11250001 3.92968
11260001 3.94256
11270001 3.94139
11280001 3.93306
11290001 3.9183
11300001 3.9535
11310001 3.95921
11320001 3.93451
11330001 3.93558
11340001 3.9327
11350001 3.93907
11360001 3.93078
11370001 3.93588
11380001 3.94836
11390001 3.93579
11400001 3.9395
11410001 3.92055
11420001 3.93201
11430001 3.96546
11440001 3.93519
11450001 3.94103
11460001 3.93937
11470001 3.94329
11480001 3.9339
11490001 3.94602
11500001 3.96475
11510001 3.94426
11520001 3.92527
11530001 3.93591
11540001 3.92968
11550001 3.92994
11560001 3.94473
11570001 3.92875
11580001 3.92433
11590001 3.95231
11600001 3.90862
11610001 3.95472
11620001 3.94208
11630001 3.94658
11640001 3.93054
11650001 3.92778
11660001 3.92699
11670001 3.9379
11680001 3.94084
11690001 3.93749
11700001 3.94676
11710001 3.93465
11720001 3.9474
11730001 3.94664
11740001 3.94142
11750001 3.92781
11760001 3.93227
11770001 3.93214
11780001 3.93324
11790001 3.93763
11800001 3.93112
11810001 3.93651
11820001 3.93802
11830001 3.92998
11840001 3.95588
11850001 3.91543
11860001 3.93452
11870001 3.93718
11880001 3.9437
11890001 3.95418
11900001 3.9298
11910001 3.95054
11920001 3.92606
11930001 3.94581
11940001 3.92684
11950001 3.91444
11960001 3.93909
11970001 3.92905
11980001 3.91024
11990001 3.95364
12000001 3.94318
12010001 3.94309
12020001 3.95057
12030001 3.93321
12040001 3.94365
12050001 3.93183
12060001 3.93345
12070001 3.93033
12080001 3.94516
12090001 3.93162
12100001 3.96076
12110001 3.93974
12120001 3.9362
12130001 3.92405
12140001 3.94532
12150001 3.96197
12160001 3.92508
12170001 3.95218
12180001 3.93211
12190001 3.93512
12200001 3.92862
12210001 3.92121
12220001 3.9361
12230001 3.95866
12240001 3.92913
12250001 3.91239
12260001 3.9336
12270001 3.93473
12280001 3.9296
12290001 3.92428
12300001 3.93114
12310001 3.93422
12320001 3.9585
12330001 3.9454
12340001 3.95766
12350001 3.92511
12360001 3.91057
12370001 3.9233
12380001 3.94452
12390001 3.92912
12400001 3.96251
12410001 3.91494
12420001 3.93697
12430001 3.93225
12440001 3.92444
12450001 3.94896
12460001 3.94057
12470001 3.94465
12480001 3.9497
12490001 3.9179
12500001 3.93833
12510001 3.94271
12520001 3.94083
12530001 3.9492
12540001 3.94732
12550001 3.93692
12560001 3.94491
12570001 3.93231
12580001 3.95366
12590001 3.96855
12600001 3.92967
12610001 3.95096
12620001 3.94936
12630001 3.93656
12640001 3.94991
12650001 3.92681
12660001 3.92353
12670001 3.92129
12680001 3.93615
12690001 3.93467
12700001 3.929
12710001 3.95659
12720001 3.94216
12730001 3.94299
12740001 3.94323
12750001 3.96041
12760001 3.95116
12770001 3.94334
12780001 3.91573
12790001 3.94112
12800001 3.96174
12810001 3.92333
12820001 3.9356
12830001 3.93023
12840001 3.94082
12850001 3.94614
12860001 3.94021
12870001 3.92897
12880001 3.94439
12890001 3.91744
12900001 3.92883
12910001 3.95554
12920001 3.92916
12930001 3.9395
12940001 3.93729
12950001 3.94174
12960001 3.9399
12970001 3.91921
12980001 3.92137
12990001 3.90889
13000001 3.96789
13010001 3.93682
13020001 3.93698
13030001 3.93559
13040001 3.94004
13050001 3.9389
13060001 3.94366
13070001 3.92733
13080001 3.93996
13090001 3.90937
13100001 3.93805
13110001 3.94539
13120001 3.95189
13130001 3.95573
13140001 3.94995
13150001 3.95544
13160001 3.92712
13170001 3.95162
13180001 3.93749
13190001 3.94498
13200001 3.95445
13210001 3.95188
13220001 3.91837
13230001 3.93347
13240001 3.93758
13250001 3.94078
13260001 3.93434
13270001 3.93133
13280001 3.96386
13290001 3.92718
13300001 3.92965
13310001 3.94117
13320001 3.92251
13330001 3.93835
13340001 3.95686
13350001 3.93664
13360001 3.92785
13370001 3.94159
13380001 3.94186
13390001 3.9618
13400001 3.92212
13410001 3.92582
13420001 3.92539
13430001 3.94156
13440001 3.93087
13450001 3.93848
13460001 3.92847
13470001 3.92187
13480001 3.94667
13490001 3.94234
13500001 3.92553
13510001 3.94741
13520001 3.94665
13530001 3.94265
13540001 3.94554
13550001 3.9311
13560001 3.92648
13570001 3.93832
13580001 3.90847
13590001 3.92218
13600001 3.95541
13610001 3.92917
13620001 3.91677
13630001 3.92736
13640001 3.94098
13650001 3.93909
13660001 3.938
13670001 3.94583
13680001 3.94169
13690001 3.95693
13700001 3.93869
13710001 3.92602
13720001 3.94874
13730001 3.93301
13740001 3.93785
13750001 3.94022
13760001 3.95124
13770001 3.92528
13780001 3.95428
13790001 3.91615
13800001 3.94561
13810001 3.94871
13820001 3.93525
13830001 3.90382
13840001 3.94759
13850001 3.94814
13860001 3.94883
13870001 3.95003
13880001 3.94444
13890001 3.92957
13900001 3.92895
13910001 3.90874
13920001 3.93444
13930001 3.95663
13940001 3.95298
13950001 3.93892
13960001 3.92849
13970001 3.95768
13980001 3.92848
13990001 3.96406
14000001 3.93969
14010001 3.93425
14020001 3.94111
14030001 3.91599
14040001 3.92348
14050001 3.92318
14060001 3.93972
14070001 3.93166
14080001 3.94288
14090001 3.94499
14100001 3.92576
14110001 3.93473
14120001 3.92016
14130001 3.92628
14140001 3.93076
14150001 3.9102
14160001 3.92484
14170001 3.94201
14180001 3.9453
14190001 3.92813
14200001 3.93421
14210001 3.94801
14220001 3.94243
14230001 3.94091
14240001 3.94268
14250001 3.94316
14260001 3.9237
14270001 3.92316
14280001 3.92382
14290001 3.95776
14300001 3.92388
14310001 3.95725
14320001 3.94655
14330001 3.93221
14340001 3.93466
14350001 3.93475
14360001 3.94781
14370001 3.96342
14380001 3.95422
14390001 3.93487
14400001 3.93163
14410001 3.9486
14420001 3.92933
14430001 3.93003
14440001 3.93812
14450001 3.92941
14460001 3.93655
14470001 3.95213
14480001 3.9459
14490001 3.93124
14500001 3.93693
14510001 3.93876
14520001 3.94121
14530001 3.93481
14540001 3.94144
14550001 3.93808
14560001 3.93678
14570001 3.94821
14580001 3.93055
14590001 3.92221
14600001 3.93983
14610001 3.93983
14620001 3.92103
14630001 3.9332
14640001 3.92522
14650001 3.95388
14660001 3.92702
14670001 3.92567
14680001 3.93023
14690001 3.93113
14700001 3.94179
14710001 3.93277
14720001 3.9391
14730001 3.94137
14740001 3.95307
14750001 3.93151
14760001 3.93297
14770001 3.95282
14780001 3.94259
14790001 3.92143
14800001 3.93816
14810001 3.934
14820001 3.94021
14830001 3.93514
14840001 3.9295
14850001 3.94445
14860001 3.94213
14870001 3.95023
14880001 3.92785
14890001 3.95193
14900001 3.93532
14910001 3.92498
14920001 3.92013
14930001 3.94102
14940001 3.94486
14950001 3.9484
14960001 3.93454
14970001 3.92692
14980001 3.93044
14990001 3.93929
15000001 3.92693
15010001 3.935
15020001 3.95856
15030001 3.94078
15040001 3.9172
15050001 3.93776
15060001 3.93836
15070001 3.93648
15080001 3.93671
15090001 3.94322
15100001 3.93967
15110001 3.9179
15120001 3.93388
15130001 3.93561
15140001 3.91372
15150001 3.93949
15160001 3.94912
15170001 3.95885
15180001 3.95006
15190001 3.92654
15200001 3.9326
15210001 3.93583
15220001 3.91335
15230001 3.94402
15240001 3.94208
15250001 3.92588
15260001 3.92182
15270001 3.93416
15280001 3.93875
15290001 3.94673
15300001 3.95324
15310001 3.91248
15320001 3.93862
15330001 3.94481
15340001 3.93232
15350001 3.92893
15360001 3.9329
15370001 3.94944
15380001 3.92752
15390001 3.92905
15400001 3.92504
15410001 3.93015
15420001 3.9537
15430001 3.93197
15440001 3.93594
15450001 3.92615
15460001 3.93017
15470001 3.93155
15480001 3.94417
15490001 3.94906
15500001 3.935
15510001 3.94722
15520001 3.94449
15530001 3.93739
15540001 3.94205
15550001 3.93286
15560001 3.94414
15570001 3.91537
15580001 3.96055
15590001 3.9418
15600001 3.94707
15610001 3.94964
15620001 3.92343
15630001 3.92136
15640001 3.93766
15650001 3.93785
15660001 3.92145
15670001 3.94463
15680001 3.9247
15690001 3.92347
15700001 3.95353
15710001 3.93275
15720001 3.92903
15730001 3.94162
15740001 3.92355
15750001 3.93733
15760001 3.94194
15770001 3.95711
15780001 3.94744
15790001 3.92882
15800001 3.93238
15810001 3.94587
15820001 3.9361
15830001 3.94066
15840001 3.94239
15850001 3.94378
15860001 3.94149
15870001 3.91775
15880001 3.93829
15890001 3.93067
15900001 3.94018
15910001 3.9463
15920001 3.94268
15930001 3.95099
15940001 3.95368
15950001 3.93859
15960001 3.93903
15970001 3.9373
15980001 3.94677
15990001 3.92571
16000001 3.949
16010001 3.93811
16020001 3.93804
16030001 3.92015
16040001 3.93578
16050001 3.94181
16060001 3.96084
16070001 3.94764
16080001 3.95125
16090001 3.91556
16100001 3.93074
16110001 3.9467
16120001 3.92066
16130001 3.91493
16140001 3.93022
16150001 3.92926
16160001 3.94173
16170001 3.94842
16180001 3.9363
16190001 3.95136
16200001 3.93556
16210001 3.93477
16220001 3.93815
16230001 3.92554
16240001 3.93108
16250001 3.91226
16260001 3.91778
16270001 3.94645
16280001 3.93443
16290001 3.93682
16300001 3.96856
16310001 3.9452
16320001 3.93657
16330001 3.93499
16340001 3.92517
16350001 3.93746
16360001 3.95105
16370001 3.95332
16380001 3.96477
16390001 3.9356
16400001 3.92995
16410001 3.9213
16420001 3.95473
16430001 3.95324
16440001 3.93338
16450001 3.92192
16460001 3.94481
16470001 3.94928
16480001 3.93266
16490001 3.93504
16500001 3.94781
16510001 3.94149
16520001 3.94241
16530001 3.94087
16540001 3.93334
16550001 3.9366
16560001 3.93885
16570001 3.93144
16580001 3.94127
16590001 3.92004
16600001 3.94466
16610001 3.92081
16620001 3.93597
16630001 3.91954
16640001 3.9407
16650001 3.96092
16660001 3.9407
16670001 3.9373
16680001 3.935
16690001 3.94755
16700001 3.9187
16710001 3.92008
16720001 3.91301
16730001 3.9146
16740001 3.92213
16750001 3.92703
16760001 3.9247
16770001 3.93137
16780001 3.92971
16790001 3.93565
16800001 3.92939
16810001 3.94422
16820001 3.95484
16830001 3.91712
16840001 3.94208
16850001 3.93824
16860001 3.9235
16870001 3.93424
16880001 3.94108
16890001 3.9252
16900001 3.93714
16910001 3.91557
16920001 3.95145
16930001 3.93076
16940001 3.92562
16950001 3.93198
16960001 3.93682
16970001 3.92788
16980001 3.94917
16990001 3.93804
17000001 3.94793
17010001 3.93672
17020001 3.94275
17030001 3.92579
17040001 3.93334
17050001 3.94022
17060001 3.94364
17070001 3.95735
17080001 3.91529
17090001 3.93202
17100001 3.94265
17110001 3.93018
17120001 3.96248
17130001 3.92381
17140001 3.9351
17150001 3.93734
17160001 3.91486
17170001 3.92181
17180001 3.93966
17190001 3.92577
17200001 3.92471
17210001 3.94776
17220001 3.94073
17230001 3.93989
17240001 3.91702
17250001 3.91187
17260001 3.95172
17270001 3.93215
17280001 3.93767
17290001 3.93306
17300001 3.90841
17310001 3.9352
17320001 3.92683
17330001 3.94794
17340001 3.94223
17350001 3.93478
17360001 3.9354
17370001 3.9224
17380001 3.93484
17390001 3.95336
17400001 3.94536
17410001 3.9398
17420001 3.93346
17430001 3.95441
17440001 3.92898
17450001 3.94242
17460001 3.94288
17470001 3.94349
17480001 3.91754
17490001 3.92725
17500001 3.92646
17510001 3.91966
17520001 3.91952
17530001 3.92001
17540001 3.928
17550001 3.93746
17560001 3.91052
17570001 3.93054
17580001 3.95644
17590001 3.93159
17600001 3.9426
17610001 3.93899
17620001 3.94774
17630001 3.93684
17640001 3.92517
17650001 3.94935
17660001 3.93561
17670001 3.93515
17680001 3.94965
17690001 3.9396
17700001 3.94447
17710001 3.95905
17720001 3.95232
17730001 3.93084
17740001 3.9568
17750001 3.9413
17760001 3.94392
17770001 3.94221
17780001 3.93567
17790001 3.95476
17800001 3.92912
17810001 3.92586
17820001 3.95225
17830001 3.9611
17840001 3.93034
17850001 3.92745
17860001 3.94533
17870001 3.92288
17880001 3.92757
17890001 3.92081
17900001 3.91831
17910001 3.92395
17920001 3.9538
17930001 3.95143
17940001 3.92322
17950001 3.94761
17960001 3.93547
17970001 3.92889
17980001 3.91436
17990001 3.94366
18000001 3.96211
18010001 3.9586
18020001 3.93489
18030001 3.95305
18040001 3.94001
18050001 3.95249
18060001 3.94407
18070001 3.935
18080001 3.93128
18090001 3.94922
18100001 3.91734
18110001 3.91156
18120001 3.92954
18130001 3.93058
18140001 3.94136
18150001 3.94515
18160001 3.96126
18170001 3.92867
18180001 3.92773
18190001 3.92629
18200001 3.92408
18210001 3.93893
18220001 3.94171
18230001 3.95585
18240001 3.92343
18250001 3.93499
18260001 3.93866
18270001 3.92262
18280001 3.94658
18290001 3.93844
18300001 3.95929
18310001 3.94491
18320001 3.93915
18330001 3.93159
18340001 3.94014
18350001 3.93089
18360001 3.92683
18370001 3.93553
18380001 3.92437
18390001 3.94275
18400001 3.94893
18410001 3.94498
18420001 3.93076
18430001 3.92965
18440001 3.91491
18450001 3.95081
18460001 3.92503
18470001 3.93313
18480001 3.93401
18490001 3.94125
18500001 3.92601
18510001 3.93927
18520001 3.91966
18530001 3.94703
18540001 3.93238
18550001 3.93552
18560001 3.93582
18570001 3.92778
18580001 3.93329
18590001 3.94787
18600001 3.9304
18610001 3.93972
18620001 3.94512
18630001 3.93141
18640001 3.94077
18650001 3.91987
18660001 3.92813
18670001 3.9558
18680001 3.94213
18690001 3.93914
18700001 3.94101
18710001 3.93833
18720001 3.93073
18730001 3.9506
18740001 3.9517
18750001 3.9597
18760001 3.94922
18770001 3.92901
18780001 3.94
18790001 3.94067
18800001 3.94837
18810001 3.93588
18820001 3.94169
18830001 3.92937
18840001 3.94721
18850001 3.9333
18860001 3.95265
18870001 3.93167
18880001 3.9181
18890001 3.92336
18900001 3.95549
18910001 3.92379
18920001 3.9518
18930001 3.91802
18940001 3.93289
18950001 3.94573
18960001 3.93802
18970001 3.95619
18980001 3.94569
18990001 3.92801
19000001 3.95086
19010001 3.94315
19020001 3.95431
19030001 3.933
19040001 3.94517
19050001 3.93013
19060001 3.93007
19070001 3.93396
19080001 3.94938
19090001 3.94792
19100001 3.92199
19110001 3.95339
19120001 3.92124
19130001 3.92339
19140001 3.941
19150001 3.91872
19160001 3.93899
19170001 3.93949
19180001 3.94908
19190001 3.9325
19200001 3.93436
19210001 3.92058
19220001 3.9416
19230001 3.94082
19240001 3.95215
19250001 3.93091
19260001 3.92807
19270001 3.93268
19280001 3.93481
19290001 3.96049
19300001 3.94119
19310001 3.92653
19320001 3.93296
19330001 3.93637
19340001 3.92248
19350001 3.93419
19360001 3.93025
19370001 3.92828
19380001 3.92899
19390001 3.94339
19400001 3.9611
19410001 3.92623
19420001 3.94481
19430001 3.92452
19440001 3.9336
19450001 3.9507
19460001 3.93451
19470001 3.92599
19480001 3.94078
19490001 3.93954
19500001 3.91704
19510001 3.94299
19520001 3.94063
19530001 3.9414
19540001 3.94698
19550001 3.92306
19560001 3.94069
19570001 3.92448
19580001 3.93013
19590001 3.93234
19600001 3.93456
19610001 3.94288
19620001 3.93554
19630001 3.92509
19640001 3.93098
19650001 3.9467
19660001 3.93681
19670001 3.91571
19680001 3.96088
19690001 3.93616
19700001 3.93869
19710001 3.96228
19720001 3.92668
19730001 3.93651
19740001 3.94437
19750001 3.94325
19760001 3.927
19770001 3.94454
19780001 3.93421
19790001 3.94283
19800001 3.93111
19810001 3.93541
19820001 3.92786
19830001 3.93352
19840001 3.9327
19850001 3.94221
19860001 3.931
19870001 3.94578
19880001 3.9601
19890001 3.93523
19900001 3.93317
19910001 3.93448
19920001 3.94947
19930001 3.92774
19940001 3.93014
19950001 3.94803
19960001 3.95693
19970001 3.91641
19980001 3.93562
19990001 3.93862
20000001 3.92225
20010001 3.93749
20020001 3.92839
20030001 3.94158
20040001 3.94161
20050001 3.94957
20060001 3.93909
20070001 3.93297
20080001 3.93021
20090001 3.93017
20100001 3.95525
20110001 3.94956
20120001 3.94018
20130001 3.92211
20140001 3.93244
20150001 3.9339
20160001 3.93974
20170001 3.94201
20180001 3.93168
20190001 3.93583
20200001 3.92357
20210001 3.92604
20220001 3.93612
20230001 3.94445
20240001 3.96556
20250001 3.95744
20260001 3.95089
20270001 3.93837
20280001 3.93915
20290001 3.94278
20300001 3.92809
20310001 3.92058
20320001 3.93965
20330001 3.94789
20340001 3.94211
20350001 3.9485
20360001 3.93244
20370001 3.92439
20380001 3.94825
20390001 3.96444
20400001 3.97035
20410001 3.94258
20420001 3.93778
20430001 3.93557
20440001 3.9316
20450001 3.9404
20460001 3.9383
20470001 3.92584
20480001 3.9241
20490001 3.94226
20500001 3.96141
20510001 3.95938
20520001 3.93391
20530001 3.95976
20540001 3.92592
20550001 3.9446
20560001 3.94885
20570001 3.94615
20580001 3.97372
20590001 3.93551
20600001 3.93292
20610001 3.94234
20620001 3.94649
20630001 3.92952
20640001 3.9135
20650001 3.94098
20660001 3.92457
20670001 3.9414
20680001 3.9334
20690001 3.92451
20700001 3.93755
20710001 3.92394
20720001 3.93221
20730001 3.92724
20740001 3.95177
20750001 3.9243
20760001 3.93641
20770001 3.93281
20780001 3.93541
20790001 3.93994
20800001 3.9455
20810001 3.93514
20820001 3.93527
20830001 3.94329
20840001 3.93972
20850001 3.93443
20860001 3.91082
20870001 3.93081
20880001 3.92151
20890001 3.94036
20900001 3.92305
20910001 3.93492
20920001 3.93952
20930001 3.93455
20940001 3.93216
20950001 3.92343
20960001 3.96888
20970001 3.9253
20980001 3.94118
20990001 3.94714
21000001 3.93561
21010001 3.93646
21020001 3.94848
21030001 3.90664
21040001 3.94314
21050001 3.93052
21060001 3.93484
21070001 3.95674
21080001 3.92991
21090001 3.93286
21100001 3.94911
21110001 3.93929
21120001 3.95104
21130001 3.93301
21140001 3.93669
21150001 3.93712
21160001 3.94456
21170001 3.92511
21180001 3.91637
21190001 3.94036
21200001 3.96705
21210001 3.92268
21220001 3.93425
21230001 3.93306
21240001 3.92769
21250001 3.95073
21260001 3.93596
21270001 3.92937
21280001 3.9155
21290001 3.94486
21300001 3.93216
21310001 3.94654
21320001 3.93663
21330001 3.94225
21340001 3.94081
21350001 3.92375
21360001 3.93337
21370001 3.92783
21380001 3.93548
21390001 3.95624
21400001 3.94556
21410001 3.93487
21420001 3.95307
21430001 3.92592
21440001 3.94753
21450001 3.93158
21460001 3.94727
21470001 3.95009
21480001 3.92283
21490001 3.92449
21500001 3.94274
21510001 3.94749
21520001 3.92873
21530001 3.92395
21540001 3.92951
21550001 3.94013
21560001 3.92869
21570001 3.91533
21580001 3.93366
21590001 3.94151
21600001 3.91989
21610001 3.93508
21620001 3.95309
21630001 3.94768
21640001 3.93868
21650001 3.94643
21660001 3.94186
21670001 3.93597
21680001 3.94258
21690001 3.95391
21700001 3.91423
21710001 3.9414
21720001 3.93483
21730001 3.93791
21740001 3.92436
21750001 3.94173
21760001 3.9637
21770001 3.93764
21780001 3.94572
21790001 3.93158
21800001 3.92103
21810001 3.94601
21820001 3.9323
21830001 3.93846
21840001 3.93991
21850001 3.94008
21860001 3.94026
21870001 3.9442
21880001 3.93267
21890001 3.93234
21900001 3.94123
21910001 3.9224
21920001 3.93103
21930001 3.94025
21940001 3.93846
21950001 3.92153
21960001 3.92593
21970001 3.93337
21980001 3.94455
21990001 3.92266
22000001 3.93529
22010001 3.90989
22020001 3.95235
22030001 3.94674
22040001 3.93086
22050001 3.91666
22060001 3.93317
22070001 3.92805
22080001 3.96961
22090001 3.9395
22100001 3.91295
22110001 3.93881
22120001 3.94244
22130001 3.93292
22140001 3.92929
22150001 3.95036
22160001 3.94317
22170001 3.93291
22180001 3.93825
22190001 3.9294
22200001 3.92946
22210001 3.93585
22220001 3.9329
22230001 3.93377
22240001 3.93619
22250001 3.92949
22260001 3.93986
22270001 3.95584
22280001 3.95733
22290001 3.93335
22300001 3.94206
22310001 3.92755
22320001 3.91956
22330001 3.92707
22340001 3.91521
22350001 3.94779
22360001 3.92026
22370001 3.95015
22380001 3.94309
22390001 3.94664
22400001 3.92575
22410001 3.92574
22420001 3.93886
22430001 3.9566
22440001 3.93864
22450001 3.92042
22460001 3.92255
22470001 3.93336
22480001 3.93038
22490001 3.94218
22500001 3.93593
22510001 3.94335
22520001 3.93153
22530001 3.95261
22540001 3.93154
22550001 3.94343
22560001 3.92438
22570001 3.9365
22580001 3.93721
22590001 3.9496
22600001 3.93042
22610001 3.95859
22620001 3.92182
22630001 3.93315
22640001 3.92814
22650001 3.93201
22660001 3.93413
22670001 3.94021
22680001 3.93659
22690001 3.9228
22700001 3.94482
22710001 3.92804
22720001 3.92854
22730001 3.93177
22740001 3.91166
22750001 3.94196
22760001 3.9341
22770001 3.92951
22780001 3.96358
22790001 3.94681
22800001 3.92908
22810001 3.96511
22820001 3.94563
22830001 3.93749
22840001 3.93359
22850001 3.93513
22860001 3.94032
22870001 3.95047
22880001 3.95996
22890001 3.93973
22900001 3.95903
22910001 3.93829
22920001 3.94461
22930001 3.93219
22940001 3.93926
22950001 3.91632
22960001 3.95931
22970001 3.94599
22980001 3.94718
22990001 3.9548
23000001 3.93231
23010001 3.93453
23020001 3.92622
23030001 3.91656
23040001 3.91961
23050001 3.93725
23060001 3.94031
23070001 3.9292
23080001 3.94486
23090001 3.93213
23100001 3.92975
23110001 3.9232
23120001 3.94805
23130001 3.94532
23140001 3.94715
23150001 3.93901
23160001 3.95135
23170001 3.93322
23180001 3.92747
23190001 3.94658
23200001 3.95321
23210001 3.93903
23220001 3.92047
23230001 3.93781
23240001 3.94036
23250001 3.92139
23260001 3.93541
23270001 3.96078
23280001 3.94086
23290001 3.91841
23300001 3.94024
23310001 3.93964
23320001 3.94536
23330001 3.92331
23340001 3.93686
23350001 3.94857
23360001 3.92015
23370001 3.92455
23380001 3.95843
23390001 3.92793
23400001 3.89861
23410001 3.92759
23420001 3.94425
23430001 3.94343
23440001 3.91901
23450001 3.94194
23460001 3.92782
23470001 3.92146
23480001 3.9249
23490001 3.92616
23500001 3.92912
23510001 3.93969
23520001 3.94157
23530001 3.93524
23540001 3.91333
23550001 3.94207
23560001 3.94321
23570001 3.9528
23580001 3.94647
23590001 3.95528
23600001 3.95313
23610001 3.95347
23620001 3.93796
23630001 3.91793
23640001 3.95082
23650001 3.91844
23660001 3.92572
23670001 3.93793
23680001 3.93491
23690001 3.94054
23700001 3.92652
23710001 3.93913
23720001 3.9176
23730001 3.94401
23740001 3.92941
23750001 3.92274
23760001 3.92202
23770001 3.91667
23780001 3.93661
23790001 3.9412
23800001 3.95563
23810001 3.93007
23820001 3.91368
23830001 3.94745
23840001 3.93358
23850001 3.94443
23860001 3.95479
23870001 3.94562
23880001 3.90535
23890001 3.91861
23900001 3.93332
23910001 3.95235
23920001 3.94052
23930001 3.94028
23940001 3.94273
23950001 3.94245
23960001 3.9422
23970001 3.92134
23980001 3.93659
23990001 3.93165
24000001 3.9479
24010001 3.94337
24020001 3.92387
24030001 3.94387
24040001 3.92084
24050001 3.92752
24060001 3.93842
24070001 3.93879
24080001 3.9322
24090001 3.92962
24100001 3.93644
24110001 3.95529
24120001 3.93543
24130001 3.93811
24140001 3.91661
24150001 3.94487
24160001 3.93283
24170001 3.92584
24180001 3.92939
24190001 3.91782
24200001 3.94626
24210001 3.93611
24220001 3.93363
24230001 3.94709
24240001 3.91704
24250001 3.93157
24260001 3.92677
24270001 3.93281
24280001 3.93537
24290001 3.93425
24300001 3.93978
24310001 3.93311
24320001 3.95197
24330001 3.93627
24340001 3.93198
24350001 3.91788
24360001 3.92723
24370001 3.91735
24380001 3.93682
24390001 3.94535
24400001 3.93217
24410001 3.91661
24420001 3.93113
24430001 3.92303
24440001 3.93916
24450001 3.96822
24460001 3.9576
24470001 3.94129
24480001 3.92074
24490001 3.91138
24500001 3.9378
24510001 3.93641
24520001 3.93539
24530001 3.93239
24540001 3.95198
24550001 3.93531
24560001 3.9418
24570001 3.92291
24580001 3.96231
24590001 3.92447
24600001 3.9366
24610001 3.93659
24620001 3.93295
24630001 3.91597
24640001 3.91739
24650001 3.93465
24660001 3.9308
24670001 3.93985
24680001 3.91874
24690001 3.94051
24700001 3.94463
24710001 3.92466
24720001 3.93703
24730001 3.94198
24740001 3.946
24750001 3.94326
24760001 3.93234
24770001 3.92308
24780001 3.92646
24790001 3.94003
24800001 3.94004
24810001 3.93995
24820001 3.93747
24830001 3.93086
24840001 3.94787
24850001 3.91853
24860001 3.93665
24870001 3.94888
24880001 3.94797
24890001 3.93224
24900001 3.93272
24910001 3.96251
24920001 3.91197
24930001 3.92268
24940001 3.94274
24950001 3.94241
24960001 3.9382
24970001 3.94694
24980001 3.94142
24990001 3.94183
25000001 3.90842
25010001 3.91678
25020001 3.9509
25030001 3.93505
25040001 3.93241
25050001 3.93054
25060001 3.94345
25070001 3.94039
25080001 3.93373
25090001 3.93332
25100001 3.9419
25110001 3.93694
25120001 3.95501
25130001 3.95506
25140001 3.95016
25150001 3.92441
25160001 3.94705
25170001 3.92772
25180001 3.94196
25190001 3.94547
25200001 3.93449
25210001 3.94056
25220001 3.96046
25230001 3.96967
25240001 3.93422
25250001 3.92361
25260001 3.93442
25270001 3.91731
25280001 3.94096
25290001 3.93749
25300001 3.94128
25310001 3.9375
25320001 3.94672
25330001 3.93977
25340001 3.94082
25350001 3.93437
25360001 3.92862
25370001 3.93888
25380001 3.94321
25390001 3.92181
25400001 3.9468
25410001 3.93884
25420001 3.94779
25430001 3.94145
25440001 3.94214
25450001 3.94781
25460001 3.96185
25470001 3.9109
25480001 3.93899
25490001 3.94256
25500001 3.93548
25510001 3.93077
25520001 3.94147
25530001 3.9307
25540001 3.93572
25550001 3.91684
25560001 3.93776
25570001 3.94531
25580001 3.9376
25590001 3.94642
25600001 3.95432
25610001 3.93998
25620001 3.94729
25630001 3.93705
25640001 3.93806
25650001 3.94802
25660001 3.94236
25670001 3.93607
25680001 3.93309
25690001 3.92025
25700001 3.95551
25710001 3.94134
25720001 3.95077
25730001 3.94928
25740001 3.93583
25750001 3.92704
25760001 3.94709
25770001 3.94721
25780001 3.93933
25790001 3.95715
25800001 3.95008
25810001 3.95919
25820001 3.93578
25830001 3.93253
25840001 3.9149
25850001 3.94651
25860001 3.93694
25870001 3.93762
25880001 3.92549
25890001 3.9466
25900001 3.9385
25910001 3.93196
25920001 3.93944
25930001 3.93744
25940001 3.94248
25950001 3.94978
25960001 3.96706
25970001 3.91701
25980001 3.942
25990001 3.92496
26000001 3.93369
26010001 3.95167
26020001 3.95218
26030001 3.92318
26040001 3.92896
26050001 3.92319
26060001 3.9408
26070001 3.94974
26080001 3.94166
26090001 3.9609
26100001 3.94892
26110001 3.93274
26120001 3.94325
26130001 3.95097
26140001 3.93576
26150001 3.9402
26160001 3.93661
26170001 3.94324
26180001 3.95232
26190001 3.93291
26200001 3.9456
26210001 3.92518
26220001 3.92651
26230001 3.94872
26240001 3.91845
26250001 3.92347
26260001 3.94242
26270001 3.93725
26280001 3.93668
26290001 3.95315
26300001 3.93331
26310001 3.92438
26320001 3.92481
26330001 3.9481
26340001 3.93152
26350001 3.94595
26360001 3.94095
26370001 3.91805
26380001 3.94991
26390001 3.9427
26400001 3.9442
26410001 3.93423
26420001 3.94231
26430001 3.93366
26440001 3.97097
26450001 3.93192
26460001 3.91876
26470001 3.94634
26480001 3.93875
26490001 3.94436
26500001 3.94815
26510001 3.93398
26520001 3.92821
26530001 3.92544
26540001 3.9451
26550001 3.92401
26560001 3.91817
26570001 3.9573
26580001 3.92857
26590001 3.92883
26600001 3.92468
26610001 3.93204
26620001 3.93386
26630001 3.94061
26640001 3.93366
26650001 3.92185
26660001 3.96766
26670001 3.95864
26680001 3.9508
26690001 3.93666
26700001 3.9232
26710001 3.95232
26720001 3.94893
26730001 3.94272
26740001 3.9207
26750001 3.9296
26760001 3.93214
26770001 3.93867
26780001 3.95456
26790001 3.94629
26800001 3.96296
26810001 3.94699
26820001 3.9389
26830001 3.93436
26840001 3.94425
26850001 3.93393
26860001 3.94788
26870001 3.92698
26880001 3.94547
26890001 3.93094
26900001 3.92853
26910001 3.95687
26920001 3.95227
26930001 3.9471
26940001 3.93116
26950001 3.91793
26960001 3.92857
26970001 3.94473
26980001 3.91313
26990001 3.93652
27000001 3.94465
27010001 3.93504
27020001 3.9101
27030001 3.92879
27040001 3.92899
27050001 3.95214
27060001 3.93049
27070001 3.93199
27080001 3.93109
27090001 3.92213
27100001 3.93027
27110001 3.93416
27120001 3.92445
27130001 3.92854
27140001 3.9403
27150001 3.93024
27160001 3.93474
27170001 3.94739
27180001 3.92816
27190001 3.91941
27200001 3.93304
27210001 3.93793
27220001 3.93038
27230001 3.93143
27240001 3.95854
27250001 3.93636
27260001 3.94553
27270001 3.93599
27280001 3.94183
27290001 3.95575
27300001 3.93327
27310001 3.93554
27320001 3.92004
27330001 3.92894
27340001 3.92752
27350001 3.92837
27360001 3.93689
27370001 3.9273
27380001 3.93961
27390001 3.93673
27400001 3.95318
27410001 3.93117
27420001 3.93144
27430001 3.93826
27440001 3.93316
27450001 3.93106
27460001 3.944
27470001 3.9511
27480001 3.92865
27490001 3.93391
27500001 3.91631
27510001 3.94633
27520001 3.9083
27530001 3.93542
27540001 3.92088
27550001 3.92188
27560001 3.93525
27570001 3.93401
27580001 3.92259
27590001 3.93421
27600001 3.9214
27610001 3.94339
27620001 3.92385
27630001 3.92998
27640001 3.93438
27650001 3.92524
27660001 3.93156
27670001 3.94472
27680001 3.93071
27690001 3.93438
27700001 3.93609
27710001 3.92469
27720001 3.92567
27730001 3.93268
27740001 3.93375
27750001 3.95694
27760001 3.92335
27770001 3.94881
27780001 3.93337
27790001 3.9208
27800001 3.93241
27810001 3.91709
27820001 3.93355
27830001 3.93751
27840001 3.94162
27850001 3.92736
27860001 3.92801
27870001 3.93959
27880001 3.93215
27890001 3.94793
27900001 3.95651
27910001 3.95025
27920001 3.94428
27930001 3.924
27940001 3.94594
27950001 3.92591
27960001 3.93199
27970001 3.9328
27980001 3.9444
27990001 3.93493
28000001 3.94148
28010001 3.93291
28020001 3.9403
28030001 3.94349
28040001 3.91472
28050001 3.9253
28060001 3.95151
28070001 3.93801
28080001 3.93757
28090001 3.90691
28100001 3.93191
28110001 3.94694
28120001 3.93782
28130001 3.95317
28140001 3.94671
28150001 3.93084
28160001 3.93705
28170001 3.94593
28180001 3.9239
28190001 3.9382
28200001 3.93619
28210001 3.93518
28220001 3.94074
28230001 3.93262
28240001 3.929
28250001 3.95637
28260001 3.95838
28270001 3.93253
28280001 3.95382
28290001 3.92983
28300001 3.92855
28310001 3.94701
28320001 3.95263
28330001 3.9461
28340001 3.93654
28350001 3.92952
28360001 3.9335
28370001 3.94496
28380001 3.93223
28390001 3.94659
28400001 3.94766
28410001 3.89975
28420001 3.95696
28430001 3.93452
28440001 3.93475
28450001 3.98183
28460001 3.97177
28470001 3.91243
28480001 3.93891
28490001 3.9252
28500001 3.94097
28510001 3.92833
28520001 3.9544
28530001 3.94748
28540001 3.95475
28550001 3.94173
28560001 3.93815
28570001 3.91661
28580001 3.93871
28590001 3.95259
28600001 3.93427
28610001 3.9473
28620001 3.93235
28630001 3.92986
28640001 3.96896
28650001 3.94963
28660001 3.9564
28670001 3.93293
28680001 3.93726
28690001 3.93642
28700001 3.94135
28710001 3.94749
28720001 3.92421
28730001 3.95679
28740001 3.96899
28750001 3.93025
28760001 3.93411
28770001 3.92315
28780001 3.92643
28790001 3.93555
28800001 3.95925
28810001 3.93062
28820001 3.92743
28830001 3.94262
28840001 3.9426
28850001 3.94263
28860001 3.94494
28870001 3.93036
28880001 3.94479
28890001 3.93552
28900001 3.93659
28910001 3.93138
28920001 3.92012
28930001 3.93825
28940001 3.93696
28950001 3.95743
28960001 3.94299
28970001 3.93865
28980001 3.93484
28990001 3.92912
29000001 3.94799
29010001 3.95523
29020001 3.94091
29030001 3.92572
29040001 3.93658
29050001 3.95122
29060001 3.94254
29070001 3.95232
29080001 3.94444
29090001 3.9328
29100001 3.92075
29110001 3.96117
29120001 3.93523
29130001 3.95148
29140001 3.91745
29150001 3.94348
29160001 3.93106
29170001 3.94912
29180001 3.95056
29190001 3.9326
29200001 3.96178
29210001 3.90452
29220001 3.94892
29230001 3.93162
29240001 3.93077
29250001 3.93742
29260001 3.94007
29270001 3.95088
29280001 3.93659
29290001 3.93952
29300001 3.928
29310001 3.9265
29320001 3.93307
29330001 3.92146
29340001 3.94885
29350001 3.94688
29360001 3.91991
29370001 3.95309
29380001 3.94107
29390001 3.91685
29400001 3.92387
29410001 3.93717
29420001 3.94751
29430001 3.93063
29440001 3.95856
29450001 3.95105
29460001 3.92942
29470001 3.93642
29480001 3.92575
29490001 3.94993
29500001 3.94944
29510001 3.92828
29520001 3.93864
29530001 3.94206
29540001 3.94378
29550001 3.928
29560001 3.94042
29570001 3.94314
29580001 3.93656
29590001 3.93717
29600001 3.91201
29610001 3.94026
29620001 3.92981
29630001 3.92428
29640001 3.92883
29650001 3.94382
29660001 3.94984
29670001 3.94834
29680001 3.92511
29690001 3.9156
29700001 3.93301
29710001 3.93205
29720001 3.91645
29730001 3.9254
29740001 3.94182
29750001 3.93996
29760001 3.93323
29770001 3.92286
29780001 3.94574
29790001 3.92239
29800001 3.93198
29810001 3.94096
29820001 3.93659
29830001 3.94621
29840001 3.9449
29850001 3.94665
29860001 3.95339
29870001 3.94995
29880001 3.9231
29890001 3.93477
29900001 3.92417
29910001 3.9241
29920001 3.92374
29930001 3.95038
29940001 3.91858
29950001 3.94409
29960001 3.93986
29970001 3.93902
29980001 3.93814
29990001 3.92945
