1 31.348
10001 18.9617
20001 15.8899
30001 13.9094
40001 12.4875
50001 11.372
60001 10.4872
70001 9.78751
80001 9.19227
90001 8.71328
100001 8.30271
110001 7.95795
120001 7.66333
130001 7.40379
140001 7.17622
150001 6.98187
160001 6.81088
170001 6.66155
180001 6.52426
190001 6.40669
200001 6.30074
210001 6.20612
220001 6.11868
230001 6.04
240001 5.96957
250001 5.90396
260001 5.84344
270001 5.7894
280001 5.73863
290001 5.69244
300001 5.65055
310001 5.6109
320001 5.57415
330001 5.54
340001 5.5084
350001 5.47754
360001 5.44948
370001 5.42267
380001 5.39764
390001 5.37377
400001 5.3513
410001 5.32968
420001 5.30945
430001 5.29
440001 5.27152
450001 5.2541
460001 5.23704
470001 5.22078
480001 5.20514
490001 5.19026
500001 5.17599
510001 5.16198
520001 5.14843
530001 5.13548
540001 5.12293
550001 5.11084
560001 5.09922
570001 5.08778
580001 5.07667
590001 5.06592
600001 5.05546
610001 5.04531
620001 5.03532
630001 5.02561
640001 5.01602
650001 5.00681
660001 4.99777
670001 4.98879
680001 4.98012
690001 4.97168
700001 4.96342
710001 4.95538
720001 4.94755
730001 4.93978
740001 4.93203
750001 4.92449
760001 4.917
770001 4.90964
780001 4.90243
790001 4.89539
800001 4.88852
810001 4.88164
820001 4.87494
830001 4.86826
840001 4.86165
850001 4.85525
860001 4.84879
870001 4.84248
880001 4.83621
890001 4.83003
900001 4.82399
910001 4.81802
920001 4.81219
930001 4.80621
940001 4.80048
950001 4.79485
960001 4.78924
970001 4.78372
980001 4.77813
990001 4.77262
1000001 4.76711
1010001 4.7618
1020001 4.75645
1030001 4.75114
1040001 4.74594
1050001 4.74083
1060001 4.73569
1070001 4.73063
1080001 4.72564
1090001 4.72069
1100001 4.71573
1110001 4.71083
1120001 4.70596
1130001 4.7012
1140001 4.6964
1150001 4.69167
1160001 4.68701
1170001 4.68242
1180001 4.67783
1190001 4.67327
1200001 4.66875
1210001 4.66423
1220001 4.65968
1230001 4.65536
1240001 4.65092
1250001 4.64666
1260001 4.64234
1270001 4.63809
1280001 4.63388
1290001 4.62964
1300001 4.62545
1310001 4.62129
1320001 4.61715
1330001 4.61303
1340001 4.60894
1350001 4.60489
1360001 4.60086
1370001 4.59684
1380001 4.5929
1390001 4.58897
1400001 4.58494
1410001 4.58101
1420001 4.57714
1430001 4.57333
1440001 4.56946
1450001 4.56562
1460001 4.56184
1470001 4.55808
1480001 4.55444
1490001 4.55081
1500001 4.54721
1510001 4.54356
1520001 4.53991
1530001 4.53629
1540001 4.53264
1550001 4.52909
1560001 4.52551
1570001 4.52196
1580001 4.51846
1590001 4.51494
1600001 4.51148
1610001 4.50802
1620001 4.50461
1630001 4.50123
1640001 4.49778
1650001 4.49435
1660001 4.49097
1670001 4.48766
1680001 4.48439
1690001 4.48108
1700001 4.47772
1710001 4.47442
1720001 4.47111
1730001 4.4679
1740001 4.46462
1750001 4.46142
1760001 4.45827
1770001 4.45507
1780001 4.45191
1790001 4.44879
1800001 4.44567
1810001 4.44252
1820001 4.43947
1830001 4.43635
1840001 4.43332
1850001 4.43028
1860001 4.42719
1870001 4.42415
1880001 4.42115
1890001 4.41814
1900001 4.41516
1910001 4.41219
1920001 4.40922
1930001 4.40627
1940001 4.40334
1950001 4.4004
1960001 4.39751
1970001 4.3946
1980001 4.39172
1990001 4.38885
2000001 4.38596
2010001 4.38315
2020001 4.38036
2030001 4.37759
2040001 4.3748
2050001 4.37202
2060001 4.36928
2070001 4.36649
2080001 4.36373
2090001 4.361
2100001 4.35825
2110001 4.35555
2120001 4.3529
2130001 4.35018
2140001 4.3475
2150001 4.34487
2160001 4.34226
2170001 4.33959
2180001 4.33698
2190001 4.33434
2200001 4.33178
2210001 4.32912
2220001 4.32655
2230001 4.32398
2240001 4.32146
2250001 4.3189
2260001 4.31638
2270001 4.31386
2280001 4.31132
2290001 4.30878
2300001 4.3063
2310001 4.30379
2320001 4.30132
2330001 4.29886
2340001 4.29639
2350001 4.29388
2360001 4.29145
2370001 4.28901
2380001 4.28659
2390001 4.28419
2400001 4.2818
2410001 4.27942
2420001 4.27706
2430001 4.27466
2440001 4.27228
2450001 4.26993
2460001 4.26758
2470001 4.26521
2480001 4.26283
2490001 4.26051
2500001 4.25819
2510001 4.25588
2520001 4.25358
2530001 4.25128
2540001 4.24901
2550001 4.24674
2560001 4.24445
2570001 4.24216
2580001 4.23994
2590001 4.23771
2600001 4.23547
2610001 4.23323
2620001 4.231
2630001 4.22885
2640001 4.22663
2650001 4.22445
2660001 4.22224
2670001 4.22008
2680001 4.21793
2690001 4.21579
2700001 4.21365
2710001 4.21148
2720001 4.20936
2730001 4.2072
2740001 4.20508
2750001 4.203
2760001 4.20087
2770001 4.19873
2780001 4.19665
2790001 4.19456
2800001 4.19248
2810001 4.19041
2820001 4.18834
2830001 4.18629
2840001 4.18424
2850001 4.18221
2860001 4.18019
2870001 4.17819
2880001 4.17621
2890001 4.17416
2900001 4.17214
2910001 4.17016
2920001 4.16817
2930001 4.16618
2940001 4.1642
2950001 4.16225
2960001 4.16034
2970001 4.15835
2980001 4.15642
2990001 4.1545
3000001 4.15252
3010001 4.15058
3020001 4.14866
3030001 4.14674
3040001 4.14479
3050001 4.14285
3060001 4.14099
3070001 4.1391
3080001 4.1372
3090001 4.13529
3100001 4.13341
3110001 4.13154
3120001 4.12968
3130001 4.12786
3140001 4.126
3150001 4.12413
3160001 4.12229
3170001 4.12042
3180001 4.11857
3190001 4.11675
3200001 4.11492
3210001 4.11311
3220001 4.11131
3230001 4.1095
3240001 4.10771
3250001 4.1059
3260001 4.10412
3270001 4.10232
3280001 4.10057
3290001 4.09879
3300001 4.09703
3310001 4.09527
3320001 4.09352
3330001 4.09177
3340001 4.09002
3350001 4.08829
3360001 4.08655
3370001 4.08482
3380001 4.08309
3390001 4.08136
3400001 4.07964
3410001 4.07794
3420001 4.07623
3430001 4.07454
3440001 4.07285
3450001 4.07115
3460001 4.06946
3470001 4.06776
3480001 4.0661
3490001 4.06442
3500001 4.06274
3510001 4.06107
3520001 4.05944
3530001 4.05781
3540001 4.05616
3550001 4.0545
3560001 4.05284
3570001 4.05121
3580001 4.04957
3590001 4.04796
3600001 4.04634
3610001 4.0447
3620001 4.04312
3630001 4.04154
3640001 4.03992
3650001 4.03832
3660001 4.03674
3670001 4.03514
3680001 4.03358
3690001 4.03199
3700001 4.03041
3710001 4.02884
3720001 4.02732
3730001 4.02574
3740001 4.02418
3750001 4.02264
3760001 4.0211
3770001 4.01954
3780001 4.01798
3790001 4.01646
3800001 4.01494
3810001 4.0134
3820001 4.0119
3830001 4.01038
3840001 4.00889
3850001 4.00738
3860001 4.00591
3870001 4.0044
3880001 4.00292
3890001 4.00143
3900001 3.99995
3910001 3.99845
3920001 3.99696
3930001 3.99547
3940001 3.99397
3950001 3.99251
3960001 3.99105
3970001 3.98958
3980001 3.98813
3990001 3.98667
4000001 3.98522
4010001 3.98375
4020001 3.98235
4030001 3.9809
4040001 3.97944
4050001 3.978
4060001 3.97657
4070001 3.97515
4080001 3.97373
4090001 3.97233
4100001 3.97092
4110001 3.96953
4120001 3.9681
4130001 3.96673
4140001 3.9653
4150001 3.96391
4160001 3.96252
4170001 3.96113
4180001 3.95977
4190001 3.95841
4200001 3.95702
4210001 3.95564
4220001 3.95426
4230001 3.95292
4240001 3.95156
4250001 3.95022
4260001 3.94886
4270001 3.94753
4280001 3.9462
4290001 3.94481
4300001 3.94348
4310001 3.94213
4320001 3.94079
4330001 3.93946
4340001 3.93813
4350001 3.93682
4360001 3.9355
4370001 3.9342
4380001 3.9329
4390001 3.93158
4400001 3.9303
4410001 3.92898
4420001 3.92767
4430001 3.92637
4440001 3.92509
4450001 3.92378
4460001 3.92248
4470001 3.92119
4480001 3.9199
4490001 3.91863
4500001 3.91735
4510001 3.91609
4520001 3.91482
4530001 3.91355
4540001 3.91228
4550001 3.91102
4560001 3.90977
4570001 3.90851
4580001 3.90724
4590001 3.90598
4600001 3.90472
4610001 3.90348
4620001 3.90226
4630001 3.901
4640001 3.89972
4650001 3.89849
4660001 3.89727
4670001 3.89605
4680001 3.89482
4690001 3.89361
4700001 3.89238
4710001 3.89117
4720001 3.88997
4730001 3.88878
4740001 3.8876
4750001 3.88637
4760001 3.88518
4770001 3.88399
4780001 3.88281
4790001 3.88164
4800001 3.88046
4810001 3.87928
4820001 3.87809
4830001 3.87692
4840001 3.87574
4850001 3.87457
4860001 3.87341
4870001 3.87223
4880001 3.87107
4890001 3.8699
4900001 3.86873
4910001 3.86757
4920001 3.86639
4930001 3.86523
4940001 3.86407
4950001 3.86293
4960001 3.86179
4970001 3.86064
4980001 3.85949
4990001 3.85836
5000001 3.85724
5010001 3.85611
5020001 3.85499
5030001 3.85388
5040001 3.85275
5050001 3.85164
5060001 3.85054
5070001 3.84943
5080001 3.84833
5090001 3.84721
5100001 3.84611
5110001 3.84499
5120001 3.8439
5130001 3.84277
5140001 3.8417
5150001 3.84061
5160001 3.83952
5170001 3.83842
5180001 3.83733
5190001 3.83624
5200001 3.83516
5210001 3.83408
5220001 3.83302
5230001 3.83194
5240001 3.83085
5250001 3.82978
5260001 3.82869
5270001 3.82761
5280001 3.82654
5290001 3.8255
5300001 3.82444
5310001 3.82338
5320001 3.8223
5330001 3.82124
5340001 3.82018
5350001 3.81912
5360001 3.81806
5370001 3.81701
5380001 3.816
5390001 3.81498
5400001 3.81395
5410001 3.8129
5420001 3.81191
5430001 3.81089
5440001 3.80988
5450001 3.80885
5460001 3.80784
5470001 3.80683
5480001 3.80581
5490001 3.8048
5500001 3.80379
5510001 3.80278
5520001 3.80179
5530001 3.80078
5540001 3.79975
5550001 3.79874
5560001 3.79773
5570001 3.79672
5580001 3.79573
5590001 3.79474
5600001 3.79374
5610001 3.79273
5620001 3.79176
5630001 3.79079
5640001 3.78976
5650001 3.78877
5660001 3.78777
5670001 3.7868
5680001 3.78582
5690001 3.78486
5700001 3.78388
5710001 3.78291
5720001 3.78193
5730001 3.78096
5740001 3.78
5750001 3.77903
5760001 3.77806
5770001 3.77708
5780001 3.77613
5790001 3.77518
5800001 3.7742
5810001 3.77326
5820001 3.77229
5830001 3.77135
5840001 3.77039
5850001 3.76945
5860001 3.7685
5870001 3.76757
5880001 3.76663
5890001 3.76569
5900001 3.76473
5910001 3.76379
5920001 3.76285
5930001 3.76191
5940001 3.76098
5950001 3.76004
5960001 3.75912
5970001 3.75819
5980001 3.75728
5990001 3.75637
6000001 3.75547
6010001 3.75455
6020001 3.75365
6030001 3.75273
6040001 3.75182
6050001 3.75091
6060001 3.74998
6070001 3.74909
6080001 3.74818
6090001 3.74728
6100001 3.74637
6110001 3.74547
6120001 3.74457
6130001 3.74369
6140001 3.74282
6150001 3.74192
6160001 3.74103
6170001 3.74014
6180001 3.73925
6190001 3.73837
6200001 3.7375
6210001 3.73663
6220001 3.73575
6230001 3.73488
6240001 3.734
6250001 3.7331
6260001 3.73222
6270001 3.73134
6280001 3.73046
6290001 3.7296
6300001 3.72873
6310001 3.72785
6320001 3.72699
6330001 3.72612
6340001 3.72525
6350001 3.72439
6360001 3.72351
6370001 3.72266
6380001 3.7218
6390001 3.72094
6400001 3.72008
6410001 3.71923
6420001 3.71839
6430001 3.71755
6440001 3.7167
6450001 3.71587
6460001 3.71504
6470001 3.7142
6480001 3.71337
6490001 3.71253
6500001 3.71169
6510001 3.71087
6520001 3.71002
6530001 3.70921
6540001 3.70838
6550001 3.70756
6560001 3.70673
6570001 3.70591
6580001 3.70508
6590001 3.70427
6600001 3.70342
6610001 3.7026
6620001 3.70178
6630001 3.70096
6640001 3.70013
6650001 3.69933
6660001 3.69852
6670001 3.69771
6680001 3.69688
6690001 3.69609
6700001 3.69528
6710001 3.69448
6720001 3.69367
6730001 3.69285
6740001 3.69207
6750001 3.69126
6760001 3.69046
6770001 3.68967
6780001 3.68888
6790001 3.68808
6800001 3.68728
6810001 3.6865
6820001 3.68573
6830001 3.68494
6840001 3.68415
6850001 3.68338
6860001 3.6826
6870001 3.68182
6880001 3.68105
6890001 3.68028
6900001 3.67951
6910001 3.67872
6920001 3.67795
6930001 3.67718
6940001 3.67639
6950001 3.67562
6960001 3.67486
6970001 3.6741
6980001 3.67331
6990001 3.67254
7000001 3.67178
7010001 3.67105
7020001 3.67028
7030001 3.66953
7040001 3.66878
7050001 3.66803
7060001 3.66727
7070001 3.66652
7080001 3.66578
7090001 3.66504
7100001 3.66428
7110001 3.66356
7120001 3.66277
7130001 3.66202
7140001 3.66128
7150001 3.66053
7160001 3.65976
7170001 3.659
7180001 3.65826
7190001 3.65752
7200001 3.65679
7210001 3.65603
7220001 3.6553
7230001 3.65457
7240001 3.65383
7250001 3.65308
7260001 3.65235
7270001 3.65161
7280001 3.65087
7290001 3.65014
7300001 3.64941
7310001 3.6487
7320001 3.64798
7330001 3.64726
7340001 3.64654
7350001 3.64582
7360001 3.64511
7370001 3.64439
7380001 3.64368
7390001 3.64297
7400001 3.64225
7410001 3.64156
7420001 3.64085
7430001 3.64013
7440001 3.63942
7450001 3.63873
7460001 3.63803
7470001 3.63733
7480001 3.63662
7490001 3.63591
7500001 3.6352
7510001 3.6345
7520001 3.6338
7530001 3.63309
7540001 3.63239
7550001 3.6317
7560001 3.63098
7570001 3.63027
7580001 3.62958
7590001 3.62889
7600001 3.62819
7610001 3.6275
7620001 3.62682
7630001 3.62613
7640001 3.62545
7650001 3.62477
7660001 3.62409
7670001 3.62341
7680001 3.62272
7690001 3.62203
7700001 3.62138
7710001 3.62069
7720001 3.61999
7730001 3.61931
7740001 3.61863
7750001 3.61796
7760001 3.61727
7770001 3.61661
7780001 3.61593
7790001 3.61527
7800001 3.61459
7810001 3.61393
7820001 3.61328
7830001 3.61262
7840001 3.61197
7850001 3.61131
7860001 3.61063
7870001 3.60998
7880001 3.60932
7890001 3.60864
7900001 3.60798
7910001 3.6073
7920001 3.60666
7930001 3.60601
7940001 3.60535
7950001 3.60471
7960001 3.60405
7970001 3.60338
7980001 3.60272
7990001 3.60205
8000001 3.6014
8010001 3.60076
8020001 3.60012
8030001 3.59947
8040001 3.59882
8050001 3.59817
8060001 3.59753
8070001 3.5969
8080001 3.59624
8090001 3.59562
8100001 3.59499
8110001 3.59434
8120001 3.59371
8130001 3.59309
8140001 3.59243
8150001 3.5918
8160001 3.59116
8170001 3.59053
8180001 3.58991
8190001 3.58929
8200001 3.58867
8210001 3.58806
8220001 3.58744
8230001 3.58681
8240001 3.58619
8250001 3.58557
8260001 3.58494
8270001 3.58433
8280001 3.58372
8290001 3.5831
8300001 3.58248
8310001 3.58186
8320001 3.58125
8330001 3.58063
8340001 3.58
8350001 3.57939
8360001 3.57877
8370001 3.57816
8380001 3.57753
8390001 3.57691
8400001 3.57631
8410001 3.57568
8420001 3.57505
8430001 3.57447
8440001 3.57384
8450001 3.57324
8460001 3.57264
8470001 3.57204
8480001 3.57145
8490001 3.57087
8500001 3.57027
8510001 3.56966
8520001 3.56907
8530001 3.56847
8540001 3.56786
8550001 3.56726
8560001 3.56667
8570001 3.56608
8580001 3.56548
8590001 3.56488
8600001 3.56428
8610001 3.5637
8620001 3.56311
8630001 3.56251
8640001 3.56191
8650001 3.56132
8660001 3.56074
8670001 3.56014
8680001 3.55956
8690001 3.55896
8700001 3.55838
8710001 3.5578
8720001 3.55721
8730001 3.5566
8740001 3.55606
8750001 3.55548
8760001 3.5549
8770001 3.55432
8780001 3.55376
8790001 3.55317
8800001 3.55259
8810001 3.55202
8820001 3.55144
8830001 3.55086
8840001 3.55029
8850001 3.54971
8860001 3.54914
8870001 3.54858
8880001 3.54798
8890001 3.5474
8900001 3.54684
8910001 3.54628
8920001 3.54572
8930001 3.54516
8940001 3.54457
8950001 3.54401
8960001 3.54344
8970001 3.54288
8980001 3.54231
8990001 3.54174
9000001 3.54117
9010001 3.54063
9020001 3.54008
9030001 3.53952
9040001 3.53896
9050001 3.53841
9060001 3.53786
9070001 3.53728
9080001 3.53674
9090001 3.53619
9100001 3.53564
9110001 3.53508
9120001 3.53454
9130001 3.53399
9140001 3.53344
9150001 3.53289
9160001 3.53233
9170001 3.53177
9180001 3.53123
9190001 3.53068
9200001 3.53014
9210001 3.5296
9220001 3.52907
9230001 3.52852
9240001 3.52799
9250001 3.52746
9260001 3.52692
9270001 3.52639
9280001 3.52585
9290001 3.5253
9300001 3.52478
9310001 3.52424
9320001 3.52372
9330001 3.52318
9340001 3.52264
9350001 3.5221
9360001 3.52157
9370001 3.52101
9380001 3.52047
9390001 3.51994
9400001 3.5194
9410001 3.51886
9420001 3.51835
9430001 3.51782
9440001 3.51731
9450001 3.51677
9460001 3.51624
9470001 3.51571
9480001 3.51522
9490001 3.51469
9500001 3.51417
9510001 3.51364
9520001 3.51312
9530001 3.51261
9540001 3.51209
9550001 3.51156
9560001 3.51106
9570001 3.51053
9580001 3.51002
9590001 3.50951
9600001 3.50899
9610001 3.50847
9620001 3.50795
9630001 3.50742
9640001 3.50692
9650001 3.50641
9660001 3.50588
9670001 3.50538
9680001 3.50488
9690001 3.50438
9700001 3.50387
9710001 3.50336
9720001 3.50283
9730001 3.50232
9740001 3.50181
9750001 3.50132
9760001 3.50082
9770001 3.50031
9780001 3.4998
9790001 3.49933
9800001 3.49882
9810001 3.49831
9820001 3.4978
9830001 3.4973
9840001 3.49682
9850001 3.49631
9860001 3.49581
9870001 3.49531
9880001 3.49482
9890001 3.49432
9900001 3.49383
9910001 3.49334
9920001 3.49285
9930001 3.49237
9940001 3.49188
9950001 3.4914
9960001 3.4909
9970001 3.49042
9980001 3.48993
9990001 3.48946
10000001 3.48897
10010001 3.48849
10020001 3.48799
10030001 3.4875
10040001 3.487
10050001 3.48654
10060001 3.48603
10070001 3.48555
10080001 3.48506
10090001 3.48457
10100001 3.48409
10110001 3.48362
10120001 3.48315
10130001 3.48269
10140001 3.48221
10150001 3.48172
10160001 3.48124
10170001 3.48078
10180001 3.4803
10190001 3.47982
10200001 3.47933
10210001 3.47885
10220001 3.47837
10230001 3.47788
10240001 3.47739
10250001 3.47692
10260001 3.47645
10270001 3.47597
10280001 3.47549
10290001 3.47503
10300001 3.47455
10310001 3.47408
10320001 3.47362
10330001 3.47316
10340001 3.47268
10350001 3.47224
10360001 3.47175
10370001 3.47129
10380001 3.47082
10390001 3.47036
10400001 3.4699
10410001 3.46944
10420001 3.46897
10430001 3.4685
10440001 3.46806
10450001 3.46758
10460001 3.46711
10470001 3.46665
10480001 3.4662
10490001 3.46574
10500001 3.46527
10510001 3.4648
10520001 3.46434
10530001 3.46388
10540001 3.46342
10550001 3.46295
10560001 3.4625
10570001 3.46204
10580001 3.46158
10590001 3.46113
10600001 3.46068
10610001 3.46021
10620001 3.45977
10630001 3.45931
10640001 3.45888
10650001 3.45843
10660001 3.45799
10670001 3.45755
10680001 3.45709
10690001 3.45662
10700001 3.45617
10710001 3.45572
10720001 3.45528
10730001 3.45485
10740001 3.45438
10750001 3.45394
10760001 3.45351
10770001 3.45308
10780001 3.45264
10790001 3.4522
10800001 3.45176
10810001 3.45131
10820001 3.45086
10830001 3.45043
10840001 3.44998
10850001 3.44954
10860001 3.44912
10870001 3.44867
10880001 3.44822
10890001 3.44776
10900001 3.44731
10910001 3.44686
10920001 3.44641
10930001 3.44598
10940001 3.44554
10950001 3.4451
10960001 3.44468
10970001 3.44424
10980001 3.44382
10990001 3.4434
11000001 3.44298
11010001 3.44255
11020001 3.44211
11030001 3.44167
11040001 3.44125
11050001 3.44082
11060001 3.4404
11070001 3.43997
11080001 3.43954
11090001 3.43911
11100001 3.43868
11110001 3.43824
11120001 3.43783
11130001 3.43741
11140001 3.43698
11150001 3.43654
11160001 3.43612
11170001 3.43571
11180001 3.43528
11190001 3.43486
11200001 3.43443
11210001 3.43401
11220001 3.43359
11230001 3.4332
11240001 3.43278
11250001 3.43236
11260001 3.43195
11270001 3.43153
11280001 3.43113
11290001 3.43073
11300001 3.43031
11310001 3.42988
11320001 3.42949
11330001 3.42906
11340001 3.42866
11350001 3.42825
11360001 3.42784
11370001 3.42743
11380001 3.42702
11390001 3.42661
11400001 3.42619
11410001 3.42579
11420001 3.4254
11430001 3.42499
11440001 3.42458
11450001 3.42417
11460001 3.42377
11470001 3.42338
11480001 3.42297
11490001 3.42256
11500001 3.42214
11510001 3.42175
11520001 3.42135
11530001 3.42095
11540001 3.42055
11550001 3.42015
11560001 3.41974
11570001 3.41933
11580001 3.41893
11590001 3.41853
11600001 3.41812
11610001 3.41773
11620001 3.41732
11630001 3.41691
11640001 3.4165
11650001 3.41611
11660001 3.41572
11670001 3.41532
11680001 3.41491
11690001 3.41453
11700001 3.41414
11710001 3.41375
11720001 3.41337
11730001 3.41299
11740001 3.4126
11750001 3.41219
11760001 3.41181
11770001 3.41143
11780001 3.41103
11790001 3.41062
11800001 3.41024
11810001 3.40984
11820001 3.40945
11830001 3.40906
11840001 3.40867
11850001 3.40827
11860001 3.40788
11870001 3.4075
11880001 3.40712
11890001 3.40674
11900001 3.40634
11910001 3.40595
11920001 3.40557
11930001 3.40518
11940001 3.40479
11950001 3.40441
11960001 3.40403
11970001 3.40366
11980001 3.40328
11990001 3.4029
12000001 3.4025
12010001 3.40211
12020001 3.40173
12030001 3.40135
12040001 3.40097
12050001 3.4006
12060001 3.40022
12070001 3.39984
12080001 3.39945
12090001 3.39908
12100001 3.39872
12110001 3.39834
12120001 3.39797
12130001 3.39761
12140001 3.39724
12150001 3.39686
12160001 3.3965
12170001 3.39613
12180001 3.39575
12190001 3.39537
12200001 3.395
12210001 3.39464
12220001 3.39425
12230001 3.39389
12240001 3.39351
12250001 3.39314
12260001 3.39278
12270001 3.39241
12280001 3.39203
12290001 3.39165
12300001 3.39128
12310001 3.39092
12320001 3.39054
12330001 3.39017
12340001 3.3898
12350001 3.38943
12360001 3.38906
12370001 3.38868
12380001 3.38831
12390001 3.38794
12400001 3.38757
12410001 3.3872
12420001 3.38685
12430001 3.38648
12440001 3.38614
12450001 3.38578
12460001 3.3854
12470001 3.38504
12480001 3.38467
12490001 3.3843
12500001 3.38395
12510001 3.38359
12520001 3.38324
12530001 3.38289
12540001 3.38252
12550001 3.38216
12560001 3.3818
12570001 3.38145
12580001 3.38111
12590001 3.38076
12600001 3.3804
12610001 3.38006
12620001 3.37971
12630001 3.37935
12640001 3.379
12650001 3.37863
12660001 3.37827
12670001 3.37792
12680001 3.37756
12690001 3.3772
12700001 3.37686
12710001 3.37648
12720001 3.37613
12730001 3.37579
12740001 3.37545
12750001 3.3751
12760001 3.37472
12770001 3.37435
12780001 3.37402
12790001 3.37367
12800001 3.37332
12810001 3.37298
12820001 3.37263
12830001 3.37228
12840001 3.37195
12850001 3.37161
12860001 3.37126
12870001 3.37091
12880001 3.37056
12890001 3.37021
12900001 3.36987
12910001 3.36953
12920001 3.3692
12930001 3.36886
12940001 3.36852
12950001 3.36817
12960001 3.36782
12970001 3.36747
12980001 3.36713
12990001 3.36677
13000001 3.36643
13010001 3.36609
13020001 3.36575
13030001 3.3654
13040001 3.36506
13050001 3.36471
13060001 3.36437
13070001 3.36402
13080001 3.36369
13090001 3.36335
13100001 3.36299
13110001 3.36266
13120001 3.36231
13130001 3.36197
13140001 3.36161
13150001 3.36128
13160001 3.36095
13170001 3.36061
13180001 3.36026
13190001 3.35993
13200001 3.35961
13210001 3.3593
13220001 3.35896
13230001 3.35862
13240001 3.35828
13250001 3.35795
13260001 3.35761
13270001 3.35727
13280001 3.35692
13290001 3.35658
13300001 3.35625
13310001 3.35591
13320001 3.3556
13330001 3.35526
13340001 3.35494
13350001 3.35459
13360001 3.35427
13370001 3.35396
13380001 3.35364
13390001 3.35331
13400001 3.35297
13410001 3.35265
13420001 3.35231
13430001 3.352
13440001 3.35167
13450001 3.35135
13460001 3.35102
13470001 3.3507
13480001 3.35036
13490001 3.35003
13500001 3.3497
13510001 3.34939
13520001 3.34905
13530001 3.34873
13540001 3.34842
13550001 3.3481
13560001 3.34779
13570001 3.34745
13580001 3.34713
13590001 3.3468
13600001 3.34649
13610001 3.34616
13620001 3.34585
13630001 3.34552
13640001 3.3452
13650001 3.34489
13660001 3.34457
13670001 3.34425
13680001 3.34393
13690001 3.34361
13700001 3.34329
13710001 3.34297
13720001 3.34265
13730001 3.34233
13740001 3.34201
13750001 3.3417
13760001 3.34139
13770001 3.34108
13780001 3.34077
13790001 3.34044
13800001 3.34015
13810001 3.33985
13820001 3.33953
13830001 3.3392
13840001 3.33889
13850001 3.33857
13860001 3.33826
13870001 3.33795
13880001 3.33763
13890001 3.33732
13900001 3.33702
13910001 3.33672
13920001 3.3364
13930001 3.33609
13940001 3.33577
13950001 3.33546
13960001 3.33517
13970001 3.33486
13980001 3.33455
13990001 3.33423
14000001 3.33391
14010001 3.3336
14020001 3.33328
14030001 3.33299
14040001 3.33268
14050001 3.33236
14060001 3.33205
14070001 3.33176
14080001 3.33147
14090001 3.33116
14100001 3.33084
14110001 3.33056
14120001 3.33024
14130001 3.32993
14140001 3.32964
14150001 3.32932
14160001 3.32903
14170001 3.32873
14180001 3.32843
14190001 3.32812
14200001 3.32782
14210001 3.32754
14220001 3.32725
14230001 3.32695
14240001 3.32664
14250001 3.32635
14260001 3.32604
14270001 3.32575
14280001 3.32545
14290001 3.32514
14300001 3.32484
14310001 3.32455
14320001 3.32424
14330001 3.32393
14340001 3.32364
14350001 3.32335
14360001 3.32305
14370001 3.32276
14380001 3.32247
14390001 3.32218
14400001 3.32189
14410001 3.32158
14420001 3.32128
14430001 3.32097
14440001 3.32068
14450001 3.32037
14460001 3.32009
14470001 3.3198
14480001 3.31951
14490001 3.31923
14500001 3.31893
14510001 3.31863
14520001 3.31834
14530001 3.31805
14540001 3.31776
14550001 3.31747
14560001 3.31718
14570001 3.31688
14580001 3.31659
14590001 3.31631
14600001 3.31602
14610001 3.31572
14620001 3.31543
14630001 3.31515
14640001 3.31487
14650001 3.31459
14660001 3.3143
14670001 3.31402
14680001 3.31373
14690001 3.31346
14700001 3.31317
14710001 3.3129
14720001 3.31262
14730001 3.31232
14740001 3.31203
14750001 3.31174
14760001 3.31144
14770001 3.31116
14780001 3.31088
14790001 3.31059
14800001 3.31031
14810001 3.31004
14820001 3.30975
14830001 3.30946
14840001 3.30918
14850001 3.30892
14860001 3.30863
14870001 3.30836
14880001 3.30806
14890001 3.30778
14900001 3.30748
14910001 3.3072
14920001 3.30691
14930001 3.30664
14940001 3.30636
14950001 3.30609
14960001 3.30581
14970001 3.30552
14980001 3.30524
14990001 3.30497
15000001 3.30469
15010001 3.30442
15020001 3.30416
15030001 3.30389
15040001 3.30361
15050001 3.30333
15060001 3.30307
15070001 3.30277
15080001 3.3025
15090001 3.30223
15100001 3.30196
15110001 3.30168
15120001 3.30139
15130001 3.30111
15140001 3.30084
15150001 3.30057
15160001 3.30029
15170001 3.30003
15180001 3.29975
15190001 3.29948
15200001 3.29921
15210001 3.29895
15220001 3.29868
15230001 3.29838
15240001 3.2981
15250001 3.29783
15260001 3.29755
15270001 3.29727
15280001 3.29702
15290001 3.29674
15300001 3.29647
15310001 3.29621
15320001 3.29594
15330001 3.29567
15340001 3.29538
15350001 3.29511
15360001 3.29486
15370001 3.2946
15380001 3.29432
15390001 3.29406
15400001 3.29379
15410001 3.29352
15420001 3.29324
15430001 3.29299
15440001 3.29273
15450001 3.29246
15460001 3.29219
15470001 3.29192
15480001 3.29167
15490001 3.2914
15500001 3.29115
15510001 3.29087
15520001 3.29061
15530001 3.29035
15540001 3.29009
15550001 3.28982
15560001 3.28956
15570001 3.2893
15580001 3.28904
15590001 3.28876
15600001 3.2885
15610001 3.28823
15620001 3.28798
15630001 3.28771
15640001 3.28744
15650001 3.28716
15660001 3.28689
15670001 3.28663
15680001 3.28639
15690001 3.28612
15700001 3.28585
15710001 3.2856
15720001 3.28534
15730001 3.28509
15740001 3.28485
15750001 3.28457
15760001 3.28431
15770001 3.28406
15780001 3.28382
15790001 3.28357
15800001 3.28333
15810001 3.28308
15820001 3.28282
15830001 3.28257
15840001 3.28229
15850001 3.28204
15860001 3.28179
15870001 3.28154
15880001 3.2813
15890001 3.28104
15900001 3.28079
15910001 3.28052
15920001 3.28026
15930001 3.28001
15940001 3.27975
15950001 3.27951
15960001 3.27926
15970001 3.279
15980001 3.27875
15990001 3.2785
16000001 3.27824
16010001 3.27801
16020001 3.27775
16030001 3.27748
16040001 3.27723
16050001 3.27699
16060001 3.27673
16070001 3.2765
16080001 3.27623
16090001 3.27597
16100001 3.27572
16110001 3.27547
16120001 3.2752
16130001 3.27496
16140001 3.27473
16150001 3.27447
16160001 3.27422
16170001 3.27397
16180001 3.27372
16190001 3.27348
16200001 3.27324
16210001 3.27297
16220001 3.27272
16230001 3.2725
16240001 3.27226
16250001 3.27201
16260001 3.27178
16270001 3.27154
16280001 3.27128
16290001 3.27103
16300001 3.27079
16310001 3.27056
16320001 3.27032
16330001 3.27006
16340001 3.26982
16350001 3.26957
16360001 3.26933
16370001 3.26909
16380001 3.26885
16390001 3.2686
16400001 3.26836
16410001 3.26811
16420001 3.26789
16430001 3.26764
16440001 3.26738
16450001 3.26715
16460001 3.2669
16470001 3.26666
16480001 3.26643
16490001 3.26619
16500001 3.26594
16510001 3.2657
16520001 3.26544
16530001 3.2652
16540001 3.26496
16550001 3.26472
16560001 3.26447
16570001 3.26422
16580001 3.26398
16590001 3.26374
16600001 3.26351
16610001 3.26326
16620001 3.26302
16630001 3.26278
16640001 3.26254
16650001 3.2623
16660001 3.26205
16670001 3.26182
16680001 3.26159
16690001 3.26136
16700001 3.2611
16710001 3.26085
16720001 3.26059
16730001 3.26036
16740001 3.26012
16750001 3.2599
16760001 3.25968
16770001 3.25945
16780001 3.2592
16790001 3.25897
16800001 3.25872
16810001 3.25849
16820001 3.25827
16830001 3.25803
16840001 3.2578
16850001 3.25756
16860001 3.25733
16870001 3.25709
16880001 3.25686
16890001 3.25662
16900001 3.25639
16910001 3.25615
16920001 3.25593
16930001 3.25569
16940001 3.25546
16950001 3.25521
16960001 3.25499
16970001 3.25477
16980001 3.25455
16990001 3.25433
17000001 3.2541
17010001 3.25386
17020001 3.25362
17030001 3.25339
17040001 3.25315
17050001 3.25291
17060001 3.25269
17070001 3.25247
17080001 3.25224
17090001 3.25201
17100001 3.25178
17110001 3.25156
17120001 3.25135
17130001 3.25114
17140001 3.2509
17150001 3.25066
17160001 3.25043
17170001 3.2502
17180001 3.24997
17190001 3.24975
17200001 3.24952
17210001 3.24928
17220001 3.24905
17230001 3.24884
17240001 3.2486
17250001 3.24837
17260001 3.24817
17270001 3.24793
17280001 3.2477
17290001 3.24748
17300001 3.24723
17310001 3.24702
17320001 3.24679
17330001 3.24656
17340001 3.24636
17350001 3.24612
17360001 3.24591
17370001 3.24567
17380001 3.24545
17390001 3.24522
17400001 3.245
17410001 3.24479
17420001 3.24456
17430001 3.24434
17440001 3.24412
17450001 3.2439
17460001 3.24367
17470001 3.24345
17480001 3.24323
17490001 3.24301
17500001 3.24281
17510001 3.24259
17520001 3.24239
17530001 3.24217
17540001 3.24194
17550001 3.24172
17560001 3.24151
17570001 3.24128
17580001 3.24105
17590001 3.24083
17600001 3.24061
17610001 3.24038
17620001 3.24016
17630001 3.23995
17640001 3.23972
17650001 3.23952
17660001 3.2393
17670001 3.23909
17680001 3.23886
17690001 3.23864
17700001 3.23842
17710001 3.2382
17720001 3.23799
17730001 3.23777
17740001 3.23754
17750001 3.23735
17760001 3.23715
17770001 3.23693
17780001 3.23672
17790001 3.23652
17800001 3.2363
17810001 3.23609
17820001 3.23589
17830001 3.23568
17840001 3.23546
17850001 3.23526
17860001 3.23506
17870001 3.23485
17880001 3.23463
17890001 3.23442
17900001 3.2342
17910001 3.23399
17920001 3.23379
17930001 3.23357
17940001 3.23337
17950001 3.23315
17960001 3.23294
17970001 3.23273
17980001 3.23253
17990001 3.23231
18000001 3.2321
18010001 3.23191
18020001 3.23169
18030001 3.23148
18040001 3.23128
18050001 3.23106
18060001 3.23086
18070001 3.23064
18080001 3.23044
18090001 3.23024
18100001 3.23003
18110001 3.22983
18120001 3.22962
18130001 3.22941
18140001 3.22921
18150001 3.229
18160001 3.22881
18170001 3.2286
18180001 3.22838
18190001 3.2282
18200001 3.22797
18210001 3.22777
18220001 3.22757
18230001 3.22738
18240001 3.22716
18250001 3.22695
18260001 3.22675
18270001 3.22654
18280001 3.22634
18290001 3.22616
18300001 3.22595
18310001 3.22575
18320001 3.22554
18330001 3.22534
18340001 3.22514
18350001 3.22493
18360001 3.22474
18370001 3.22453
18380001 3.22435
18390001 3.22415
18400001 3.22395
18410001 3.22374
18420001 3.22354
18430001 3.22334
18440001 3.22313
18450001 3.22293
18460001 3.22271
18470001 3.22252
18480001 3.22232
18490001 3.22212
18500001 3.22193
18510001 3.22173
18520001 3.22153
18530001 3.22132
18540001 3.22112
18550001 3.22092
18560001 3.22071
18570001 3.22052
18580001 3.22031
18590001 3.22011
18600001 3.21991
18610001 3.21971
18620001 3.21951
18630001 3.21933
18640001 3.21913
18650001 3.21891
18660001 3.21871
18670001 3.21852
18680001 3.2183
18690001 3.2181
18700001 3.21789
18710001 3.21769
18720001 3.2175
18730001 3.21731
18740001 3.2171
18750001 3.21691
18760001 3.21672
18770001 3.21653
18780001 3.21634
18790001 3.21614
18800001 3.21593
18810001 3.21574
18820001 3.21554
18830001 3.21534
18840001 3.21516
18850001 3.21495
18860001 3.21477
18870001 3.21456
18880001 3.21439
18890001 3.21417
18900001 3.21399
18910001 3.21379
18920001 3.21361
18930001 3.21341
18940001 3.21321
18950001 3.21303
18960001 3.21284
18970001 3.21265
18980001 3.21245
18990001 3.21225
19000001 3.21207
19010001 3.21187
19020001 3.21169
19030001 3.2115
19040001 3.2113
19050001 3.21111
19060001 3.21094
19070001 3.21077
19080001 3.21058
19090001 3.21038
19100001 3.21019
19110001 3.21001
19120001 3.20982
19130001 3.20962
19140001 3.20944
19150001 3.20924
19160001 3.20904
19170001 3.20885
19180001 3.20866
19190001 3.20848
19200001 3.2083
19210001 3.20813
19220001 3.20794
19230001 3.20777
19240001 3.20758
19250001 3.20738
19260001 3.2072
19270001 3.20702
19280001 3.20683
19290001 3.20665
19300001 3.20647
19310001 3.20627
19320001 3.20608
19330001 3.2059
19340001 3.20572
19350001 3.20554
19360001 3.20536
19370001 3.20518
19380001 3.20501
19390001 3.20483
19400001 3.20464
19410001 3.20444
19420001 3.20426
19430001 3.20408
19440001 3.20389
19450001 3.20369
19460001 3.2035
19470001 3.20334
19480001 3.20315
19490001 3.20298
19500001 3.20279
19510001 3.2026
19520001 3.20243
19530001 3.20225
19540001 3.20207
19550001 3.20189
19560001 3.20171
19570001 3.20152
19580001 3.20133
19590001 3.20114
19600001 3.20094
19610001 3.20075
19620001 3.20057
19630001 3.20039
19640001 3.20021
19650001 3.20004
19660001 3.19986
19670001 3.19969
19680001 3.19952
19690001 3.19934
19700001 3.19916
19710001 3.199
19720001 3.19882
19730001 3.19863
19740001 3.19846
19750001 3.19829
19760001 3.19811
19770001 3.19793
19780001 3.19773
19790001 3.19755
19800001 3.19739
19810001 3.1972
19820001 3.19702
19830001 3.19684
19840001 3.19667
19850001 3.19649
19860001 3.19631
19870001 3.19614
19880001 3.19597
19890001 3.19579
19900001 3.1956
19910001 3.19543
19920001 3.19526
19930001 3.19508
19940001 3.1949
19950001 3.19472
19960001 3.19456
19970001 3.19438
19980001 3.19422
19990001 3.19404
20000001 3.19387
20010001 3.19369
20020001 3.19351
20030001 3.19334
20040001 3.19316
20050001 3.19299
20060001 3.19282
20070001 3.19265
20080001 3.19246
20090001 3.19229
20100001 3.19214
20110001 3.19198
20120001 3.19181
20130001 3.19162
20140001 3.19145
20150001 3.19129
20160001 3.19113
20170001 3.19096
20180001 3.19076
20190001 3.19059
20200001 3.19042
20210001 3.19027
20220001 3.1901
20230001 3.18991
20240001 3.18975
20250001 3.18958
20260001 3.18942
20270001 3.18924
20280001 3.18907
20290001 3.1889
20300001 3.18873
20310001 3.18856
20320001 3.18838
20330001 3.18821
20340001 3.18801
20350001 3.18784
20360001 3.18766
20370001 3.18746
20380001 3.1873
20390001 3.18712
20400001 3.18697
20410001 3.18681
20420001 3.18663
20430001 3.18646
20440001 3.18629
20450001 3.18613
20460001 3.18595
20470001 3.18578
20480001 3.18562
20490001 3.18547
20500001 3.1853
20510001 3.18515
20520001 3.18496
20530001 3.1848
20540001 3.18463
20550001 3.18447
20560001 3.1843
20570001 3.18413
20580001 3.18398
20590001 3.18381
20600001 3.18364
20610001 3.18348
20620001 3.18331
20630001 3.18315
20640001 3.18299
20650001 3.18282
20660001 3.18264
20670001 3.18248
20680001 3.18231
20690001 3.18214
20700001 3.18197
20710001 3.1818
20720001 3.18164
20730001 3.18147
20740001 3.1813
20750001 3.18114
20760001 3.18097
20770001 3.18081
20780001 3.18066
20790001 3.18049
20800001 3.18033
20810001 3.18015
20820001 3.17998
20830001 3.1798
20840001 3.17964
20850001 3.1795
20860001 3.17932
20870001 3.17917
20880001 3.17901
20890001 3.17885
20900001 3.17869
20910001 3.17854
20920001 3.17836
20930001 3.1782
20940001 3.17803
20950001 3.17786
20960001 3.1777
20970001 3.17755
20980001 3.1774
20990001 3.17721
21000001 3.17705
21010001 3.17689
21020001 3.17672
21030001 3.17656
21040001 3.17641
21050001 3.17625
21060001 3.17607
21070001 3.17592
21080001 3.17576
21090001 3.17559
21100001 3.17544
21110001 3.17527
21120001 3.17512
21130001 3.17496
21140001 3.1748
21150001 3.17466
21160001 3.17448
21170001 3.17432
21180001 3.17415
21190001 3.174
21200001 3.17385
21210001 3.17369
21220001 3.17354
21230001 3.17338
21240001 3.17324
21250001 3.17307
21260001 3.17292
21270001 3.17276
21280001 3.1726
21290001 3.17246
21300001 3.17229
21310001 3.17213
21320001 3.17198
21330001 3.17182
21340001 3.17166
21350001 3.1715
21360001 3.17133
21370001 3.17119
21380001 3.17103
21390001 3.17088
21400001 3.17072
21410001 3.17055
21420001 3.17039
21430001 3.17024
21440001 3.17008
21450001 3.16993
21460001 3.16977
21470001 3.16962
21480001 3.16947
21490001 3.16932
21500001 3.16917
21510001 3.16902
21520001 3.16886
21530001 3.16869
21540001 3.16853
21550001 3.16839
21560001 3.16823
21570001 3.16808
21580001 3.16792
21590001 3.16777
21600001 3.16762
21610001 3.16746
21620001 3.16732
21630001 3.16717
21640001 3.16702
21650001 3.16687
21660001 3.16672
21670001 3.16657
21680001 3.16642
21690001 3.16628
21700001 3.16612
21710001 3.16596
21720001 3.1658
21730001 3.16564
21740001 3.16549
21750001 3.16534
21760001 3.1652
21770001 3.16507
21780001 3.16493
21790001 3.16478
21800001 3.16462
21810001 3.16446
21820001 3.16431
21830001 3.16415
21840001 3.16401
21850001 3.16386
21860001 3.16369
21870001 3.16354
21880001 3.16339
21890001 3.16325
21900001 3.1631
21910001 3.16294
21920001 3.16279
21930001 3.16265
21940001 3.16249
21950001 3.16233
21960001 3.16218
21970001 3.16202
21980001 3.16187
21990001 3.16173
22000001 3.1616
22010001 3.16147
22020001 3.16131
22030001 3.16116
22040001 3.161
22050001 3.16085
22060001 3.1607
22070001 3.16055
22080001 3.1604
22090001 3.16025
22100001 3.1601
22110001 3.15996
22120001 3.15982
22130001 3.15967
22140001 3.15953
22150001 3.15938
22160001 3.15924
22170001 3.1591
22180001 3.15895
22190001 3.15879
22200001 3.15865
22210001 3.15849
22220001 3.15834
22230001 3.15818
22240001 3.15805
22250001 3.15791
22260001 3.15777
22270001 3.15763
22280001 3.15747
22290001 3.15733
22300001 3.15719
22310001 3.15705
22320001 3.15691
22330001 3.15677
22340001 3.15662
22350001 3.15648
22360001 3.15633
22370001 3.15619
22380001 3.15606
22390001 3.15593
22400001 3.15579
22410001 3.15565
22420001 3.15551
22430001 3.15538
22440001 3.15523
22450001 3.15509
22460001 3.15495
22470001 3.15481
22480001 3.15466
22490001 3.15453
22500001 3.15439
22510001 3.15425
22520001 3.1541
22530001 3.15397
22540001 3.15385
22550001 3.1537
22560001 3.15354
22570001 3.15342
22580001 3.15327
22590001 3.15313
22600001 3.15299
22610001 3.15287
22620001 3.15272
22630001 3.15257
22640001 3.15242
22650001 3.15229
22660001 3.15214
22670001 3.152
22680001 3.15185
22690001 3.15171
22700001 3.15157
22710001 3.15141
22720001 3.15128
22730001 3.15113
22740001 3.15098
22750001 3.15085
22760001 3.15072
22770001 3.15058
22780001 3.15045
22790001 3.1503
22800001 3.15016
22810001 3.15004
22820001 3.14992
22830001 3.14978
22840001 3.14965
22850001 3.14949
22860001 3.14936
22870001 3.14923
22880001 3.14908
22890001 3.14895
22900001 3.14881
22910001 3.14868
22920001 3.14855
22930001 3.14844
22940001 3.1483
22950001 3.14815
22960001 3.14801
22970001 3.14788
22980001 3.14774
22990001 3.14761
23000001 3.14748
23010001 3.14733
23020001 3.1472
23030001 3.14707
23040001 3.14692
23050001 3.14679
23060001 3.14667
23070001 3.14653
23080001 3.14641
23090001 3.14628
23100001 3.14615
23110001 3.14601
23120001 3.14588
23130001 3.14574
23140001 3.14559
23150001 3.14545
23160001 3.14531
23170001 3.14518
23180001 3.14503
23190001 3.14491
23200001 3.14479
23210001 3.14464
23220001 3.14449
23230001 3.14435
23240001 3.14424
23250001 3.1441
23260001 3.14396
23270001 3.14384
23280001 3.14371
23290001 3.14358
23300001 3.14345
23310001 3.1433
23320001 3.1432
23330001 3.14307
23340001 3.14293
23350001 3.14279
23360001 3.14266
23370001 3.14255
23380001 3.14242
23390001 3.14228
23400001 3.14213
23410001 3.142
23420001 3.14187
23430001 3.14172
23440001 3.14159
23450001 3.14145
23460001 3.14131
23470001 3.14119
23480001 3.14105
23490001 3.14092
23500001 3.14079
23510001 3.14067
23520001 3.14055
23530001 3.14043
23540001 3.1403
23550001 3.14016
23560001 3.14004
23570001 3.13991
23580001 3.13978
23590001 3.13966
23600001 3.13951
23610001 3.13938
23620001 3.13926
23630001 3.13913
23640001 3.13901
23650001 3.13889
23660001 3.13876
23670001 3.13863
23680001 3.13851
23690001 3.13839
23700001 3.13825
23710001 3.13811
23720001 3.13798
23730001 3.13785
23740001 3.13774
23750001 3.13761
23760001 3.13747
23770001 3.13735
23780001 3.13724
23790001 3.13711
23800001 3.13698
23810001 3.13686
23820001 3.13673
23830001 3.1366
23840001 3.13648
23850001 3.13636
23860001 3.13624
23870001 3.13611
23880001 3.13597
23890001 3.13585
23900001 3.13572
23910001 3.1356
23920001 3.13546
23930001 3.13534
23940001 3.13523
23950001 3.13512
23960001 3.13499
23970001 3.13486
23980001 3.13471
23990001 3.13458
24000001 3.13446
24010001 3.13433
24020001 3.1342
24030001 3.13408
24040001 3.13394
24050001 3.13382
24060001 3.13369
24070001 3.13357
24080001 3.13344
24090001 3.13331
24100001 3.13318
24110001 3.13306
24120001 3.13295
24130001 3.13283
24140001 3.13271
24150001 3.1326
24160001 3.13246
24170001 3.13232
24180001 3.1322
24190001 3.13208
24200001 3.13194
24210001 3.13182
24220001 3.13169
24230001 3.13156
24240001 3.13146
24250001 3.13133
24260001 3.13121
24270001 3.1311
24280001 3.13098
24290001 3.13086
24300001 3.13074
24310001 3.13062
24320001 3.1305
24330001 3.13038
24340001 3.13026
24350001 3.13013
24360001 3.13
24370001 3.1299
24380001 3.12978
24390001 3.12967
24400001 3.12954
24410001 3.12944
24420001 3.12931
24430001 3.12917
24440001 3.12906
24450001 3.12894
24460001 3.12882
24470001 3.1287
24480001 3.12858
24490001 3.12846
24500001 3.12834
24510001 3.12823
24520001 3.12812
24530001 3.12801
24540001 3.1279
24550001 3.12777
24560001 3.12764
24570001 3.12751
24580001 3.1274
24590001 3.12728
24600001 3.12716
24610001 3.12704
24620001 3.12692
24630001 3.12681
24640001 3.12669
24650001 3.12657
24660001 3.12646
24670001 3.12634
24680001 3.12622
24690001 3.12612
24700001 3.126
24710001 3.12588
24720001 3.12578
24730001 3.12566
24740001 3.12555
24750001 3.12542
24760001 3.1253
24770001 3.12517
24780001 3.12504
24790001 3.12492
24800001 3.12479
24810001 3.12468
24820001 3.12456
24830001 3.12445
24840001 3.12433
24850001 3.12421
24860001 3.12407
24870001 3.12397
24880001 3.12386
24890001 3.12374
24900001 3.12362
24910001 3.12351
24920001 3.1234
24930001 3.12329
24940001 3.12317
24950001 3.12306
24960001 3.12294
24970001 3.12282
24980001 3.1227
24990001 3.12258
25000001 3.12248
25010001 3.12236
25020001 3.12225
25030001 3.12212
25040001 3.122
25050001 3.12188
25060001 3.12176
25070001 3.12164
25080001 3.12153
25090001 3.12142
25100001 3.1213
25110001 3.12118
25120001 3.12106
25130001 3.12095
25140001 3.12085
25150001 3.12075
25160001 3.12064
25170001 3.12051
25180001 3.1204
25190001 3.12029
25200001 3.12019
25210001 3.12006
25220001 3.11995
25230001 3.11982
25240001 3.1197
25250001 3.11961
25260001 3.11949
25270001 3.11937
25280001 3.11926
25290001 3.11913
25300001 3.11902
25310001 3.11891
25320001 3.11879
25330001 3.11869
25340001 3.11857
25350001 3.11846
25360001 3.11835
25370001 3.11824
25380001 3.11813
25390001 3.11803
25400001 3.11793
25410001 3.11781
25420001 3.1177
25430001 3.11758
25440001 3.11747
25450001 3.11737
25460001 3.11727
25470001 3.11716
25480001 3.11704
25490001 3.11695
25500001 3.11684
25510001 3.11673
25520001 3.11662
25530001 3.1165
25540001 3.11639
25550001 3.1163
25560001 3.11619
25570001 3.11607
25580001 3.11596
25590001 3.11584
25600001 3.11573
25610001 3.11562
25620001 3.11551
25630001 3.1154
25640001 3.1153
25650001 3.11521
25660001 3.1151
25670001 3.11499
25680001 3.11488
25690001 3.11477
25700001 3.11465
25710001 3.11455
25720001 3.11444
25730001 3.11432
25740001 3.11421
25750001 3.11411
25760001 3.11398
25770001 3.11388
25780001 3.11378
25790001 3.11368
25800001 3.11358
25810001 3.11347
25820001 3.11336
25830001 3.11324
25840001 3.11312
25850001 3.11303
25860001 3.11292
25870001 3.1128
25880001 3.11269
25890001 3.11257
25900001 3.11246
25910001 3.11234
25920001 3.11223
25930001 3.11212
25940001 3.112
25950001 3.1119
25960001 3.11181
25970001 3.11168
25980001 3.11158
25990001 3.11148
26000001 3.11138
26010001 3.11129
26020001 3.11119
26030001 3.11107
26040001 3.11097
26050001 3.11086
26060001 3.11076
26070001 3.11066
26080001 3.11055
26090001 3.11045
26100001 3.11034
26110001 3.11024
26120001 3.11013
26130001 3.11003
26140001 3.10992
26150001 3.10982
26160001 3.10971
26170001 3.10961
26180001 3.10951
26190001 3.1094
26200001 3.10929
26210001 3.10917
26220001 3.10907
26230001 3.10895
26240001 3.10885
26250001 3.10876
26260001 3.10864
26270001 3.10851
26280001 3.10841
26290001 3.10832
26300001 3.10822
26310001 3.10811
26320001 3.10801
26330001 3.10791
26340001 3.10781
26350001 3.10769
26360001 3.10759
26370001 3.10748
26380001 3.10739
26390001 3.10726
26400001 3.10719
26410001 3.10709
26420001 3.10699
26430001 3.1069
26440001 3.10681
26450001 3.10671
26460001 3.1066
26470001 3.1065
26480001 3.10638
26490001 3.10629
26500001 3.10619
26510001 3.10607
26520001 3.10597
26530001 3.10588
26540001 3.10577
26550001 3.10566
26560001 3.10555
26570001 3.10544
26580001 3.10535
26590001 3.10526
26600001 3.10516
26610001 3.10507
26620001 3.10495
26630001 3.10484
26640001 3.10473
26650001 3.10462
26660001 3.10454
26670001 3.10446
26680001 3.10437
26690001 3.10427
26700001 3.10417
26710001 3.10409
26720001 3.104
26730001 3.10391
26740001 3.1038
26750001 3.10371
26760001 3.10362
26770001 3.1035
26780001 3.10341
26790001 3.10331
26800001 3.10321
26810001 3.10312
26820001 3.10302
26830001 3.10294
26840001 3.10283
26850001 3.10275
26860001 3.10265
26870001 3.10256
26880001 3.10244
26890001 3.10235
26900001 3.10223
26910001 3.10216
26920001 3.10207
26930001 3.10197
26940001 3.10188
26950001 3.10177
26960001 3.10168
26970001 3.10158
26980001 3.10146
26990001 3.10137
27000001 3.10128
27010001 3.10118
27020001 3.1011
27030001 3.101
27040001 3.10089
27050001 3.1008
27060001 3.1007
27070001 3.10062
27080001 3.10053
27090001 3.10044
27100001 3.10036
27110001 3.10024
27120001 3.10014
27130001 3.10004
27140001 3.09994
27150001 3.09984
27160001 3.09975
27170001 3.09964
27180001 3.09956
27190001 3.09945
27200001 3.09935
27210001 3.09926
27220001 3.09918
27230001 3.09909
27240001 3.09899
27250001 3.09891
27260001 3.09882
27270001 3.09871
27280001 3.09863
27290001 3.09852
27300001 3.09842
27310001 3.09833
27320001 3.09825
27330001 3.09816
27340001 3.09807
27350001 3.09798
27360001 3.09787
27370001 3.09776
27380001 3.09766
27390001 3.09758
27400001 3.09748
27410001 3.09739
27420001 3.0973
27430001 3.09721
27440001 3.09712
27450001 3.097
27460001 3.09692
27470001 3.09682
27480001 3.09671
27490001 3.09662
27500001 3.09653
27510001 3.09644
27520001 3.09634
27530001 3.09624
27540001 3.09613
27550001 3.09604
27560001 3.09594
27570001 3.09585
27580001 3.09577
27590001 3.09567
27600001 3.09559
27610001 3.09549
27620001 3.09541
27630001 3.09531
27640001 3.09521
27650001 3.09511
27660001 3.09501
27670001 3.09493
27680001 3.09483
27690001 3.0947
27700001 3.0946
27710001 3.0945
27720001 3.09441
27730001 3.09432
27740001 3.09423
27750001 3.09415
27760001 3.09405
27770001 3.09397
27780001 3.09387
27790001 3.09377
27800001 3.09367
27810001 3.09357
27820001 3.09348
27830001 3.09339
27840001 3.0933
27850001 3.0932
27860001 3.09312
27870001 3.09305
27880001 3.09295
27890001 3.09286
27900001 3.09278
27910001 3.0927
27920001 3.09261
27930001 3.09251
27940001 3.09243
27950001 3.09233
27960001 3.09224
27970001 3.09215
27980001 3.09206
27990001 3.09197
28000001 3.09187
28010001 3.09177
28020001 3.09168
28030001 3.09159
28040001 3.0915
28050001 3.09142
28060001 3.09134
28070001 3.09125
28080001 3.09114
28090001 3.09105
28100001 3.09095
28110001 3.09087
28120001 3.09079
28130001 3.09071
28140001 3.09063
28150001 3.09053
28160001 3.09045
28170001 3.09035
28180001 3.09027
28190001 3.09019
28200001 3.09009
28210001 3.09
28220001 3.08992
28230001 3.08983
28240001 3.08975
28250001 3.08967
28260001 3.08959
28270001 3.08951
28280001 3.08942
28290001 3.08934
28300001 3.08925
28310001 3.08917
28320001 3.0891
28330001 3.08899
28340001 3.0889
28350001 3.08882
28360001 3.08873
28370001 3.08864
28380001 3.08855
28390001 3.08848
28400001 3.08839
28410001 3.08829
28420001 3.0882
28430001 3.0881
28440001 3.088
28450001 3.08794
28460001 3.08785
28470001 3.08776
28480001 3.08766
28490001 3.08758
28500001 3.08749
28510001 3.08742
28520001 3.08734
28530001 3.08725
28540001 3.08715
28550001 3.08707
28560001 3.08698
28570001 3.0869
28580001 3.08681
28590001 3.08673
28600001 3.08665
28610001 3.08656
28620001 3.08646
28630001 3.08636
28640001 3.08629
28650001 3.08619
28660001 3.08612
28670001 3.08603
28680001 3.08593
28690001 3.08585
28700001 3.08577
28710001 3.08569
28720001 3.08561
28730001 3.08552
28740001 3.08545
28750001 3.08535
28760001 3.08527
28770001 3.08519
28780001 3.08511
28790001 3.08503
28800001 3.08493
28810001 3.08484
28820001 3.08474
28830001 3.08466
28840001 3.08456
28850001 3.08446
28860001 3.08437
28870001 3.0843
28880001 3.08421
28890001 3.08411
28900001 3.08404
28910001 3.08397
28920001 3.08388
28930001 3.08381
28940001 3.08374
28950001 3.08367
28960001 3.08357
28970001 3.08348
28980001 3.08339
28990001 3.0833
29000001 3.08322
29010001 3.08314
29020001 3.08305
29030001 3.08295
29040001 3.08286
29050001 3.08279
29060001 3.08271
29070001 3.08262
29080001 3.08253
29090001 3.08243
29100001 3.08235
29110001 3.08228
29120001 3.08218
29130001 3.08211
29140001 3.08203
29150001 3.08197
29160001 3.08189
29170001 3.08182
29180001 3.08174
29190001 3.08165
29200001 3.08157
29210001 3.0815
29220001 3.08143
29230001 3.08135
29240001 3.08128
29250001 3.0812
29260001 3.08111
29270001 3.08104
29280001 3.08096
29290001 3.08087
29300001 3.0808
29310001 3.08071
29320001 3.08062
29330001 3.08055
29340001 3.08048
29350001 3.0804
29360001 3.08033
29370001 3.08025
29380001 3.08016
29390001 3.08007
29400001 3.07998
29410001 3.07991
29420001 3.07984
29430001 3.07976
29440001 3.0797
29450001 3.07963
29460001 3.07956
29470001 3.07947
29480001 3.07939
29490001 3.0793
29500001 3.07923
29510001 3.07915
29520001 3.07906
29530001 3.079
29540001 3.07892
29550001 3.07884
29560001 3.07875
29570001 3.07866
29580001 3.07858
29590001 3.0785
29600001 3.07843
29610001 3.07836
29620001 3.07829
29630001 3.07821
29640001 3.07814
29650001 3.07805
29660001 3.07798
29670001 3.0779
29680001 3.07782
29690001 3.07773
29700001 3.07765
29710001 3.07758
29720001 3.0775
29730001 3.07743
29740001 3.07734
29750001 3.07726
29760001 3.07718
29770001 3.07711
29780001 3.07704
29790001 3.07697
29800001 3.07689
29810001 3.07682
29820001 3.07674
29830001 3.07666
29840001 3.07657
29850001 3.07649
29860001 3.07643
29870001 3.07635
29880001 3.07626
29890001 3.07619
29900001 3.07612
29910001 3.07603
29920001 3.07597
29930001 3.0759
29940001 3.07582
29950001 3.07573
29960001 3.07566
29970001 3.07559
29980001 3.07552
29990001 3.07546
