1 2186.77
10001 201.964
20001 129.871
30001 92.7458
40001 70.4022
50001 55.0108
60001 44.0448
70001 36.5466
80001 30.571
90001 26.1794
100001 22.863
110001 20.1684
120001 18.0271
130001 16.3096
140001 14.887
150001 13.7591
160001 12.8253
170001 12.0024
180001 11.3587
190001 10.7749
200001 10.29
210001 9.86684
220001 9.48901
230001 9.16775
240001 8.88034
250001 8.6238
260001 8.41698
270001 8.19571
280001 7.99856
290001 7.82596
300001 7.69035
310001 7.55644
320001 7.42111
330001 7.28838
340001 7.1656
350001 7.06754
360001 6.95541
370001 6.8849
380001 6.7825
390001 6.7009
400001 6.62918
410001 6.55092
420001 6.46499
430001 6.39081
440001 6.32886
450001 6.26831
460001 6.20787
470001 6.14591
480001 6.0841
490001 6.0397
500001 5.98096
510001 5.93646
520001 5.87157
530001 5.83532
540001 5.78807
550001 5.75099
560001 5.70847
570001 5.65006
580001 5.61785
590001 5.57759
600001 5.52472
610001 5.4847
620001 5.45975
630001 5.43565
640001 5.38734
650001 5.35173
660001 5.31648
670001 5.28388
680001 5.25314
690001 5.2227
700001 5.19175
710001 5.15905
720001 5.12377
730001 5.09365
740001 5.0739
750001 5.04923
760001 5.0196
770001 4.99252
780001 4.97387
790001 4.93904
800001 4.90975
810001 4.88379
820001 4.88104
830001 4.85517
840001 4.8319
850001 4.79189
860001 4.77818
870001 4.75174
880001 4.73691
890001 4.70823
900001 4.6904
910001 4.67623
920001 4.65193
930001 4.63413
940001 4.60977
950001 4.59182
960001 4.57277
970001 4.54787
980001 4.53504
990001 4.52022
1000001 4.5054
1010001 4.49087
1020001 4.47292
1030001 4.4516
1040001 4.42867
1050001 4.41078
1060001 4.39286
1070001 4.37872
1080001 4.36634
1090001 4.34116
1100001 4.32834
1110001 4.31661
1120001 4.30416
1130001 4.28818
1140001 4.27234
1150001 4.26429
1160001 4.24727
1170001 4.23394
1180001 4.21764
1190001 4.20355
1200001 4.19939
1210001 4.17825
1220001 4.16607
1230001 4.15412
1240001 4.13008
1250001 4.12565
1260001 4.11295
1270001 4.10245
1280001 4.08858
1290001 4.08328
1300001 4.06392
1310001 4.05455
1320001 4.0415
1330001 4.03167
1340001 4.02163
1350001 4.01109
1360001 3.99392
1370001 3.98725
1380001 3.97421
1390001 3.96433
1400001 3.95426
1410001 3.94803
1420001 3.93046
1430001 3.92552
1440001 3.91277
1450001 3.90965
1460001 3.89688
1470001 3.89495
1480001 3.86737
1490001 3.87468
1500001 3.86129
1510001 3.85414
1520001 3.84171
1530001 3.84068
1540001 3.82582
1550001 3.80898
1560001 3.80211
1570001 3.7932
1580001 3.79364
1590001 3.77525
1600001 3.77076
1610001 3.76402
1620001 3.75854
1630001 3.74904
1640001 3.74534
1650001 3.73625
1660001 3.72302
1670001 3.72173
1680001 3.70429
1690001 3.69716
1700001 3.6884
1710001 3.68394
1720001 3.66863
1730001 3.66289
1740001 3.65538
1750001 3.64587
1760001 3.64183
1770001 3.63803
1780001 3.63132
1790001 3.62478
1800001 3.61555
1810001 3.6119
1820001 3.6068
1830001 3.5899
1840001 3.58883
1850001 3.58453
1860001 3.57216
1870001 3.56828
1880001 3.56734
1890001 3.56905
1900001 3.55606
1910001 3.55222
1920001 3.54278
1930001 3.54021
1940001 3.53536
1950001 3.52119
1960001 3.51694
1970001 3.50799
1980001 3.50423
1990001 3.50485
2000001 3.50693
2010001 3.49483
2020001 3.48293
2030001 3.48045
2040001 3.47615
2050001 3.46802
2060001 3.46191
2070001 3.4565
2080001 3.45003
2090001 3.45057
2100001 3.43799
2110001 3.43112
2120001 3.42176
2130001 3.42083
2140001 3.42571
2150001 3.41253
2160001 3.41814
2170001 3.40516
2180001 3.40056
2190001 3.4058
2200001 3.39298
2210001 3.38552
2220001 3.38275
2230001 3.37849
2240001 3.3748
2250001 3.36184
2260001 3.36405
2270001 3.35795
2280001 3.35958
2290001 3.3529
2300001 3.34369
2310001 3.33361
2320001 3.33769
2330001 3.33456
2340001 3.33021
2350001 3.32693
2360001 3.32495
2370001 3.31974
2380001 3.31909
2390001 3.30954
2400001 3.30204
2410001 3.30214
2420001 3.29159
2430001 3.29059
2440001 3.28764
2450001 3.27824
2460001 3.27585
2470001 3.2647
2480001 3.27311
2490001 3.27477
2500001 3.26476
2510001 3.26197
2520001 3.25683
2530001 3.25543
2540001 3.25762
2550001 3.25253
2560001 3.24105
2570001 3.2367
2580001 3.23872
2590001 3.23019
2600001 3.22762
2610001 3.23024
2620001 3.2292
2630001 3.22473
2640001 3.22833
2650001 3.21241
2660001 3.20563
2670001 3.19848
2680001 3.19309
2690001 3.19557
2700001 3.19046
2710001 3.18365
2720001 3.19012
2730001 3.18868
2740001 3.18242
2750001 3.17729
2760001 3.17378
2770001 3.16338
2780001 3.16803
2790001 3.1596
2800001 3.16551
2810001 3.14988
2820001 3.14967
2830001 3.14892
2840001 3.15464
2850001 3.15122
2860001 3.14347
2870001 3.14639
2880001 3.13525
2890001 3.12531
2900001 3.13232
2910001 3.12911
2920001 3.12285
2930001 3.12301
2940001 3.11694
2950001 3.11029
2960001 3.11312
2970001 3.10666
2980001 3.10698
2990001 3.11107
3000001 3.10504
3010001 3.09931
3020001 3.09764
3030001 3.09993
3040001 3.09727
3050001 3.09271
3060001 3.09439
3070001 3.09267
3080001 3.08561
3090001 3.07505
3100001 3.07918
3110001 3.07265
3120001 3.06893
3130001 3.06289
3140001 3.06992
3150001 3.06281
3160001 3.05718
3170001 3.05347
3180001 3.05372
3190001 3.05284
3200001 3.04044
3210001 3.04522
3220001 3.04244
3230001 3.04085
3240001 3.03319
3250001 3.03669
3260001 3.0315
3270001 3.03175
3280001 3.03172
3290001 3.02753
3300001 3.02666
3310001 3.02258
3320001 3.02104
3330001 3.02395
3340001 3.01605
3350001 3.00959
3360001 3.01635
3370001 3.00699
3380001 3.00684
3390001 2.999
3400001 2.99528
3410001 3.00143
3420001 2.99924
3430001 2.99684
3440001 2.99553
3450001 2.99069
3460001 2.99222
3470001 2.98695
3480001 2.98206
3490001 2.98006
3500001 2.98238
3510001 2.98154
3520001 2.9793
3530001 2.97438
3540001 2.96994
3550001 2.97548
3560001 2.97113
3570001 2.96974
3580001 2.9647
3590001 2.95841
3600001 2.95675
3610001 2.96723
3620001 2.96228
3630001 2.964
3640001 2.95833
3650001 2.94965
3660001 2.94956
3670001 2.94892
3680001 2.94618
3690001 2.9491
3700001 2.94821
3710001 2.94472
3720001 2.94813
3730001 2.9492
3740001 2.94304
3750001 2.93954
3760001 2.93877
3770001 2.93367
3780001 2.93181
3790001 2.92841
3800001 2.92289
3810001 2.92358
3820001 2.91488
3830001 2.91288
3840001 2.91999
3850001 2.91276
3860001 2.91177
3870001 2.91146
3880001 2.9069
3890001 2.91441
3900001 2.90775
3910001 2.90896
3920001 2.89823
3930001 2.89931
3940001 2.90412
3950001 2.90009
3960001 2.90079
3970001 2.89812
3980001 2.90406
3990001 2.8946
4000001 2.89427
4010001 2.89427
4020001 2.88686
4030001 2.88279
4040001 2.88853
4050001 2.87777
4060001 2.89062
4070001 2.88088
4080001 2.87813
4090001 2.8727
4100001 2.88203
4110001 2.87855
4120001 2.87105
4130001 2.86414
4140001 2.86649
4150001 2.86979
4160001 2.86224
4170001 2.8589
4180001 2.85543
4190001 2.85734
4200001 2.85605
4210001 2.85857
4220001 2.85864
4230001 2.85103
4240001 2.86587
4250001 2.85849
4260001 2.84497
4270001 2.84685
4280001 2.85018
4290001 2.84257
4300001 2.84442
4310001 2.84136
4320001 2.84356
4330001 2.83493
4340001 2.83468
4350001 2.83458
4360001 2.829
4370001 2.83613
4380001 2.83649
4390001 2.83311
4400001 2.82794
4410001 2.83723
4420001 2.83144
4430001 2.82682
4440001 2.82048
4450001 2.8324
4460001 2.82655
4470001 2.82967
4480001 2.82214
4490001 2.81661
4500001 2.82012
4510001 2.82251
4520001 2.82289
4530001 2.82306
4540001 2.8103
4550001 2.81348
4560001 2.80729
4570001 2.80273
4580001 2.805
4590001 2.80613
4600001 2.80822
4610001 2.81242
4620001 2.82489
4630001 2.80658
4640001 2.80354
4650001 2.80525
4660001 2.80026
4670001 2.79966
4680001 2.79963
4690001 2.79793
4700001 2.79317
4710001 2.80454
4720001 2.78895
4730001 2.78696
4740001 2.78628
4750001 2.79137
4760001 2.78884
4770001 2.77733
4780001 2.78207
4790001 2.77637
4800001 2.77827
4810001 2.78052
4820001 2.78348
4830001 2.77665
4840001 2.77685
4850001 2.77765
4860001 2.77265
4870001 2.77512
4880001 2.77785
4890001 2.76892
4900001 2.76964
4910001 2.76937
4920001 2.76607
4930001 2.76475
4940001 2.76513
4950001 2.7674
4960001 2.76888
4970001 2.75999
4980001 2.76772
4990001 2.75877
5000001 2.76372
5010001 2.75925
5020001 2.76184
5030001 2.75658
5040001 2.75781
5050001 2.75381
5060001 2.75284
5070001 2.75646
5080001 2.74835
5090001 2.75133
5100001 2.75456
5110001 2.75558
5120001 2.75179
5130001 2.74489
5140001 2.73667
5150001 2.74174
5160001 2.74435
5170001 2.74066
5180001 2.73807
5190001 2.74127
5200001 2.73993
5210001 2.7469
5220001 2.72886
5230001 2.72925
5240001 2.73377
5250001 2.73662
5260001 2.73338
5270001 2.73001
5280001 2.72658
5290001 2.72665
5300001 2.72935
5310001 2.72142
5320001 2.73042
5330001 2.72126
5340001 2.7174
5350001 2.71532
5360001 2.72009
5370001 2.71805
5380001 2.71147
5390001 2.71237
5400001 2.71504
5410001 2.71746
5420001 2.71494
5430001 2.71149
5440001 2.71546
5450001 2.71374
5460001 2.70768
5470001 2.71882
5480001 2.7178
5490001 2.71742
5500001 2.70197
5510001 2.70261
5520001 2.70836
5530001 2.70548
5540001 2.69887
5550001 2.70505
5560001 2.70653
5570001 2.70104
5580001 2.70258
5590001 2.7025
5600001 2.69986
5610001 2.69619
5620001 2.69632
5630001 2.69643
5640001 2.6916
5650001 2.70212
5660001 2.69718
5670001 2.69666
5680001 2.69247
5690001 2.68868
5700001 2.68127
5710001 2.6852
5720001 2.68736
5730001 2.68141
5740001 2.67835
5750001 2.68147
5760001 2.67652
5770001 2.67262
5780001 2.68623
5790001 2.68557
5800001 2.67877
5810001 2.67798
5820001 2.67392
5830001 2.68462
5840001 2.67911
5850001 2.67607
5860001 2.68424
5870001 2.67324
5880001 2.66425
5890001 2.67429
5900001 2.67953
5910001 2.67279
5920001 2.6789
5930001 2.66598
5940001 2.66482
5950001 2.65994
5960001 2.66827
5970001 2.6646
5980001 2.66868
5990001 2.65891
6000001 2.66075
6010001 2.66653
6020001 2.65987
6030001 2.66234
6040001 2.66324
6050001 2.66285
6060001 2.6625
6070001 2.66045
6080001 2.66179
6090001 2.65941
6100001 2.65054
6110001 2.64919
6120001 2.66215
6130001 2.65898
6140001 2.66156
6150001 2.65369
6160001 2.64956
6170001 2.65207
6180001 2.65069
6190001 2.6523
6200001 2.65114
6210001 2.65427
6220001 2.66027
6230001 2.6594
6240001 2.65328
6250001 2.65053
6260001 2.6577
6270001 2.65061
6280001 2.64946
6290001 2.64595
6300001 2.64053
6310001 2.64326
6320001 2.64111
6330001 2.64146
6340001 2.64761
6350001 2.63905
6360001 2.63737
6370001 2.62989
6380001 2.63957
6390001 2.6423
6400001 2.64092
6410001 2.64563
6420001 2.63156
6430001 2.6364
6440001 2.63592
6450001 2.63476
6460001 2.63
6470001 2.62916
6480001 2.62798
6490001 2.62353
6500001 2.61938
6510001 2.62442
6520001 2.62357
6530001 2.63509
6540001 2.62786
6550001 2.62468
6560001 2.62893
6570001 2.63048
6580001 2.62512
6590001 2.62381
6600001 2.61621
6610001 2.6168
6620001 2.62302
6630001 2.62255
6640001 2.61819
6650001 2.61428
6660001 2.61808
6670001 2.61722
6680001 2.61113
6690001 2.62077
6700001 2.62205
6710001 2.61335
6720001 2.62422
6730001 2.61943
6740001 2.61937
6750001 2.61106
6760001 2.60999
6770001 2.6129
6780001 2.60769
6790001 2.6062
6800001 2.60506
6810001 2.60683
6820001 2.60662
6830001 2.60713
6840001 2.60985
6850001 2.60751
6860001 2.6068
6870001 2.61034
6880001 2.60976
6890001 2.60961
6900001 2.59739
6910001 2.5967
6920001 2.60084
6930001 2.59872
6940001 2.59207
6950001 2.59376
6960001 2.59996
6970001 2.59881
6980001 2.60061
6990001 2.59024
7000001 2.5924
7010001 2.60222
7020001 2.59612
7030001 2.59424
7040001 2.59953
7050001 2.58943
7060001 2.59333
7070001 2.60116
7080001 2.59142
7090001 2.59693
7100001 2.60588
7110001 2.60121
7120001 2.60032
7130001 2.591
7140001 2.58415
7150001 2.58888
7160001 2.58403
7170001 2.5814
7180001 2.57833
7190001 2.58524
7200001 2.59974
7210001 2.58706
7220001 2.58729
7230001 2.58092
7240001 2.57278
7250001 2.5814
7260001 2.58162
7270001 2.57788
7280001 2.57283
7290001 2.58126
7300001 2.5816
7310001 2.58061
7320001 2.57566
7330001 2.57525
7340001 2.57414
7350001 2.57428
7360001 2.5704
7370001 2.56848
7380001 2.57732
7390001 2.56413
7400001 2.57149
7410001 2.56544
7420001 2.57319
7430001 2.56094
7440001 2.57141
7450001 2.5656
7460001 2.56386
7470001 2.56559
7480001 2.57363
7490001 2.56791
7500001 2.56584
7510001 2.56743
7520001 2.56562
7530001 2.56543
7540001 2.57538
7550001 2.56491
7560001 2.55972
7570001 2.55833
7580001 2.56023
7590001 2.55804
7600001 2.56058
7610001 2.56122
7620001 2.56885
7630001 2.56463
7640001 2.55539
7650001 2.54899
7660001 2.55441
7670001 2.56224
7680001 2.56266
7690001 2.55132
7700001 2.56553
7710001 2.55976
7720001 2.56115
7730001 2.55513
7740001 2.55731
7750001 2.55197
7760001 2.55753
7770001 2.5529
7780001 2.54767
7790001 2.54807
7800001 2.5521
7810001 2.55265
7820001 2.54475
7830001 2.55233
7840001 2.54546
7850001 2.55096
7860001 2.54023
7870001 2.54708
7880001 2.55366
7890001 2.54709
7900001 2.54456
7910001 2.54171
7920001 2.53508
7930001 2.53728
7940001 2.5399
7950001 2.5541
7960001 2.539
7970001 2.54682
7980001 2.53938
7990001 2.54689
8000001 2.54474
8010001 2.54321
8020001 2.54967
8030001 2.54893
8040001 2.54353
8050001 2.5425
8060001 2.5415
8070001 2.54738
8080001 2.54606
8090001 2.5454
8100001 2.53908
8110001 2.53796
8120001 2.53462
8130001 2.53775
8140001 2.53419
8150001 2.52855
8160001 2.53387
8170001 2.52933
8180001 2.52766
8190001 2.52748
8200001 2.52702
8210001 2.52526
8220001 2.53176
8230001 2.52574
8240001 2.53254
8250001 2.5366
8260001 2.53103
8270001 2.52835
8280001 2.52881
8290001 2.52727
8300001 2.53181
8310001 2.53091
8320001 2.53088
8330001 2.53462
8340001 2.53015
8350001 2.52419
8360001 2.52062
8370001 2.52344
8380001 2.52316
8390001 2.52341
8400001 2.52967
8410001 2.52322
8420001 2.52294
8430001 2.52206
8440001 2.51622
8450001 2.52272
8460001 2.52902
8470001 2.51653
8480001 2.53065
8490001 2.52433
8500001 2.52198
8510001 2.5181
8520001 2.51387
8530001 2.51852
8540001 2.52118
8550001 2.51201
8560001 2.51381
8570001 2.5117
8580001 2.51721
8590001 2.51917
8600001 2.5252
8610001 2.51133
8620001 2.51744
8630001 2.51976
8640001 2.50828
8650001 2.51153
8660001 2.515
8670001 2.51057
8680001 2.51339
8690001 2.51192
8700001 2.5181
8710001 2.5136
8720001 2.51062
8730001 2.51134
8740001 2.51715
8750001 2.50573
8760001 2.50215
8770001 2.50584
8780001 2.50967
8790001 2.50277
8800001 2.50318
8810001 2.50439
8820001 2.50277
8830001 2.51093
8840001 2.50079
8850001 2.4985
8860001 2.4996
8870001 2.49653
8880001 2.49732
8890001 2.50033
8900001 2.50277
8910001 2.51361
8920001 2.50012
8930001 2.49487
8940001 2.49188
8950001 2.50341
8960001 2.49634
8970001 2.4926
8980001 2.50221
8990001 2.49951
9000001 2.49785
9010001 2.49688
9020001 2.49881
9030001 2.49906
9040001 2.49143
9050001 2.4979
9060001 2.49933
9070001 2.49768
9080001 2.50044
9090001 2.49686
9100001 2.48865
9110001 2.48783
9120001 2.4883
9130001 2.49536
9140001 2.4875
9150001 2.4866
9160001 2.48452
9170001 2.49057
9180001 2.48871
9190001 2.49242
9200001 2.48679
9210001 2.49101
9220001 2.48815
9230001 2.49227
9240001 2.49202
9250001 2.48497
9260001 2.47932
9270001 2.4837
9280001 2.48752
9290001 2.48647
9300001 2.48018
9310001 2.48822
9320001 2.48113
9330001 2.48468
9340001 2.48632
9350001 2.4879
9360001 2.47647
9370001 2.48199
9380001 2.48696
9390001 2.48172
9400001 2.47888
9410001 2.48295
9420001 2.4772
9430001 2.47725
9440001 2.47704
9450001 2.47456
9460001 2.47898
9470001 2.47669
9480001 2.48102
9490001 2.47776
9500001 2.47664
9510001 2.47974
9520001 2.47184
9530001 2.48008
9540001 2.47491
9550001 2.47092
9560001 2.46614
9570001 2.4732
9580001 2.4772
9590001 2.47408
9600001 2.48078
9610001 2.47165
9620001 2.47295
9630001 2.474
9640001 2.48174
9650001 2.4763
9660001 2.47436
9670001 2.47309
9680001 2.47404
9690001 2.47315
9700001 2.47055
9710001 2.46386
9720001 2.46572
9730001 2.47151
9740001 2.47321
9750001 2.47177
9760001 2.47241
9770001 2.46987
9780001 2.47055
9790001 2.47017
9800001 2.47592
9810001 2.45955
9820001 2.47789
9830001 2.47292
9840001 2.46681
9850001 2.46544
9860001 2.47096
9870001 2.46712
9880001 2.46777
9890001 2.46181
9900001 2.47794
9910001 2.47274
9920001 2.46499
9930001 2.47222
9940001 2.46236
9950001 2.46317
9960001 2.46087
9970001 2.46807
9980001 2.4657
9990001 2.45947
10000001 2.4599
10010001 2.46617
10020001 2.45776
10030001 2.46266
10040001 2.46298
10050001 2.45953
10060001 2.4577
10070001 2.4615
10080001 2.46105
10090001 2.46184
10100001 2.4583
10110001 2.45262
10120001 2.45316
10130001 2.45706
10140001 2.46214
10150001 2.45693
10160001 2.46034
10170001 2.46632
10180001 2.46292
10190001 2.46555
10200001 2.45507
10210001 2.45632
10220001 2.45439
10230001 2.4541
10240001 2.45202
10250001 2.45005
10260001 2.45403
10270001 2.44462
10280001 2.44723
10290001 2.45096
10300001 2.44593
10310001 2.45316
10320001 2.45373
10330001 2.44685
10340001 2.4485
10350001 2.45353
10360001 2.45144
10370001 2.44532
10380001 2.45121
10390001 2.44842
10400001 2.44798
10410001 2.45061
10420001 2.449
10430001 2.44065
10440001 2.44381
10450001 2.44292
10460001 2.44699
10470001 2.44139
10480001 2.45273
10490001 2.4482
10500001 2.44774
10510001 2.447
10520001 2.44065
10530001 2.44804
10540001 2.44864
10550001 2.44174
10560001 2.44238
10570001 2.4436
10580001 2.43777
10590001 2.43991
10600001 2.44034
10610001 2.43935
10620001 2.44885
10630001 2.44286
10640001 2.45686
10650001 2.44272
10660001 2.44082
10670001 2.44879
10680001 2.45144
10690001 2.44824
10700001 2.44569
10710001 2.43905
10720001 2.4331
10730001 2.44387
10740001 2.4436
10750001 2.43618
10760001 2.43636
10770001 2.43717
10780001 2.42998
10790001 2.43557
10800001 2.43655
10810001 2.43758
10820001 2.43821
10830001 2.43998
10840001 2.43039
10850001 2.43442
10860001 2.44586
10870001 2.43252
10880001 2.42638
10890001 2.42413
10900001 2.43383
10910001 2.43539
10920001 2.44034
10930001 2.43796
10940001 2.43173
10950001 2.43499
10960001 2.43391
10970001 2.42508
10980001 2.42319
10990001 2.4309
11000001 2.42875
11010001 2.43378
11020001 2.43979
11030001 2.4388
11040001 2.43406
11050001 2.43588
11060001 2.429
11070001 2.42832
11080001 2.4358
11090001 2.42886
11100001 2.44325
11110001 2.4369
11120001 2.42653
11130001 2.43138
11140001 2.43177
11150001 2.43491
11160001 2.42729
11170001 2.42002
11180001 2.42937
11190001 2.4242
11200001 2.42185
11210001 2.4201
11220001 2.42499
11230001 2.42335
11240001 2.41591
11250001 2.41748
11260001 2.41428
11270001 2.42587
11280001 2.42706
11290001 2.42336
11300001 2.41893
11310001 2.42239
11320001 2.42071
11330001 2.42058
11340001 2.41836
11350001 2.42551
11360001 2.43279
11370001 2.431
11380001 2.42519
11390001 2.42654
11400001 2.41483
11410001 2.41519
11420001 2.42016
11430001 2.41961
11440001 2.41565
11450001 2.413
11460001 2.41966
11470001 2.42161
11480001 2.42328
11490001 2.41358
11500001 2.42196
11510001 2.41565
11520001 2.41772
11530001 2.41464
11540001 2.41196
11550001 2.41712
11560001 2.42282
11570001 2.4142
11580001 2.42295
11590001 2.42041
11600001 2.41993
11610001 2.43431
11620001 2.42437
11630001 2.42626
11640001 2.41464
11650001 2.41353
11660001 2.40978
11670001 2.41861
11680001 2.41356
11690001 2.42263
11700001 2.42345
11710001 2.41461
11720001 2.40927
11730001 2.41252
11740001 2.42139
11750001 2.4143
11760001 2.41824
11770001 2.41614
11780001 2.42535
11790001 2.41666
11800001 2.41425
11810001 2.40051
11820001 2.40636
11830001 2.40427
11840001 2.41267
11850001 2.40548
11860001 2.40904
11870001 2.40489
11880001 2.40683
11890001 2.41596
11900001 2.41145
11910001 2.41434
11920001 2.40997
11930001 2.40961
11940001 2.40284
11950001 2.40869
11960001 2.40264
11970001 2.39831
11980001 2.40026
11990001 2.41013
12000001 2.40749
12010001 2.40683
12020001 2.40557
12030001 2.40778
12040001 2.40267
12050001 2.39732
12060001 2.39651
12070001 2.40772
12080001 2.40125
12090001 2.40006
12100001 2.4113
12110001 2.41083
12120001 2.40292
12130001 2.40022
12140001 2.40453
12150001 2.40245
12160001 2.40679
12170001 2.40311
12180001 2.39812
12190001 2.40294
12200001 2.40148
12210001 2.40214
12220001 2.39933
12230001 2.40055
12240001 2.39448
12250001 2.39713
12260001 2.39546
12270001 2.4
12280001 2.39131
12290001 2.38761
12300001 2.39197
12310001 2.38902
12320001 2.39598
12330001 2.39036
12340001 2.39194
12350001 2.3939
12360001 2.39351
12370001 2.39395
12380001 2.39584
12390001 2.38956
12400001 2.40137
12410001 2.39491
12420001 2.40379
12430001 2.39805
12440001 2.39272
12450001 2.39422
12460001 2.39855
12470001 2.39173
12480001 2.39034
12490001 2.39014
12500001 2.39374
12510001 2.39578
12520001 2.38941
12530001 2.39145
12540001 2.38594
12550001 2.38674
12560001 2.39383
12570001 2.39293
12580001 2.39676
12590001 2.38978
12600001 2.39442
12610001 2.39861
12620001 2.39836
12630001 2.39242
12640001 2.39713
12650001 2.39325
12660001 2.38829
12670001 2.39386
12680001 2.3804
12690001 2.38555
12700001 2.38359
12710001 2.38671
12720001 2.38906
12730001 2.39324
12740001 2.40107
12750001 2.39679
12760001 2.39876
12770001 2.39543
12780001 2.38725
12790001 2.38757
12800001 2.3871
12810001 2.3854
12820001 2.38366
12830001 2.37872
12840001 2.38385
12850001 2.39163
12860001 2.39178
12870001 2.3849
12880001 2.38663
12890001 2.3821
12900001 2.37962
12910001 2.38217
12920001 2.37657
12930001 2.3798
12940001 2.38065
12950001 2.3895
12960001 2.38674
12970001 2.37879
12980001 2.39058
12990001 2.38462
13000001 2.37803
13010001 2.37401
13020001 2.37975
13030001 2.3818
13040001 2.38371
13050001 2.37928
13060001 2.3795
13070001 2.38178
13080001 2.38033
13090001 2.38054
13100001 2.37823
13110001 2.38535
13120001 2.37706
13130001 2.37659
13140001 2.37846
13150001 2.38377
13160001 2.38961
13170001 2.38657
13180001 2.37601
13190001 2.37208
13200001 2.37226
13210001 2.37397
13220001 2.37993
13230001 2.37821
13240001 2.38235
13250001 2.37924
13260001 2.37986
13270001 2.3716
13280001 2.37636
13290001 2.3719
13300001 2.37608
13310001 2.3827
13320001 2.38052
13330001 2.38874
13340001 2.37853
13350001 2.37353
13360001 2.38115
13370001 2.37843
13380001 2.38136
13390001 2.37959
13400001 2.36846
13410001 2.36855
13420001 2.36031
13430001 2.36784
13440001 2.36987
13450001 2.3777
13460001 2.36797
13470001 2.37651
13480001 2.37483
13490001 2.37346
13500001 2.37503
13510001 2.37727
13520001 2.37666
13530001 2.38116
13540001 2.39
13550001 2.38175
13560001 2.3765
13570001 2.36944
13580001 2.37526
13590001 2.38167
13600001 2.38016
13610001 2.37768
13620001 2.37492
13630001 2.37427
13640001 2.36836
13650001 2.37872
13660001 2.37235
13670001 2.38116
13680001 2.37182
13690001 2.37436
13700001 2.37242
13710001 2.37189
13720001 2.37298
13730001 2.37899
13740001 2.37061
13750001 2.36921
13760001 2.37095
13770001 2.37198
13780001 2.36327
13790001 2.36814
13800001 2.36165
13810001 2.36754
13820001 2.37401
13830001 2.36652
13840001 2.36552
13850001 2.37341
13860001 2.36749
13870001 2.37045
13880001 2.36994
13890001 2.36201
13900001 2.3602
13910001 2.37072
13920001 2.36412
13930001 2.36859
13940001 2.37327
13950001 2.37047
13960001 2.36967
13970001 2.36657
13980001 2.36101
13990001 2.36374
14000001 2.36891
14010001 2.36327
14020001 2.36455
14030001 2.36136
14040001 2.36581
14050001 2.36605
14060001 2.36337
14070001 2.36592
14080001 2.36172
14090001 2.3608
14100001 2.36028
14110001 2.35967
14120001 2.35102
14130001 2.35482
14140001 2.35311
14150001 2.36228
14160001 2.35754
14170001 2.36337
14180001 2.3615
14190001 2.35488
14200001 2.35406
14210001 2.355
14220001 2.35549
14230001 2.36213
14240001 2.35506
14250001 2.35197
14260001 2.35258
14270001 2.35623
14280001 2.3559
14290001 2.36157
14300001 2.35789
14310001 2.36466
14320001 2.35818
14330001 2.35803
14340001 2.35107
14350001 2.35277
14360001 2.34311
14370001 2.35234
14380001 2.35323
14390001 2.34989
14400001 2.35294
14410001 2.35853
14420001 2.35031
14430001 2.35039
14440001 2.35002
14450001 2.35771
14460001 2.36247
14470001 2.35518
14480001 2.35395
14490001 2.35551
14500001 2.35461
14510001 2.35797
14520001 2.35709
14530001 2.34771
14540001 2.3531
14550001 2.35995
14560001 2.35459
14570001 2.34835
14580001 2.35254
14590001 2.35076
14600001 2.35354
14610001 2.35
14620001 2.34601
14630001 2.34884
14640001 2.34361
14650001 2.33915
14660001 2.3399
14670001 2.33623
14680001 2.33671
14690001 2.34827
14700001 2.34942
14710001 2.34494
14720001 2.34337
14730001 2.35362
14740001 2.34385
14750001 2.34595
14760001 2.34908
14770001 2.34495
14780001 2.3392
14790001 2.35178
14800001 2.34527
14810001 2.34685
14820001 2.34216
14830001 2.34177
14840001 2.34507
14850001 2.34638
14860001 2.34341
14870001 2.35466
14880001 2.34731
14890001 2.34798
14900001 2.34118
14910001 2.34085
14920001 2.34124
14930001 2.34047
14940001 2.33979
14950001 2.34694
14960001 2.3495
14970001 2.3463
14980001 2.33896
14990001 2.34522
15000001 2.34021
15010001 2.34691
15020001 2.35449
15030001 2.33832
15040001 2.34031
15050001 2.34426
15060001 2.34243
15070001 2.33583
15080001 2.34319
15090001 2.34187
15100001 2.33783
15110001 2.3372
15120001 2.3429
15130001 2.33533
15140001 2.33713
15150001 2.3381
15160001 2.35177
15170001 2.34874
15180001 2.34487
15190001 2.33948
15200001 2.33729
15210001 2.33622
15220001 2.33484
15230001 2.32963
15240001 2.33754
15250001 2.34145
15260001 2.32829
15270001 2.33716
15280001 2.33567
15290001 2.33325
15300001 2.33467
15310001 2.3314
15320001 2.3429
15330001 2.33732
15340001 2.3347
15350001 2.33747
15360001 2.33726
15370001 2.34615
15380001 2.3417
15390001 2.33362
15400001 2.33855
15410001 2.33257
15420001 2.33198
15430001 2.33527
15440001 2.3302
15450001 2.32716
15460001 2.33419
15470001 2.33015
15480001 2.32984
15490001 2.32833
15500001 2.33535
15510001 2.33019
15520001 2.3285
15530001 2.33081
15540001 2.33849
15550001 2.33569
15560001 2.33763
15570001 2.33427
15580001 2.3443
15590001 2.32273
15600001 2.33141
15610001 2.32888
15620001 2.32757
15630001 2.32975
15640001 2.33064
15650001 2.33807
15660001 2.3361
15670001 2.33562
15680001 2.32965
15690001 2.33019
15700001 2.33602
15710001 2.33535
15720001 2.33823
15730001 2.33193
15740001 2.33241
15750001 2.33177
15760001 2.34016
15770001 2.33716
15780001 2.33573
15790001 2.3295
15800001 2.33909
15810001 2.33409
15820001 2.33188
15830001 2.32683
15840001 2.33376
15850001 2.3351
15860001 2.32585
15870001 2.33175
15880001 2.33188
15890001 2.33653
15900001 2.33208
15910001 2.32507
15920001 2.33503
15930001 2.33172
15940001 2.32627
15950001 2.33391
15960001 2.33061
15970001 2.33229
15980001 2.32107
15990001 2.31582
16000001 2.32302
16010001 2.33192
16020001 2.32377
16030001 2.32177
16040001 2.32928
16050001 2.32105
16060001 2.32591
16070001 2.33064
16080001 2.3303
16090001 2.33033
16100001 2.32145
16110001 2.32305
16120001 2.32515
16130001 2.3164
16140001 2.31625
16150001 2.31944
16160001 2.3251
16170001 2.32706
16180001 2.32658
16190001 2.33068
16200001 2.33064
16210001 2.32119
16220001 2.32581
16230001 2.31984
16240001 2.32133
16250001 2.31793
16260001 2.32968
16270001 2.32764
16280001 2.31867
16290001 2.32253
16300001 2.32484
16310001 2.32323
16320001 2.31691
16330001 2.32302
16340001 2.33424
16350001 2.33125
16360001 2.32897
16370001 2.33187
16380001 2.33205
16390001 2.3199
16400001 2.3223
16410001 2.31872
16420001 2.31543
16430001 2.32787
16440001 2.32552
16450001 2.32761
16460001 2.32764
16470001 2.31553
16480001 2.32909
16490001 2.33264
16500001 2.32645
16510001 2.31458
16520001 2.32041
16530001 2.3174
16540001 2.31674
16550001 2.32612
16560001 2.32322
16570001 2.31962
16580001 2.32145
16590001 2.31625
16600001 2.31873
16610001 2.32043
16620001 2.31346
16630001 2.32144
16640001 2.3244
16650001 2.31763
16660001 2.32115
16670001 2.31882
16680001 2.31903
16690001 2.31938
16700001 2.32216
16710001 2.32348
16720001 2.31833
16730001 2.31698
16740001 2.31622
16750001 2.31107
16760001 2.31822
16770001 2.3222
16780001 2.31494
16790001 2.31836
16800001 2.31088
16810001 2.31278
16820001 2.31282
16830001 2.309
16840001 2.31601
16850001 2.31674
16860001 2.31377
16870001 2.31771
16880001 2.31704
16890001 2.31613
16900001 2.31537
16910001 2.31676
16920001 2.31798
16930001 2.31421
16940001 2.31008
16950001 2.31295
16960001 2.31511
16970001 2.32031
16980001 2.32184
16990001 2.32236
17000001 2.31512
17010001 2.3096
17020001 2.31311
17030001 2.31089
17040001 2.31074
17050001 2.31366
17060001 2.31587
17070001 2.31521
17080001 2.30902
17090001 2.30556
17100001 2.3172
17110001 2.31286
17120001 2.32118
17130001 2.30864
17140001 2.31617
17150001 2.3125
17160001 2.30564
17170001 2.30819
17180001 2.30621
17190001 2.30774
17200001 2.31645
17210001 2.31166
17220001 2.31087
17230001 2.31086
17240001 2.3051
17250001 2.30927
17260001 2.3138
17270001 2.30758
17280001 2.31276
17290001 2.30944
17300001 2.30648
17310001 2.30659
17320001 2.30657
17330001 2.31482
17340001 2.30786
17350001 2.30868
17360001 2.31674
17370001 2.30358
17380001 2.30868
17390001 2.32055
17400001 2.30525
17410001 2.31286
17420001 2.30276
17430001 2.31129
17440001 2.31447
17450001 2.31557
17460001 2.31528
17470001 2.31063
17480001 2.29817
17490001 2.2966
17500001 2.30897
17510001 2.30732
17520001 2.30458
17530001 2.29966
17540001 2.30076
17550001 2.29787
17560001 2.3052
17570001 2.30112
17580001 2.31001
17590001 2.31109
17600001 2.3039
17610001 2.30902
17620001 2.30945
17630001 2.3113
17640001 2.31789
17650001 2.31054
17660001 2.31028
17670001 2.30611
17680001 2.3084
17690001 2.31155
17700001 2.30686
17710001 2.30163
17720001 2.30711
17730001 2.29559
17740001 2.3054
17750001 2.29987
17760001 2.30843
17770001 2.311
17780001 2.31654
17790001 2.31544
17800001 2.30314
17810001 2.30461
17820001 2.31406
17830001 2.31595
17840001 2.31029
17850001 2.30297
17860001 2.30798
17870001 2.30181
17880001 2.30759
17890001 2.30492
17900001 2.29743
17910001 2.29497
17920001 2.29618
17930001 2.30501
17940001 2.29993
17950001 2.29253
17960001 2.29239
17970001 2.29477
17980001 2.30265
17990001 2.30205
18000001 2.29998
18010001 2.30896
18020001 2.30353
18030001 2.30786
18040001 2.3064
18050001 2.30557
18060001 2.30669
18070001 2.30023
18080001 2.29455
18090001 2.29901
18100001 2.30687
18110001 2.29168
18120001 2.2894
18130001 2.30071
18140001 2.30518
18150001 2.30431
18160001 2.29495
18170001 2.30657
18180001 2.29514
18190001 2.3
18200001 2.29564
18210001 2.29586
18220001 2.29418
18230001 2.29745
18240001 2.29235
18250001 2.29402
18260001 2.2976
18270001 2.30527
18280001 2.30216
18290001 2.30129
18300001 2.30377
18310001 2.30274
18320001 2.29869
18330001 2.29667
18340001 2.29551
18350001 2.29276
18360001 2.29678
18370001 2.30088
18380001 2.30589
18390001 2.29352
18400001 2.29983
18410001 2.29558
18420001 2.29689
18430001 2.29601
18440001 2.2947
18450001 2.29526
18460001 2.29345
18470001 2.29618
18480001 2.292
18490001 2.29662
18500001 2.29554
18510001 2.29627
18520001 2.29633
18530001 2.29523
18540001 2.3069
18550001 2.30128
18560001 2.29732
18570001 2.29341
18580001 2.28686
18590001 2.29248
18600001 2.29381
18610001 2.28885
18620001 2.29818
18630001 2.29564
18640001 2.29225
18650001 2.29088
18660001 2.28913
18670001 2.29325
18680001 2.29405
18690001 2.29353
18700001 2.28725
18710001 2.29183
18720001 2.28486
18730001 2.28708
18740001 2.2918
18750001 2.29028
18760001 2.28984
18770001 2.29377
18780001 2.29165
18790001 2.29204
18800001 2.28122
18810001 2.28609
18820001 2.28308
18830001 2.28043
18840001 2.28486
18850001 2.29874
18860001 2.29443
18870001 2.28656
18880001 2.29158
18890001 2.2869
18900001 2.29673
18910001 2.29088
18920001 2.29314
18930001 2.29358
18940001 2.29759
18950001 2.2971
18960001 2.29167
18970001 2.29425
18980001 2.29077
18990001 2.29621
19000001 2.29095
19010001 2.28898
19020001 2.29219
19030001 2.30222
19040001 2.29378
19050001 2.29808
19060001 2.29412
19070001 2.29977
19080001 2.29764
19090001 2.29757
19100001 2.30211
19110001 2.29855
19120001 2.29859
19130001 2.28554
19140001 2.28264
19150001 2.29713
19160001 2.29158
19170001 2.30135
19180001 2.29498
19190001 2.29487
19200001 2.29078
19210001 2.29036
19220001 2.3006
19230001 2.30413
19240001 2.29157
19250001 2.28649
19260001 2.28423
19270001 2.28576
19280001 2.28792
19290001 2.29622
19300001 2.28567
19310001 2.28357
19320001 2.28592
19330001 2.28407
19340001 2.28374
19350001 2.28292
19360001 2.27998
19370001 2.28714
19380001 2.28622
19390001 2.28941
19400001 2.29029
19410001 2.29436
19420001 2.28791
19430001 2.28999
19440001 2.28393
19450001 2.28689
19460001 2.28676
19470001 2.28321
19480001 2.28114
19490001 2.28953
19500001 2.28521
19510001 2.28421
19520001 2.28846
19530001 2.28308
19540001 2.2814
19550001 2.27911
19560001 2.28814
19570001 2.27955
19580001 2.28139
19590001 2.27506
19600001 2.28112
19610001 2.29384
19620001 2.28434
19630001 2.27695
19640001 2.27899
19650001 2.27722
19660001 2.28332
19670001 2.28513
19680001 2.29284
19690001 2.28454
19700001 2.28802
19710001 2.29718
19720001 2.28121
19730001 2.28128
19740001 2.28655
19750001 2.28338
19760001 2.27603
19770001 2.27386
19780001 2.28512
19790001 2.2776
19800001 2.27954
19810001 2.28138
19820001 2.27873
19830001 2.27589
19840001 2.27948
19850001 2.27906
19860001 2.28712
19870001 2.28424
19880001 2.29421
19890001 2.28765
19900001 2.28094
19910001 2.27934
19920001 2.2798
19930001 2.27021
19940001 2.28157
19950001 2.29633
19960001 2.287
19970001 2.27757
19980001 2.28871
19990001 2.28736
20000001 2.27477
20010001 2.28512
20020001 2.27257
20030001 2.27275
20040001 2.27111
20050001 2.28063
20060001 2.26923
20070001 2.27463
20080001 2.27125
20090001 2.27692
20100001 2.28092
20110001 2.27997
20120001 2.27479
20130001 2.27381
20140001 2.26741
20150001 2.27564
20160001 2.28017
20170001 2.27962
20180001 2.28305
20190001 2.27268
20200001 2.2701
20210001 2.26744
20220001 2.27603
20230001 2.27892
20240001 2.28833
20250001 2.27684
20260001 2.28327
20270001 2.28306
20280001 2.28776
20290001 2.27641
20300001 2.27621
20310001 2.27632
20320001 2.27518
20330001 2.27849
20340001 2.27141
20350001 2.27684
20360001 2.27038
20370001 2.27658
20380001 2.28104
20390001 2.28089
20400001 2.29279
20410001 2.284
20420001 2.28165
20430001 2.28032
20440001 2.28242
20450001 2.2786
20460001 2.28745
20470001 2.28162
20480001 2.26778
20490001 2.27123
20500001 2.27854
20510001 2.27838
20520001 2.27701
20530001 2.28607
20540001 2.28071
20550001 2.2799
20560001 2.27389
20570001 2.26605
20580001 2.26677
20590001 2.26595
20600001 2.2749
20610001 2.27655
20620001 2.27632
20630001 2.26577
20640001 2.26817
20650001 2.26787
20660001 2.27654
20670001 2.27471
20680001 2.27408
20690001 2.27097
20700001 2.26168
20710001 2.27014
20720001 2.26037
20730001 2.27019
20740001 2.27092
20750001 2.27382
20760001 2.26846
20770001 2.26958
20780001 2.2774
20790001 2.27621
20800001 2.28023
20810001 2.27827
20820001 2.26866
20830001 2.26898
20840001 2.27008
20850001 2.26633
20860001 2.26327
20870001 2.26678
20880001 2.26746
20890001 2.26389
20900001 2.26374
20910001 2.27061
20920001 2.26914
20930001 2.27739
20940001 2.27325
20950001 2.27447
20960001 2.28129
20970001 2.27389
20980001 2.26431
20990001 2.26682
21000001 2.2639
21010001 2.26803
21020001 2.26711
21030001 2.26951
21040001 2.26964
21050001 2.27386
21060001 2.27149
21070001 2.2708
21080001 2.26154
21090001 2.267
21100001 2.26832
21110001 2.26921
21120001 2.26862
21130001 2.26428
21140001 2.26631
21150001 2.27399
21160001 2.27739
21170001 2.27172
21180001 2.26178
21190001 2.2635
21200001 2.2781
21210001 2.26858
21220001 2.26191
21230001 2.25557
21240001 2.2643
21250001 2.26909
21260001 2.26034
21270001 2.25607
21280001 2.25778
21290001 2.26532
21300001 2.26023
21310001 2.2593
21320001 2.26535
21330001 2.26347
21340001 2.27215
21350001 2.2606
21360001 2.26191
21370001 2.26479
21380001 2.2712
21390001 2.26649
21400001 2.26699
21410001 2.26742
21420001 2.26883
21430001 2.26427
21440001 2.2607
21450001 2.26374
21460001 2.26923
21470001 2.27147
21480001 2.27034
21490001 2.26693
21500001 2.26706
21510001 2.2632
21520001 2.25463
21530001 2.25844
21540001 2.25844
21550001 2.25992
21560001 2.26281
21570001 2.26044
21580001 2.25824
21590001 2.25609
21600001 2.25747
21610001 2.26134
21620001 2.25908
21630001 2.27335
21640001 2.26768
21650001 2.26243
21660001 2.2651
21670001 2.26212
21680001 2.27078
21690001 2.25894
21700001 2.25981
21710001 2.26242
21720001 2.25824
21730001 2.25645
21740001 2.25606
21750001 2.25728
21760001 2.26738
21770001 2.2592
21780001 2.26303
21790001 2.26378
21800001 2.25809
21810001 2.2613
21820001 2.25618
21830001 2.25592
21840001 2.25812
21850001 2.25953
21860001 2.25278
21870001 2.26367
21880001 2.26035
21890001 2.26768
21900001 2.26476
21910001 2.26577
21920001 2.26234
21930001 2.26919
21940001 2.26908
21950001 2.26098
21960001 2.25839
21970001 2.25743
21980001 2.25735
21990001 2.2525
22000001 2.26248
22010001 2.26366
22020001 2.27093
22030001 2.263
22040001 2.25656
22050001 2.25753
22060001 2.26173
22070001 2.26685
22080001 2.27672
22090001 2.26188
22100001 2.25906
22110001 2.25974
22120001 2.25968
22130001 2.2596
22140001 2.2568
22150001 2.25958
22160001 2.26472
22170001 2.2583
22180001 2.26461
22190001 2.25929
22200001 2.25635
22210001 2.24945
22220001 2.25327
22230001 2.25734
22240001 2.26055
22250001 2.25501
22260001 2.259
22270001 2.25928
22280001 2.26321
22290001 2.25904
22300001 2.25872
22310001 2.25311
22320001 2.24968
22330001 2.25407
22340001 2.25112
22350001 2.25847
22360001 2.25392
22370001 2.25525
22380001 2.25183
22390001 2.2568
22400001 2.25938
22410001 2.25873
22420001 2.26739
22430001 2.2582
22440001 2.25379
22450001 2.2517
22460001 2.26559
22470001 2.25769
22480001 2.24167
22490001 2.24702
22500001 2.25211
22510001 2.25122
22520001 2.24175
22530001 2.25193
22540001 2.2483
22550001 2.25112
22560001 2.25032
22570001 2.2516
22580001 2.24041
22590001 2.24605
22600001 2.24798
22610001 2.25257
22620001 2.2559
22630001 2.24828
22640001 2.24546
22650001 2.25229
22660001 2.25485
22670001 2.24763
22680001 2.24696
22690001 2.25697
22700001 2.24734
22710001 2.24468
22720001 2.24205
22730001 2.24546
22740001 2.2517
22750001 2.25533
22760001 2.25061
22770001 2.24463
22780001 2.25745
22790001 2.25605
22800001 2.25731
22810001 2.25598
22820001 2.25134
22830001 2.24668
22840001 2.24751
22850001 2.25887
22860001 2.25776
22870001 2.25722
22880001 2.25007
22890001 2.24958
22900001 2.24639
22910001 2.24369
22920001 2.24464
22930001 2.25586
22940001 2.2516
22950001 2.24397
22960001 2.24453
22970001 2.25247
22980001 2.25675
22990001 2.24729
23000001 2.25641
23010001 2.25048
23020001 2.25096
23030001 2.24684
23040001 2.24259
23050001 2.25345
23060001 2.25754
23070001 2.24904
23080001 2.25272
23090001 2.24789
23100001 2.25357
23110001 2.25094
23120001 2.24938
23130001 2.24693
23140001 2.24322
23150001 2.25058
23160001 2.24782
23170001 2.25059
23180001 2.24986
23190001 2.25493
23200001 2.24709
23210001 2.24682
23220001 2.24522
23230001 2.25152
23240001 2.25229
23250001 2.24698
23260001 2.25719
23270001 2.25419
23280001 2.24815
23290001 2.24076
23300001 2.25224
23310001 2.2425
23320001 2.25492
23330001 2.25259
23340001 2.25531
23350001 2.24231
23360001 2.24533
23370001 2.24772
23380001 2.25475
23390001 2.2489
23400001 2.24508
23410001 2.24878
23420001 2.25407
23430001 2.24395
23440001 2.24372
23450001 2.23922
23460001 2.24609
23470001 2.25614
23480001 2.25191
23490001 2.25848
23500001 2.24553
23510001 2.25718
23520001 2.25192
23530001 2.24821
23540001 2.24887
23550001 2.25461
23560001 2.2528
23570001 2.25017
23580001 2.24594
23590001 2.24658
23600001 2.25527
23610001 2.25028
23620001 2.24869
23630001 2.24808
23640001 2.24785
23650001 2.2485
23660001 2.24254
23670001 2.2372
23680001 2.24178
23690001 2.24254
23700001 2.24852
23710001 2.24513
23720001 2.24013
23730001 2.24521
23740001 2.23896
23750001 2.23767
23760001 2.23481
23770001 2.23955
23780001 2.23813
23790001 2.24026
23800001 2.24083
23810001 2.23898
23820001 2.23774
23830001 2.24162
23840001 2.23994
23850001 2.24598
23860001 2.24796
23870001 2.24165
23880001 2.23928
23890001 2.24973
23900001 2.24567
23910001 2.24294
23920001 2.2377
23930001 2.23887
23940001 2.24005
23950001 2.25619
23960001 2.24753
23970001 2.24665
23980001 2.24659
23990001 2.2417
24000001 2.24317
24010001 2.24552
24020001 2.23724
24030001 2.25042
24040001 2.24665
24050001 2.24739
24060001 2.24817
24070001 2.24541
24080001 2.24708
24090001 2.24585
24100001 2.24252
24110001 2.24608
24120001 2.24181
24130001 2.23713
24140001 2.2412
24150001 2.24297
24160001 2.24457
24170001 2.23955
24180001 2.24715
24190001 2.24459
24200001 2.24932
24210001 2.24027
24220001 2.24283
24230001 2.24636
24240001 2.24625
24250001 2.24557
24260001 2.24223
24270001 2.24766
24280001 2.23389
24290001 2.23815
24300001 2.24424
24310001 2.24886
24320001 2.23811
24330001 2.24099
24340001 2.23583
24350001 2.23306
24360001 2.23559
24370001 2.2396
24380001 2.2372
24390001 2.23861
24400001 2.24037
24410001 2.23367
24420001 2.23369
24430001 2.23247
24440001 2.23526
24450001 2.24756
24460001 2.23839
24470001 2.23959
24480001 2.23207
24490001 2.22966
24500001 2.23557
24510001 2.23762
24520001 2.24823
24530001 2.23715
24540001 2.238
24550001 2.23857
24560001 2.23527
24570001 2.23002
24580001 2.23564
24590001 2.23522
24600001 2.23589
24610001 2.23856
24620001 2.23777
24630001 2.23393
24640001 2.22903
24650001 2.23712
24660001 2.24259
24670001 2.23577
24680001 2.23497
24690001 2.23294
24700001 2.23493
24710001 2.23451
24720001 2.23231
24730001 2.22547
24740001 2.23681
24750001 2.23534
24760001 2.23914
24770001 2.22677
24780001 2.23324
24790001 2.23593
24800001 2.23454
24810001 2.23956
24820001 2.23593
24830001 2.24169
24840001 2.22762
24850001 2.23381
24860001 2.23567
24870001 2.23278
24880001 2.23621
24890001 2.23525
24900001 2.22937
24910001 2.23877
24920001 2.23611
24930001 2.23952
24940001 2.23806
24950001 2.2323
24960001 2.23648
24970001 2.23347
24980001 2.23308
24990001 2.23123
25000001 2.22549
25010001 2.23615
25020001 2.23406
25030001 2.23599
25040001 2.22987
25050001 2.23327
25060001 2.23548
25070001 2.239
25080001 2.24355
25090001 2.22915
25100001 2.2404
25110001 2.2392
25120001 2.23874
25130001 2.23486
25140001 2.23445
25150001 2.23018
25160001 2.22827
25170001 2.23392
25180001 2.23357
25190001 2.23228
25200001 2.23583
25210001 2.23788
25220001 2.24383
25230001 2.23337
25240001 2.23183
25250001 2.22765
25260001 2.22596
25270001 2.22608
25280001 2.2283
25290001 2.2356
25300001 2.22885
25310001 2.234
25320001 2.23347
25330001 2.23316
25340001 2.22991
25350001 2.22395
25360001 2.22539
25370001 2.23346
25380001 2.2338
25390001 2.22489
25400001 2.2338
25410001 2.22582
25420001 2.22918
25430001 2.23482
25440001 2.23724
25450001 2.23636
25460001 2.233
25470001 2.2402
25480001 2.23289
25490001 2.23863
25500001 2.2273
25510001 2.23017
25520001 2.22772
25530001 2.22973
25540001 2.22522
25550001 2.2263
25560001 2.22698
25570001 2.23761
25580001 2.23003
25590001 2.22788
25600001 2.23776
25610001 2.2293
25620001 2.22511
25630001 2.23049
25640001 2.23556
25650001 2.2339
25660001 2.23314
25670001 2.23836
25680001 2.23358
25690001 2.23449
25700001 2.22738
25710001 2.2322
25720001 2.22936
25730001 2.24014
25740001 2.23973
25750001 2.23326
25760001 2.22782
25770001 2.23435
25780001 2.23951
25790001 2.23957
25800001 2.23182
25810001 2.2406
25820001 2.23187
25830001 2.22404
25840001 2.23322
25850001 2.23092
25860001 2.2436
25870001 2.22747
25880001 2.21885
25890001 2.22379
25900001 2.23048
25910001 2.22392
25920001 2.22854
25930001 2.22573
25940001 2.22528
25950001 2.22121
25960001 2.22557
25970001 2.23049
25980001 2.22418
25990001 2.22557
26000001 2.21979
26010001 2.22786
26020001 2.2339
26030001 2.22317
26040001 2.21862
26050001 2.23163
26060001 2.23574
26070001 2.23224
26080001 2.22369
26090001 2.22948
26100001 2.22624
26110001 2.22162
26120001 2.2238
26130001 2.22607
26140001 2.2256
26150001 2.22463
26160001 2.22522
26170001 2.22663
26180001 2.2254
26190001 2.2341
26200001 2.22393
26210001 2.22108
26220001 2.22344
26230001 2.22637
26240001 2.21933
26250001 2.2257
26260001 2.23172
26270001 2.22363
26280001 2.225
26290001 2.22793
26300001 2.22742
26310001 2.21603
26320001 2.22686
26330001 2.22738
26340001 2.22267
26350001 2.2313
26360001 2.22293
26370001 2.21766
26380001 2.22664
26390001 2.22213
26400001 2.2231
26410001 2.2242
26420001 2.22272
26430001 2.22482
26440001 2.23314
26450001 2.22767
26460001 2.22408
26470001 2.23028
26480001 2.22211
26490001 2.2182
26500001 2.21937
26510001 2.21208
26520001 2.21029
26530001 2.22647
26540001 2.22695
26550001 2.22081
26560001 2.22015
26570001 2.22553
26580001 2.22021
26590001 2.2232
26600001 2.22925
26610001 2.21927
26620001 2.22347
26630001 2.22288
26640001 2.21539
26650001 2.21792
26660001 2.22737
26670001 2.23113
26680001 2.22273
26690001 2.22004
26700001 2.21982
26710001 2.22891
26720001 2.23432
26730001 2.22509
26740001 2.21974
26750001 2.224
26760001 2.2255
26770001 2.22298
26780001 2.22066
26790001 2.22578
26800001 2.23192
26810001 2.2296
26820001 2.22108
26830001 2.23041
26840001 2.22594
26850001 2.22189
26860001 2.22576
26870001 2.21961
26880001 2.22175
26890001 2.2174
26900001 2.21899
26910001 2.21933
26920001 2.22488
26930001 2.23017
26940001 2.22312
26950001 2.2242
26960001 2.2286
26970001 2.22921
26980001 2.22168
26990001 2.2311
27000001 2.22159
27010001 2.22039
27020001 2.23071
27030001 2.22653
27040001 2.22899
27050001 2.21481
27060001 2.21603
27070001 2.21417
27080001 2.2138
27090001 2.22313
27100001 2.22546
27110001 2.23058
27120001 2.22573
27130001 2.21976
27140001 2.22243
27150001 2.2241
27160001 2.21428
27170001 2.21732
27180001 2.22491
27190001 2.22629
27200001 2.22122
27210001 2.21483
27220001 2.22225
27230001 2.22022
27240001 2.22569
27250001 2.22066
27260001 2.22077
27270001 2.22183
27280001 2.21831
27290001 2.23227
27300001 2.21792
27310001 2.22347
27320001 2.22061
27330001 2.21917
27340001 2.22478
27350001 2.22367
27360001 2.22258
27370001 2.22093
27380001 2.21826
27390001 2.22072
27400001 2.2241
27410001 2.21866
27420001 2.21556
27430001 2.22154
27440001 2.22629
27450001 2.22151
27460001 2.2136
27470001 2.21965
27480001 2.21414
27490001 2.21492
27500001 2.20785
27510001 2.21584
27520001 2.21101
27530001 2.2153
27540001 2.215
27550001 2.21076
27560001 2.21596
27570001 2.21403
27580001 2.22013
27590001 2.21524
27600001 2.21615
27610001 2.21651
27620001 2.21468
27630001 2.22031
27640001 2.22373
27650001 2.22265
27660001 2.21735
27670001 2.23703
27680001 2.22669
27690001 2.22552
27700001 2.21142
27710001 2.21418
27720001 2.21393
27730001 2.2236
27740001 2.22216
27750001 2.21513
27760001 2.22213
27770001 2.21477
27780001 2.21127
27790001 2.21633
27800001 2.21995
27810001 2.21527
27820001 2.21199
27830001 2.21789
27840001 2.22046
27850001 2.21265
27860001 2.22127
27870001 2.21133
27880001 2.21481
27890001 2.21585
27900001 2.21886
27910001 2.21754
27920001 2.21647
27930001 2.21493
27940001 2.21333
27950001 2.20713
27960001 2.21095
27970001 2.2079
27980001 2.21043
27990001 2.21808
28000001 2.20863
28010001 2.21697
28020001 2.21633
28030001 2.21187
28040001 2.21723
28050001 2.21842
28060001 2.21416
28070001 2.21544
28080001 2.22565
28090001 2.21543
28100001 2.21216
28110001 2.21807
28120001 2.21464
28130001 2.21698
28140001 2.21435
28150001 2.20697
28160001 2.20634
28170001 2.2118
28180001 2.2196
28190001 2.22002
28200001 2.21111
28210001 2.21784
28220001 2.22481
28230001 2.21374
28240001 2.20472
28250001 2.21248
28260001 2.21837
28270001 2.21624
28280001 2.21931
28290001 2.22331
28300001 2.21598
28310001 2.2251
28320001 2.2356
28330001 2.22095
28340001 2.21438
28350001 2.20881
28360001 2.21209
28370001 2.2121
28380001 2.20258
28390001 2.20523
28400001 2.21668
28410001 2.20961
28420001 2.20979
28430001 2.20681
28440001 2.20797
28450001 2.20755
28460001 2.20709
28470001 2.20936
28480001 2.21514
28490001 2.20652
28500001 2.22022
28510001 2.21328
28520001 2.22561
28530001 2.22126
28540001 2.2138
28550001 2.22259
28560001 2.21882
28570001 2.21194
28580001 2.20796
28590001 2.19914
28600001 2.20725
28610001 2.20561
28620001 2.20783
28630001 2.21889
28640001 2.20811
28650001 2.19856
28660001 2.2106
28670001 2.19923
28680001 2.20479
28690001 2.20138
28700001 2.2095
28710001 2.21082
28720001 2.21966
28730001 2.22585
28740001 2.21935
28750001 2.20828
28760001 2.20861
28770001 2.20439
28780001 2.21232
28790001 2.20667
28800001 2.2113
28810001 2.20786
28820001 2.20303
28830001 2.21008
28840001 2.21397
28850001 2.21106
28860001 2.21163
28870001 2.20157
28880001 2.20176
28890001 2.19556
28900001 2.2035
28910001 2.2168
28920001 2.20412
28930001 2.22049
28940001 2.20641
28950001 2.21582
28960001 2.21249
28970001 2.20836
28980001 2.20307
28990001 2.20678
29000001 2.20182
29010001 2.20828
29020001 2.20863
29030001 2.20548
29040001 2.21261
29050001 2.21382
29060001 2.21224
29070001 2.21364
29080001 2.21841
29090001 2.20759
29100001 2.21252
29110001 2.21204
29120001 2.20656
29130001 2.21146
29140001 2.21159
29150001 2.22072
29160001 2.20743
29170001 2.21174
29180001 2.21841
29190001 2.2127
29200001 2.21187
29210001 2.2063
29220001 2.21593
29230001 2.20844
29240001 2.20892
29250001 2.20694
29260001 2.2059
29270001 2.20443
29280001 2.2123
29290001 2.20334
29300001 2.20098
29310001 2.21102
29320001 2.20038
29330001 2.19339
29340001 2.19969
29350001 2.19972
29360001 2.20092
29370001 2.20966
29380001 2.217
29390001 2.20542
29400001 2.19879
29410001 2.2029
29420001 2.20752
29430001 2.20267
29440001 2.21259
29450001 2.21522
29460001 2.21081
29470001 2.20433
29480001 2.2016
29490001 2.20563
29500001 2.21206
29510001 2.204
29520001 2.20392
29530001 2.20898
29540001 2.21091
29550001 2.20938
29560001 2.2046
29570001 2.20373
29580001 2.20937
29590001 2.19936
29600001 2.20261
29610001 2.20503
29620001 2.2058
29630001 2.21332
29640001 2.21028
29650001 2.20388
29660001 2.2046
29670001 2.19767
29680001 2.19859
29690001 2.20236
29700001 2.20037
29710001 2.20392
29720001 2.19407
29730001 2.20571
29740001 2.20177
29750001 2.19972
29760001 2.20672
29770001 2.20416
29780001 2.20575
29790001 2.20621
29800001 2.20919
29810001 2.21358
29820001 2.21176
29830001 2.21365
29840001 2.2091
29850001 2.20261
29860001 2.20813
29870001 2.20138
29880001 2.19634
29890001 2.20502
29900001 2.2014
29910001 2.20719
29920001 2.20711
29930001 2.2083
29940001 2.19914
29950001 2.2045
29960001 2.20728
29970001 2.21361
29980001 2.19929
29990001 2.20315
