1 31.31
10001 12.3941
20001 8.2036
30001 6.15516
40001 4.98078
50001 4.22441
60001 3.69654
70001 3.33579
80001 3.05823
90001 2.84472
100001 2.67529
110001 2.5287
120001 2.40721
130001 2.30136
140001 2.20804
150001 2.12606
160001 2.05257
170001 1.98538
180001 1.92413
190001 1.86887
200001 1.81788
210001 1.76998
220001 1.72576
230001 1.68545
240001 1.64756
250001 1.61151
260001 1.57801
270001 1.546
280001 1.51604
290001 1.48769
300001 1.46109
310001 1.43537
320001 1.41181
330001 1.38881
340001 1.36688
350001 1.34555
360001 1.32596
370001 1.30693
380001 1.28866
390001 1.2709
400001 1.2538
410001 1.2381
420001 1.22256
430001 1.20768
440001 1.19352
450001 1.18009
460001 1.16686
470001 1.15402
480001 1.14164
490001 1.12981
500001 1.11877
510001 1.10799
520001 1.09713
530001 1.08666
540001 1.07648
550001 1.06694
560001 1.05768
570001 1.04886
580001 1.03978
590001 1.03121
600001 1.02304
610001 1.01489
620001 1.00702
630001 0.99975
640001 0.99259
650001 0.985695
660001 0.979326
670001 0.972058
680001 0.965871
690001 0.959942
700001 0.953691
710001 0.947998
720001 0.942277
730001 0.936531
740001 0.931351
750001 0.926039
760001 0.921064
770001 0.915966
780001 0.911066
790001 0.905741
800001 0.901195
810001 0.896504
820001 0.893234
830001 0.888555
840001 0.884077
850001 0.879973
860001 0.876693
870001 0.872909
880001 0.869037
890001 0.865093
900001 0.861791
910001 0.85845
920001 0.854949
930001 0.851755
940001 0.848729
950001 0.845672
960001 0.842466
970001 0.839207
980001 0.836316
990001 0.833961
1000001 0.831086
1010001 0.828376
1020001 0.825706
1030001 0.823448
1040001 0.820534
1050001 0.818294
1060001 0.815614
1070001 0.813156
1080001 0.81116
1090001 0.808683
1100001 0.806683
1110001 0.80449
1120001 0.802221
1130001 0.800218
1140001 0.798546
1150001 0.796629
1160001 0.794425
1170001 0.792784
1180001 0.790507
1190001 0.789486
1200001 0.787637
1210001 0.785942
1220001 0.784635
1230001 0.782413
1240001 0.780736
1250001 0.779342
1260001 0.777935
1270001 0.776083
1280001 0.774923
1290001 0.773319
1300001 0.77189
1310001 0.770894
1320001 0.769432
1330001 0.767898
1340001 0.767083
1350001 0.76559
1360001 0.764603
1370001 0.763527
1380001 0.762041
1390001 0.761002
1400001 0.759788
1410001 0.759203
1420001 0.757826
1430001 0.757012
1440001 0.755808
1450001 0.755353
1460001 0.753746
1470001 0.753006
1480001 0.751631
1490001 0.751228
1500001 0.750278
1510001 0.748977
1520001 0.748325
1530001 0.747203
1540001 0.746257
1550001 0.745499
1560001 0.744799
1570001 0.744361
1580001 0.743793
1590001 0.742517
1600001 0.742224
1610001 0.741515
1620001 0.740358
1630001 0.739871
1640001 0.739451
1650001 0.73847
1660001 0.737963
1670001 0.737209
1680001 0.737077
1690001 0.736002
1700001 0.735522
1710001 0.735331
1720001 0.734218
1730001 0.733876
1740001 0.733451
1750001 0.732781
1760001 0.732611
1770001 0.732057
1780001 0.731595
1790001 0.730945
1800001 0.730409
1810001 0.729939
1820001 0.729655
1830001 0.728919
1840001 0.728453
1850001 0.72831
1860001 0.727867
1870001 0.727634
1880001 0.727209
1890001 0.726927
1900001 0.726611
1910001 0.725866
1920001 0.725532
1930001 0.725026
1940001 0.724455
1950001 0.724093
1960001 0.723935
1970001 0.723239
1980001 0.722714
1990001 0.723096
2000001 0.722802
2010001 0.722354
2020001 0.72215
2030001 0.721634
2040001 0.72176
2050001 0.720873
2060001 0.720777
2070001 0.720592
2080001 0.720366
2090001 0.72019
2100001 0.719991
2110001 0.71983
2120001 0.719636
2130001 0.719167
2140001 0.719555
2150001 0.718618
2160001 0.718775
2170001 0.718301
2180001 0.717829
2190001 0.71758
2200001 0.717488
2210001 0.71688
2220001 0.716831
2230001 0.716683
2240001 0.716792
2250001 0.716324
2260001 0.716536
2270001 0.716173
2280001 0.7162
2290001 0.716018
2300001 0.715868
2310001 0.715449
2320001 0.715435
2330001 0.71525
2340001 0.715122
2350001 0.714711
2360001 0.714819
2370001 0.71447
2380001 0.714498
2390001 0.714088
2400001 0.713787
2410001 0.713667
2420001 0.713438
2430001 0.713351
2440001 0.712967
2450001 0.712878
2460001 0.71319
2470001 0.712997
2480001 0.712778
2490001 0.712952
2500001 0.712583
2510001 0.712103
2520001 0.711989
2530001 0.711919
2540001 0.71223
2550001 0.712109
2560001 0.712048
2570001 0.711991
2580001 0.711629
2590001 0.711482
2600001 0.711182
2610001 0.711785
2620001 0.711238
2630001 0.711514
2640001 0.711425
2650001 0.712541
2660001 0.711526
2670001 0.710906
2680001 0.710943
2690001 0.710789
2700001 0.710814
2710001 0.710497
2720001 0.710854
2730001 0.710197
2740001 0.710281
2750001 0.710393
2760001 0.710037
2770001 0.710359
2780001 0.710493
2790001 0.710423
2800001 0.710628
2810001 0.710208
2820001 0.71057
2830001 0.710257
2840001 0.710672
2850001 0.71023
2860001 0.710643
2870001 0.710527
2880001 0.710433
2890001 0.710538
2900001 0.71052
2910001 0.709862
2920001 0.710021
2930001 0.710046
2940001 0.709983
2950001 0.710271
2960001 0.710226
2970001 0.709712
2980001 0.710253
2990001 0.710682
3000001 0.710484
3010001 0.709917
3020001 0.710001
3030001 0.709947
3040001 0.70986
3050001 0.70966
3060001 0.709595
3070001 0.709515
3080001 0.709368
3090001 0.709154
3100001 0.709467
3110001 0.709339
3120001 0.709314
3130001 0.70917
3140001 0.709591
3150001 0.709675
3160001 0.709253
3170001 0.709433
3180001 0.709513
3190001 0.709689
3200001 0.709347
3210001 0.709566
3220001 0.709724
3230001 0.709685
3240001 0.709341
3250001 0.709708
3260001 0.70968
3270001 0.709463
3280001 0.709493
3290001 0.709429
3300001 0.70964
3310001 0.70989
3320001 0.709612
3330001 0.710154
3340001 0.709555
3350001 0.709706
3360001 0.710064
3370001 0.709966
3380001 0.710146
3390001 0.709956
3400001 0.710146
3410001 0.710406
3420001 0.710389
3430001 0.709864
3440001 0.710256
3450001 0.709889
3460001 0.710233
3470001 0.709996
3480001 0.710099
3490001 0.710378
3500001 0.71019
3510001 0.710362
3520001 0.710308
3530001 0.710722
3540001 0.710661
3550001 0.710482
3560001 0.71026
3570001 0.710527
3580001 0.710533
3590001 0.710612
3600001 0.710854
3610001 0.711065
3620001 0.710758
3630001 0.710749
3640001 0.710986
3650001 0.711363
3660001 0.71162
3670001 0.711732
3680001 0.711302
3690001 0.711462
3700001 0.711347
3710001 0.711314
3720001 0.711579
3730001 0.711663
3740001 0.711266
3750001 0.711282
3760001 0.711435
3770001 0.71129
3780001 0.711331
3790001 0.711812
3800001 0.711582
3810001 0.711477
3820001 0.711641
3830001 0.711613
3840001 0.711762
3850001 0.711813
3860001 0.711707
3870001 0.711538
3880001 0.711803
3890001 0.711892
3900001 0.711939
3910001 0.712266
3920001 0.711908
3930001 0.712143
3940001 0.71176
3950001 0.711759
3960001 0.712225
3970001 0.711955
3980001 0.712069
3990001 0.711916
4000001 0.712042
4010001 0.712141
4020001 0.712284
4030001 0.712019
4040001 0.712452
4050001 0.712101
4060001 0.712936
4070001 0.712485
4080001 0.7125
4090001 0.712033
4100001 0.712473
4110001 0.712091
4120001 0.712314
4130001 0.712434
4140001 0.712841
4150001 0.713132
4160001 0.713024
4170001 0.712743
4180001 0.712596
4190001 0.713175
4200001 0.713202
4210001 0.713121
4220001 0.713164
4230001 0.713045
4240001 0.713963
4250001 0.713611
4260001 0.713729
4270001 0.713366
4280001 0.713242
4290001 0.713266
4300001 0.713496
4310001 0.713159
4320001 0.713788
4330001 0.713621
4340001 0.713748
4350001 0.714045
4360001 0.714242
4370001 0.714046
4380001 0.713769
4390001 0.714219
4400001 0.714143
4410001 0.715161
4420001 0.714459
4430001 0.714424
4440001 0.714377
4450001 0.71444
4460001 0.714437
4470001 0.714585
4480001 0.714742
4490001 0.714967
4500001 0.714933
4510001 0.715188
4520001 0.715417
4530001 0.715116
4540001 0.715269
4550001 0.715055
4560001 0.715161
4570001 0.715299
4580001 0.715687
4590001 0.715642
4600001 0.715789
4610001 0.716218
4620001 0.71657
4630001 0.715848
4640001 0.715535
4650001 0.715414
4660001 0.71556
4670001 0.715826
4680001 0.71541
4690001 0.716204
4700001 0.716021
4710001 0.715943
4720001 0.715553
4730001 0.715671
4740001 0.715684
4750001 0.715575
4760001 0.715688
4770001 0.715872
4780001 0.715502
4790001 0.716012
4800001 0.71632
4810001 0.716455
4820001 0.716314
4830001 0.716475
4840001 0.716482
4850001 0.716847
4860001 0.71686
4870001 0.716897
4880001 0.717069
4890001 0.717187
4900001 0.717063
4910001 0.717045
4920001 0.716958
4930001 0.716955
4940001 0.717688
4950001 0.71697
4960001 0.716771
4970001 0.717196
4980001 0.717461
4990001 0.716984
5000001 0.717237
5010001 0.717489
5020001 0.718017
5030001 0.718365
5040001 0.717908
5050001 0.718413
5060001 0.71776
5070001 0.717907
5080001 0.718114
5090001 0.718363
5100001 0.718463
5110001 0.718312
5120001 0.718681
5130001 0.718578
5140001 0.718767
5150001 0.718704
5160001 0.718994
5170001 0.718741
5180001 0.718707
5190001 0.71912
5200001 0.718751
5210001 0.719202
5220001 0.718972
5230001 0.719147
5240001 0.719059
5250001 0.719465
5260001 0.719606
5270001 0.719038
5280001 0.719285
5290001 0.719237
5300001 0.719611
5310001 0.719819
5320001 0.719958
5330001 0.719999
5340001 0.720088
5350001 0.720233
5360001 0.720092
5370001 0.720129
5380001 0.719942
5390001 0.719862
5400001 0.719871
5410001 0.720257
5420001 0.720613
5430001 0.720293
5440001 0.720855
5450001 0.720682
5460001 0.720796
5470001 0.721108
5480001 0.721048
5490001 0.721023
5500001 0.721021
5510001 0.721109
5520001 0.721318
5530001 0.720858
5540001 0.720939
5550001 0.721264
5560001 0.721777
5570001 0.721579
5580001 0.72187
5590001 0.722079
5600001 0.721729
5610001 0.721564
5620001 0.721763
5630001 0.721911
5640001 0.721874
5650001 0.722175
5660001 0.722444
5670001 0.722471
5680001 0.722415
5690001 0.72277
5700001 0.722574
5710001 0.722505
5720001 0.7228
5730001 0.72253
5740001 0.722889
5750001 0.723074
5760001 0.723274
5770001 0.723098
5780001 0.72353
5790001 0.723611
5800001 0.723417
5810001 0.723438
5820001 0.723534
5830001 0.723775
5840001 0.723632
5850001 0.723952
5860001 0.72457
5870001 0.724446
5880001 0.724054
5890001 0.724165
5900001 0.724712
5910001 0.724839
5920001 0.724265
5930001 0.723812
5940001 0.72396
5950001 0.724406
5960001 0.724428
5970001 0.725027
5980001 0.725224
5990001 0.725173
6000001 0.725426
6010001 0.725373
6020001 0.725121
6030001 0.725242
6040001 0.725254
6050001 0.725466
6060001 0.725354
6070001 0.725172
6080001 0.725637
6090001 0.725606
6100001 0.725676
6110001 0.725562
6120001 0.726423
6130001 0.726126
6140001 0.726335
6150001 0.726158
6160001 0.726413
6170001 0.72654
6180001 0.726166
6190001 0.726169
6200001 0.725879
6210001 0.726599
6220001 0.726849
6230001 0.726495
6240001 0.7265
6250001 0.726405
6260001 0.726755
6270001 0.726607
6280001 0.726753
6290001 0.727113
6300001 0.727309
6310001 0.727273
6320001 0.727355
6330001 0.727138
6340001 0.727208
6350001 0.727413
6360001 0.727245
6370001 0.727343
6380001 0.727441
6390001 0.727647
6400001 0.728205
6410001 0.728291
6420001 0.72793
6430001 0.728166
6440001 0.72825
6450001 0.728072
6460001 0.728296
6470001 0.728607
6480001 0.729087
6490001 0.728846
6500001 0.728359
6510001 0.728611
6520001 0.72868
6530001 0.729327
6540001 0.72924
6550001 0.728788
6560001 0.72914
6570001 0.72941
6580001 0.729122
6590001 0.729188
6600001 0.729066
6610001 0.729419
6620001 0.729535
6630001 0.729512
6640001 0.729282
6650001 0.729179
6660001 0.729365
6670001 0.729621
6680001 0.729698
6690001 0.730126
6700001 0.730279
6710001 0.730155
6720001 0.7304
6730001 0.730324
6740001 0.730758
6750001 0.730253
6760001 0.730192
6770001 0.730646
6780001 0.73057
6790001 0.730944
6800001 0.73087
6810001 0.731518
6820001 0.73149
6830001 0.731653
6840001 0.731496
6850001 0.731607
6860001 0.731482
6870001 0.731758
6880001 0.731939
6890001 0.732068
6900001 0.731789
6910001 0.732044
6920001 0.732151
6930001 0.732063
6940001 0.731917
6950001 0.731705
6960001 0.732191
6970001 0.732489
6980001 0.732495
6990001 0.732158
7000001 0.732209
7010001 0.732301
7020001 0.732265
7030001 0.732642
7040001 0.732756
7050001 0.732855
7060001 0.732741
7070001 0.733266
7080001 0.733084
7090001 0.73296
7100001 0.732855
7110001 0.733435
7120001 0.733726
7130001 0.733386
7140001 0.732979
7150001 0.733289
7160001 0.733191
7170001 0.733641
7180001 0.73368
7190001 0.733903
7200001 0.734583
7210001 0.734335
7220001 0.734552
7230001 0.734229
7240001 0.734297
7250001 0.734374
7260001 0.734426
7270001 0.734104
7280001 0.734238
7290001 0.734422
7300001 0.734706
7310001 0.73453
7320001 0.734929
7330001 0.735099
7340001 0.734925
7350001 0.735163
7360001 0.735717
7370001 0.735452
7380001 0.73557
7390001 0.735449
7400001 0.735453
7410001 0.735342
7420001 0.735907
7430001 0.735387
7440001 0.735856
7450001 0.735883
7460001 0.736026
7470001 0.735833
7480001 0.735923
7490001 0.735924
7500001 0.736342
7510001 0.736326
7520001 0.736421
7530001 0.736323
7540001 0.736674
7550001 0.736625
7560001 0.73672
7570001 0.736681
7580001 0.736698
7590001 0.736756
7600001 0.736145
7610001 0.736793
7620001 0.737049
7630001 0.736667
7640001 0.736854
7650001 0.736887
7660001 0.7375
7670001 0.73778
7680001 0.737159
7690001 0.737765
7700001 0.738235
7710001 0.738022
7720001 0.738247
7730001 0.737953
7740001 0.738269
7750001 0.73807
7760001 0.73851
7770001 0.738306
7780001 0.738242
7790001 0.738194
7800001 0.738392
7810001 0.738209
7820001 0.738042
7830001 0.738478
7840001 0.738483
7850001 0.738838
7860001 0.739036
7870001 0.739436
7880001 0.739686
7890001 0.739507
7900001 0.739722
7910001 0.73939
7920001 0.739682
7930001 0.739872
7940001 0.739993
7950001 0.740082
7960001 0.739821
7970001 0.739709
7980001 0.739782
7990001 0.739772
8000001 0.740273
8010001 0.740278
8020001 0.740512
8030001 0.74033
8040001 0.740802
8050001 0.740577
8060001 0.740714
8070001 0.740779
8080001 0.740857
8090001 0.740727
8100001 0.741057
8110001 0.740721
8120001 0.741163
8130001 0.741053
8140001 0.740978
8150001 0.740978
8160001 0.740812
8170001 0.741341
8180001 0.741622
8190001 0.741716
8200001 0.742043
8210001 0.742169
8220001 0.742147
8230001 0.742154
8240001 0.743396
8250001 0.742701
8260001 0.74247
8270001 0.742344
8280001 0.742365
8290001 0.742103
8300001 0.742473
8310001 0.742661
8320001 0.742786
8330001 0.743288
8340001 0.743068
8350001 0.742911
8360001 0.742885
8370001 0.743168
8380001 0.743267
8390001 0.743108
8400001 0.743374
8410001 0.743337
8420001 0.743392
8430001 0.743598
8440001 0.743455
8450001 0.74377
8460001 0.743864
8470001 0.743536
8480001 0.744136
8490001 0.744093
8500001 0.743996
8510001 0.743845
8520001 0.743977
8530001 0.74406
8540001 0.744475
8550001 0.744736
8560001 0.74485
8570001 0.745012
8580001 0.744606
8590001 0.744829
8600001 0.745148
8610001 0.744579
8620001 0.744778
8630001 0.744821
8640001 0.744664
8650001 0.745107
8660001 0.745134
8670001 0.745359
8680001 0.745027
8690001 0.745679
8700001 0.745997
8710001 0.745712
8720001 0.745614
8730001 0.745511
8740001 0.746446
8750001 0.746175
8760001 0.746249
8770001 0.746046
8780001 0.746695
8790001 0.746505
8800001 0.746968
8810001 0.746893
8820001 0.746493
8830001 0.746595
8840001 0.746821
8850001 0.746794
8860001 0.746649
8870001 0.746787
8880001 0.74691
8890001 0.746724
8900001 0.747006
8910001 0.747015
8920001 0.747452
8930001 0.747088
8940001 0.747057
8950001 0.747335
8960001 0.747519
8970001 0.747383
8980001 0.748007
8990001 0.747627
9000001 0.747359
9010001 0.747893
9020001 0.748003
9030001 0.747776
9040001 0.747594
9050001 0.748017
9060001 0.748489
9070001 0.74854
9080001 0.748581
9090001 0.748343
9100001 0.748315
9110001 0.748453
9120001 0.748255
9130001 0.748588
9140001 0.748592
9150001 0.748806
9160001 0.748462
9170001 0.748395
9180001 0.748394
9190001 0.748886
9200001 0.749285
9210001 0.749964
9220001 0.749631
9230001 0.749583
9240001 0.749684
9250001 0.749472
9260001 0.749846
9270001 0.749868
9280001 0.749835
9290001 0.749898
9300001 0.749959
9310001 0.750674
9320001 0.750364
9330001 0.750566
9340001 0.750708
9350001 0.750447
9360001 0.750115
9370001 0.750584
9380001 0.750449
9390001 0.750176
9400001 0.750154
9410001 0.750457
9420001 0.750205
9430001 0.750127
9440001 0.750361
9450001 0.750352
9460001 0.750525
9470001 0.750842
9480001 0.751166
9490001 0.750991
9500001 0.75121
9510001 0.751396
9520001 0.751322
9530001 0.751378
9540001 0.751213
9550001 0.751075
9560001 0.751093
9570001 0.751252
9580001 0.751563
9590001 0.751527
9600001 0.75207
9610001 0.751935
9620001 0.752077
9630001 0.75192
9640001 0.752109
9650001 0.752014
9660001 0.751904
9670001 0.752001
9680001 0.752123
9690001 0.752252
9700001 0.752363
9710001 0.752277
9720001 0.752437
9730001 0.752016
9740001 0.752089
9750001 0.752385
9760001 0.752249
9770001 0.7525
9780001 0.752475
9790001 0.752812
9800001 0.752919
9810001 0.75257
9820001 0.752803
9830001 0.753217
9840001 0.753295
9850001 0.752872
9860001 0.752811
9870001 0.753059
9880001 0.753369
9890001 0.753349
9900001 0.753778
9910001 0.75366
9920001 0.753616
9930001 0.754047
9940001 0.753906
9950001 0.754088
9960001 0.753881
9970001 0.753925
9980001 0.753988
9990001 0.754475
10000001 0.754046
10010001 0.754459
10020001 0.754473
10030001 0.754778
10040001 0.75474
10050001 0.754728
10060001 0.75428
10070001 0.754042
10080001 0.754288
10090001 0.754498
10100001 0.754993
10110001 0.755008
10120001 0.755149
10130001 0.755404
10140001 0.755554
10150001 0.755057
10160001 0.755391
10170001 0.75574
10180001 0.756164
10190001 0.756001
10200001 0.755962
10210001 0.756124
10220001 0.755996
10230001 0.755966
10240001 0.756217
10250001 0.756423
10260001 0.756329
10270001 0.756423
10280001 0.756234
10290001 0.756658
10300001 0.756116
10310001 0.756601
10320001 0.756148
10330001 0.75645
10340001 0.756225
10350001 0.756381
10360001 0.756391
10370001 0.75654
10380001 0.756558
10390001 0.756628
10400001 0.756851
10410001 0.75719
10420001 0.757174
10430001 0.756876
10440001 0.757446
10450001 0.757216
10460001 0.757562
10470001 0.757437
10480001 0.7581
10490001 0.75795
10500001 0.757445
10510001 0.757562
10520001 0.757442
10530001 0.757367
10540001 0.757957
10550001 0.757631
10560001 0.757844
10570001 0.757871
10580001 0.75777
10590001 0.758006
10600001 0.75818
10610001 0.757643
10620001 0.758311
10630001 0.758297
10640001 0.758395
10650001 0.758172
10660001 0.758406
10670001 0.758783
10680001 0.75867
10690001 0.758307
10700001 0.758613
10710001 0.758783
10720001 0.758824
10730001 0.758718
10740001 0.758848
10750001 0.758819
10760001 0.758836
10770001 0.759419
10780001 0.759416
10790001 0.759289
10800001 0.759742
10810001 0.759568
10820001 0.759699
10830001 0.760419
10840001 0.759801
10850001 0.759878
10860001 0.760696
10870001 0.760141
10880001 0.759931
10890001 0.75974
10900001 0.760124
10910001 0.760187
10920001 0.760304
10930001 0.760612
10940001 0.760633
10950001 0.760539
10960001 0.760686
10970001 0.760594
10980001 0.76083
10990001 0.761113
11000001 0.76062
11010001 0.761141
11020001 0.760631
11030001 0.760697
11040001 0.760741
11050001 0.760734
11060001 0.760853
11070001 0.760848
11080001 0.761142
11090001 0.760976
11100001 0.761199
11110001 0.760778
11120001 0.761125
11130001 0.761425
11140001 0.761528
11150001 0.761385
11160001 0.761503
11170001 0.7615
11180001 0.76156
11190001 0.761681
11200001 0.76192
11210001 0.761569
11220001 0.761868
11230001 0.762107
11240001 0.761957
11250001 0.762254
11260001 0.762035
11270001 0.762379
11280001 0.762182
11290001 0.762333
11300001 0.762584
11310001 0.762821
11320001 0.762733
11330001 0.762754
11340001 0.763078
11350001 0.76341
11360001 0.763642
11370001 0.763527
11380001 0.763792
11390001 0.763704
11400001 0.763541
11410001 0.763513
11420001 0.76401
11430001 0.764434
11440001 0.763967
11450001 0.76428
11460001 0.76402
11470001 0.763785
11480001 0.76414
11490001 0.764075
11500001 0.764694
11510001 0.764482
11520001 0.764706
11530001 0.764512
11540001 0.764753
11550001 0.765165
11560001 0.765016
11570001 0.764644
11580001 0.764752
11590001 0.764889
11600001 0.764467
11610001 0.765464
11620001 0.765072
11630001 0.765157
11640001 0.764834
11650001 0.764693
11660001 0.764704
11670001 0.765586
11680001 0.765537
11690001 0.765442
11700001 0.765529
11710001 0.765546
11720001 0.765324
11730001 0.765474
11740001 0.765335
11750001 0.765203
11760001 0.765419
11770001 0.765197
11780001 0.765293
11790001 0.765572
11800001 0.765717
11810001 0.765857
11820001 0.765697
11830001 0.765866
11840001 0.765945
11850001 0.765635
11860001 0.766022
11870001 0.766224
11880001 0.766201
11890001 0.766277
11900001 0.766457
11910001 0.766377
11920001 0.766429
11930001 0.766492
11940001 0.766337
11950001 0.766231
11960001 0.766479
11970001 0.766476
11980001 0.766318
11990001 0.766666
12000001 0.766285
12010001 0.766736
12020001 0.766687
12030001 0.766785
12040001 0.766917
12050001 0.766718
12060001 0.767322
12070001 0.767463
12080001 0.767747
12090001 0.767795
12100001 0.768076
12110001 0.767798
12120001 0.76787
12130001 0.767792
12140001 0.768182
12150001 0.768277
12160001 0.767996
12170001 0.768337
12180001 0.768098
12190001 0.768565
12200001 0.768565
12210001 0.768589
12220001 0.768686
12230001 0.768831
12240001 0.768551
12250001 0.768629
12260001 0.768546
12270001 0.768572
12280001 0.768779
12290001 0.768656
12300001 0.768762
12310001 0.768832
12320001 0.768827
12330001 0.768793
12340001 0.768887
12350001 0.768716
12360001 0.768756
12370001 0.76906
12380001 0.769597
12390001 0.769206
12400001 0.769338
12410001 0.76908
12420001 0.769687
12430001 0.769821
12440001 0.76998
12450001 0.77005
12460001 0.770104
12470001 0.770102
12480001 0.770161
12490001 0.769549
12500001 0.770023
12510001 0.770222
12520001 0.770378
12530001 0.770428
12540001 0.770565
12550001 0.770427
12560001 0.770716
12570001 0.770344
12580001 0.770361
12590001 0.771004
12600001 0.770524
12610001 0.770785
12620001 0.770795
12630001 0.770712
12640001 0.770795
12650001 0.770814
12660001 0.771004
12670001 0.771151
12680001 0.771439
12690001 0.771463
12700001 0.771473
12710001 0.771726
12720001 0.771518
12730001 0.771464
12740001 0.77183
12750001 0.771793
12760001 0.771802
12770001 0.771821
12780001 0.771566
12790001 0.771973
12800001 0.771651
12810001 0.771372
12820001 0.771448
12830001 0.771658
12840001 0.771792
12850001 0.771716
12860001 0.77207
12870001 0.772243
12880001 0.772276
12890001 0.771845
12900001 0.772242
12910001 0.77258
12920001 0.772085
12930001 0.772498
12940001 0.772531
12950001 0.772504
12960001 0.772583
12970001 0.772456
12980001 0.772618
12990001 0.772402
13000001 0.772851
13010001 0.772737
13020001 0.772792
13030001 0.772602
13040001 0.772451
13050001 0.772731
13060001 0.772915
13070001 0.77275
13080001 0.772899
13090001 0.772918
13100001 0.773201
13110001 0.773408
13120001 0.773422
13130001 0.773387
13140001 0.773318
13150001 0.773359
13160001 0.773267
13170001 0.773599
13180001 0.773559
13190001 0.773556
13200001 0.774127
13210001 0.773922
13220001 0.773598
13230001 0.774234
13240001 0.774446
13250001 0.774131
13260001 0.774143
13270001 0.77418
13280001 0.774106
13290001 0.773858
13300001 0.773945
13310001 0.773907
13320001 0.773993
13330001 0.77456
13340001 0.775207
13350001 0.774809
13360001 0.774631
13370001 0.774964
13380001 0.77522
13390001 0.775177
13400001 0.774988
13410001 0.774949
13420001 0.775155
13430001 0.774967
13440001 0.774976
13450001 0.775097
13460001 0.774882
13470001 0.775072
13480001 0.775247
13490001 0.775143
13500001 0.77502
13510001 0.775484
13520001 0.775574
13530001 0.775484
13540001 0.775876
13550001 0.775591
13560001 0.775626
13570001 0.775601
13580001 0.775819
13590001 0.77625
13600001 0.776362
13610001 0.775927
13620001 0.775918
13630001 0.776586
13640001 0.776527
13650001 0.777312
13660001 0.776654
13670001 0.777002
13680001 0.776939
13690001 0.776671
13700001 0.77685
13710001 0.776815
13720001 0.777096
13730001 0.777111
13740001 0.777207
13750001 0.777582
13760001 0.777354
13770001 0.777338
13780001 0.777491
13790001 0.777029
13800001 0.777596
13810001 0.777736
13820001 0.777214
13830001 0.777248
13840001 0.778009
13850001 0.777828
13860001 0.777906
13870001 0.778183
13880001 0.777896
13890001 0.777998
13900001 0.777722
13910001 0.777729
13920001 0.777866
13930001 0.778172
13940001 0.778308
13950001 0.778307
13960001 0.778231
13970001 0.778225
13980001 0.77813
13990001 0.778591
14000001 0.778602
14010001 0.778568
14020001 0.778467
14030001 0.778653
14040001 0.778464
14050001 0.778751
14060001 0.778745
14070001 0.779326
14080001 0.779016
14090001 0.778857
14100001 0.778811
14110001 0.779436
14120001 0.77906
14130001 0.779089
14140001 0.77919
14150001 0.779253
14160001 0.779405
14170001 0.779489
14180001 0.779274
14190001 0.779363
14200001 0.779295
14210001 0.779587
14220001 0.779815
14230001 0.779825
14240001 0.779969
14250001 0.77977
14260001 0.779373
14270001 0.779534
14280001 0.779499
14290001 0.779845
14300001 0.779654
14310001 0.780013
14320001 0.780133
14330001 0.779802
14340001 0.780129
14350001 0.780193
14360001 0.780681
14370001 0.780558
14380001 0.780689
14390001 0.780359
14400001 0.780402
14410001 0.78089
14420001 0.78063
14430001 0.78067
14440001 0.780509
14450001 0.780341
14460001 0.780429
14470001 0.780387
14480001 0.78077
14490001 0.780643
14500001 0.780684
14510001 0.780544
14520001 0.780818
14530001 0.780775
14540001 0.780776
14550001 0.781034
14560001 0.781243
14570001 0.781094
14580001 0.780901
14590001 0.780818
14600001 0.780939
14610001 0.781091
14620001 0.780945
14630001 0.781367
14640001 0.781326
14650001 0.781272
14660001 0.781325
14670001 0.781152
14680001 0.781072
14690001 0.781193
14700001 0.781532
14710001 0.781263
14720001 0.781441
14730001 0.781764
14740001 0.781449
14750001 0.781454
14760001 0.781652
14770001 0.781783
14780001 0.781934
14790001 0.782017
14800001 0.781983
14810001 0.781968
14820001 0.782217
14830001 0.782179
14840001 0.781843
14850001 0.782196
14860001 0.782391
14870001 0.782658
14880001 0.782398
14890001 0.782471
14900001 0.782007
14910001 0.782065
14920001 0.78273
14930001 0.782624
14940001 0.782557
14950001 0.782874
14960001 0.782743
14970001 0.78268
14980001 0.782591
14990001 0.782883
15000001 0.782679
15010001 0.782654
15020001 0.783029
15030001 0.78317
15040001 0.782916
15050001 0.783156
15060001 0.783228
15070001 0.783075
15080001 0.782998
15090001 0.783028
15100001 0.783196
15110001 0.78305
15120001 0.783275
15130001 0.783384
15140001 0.783557
15150001 0.783876
15160001 0.784321
15170001 0.783898
15180001 0.783948
15190001 0.783974
15200001 0.783728
15210001 0.783811
15220001 0.783688
15230001 0.78377
15240001 0.784523
15250001 0.784294
15260001 0.783937
15270001 0.784257
15280001 0.784328
15290001 0.784278
15300001 0.784342
15310001 0.784254
15320001 0.784457
15330001 0.784681
15340001 0.784689
15350001 0.784756
15360001 0.78509
15370001 0.785231
15380001 0.785252
15390001 0.78507
15400001 0.784916
15410001 0.785188
15420001 0.785211
15430001 0.785145
15440001 0.785301
15450001 0.785384
15460001 0.785552
15470001 0.785342
15480001 0.785876
15490001 0.785704
15500001 0.785823
15510001 0.785863
15520001 0.786231
15530001 0.786322
15540001 0.786359
15550001 0.786128
15560001 0.786325
15570001 0.786365
15580001 0.786615
15590001 0.786475
15600001 0.78659
15610001 0.786719
15620001 0.786908
15630001 0.786662
15640001 0.786668
15650001 0.786838
15660001 0.786917
15670001 0.786901
15680001 0.786697
15690001 0.786561
15700001 0.786988
15710001 0.78678
15720001 0.787021
15730001 0.787081
15740001 0.787074
15750001 0.787124
15760001 0.786899
15770001 0.787161
15780001 0.787377
15790001 0.786969
15800001 0.787165
15810001 0.787322
15820001 0.787323
15830001 0.787169
15840001 0.787215
15850001 0.787545
15860001 0.787399
15870001 0.787184
15880001 0.787631
15890001 0.787735
15900001 0.787493
15910001 0.787443
15920001 0.787659
15930001 0.787988
15940001 0.787755
15950001 0.788106
15960001 0.78801
15970001 0.787973
15980001 0.788017
15990001 0.78779
16000001 0.787877
16010001 0.788083
16020001 0.787779
16030001 0.787924
16040001 0.788107
16050001 0.788353
16060001 0.788347
16070001 0.789276
16080001 0.789214
16090001 0.78883
16100001 0.788881
16110001 0.788745
16120001 0.788621
16130001 0.788571
16140001 0.788551
16150001 0.788819
16160001 0.788863
16170001 0.788865
16180001 0.788889
16190001 0.789294
16200001 0.789693
16210001 0.789565
16220001 0.789453
16230001 0.789437
16240001 0.789513
16250001 0.78935
16260001 0.789338
16270001 0.78938
16280001 0.789248
16290001 0.789334
16300001 0.789992
16310001 0.789566
16320001 0.789261
16330001 0.789337
16340001 0.789709
16350001 0.789771
16360001 0.790088
16370001 0.790125
16380001 0.79112
16390001 0.790271
16400001 0.790541
16410001 0.790394
16420001 0.790987
16430001 0.791165
16440001 0.79055
16450001 0.790527
16460001 0.790612
16470001 0.790768
16480001 0.790845
16490001 0.790807
16500001 0.790887
16510001 0.790816
16520001 0.790455
16530001 0.790934
16540001 0.790848
16550001 0.791166
16560001 0.790619
16570001 0.790802
16580001 0.791
16590001 0.791085
16600001 0.791342
16610001 0.791043
16620001 0.791004
16630001 0.791014
16640001 0.791322
16650001 0.791283
16660001 0.791184
16670001 0.791326
16680001 0.791601
16690001 0.791748
16700001 0.791256
16710001 0.79151
16720001 0.791312
16730001 0.791832
16740001 0.791614
16750001 0.791673
16760001 0.791655
16770001 0.791737
16780001 0.791823
16790001 0.791692
16800001 0.792415
16810001 0.792399
16820001 0.792285
16830001 0.792115
16840001 0.792282
16850001 0.792231
16860001 0.791899
16870001 0.792037
16880001 0.792502
16890001 0.791979
16900001 0.792379
16910001 0.792095
16920001 0.792462
16930001 0.792122
16940001 0.792428
16950001 0.792588
16960001 0.792839
16970001 0.792652
16980001 0.793175
16990001 0.792959
17000001 0.792795
17010001 0.793021
17020001 0.793097
17030001 0.792683
17040001 0.792964
17050001 0.792982
17060001 0.793197
17070001 0.793487
17080001 0.793241
17090001 0.793067
17100001 0.793367
17110001 0.793165
17120001 0.793193
17130001 0.793159
17140001 0.793301
17150001 0.793235
17160001 0.793274
17170001 0.792905
17180001 0.793054
17190001 0.793301
17200001 0.793072
17210001 0.793287
17220001 0.793488
17230001 0.793507
17240001 0.793291
17250001 0.793503
17260001 0.793845
17270001 0.79349
17280001 0.793763
17290001 0.793577
17300001 0.793083
17310001 0.793609
17320001 0.793612
17330001 0.793689
17340001 0.793687
17350001 0.793722
17360001 0.793299
17370001 0.793178
17380001 0.793654
17390001 0.794082
17400001 0.794303
17410001 0.794678
17420001 0.794457
17430001 0.794494
17440001 0.794359
17450001 0.794313
17460001 0.794596
17470001 0.795007
17480001 0.794617
17490001 0.794712
17500001 0.795016
17510001 0.794829
17520001 0.794904
17530001 0.794952
17540001 0.795107
17550001 0.794974
17560001 0.794974
17570001 0.794999
17580001 0.795291
17590001 0.795345
17600001 0.795189
17610001 0.795396
17620001 0.79555
17630001 0.79554
17640001 0.79503
17650001 0.795815
17660001 0.795613
17670001 0.795707
17680001 0.796026
17690001 0.795966
17700001 0.796552
17710001 0.796151
17720001 0.796059
17730001 0.795684
17740001 0.796041
17750001 0.796203
17760001 0.796047
17770001 0.796488
17780001 0.796595
17790001 0.796666
17800001 0.795986
17810001 0.796072
17820001 0.796354
17830001 0.796356
17840001 0.7963
17850001 0.796119
17860001 0.796223
17870001 0.796421
17880001 0.79673
17890001 0.796581
17900001 0.796519
17910001 0.796645
17920001 0.796827
17930001 0.797108
17940001 0.797199
17950001 0.79712
17960001 0.797038
17970001 0.797434
17980001 0.797159
17990001 0.797168
18000001 0.79719
18010001 0.797429
18020001 0.797379
18030001 0.797388
18040001 0.797466
18050001 0.797415
18060001 0.797249
18070001 0.797279
18080001 0.797299
18090001 0.797604
18100001 0.797861
18110001 0.797338
18120001 0.797491
18130001 0.79764
18140001 0.797758
18150001 0.797674
18160001 0.797948
18170001 0.797764
18180001 0.797815
18190001 0.798102
18200001 0.798136
18210001 0.79821
18220001 0.797856
18230001 0.798017
18240001 0.797909
18250001 0.798321
18260001 0.79846
18270001 0.798275
18280001 0.799113
18290001 0.799121
18300001 0.798999
18310001 0.798736
18320001 0.798519
18330001 0.79836
18340001 0.798744
18350001 0.798763
18360001 0.79906
18370001 0.798793
18380001 0.798909
18390001 0.799358
18400001 0.799327
18410001 0.799413
18420001 0.79941
18430001 0.798844
18440001 0.798912
18450001 0.79928
18460001 0.799219
18470001 0.799432
18480001 0.799239
18490001 0.799406
18500001 0.799032
18510001 0.799341
18520001 0.799327
18530001 0.79974
18540001 0.799602
18550001 0.799523
18560001 0.799415
18570001 0.79973
18580001 0.799692
18590001 0.80004
18600001 0.799869
18610001 0.799729
18620001 0.799755
18630001 0.799908
18640001 0.799892
18650001 0.799889
18660001 0.799996
18670001 0.80005
18680001 0.800154
18690001 0.799994
18700001 0.800132
18710001 0.800507
18720001 0.800387
18730001 0.800336
18740001 0.800227
18750001 0.800236
18760001 0.80023
18770001 0.800612
18780001 0.800981
18790001 0.800805
18800001 0.800558
18810001 0.800664
18820001 0.800588
18830001 0.800891
18840001 0.800996
18850001 0.801252
18860001 0.801157
18870001 0.800894
18880001 0.800962
18890001 0.800402
18900001 0.800606
18910001 0.80054
18920001 0.800581
18930001 0.800343
18940001 0.800537
18950001 0.800729
18960001 0.801039
18970001 0.801147
18980001 0.801089
18990001 0.801222
19000001 0.801218
19010001 0.801634
19020001 0.80182
19030001 0.801237
19040001 0.801046
19050001 0.801039
19060001 0.80128
19070001 0.801518
19080001 0.801314
19090001 0.801489
19100001 0.801698
19110001 0.801825
19120001 0.801837
19130001 0.801597
19140001 0.801897
19150001 0.801817
19160001 0.801901
19170001 0.802045
19180001 0.80201
19190001 0.802023
19200001 0.801835
19210001 0.8018
19220001 0.802093
19230001 0.802162
19240001 0.802272
19250001 0.802251
19260001 0.802357
19270001 0.802208
19280001 0.802482
19290001 0.802228
19300001 0.802505
19310001 0.802478
19320001 0.802707
19330001 0.802635
19340001 0.802819
19350001 0.802835
19360001 0.803023
19370001 0.803038
19380001 0.803117
19390001 0.803392
19400001 0.803652
19410001 0.803173
19420001 0.803345
19430001 0.803206
19440001 0.803579
19450001 0.803541
19460001 0.803339
19470001 0.803368
19480001 0.803732
19490001 0.803474
19500001 0.803012
19510001 0.803459
19520001 0.803506
19530001 0.803933
19540001 0.803929
19550001 0.803706
19560001 0.803741
19570001 0.803768
19580001 0.803631
19590001 0.803413
19600001 0.803417
19610001 0.803979
19620001 0.803915
19630001 0.803784
19640001 0.804367
19650001 0.804282
19660001 0.804272
19670001 0.804378
19680001 0.804673
19690001 0.804562
19700001 0.804566
19710001 0.804664
19720001 0.804404
19730001 0.80472
19740001 0.804753
19750001 0.804718
19760001 0.804422
19770001 0.804687
19780001 0.804677
19790001 0.804486
19800001 0.804286
19810001 0.804615
19820001 0.804621
19830001 0.80445
19840001 0.805128
19850001 0.805172
19860001 0.805027
19870001 0.805229
19880001 0.806169
19890001 0.805286
19900001 0.805251
19910001 0.805073
19920001 0.805183
19930001 0.805702
19940001 0.805515
19950001 0.80572
19960001 0.80605
19970001 0.805718
19980001 0.806048
19990001 0.805983
20000001 0.806023
20010001 0.806318
20020001 0.806032
20030001 0.806133
20040001 0.805984
20050001 0.8059
20060001 0.805925
20070001 0.805563
20080001 0.805476
20090001 0.805552
20100001 0.805714
20110001 0.805582
20120001 0.805748
20130001 0.805562
20140001 0.805651
20150001 0.806289
20160001 0.806085
20170001 0.806064
20180001 0.805972
20190001 0.805999
20200001 0.805952
20210001 0.806068
20220001 0.806621
20230001 0.806878
20240001 0.80699
20250001 0.806979
20260001 0.806852
20270001 0.806769
20280001 0.806805
20290001 0.806629
20300001 0.806486
20310001 0.805999
20320001 0.806238
20330001 0.806244
20340001 0.806272
20350001 0.806638
20360001 0.80626
20370001 0.806313
20380001 0.806788
20390001 0.806952
20400001 0.807415
20410001 0.807104
20420001 0.806704
20430001 0.806894
20440001 0.806723
20450001 0.806937
20460001 0.807092
20470001 0.80714
20480001 0.807305
20490001 0.807168
20500001 0.807488
20510001 0.807477
20520001 0.807145
20530001 0.807748
20540001 0.807049
20550001 0.807236
20560001 0.807317
20570001 0.807517
20580001 0.807759
20590001 0.807457
20600001 0.807291
20610001 0.807906
20620001 0.807944
20630001 0.807716
20640001 0.807702
20650001 0.808064
20660001 0.807853
20670001 0.808027
20680001 0.807608
20690001 0.807859
20700001 0.808056
20710001 0.808007
20720001 0.808032
20730001 0.808342
20740001 0.808541
20750001 0.808674
20760001 0.808358
20770001 0.808231
20780001 0.808247
20790001 0.808517
20800001 0.808294
20810001 0.807851
20820001 0.808032
20830001 0.808147
20840001 0.808241
20850001 0.808165
20860001 0.807992
20870001 0.808621
20880001 0.808244
20890001 0.808306
20900001 0.808331
20910001 0.808571
20920001 0.80874
20930001 0.808782
20940001 0.808529
20950001 0.808584
20960001 0.808887
20970001 0.808925
20980001 0.808913
20990001 0.808835
21000001 0.808616
21010001 0.808674
21020001 0.808505
21030001 0.808388
21040001 0.808473
21050001 0.808656
21060001 0.808577
21070001 0.808809
21080001 0.808558
21090001 0.80857
21100001 0.808781
21110001 0.808978
21120001 0.809223
21130001 0.809186
21140001 0.809111
21150001 0.809042
21160001 0.808963
21170001 0.809151
21180001 0.809121
21190001 0.809285
21200001 0.809778
21210001 0.809197
21220001 0.809323
21230001 0.809422
21240001 0.80959
21250001 0.809641
21260001 0.809389
21270001 0.809464
21280001 0.809807
21290001 0.809802
21300001 0.8098
21310001 0.809759
21320001 0.809742
21330001 0.809948
21340001 0.809923
21350001 0.809713
21360001 0.809616
21370001 0.809657
21380001 0.809707
21390001 0.810263
21400001 0.809777
21410001 0.809728
21420001 0.809946
21430001 0.809997
21440001 0.810402
21450001 0.810299
21460001 0.810568
21470001 0.810511
21480001 0.810138
21490001 0.810589
21500001 0.810625
21510001 0.810759
21520001 0.810786
21530001 0.810581
21540001 0.81072
21550001 0.810476
21560001 0.810696
21570001 0.810058
21580001 0.810373
21590001 0.810493
21600001 0.810233
21610001 0.810139
21620001 0.810208
21630001 0.810436
21640001 0.810588
21650001 0.811055
21660001 0.810954
21670001 0.810998
21680001 0.811244
21690001 0.8114
21700001 0.810705
21710001 0.81076
21720001 0.810729
21730001 0.810753
21740001 0.810898
21750001 0.810936
21760001 0.811304
21770001 0.81093
21780001 0.811021
21790001 0.810903
21800001 0.81069
21810001 0.811043
21820001 0.810936
21830001 0.810713
21840001 0.811259
21850001 0.811139
21860001 0.811004
21870001 0.811174
21880001 0.81089
21890001 0.81099
21900001 0.811128
21910001 0.811131
21920001 0.811229
21930001 0.811359
21940001 0.811053
21950001 0.810785
21960001 0.810612
21970001 0.81093
21980001 0.811289
21990001 0.810889
22000001 0.811073
22010001 0.811192
22020001 0.811595
22030001 0.811159
22040001 0.811081
22050001 0.811081
22060001 0.811114
22070001 0.811232
22080001 0.812095
22090001 0.811399
22100001 0.811173
22110001 0.811699
22120001 0.811734
22130001 0.812025
22140001 0.811631
22150001 0.812326
22160001 0.812205
22170001 0.812167
22180001 0.812256
22190001 0.812169
22200001 0.811772
22210001 0.81184
22220001 0.812046
22230001 0.811898
22240001 0.812193
22250001 0.812099
22260001 0.812456
22270001 0.812517
22280001 0.812362
22290001 0.812175
22300001 0.812998
22310001 0.812237
22320001 0.812199
22330001 0.812477
22340001 0.812133
22350001 0.812776
22360001 0.812127
22370001 0.812594
22380001 0.812598
22390001 0.812434
22400001 0.81262
22410001 0.81268
22420001 0.813092
22430001 0.81309
22440001 0.812922
22450001 0.812695
22460001 0.81294
22470001 0.812872
22480001 0.812965
22490001 0.813121
22500001 0.813069
22510001 0.812996
22520001 0.812724
22530001 0.813144
22540001 0.813047
22550001 0.813112
22560001 0.813003
22570001 0.813443
22580001 0.813398
22590001 0.813441
22600001 0.813403
22610001 0.81354
22620001 0.813441
22630001 0.813053
22640001 0.813524
22650001 0.813726
22660001 0.813781
22670001 0.813905
22680001 0.81393
22690001 0.813597
22700001 0.81359
22710001 0.813456
22720001 0.813485
22730001 0.813903
22740001 0.813839
22750001 0.814029
22760001 0.814071
22770001 0.813819
22780001 0.814231
22790001 0.814037
22800001 0.814495
22810001 0.814626
22820001 0.814591
22830001 0.814532
22840001 0.814829
22850001 0.814435
22860001 0.814633
22870001 0.814519
22880001 0.814638
22890001 0.814492
22900001 0.814782
22910001 0.814406
22920001 0.814651
22930001 0.814832
22940001 0.814991
22950001 0.814864
22960001 0.814886
22970001 0.81499
22980001 0.814647
22990001 0.814768
23000001 0.814963
23010001 0.815015
23020001 0.814786
23030001 0.814669
23040001 0.814896
23050001 0.814868
23060001 0.815262
23070001 0.815001
23080001 0.815353
23090001 0.815655
23100001 0.815751
23110001 0.815382
23120001 0.815732
23130001 0.815736
23140001 0.815804
23150001 0.816177
23160001 0.815702
23170001 0.815841
23180001 0.81587
23190001 0.816421
23200001 0.816382
23210001 0.816385
23220001 0.816099
23230001 0.81616
23240001 0.816439
23250001 0.816371
23260001 0.816666
23270001 0.817056
23280001 0.816873
23290001 0.815957
23300001 0.816423
23310001 0.816309
23320001 0.816618
23330001 0.816495
23340001 0.816356
23350001 0.816394
23360001 0.816187
23370001 0.816273
23380001 0.816446
23390001 0.816203
23400001 0.815904
23410001 0.816098
23420001 0.816362
23430001 0.8163
23440001 0.816217
23450001 0.816383
23460001 0.816349
23470001 0.81612
23480001 0.816596
23490001 0.816478
23500001 0.816336
23510001 0.81686
23520001 0.816933
23530001 0.816819
23540001 0.816537
23550001 0.816695
23560001 0.81683
23570001 0.816867
23580001 0.817092
23590001 0.817423
23600001 0.817057
23610001 0.817117
23620001 0.817327
23630001 0.817034
23640001 0.81762
23650001 0.817274
23660001 0.817338
23670001 0.817235
23680001 0.817439
23690001 0.817465
23700001 0.817077
23710001 0.817154
23720001 0.817178
23730001 0.817712
23740001 0.817453
23750001 0.817284
23760001 0.817496
23770001 0.817541
23780001 0.817853
23790001 0.817757
23800001 0.818013
23810001 0.818003
23820001 0.817739
23830001 0.818015
23840001 0.818116
23850001 0.81805
23860001 0.818303
23870001 0.817973
23880001 0.817678
23890001 0.818253
23900001 0.818497
23910001 0.818605
23920001 0.81829
23930001 0.817988
23940001 0.818187
23950001 0.818355
23960001 0.818077
23970001 0.818072
23980001 0.818131
23990001 0.817874
24000001 0.818222
24010001 0.818372
24020001 0.818328
24030001 0.818555
24040001 0.818338
24050001 0.818432
24060001 0.818441
24070001 0.818265
24080001 0.818154
24090001 0.818405
24100001 0.818677
24110001 0.81891
24120001 0.818687
24130001 0.818955
24140001 0.818966
24150001 0.819141
24160001 0.819015
24170001 0.818911
24180001 0.818794
24190001 0.818597
24200001 0.818713
24210001 0.819006
24220001 0.819124
24230001 0.819301
24240001 0.819213
24250001 0.819325
24260001 0.818891
24270001 0.819333
24280001 0.819323
24290001 0.819299
24300001 0.819246
24310001 0.819165
24320001 0.819121
24330001 0.819267
24340001 0.819224
24350001 0.818787
24360001 0.818798
24370001 0.818979
24380001 0.819125
24390001 0.819294
24400001 0.819233
24410001 0.819027
24420001 0.818795
24430001 0.818666
24440001 0.819186
24450001 0.819894
24460001 0.819639
24470001 0.819047
24480001 0.819025
24490001 0.818872
24500001 0.8193
24510001 0.819051
24520001 0.819067
24530001 0.819127
24540001 0.819285
24550001 0.818904
24560001 0.819189
24570001 0.819007
24580001 0.819242
24590001 0.81872
24600001 0.818997
24610001 0.819362
24620001 0.819383
24630001 0.819341
24640001 0.819469
24650001 0.819538
24660001 0.819618
24670001 0.819831
24680001 0.819847
24690001 0.819861
24700001 0.820001
24710001 0.819882
24720001 0.820112
24730001 0.819998
24740001 0.820307
24750001 0.820251
24760001 0.820078
24770001 0.820091
24780001 0.820111
24790001 0.820195
24800001 0.820441
24810001 0.820296
24820001 0.820279
24830001 0.820336
24840001 0.820155
24850001 0.820084
24860001 0.820323
24870001 0.820537
24880001 0.820426
24890001 0.820616
24900001 0.820462
24910001 0.821033
24920001 0.820665
24930001 0.821013
24940001 0.820881
24950001 0.820809
24960001 0.820918
24970001 0.821122
24980001 0.821155
24990001 0.821095
25000001 0.821001
25010001 0.820727
25020001 0.821215
25030001 0.821258
25040001 0.820978
25050001 0.820914
25060001 0.821237
25070001 0.821225
25080001 0.821356
25090001 0.821404
25100001 0.821269
25110001 0.821164
25120001 0.821611
25130001 0.821316
25140001 0.821071
25150001 0.821185
25160001 0.821151
25170001 0.820957
25180001 0.821209
25190001 0.821187
25200001 0.821496
25210001 0.821486
25220001 0.821786
25230001 0.821534
25240001 0.821051
25250001 0.821177
25260001 0.821361
25270001 0.821263
25280001 0.821518
25290001 0.82164
25300001 0.821504
25310001 0.821757
25320001 0.821803
25330001 0.8217
25340001 0.821825
25350001 0.821705
25360001 0.82192
25370001 0.821802
25380001 0.822047
25390001 0.821834
25400001 0.822289
25410001 0.822035
25420001 0.822382
25430001 0.822214
25440001 0.822438
25450001 0.822565
25460001 0.822608
25470001 0.82216
25480001 0.82216
25490001 0.822332
25500001 0.822603
25510001 0.822601
25520001 0.822846
25530001 0.822903
25540001 0.822993
25550001 0.823228
25560001 0.823099
25570001 0.823266
25580001 0.823304
25590001 0.823115
25600001 0.822972
25610001 0.823147
25620001 0.823204
25630001 0.822843
25640001 0.822938
25650001 0.823345
25660001 0.823222
25670001 0.823148
25680001 0.823604
25690001 0.823276
25700001 0.823078
25710001 0.823251
25720001 0.823819
25730001 0.823895
25740001 0.823654
25750001 0.823143
25760001 0.823312
25770001 0.82378
25780001 0.823773
25790001 0.823769
25800001 0.823589
25810001 0.823829
25820001 0.823766
25830001 0.823566
25840001 0.823417
25850001 0.823889
25860001 0.823953
25870001 0.823832
25880001 0.823613
25890001 0.823726
25900001 0.823564
25910001 0.823507
25920001 0.82367
25930001 0.823733
25940001 0.823765
25950001 0.823674
25960001 0.823738
25970001 0.823506
25980001 0.823669
25990001 0.823609
26000001 0.823759
26010001 0.823819
26020001 0.824053
26030001 0.823714
26040001 0.824248
26050001 0.824371
26060001 0.824485
26070001 0.824448
26080001 0.824457
26090001 0.824623
26100001 0.824533
26110001 0.824168
26120001 0.824246
26130001 0.82427
26140001 0.824316
26150001 0.82448
26160001 0.82431
26170001 0.824523
26180001 0.82491
26190001 0.824766
26200001 0.824637
26210001 0.824609
26220001 0.824468
26230001 0.825129
26240001 0.824594
26250001 0.824592
26260001 0.824845
26270001 0.824938
26280001 0.825297
26290001 0.825289
26300001 0.825006
26310001 0.824852
26320001 0.825115
26330001 0.824998
26340001 0.825221
26350001 0.825345
26360001 0.825025
26370001 0.82492
26380001 0.825392
26390001 0.825189
26400001 0.82541
26410001 0.825185
26420001 0.825815
26430001 0.825731
26440001 0.825909
26450001 0.825784
26460001 0.825531
26470001 0.825844
26480001 0.825994
26490001 0.825996
26500001 0.826138
26510001 0.825886
26520001 0.825994
26530001 0.826029
26540001 0.826121
26550001 0.82576
26560001 0.825908
26570001 0.826394
26580001 0.826205
26590001 0.826048
26600001 0.825862
26610001 0.826232
26620001 0.826287
26630001 0.82672
26640001 0.826287
26650001 0.826336
26660001 0.82676
26670001 0.827063
26680001 0.826832
26690001 0.826912
26700001 0.826734
26710001 0.827025
26720001 0.827157
26730001 0.827215
26740001 0.827215
26750001 0.827047
26760001 0.826956
26770001 0.826965
26780001 0.826641
26790001 0.826841
26800001 0.827063
26810001 0.827068
26820001 0.827098
26830001 0.826903
26840001 0.826941
26850001 0.82711
26860001 0.82728
26870001 0.82697
26880001 0.82727
26890001 0.827086
26900001 0.826985
26910001 0.827351
26920001 0.82735
26930001 0.827151
26940001 0.82726
26950001 0.827252
26960001 0.82753
26970001 0.827383
26980001 0.826971
26990001 0.827077
27000001 0.827038
27010001 0.826967
27020001 0.826934
27030001 0.82673
27040001 0.826459
27050001 0.826758
27060001 0.826708
27070001 0.826742
27080001 0.826614
27090001 0.826585
27100001 0.826511
27110001 0.826652
27120001 0.826602
27130001 0.826727
27140001 0.82707
27150001 0.826759
27160001 0.826993
27170001 0.827109
27180001 0.827275
27190001 0.827164
27200001 0.827109
27210001 0.827183
27220001 0.827467
27230001 0.827366
27240001 0.827332
27250001 0.827287
27260001 0.827352
27270001 0.827487
27280001 0.82771
27290001 0.82834
27300001 0.827557
27310001 0.827759
27320001 0.827562
27330001 0.827785
27340001 0.827862
27350001 0.827886
27360001 0.828579
27370001 0.827955
27380001 0.827875
27390001 0.827869
27400001 0.827983
27410001 0.827844
27420001 0.828043
27430001 0.827992
27440001 0.82821
27450001 0.828046
27460001 0.828514
27470001 0.828525
27480001 0.828154
27490001 0.828394
27500001 0.828225
27510001 0.828653
27520001 0.828396
27530001 0.828589
27540001 0.82842
27550001 0.828404
27560001 0.828481
27570001 0.828993
27580001 0.829033
27590001 0.829016
27600001 0.828734
27610001 0.828968
27620001 0.828633
27630001 0.828722
27640001 0.828839
27650001 0.828593
27660001 0.828551
27670001 0.829675
27680001 0.828966
27690001 0.828944
27700001 0.828879
27710001 0.829037
27720001 0.828929
27730001 0.828888
27740001 0.829101
27750001 0.828772
27760001 0.828836
27770001 0.828791
27780001 0.828984
27790001 0.828824
27800001 0.828764
27810001 0.828488
27820001 0.828686
27830001 0.828821
27840001 0.829003
27850001 0.828697
27860001 0.829323
27870001 0.829158
27880001 0.829028
27890001 0.829477
27900001 0.829338
27910001 0.829152
27920001 0.828905
27930001 0.82881
27940001 0.828921
27950001 0.828821
27960001 0.829155
27970001 0.829003
27980001 0.829173
27990001 0.829172
28000001 0.829127
28010001 0.829372
28020001 0.829439
28030001 0.829399
28040001 0.829211
28050001 0.829171
28060001 0.829605
28070001 0.829261
28080001 0.829667
28090001 0.829366
28100001 0.829404
28110001 0.829504
28120001 0.829156
28130001 0.829635
28140001 0.829589
28150001 0.829542
28160001 0.829368
28170001 0.829331
28180001 0.829536
28190001 0.829872
28200001 0.82947
28210001 0.829984
28220001 0.830104
28230001 0.829916
28240001 0.830071
28250001 0.830191
28260001 0.830261
28270001 0.829937
28280001 0.829772
28290001 0.829827
28300001 0.829904
28310001 0.83011
28320001 0.830064
28330001 0.830097
28340001 0.829944
28350001 0.829956
28360001 0.829926
28370001 0.82967
28380001 0.82983
28390001 0.829718
28400001 0.829869
28410001 0.82975
28420001 0.830026
28430001 0.829678
28440001 0.83015
28450001 0.830673
28460001 0.830393
28470001 0.830235
28480001 0.830158
28490001 0.830523
28500001 0.830236
28510001 0.831327
28520001 0.831384
28530001 0.831221
28540001 0.831192
28550001 0.831214
28560001 0.831208
28570001 0.831134
28580001 0.831161
28590001 0.831043
28600001 0.830988
28610001 0.830769
28620001 0.830935
28630001 0.830873
28640001 0.831235
28650001 0.830749
28660001 0.83111
28670001 0.831051
28680001 0.831126
28690001 0.831181
28700001 0.831085
28710001 0.83072
28720001 0.830989
28730001 0.83107
28740001 0.831295
28750001 0.831007
28760001 0.830808
28770001 0.830704
28780001 0.831073
28790001 0.831069
28800001 0.831125
28810001 0.831126
28820001 0.831134
28830001 0.831404
28840001 0.831149
28850001 0.831327
28860001 0.831216
28870001 0.83109
28880001 0.831465
28890001 0.83121
28900001 0.83132
28910001 0.83158
28920001 0.831303
28930001 0.831742
28940001 0.831853
28950001 0.832697
28960001 0.832163
28970001 0.832275
28980001 0.83207
28990001 0.8323
29000001 0.83224
29010001 0.832381
29020001 0.832283
29030001 0.832235
29040001 0.832333
29050001 0.832495
29060001 0.832196
29070001 0.832159
29080001 0.832314
29090001 0.832169
29100001 0.832381
29110001 0.832639
29120001 0.832767
29130001 0.832633
29140001 0.832317
29150001 0.832828
29160001 0.832776
29170001 0.832893
29180001 0.833022
29190001 0.832822
29200001 0.833213
29210001 0.832413
29220001 0.832864
29230001 0.832657
29240001 0.832948
29250001 0.832968
29260001 0.833287
29270001 0.833421
29280001 0.833335
29290001 0.833177
29300001 0.832834
29310001 0.832638
29320001 0.832763
29330001 0.832638
29340001 0.832862
29350001 0.832627
29360001 0.832733
29370001 0.832693
29380001 0.832691
29390001 0.83275
29400001 0.832718
29410001 0.832671
29420001 0.832881
29430001 0.832785
29440001 0.833595
29450001 0.833077
29460001 0.833134
29470001 0.833313
29480001 0.833156
29490001 0.833501
29500001 0.833458
29510001 0.833416
29520001 0.833196
29530001 0.833691
29540001 0.833773
29550001 0.83364
29560001 0.833606
29570001 0.833974
29580001 0.833891
29590001 0.833564
29600001 0.833496
29610001 0.833679
29620001 0.834081
29630001 0.833807
29640001 0.834179
29650001 0.834102
29660001 0.833888
29670001 0.833769
29680001 0.833705
29690001 0.833477
29700001 0.8338
29710001 0.833876
29720001 0.833734
29730001 0.833974
29740001 0.834079
29750001 0.834179
29760001 0.833933
29770001 0.833812
29780001 0.833895
29790001 0.833857
29800001 0.834014
29810001 0.834291
29820001 0.834311
29830001 0.834433
29840001 0.834873
29850001 0.834513
29860001 0.834849
29870001 0.834821
29880001 0.834499
29890001 0.834881
29900001 0.834679
29910001 0.834612
29920001 0.834759
29930001 0.834864
29940001 0.834525
29950001 0.834984
29960001 0.834841
29970001 0.83485
29980001 0.834722
29990001 0.834795
30000001 0.835072
30010001 0.835023
30020001 0.834768
30030001 0.834862
30040001 0.834516
30050001 0.834921
30060001 0.834682
30070001 0.834765
30080001 0.835102
30090001 0.835109
30100001 0.834855
30110001 0.835159
30120001 0.835296
30130001 0.835335
30140001 0.835116
30150001 0.835529
30160001 0.835337
30170001 0.835042
30180001 0.835134
30190001 0.834703
30200001 0.834829
30210001 0.834672
30220001 0.83477
30230001 0.834721
30240001 0.835075
30250001 0.835028
30260001 0.835454
30270001 0.835066
30280001 0.835634
30290001 0.835487
30300001 0.835184
30310001 0.835207
30320001 0.835282
30330001 0.835345
30340001 0.835288
30350001 0.835242
30360001 0.835134
30370001 0.835446
30380001 0.835809
30390001 0.835522
30400001 0.836015
30410001 0.836042
30420001 0.835384
30430001 0.835349
30440001 0.835544
30450001 0.835871
30460001 0.835565
30470001 0.835372
30480001 0.835425
30490001 0.835472
30500001 0.835608
30510001 0.835665
30520001 0.835648
30530001 0.835406
30540001 0.83528
30550001 0.835543
30560001 0.83562
30570001 0.835661
30580001 0.835721
30590001 0.835917
30600001 0.835755
30610001 0.835723
30620001 0.835846
30630001 0.836054
30640001 0.835904
30650001 0.835824
30660001 0.836061
30670001 0.835807
30680001 0.836019
30690001 0.836243
30700001 0.836297
30710001 0.836543
30720001 0.836275
30730001 0.836198
30740001 0.836314
30750001 0.836182
30760001 0.836476
30770001 0.836541
30780001 0.836809
30790001 0.836485
30800001 0.836351
30810001 0.836495
30820001 0.836946
30830001 0.836989
30840001 0.836295
30850001 0.83642
30860001 0.8367
30870001 0.836736
30880001 0.836785
30890001 0.836517
30900001 0.836749
30910001 0.836798
30920001 0.836951
30930001 0.836858
30940001 0.836719
30950001 0.837158
30960001 0.837138
30970001 0.837029
30980001 0.837389
30990001 0.837233
31000001 0.83729
31010001 0.837292
31020001 0.837516
31030001 0.837489
31040001 0.837598
31050001 0.837662
31060001 0.83772
31070001 0.837423
31080001 0.837591
31090001 0.837816
31100001 0.837326
31110001 0.837469
31120001 0.837195
31130001 0.837488
31140001 0.837303
31150001 0.837371
31160001 0.837218
31170001 0.837616
31180001 0.837837
31190001 0.83752
31200001 0.83783
31210001 0.837791
31220001 0.837718
31230001 0.83795
31240001 0.837753
31250001 0.837735
31260001 0.83785
31270001 0.837893
31280001 0.838057
31290001 0.838201
31300001 0.838256
31310001 0.83843
31320001 0.837866
31330001 0.83815
31340001 0.837932
31350001 0.837785
31360001 0.837896
31370001 0.838271
31380001 0.838587
31390001 0.838326
31400001 0.838494
31410001 0.838358
31420001 0.838171
31430001 0.837923
31440001 0.838418
31450001 0.838394
31460001 0.838393
31470001 0.838204
31480001 0.838544
31490001 0.838566
31500001 0.838693
31510001 0.838972
31520001 0.839053
31530001 0.838933
31540001 0.838935
31550001 0.838854
31560001 0.839061
31570001 0.839186
31580001 0.838893
31590001 0.839097
31600001 0.839051
31610001 0.839343
31620001 0.839487
31630001 0.839805
31640001 0.839888
31650001 0.839397
31660001 0.839486
31670001 0.839262
31680001 0.839446
31690001 0.839635
31700001 0.839715
31710001 0.839985
31720001 0.839903
31730001 0.83998
31740001 0.839665
31750001 0.839734
31760001 0.839783
31770001 0.839849
31780001 0.839858
31790001 0.839945
31800001 0.839735
31810001 0.83999
31820001 0.839583
31830001 0.839431
31840001 0.839566
31850001 0.839738
31860001 0.839467
31870001 0.839858
31880001 0.839978
31890001 0.839667
31900001 0.839439
31910001 0.839608
31920001 0.839633
31930001 0.839986
31940001 0.840083
31950001 0.839396
31960001 0.839763
31970001 0.839225
31980001 0.83924
31990001 0.839548
32000001 0.839668
32010001 0.839493
32020001 0.839539
32030001 0.839856
32040001 0.839983
32050001 0.839732
32060001 0.839903
32070001 0.839561
32080001 0.84012
32090001 0.840005
32100001 0.83956
32110001 0.839538
32120001 0.839488
32130001 0.839819
32140001 0.840045
32150001 0.840004
32160001 0.840089
32170001 0.840212
32180001 0.839799
32190001 0.839669
32200001 0.839766
32210001 0.839809
32220001 0.839921
32230001 0.839797
32240001 0.839736
32250001 0.840071
32260001 0.839949
32270001 0.840068
32280001 0.840668
32290001 0.840646
32300001 0.840391
32310001 0.84045
32320001 0.840733
32330001 0.840527
32340001 0.840453
32350001 0.840621
32360001 0.840465
32370001 0.840244
32380001 0.840393
32390001 0.840694
32400001 0.840449
32410001 0.840365
32420001 0.840882
32430001 0.84089
32440001 0.840568
32450001 0.840672
32460001 0.84044
32470001 0.840507
32480001 0.84084
32490001 0.840489
32500001 0.840557
32510001 0.840907
32520001 0.840505
32530001 0.840687
32540001 0.840766
32550001 0.840729
32560001 0.841188
32570001 0.840757
32580001 0.840761
32590001 0.841086
32600001 0.840765
32610001 0.841069
32620001 0.840602
32630001 0.841355
32640001 0.841294
32650001 0.841377
32660001 0.841051
32670001 0.840762
32680001 0.840699
32690001 0.84076
32700001 0.840836
32710001 0.840754
32720001 0.840851
32730001 0.840633
32740001 0.840513
32750001 0.840556
32760001 0.840518
32770001 0.841088
32780001 0.841196
32790001 0.841202
32800001 0.841138
32810001 0.841015
32820001 0.841147
32830001 0.841877
32840001 0.84129
32850001 0.841735
32860001 0.841577
32870001 0.841401
32880001 0.841372
32890001 0.841366
32900001 0.841118
32910001 0.841235
32920001 0.841145
32930001 0.841349
32940001 0.841382
32950001 0.841368
32960001 0.84176
32970001 0.841667
32980001 0.841706
32990001 0.841625
33000001 0.84196
33010001 0.842119
33020001 0.841889
33030001 0.841795
33040001 0.841756
33050001 0.841904
33060001 0.841613
33070001 0.841528
33080001 0.841634
33090001 0.841564
33100001 0.84151
33110001 0.841632
33120001 0.841863
33130001 0.84201
33140001 0.842243
33150001 0.842183
33160001 0.84209
33170001 0.842058
33180001 0.842166
33190001 0.842398
33200001 0.842848
33210001 0.84236
33220001 0.842348
33230001 0.842543
33240001 0.842366
33250001 0.842111
33260001 0.841982
33270001 0.841794
33280001 0.841999
33290001 0.84226
33300001 0.841927
33310001 0.842221
33320001 0.84187
33330001 0.842147
33340001 0.842148
33350001 0.842355
33360001 0.842112
33370001 0.842223
33380001 0.842392
33390001 0.842517
33400001 0.842285
33410001 0.84244
33420001 0.842642
33430001 0.842452
33440001 0.842579
33450001 0.842371
33460001 0.842891
33470001 0.843092
33480001 0.843027
33490001 0.842645
33500001 0.842381
33510001 0.842465
33520001 0.842564
33530001 0.842655
33540001 0.842867
33550001 0.842675
33560001 0.842477
33570001 0.842608
33580001 0.842554
33590001 0.84264
33600001 0.843248
33610001 0.843129
33620001 0.843258
33630001 0.842998
33640001 0.842896
33650001 0.843003
33660001 0.843316
33670001 0.842995
33680001 0.843319
33690001 0.843261
33700001 0.84363
33710001 0.843255
33720001 0.843935
33730001 0.843724
33740001 0.843548
33750001 0.843674
33760001 0.843104
33770001 0.843311
33780001 0.843298
33790001 0.843555
33800001 0.843339
33810001 0.843375
33820001 0.843375
33830001 0.843667
33840001 0.843685
33850001 0.843653
33860001 0.843245
33870001 0.843259
33880001 0.843277
33890001 0.843316
33900001 0.843374
33910001 0.843537
33920001 0.843597
33930001 0.843532
33940001 0.843817
33950001 0.843849
33960001 0.843776
33970001 0.843644
33980001 0.843491
33990001 0.843698
34000001 0.843628
34010001 0.843934
34020001 0.843883
34030001 0.843747
34040001 0.843845
34050001 0.843837
34060001 0.843609
34070001 0.84355
34080001 0.843686
34090001 0.843674
34100001 0.843601
34110001 0.843891
34120001 0.84379
34130001 0.843763
34140001 0.843687
34150001 0.84371
34160001 0.843891
34170001 0.844024
34180001 0.843947
34190001 0.84403
34200001 0.844017
34210001 0.844065
34220001 0.844283
34230001 0.8443
34240001 0.84424
34250001 0.844186
34260001 0.844184
34270001 0.843998
34280001 0.843721
34290001 0.843726
34300001 0.84362
34310001 0.843805
34320001 0.843856
34330001 0.844054
34340001 0.844094
34350001 0.844464
34360001 0.843924
34370001 0.844145
34380001 0.844368
34390001 0.844339
34400001 0.844383
34410001 0.844534
34420001 0.844301
34430001 0.844652
34440001 0.844232
34450001 0.844524
34460001 0.844486
34470001 0.844559
34480001 0.844588
34490001 0.844623
34500001 0.845045
34510001 0.84529
34520001 0.844999
34530001 0.844942
34540001 0.844926
34550001 0.844495
34560001 0.844497
34570001 0.844615
34580001 0.844605
34590001 0.844364
34600001 0.844445
34610001 0.844565
34620001 0.844538
34630001 0.844527
34640001 0.844753
34650001 0.845117
34660001 0.844549
34670001 0.844387
34680001 0.844946
34690001 0.844766
34700001 0.844571
34710001 0.844729
34720001 0.844856
34730001 0.844854
34740001 0.844654
34750001 0.844731
34760001 0.844751
34770001 0.844854
34780001 0.844965
34790001 0.844884
34800001 0.845113
34810001 0.845158
34820001 0.845231
34830001 0.845441
34840001 0.845363
34850001 0.845365
34860001 0.845306
34870001 0.845557
34880001 0.845342
34890001 0.845305
34900001 0.845476
34910001 0.845356
34920001 0.845292
34930001 0.845843
34940001 0.84581
34950001 0.845791
34960001 0.845508
34970001 0.845582
34980001 0.845509
34990001 0.845729
35000001 0.845572
35010001 0.845521
35020001 0.84572
35030001 0.845653
35040001 0.845754
35050001 0.846259
35060001 0.846193
35070001 0.846186
35080001 0.846117
35090001 0.846293
35100001 0.846201
35110001 0.84628
35120001 0.846298
35130001 0.846168
35140001 0.846184
35150001 0.846213
35160001 0.846667
35170001 0.846296
35180001 0.846133
35190001 0.84601
35200001 0.846012
35210001 0.846179
35220001 0.845935
35230001 0.846545
35240001 0.846365
35250001 0.846075
35260001 0.846238
35270001 0.845773
35280001 0.845631
35290001 0.845985
35300001 0.846433
35310001 0.846157
35320001 0.846265
35330001 0.846038
35340001 0.846613
35350001 0.845973
35360001 0.845997
35370001 0.845912
35380001 0.846189
35390001 0.84606
35400001 0.845966
35410001 0.846164
35420001 0.846235
35430001 0.846251
35440001 0.846438
35450001 0.846371
35460001 0.8466
35470001 0.846503
35480001 0.846674
35490001 0.846494
35500001 0.846889
35510001 0.846758
35520001 0.84646
35530001 0.846223
35540001 0.846388
35550001 0.846131
35560001 0.846326
35570001 0.846396
35580001 0.84665
35590001 0.847024
35600001 0.846729
35610001 0.846909
35620001 0.846695
35630001 0.846906
35640001 0.846867
35650001 0.846993
35660001 0.847224
35670001 0.847193
35680001 0.84682
35690001 0.847054
35700001 0.84739
35710001 0.847247
35720001 0.847231
35730001 0.847111
35740001 0.847465
35750001 0.847382
35760001 0.847836
35770001 0.847642
35780001 0.847381
35790001 0.847491
35800001 0.847355
35810001 0.847566
35820001 0.847532
35830001 0.847166
35840001 0.847318
35850001 0.847702
35860001 0.84766
35870001 0.847444
35880001 0.847302
35890001 0.847725
35900001 0.847669
35910001 0.847475
35920001 0.847497
35930001 0.847469
35940001 0.847723
35950001 0.847732
35960001 0.84796
35970001 0.847792
35980001 0.847854
35990001 0.847573
36000001 0.847412
36010001 0.847491
36020001 0.847535
36030001 0.84775
36040001 0.847807
36050001 0.847696
36060001 0.847837
36070001 0.847942
36080001 0.847767
36090001 0.847747
36100001 0.847943
36110001 0.847893
36120001 0.848013
36130001 0.847921
36140001 0.84796
36150001 0.848205
36160001 0.848465
36170001 0.848178
36180001 0.848351
36190001 0.848513
36200001 0.848296
36210001 0.848206
36220001 0.848384
36230001 0.848186
36240001 0.848354
36250001 0.84796
36260001 0.848104
36270001 0.848221
36280001 0.848337
36290001 0.848815
36300001 0.848574
36310001 0.848106
36320001 0.848322
36330001 0.848525
36340001 0.848544
36350001 0.848751
36360001 0.848623
36370001 0.848832
36380001 0.848977
36390001 0.849271
36400001 0.848704
36410001 0.848804
36420001 0.848786
36430001 0.849124
36440001 0.849353
36450001 0.849027
36460001 0.848914
36470001 0.848605
36480001 0.848867
36490001 0.848847
36500001 0.849041
36510001 0.849077
36520001 0.848738
36530001 0.849111
36540001 0.848777
36550001 0.848511
36560001 0.84862
36570001 0.848978
36580001 0.8487
36590001 0.848822
36600001 0.848817
36610001 0.848686
36620001 0.84873
36630001 0.848964
36640001 0.848981
36650001 0.848943
36660001 0.849081
36670001 0.849304
36680001 0.849247
36690001 0.849595
36700001 0.849361
36710001 0.849314
36720001 0.849194
36730001 0.849197
36740001 0.849222
36750001 0.849353
36760001 0.849214
36770001 0.849222
36780001 0.84925
36790001 0.849143
36800001 0.848811
36810001 0.849005
36820001 0.849194
36830001 0.849219
36840001 0.849385
36850001 0.84944
36860001 0.849575
36870001 0.849598
36880001 0.849278
36890001 0.849372
36900001 0.849171
36910001 0.849272
36920001 0.849208
36930001 0.849221
36940001 0.849961
36950001 0.849638
36960001 0.849288
36970001 0.849412
36980001 0.849502
36990001 0.849381
37000001 0.849432
37010001 0.849645
37020001 0.849909
37030001 0.849831
37040001 0.849619
37050001 0.84971
37060001 0.849593
37070001 0.84989
37080001 0.849879
37090001 0.849919
37100001 0.850259
37110001 0.850369
37120001 0.850299
37130001 0.850106
37140001 0.850389
37150001 0.849777
37160001 0.849996
37170001 0.850148
37180001 0.850087
37190001 0.850045
37200001 0.849795
37210001 0.849747
37220001 0.850066
37230001 0.849949
37240001 0.850126
37250001 0.85007
37260001 0.849906
37270001 0.850436
37280001 0.850486
37290001 0.850298
37300001 0.850574
37310001 0.850807
37320001 0.850182
37330001 0.850289
37340001 0.850205
37350001 0.85041
37360001 0.850311
37370001 0.850444
37380001 0.850512
37390001 0.850587
37400001 0.850427
37410001 0.850572
37420001 0.850772
37430001 0.850655
37440001 0.850669
37450001 0.850575
37460001 0.850733
37470001 0.850709
37480001 0.850522
37490001 0.850385
37500001 0.850417
37510001 0.850855
37520001 0.85036
37530001 0.850229
37540001 0.850484
37550001 0.850349
37560001 0.850327
37570001 0.850328
37580001 0.850537
37590001 0.850355
37600001 0.850314
37610001 0.850204
37620001 0.85038
37630001 0.850273
37640001 0.850443
37650001 0.850645
37660001 0.850762
37670001 0.850891
37680001 0.850422
37690001 0.850266
37700001 0.850151
37710001 0.850234
37720001 0.850237
37730001 0.850502
37740001 0.850777
37750001 0.850881
37760001 0.850856
37770001 0.850792
37780001 0.851032
37790001 0.850853
37800001 0.851024
37810001 0.851089
37820001 0.851527
37830001 0.851082
37840001 0.851434
37850001 0.851298
37860001 0.851406
37870001 0.851183
37880001 0.851062
37890001 0.851204
37900001 0.851152
37910001 0.851216
37920001 0.851219
37930001 0.850939
37940001 0.851006
37950001 0.851067
37960001 0.851261
37970001 0.851163
37980001 0.851323
37990001 0.850909
38000001 0.851169
38010001 0.851214
38020001 0.851351
38030001 0.851288
38040001 0.852137
38050001 0.851938
38060001 0.851842
38070001 0.851777
38080001 0.851757
38090001 0.851612
38100001 0.851894
38110001 0.851837
38120001 0.851804
38130001 0.851741
38140001 0.851511
38150001 0.851365
38160001 0.851834
38170001 0.851836
38180001 0.851896
38190001 0.851779
38200001 0.851693
38210001 0.851367
38220001 0.851869
38230001 0.851474
38240001 0.852168
38250001 0.851717
38260001 0.851823
38270001 0.851742
38280001 0.851728
38290001 0.851571
38300001 0.851837
38310001 0.851541
38320001 0.852042
38330001 0.851643
38340001 0.851778
38350001 0.851905
38360001 0.851894
38370001 0.852037
38380001 0.851992
38390001 0.851697
38400001 0.852144
38410001 0.85222
38420001 0.852321
38430001 0.852351
38440001 0.852179
38450001 0.85213
38460001 0.852047
38470001 0.852013
38480001 0.85202
38490001 0.85233
38500001 0.852575
38510001 0.852569
38520001 0.852704
38530001 0.852597
38540001 0.852504
38550001 0.852418
38560001 0.852355
38570001 0.852645
38580001 0.852926
38590001 0.85276
38600001 0.85271
38610001 0.852808
38620001 0.85269
38630001 0.852799
38640001 0.852694
38650001 0.852856
38660001 0.85275
38670001 0.852595
38680001 0.852667
38690001 0.852409
38700001 0.852635
38710001 0.852546
38720001 0.852422
38730001 0.852995
38740001 0.852678
38750001 0.852828
38760001 0.852801
38770001 0.853005
38780001 0.853164
38790001 0.853106
38800001 0.85297
38810001 0.852698
38820001 0.852812
38830001 0.852781
38840001 0.852982
38850001 0.852988
38860001 0.852991
38870001 0.852999
38880001 0.852798
38890001 0.853479
38900001 0.853083
38910001 0.853419
38920001 0.853458
38930001 0.853327
38940001 0.853446
38950001 0.853504
38960001 0.853042
38970001 0.85297
38980001 0.85273
38990001 0.853468
39000001 0.853438
39010001 0.853525
39020001 0.853535
39030001 0.853597
39040001 0.853575
39050001 0.853791
39060001 0.85374
39070001 0.853426
39080001 0.853533
39090001 0.853414
39100001 0.853354
39110001 0.853516
39120001 0.853609
39130001 0.853911
39140001 0.853635
39150001 0.853686
39160001 0.853495
39170001 0.853786
39180001 0.853688
39190001 0.853982
39200001 0.853889
39210001 0.853895
39220001 0.853906
39230001 0.85399
39240001 0.853798
39250001 0.853942
39260001 0.854063
39270001 0.854015
39280001 0.854103
39290001 0.853962
39300001 0.853775
39310001 0.853916
39320001 0.854016
39330001 0.85341
39340001 0.853689
39350001 0.853471
39360001 0.853835
39370001 0.854144
39380001 0.854141
39390001 0.854291
39400001 0.854156
39410001 0.854437
39420001 0.854617
39430001 0.854509
39440001 0.854475
39450001 0.854595
39460001 0.854412
39470001 0.854398
39480001 0.854478
39490001 0.854822
39500001 0.854342
39510001 0.854381
39520001 0.85472
39530001 0.854343
39540001 0.854359
39550001 0.854087
39560001 0.854214
39570001 0.854301
39580001 0.854381
39590001 0.854229
39600001 0.854337
39610001 0.854446
39620001 0.854184
39630001 0.85453
39640001 0.854596
39650001 0.854802
39660001 0.854583
39670001 0.855205
39680001 0.854936
39690001 0.855315
39700001 0.8553
39710001 0.855457
39720001 0.855515
39730001 0.855121
39740001 0.855138
39750001 0.855035
39760001 0.855035
39770001 0.854998
39780001 0.855264
39790001 0.855182
39800001 0.854998
39810001 0.855
39820001 0.855001
39830001 0.854689
39840001 0.854826
39850001 0.854828
39860001 0.854695
39870001 0.855094
39880001 0.855451
39890001 0.855069
39900001 0.854944
39910001 0.855237
39920001 0.855238
39930001 0.855234
39940001 0.854657
39950001 0.855113
39960001 0.855309
39970001 0.855335
39980001 0.855488
39990001 0.85527
40000001 0.8551
40010001 0.855902
40020001 0.855416
40030001 0.855378
40040001 0.854926
40050001 0.854991
40060001 0.855022
40070001 0.855225
40080001 0.855085
40090001 0.855415
40100001 0.855815
40110001 0.855861
40120001 0.855351
40130001 0.855686
40140001 0.855399
40150001 0.855244
40160001 0.855528
40170001 0.855265
40180001 0.85539
40190001 0.85556
40200001 0.855735
40210001 0.855474
40220001 0.855381
40230001 0.855709
40240001 0.855583
40250001 0.85564
40260001 0.855833
40270001 0.856185
40280001 0.855823
40290001 0.855903
40300001 0.8559
40310001 0.855868
40320001 0.85599
40330001 0.856031
40340001 0.856177
40350001 0.855715
40360001 0.855732
40370001 0.855674
40380001 0.856242
40390001 0.856284
40400001 0.855919
40410001 0.856412
40420001 0.856528
40430001 0.856758
40440001 0.856942
40450001 0.856393
40460001 0.856076
40470001 0.85622
40480001 0.856201
40490001 0.856113
40500001 0.856309
40510001 0.856232
40520001 0.855966
40530001 0.856202
40540001 0.856277
40550001 0.856341
40560001 0.856449
40570001 0.85688
40580001 0.856565
40590001 0.856865
40600001 0.856443
40610001 0.85652
40620001 0.856439
40630001 0.856433
40640001 0.856381
40650001 0.856369
40660001 0.856475
40670001 0.857624
40680001 0.856712
40690001 0.856829
40700001 0.856741
40710001 0.856698
40720001 0.856808
40730001 0.856915
40740001 0.856607
40750001 0.856713
40760001 0.856443
40770001 0.856608
40780001 0.856579
40790001 0.856729
40800001 0.856817
40810001 0.856853
40820001 0.857181
40830001 0.856808
40840001 0.856745
40850001 0.856838
40860001 0.856458
40870001 0.857194
40880001 0.857171
40890001 0.856763
40900001 0.856849
40910001 0.857211
40920001 0.856854
40930001 0.856971
40940001 0.857256
40950001 0.857039
40960001 0.857333
40970001 0.857026
40980001 0.857128
40990001 0.85715
41000001 0.857204
41010001 0.857146
41020001 0.85736
41030001 0.857119
41040001 0.857047
41050001 0.856855
41060001 0.857248
41070001 0.857098
41080001 0.857168
41090001 0.857557
41100001 0.857229
41110001 0.857308
41120001 0.857591
41130001 0.857332
41140001 0.857451
41150001 0.857582
41160001 0.857481
41170001 0.85752
41180001 0.857771
41190001 0.857669
41200001 0.8576
41210001 0.857543
41220001 0.857221
41230001 0.857355
41240001 0.857243
41250001 0.857
41260001 0.857105
41270001 0.857365
41280001 0.857152
41290001 0.857317
41300001 0.857306
41310001 0.857018
41320001 0.857074
41330001 0.857425
41340001 0.85733
41350001 0.857379
41360001 0.857028
41370001 0.856835
41380001 0.857001
41390001 0.857276
41400001 0.857223
41410001 0.857259
41420001 0.857201
41430001 0.857399
41440001 0.857157
41450001 0.857365
41460001 0.85731
41470001 0.857499
41480001 0.857278
41490001 0.856941
41500001 0.857096
41510001 0.857221
41520001 0.857598
41530001 0.857295
41540001 0.857833
41550001 0.857393
41560001 0.85755
41570001 0.857274
41580001 0.857467
41590001 0.857751
41600001 0.85761
41610001 0.857337
41620001 0.857547
41630001 0.857482
41640001 0.857588
41650001 0.857546
41660001 0.857392
41670001 0.857244
41680001 0.8576
41690001 0.857524
41700001 0.858199
41710001 0.858305
41720001 0.857944
41730001 0.857867
41740001 0.857883
41750001 0.858162
41760001 0.857679
41770001 0.858004
41780001 0.858192
41790001 0.858135
41800001 0.858195
41810001 0.858039
41820001 0.858381
41830001 0.858106
41840001 0.858312
41850001 0.857924
41860001 0.857861
41870001 0.857812
41880001 0.858258
41890001 0.858086
41900001 0.858153
41910001 0.858137
41920001 0.858299
41930001 0.858384
41940001 0.858771
41950001 0.85836
41960001 0.858413
41970001 0.858584
41980001 0.858641
41990001 0.858494
42000001 0.858897
42010001 0.858714
42020001 0.858666
42030001 0.858567
42040001 0.858754
42050001 0.858797
42060001 0.858627
42070001 0.85902
42080001 0.858872
42090001 0.858664
42100001 0.858513
42110001 0.858516
42120001 0.858857
42130001 0.859141
42140001 0.859003
42150001 0.858804
42160001 0.858987
42170001 0.858834
42180001 0.858969
42190001 0.859214
42200001 0.859035
42210001 0.859119
42220001 0.859017
42230001 0.859297
42240001 0.859022
42250001 0.859084
42260001 0.85915
42270001 0.858994
42280001 0.858988
42290001 0.858776
42300001 0.858795
42310001 0.858999
42320001 0.858948
42330001 0.858831
42340001 0.859418
42350001 0.85892
42360001 0.859013
42370001 0.859121
42380001 0.859041
42390001 0.859115
42400001 0.859163
42410001 0.859259
42420001 0.859517
42430001 0.859536
42440001 0.859695
42450001 0.85962
42460001 0.859546
42470001 0.859656
42480001 0.85968
42490001 0.859447
42500001 0.859864
42510001 0.860046
42520001 0.860315
42530001 0.860211
42540001 0.859836
42550001 0.860052
42560001 0.859948
42570001 0.860139
42580001 0.860074
42590001 0.860344
42600001 0.859882
42610001 0.85993
42620001 0.859876
42630001 0.860378
42640001 0.860378
42650001 0.860513
42660001 0.860424
42670001 0.860584
42680001 0.860363
42690001 0.86151
42700001 0.861076
42710001 0.860565
42720001 0.860449
42730001 0.860547
42740001 0.860275
42750001 0.860641
42760001 0.860387
42770001 0.860402
42780001 0.860558
42790001 0.860623
42800001 0.860785
42810001 0.860588
42820001 0.860459
42830001 0.860253
42840001 0.860664
42850001 0.860205
42860001 0.860556
42870001 0.861061
42880001 0.861113
42890001 0.860913
42900001 0.860591
42910001 0.860612
42920001 0.860285
42930001 0.860404
42940001 0.860534
42950001 0.860611
42960001 0.860632
42970001 0.860741
42980001 0.860293
42990001 0.860267
43000001 0.860626
43010001 0.8602
43020001 0.85996
43030001 0.860237
43040001 0.8602
43050001 0.859893
43060001 0.859834
43070001 0.860491
43080001 0.860614
43090001 0.860308
43100001 0.860564
43110001 0.860405
43120001 0.860334
43130001 0.860122
43140001 0.860035
43150001 0.86076
43160001 0.860657
43170001 0.860558
43180001 0.86054
43190001 0.860737
43200001 0.860765
43210001 0.860639
43220001 0.860484
43230001 0.86045
43240001 0.86087
43250001 0.860682
43260001 0.860611
43270001 0.860766
43280001 0.860376
43290001 0.860964
43300001 0.860729
43310001 0.860734
43320001 0.860682
43330001 0.860559
43340001 0.860456
43350001 0.860442
43360001 0.860552
43370001 0.860343
43380001 0.860613
43390001 0.860479
43400001 0.860547
43410001 0.86068
43420001 0.860659
43430001 0.860688
43440001 0.860458
43450001 0.860684
43460001 0.860679
43470001 0.860484
43480001 0.861217
43490001 0.861089
43500001 0.861056
43510001 0.860573
43520001 0.86074
43530001 0.860747
43540001 0.86107
43550001 0.861415
43560001 0.861061
43570001 0.861039
43580001 0.861133
43590001 0.861119
43600001 0.861214
43610001 0.861293
43620001 0.861288
43630001 0.861412
43640001 0.861588
43650001 0.861451
43660001 0.861303
43670001 0.861144
43680001 0.861416
43690001 0.861409
43700001 0.861489
43710001 0.861326
43720001 0.86139
43730001 0.861803
43740001 0.861887
43750001 0.861844
43760001 0.861856
43770001 0.862456
43780001 0.862012
43790001 0.861967
43800001 0.861638
43810001 0.861529
43820001 0.861167
43830001 0.861255
43840001 0.861715
43850001 0.861367
43860001 0.860969
43870001 0.861538
43880001 0.861347
43890001 0.861542
43900001 0.861631
43910001 0.861432
43920001 0.861224
43930001 0.861716
43940001 0.861494
43950001 0.86174
43960001 0.86153
43970001 0.8616
43980001 0.86169
43990001 0.86163
44000001 0.861867
44010001 0.862
44020001 0.861906
44030001 0.862243
44040001 0.862118
44050001 0.861815
44060001 0.861641
44070001 0.861822
44080001 0.86149
44090001 0.86196
44100001 0.861624
44110001 0.861963
44120001 0.861799
44130001 0.861745
44140001 0.861686
44150001 0.862196
44160001 0.862126
44170001 0.862168
44180001 0.862339
44190001 0.862213
44200001 0.862431
44210001 0.862324
44220001 0.862201
44230001 0.862256
44240001 0.862461
44250001 0.862395
44260001 0.862426
44270001 0.862361
44280001 0.862373
44290001 0.862286
44300001 0.862438
44310001 0.861906
44320001 0.862068
44330001 0.862051
44340001 0.861851
44350001 0.861867
44360001 0.862028
44370001 0.862381
44380001 0.862302
44390001 0.861986
44400001 0.86205
44410001 0.862306
44420001 0.86226
44430001 0.86206
44440001 0.861942
44450001 0.86197
44460001 0.861918
44470001 0.861856
44480001 0.862039
44490001 0.862191
44500001 0.86218
44510001 0.862131
44520001 0.862336
44530001 0.862151
44540001 0.862302
44550001 0.862336
44560001 0.86235
44570001 0.86244
44580001 0.862265
44590001 0.862092
44600001 0.86259
44610001 0.862471
44620001 0.862462
44630001 0.862228
44640001 0.862247
44650001 0.862703
44660001 0.863054
44670001 0.863049
44680001 0.862928
44690001 0.86298
44700001 0.862681
44710001 0.86282
44720001 0.862442
44730001 0.862328
44740001 0.862568
44750001 0.862505
44760001 0.862341
44770001 0.862756
44780001 0.86258
44790001 0.862566
44800001 0.862528
44810001 0.862747
44820001 0.86255
44830001 0.862343
44840001 0.862666
44850001 0.862007
44860001 0.862507
44870001 0.862575
44880001 0.862389
44890001 0.862933
44900001 0.862446
44910001 0.86267
44920001 0.862449
44930001 0.862308
44940001 0.862415
44950001 0.862257
44960001 0.86229
44970001 0.862546
44980001 0.862176
44990001 0.862461
45000001 0.86249
45010001 0.86311
45020001 0.862778
45030001 0.863152
45040001 0.862856
45050001 0.862597
45060001 0.862883
45070001 0.862599
45080001 0.862731
45090001 0.863034
45100001 0.862826
45110001 0.862914
45120001 0.862824
45130001 0.863736
45140001 0.863622
45150001 0.863203
45160001 0.863034
45170001 0.863086
45180001 0.862891
45190001 0.863207
45200001 0.863304
45210001 0.863216
45220001 0.862922
45230001 0.863547
45240001 0.862942
45250001 0.863365
45260001 0.863156
45270001 0.863144
45280001 0.863446
45290001 0.863234
45300001 0.862962
45310001 0.862835
45320001 0.863082
45330001 0.862812
45340001 0.86281
45350001 0.862916
45360001 0.863291
45370001 0.863339
45380001 0.86339
45390001 0.863395
45400001 0.863322
45410001 0.863407
45420001 0.863376
45430001 0.863275
45440001 0.863075
45450001 0.863262
45460001 0.863582
45470001 0.863196
45480001 0.863409
45490001 0.863356
45500001 0.863402
45510001 0.863563
45520001 0.863636
45530001 0.863636
45540001 0.863855
45550001 0.863757
45560001 0.86355
45570001 0.863558
45580001 0.863428
45590001 0.863625
45600001 0.863751
45610001 0.863346
45620001 0.864107
45630001 0.86403
45640001 0.863815
45650001 0.864289
45660001 0.86387
45670001 0.863958
45680001 0.863664
45690001 0.863546
45700001 0.863654
45710001 0.863646
45720001 0.863844
45730001 0.863776
45740001 0.864009
45750001 0.86437
45760001 0.864173
45770001 0.864047
45780001 0.864
45790001 0.864062
45800001 0.863948
45810001 0.863934
45820001 0.863743
45830001 0.863706
45840001 0.863653
45850001 0.863359
45860001 0.863698
45870001 0.864051
45880001 0.863707
45890001 0.863666
45900001 0.863746
45910001 0.864036
45920001 0.863809
45930001 0.863976
45940001 0.864144
45950001 0.864046
45960001 0.863865
45970001 0.863984
45980001 0.863811
45990001 0.863864
46000001 0.863954
46010001 0.864018
46020001 0.863911
46030001 0.863904
46040001 0.863857
46050001 0.86384
46060001 0.864087
46070001 0.864177
46080001 0.864663
46090001 0.864374
46100001 0.864572
46110001 0.864526
46120001 0.864276
46130001 0.864167
46140001 0.864443
46150001 0.864324
46160001 0.864336
46170001 0.864472
46180001 0.864562
46190001 0.864364
46200001 0.864297
46210001 0.864134
46220001 0.864095
46230001 0.864037
46240001 0.864038
46250001 0.863998
46260001 0.86465
46270001 0.864201
46280001 0.864224
46290001 0.864371
46300001 0.864234
46310001 0.864065
46320001 0.864755
46330001 0.864514
46340001 0.864486
46350001 0.864647
46360001 0.864605
46370001 0.864788
46380001 0.865052
46390001 0.864705
46400001 0.864688
46410001 0.864533
46420001 0.864397
46430001 0.864425
46440001 0.864545
46450001 0.864827
46460001 0.864791
46470001 0.864745
46480001 0.865129
46490001 0.864987
46500001 0.865087
46510001 0.864951
46520001 0.865202
46530001 0.864953
46540001 0.864666
46550001 0.864836
46560001 0.864928
46570001 0.86475
46580001 0.86511
46590001 0.865141
46600001 0.86503
46610001 0.864949
46620001 0.864972
46630001 0.864925
46640001 0.865098
46650001 0.865608
46660001 0.865324
46670001 0.864636
46680001 0.864634
46690001 0.864518
46700001 0.864917
46710001 0.864766
46720001 0.864831
46730001 0.864748
46740001 0.864531
46750001 0.86469
46760001 0.864789
46770001 0.864751
46780001 0.864827
46790001 0.864693
46800001 0.864769
46810001 0.864902
46820001 0.86502
46830001 0.864755
46840001 0.864852
46850001 0.864919
46860001 0.864797
46870001 0.864948
46880001 0.86518
46890001 0.864928
46900001 0.865307
46910001 0.864656
46920001 0.864711
46930001 0.864509
46940001 0.864796
46950001 0.865098
46960001 0.864965
46970001 0.864755
46980001 0.864443
46990001 0.864689
47000001 0.864729
47010001 0.864879
47020001 0.864679
47030001 0.864845
47040001 0.86475
47050001 0.865098
47060001 0.864824
47070001 0.864747
47080001 0.864746
47090001 0.864713
47100001 0.864643
47110001 0.86442
47120001 0.864686
47130001 0.864653
47140001 0.864632
47150001 0.86508
47160001 0.864931
47170001 0.864676
47180001 0.864902
47190001 0.86532
47200001 0.864908
47210001 0.864894
47220001 0.865024
47230001 0.865113
47240001 0.865058
47250001 0.864992
47260001 0.865329
47270001 0.86546
47280001 0.865388
47290001 0.865335
47300001 0.865088
47310001 0.865974
47320001 0.865628
47330001 0.865349
47340001 0.865162
47350001 0.865365
47360001 0.865329
47370001 0.865318
47380001 0.865615
47390001 0.865422
47400001 0.866118
47410001 0.865624
47420001 0.865984
47430001 0.865831
47440001 0.865592
47450001 0.865394
47460001 0.865839
47470001 0.866224
47480001 0.866229
47490001 0.866573
47500001 0.86632
47510001 0.866159
47520001 0.866648
47530001 0.866714
47540001 0.866126
47550001 0.86627
47560001 0.866202
47570001 0.866138
47580001 0.865959
47590001 0.866077
47600001 0.866171
47610001 0.86618
47620001 0.866445
47630001 0.866469
47640001 0.866526
47650001 0.866392
47660001 0.866473
47670001 0.866334
47680001 0.866224
47690001 0.866595
47700001 0.866247
47710001 0.866543
47720001 0.866465
47730001 0.866404
47740001 0.866407
47750001 0.866278
47760001 0.866678
47770001 0.86671
47780001 0.867113
47790001 0.866627
47800001 0.866592
47810001 0.866717
47820001 0.866625
47830001 0.866948
47840001 0.867055
47850001 0.866823
47860001 0.866682
47870001 0.867174
47880001 0.867116
47890001 0.867054
47900001 0.866898
47910001 0.866599
47920001 0.866468
47930001 0.866325
47940001 0.86652
47950001 0.866789
47960001 0.866954
47970001 0.866748
47980001 0.866832
47990001 0.866544
48000001 0.866996
48010001 0.866606
48020001 0.866514
48030001 0.866501
48040001 0.86636
48050001 0.866046
48060001 0.866403
48070001 0.866189
48080001 0.866469
48090001 0.866418
48100001 0.866699
48110001 0.867128
48120001 0.866874
48130001 0.86669
48140001 0.866789
48150001 0.866624
48160001 0.866882
48170001 0.866823
48180001 0.866783
48190001 0.866697
48200001 0.867257
48210001 0.866633
48220001 0.866846
48230001 0.867082
48240001 0.866596
48250001 0.867153
48260001 0.866862
48270001 0.866681
48280001 0.866303
48290001 0.866797
48300001 0.867188
48310001 0.867046
48320001 0.866965
48330001 0.867496
48340001 0.867116
48350001 0.867308
48360001 0.867567
48370001 0.867559
48380001 0.867534
48390001 0.867163
48400001 0.867627
48410001 0.867561
48420001 0.867433
48430001 0.867541
48440001 0.867365
48450001 0.867609
48460001 0.867175
48470001 0.867476
48480001 0.867295
48490001 0.867662
48500001 0.868005
48510001 0.867613
48520001 0.867554
48530001 0.867705
48540001 0.867459
48550001 0.86722
48560001 0.867353
48570001 0.867476
48580001 0.867386
48590001 0.867357
48600001 0.867277
48610001 0.867336
48620001 0.867322
48630001 0.867493
48640001 0.867532
48650001 0.86726
48660001 0.867257
48670001 0.868173
48680001 0.867917
48690001 0.867498
48700001 0.867265
48710001 0.867338
48720001 0.867447
48730001 0.867602
48740001 0.866934
48750001 0.867395
48760001 0.867547
48770001 0.867021
48780001 0.86715
48790001 0.86724
48800001 0.867268
48810001 0.867291
48820001 0.867216
48830001 0.867477
48840001 0.867334
48850001 0.86736
48860001 0.867279
48870001 0.866952
48880001 0.867352
48890001 0.867672
48900001 0.867608
48910001 0.868053
48920001 0.867849
48930001 0.867657
48940001 0.86769
48950001 0.867874
48960001 0.868095
48970001 0.86805
48980001 0.867643
48990001 0.86753
49000001 0.867701
49010001 0.86758
49020001 0.867271
49030001 0.868016
49040001 0.867815
49050001 0.86782
49060001 0.86798
49070001 0.867647
49080001 0.867692
49090001 0.867308
49100001 0.867755
49110001 0.867679
49120001 0.868155
49130001 0.867911
49140001 0.868231
49150001 0.868225
49160001 0.867983
49170001 0.868108
49180001 0.868
49190001 0.867987
49200001 0.868089
49210001 0.867596
49220001 0.867774
49230001 0.867833
49240001 0.868053
49250001 0.868037
49260001 0.868151
49270001 0.868069
49280001 0.868353
49290001 0.868626
49300001 0.868389
49310001 0.868264
49320001 0.868369
49330001 0.868349
49340001 0.868337
49350001 0.868218
49360001 0.868521
49370001 0.868267
49380001 0.868513
49390001 0.868685
49400001 0.86846
49410001 0.868705
49420001 0.868374
49430001 0.868745
49440001 0.868443
49450001 0.869065
49460001 0.869015
49470001 0.869002
49480001 0.869186
49490001 0.868962
49500001 0.868884
49510001 0.868843
49520001 0.868798
49530001 0.868891
49540001 0.86884
49550001 0.869177
49560001 0.869178
49570001 0.868819
49580001 0.868769
49590001 0.869071
49600001 0.868987
49610001 0.869177
49620001 0.869405
49630001 0.869738
49640001 0.869183
49650001 0.869495
49660001 0.869881
49670001 0.869046
49680001 0.869476
49690001 0.86957
49700001 0.869615
49710001 0.869985
49720001 0.869646
49730001 0.869517
49740001 0.869636
49750001 0.869617
49760001 0.869511
49770001 0.869356
49780001 0.869539
49790001 0.869456
49800001 0.869452
49810001 0.869381
49820001 0.869628
49830001 0.869371
49840001 0.869477
49850001 0.869627
49860001 0.869651
49870001 0.869723
49880001 0.869762
49890001 0.869964
49900001 0.869925
49910001 0.869758
49920001 0.869721
49930001 0.869758
49940001 0.870252
49950001 0.870162
49960001 0.870012
49970001 0.870112
49980001 0.870422
49990001 0.870368
