1 31.31
10001 12.3941
20001 8.2036
30001 6.15516
40001 4.98078
50001 4.22441
60001 3.69654
70001 3.33579
80001 3.05823
90001 2.84472
100001 2.67529
110001 2.5287
120001 2.40721
130001 2.30136
140001 2.20804
150001 2.12606
160001 2.05257
170001 1.98538
180001 1.92413
190001 1.86887
200001 1.81788
210001 1.76998
220001 1.72576
230001 1.68545
240001 1.64756
250001 1.61151
260001 1.57801
270001 1.546
280001 1.51604
290001 1.48769
300001 1.46109
310001 1.43537
320001 1.41181
330001 1.38881
340001 1.36688
350001 1.34555
360001 1.32596
370001 1.30693
380001 1.28866
390001 1.2709
400001 1.2538
410001 1.2381
420001 1.22256
430001 1.20768
440001 1.19352
450001 1.18009
460001 1.16686
470001 1.15402
480001 1.14164
490001 1.12981
500001 1.11877
510001 1.10799
520001 1.09713
530001 1.08666
540001 1.07648
550001 1.06694
560001 1.05768
570001 1.04886
580001 1.03978
590001 1.03121
600001 1.02304
610001 1.01489
620001 1.00702
630001 0.99975
640001 0.99259
650001 0.985695
660001 0.979326
670001 0.972058
680001 0.965871
690001 0.959942
700001 0.953691
710001 0.947998
720001 0.942277
730001 0.936531
740001 0.931351
750001 0.926039
760001 0.921064
770001 0.915966
780001 0.911066
790001 0.905741
800001 0.901195
810001 0.896504
820001 0.893234
830001 0.888555
840001 0.884077
850001 0.879973
860001 0.876693
870001 0.872909
880001 0.869037
890001 0.865093
900001 0.861791
910001 0.85845
920001 0.854949
930001 0.851755
940001 0.848729
950001 0.845672
960001 0.842466
970001 0.839207
980001 0.836316
990001 0.833961
1000001 0.831086
1010001 0.828376
1020001 0.825706
1030001 0.823448
1040001 0.820534
1050001 0.818294
1060001 0.815614
1070001 0.813156
1080001 0.81116
1090001 0.808683
1100001 0.806683
1110001 0.80449
1120001 0.802221
1130001 0.800218
1140001 0.798546
1150001 0.796629
1160001 0.794425
1170001 0.792784
1180001 0.790507
1190001 0.789486
1200001 0.787637
1210001 0.785942
1220001 0.784635
1230001 0.782413
1240001 0.780736
1250001 0.779342
1260001 0.777935
1270001 0.776083
1280001 0.774923
1290001 0.773319
1300001 0.77189
1310001 0.770894
1320001 0.769432
1330001 0.767898
1340001 0.767083
1350001 0.76559
1360001 0.764603
1370001 0.763527
1380001 0.762041
1390001 0.761002
1400001 0.759788
1410001 0.759203
1420001 0.757826
1430001 0.757012
1440001 0.755808
1450001 0.755353
1460001 0.753746
1470001 0.753006
1480001 0.751631
1490001 0.751228
1500001 0.750278
1510001 0.748977
1520001 0.748325
1530001 0.747203
1540001 0.746257
1550001 0.745499
1560001 0.744799
1570001 0.744361
1580001 0.743793
1590001 0.742517
1600001 0.742224
1610001 0.741515
1620001 0.740358
1630001 0.739871
1640001 0.739451
1650001 0.73847
1660001 0.737963
1670001 0.737209
1680001 0.737077
1690001 0.736002
1700001 0.735522
1710001 0.735331
1720001 0.734218
1730001 0.733876
1740001 0.733451
1750001 0.732781
1760001 0.732611
1770001 0.732057
1780001 0.731595
1790001 0.730945
1800001 0.730409
1810001 0.729939
1820001 0.729655
1830001 0.728919
1840001 0.728453
1850001 0.72831
1860001 0.727867
1870001 0.727634
1880001 0.727209
1890001 0.726927
1900001 0.726611
1910001 0.725866
1920001 0.725532
1930001 0.725026
1940001 0.724455
1950001 0.724093
1960001 0.723935
1970001 0.723239
1980001 0.722714
1990001 0.723096
2000001 0.722802
2010001 0.722354
2020001 0.72215
2030001 0.721634
2040001 0.72176
2050001 0.720873
2060001 0.720777
2070001 0.720592
2080001 0.720366
2090001 0.72019
2100001 0.719991
2110001 0.71983
2120001 0.719636
2130001 0.719167
2140001 0.719555
2150001 0.718618
2160001 0.718775
2170001 0.718301
2180001 0.717829
2190001 0.71758
2200001 0.717488
2210001 0.71688
2220001 0.716831
2230001 0.716683
2240001 0.716792
2250001 0.716324
2260001 0.716536
2270001 0.716173
2280001 0.7162
2290001 0.716018
2300001 0.715868
2310001 0.715449
2320001 0.715435
2330001 0.71525
2340001 0.715122
2350001 0.714711
2360001 0.714819
2370001 0.71447
2380001 0.714498
2390001 0.714088
2400001 0.713787
2410001 0.713667
2420001 0.713438
2430001 0.713351
2440001 0.712967
2450001 0.712878
2460001 0.71319
2470001 0.712997
2480001 0.712778
2490001 0.712952
2500001 0.712583
2510001 0.712103
2520001 0.711989
2530001 0.711919
2540001 0.71223
2550001 0.712109
2560001 0.712048
2570001 0.711991
2580001 0.711629
2590001 0.711482
2600001 0.711182
2610001 0.711785
2620001 0.711238
2630001 0.711514
2640001 0.711425
2650001 0.712541
2660001 0.711526
2670001 0.710906
2680001 0.710943
2690001 0.710789
2700001 0.710814
2710001 0.710497
2720001 0.710854
2730001 0.710197
2740001 0.710281
2750001 0.710393
2760001 0.710037
2770001 0.710359
2780001 0.710493
2790001 0.710423
2800001 0.710628
2810001 0.710208
2820001 0.71057
2830001 0.710257
2840001 0.710672
2850001 0.71023
2860001 0.710643
2870001 0.710527
2880001 0.710433
2890001 0.710538
2900001 0.71052
2910001 0.709862
2920001 0.710021
2930001 0.710046
2940001 0.709983
2950001 0.710271
2960001 0.710226
2970001 0.709712
2980001 0.710253
2990001 0.710682
3000001 0.710484
3010001 0.709917
3020001 0.710001
3030001 0.709947
3040001 0.70986
3050001 0.70966
3060001 0.709595
3070001 0.709515
3080001 0.709368
3090001 0.709154
3100001 0.709467
3110001 0.709339
3120001 0.709314
3130001 0.70917
3140001 0.709591
3150001 0.709675
3160001 0.709253
3170001 0.709433
3180001 0.709513
3190001 0.709689
3200001 0.709347
3210001 0.709566
3220001 0.709724
3230001 0.709685
3240001 0.709341
3250001 0.709708
3260001 0.70968
3270001 0.709463
3280001 0.709493
3290001 0.709429
3300001 0.70964
3310001 0.70989
3320001 0.709612
3330001 0.710154
3340001 0.709555
3350001 0.709706
3360001 0.710064
3370001 0.709966
3380001 0.710146
3390001 0.709956
3400001 0.710146
3410001 0.710406
3420001 0.710389
3430001 0.709864
3440001 0.710256
3450001 0.709889
3460001 0.710233
3470001 0.709996
3480001 0.710099
3490001 0.710378
3500001 0.71019
3510001 0.710362
3520001 0.710308
3530001 0.710722
3540001 0.710661
3550001 0.710482
3560001 0.71026
3570001 0.710527
3580001 0.710533
3590001 0.710612
3600001 0.710854
3610001 0.711065
3620001 0.710758
3630001 0.710749
3640001 0.710986
3650001 0.711363
3660001 0.71162
3670001 0.711732
3680001 0.711302
3690001 0.711462
3700001 0.711347
3710001 0.711314
3720001 0.711579
3730001 0.711663
3740001 0.711266
3750001 0.711282
3760001 0.711435
3770001 0.71129
3780001 0.711331
3790001 0.711812
3800001 0.711582
3810001 0.711477
3820001 0.711641
3830001 0.711613
3840001 0.711762
3850001 0.711813
3860001 0.711707
3870001 0.711538
3880001 0.711803
3890001 0.711892
3900001 0.711939
3910001 0.712266
3920001 0.711908
3930001 0.712143
3940001 0.71176
3950001 0.711759
3960001 0.712225
3970001 0.711955
3980001 0.712069
3990001 0.711916
4000001 0.712042
4010001 0.712141
4020001 0.712284
4030001 0.712019
4040001 0.712452
4050001 0.712101
4060001 0.712936
4070001 0.712485
4080001 0.7125
4090001 0.712033
4100001 0.712473
4110001 0.712091
4120001 0.712314
4130001 0.712434
4140001 0.712841
4150001 0.713132
4160001 0.713024
4170001 0.712743
4180001 0.712596
4190001 0.713175
4200001 0.713202
4210001 0.713121
4220001 0.713164
4230001 0.713045
4240001 0.713963
4250001 0.713611
4260001 0.713729
4270001 0.713366
4280001 0.713242
4290001 0.713266
4300001 0.713496
4310001 0.713159
4320001 0.713788
4330001 0.713621
4340001 0.713748
4350001 0.714045
4360001 0.714242
4370001 0.714046
4380001 0.713769
4390001 0.714219
4400001 0.714143
4410001 0.715161
4420001 0.714459
4430001 0.714424
4440001 0.714377
4450001 0.71444
4460001 0.714437
4470001 0.714585
4480001 0.714742
4490001 0.714967
4500001 0.714933
4510001 0.715188
4520001 0.715417
4530001 0.715116
4540001 0.715269
4550001 0.715055
4560001 0.715161
4570001 0.715299
4580001 0.715687
4590001 0.715642
4600001 0.715789
4610001 0.716218
4620001 0.71657
4630001 0.715848
4640001 0.715535
4650001 0.715414
4660001 0.71556
4670001 0.715826
4680001 0.71541
4690001 0.716204
4700001 0.716021
4710001 0.715943
4720001 0.715553
4730001 0.715671
4740001 0.715684
4750001 0.715575
4760001 0.715688
4770001 0.715872
4780001 0.715502
4790001 0.716012
4800001 0.71632
4810001 0.716455
4820001 0.716314
4830001 0.716475
4840001 0.716482
4850001 0.716847
4860001 0.71686
4870001 0.716897
4880001 0.717069
4890001 0.717187
4900001 0.717063
4910001 0.717045
4920001 0.716958
4930001 0.716955
4940001 0.717688
4950001 0.71697
4960001 0.716771
4970001 0.717196
4980001 0.717461
4990001 0.716984
5000001 0.717237
5010001 0.717489
5020001 0.718017
5030001 0.718365
5040001 0.717908
5050001 0.718413
5060001 0.71776
5070001 0.717907
5080001 0.718114
5090001 0.718363
5100001 0.718463
5110001 0.718312
5120001 0.718681
5130001 0.718578
5140001 0.718767
5150001 0.718704
5160001 0.718994
5170001 0.718741
5180001 0.718707
5190001 0.71912
5200001 0.718751
5210001 0.719202
5220001 0.718972
5230001 0.719147
5240001 0.719059
5250001 0.719465
5260001 0.719606
5270001 0.719038
5280001 0.719285
5290001 0.719237
5300001 0.719611
5310001 0.719819
5320001 0.719958
5330001 0.719999
5340001 0.720088
5350001 0.720233
5360001 0.720092
5370001 0.720129
5380001 0.719942
5390001 0.719862
5400001 0.719871
5410001 0.720257
5420001 0.720613
5430001 0.720293
5440001 0.720855
5450001 0.720682
5460001 0.720796
5470001 0.721108
5480001 0.721048
5490001 0.721023
5500001 0.721021
5510001 0.721109
5520001 0.721318
5530001 0.720858
5540001 0.720939
5550001 0.721264
5560001 0.721777
5570001 0.721579
5580001 0.72187
5590001 0.722079
5600001 0.721729
5610001 0.721564
5620001 0.721763
5630001 0.721911
5640001 0.721874
5650001 0.722175
5660001 0.722444
5670001 0.722471
5680001 0.722415
5690001 0.72277
5700001 0.722574
5710001 0.722505
5720001 0.7228
5730001 0.72253
5740001 0.722889
5750001 0.723074
5760001 0.723274
5770001 0.723098
5780001 0.72353
5790001 0.723611
5800001 0.723417
5810001 0.723438
5820001 0.723534
5830001 0.723775
5840001 0.723632
5850001 0.723952
5860001 0.72457
5870001 0.724446
5880001 0.724054
5890001 0.724165
5900001 0.724712
5910001 0.724839
5920001 0.724265
5930001 0.723812
5940001 0.72396
5950001 0.724406
5960001 0.724428
5970001 0.725027
5980001 0.725224
5990001 0.725173
6000001 0.725426
6010001 0.725373
6020001 0.725121
6030001 0.725242
6040001 0.725254
6050001 0.725466
6060001 0.725354
6070001 0.725172
6080001 0.725637
6090001 0.725606
6100001 0.725676
6110001 0.725562
6120001 0.726423
6130001 0.726126
6140001 0.726335
6150001 0.726158
6160001 0.726413
6170001 0.72654
6180001 0.726166
6190001 0.726169
6200001 0.725879
6210001 0.726599
6220001 0.726849
6230001 0.726495
6240001 0.7265
6250001 0.726405
6260001 0.726755
6270001 0.726607
6280001 0.726753
6290001 0.727113
6300001 0.727309
6310001 0.727273
6320001 0.727355
6330001 0.727138
6340001 0.727208
6350001 0.727413
6360001 0.727245
6370001 0.727343
6380001 0.727441
6390001 0.727647
6400001 0.728205
6410001 0.728291
6420001 0.72793
6430001 0.728166
6440001 0.72825
6450001 0.728072
6460001 0.728296
6470001 0.728607
6480001 0.729087
6490001 0.728846
6500001 0.728359
6510001 0.728611
6520001 0.72868
6530001 0.729327
6540001 0.72924
6550001 0.728788
6560001 0.72914
6570001 0.72941
6580001 0.729122
6590001 0.729188
6600001 0.729066
6610001 0.729419
6620001 0.729535
6630001 0.729512
6640001 0.729282
6650001 0.729179
6660001 0.729365
6670001 0.729621
6680001 0.729698
6690001 0.730126
6700001 0.730279
6710001 0.730155
6720001 0.7304
6730001 0.730324
6740001 0.730758
6750001 0.730253
6760001 0.730192
6770001 0.730646
6780001 0.73057
6790001 0.730944
6800001 0.73087
6810001 0.731518
6820001 0.73149
6830001 0.731653
6840001 0.731496
6850001 0.731607
6860001 0.731482
6870001 0.731758
6880001 0.731939
6890001 0.732068
6900001 0.731789
6910001 0.732044
6920001 0.732151
6930001 0.732063
6940001 0.731917
6950001 0.731705
6960001 0.732191
6970001 0.732489
6980001 0.732495
6990001 0.732158
7000001 0.732209
7010001 0.732301
7020001 0.732265
7030001 0.732642
7040001 0.732756
7050001 0.732855
7060001 0.732741
7070001 0.733266
7080001 0.733084
7090001 0.73296
7100001 0.732855
7110001 0.733435
7120001 0.733726
7130001 0.733386
7140001 0.732979
7150001 0.733289
7160001 0.733191
7170001 0.733641
7180001 0.73368
7190001 0.733903
7200001 0.734583
7210001 0.734335
7220001 0.734552
7230001 0.734229
7240001 0.734297
7250001 0.734374
7260001 0.734426
7270001 0.734104
7280001 0.734238
7290001 0.734422
7300001 0.734706
7310001 0.73453
7320001 0.734929
7330001 0.735099
7340001 0.734925
7350001 0.735163
7360001 0.735717
7370001 0.735452
7380001 0.73557
7390001 0.735449
7400001 0.735453
7410001 0.735342
7420001 0.735907
7430001 0.735387
7440001 0.735856
7450001 0.735883
7460001 0.736026
7470001 0.735833
7480001 0.735923
7490001 0.735924
7500001 0.736342
7510001 0.736326
7520001 0.736421
7530001 0.736323
7540001 0.736674
7550001 0.736625
7560001 0.73672
7570001 0.736681
7580001 0.736698
7590001 0.736756
7600001 0.736145
7610001 0.736793
7620001 0.737049
7630001 0.736667
7640001 0.736854
7650001 0.736887
7660001 0.7375
7670001 0.73778
7680001 0.737159
7690001 0.737765
7700001 0.738235
7710001 0.738022
7720001 0.738247
7730001 0.737953
7740001 0.738269
7750001 0.73807
7760001 0.73851
7770001 0.738306
7780001 0.738242
7790001 0.738194
7800001 0.738392
7810001 0.738209
7820001 0.738042
7830001 0.738478
7840001 0.738483
7850001 0.738838
7860001 0.739036
7870001 0.739436
7880001 0.739686
7890001 0.739507
7900001 0.739722
7910001 0.73939
7920001 0.739682
7930001 0.739872
7940001 0.739993
7950001 0.740082
7960001 0.739821
7970001 0.739709
7980001 0.739782
7990001 0.739772
8000001 0.740273
8010001 0.740278
8020001 0.740512
8030001 0.74033
8040001 0.740802
8050001 0.740577
8060001 0.740714
8070001 0.740779
8080001 0.740857
8090001 0.740727
8100001 0.741057
8110001 0.740721
8120001 0.741163
8130001 0.741053
8140001 0.740978
8150001 0.740978
8160001 0.740812
8170001 0.741341
8180001 0.741622
8190001 0.741716
8200001 0.742043
8210001 0.742169
8220001 0.742147
8230001 0.742154
8240001 0.743396
8250001 0.742701
8260001 0.74247
8270001 0.742344
8280001 0.742365
8290001 0.742103
8300001 0.742473
8310001 0.742661
8320001 0.742786
8330001 0.743288
8340001 0.743068
8350001 0.742911
8360001 0.742885
8370001 0.743168
8380001 0.743267
8390001 0.743108
8400001 0.743374
8410001 0.743337
8420001 0.743392
8430001 0.743598
8440001 0.743455
8450001 0.74377
8460001 0.743864
8470001 0.743536
8480001 0.744136
8490001 0.744093
8500001 0.743996
8510001 0.743845
8520001 0.743977
8530001 0.74406
8540001 0.744475
8550001 0.744736
8560001 0.74485
8570001 0.745012
8580001 0.744606
8590001 0.744829
8600001 0.745148
8610001 0.744579
8620001 0.744778
8630001 0.744821
8640001 0.744664
8650001 0.745107
8660001 0.745134
8670001 0.745359
8680001 0.745027
8690001 0.745679
8700001 0.745997
8710001 0.745712
8720001 0.745614
8730001 0.745511
8740001 0.746446
8750001 0.746175
8760001 0.746249
8770001 0.746046
8780001 0.746695
8790001 0.746505
8800001 0.746968
8810001 0.746893
8820001 0.746493
8830001 0.746595
8840001 0.746821
8850001 0.746794
8860001 0.746649
8870001 0.746787
8880001 0.74691
8890001 0.746724
8900001 0.747006
8910001 0.747015
8920001 0.747452
8930001 0.747088
8940001 0.747057
8950001 0.747335
8960001 0.747519
8970001 0.747383
8980001 0.748007
8990001 0.747627
9000001 0.747359
9010001 0.747893
9020001 0.748003
9030001 0.747776
9040001 0.747594
9050001 0.748017
9060001 0.748489
9070001 0.74854
9080001 0.748581
9090001 0.748343
9100001 0.748315
9110001 0.748453
9120001 0.748255
9130001 0.748588
9140001 0.748592
9150001 0.748806
9160001 0.748462
9170001 0.748395
9180001 0.748394
9190001 0.748886
9200001 0.749285
9210001 0.749964
9220001 0.749631
9230001 0.749583
9240001 0.749684
9250001 0.749472
9260001 0.749846
9270001 0.749868
9280001 0.749835
9290001 0.749898
9300001 0.749959
9310001 0.750674
9320001 0.750364
9330001 0.750566
9340001 0.750708
9350001 0.750447
9360001 0.750115
9370001 0.750584
9380001 0.750449
9390001 0.750176
9400001 0.750154
9410001 0.750457
9420001 0.750205
9430001 0.750127
9440001 0.750361
9450001 0.750352
9460001 0.750525
9470001 0.750842
9480001 0.751166
9490001 0.750991
9500001 0.75121
9510001 0.751396
9520001 0.751322
9530001 0.751378
9540001 0.751213
9550001 0.751075
9560001 0.751093
9570001 0.751252
9580001 0.751563
9590001 0.751527
9600001 0.75207
9610001 0.751935
9620001 0.752077
9630001 0.75192
9640001 0.752109
9650001 0.752014
9660001 0.751904
9670001 0.752001
9680001 0.752123
9690001 0.752252
9700001 0.752363
9710001 0.752277
9720001 0.752437
9730001 0.752016
9740001 0.752089
9750001 0.752385
9760001 0.752249
9770001 0.7525
9780001 0.752475
9790001 0.752812
9800001 0.752919
9810001 0.75257
9820001 0.752803
9830001 0.753217
9840001 0.753295
9850001 0.752872
9860001 0.752811
9870001 0.753059
9880001 0.753369
9890001 0.753349
9900001 0.753778
9910001 0.75366
9920001 0.753616
9930001 0.754047
9940001 0.753906
9950001 0.754088
9960001 0.753881
9970001 0.753925
9980001 0.753988
9990001 0.754475
10000001 0.754046
10010001 0.754459
10020001 0.754473
10030001 0.754778
10040001 0.75474
10050001 0.754728
10060001 0.75428
10070001 0.754042
10080001 0.754288
10090001 0.754498
10100001 0.754993
10110001 0.755008
10120001 0.755149
10130001 0.755404
10140001 0.755554
10150001 0.755057
10160001 0.755391
10170001 0.75574
10180001 0.756164
10190001 0.756001
10200001 0.755962
10210001 0.756124
10220001 0.755996
10230001 0.755966
10240001 0.756217
10250001 0.756423
10260001 0.756329
10270001 0.756423
10280001 0.756234
10290001 0.756658
10300001 0.756116
10310001 0.756601
10320001 0.756148
10330001 0.75645
10340001 0.756225
10350001 0.756381
10360001 0.756391
10370001 0.75654
10380001 0.756558
10390001 0.756628
10400001 0.756851
10410001 0.75719
10420001 0.757174
10430001 0.756876
10440001 0.757446
10450001 0.757216
10460001 0.757562
10470001 0.757437
10480001 0.7581
10490001 0.75795
10500001 0.757445
10510001 0.757562
10520001 0.757442
10530001 0.757367
10540001 0.757957
10550001 0.757631
10560001 0.757844
10570001 0.757871
10580001 0.75777
10590001 0.758006
10600001 0.75818
10610001 0.757643
10620001 0.758311
10630001 0.758297
10640001 0.758395
10650001 0.758172
10660001 0.758406
10670001 0.758783
10680001 0.75867
10690001 0.758307
10700001 0.758613
10710001 0.758783
10720001 0.758824
10730001 0.758718
10740001 0.758848
10750001 0.758819
10760001 0.758836
10770001 0.759419
10780001 0.759416
10790001 0.759289
10800001 0.759742
10810001 0.759568
10820001 0.759699
10830001 0.760419
10840001 0.759801
10850001 0.759878
10860001 0.760696
10870001 0.760141
10880001 0.759931
10890001 0.75974
10900001 0.760124
10910001 0.760187
10920001 0.760304
10930001 0.760612
10940001 0.760633
10950001 0.760539
10960001 0.760686
10970001 0.760594
10980001 0.76083
10990001 0.761113
11000001 0.76062
11010001 0.761141
11020001 0.760631
11030001 0.760697
11040001 0.760741
11050001 0.760734
11060001 0.760853
11070001 0.760848
11080001 0.761142
11090001 0.760976
11100001 0.761199
11110001 0.760778
11120001 0.761125
11130001 0.761425
11140001 0.761528
11150001 0.761385
11160001 0.761503
11170001 0.7615
11180001 0.76156
11190001 0.761681
11200001 0.76192
11210001 0.761569
11220001 0.761868
11230001 0.762107
11240001 0.761957
11250001 0.762254
11260001 0.762035
11270001 0.762379
11280001 0.762182
11290001 0.762333
11300001 0.762584
11310001 0.762821
11320001 0.762733
11330001 0.762754
11340001 0.763078
11350001 0.76341
11360001 0.763642
11370001 0.763527
11380001 0.763792
11390001 0.763704
11400001 0.763541
11410001 0.763513
11420001 0.76401
11430001 0.764434
11440001 0.763967
11450001 0.76428
11460001 0.76402
11470001 0.763785
11480001 0.76414
11490001 0.764075
11500001 0.764694
11510001 0.764482
11520001 0.764706
11530001 0.764512
11540001 0.764753
11550001 0.765165
11560001 0.765016
11570001 0.764644
11580001 0.764752
11590001 0.764889
11600001 0.764467
11610001 0.765464
11620001 0.765072
11630001 0.765157
11640001 0.764834
11650001 0.764693
11660001 0.764704
11670001 0.765586
11680001 0.765537
11690001 0.765442
11700001 0.765529
11710001 0.765546
11720001 0.765324
11730001 0.765474
11740001 0.765335
11750001 0.765203
11760001 0.765419
11770001 0.765197
11780001 0.765293
11790001 0.765572
11800001 0.765717
11810001 0.765857
11820001 0.765697
11830001 0.765866
11840001 0.765945
11850001 0.765635
11860001 0.766022
11870001 0.766224
11880001 0.766201
11890001 0.766277
11900001 0.766457
11910001 0.766377
11920001 0.766429
11930001 0.766492
11940001 0.766337
11950001 0.766231
11960001 0.766479
11970001 0.766476
11980001 0.766318
11990001 0.766666
12000001 0.766285
12010001 0.766736
12020001 0.766687
12030001 0.766785
12040001 0.766917
12050001 0.766718
12060001 0.767322
12070001 0.767463
12080001 0.767747
12090001 0.767795
12100001 0.768076
12110001 0.767798
12120001 0.76787
12130001 0.767792
12140001 0.768182
12150001 0.768277
12160001 0.767996
12170001 0.768337
12180001 0.768098
12190001 0.768565
12200001 0.768565
12210001 0.768589
12220001 0.768686
12230001 0.768831
12240001 0.768551
12250001 0.768629
12260001 0.768546
12270001 0.768572
12280001 0.768779
12290001 0.768656
12300001 0.768762
12310001 0.768832
12320001 0.768827
12330001 0.768793
12340001 0.768887
12350001 0.768716
12360001 0.768756
12370001 0.76906
12380001 0.769597
12390001 0.769206
12400001 0.769338
12410001 0.76908
12420001 0.769687
12430001 0.769821
12440001 0.76998
12450001 0.77005
12460001 0.770104
12470001 0.770102
12480001 0.770161
12490001 0.769549
12500001 0.770023
12510001 0.770222
12520001 0.770378
12530001 0.770428
12540001 0.770565
12550001 0.770427
12560001 0.770716
12570001 0.770344
12580001 0.770361
12590001 0.771004
12600001 0.770524
12610001 0.770785
12620001 0.770795
12630001 0.770712
12640001 0.770795
12650001 0.770814
12660001 0.771004
12670001 0.771151
12680001 0.771439
12690001 0.771463
12700001 0.771473
12710001 0.771726
12720001 0.771518
12730001 0.771464
12740001 0.77183
12750001 0.771793
12760001 0.771802
12770001 0.771821
12780001 0.771566
12790001 0.771973
12800001 0.771651
12810001 0.771372
12820001 0.771448
12830001 0.771658
12840001 0.771792
12850001 0.771716
12860001 0.77207
12870001 0.772243
12880001 0.772276
12890001 0.771845
12900001 0.772242
12910001 0.77258
12920001 0.772085
12930001 0.772498
12940001 0.772531
12950001 0.772504
12960001 0.772583
12970001 0.772456
12980001 0.772618
12990001 0.772402
13000001 0.772851
13010001 0.772737
13020001 0.772792
13030001 0.772602
13040001 0.772451
13050001 0.772731
13060001 0.772915
13070001 0.77275
13080001 0.772899
13090001 0.772918
13100001 0.773201
13110001 0.773408
13120001 0.773422
13130001 0.773387
13140001 0.773318
13150001 0.773359
13160001 0.773267
13170001 0.773599
13180001 0.773559
13190001 0.773556
13200001 0.774127
13210001 0.773922
13220001 0.773598
13230001 0.774234
13240001 0.774446
13250001 0.774131
13260001 0.774143
13270001 0.77418
13280001 0.774106
13290001 0.773858
13300001 0.773945
13310001 0.773907
13320001 0.773993
13330001 0.77456
13340001 0.775207
13350001 0.774809
13360001 0.774631
13370001 0.774964
13380001 0.77522
13390001 0.775177
13400001 0.774988
13410001 0.774949
13420001 0.775155
13430001 0.774967
13440001 0.774976
13450001 0.775097
13460001 0.774882
13470001 0.775072
13480001 0.775247
13490001 0.775143
13500001 0.77502
13510001 0.775484
13520001 0.775574
13530001 0.775484
13540001 0.775876
13550001 0.775591
13560001 0.775626
13570001 0.775601
13580001 0.775819
13590001 0.77625
13600001 0.776362
13610001 0.775927
13620001 0.775918
13630001 0.776586
13640001 0.776527
13650001 0.777312
13660001 0.776654
13670001 0.777002
13680001 0.776939
13690001 0.776671
13700001 0.77685
13710001 0.776815
13720001 0.777096
13730001 0.777111
13740001 0.777207
13750001 0.777582
13760001 0.777354
13770001 0.777338
13780001 0.777491
13790001 0.777029
13800001 0.777596
13810001 0.777736
13820001 0.777214
13830001 0.777248
13840001 0.778009
13850001 0.777828
13860001 0.777906
13870001 0.778183
13880001 0.777896
13890001 0.777998
13900001 0.777722
13910001 0.777729
13920001 0.777866
13930001 0.778172
13940001 0.778308
13950001 0.778307
13960001 0.778231
13970001 0.778225
13980001 0.77813
13990001 0.778591
14000001 0.778602
14010001 0.778568
14020001 0.778467
14030001 0.778653
14040001 0.778464
14050001 0.778751
14060001 0.778745
14070001 0.779326
14080001 0.779016
14090001 0.778857
14100001 0.778811
14110001 0.779436
14120001 0.77906
14130001 0.779089
14140001 0.77919
14150001 0.779253
14160001 0.779405
14170001 0.779489
14180001 0.779274
14190001 0.779363
14200001 0.779295
14210001 0.779587
14220001 0.779815
14230001 0.779825
14240001 0.779969
14250001 0.77977
14260001 0.779373
14270001 0.779534
14280001 0.779499
14290001 0.779845
14300001 0.779654
14310001 0.780013
14320001 0.780133
14330001 0.779802
14340001 0.780129
14350001 0.780193
14360001 0.780681
14370001 0.780558
14380001 0.780689
14390001 0.780359
14400001 0.780402
14410001 0.78089
14420001 0.78063
14430001 0.78067
14440001 0.780509
14450001 0.780341
14460001 0.780429
14470001 0.780387
14480001 0.78077
14490001 0.780643
14500001 0.780684
14510001 0.780544
14520001 0.780818
14530001 0.780775
14540001 0.780776
14550001 0.781034
14560001 0.781243
14570001 0.781094
14580001 0.780901
14590001 0.780818
14600001 0.780939
14610001 0.781091
14620001 0.780945
14630001 0.781367
14640001 0.781326
14650001 0.781272
14660001 0.781325
14670001 0.781152
14680001 0.781072
14690001 0.781193
14700001 0.781532
14710001 0.781263
14720001 0.781441
14730001 0.781764
14740001 0.781449
14750001 0.781454
14760001 0.781652
14770001 0.781783
14780001 0.781934
14790001 0.782017
14800001 0.781983
14810001 0.781968
14820001 0.782217
14830001 0.782179
14840001 0.781843
14850001 0.782196
14860001 0.782391
14870001 0.782658
14880001 0.782398
14890001 0.782471
14900001 0.782007
14910001 0.782065
14920001 0.78273
14930001 0.782624
14940001 0.782557
14950001 0.782874
14960001 0.782743
14970001 0.78268
14980001 0.782591
14990001 0.782883
15000001 0.782679
15010001 0.782654
15020001 0.783029
15030001 0.78317
15040001 0.782916
15050001 0.783156
15060001 0.783228
15070001 0.783075
15080001 0.782998
15090001 0.783028
15100001 0.783196
15110001 0.78305
15120001 0.783275
15130001 0.783384
15140001 0.783557
15150001 0.783876
15160001 0.784321
15170001 0.783898
15180001 0.783948
15190001 0.783974
15200001 0.783728
15210001 0.783811
15220001 0.783688
15230001 0.78377
15240001 0.784523
15250001 0.784294
15260001 0.783937
15270001 0.784257
15280001 0.784328
15290001 0.784278
15300001 0.784342
15310001 0.784254
15320001 0.784457
15330001 0.784681
15340001 0.784689
15350001 0.784756
15360001 0.78509
15370001 0.785231
15380001 0.785252
15390001 0.78507
15400001 0.784916
15410001 0.785188
15420001 0.785211
15430001 0.785145
15440001 0.785301
15450001 0.785384
15460001 0.785552
15470001 0.785342
15480001 0.785876
15490001 0.785704
15500001 0.785823
15510001 0.785863
15520001 0.786231
15530001 0.786322
15540001 0.786359
15550001 0.786128
15560001 0.786325
15570001 0.786365
15580001 0.786615
15590001 0.786475
15600001 0.78659
15610001 0.786719
15620001 0.786908
15630001 0.786662
15640001 0.786668
15650001 0.786838
15660001 0.786917
15670001 0.786901
15680001 0.786697
15690001 0.786561
15700001 0.786988
15710001 0.78678
15720001 0.787021
15730001 0.787081
15740001 0.787074
15750001 0.787124
15760001 0.786899
15770001 0.787161
15780001 0.787377
15790001 0.786969
15800001 0.787165
15810001 0.787322
15820001 0.787323
15830001 0.787169
15840001 0.787215
15850001 0.787545
15860001 0.787399
15870001 0.787184
15880001 0.787631
15890001 0.787735
15900001 0.787493
15910001 0.787443
15920001 0.787659
15930001 0.787988
15940001 0.787755
15950001 0.788106
15960001 0.78801
15970001 0.787973
15980001 0.788017
15990001 0.78779
16000001 0.787877
16010001 0.788083
16020001 0.787779
16030001 0.787924
16040001 0.788107
16050001 0.788353
16060001 0.788347
16070001 0.789276
16080001 0.789214
16090001 0.78883
16100001 0.788881
16110001 0.788745
16120001 0.788621
16130001 0.788571
16140001 0.788551
16150001 0.788819
16160001 0.788863
16170001 0.788865
16180001 0.788889
16190001 0.789294
16200001 0.789693
16210001 0.789565
16220001 0.789453
16230001 0.789437
16240001 0.789513
16250001 0.78935
16260001 0.789338
16270001 0.78938
16280001 0.789248
16290001 0.789334
16300001 0.789992
16310001 0.789566
16320001 0.789261
16330001 0.789337
16340001 0.789709
16350001 0.789771
16360001 0.790088
16370001 0.790125
16380001 0.79112
16390001 0.790271
16400001 0.790541
16410001 0.790394
16420001 0.790987
16430001 0.791165
16440001 0.79055
16450001 0.790527
16460001 0.790612
16470001 0.790768
16480001 0.790845
16490001 0.790807
16500001 0.790887
16510001 0.790816
16520001 0.790455
16530001 0.790934
16540001 0.790848
16550001 0.791166
16560001 0.790619
16570001 0.790802
16580001 0.791
16590001 0.791085
16600001 0.791342
16610001 0.791043
16620001 0.791004
16630001 0.791014
16640001 0.791322
16650001 0.791283
16660001 0.791184
16670001 0.791326
16680001 0.791601
16690001 0.791748
16700001 0.791256
16710001 0.79151
16720001 0.791312
16730001 0.791832
16740001 0.791614
16750001 0.791673
16760001 0.791655
16770001 0.791737
16780001 0.791823
16790001 0.791692
16800001 0.792415
16810001 0.792399
16820001 0.792285
16830001 0.792115
16840001 0.792282
16850001 0.792231
16860001 0.791899
16870001 0.792037
16880001 0.792502
16890001 0.791979
16900001 0.792379
16910001 0.792095
16920001 0.792462
16930001 0.792122
16940001 0.792428
16950001 0.792588
16960001 0.792839
16970001 0.792652
16980001 0.793175
16990001 0.792959
17000001 0.792795
17010001 0.793021
17020001 0.793097
17030001 0.792683
17040001 0.792964
17050001 0.792982
17060001 0.793197
17070001 0.793487
17080001 0.793241
17090001 0.793067
17100001 0.793367
17110001 0.793165
17120001 0.793193
17130001 0.793159
17140001 0.793301
17150001 0.793235
17160001 0.793274
17170001 0.792905
17180001 0.793054
17190001 0.793301
17200001 0.793072
17210001 0.793287
17220001 0.793488
17230001 0.793507
17240001 0.793291
17250001 0.793503
17260001 0.793845
17270001 0.79349
17280001 0.793763
17290001 0.793577
17300001 0.793083
17310001 0.793609
17320001 0.793612
17330001 0.793689
17340001 0.793687
17350001 0.793722
17360001 0.793299
17370001 0.793178
17380001 0.793654
17390001 0.794082
17400001 0.794303
17410001 0.794678
17420001 0.794457
17430001 0.794494
17440001 0.794359
17450001 0.794313
17460001 0.794596
17470001 0.795007
17480001 0.794617
17490001 0.794712
17500001 0.795016
17510001 0.794829
17520001 0.794904
17530001 0.794952
17540001 0.795107
17550001 0.794974
17560001 0.794974
17570001 0.794999
17580001 0.795291
17590001 0.795345
17600001 0.795189
17610001 0.795396
17620001 0.79555
17630001 0.79554
17640001 0.79503
17650001 0.795815
17660001 0.795613
17670001 0.795707
17680001 0.796026
17690001 0.795966
17700001 0.796552
17710001 0.796151
17720001 0.796059
17730001 0.795684
17740001 0.796041
17750001 0.796203
17760001 0.796047
17770001 0.796488
17780001 0.796595
17790001 0.796666
17800001 0.795986
17810001 0.796072
17820001 0.796354
17830001 0.796356
17840001 0.7963
17850001 0.796119
17860001 0.796223
17870001 0.796421
17880001 0.79673
17890001 0.796581
17900001 0.796519
17910001 0.796645
17920001 0.796827
17930001 0.797108
17940001 0.797199
17950001 0.79712
17960001 0.797038
17970001 0.797434
17980001 0.797159
17990001 0.797168
18000001 0.79719
18010001 0.797429
18020001 0.797379
18030001 0.797388
18040001 0.797466
18050001 0.797415
18060001 0.797249
18070001 0.797279
18080001 0.797299
18090001 0.797604
18100001 0.797861
18110001 0.797338
18120001 0.797491
18130001 0.79764
18140001 0.797758
18150001 0.797674
18160001 0.797948
18170001 0.797764
18180001 0.797815
18190001 0.798102
18200001 0.798136
18210001 0.79821
18220001 0.797856
18230001 0.798017
18240001 0.797909
18250001 0.798321
18260001 0.79846
18270001 0.798275
18280001 0.799113
18290001 0.799121
18300001 0.798999
18310001 0.798736
18320001 0.798519
18330001 0.79836
18340001 0.798744
18350001 0.798763
18360001 0.79906
18370001 0.798793
18380001 0.798909
18390001 0.799358
18400001 0.799327
18410001 0.799413
18420001 0.79941
18430001 0.798844
18440001 0.798912
18450001 0.79928
18460001 0.799219
18470001 0.799432
18480001 0.799239
18490001 0.799406
18500001 0.799032
18510001 0.799341
18520001 0.799327
18530001 0.79974
18540001 0.799602
18550001 0.799523
18560001 0.799415
18570001 0.79973
18580001 0.799692
18590001 0.80004
18600001 0.799869
18610001 0.799729
18620001 0.799755
18630001 0.799908
18640001 0.799892
18650001 0.799889
18660001 0.799996
18670001 0.80005
18680001 0.800154
18690001 0.799994
18700001 0.800132
18710001 0.800507
18720001 0.800387
18730001 0.800336
18740001 0.800227
18750001 0.800236
18760001 0.80023
18770001 0.800612
18780001 0.800981
18790001 0.800805
18800001 0.800558
18810001 0.800664
18820001 0.800588
18830001 0.800891
18840001 0.800996
18850001 0.801252
18860001 0.801157
18870001 0.800894
18880001 0.800962
18890001 0.800402
18900001 0.800606
18910001 0.80054
18920001 0.800581
18930001 0.800343
18940001 0.800537
18950001 0.800729
18960001 0.801039
18970001 0.801147
18980001 0.801089
18990001 0.801222
19000001 0.801218
19010001 0.801634
19020001 0.80182
19030001 0.801237
19040001 0.801046
19050001 0.801039
19060001 0.80128
19070001 0.801518
19080001 0.801314
19090001 0.801489
19100001 0.801698
19110001 0.801825
19120001 0.801837
19130001 0.801597
19140001 0.801897
19150001 0.801817
19160001 0.801901
19170001 0.802045
19180001 0.80201
19190001 0.802023
19200001 0.801835
19210001 0.8018
19220001 0.802093
19230001 0.802162
19240001 0.802272
19250001 0.802251
19260001 0.802357
19270001 0.802208
19280001 0.802482
19290001 0.802228
19300001 0.802505
19310001 0.802478
19320001 0.802707
19330001 0.802635
19340001 0.802819
19350001 0.802835
19360001 0.803023
19370001 0.803038
19380001 0.803117
19390001 0.803392
19400001 0.803652
19410001 0.803173
19420001 0.803345
19430001 0.803206
19440001 0.803579
19450001 0.803541
19460001 0.803339
19470001 0.803368
19480001 0.803732
19490001 0.803474
19500001 0.803012
19510001 0.803459
19520001 0.803506
19530001 0.803933
19540001 0.803929
19550001 0.803706
19560001 0.803741
19570001 0.803768
19580001 0.803631
19590001 0.803413
19600001 0.803417
19610001 0.803979
19620001 0.803915
19630001 0.803784
19640001 0.804367
19650001 0.804282
19660001 0.804272
19670001 0.804378
19680001 0.804673
19690001 0.804562
19700001 0.804566
19710001 0.804664
19720001 0.804404
19730001 0.80472
19740001 0.804753
19750001 0.804718
19760001 0.804422
19770001 0.804687
19780001 0.804677
19790001 0.804486
19800001 0.804286
19810001 0.804615
19820001 0.804621
19830001 0.80445
19840001 0.805128
19850001 0.805172
19860001 0.805027
19870001 0.805229
19880001 0.806169
19890001 0.805286
19900001 0.805251
19910001 0.805073
19920001 0.805183
19930001 0.805702
19940001 0.805515
19950001 0.80572
19960001 0.80605
19970001 0.805718
19980001 0.806048
19990001 0.805983
20000001 0.806023
20010001 0.806318
20020001 0.806032
20030001 0.806133
20040001 0.805984
20050001 0.8059
20060001 0.805925
20070001 0.805563
20080001 0.805476
20090001 0.805552
20100001 0.805714
20110001 0.805582
20120001 0.805748
20130001 0.805562
20140001 0.805651
20150001 0.806289
20160001 0.806085
20170001 0.806064
20180001 0.805972
20190001 0.805999
20200001 0.805952
20210001 0.806068
20220001 0.806621
20230001 0.806878
20240001 0.80699
20250001 0.806979
20260001 0.806852
20270001 0.806769
20280001 0.806805
20290001 0.806629
20300001 0.806486
20310001 0.805999
20320001 0.806238
20330001 0.806244
20340001 0.806272
20350001 0.806638
20360001 0.80626
20370001 0.806313
20380001 0.806788
20390001 0.806952
20400001 0.807415
20410001 0.807104
20420001 0.806704
20430001 0.806894
20440001 0.806723
20450001 0.806937
20460001 0.807092
20470001 0.80714
20480001 0.807305
20490001 0.807168
20500001 0.807488
20510001 0.807477
20520001 0.807145
20530001 0.807748
20540001 0.807049
20550001 0.807236
20560001 0.807317
20570001 0.807517
20580001 0.807759
20590001 0.807457
20600001 0.807291
20610001 0.807906
20620001 0.807944
20630001 0.807716
20640001 0.807702
20650001 0.808064
20660001 0.807853
20670001 0.808027
20680001 0.807608
20690001 0.807859
20700001 0.808056
20710001 0.808007
20720001 0.808032
20730001 0.808342
20740001 0.808541
20750001 0.808674
20760001 0.808358
20770001 0.808231
20780001 0.808247
20790001 0.808517
20800001 0.808294
20810001 0.807851
20820001 0.808032
20830001 0.808147
20840001 0.808241
20850001 0.808165
20860001 0.807992
20870001 0.808621
20880001 0.808244
20890001 0.808306
20900001 0.808331
20910001 0.808571
20920001 0.80874
20930001 0.808782
20940001 0.808529
20950001 0.808584
20960001 0.808887
20970001 0.808925
20980001 0.808913
20990001 0.808835
21000001 0.808616
21010001 0.808674
21020001 0.808505
21030001 0.808388
21040001 0.808473
21050001 0.808656
21060001 0.808577
21070001 0.808809
21080001 0.808558
21090001 0.80857
21100001 0.808781
21110001 0.808978
21120001 0.809223
21130001 0.809186
21140001 0.809111
21150001 0.809042
21160001 0.808963
21170001 0.809151
21180001 0.809121
21190001 0.809285
21200001 0.809778
21210001 0.809197
21220001 0.809323
21230001 0.809422
21240001 0.80959
21250001 0.809641
21260001 0.809389
21270001 0.809464
21280001 0.809807
21290001 0.809802
21300001 0.8098
21310001 0.809759
21320001 0.809742
21330001 0.809948
21340001 0.809923
21350001 0.809713
21360001 0.809616
21370001 0.809657
21380001 0.809707
21390001 0.810263
21400001 0.809777
21410001 0.809728
21420001 0.809946
21430001 0.809997
21440001 0.810402
21450001 0.810299
21460001 0.810568
21470001 0.810511
21480001 0.810138
21490001 0.810589
21500001 0.810625
21510001 0.810759
21520001 0.810786
21530001 0.810581
21540001 0.81072
21550001 0.810476
21560001 0.810696
21570001 0.810058
21580001 0.810373
21590001 0.810493
21600001 0.810233
21610001 0.810139
21620001 0.810208
21630001 0.810436
21640001 0.810588
21650001 0.811055
21660001 0.810954
21670001 0.810998
21680001 0.811244
21690001 0.8114
21700001 0.810705
21710001 0.81076
21720001 0.810729
21730001 0.810753
21740001 0.810898
21750001 0.810936
21760001 0.811304
21770001 0.81093
21780001 0.811021
21790001 0.810903
21800001 0.81069
21810001 0.811043
21820001 0.810936
21830001 0.810713
21840001 0.811259
21850001 0.811139
21860001 0.811004
21870001 0.811174
21880001 0.81089
21890001 0.81099
21900001 0.811128
21910001 0.811131
21920001 0.811229
21930001 0.811359
21940001 0.811053
21950001 0.810785
21960001 0.810612
21970001 0.81093
21980001 0.811289
21990001 0.810889
22000001 0.811073
22010001 0.811192
22020001 0.811595
22030001 0.811159
22040001 0.811081
22050001 0.811081
22060001 0.811114
22070001 0.811232
22080001 0.812095
22090001 0.811399
22100001 0.811173
22110001 0.811699
22120001 0.811734
22130001 0.812025
22140001 0.811631
22150001 0.812326
22160001 0.812205
22170001 0.812167
22180001 0.812256
22190001 0.812169
22200001 0.811772
22210001 0.81184
22220001 0.812046
22230001 0.811898
22240001 0.812193
22250001 0.812099
22260001 0.812456
22270001 0.812517
22280001 0.812362
22290001 0.812175
22300001 0.812998
22310001 0.812237
22320001 0.812199
22330001 0.812477
22340001 0.812133
22350001 0.812776
22360001 0.812127
22370001 0.812594
22380001 0.812598
22390001 0.812434
22400001 0.81262
22410001 0.81268
22420001 0.813092
22430001 0.81309
22440001 0.812922
22450001 0.812695
22460001 0.81294
22470001 0.812872
22480001 0.812965
22490001 0.813121
22500001 0.813069
22510001 0.812996
22520001 0.812724
22530001 0.813144
22540001 0.813047
22550001 0.813112
22560001 0.813003
22570001 0.813443
22580001 0.813398
22590001 0.813441
22600001 0.813403
22610001 0.81354
22620001 0.813441
22630001 0.813053
22640001 0.813524
22650001 0.813726
22660001 0.813781
22670001 0.813905
22680001 0.81393
22690001 0.813597
22700001 0.81359
22710001 0.813456
22720001 0.813485
22730001 0.813903
22740001 0.813839
22750001 0.814029
22760001 0.814071
22770001 0.813819
22780001 0.814231
22790001 0.814037
22800001 0.814495
22810001 0.814626
22820001 0.814591
22830001 0.814532
22840001 0.814829
22850001 0.814435
22860001 0.814633
22870001 0.814519
22880001 0.814638
22890001 0.814492
22900001 0.814782
22910001 0.814406
22920001 0.814651
22930001 0.814832
22940001 0.814991
22950001 0.814864
22960001 0.814886
22970001 0.81499
22980001 0.814647
22990001 0.814768
23000001 0.814963
23010001 0.815015
23020001 0.814786
23030001 0.814669
23040001 0.814896
23050001 0.814868
23060001 0.815262
23070001 0.815001
23080001 0.815353
23090001 0.815655
23100001 0.815751
23110001 0.815382
23120001 0.815732
23130001 0.815736
23140001 0.815804
23150001 0.816177
23160001 0.815702
23170001 0.815841
23180001 0.81587
23190001 0.816421
23200001 0.816382
23210001 0.816385
23220001 0.816099
23230001 0.81616
23240001 0.816439
23250001 0.816371
23260001 0.816666
23270001 0.817056
23280001 0.816873
23290001 0.815957
23300001 0.816423
23310001 0.816309
23320001 0.816618
23330001 0.816495
23340001 0.816356
23350001 0.816394
23360001 0.816187
23370001 0.816273
23380001 0.816446
23390001 0.816203
23400001 0.815904
23410001 0.816098
23420001 0.816362
23430001 0.8163
23440001 0.816217
23450001 0.816383
23460001 0.816349
23470001 0.81612
23480001 0.816596
23490001 0.816478
23500001 0.816336
23510001 0.81686
23520001 0.816933
23530001 0.816819
23540001 0.816537
23550001 0.816695
23560001 0.81683
23570001 0.816867
23580001 0.817092
23590001 0.817423
23600001 0.817057
23610001 0.817117
23620001 0.817327
23630001 0.817034
23640001 0.81762
23650001 0.817274
23660001 0.817338
23670001 0.817235
23680001 0.817439
23690001 0.817465
23700001 0.817077
23710001 0.817154
23720001 0.817178
23730001 0.817712
23740001 0.817453
23750001 0.817284
23760001 0.817496
23770001 0.817541
23780001 0.817853
23790001 0.817757
23800001 0.818013
23810001 0.818003
23820001 0.817739
23830001 0.818015
23840001 0.818116
23850001 0.81805
23860001 0.818303
23870001 0.817973
23880001 0.817678
23890001 0.818253
23900001 0.818497
23910001 0.818605
23920001 0.81829
23930001 0.817988
23940001 0.818187
23950001 0.818355
23960001 0.818077
23970001 0.818072
23980001 0.818131
23990001 0.817874
24000001 0.818222
24010001 0.818372
24020001 0.818328
24030001 0.818555
24040001 0.818338
24050001 0.818432
24060001 0.818441
24070001 0.818265
24080001 0.818154
24090001 0.818405
24100001 0.818677
24110001 0.81891
24120001 0.818687
24130001 0.818955
24140001 0.818966
24150001 0.819141
24160001 0.819015
24170001 0.818911
24180001 0.818794
24190001 0.818597
24200001 0.818713
24210001 0.819006
24220001 0.819124
24230001 0.819301
24240001 0.819213
24250001 0.819325
24260001 0.818891
24270001 0.819333
24280001 0.819323
24290001 0.819299
24300001 0.819246
24310001 0.819165
24320001 0.819121
24330001 0.819267
24340001 0.819224
24350001 0.818787
24360001 0.818798
24370001 0.818979
24380001 0.819125
24390001 0.819294
24400001 0.819233
24410001 0.819027
24420001 0.818795
24430001 0.818666
24440001 0.819186
24450001 0.819894
24460001 0.819639
24470001 0.819047
24480001 0.819025
24490001 0.818872
24500001 0.8193
24510001 0.819051
24520001 0.819067
24530001 0.819127
24540001 0.819285
24550001 0.818904
24560001 0.819189
24570001 0.819007
24580001 0.819242
24590001 0.81872
24600001 0.818997
24610001 0.819362
24620001 0.819383
24630001 0.819341
24640001 0.819469
24650001 0.819538
24660001 0.819618
24670001 0.819831
24680001 0.819847
24690001 0.819861
24700001 0.820001
24710001 0.819882
24720001 0.820112
24730001 0.819998
24740001 0.820307
24750001 0.820251
24760001 0.820078
24770001 0.820091
24780001 0.820111
24790001 0.820195
24800001 0.820441
24810001 0.820296
24820001 0.820279
24830001 0.820336
24840001 0.820155
24850001 0.820084
24860001 0.820323
24870001 0.820537
24880001 0.820426
24890001 0.820616
24900001 0.820462
24910001 0.821033
24920001 0.820665
24930001 0.821013
24940001 0.820881
24950001 0.820809
24960001 0.820918
24970001 0.821122
24980001 0.821155
24990001 0.821095
25000001 0.821001
25010001 0.820727
25020001 0.821215
25030001 0.821258
25040001 0.820978
25050001 0.820914
25060001 0.821237
25070001 0.821225
25080001 0.821356
25090001 0.821404
25100001 0.821269
25110001 0.821164
25120001 0.821611
25130001 0.821316
25140001 0.821071
25150001 0.821185
25160001 0.821151
25170001 0.820957
25180001 0.821209
25190001 0.821187
25200001 0.821496
25210001 0.821486
25220001 0.821786
25230001 0.821534
25240001 0.821051
25250001 0.821177
25260001 0.821361
25270001 0.821263
25280001 0.821518
25290001 0.82164
25300001 0.821504
25310001 0.821757
25320001 0.821803
25330001 0.8217
25340001 0.821825
25350001 0.821705
25360001 0.82192
25370001 0.821802
25380001 0.822047
25390001 0.821834
25400001 0.822289
25410001 0.822035
25420001 0.822382
25430001 0.822214
25440001 0.822438
25450001 0.822565
25460001 0.822608
25470001 0.82216
25480001 0.82216
25490001 0.822332
25500001 0.822603
25510001 0.822601
25520001 0.822846
25530001 0.822903
25540001 0.822993
25550001 0.823228
25560001 0.823099
25570001 0.823266
25580001 0.823304
25590001 0.823115
25600001 0.822972
25610001 0.823147
25620001 0.823204
25630001 0.822843
25640001 0.822938
25650001 0.823345
25660001 0.823222
25670001 0.823148
25680001 0.823604
25690001 0.823276
25700001 0.823078
25710001 0.823251
25720001 0.823819
25730001 0.823895
25740001 0.823654
25750001 0.823143
25760001 0.823312
25770001 0.82378
25780001 0.823773
25790001 0.823769
25800001 0.823589
25810001 0.823829
25820001 0.823766
25830001 0.823566
25840001 0.823417
25850001 0.823889
25860001 0.823953
25870001 0.823832
25880001 0.823613
25890001 0.823726
25900001 0.823564
25910001 0.823507
25920001 0.82367
25930001 0.823733
25940001 0.823765
25950001 0.823674
25960001 0.823738
25970001 0.823506
25980001 0.823669
25990001 0.823609
26000001 0.823759
26010001 0.823819
26020001 0.824053
26030001 0.823714
26040001 0.824248
26050001 0.824371
26060001 0.824485
26070001 0.824448
26080001 0.824457
26090001 0.824623
26100001 0.824533
26110001 0.824168
26120001 0.824246
26130001 0.82427
26140001 0.824316
26150001 0.82448
26160001 0.82431
26170001 0.824523
26180001 0.82491
26190001 0.824766
26200001 0.824637
26210001 0.824609
26220001 0.824468
26230001 0.825129
26240001 0.824594
26250001 0.824592
26260001 0.824845
26270001 0.824938
26280001 0.825297
26290001 0.825289
26300001 0.825006
26310001 0.824852
26320001 0.825115
26330001 0.824998
26340001 0.825221
26350001 0.825345
26360001 0.825025
26370001 0.82492
26380001 0.825392
26390001 0.825189
26400001 0.82541
26410001 0.825185
26420001 0.825815
26430001 0.825731
26440001 0.825909
26450001 0.825784
26460001 0.825531
26470001 0.825844
26480001 0.825994
26490001 0.825996
26500001 0.826138
26510001 0.825886
26520001 0.825994
26530001 0.826029
26540001 0.826121
26550001 0.82576
26560001 0.825908
26570001 0.826394
26580001 0.826205
26590001 0.826048
26600001 0.825862
26610001 0.826232
26620001 0.826287
26630001 0.82672
26640001 0.826287
26650001 0.826336
26660001 0.82676
26670001 0.827063
26680001 0.826832
26690001 0.826912
26700001 0.826734
26710001 0.827025
26720001 0.827157
26730001 0.827215
26740001 0.827215
26750001 0.827047
26760001 0.826956
26770001 0.826965
26780001 0.826641
26790001 0.826841
26800001 0.827063
26810001 0.827068
26820001 0.827098
26830001 0.826903
26840001 0.826941
26850001 0.82711
26860001 0.82728
26870001 0.82697
26880001 0.82727
26890001 0.827086
26900001 0.826985
26910001 0.827351
26920001 0.82735
26930001 0.827151
26940001 0.82726
26950001 0.827252
26960001 0.82753
26970001 0.827383
26980001 0.826971
26990001 0.827077
27000001 0.827038
27010001 0.826967
27020001 0.826934
27030001 0.82673
27040001 0.826459
27050001 0.826758
27060001 0.826708
27070001 0.826742
27080001 0.826614
27090001 0.826585
27100001 0.826511
27110001 0.826652
27120001 0.826602
27130001 0.826727
27140001 0.82707
27150001 0.826759
27160001 0.826993
27170001 0.827109
27180001 0.827275
27190001 0.827164
27200001 0.827109
27210001 0.827183
27220001 0.827467
27230001 0.827366
27240001 0.827332
27250001 0.827287
27260001 0.827352
27270001 0.827487
27280001 0.82771
27290001 0.82834
27300001 0.827557
27310001 0.827759
27320001 0.827562
27330001 0.827785
27340001 0.827862
27350001 0.827886
27360001 0.828579
27370001 0.827955
27380001 0.827875
27390001 0.827869
27400001 0.827983
27410001 0.827844
27420001 0.828043
27430001 0.827992
27440001 0.82821
27450001 0.828046
27460001 0.828514
27470001 0.828525
27480001 0.828154
27490001 0.828394
27500001 0.828225
27510001 0.828653
27520001 0.828396
27530001 0.828589
27540001 0.82842
27550001 0.828404
27560001 0.828481
27570001 0.828993
27580001 0.829033
27590001 0.829016
27600001 0.828734
27610001 0.828968
27620001 0.828633
27630001 0.828722
27640001 0.828839
27650001 0.828593
27660001 0.828551
27670001 0.829675
27680001 0.828966
27690001 0.828944
27700001 0.828879
27710001 0.829037
27720001 0.828929
27730001 0.828888
27740001 0.829101
27750001 0.828772
27760001 0.828836
27770001 0.828791
27780001 0.828984
27790001 0.828824
27800001 0.828764
27810001 0.828488
27820001 0.828686
27830001 0.828821
27840001 0.829003
27850001 0.828697
27860001 0.829323
27870001 0.829158
27880001 0.829028
27890001 0.829477
27900001 0.829338
27910001 0.829152
27920001 0.828905
27930001 0.82881
27940001 0.828921
27950001 0.828821
27960001 0.829155
27970001 0.829003
27980001 0.829173
27990001 0.829172
28000001 0.829127
28010001 0.829372
28020001 0.829439
28030001 0.829399
28040001 0.829211
28050001 0.829171
28060001 0.829605
28070001 0.829261
28080001 0.829667
28090001 0.829366
28100001 0.829404
28110001 0.829504
28120001 0.829156
28130001 0.829635
28140001 0.829589
28150001 0.829542
28160001 0.829368
28170001 0.829331
28180001 0.829536
28190001 0.829872
28200001 0.82947
28210001 0.829984
28220001 0.830104
28230001 0.829916
28240001 0.830071
28250001 0.830191
28260001 0.830261
28270001 0.829937
28280001 0.829772
28290001 0.829827
28300001 0.829904
28310001 0.83011
28320001 0.830064
28330001 0.830097
28340001 0.829944
28350001 0.829956
28360001 0.829926
28370001 0.82967
28380001 0.82983
28390001 0.829718
28400001 0.829869
28410001 0.82975
28420001 0.830026
28430001 0.829678
28440001 0.83015
28450001 0.830673
28460001 0.830393
28470001 0.830235
28480001 0.830158
28490001 0.830523
28500001 0.830236
28510001 0.831327
28520001 0.831384
28530001 0.831221
28540001 0.831192
28550001 0.831214
28560001 0.831208
28570001 0.831134
28580001 0.831161
28590001 0.831043
28600001 0.830988
28610001 0.830769
28620001 0.830935
28630001 0.830873
28640001 0.831235
28650001 0.830749
28660001 0.83111
28670001 0.831051
28680001 0.831126
28690001 0.831181
28700001 0.831085
28710001 0.83072
28720001 0.830989
28730001 0.83107
28740001 0.831295
28750001 0.831007
28760001 0.830808
28770001 0.830704
28780001 0.831073
28790001 0.831069
28800001 0.831125
28810001 0.831126
28820001 0.831134
28830001 0.831404
28840001 0.831149
28850001 0.831327
28860001 0.831216
28870001 0.83109
28880001 0.831465
28890001 0.83121
28900001 0.83132
28910001 0.83158
28920001 0.831303
28930001 0.831742
28940001 0.831853
28950001 0.832697
28960001 0.832163
28970001 0.832275
28980001 0.83207
28990001 0.8323
29000001 0.83224
29010001 0.832381
29020001 0.832283
29030001 0.832235
29040001 0.832333
29050001 0.832495
29060001 0.832196
29070001 0.832159
29080001 0.832314
29090001 0.832169
29100001 0.832381
29110001 0.832639
29120001 0.832767
29130001 0.832633
29140001 0.832317
29150001 0.832828
29160001 0.832776
29170001 0.832893
29180001 0.833022
29190001 0.832822
29200001 0.833213
29210001 0.832413
29220001 0.832864
29230001 0.832657
29240001 0.832948
29250001 0.832968
29260001 0.833287
29270001 0.833421
29280001 0.833335
29290001 0.833177
29300001 0.832834
29310001 0.832638
29320001 0.832763
29330001 0.832638
29340001 0.832862
29350001 0.832627
29360001 0.832733
29370001 0.832693
29380001 0.832691
29390001 0.83275
29400001 0.832718
29410001 0.832671
29420001 0.832881
29430001 0.832785
29440001 0.833595
29450001 0.833077
29460001 0.833134
29470001 0.833313
29480001 0.833156
29490001 0.833501
29500001 0.833458
29510001 0.833416
29520001 0.833196
29530001 0.833691
29540001 0.833773
29550001 0.83364
29560001 0.833606
29570001 0.833974
29580001 0.833891
29590001 0.833564
29600001 0.833496
29610001 0.833679
29620001 0.834081
29630001 0.833807
29640001 0.834179
29650001 0.834102
29660001 0.833888
29670001 0.833769
29680001 0.833705
29690001 0.833477
29700001 0.8338
29710001 0.833876
29720001 0.833734
29730001 0.833974
29740001 0.834079
29750001 0.834179
29760001 0.833933
29770001 0.833812
29780001 0.833895
29790001 0.833857
29800001 0.834014
29810001 0.834291
29820001 0.834311
29830001 0.834433
29840001 0.834873
29850001 0.834513
29860001 0.834849
29870001 0.834821
29880001 0.834499
29890001 0.834881
29900001 0.834679
29910001 0.834612
29920001 0.834759
29930001 0.834864
29940001 0.834525
29950001 0.834984
29960001 0.834841
29970001 0.83485
29980001 0.834722
29990001 0.834795
