1 31.3254
10001 16.7302
20001 12.3447
30001 9.83159
40001 8.29399
50001 7.28805
60001 6.64133
70001 6.22816
80001 5.93817
90001 5.73119
100001 5.57005
110001 5.44238
120001 5.33606
130001 5.24601
140001 5.16829
150001 5.09911
160001 5.03816
170001 4.9807
180001 4.92813
190001 4.87866
200001 4.83337
210001 4.7904
220001 4.74979
230001 4.71187
240001 4.6757
250001 4.64022
260001 4.60697
270001 4.57524
280001 4.54414
290001 4.51494
300001 4.48588
310001 4.45801
320001 4.43072
330001 4.40485
340001 4.37948
350001 4.35487
360001 4.33062
370001 4.30797
380001 4.2863
390001 4.26467
400001 4.24295
410001 4.222
420001 4.20073
430001 4.18079
440001 4.16117
450001 4.14146
460001 4.12267
470001 4.10327
480001 4.08545
490001 4.06695
500001 4.05007
510001 4.03343
520001 4.01652
530001 4.00072
540001 3.98467
550001 3.96843
560001 3.95308
570001 3.93759
580001 3.92267
590001 3.90803
600001 3.89401
610001 3.8795
620001 3.86493
630001 3.85041
640001 3.83632
650001 3.823
660001 3.80994
670001 3.79684
680001 3.78357
690001 3.77055
700001 3.75803
710001 3.74597
720001 3.73432
730001 3.72233
740001 3.71022
750001 3.69896
760001 3.68751
770001 3.67631
780001 3.66441
790001 3.6535
800001 3.64232
810001 3.63155
820001 3.62075
830001 3.61094
840001 3.60036
850001 3.59028
860001 3.58001
870001 3.56985
880001 3.55939
890001 3.54936
900001 3.53983
910001 3.53023
920001 3.52028
930001 3.51024
940001 3.5008
950001 3.49156
960001 3.48273
970001 3.47372
980001 3.46461
990001 3.45482
1000001 3.44589
1010001 3.43729
1020001 3.42819
1030001 3.41954
1040001 3.41097
1050001 3.40267
1060001 3.39392
1070001 3.38596
1080001 3.37758
1090001 3.36932
1100001 3.36095
1110001 3.35307
1120001 3.34439
1130001 3.33639
1140001 3.32837
1150001 3.32092
1160001 3.31287
1170001 3.30531
1180001 3.2982
1190001 3.29143
1200001 3.2842
1210001 3.27714
1220001 3.2704
1230001 3.26332
1240001 3.25679
1250001 3.25077
1260001 3.24408
1270001 3.23717
1280001 3.23054
1290001 3.22434
1300001 3.21808
1310001 3.21186
1320001 3.20539
1330001 3.19864
1340001 3.19232
1350001 3.18568
1360001 3.17917
1370001 3.17306
1380001 3.16738
1390001 3.16141
1400001 3.15532
1410001 3.14936
1420001 3.14383
1430001 3.13768
1440001 3.13143
1450001 3.12554
1460001 3.11944
1470001 3.11373
1480001 3.10774
1490001 3.10159
1500001 3.09568
1510001 3.09021
1520001 3.08422
1530001 3.07864
1540001 3.07293
1550001 3.06717
1560001 3.06234
1570001 3.05706
1580001 3.05155
1590001 3.04606
1600001 3.04113
1610001 3.0359
1620001 3.03062
1630001 3.02505
1640001 3.01971
1650001 3.0144
1660001 3.00901
1670001 3.00395
1680001 2.99906
1690001 2.99419
1700001 2.98894
1710001 2.98399
1720001 2.97903
1730001 2.97422
1740001 2.96986
1750001 2.96517
1760001 2.96016
1770001 2.95527
1780001 2.95018
1790001 2.94577
1800001 2.94097
1810001 2.93636
1820001 2.93102
1830001 2.92612
1840001 2.92139
1850001 2.91712
1860001 2.91243
1870001 2.90773
1880001 2.90266
1890001 2.89801
1900001 2.89358
1910001 2.88946
1920001 2.88498
1930001 2.88042
1940001 2.87603
1950001 2.87172
1960001 2.86732
1970001 2.86323
1980001 2.85904
1990001 2.85469
2000001 2.85035
2010001 2.84618
2020001 2.84201
2030001 2.83796
2040001 2.83371
2050001 2.82952
2060001 2.82516
2070001 2.82139
2080001 2.81725
2090001 2.81293
2100001 2.80899
2110001 2.80521
2120001 2.80159
2130001 2.79741
2140001 2.79374
2150001 2.78986
2160001 2.78617
2170001 2.78244
2180001 2.77836
2190001 2.77459
2200001 2.77082
2210001 2.76695
2220001 2.76338
2230001 2.75918
2240001 2.75534
2250001 2.75175
2260001 2.74792
2270001 2.74383
2280001 2.74031
2290001 2.73679
2300001 2.73325
2310001 2.72952
2320001 2.72567
2330001 2.72166
2340001 2.71779
2350001 2.7143
2360001 2.71082
2370001 2.70733
2380001 2.70378
2390001 2.70019
2400001 2.69642
2410001 2.69341
2420001 2.68974
2430001 2.68631
2440001 2.68287
2450001 2.67966
2460001 2.67635
2470001 2.67285
2480001 2.6694
2490001 2.66634
2500001 2.66333
2510001 2.66002
2520001 2.65668
2530001 2.65348
2540001 2.65079
2550001 2.64724
2560001 2.64476
2570001 2.64147
2580001 2.63828
2590001 2.63515
2600001 2.63194
2610001 2.62879
2620001 2.62576
2630001 2.62256
2640001 2.61918
2650001 2.61624
2660001 2.61277
2670001 2.60935
2680001 2.60639
2690001 2.6033
2700001 2.59977
2710001 2.59657
2720001 2.59334
2730001 2.59013
2740001 2.58765
2750001 2.58459
2760001 2.58146
2770001 2.57852
2780001 2.57573
2790001 2.57255
2800001 2.56989
2810001 2.56716
2820001 2.56431
2830001 2.56151
2840001 2.55909
2850001 2.55646
2860001 2.55345
2870001 2.55069
2880001 2.54799
2890001 2.54494
2900001 2.54175
2910001 2.5387
2920001 2.53546
2930001 2.53275
2940001 2.53009
2950001 2.52708
2960001 2.52419
2970001 2.52147
2980001 2.51906
2990001 2.51653
3000001 2.51404
3010001 2.51145
3020001 2.50894
3030001 2.5065
3040001 2.5041
3050001 2.50178
3060001 2.49908
3070001 2.49649
3080001 2.494
3090001 2.49194
3100001 2.48914
3110001 2.48617
3120001 2.48354
3130001 2.48064
3140001 2.47814
3150001 2.47562
3160001 2.47337
3170001 2.47113
3180001 2.46837
3190001 2.46634
3200001 2.46405
3210001 2.46162
3220001 2.45939
3230001 2.45711
3240001 2.45498
3250001 2.45286
3260001 2.45051
3270001 2.44848
3280001 2.44617
3290001 2.44396
3300001 2.4422
3310001 2.43954
3320001 2.43703
3330001 2.43511
3340001 2.4332
3350001 2.43101
3360001 2.42902
3370001 2.42665
3380001 2.42408
3390001 2.42161
3400001 2.41957
3410001 2.41771
3420001 2.41566
3430001 2.41377
3440001 2.41203
3450001 2.40981
3460001 2.40782
3470001 2.40564
3480001 2.4037
3490001 2.4014
3500001 2.39941
3510001 2.39714
3520001 2.39462
3530001 2.39281
3540001 2.39085
3550001 2.38891
3560001 2.3871
3570001 2.38477
3580001 2.38281
3590001 2.38072
3600001 2.37928
3610001 2.37737
3620001 2.37529
3630001 2.37352
3640001 2.37186
3650001 2.36955
3660001 2.36751
3670001 2.36545
3680001 2.36328
3690001 2.36155
3700001 2.35968
3710001 2.35785
3720001 2.35628
3730001 2.35421
3740001 2.35244
3750001 2.35054
3760001 2.34846
3770001 2.34668
3780001 2.34519
3790001 2.34364
3800001 2.34195
3810001 2.34015
3820001 2.33849
3830001 2.33657
3840001 2.33481
3850001 2.33278
3860001 2.33082
3870001 2.32908
3880001 2.32741
3890001 2.32548
3900001 2.32393
3910001 2.3223
3920001 2.32083
3930001 2.31894
3940001 2.31737
3950001 2.31538
3960001 2.31334
3970001 2.31154
3980001 2.30972
3990001 2.308
4000001 2.30647
4010001 2.30479
4020001 2.30305
4030001 2.3014
4040001 2.29981
4050001 2.29791
4060001 2.29585
4070001 2.29408
4080001 2.29231
4090001 2.29057
4100001 2.28892
4110001 2.2872
4120001 2.28518
4130001 2.28378
4140001 2.28215
4150001 2.28041
4160001 2.27848
4170001 2.27711
4180001 2.27547
4190001 2.27408
4200001 2.27236
4210001 2.27065
4220001 2.26902
4230001 2.26777
4240001 2.26583
4250001 2.26439
4260001 2.26271
4270001 2.26104
4280001 2.25951
4290001 2.25796
4300001 2.25659
4310001 2.25505
4320001 2.25385
4330001 2.2526
4340001 2.25118
4350001 2.24941
4360001 2.24811
4370001 2.2467
4380001 2.2454
4390001 2.24396
4400001 2.24247
4410001 2.24092
4420001 2.23963
4430001 2.23857
4440001 2.23728
4450001 2.23571
4460001 2.23423
4470001 2.2333
4480001 2.23221
4490001 2.23073
4500001 2.22965
4510001 2.22809
4520001 2.22658
4530001 2.22503
4540001 2.22414
4550001 2.22303
4560001 2.2214
4570001 2.21958
4580001 2.21813
4590001 2.21724
4600001 2.21549
4610001 2.21416
4620001 2.21286
4630001 2.21164
4640001 2.21013
4650001 2.20883
4660001 2.20735
4670001 2.20594
4680001 2.20465
4690001 2.20364
4700001 2.20223
4710001 2.20118
4720001 2.19991
4730001 2.19879
4740001 2.19738
4750001 2.19618
4760001 2.19471
4770001 2.19345
4780001 2.19226
4790001 2.19135
4800001 2.18999
4810001 2.18863
4820001 2.18735
4830001 2.18638
4840001 2.18525
4850001 2.18426
4860001 2.18314
4870001 2.18214
4880001 2.18106
4890001 2.18025
4900001 2.17867
4910001 2.17759
4920001 2.17641
4930001 2.17554
4940001 2.17415
4950001 2.17327
4960001 2.17226
4970001 2.17096
4980001 2.16996
4990001 2.16841
5000001 2.16739
5010001 2.16655
5020001 2.16554
5030001 2.16424
5040001 2.16283
5050001 2.16173
5060001 2.16023
5070001 2.1594
5080001 2.15806
5090001 2.15703
5100001 2.15571
5110001 2.15439
5120001 2.15361
5130001 2.15271
5140001 2.15152
5150001 2.15035
5160001 2.14937
5170001 2.14835
5180001 2.14732
5190001 2.14642
5200001 2.1456
5210001 2.145
5220001 2.14404
5230001 2.14248
5240001 2.14094
5250001 2.13981
5260001 2.13858
5270001 2.13751
5280001 2.13694
5290001 2.13597
5300001 2.13482
5310001 2.13352
5320001 2.13244
5330001 2.13134
5340001 2.13025
5350001 2.12947
5360001 2.12876
5370001 2.12777
5380001 2.1274
5390001 2.12603
5400001 2.12491
5410001 2.12363
5420001 2.12268
5430001 2.1216
5440001 2.12054
5450001 2.11967
5460001 2.11848
5470001 2.11772
5480001 2.11647
5490001 2.11564
5500001 2.11488
5510001 2.11405
5520001 2.11319
5530001 2.11263
5540001 2.11164
5550001 2.11094
5560001 2.10992
5570001 2.10921
5580001 2.10795
5590001 2.10708
5600001 2.10615
5610001 2.10532
5620001 2.10445
5630001 2.10368
5640001 2.10263
5650001 2.10246
5660001 2.1016
5670001 2.1002
5680001 2.09937
5690001 2.09855
5700001 2.09777
5710001 2.09691
5720001 2.09608
5730001 2.09518
5740001 2.09437
5750001 2.0936
5760001 2.09264
5770001 2.09138
5780001 2.09023
5790001 2.08944
5800001 2.0886
5810001 2.08793
5820001 2.08762
5830001 2.08685
5840001 2.08586
5850001 2.08492
5860001 2.08438
5870001 2.08327
5880001 2.08244
5890001 2.08176
5900001 2.08108
5910001 2.08056
5920001 2.07977
5930001 2.07864
5940001 2.07767
5950001 2.07687
5960001 2.07589
5970001 2.07475
5980001 2.07391
5990001 2.07304
6000001 2.07232
6010001 2.07183
6020001 2.07104
6030001 2.07066
6040001 2.06977
6050001 2.0688
6060001 2.06805
6070001 2.06724
6080001 2.06656
6090001 2.0662
6100001 2.06555
6110001 2.06493
6120001 2.06441
6130001 2.06355
6140001 2.06291
6150001 2.06215
6160001 2.06105
6170001 2.06018
6180001 2.0594
6190001 2.05885
6200001 2.05789
6210001 2.0572
6220001 2.05634
6230001 2.05562
6240001 2.05495
6250001 2.05401
6260001 2.05322
6270001 2.05225
6280001 2.05166
6290001 2.05089
6300001 2.05026
6310001 2.04979
6320001 2.04922
6330001 2.04847
6340001 2.04773
6350001 2.04732
6360001 2.04668
6370001 2.04619
6380001 2.04542
6390001 2.04475
6400001 2.04383
6410001 2.04331
6420001 2.04243
6430001 2.04191
6440001 2.0412
6450001 2.04074
6460001 2.04002
6470001 2.03951
6480001 2.03899
6490001 2.0384
6500001 2.03763
6510001 2.03694
6520001 2.0364
6530001 2.03592
6540001 2.03544
6550001 2.03475
6560001 2.03374
6570001 2.03328
6580001 2.03265
6590001 2.0319
6600001 2.03138
6610001 2.03051
6620001 2.0298
6630001 2.02902
6640001 2.02813
6650001 2.0276
6660001 2.02718
6670001 2.0266
6680001 2.0258
6690001 2.0248
6700001 2.02421
6710001 2.02369
6720001 2.023
6730001 2.02256
6740001 2.02186
6750001 2.02115
6760001 2.02024
6770001 2.01989
6780001 2.01947
6790001 2.01899
6800001 2.01852
6810001 2.01764
6820001 2.01732
6830001 2.01685
6840001 2.01621
6850001 2.01571
6860001 2.01532
6870001 2.01493
6880001 2.01431
6890001 2.01373
6900001 2.01303
6910001 2.01245
6920001 2.0119
6930001 2.01159
6940001 2.01104
6950001 2.01077
6960001 2.01046
6970001 2.00994
6980001 2.00965
6990001 2.00938
7000001 2.00901
7010001 2.00831
7020001 2.00774
7030001 2.00721
7040001 2.0066
7050001 2.00621
7060001 2.00569
7070001 2.00484
7080001 2.00433
7090001 2.00407
7100001 2.00368
7110001 2.0031
7120001 2.00268
7130001 2.00208
7140001 2.00155
7150001 2.00102
7160001 2.00042
7170001 2.00009
7180001 1.99946
7190001 1.99917
7200001 1.99889
7210001 1.99842
7220001 1.99792
7230001 1.99744
7240001 1.99688
7250001 1.99642
7260001 1.9956
7270001 1.99519
7280001 1.99484
7290001 1.99451
7300001 1.99423
7310001 1.99371
7320001 1.99335
7330001 1.99284
7340001 1.99212
7350001 1.99156
7360001 1.99113
7370001 1.99074
7380001 1.99029
7390001 1.98957
7400001 1.98928
7410001 1.98899
7420001 1.98855
7430001 1.98817
7440001 1.98783
7450001 1.98765
7460001 1.98727
7470001 1.98668
7480001 1.98608
7490001 1.98574
7500001 1.98545
7510001 1.98515
7520001 1.98455
7530001 1.9841
7540001 1.98388
7550001 1.98334
7560001 1.98309
7570001 1.98239
7580001 1.98207
7590001 1.98151
7600001 1.98109
7610001 1.98048
7620001 1.9801
7630001 1.97966
7640001 1.97916
7650001 1.97881
7660001 1.97824
7670001 1.97815
7680001 1.97792
7690001 1.97741
7700001 1.97674
7710001 1.97628
7720001 1.97604
7730001 1.97572
7740001 1.97531
7750001 1.97508
7760001 1.97457
7770001 1.97425
7780001 1.97368
7790001 1.9732
7800001 1.97279
7810001 1.97263
7820001 1.9723
7830001 1.97188
7840001 1.97187
7850001 1.97157
7860001 1.97115
7870001 1.97085
7880001 1.97079
7890001 1.97114
7900001 1.97066
7910001 1.97007
7920001 1.96986
7930001 1.96945
7940001 1.96853
7950001 1.96826
7960001 1.96757
7970001 1.96725
7980001 1.96656
7990001 1.96621
8000001 1.96579
8010001 1.96566
8020001 1.96518
8030001 1.96448
8040001 1.96394
8050001 1.9633
8060001 1.96286
8070001 1.96223
8080001 1.96168
8090001 1.96125
8100001 1.96107
8110001 1.96107
8120001 1.96114
8130001 1.96086
8140001 1.96073
8150001 1.9603
8160001 1.95973
8170001 1.95926
8180001 1.95899
8190001 1.95856
8200001 1.95796
8210001 1.95784
8220001 1.95758
8230001 1.95761
8240001 1.95697
8250001 1.95653
8260001 1.95626
8270001 1.95587
8280001 1.95579
8290001 1.9556
8300001 1.9552
8310001 1.95492
8320001 1.95471
8330001 1.95413
8340001 1.95371
8350001 1.95326
8360001 1.95286
8370001 1.95286
8380001 1.9524
8390001 1.95209
8400001 1.95194
8410001 1.95133
8420001 1.95105
8430001 1.95077
8440001 1.95052
8450001 1.95016
8460001 1.94986
8470001 1.9498
8480001 1.94942
8490001 1.9491
8500001 1.94872
8510001 1.9484
8520001 1.94805
8530001 1.9477
8540001 1.94724
8550001 1.94722
8560001 1.94718
8570001 1.94743
8580001 1.94698
8590001 1.94691
8600001 1.94671
8610001 1.94635
8620001 1.9459
8630001 1.94585
8640001 1.94575
8650001 1.94553
8660001 1.94511
8670001 1.94496
8680001 1.94461
8690001 1.94461
8700001 1.94416
8710001 1.94402
8720001 1.94397
8730001 1.94408
8740001 1.94412
8750001 1.94379
8760001 1.94364
8770001 1.94324
8780001 1.94291
8790001 1.94259
8800001 1.94215
8810001 1.94213
8820001 1.94179
8830001 1.94148
8840001 1.94106
8850001 1.94065
8860001 1.94032
8870001 1.93987
8880001 1.93953
8890001 1.93935
8900001 1.93916
8910001 1.93939
8920001 1.93914
8930001 1.93848
8940001 1.93818
8950001 1.93801
8960001 1.93799
8970001 1.93777
8980001 1.93731
8990001 1.93689
9000001 1.93672
9010001 1.93687
9020001 1.93655
9030001 1.93624
9040001 1.93608
9050001 1.93607
9060001 1.93604
9070001 1.93582
9080001 1.93535
9090001 1.9348
9100001 1.93456
9110001 1.93436
9120001 1.93429
9130001 1.93425
9140001 1.93409
9150001 1.93341
9160001 1.93306
9170001 1.93289
9180001 1.93253
9190001 1.9325
9200001 1.93241
9210001 1.93213
9220001 1.93185
9230001 1.93162
9240001 1.93138
9250001 1.93111
9260001 1.93098
9270001 1.9307
9280001 1.93038
9290001 1.93
9300001 1.92969
9310001 1.92971
9320001 1.92956
9330001 1.92922
9340001 1.92903
9350001 1.9289
9360001 1.9287
9370001 1.92814
9380001 1.928
9390001 1.92762
9400001 1.9274
9410001 1.92736
9420001 1.92707
9430001 1.92677
9440001 1.92701
9450001 1.92708
9460001 1.92726
9470001 1.92654
9480001 1.92626
9490001 1.92599
9500001 1.92564
9510001 1.92555
9520001 1.92537
9530001 1.92535
9540001 1.9251
9550001 1.92509
9560001 1.92486
9570001 1.92471
9580001 1.92426
9590001 1.92428
9600001 1.9239
9610001 1.92366
9620001 1.92343
9630001 1.92307
9640001 1.92261
9650001 1.92281
9660001 1.92268
9670001 1.92236
9680001 1.92205
9690001 1.92167
9700001 1.92149
9710001 1.92151
9720001 1.92157
9730001 1.92172
9740001 1.92148
9750001 1.92135
9760001 1.92111
9770001 1.92088
9780001 1.92053
9790001 1.92047
9800001 1.92029
9810001 1.92068
9820001 1.92019
9830001 1.91984
9840001 1.91956
9850001 1.91997
9860001 1.91991
9870001 1.91983
9880001 1.91983
9890001 1.91972
9900001 1.91959
9910001 1.91938
9920001 1.91907
9930001 1.91928
9940001 1.91878
9950001 1.91874
9960001 1.91858
9970001 1.91825
9980001 1.9183
9990001 1.91811
