1 31.3254
10001 16.7302
20001 12.3447
30001 9.83159
40001 8.29399
50001 7.28805
60001 6.64133
70001 6.22816
80001 5.93817
90001 5.73119
100001 5.57005
110001 5.44238
120001 5.33606
130001 5.24601
140001 5.16829
150001 5.09911
160001 5.03816
170001 4.9807
180001 4.92813
190001 4.87866
200001 4.83337
210001 4.7904
220001 4.74979
230001 4.71187
240001 4.6757
250001 4.64022
260001 4.60697
270001 4.57524
280001 4.54414
290001 4.51494
300001 4.48588
310001 4.45801
320001 4.43072
330001 4.40485
340001 4.37948
350001 4.35487
360001 4.33062
370001 4.30797
380001 4.2863
390001 4.26467
400001 4.24295
410001 4.222
420001 4.20073
430001 4.18079
440001 4.16117
450001 4.14146
460001 4.12267
470001 4.10327
480001 4.08545
490001 4.06695
500001 4.05007
510001 4.03343
520001 4.01652
530001 4.00072
540001 3.98467
550001 3.96843
560001 3.95308
570001 3.93759
580001 3.92267
590001 3.90803
600001 3.89401
610001 3.8795
620001 3.86493
630001 3.85041
640001 3.83632
650001 3.823
660001 3.80994
670001 3.79684
680001 3.78357
690001 3.77055
700001 3.75803
710001 3.74597
720001 3.73432
730001 3.72233
740001 3.71022
750001 3.69896
760001 3.68751
770001 3.67631
780001 3.66441
790001 3.6535
800001 3.64232
810001 3.63155
820001 3.62075
830001 3.61094
840001 3.60036
850001 3.59028
860001 3.58001
870001 3.56985
880001 3.55939
890001 3.54936
900001 3.53983
910001 3.53023
920001 3.52028
930001 3.51024
940001 3.5008
950001 3.49156
960001 3.48273
970001 3.47372
980001 3.46461
990001 3.45482
1000001 3.44589
1010001 3.43729
1020001 3.42819
1030001 3.41954
1040001 3.41097
1050001 3.40267
1060001 3.39392
1070001 3.38596
1080001 3.37758
1090001 3.36932
1100001 3.36095
1110001 3.35307
1120001 3.34439
1130001 3.33639
1140001 3.32837
1150001 3.32092
1160001 3.31287
1170001 3.30531
1180001 3.2982
1190001 3.29143
1200001 3.2842
1210001 3.27714
1220001 3.2704
1230001 3.26332
1240001 3.25679
1250001 3.25077
1260001 3.24408
1270001 3.23717
1280001 3.23054
1290001 3.22434
1300001 3.21808
1310001 3.21186
1320001 3.20539
1330001 3.19864
1340001 3.19232
1350001 3.18568
1360001 3.17917
1370001 3.17306
1380001 3.16738
1390001 3.16141
1400001 3.15532
1410001 3.14936
1420001 3.14383
1430001 3.13768
1440001 3.13143
1450001 3.12554
1460001 3.11944
1470001 3.11373
1480001 3.10774
1490001 3.10159
1500001 3.09568
1510001 3.09021
1520001 3.08422
1530001 3.07864
1540001 3.07293
1550001 3.06717
1560001 3.06234
1570001 3.05706
1580001 3.05155
1590001 3.04606
1600001 3.04113
1610001 3.0359
1620001 3.03062
1630001 3.02505
1640001 3.01971
1650001 3.0144
1660001 3.00901
1670001 3.00395
1680001 2.99906
1690001 2.99419
1700001 2.98894
1710001 2.98399
1720001 2.97903
1730001 2.97422
1740001 2.96986
1750001 2.96517
1760001 2.96016
1770001 2.95527
1780001 2.95018
1790001 2.94577
1800001 2.94097
1810001 2.93636
1820001 2.93102
1830001 2.92612
1840001 2.92139
1850001 2.91712
1860001 2.91243
1870001 2.90773
1880001 2.90266
1890001 2.89801
1900001 2.89358
1910001 2.88946
1920001 2.88498
1930001 2.88042
1940001 2.87603
1950001 2.87172
1960001 2.86732
1970001 2.86323
1980001 2.85904
1990001 2.85469
2000001 2.85035
2010001 2.84618
2020001 2.84201
2030001 2.83796
2040001 2.83371
2050001 2.82952
2060001 2.82516
2070001 2.82139
2080001 2.81725
2090001 2.81293
2100001 2.80899
2110001 2.80521
2120001 2.80159
2130001 2.79741
2140001 2.79374
2150001 2.78986
2160001 2.78617
2170001 2.78244
2180001 2.77836
2190001 2.77459
2200001 2.77082
2210001 2.76695
2220001 2.76338
2230001 2.75918
2240001 2.75534
2250001 2.75175
2260001 2.74792
2270001 2.74383
2280001 2.74031
2290001 2.73679
2300001 2.73325
2310001 2.72952
2320001 2.72567
2330001 2.72166
2340001 2.71779
2350001 2.7143
2360001 2.71082
2370001 2.70733
2380001 2.70378
2390001 2.70019
2400001 2.69642
2410001 2.69341
2420001 2.68974
2430001 2.68631
2440001 2.68287
2450001 2.67966
2460001 2.67635
2470001 2.67285
2480001 2.6694
2490001 2.66634
2500001 2.66333
2510001 2.66002
2520001 2.65668
2530001 2.65348
2540001 2.65079
2550001 2.64724
2560001 2.64476
2570001 2.64147
2580001 2.63828
2590001 2.63515
2600001 2.63194
2610001 2.62879
2620001 2.62576
2630001 2.62256
2640001 2.61918
2650001 2.61624
2660001 2.61277
2670001 2.60935
2680001 2.60639
2690001 2.6033
2700001 2.59977
2710001 2.59657
2720001 2.59334
2730001 2.59013
2740001 2.58765
2750001 2.58459
2760001 2.58146
2770001 2.57852
2780001 2.57573
2790001 2.57255
2800001 2.56989
2810001 2.56716
2820001 2.56431
2830001 2.56151
2840001 2.55909
2850001 2.55646
2860001 2.55345
2870001 2.55069
2880001 2.54799
2890001 2.54494
2900001 2.54175
2910001 2.5387
2920001 2.53546
2930001 2.53275
2940001 2.53009
2950001 2.52708
2960001 2.52419
2970001 2.52147
2980001 2.51906
2990001 2.51653
3000001 2.51404
3010001 2.51145
3020001 2.50894
3030001 2.5065
3040001 2.5041
3050001 2.50178
3060001 2.49908
3070001 2.49649
3080001 2.494
3090001 2.49194
3100001 2.48914
3110001 2.48617
3120001 2.48354
3130001 2.48064
3140001 2.47814
3150001 2.47562
3160001 2.47337
3170001 2.47113
3180001 2.46837
3190001 2.46634
3200001 2.46405
3210001 2.46162
3220001 2.45939
3230001 2.45711
3240001 2.45498
3250001 2.45286
3260001 2.45051
3270001 2.44848
3280001 2.44617
3290001 2.44396
3300001 2.4422
3310001 2.43954
3320001 2.43703
3330001 2.43511
3340001 2.4332
3350001 2.43101
3360001 2.42902
3370001 2.42665
3380001 2.42408
3390001 2.42161
3400001 2.41957
3410001 2.41771
3420001 2.41566
3430001 2.41377
3440001 2.41203
3450001 2.40981
3460001 2.40782
3470001 2.40564
3480001 2.4037
3490001 2.4014
3500001 2.39941
3510001 2.39714
3520001 2.39462
3530001 2.39281
3540001 2.39085
3550001 2.38891
3560001 2.3871
3570001 2.38477
3580001 2.38281
3590001 2.38072
3600001 2.37928
3610001 2.37737
3620001 2.37529
3630001 2.37352
3640001 2.37186
3650001 2.36955
3660001 2.36751
3670001 2.36545
3680001 2.36328
3690001 2.36155
3700001 2.35968
3710001 2.35785
3720001 2.35628
3730001 2.35421
3740001 2.35244
3750001 2.35054
3760001 2.34846
3770001 2.34668
3780001 2.34519
3790001 2.34364
3800001 2.34195
3810001 2.34015
3820001 2.33849
3830001 2.33657
3840001 2.33481
3850001 2.33278
3860001 2.33082
3870001 2.32908
3880001 2.32741
3890001 2.32548
3900001 2.32393
3910001 2.3223
3920001 2.32083
3930001 2.31894
3940001 2.31737
3950001 2.31538
3960001 2.31334
3970001 2.31154
3980001 2.30972
3990001 2.308
4000001 2.30647
4010001 2.30479
4020001 2.30305
4030001 2.3014
4040001 2.29981
4050001 2.29791
4060001 2.29585
4070001 2.29408
4080001 2.29231
4090001 2.29057
4100001 2.28892
4110001 2.2872
4120001 2.28518
4130001 2.28378
4140001 2.28215
4150001 2.28041
4160001 2.27848
4170001 2.27711
4180001 2.27547
4190001 2.27408
4200001 2.27236
4210001 2.27065
4220001 2.26902
4230001 2.26777
4240001 2.26583
4250001 2.26439
4260001 2.26271
4270001 2.26104
4280001 2.25951
4290001 2.25796
4300001 2.25659
4310001 2.25505
4320001 2.25385
4330001 2.2526
4340001 2.25118
4350001 2.24941
4360001 2.24811
4370001 2.2467
4380001 2.2454
4390001 2.24396
4400001 2.24247
4410001 2.24092
4420001 2.23963
4430001 2.23857
4440001 2.23728
4450001 2.23571
4460001 2.23423
4470001 2.2333
4480001 2.23221
4490001 2.23073
4500001 2.22965
4510001 2.22809
4520001 2.22658
4530001 2.22503
4540001 2.22414
4550001 2.22303
4560001 2.2214
4570001 2.21958
4580001 2.21813
4590001 2.21724
4600001 2.21549
4610001 2.21416
4620001 2.21286
4630001 2.21164
4640001 2.21013
4650001 2.20883
4660001 2.20735
4670001 2.20594
4680001 2.20465
4690001 2.20364
4700001 2.20223
4710001 2.20118
4720001 2.19991
4730001 2.19879
4740001 2.19738
4750001 2.19618
4760001 2.19471
4770001 2.19345
4780001 2.19226
4790001 2.19135
4800001 2.18999
4810001 2.18863
4820001 2.18735
4830001 2.18638
4840001 2.18525
4850001 2.18426
4860001 2.18314
4870001 2.18214
4880001 2.18106
4890001 2.18025
4900001 2.17867
4910001 2.17759
4920001 2.17641
4930001 2.17554
4940001 2.17415
4950001 2.17327
4960001 2.17226
4970001 2.17096
4980001 2.16996
4990001 2.16841
5000001 2.16739
5010001 2.16655
5020001 2.16554
5030001 2.16424
5040001 2.16283
5050001 2.16173
5060001 2.16023
5070001 2.1594
5080001 2.15806
5090001 2.15703
5100001 2.15571
5110001 2.15439
5120001 2.15361
5130001 2.15271
5140001 2.15152
5150001 2.15035
5160001 2.14937
5170001 2.14835
5180001 2.14732
5190001 2.14642
5200001 2.1456
5210001 2.145
5220001 2.14404
5230001 2.14248
5240001 2.14094
5250001 2.13981
5260001 2.13858
5270001 2.13751
5280001 2.13694
5290001 2.13597
5300001 2.13482
5310001 2.13352
5320001 2.13244
5330001 2.13134
5340001 2.13025
5350001 2.12947
5360001 2.12876
5370001 2.12777
5380001 2.1274
5390001 2.12603
5400001 2.12491
5410001 2.12363
5420001 2.12268
5430001 2.1216
5440001 2.12054
5450001 2.11967
5460001 2.11848
5470001 2.11772
5480001 2.11647
5490001 2.11564
5500001 2.11488
5510001 2.11405
5520001 2.11319
5530001 2.11263
5540001 2.11164
5550001 2.11094
5560001 2.10992
5570001 2.10921
5580001 2.10795
5590001 2.10708
5600001 2.10615
5610001 2.10532
5620001 2.10445
5630001 2.10368
5640001 2.10263
5650001 2.10246
5660001 2.1016
5670001 2.1002
5680001 2.09937
5690001 2.09855
5700001 2.09777
5710001 2.09691
5720001 2.09608
5730001 2.09518
5740001 2.09437
5750001 2.0936
5760001 2.09264
5770001 2.09138
5780001 2.09023
5790001 2.08944
5800001 2.0886
5810001 2.08793
5820001 2.08762
5830001 2.08685
5840001 2.08586
5850001 2.08492
5860001 2.08438
5870001 2.08327
5880001 2.08244
5890001 2.08176
5900001 2.08108
5910001 2.08056
5920001 2.07977
5930001 2.07864
5940001 2.07767
5950001 2.07687
5960001 2.07589
5970001 2.07475
5980001 2.07391
5990001 2.07304
6000001 2.07232
6010001 2.07183
6020001 2.07104
6030001 2.07066
6040001 2.06977
6050001 2.0688
6060001 2.06805
6070001 2.06724
6080001 2.06656
6090001 2.0662
6100001 2.06555
6110001 2.06493
6120001 2.06441
6130001 2.06355
6140001 2.06291
6150001 2.06215
6160001 2.06105
6170001 2.06018
6180001 2.0594
6190001 2.05885
6200001 2.05789
6210001 2.0572
6220001 2.05634
6230001 2.05562
6240001 2.05495
6250001 2.05401
6260001 2.05322
6270001 2.05225
6280001 2.05166
6290001 2.05089
6300001 2.05026
6310001 2.04979
6320001 2.04922
6330001 2.04847
6340001 2.04773
6350001 2.04732
6360001 2.04668
6370001 2.04619
6380001 2.04542
6390001 2.04475
6400001 2.04383
6410001 2.04331
6420001 2.04243
6430001 2.04191
6440001 2.0412
6450001 2.04074
6460001 2.04002
6470001 2.03951
6480001 2.03899
6490001 2.0384
6500001 2.03763
6510001 2.03694
6520001 2.0364
6530001 2.03592
6540001 2.03544
6550001 2.03475
6560001 2.03374
6570001 2.03328
6580001 2.03265
6590001 2.0319
6600001 2.03138
6610001 2.03051
6620001 2.0298
6630001 2.02902
6640001 2.02813
6650001 2.0276
6660001 2.02718
6670001 2.0266
6680001 2.0258
6690001 2.0248
6700001 2.02421
6710001 2.02369
6720001 2.023
6730001 2.02256
6740001 2.02186
6750001 2.02115
6760001 2.02024
6770001 2.01989
6780001 2.01947
6790001 2.01899
6800001 2.01852
6810001 2.01764
6820001 2.01732
6830001 2.01685
6840001 2.01621
6850001 2.01571
6860001 2.01532
6870001 2.01493
6880001 2.01431
6890001 2.01373
6900001 2.01303
6910001 2.01245
6920001 2.0119
6930001 2.01159
6940001 2.01104
6950001 2.01077
6960001 2.01046
6970001 2.00994
6980001 2.00965
6990001 2.00938
7000001 2.00901
7010001 2.00831
7020001 2.00774
7030001 2.00721
7040001 2.0066
7050001 2.00621
7060001 2.00569
7070001 2.00484
7080001 2.00433
7090001 2.00407
7100001 2.00368
7110001 2.0031
7120001 2.00268
7130001 2.00208
7140001 2.00155
7150001 2.00102
7160001 2.00042
7170001 2.00009
7180001 1.99946
7190001 1.99917
7200001 1.99889
7210001 1.99842
7220001 1.99792
7230001 1.99744
7240001 1.99688
7250001 1.99642
7260001 1.9956
7270001 1.99519
7280001 1.99484
7290001 1.99451
7300001 1.99423
7310001 1.99371
7320001 1.99335
7330001 1.99284
7340001 1.99212
7350001 1.99156
7360001 1.99113
7370001 1.99074
7380001 1.99029
7390001 1.98957
7400001 1.98928
7410001 1.98899
7420001 1.98855
7430001 1.98817
7440001 1.98783
7450001 1.98765
7460001 1.98727
7470001 1.98668
7480001 1.98608
7490001 1.98574
7500001 1.98545
7510001 1.98515
7520001 1.98455
7530001 1.9841
7540001 1.98388
7550001 1.98334
7560001 1.98309
7570001 1.98239
7580001 1.98207
7590001 1.98151
7600001 1.98109
7610001 1.98048
7620001 1.9801
7630001 1.97966
7640001 1.97916
7650001 1.97881
7660001 1.97824
7670001 1.97815
7680001 1.97792
7690001 1.97741
7700001 1.97674
7710001 1.97628
7720001 1.97604
7730001 1.97572
7740001 1.97531
7750001 1.97508
7760001 1.97457
7770001 1.97425
7780001 1.97368
7790001 1.9732
7800001 1.97279
7810001 1.97263
7820001 1.9723
7830001 1.97188
7840001 1.97187
7850001 1.97157
7860001 1.97115
7870001 1.97085
7880001 1.97079
7890001 1.97114
7900001 1.97066
7910001 1.97007
7920001 1.96986
7930001 1.96945
7940001 1.96853
7950001 1.96826
7960001 1.96757
7970001 1.96725
7980001 1.96656
7990001 1.96621
8000001 1.96579
8010001 1.96566
8020001 1.96518
8030001 1.96448
8040001 1.96394
8050001 1.9633
8060001 1.96286
8070001 1.96223
8080001 1.96168
8090001 1.96125
8100001 1.96107
8110001 1.96107
8120001 1.96114
8130001 1.96086
8140001 1.96073
8150001 1.9603
8160001 1.95973
8170001 1.95926
8180001 1.95899
8190001 1.95856
8200001 1.95796
8210001 1.95784
8220001 1.95758
8230001 1.95761
8240001 1.95697
8250001 1.95653
8260001 1.95626
8270001 1.95587
8280001 1.95579
8290001 1.9556
8300001 1.9552
8310001 1.95492
8320001 1.95471
8330001 1.95413
8340001 1.95371
8350001 1.95326
8360001 1.95286
8370001 1.95286
8380001 1.9524
8390001 1.95209
8400001 1.95194
8410001 1.95133
8420001 1.95105
8430001 1.95077
8440001 1.95052
8450001 1.95016
8460001 1.94986
8470001 1.9498
8480001 1.94942
8490001 1.9491
8500001 1.94872
8510001 1.9484
8520001 1.94805
8530001 1.9477
8540001 1.94724
8550001 1.94722
8560001 1.94718
8570001 1.94743
8580001 1.94698
8590001 1.94691
8600001 1.94671
8610001 1.94635
8620001 1.9459
8630001 1.94585
8640001 1.94575
8650001 1.94553
8660001 1.94511
8670001 1.94496
8680001 1.94461
8690001 1.94461
8700001 1.94416
8710001 1.94402
8720001 1.94397
8730001 1.94408
8740001 1.94412
8750001 1.94379
8760001 1.94364
8770001 1.94324
8780001 1.94291
8790001 1.94259
8800001 1.94215
8810001 1.94213
8820001 1.94179
8830001 1.94148
8840001 1.94106
8850001 1.94065
8860001 1.94032
8870001 1.93987
8880001 1.93953
8890001 1.93935
8900001 1.93916
8910001 1.93939
8920001 1.93914
8930001 1.93848
8940001 1.93818
8950001 1.93801
8960001 1.93799
8970001 1.93777
8980001 1.93731
8990001 1.93689
9000001 1.93672
9010001 1.93687
9020001 1.93655
9030001 1.93624
9040001 1.93608
9050001 1.93607
9060001 1.93604
9070001 1.93582
9080001 1.93535
9090001 1.9348
9100001 1.93456
9110001 1.93436
9120001 1.93429
9130001 1.93425
9140001 1.93409
9150001 1.93341
9160001 1.93306
9170001 1.93289
9180001 1.93253
9190001 1.9325
9200001 1.93241
9210001 1.93213
9220001 1.93185
9230001 1.93162
9240001 1.93138
9250001 1.93111
9260001 1.93098
9270001 1.9307
9280001 1.93038
9290001 1.93
9300001 1.92969
9310001 1.92971
9320001 1.92956
9330001 1.92922
9340001 1.92903
9350001 1.9289
9360001 1.9287
9370001 1.92814
9380001 1.928
9390001 1.92762
9400001 1.9274
9410001 1.92736
9420001 1.92707
9430001 1.92677
9440001 1.92701
9450001 1.92708
9460001 1.92726
9470001 1.92654
9480001 1.92626
9490001 1.92599
9500001 1.92564
9510001 1.92555
9520001 1.92537
9530001 1.92535
9540001 1.9251
9550001 1.92509
9560001 1.92486
9570001 1.92471
9580001 1.92426
9590001 1.92428
9600001 1.9239
9610001 1.92366
9620001 1.92343
9630001 1.92307
9640001 1.92261
9650001 1.92281
9660001 1.92268
9670001 1.92236
9680001 1.92205
9690001 1.92167
9700001 1.92149
9710001 1.92151
9720001 1.92157
9730001 1.92172
9740001 1.92148
9750001 1.92135
9760001 1.92111
9770001 1.92088
9780001 1.92053
9790001 1.92047
9800001 1.92029
9810001 1.92068
9820001 1.92019
9830001 1.91984
9840001 1.91956
9850001 1.91997
9860001 1.91991
9870001 1.91983
9880001 1.91983
9890001 1.91972
9900001 1.91959
9910001 1.91938
9920001 1.91907
9930001 1.91928
9940001 1.91878
9950001 1.91874
9960001 1.91858
9970001 1.91825
9980001 1.9183
9990001 1.91811
10000001 1.91825
10010001 1.91829
10020001 1.9179
10030001 1.91788
10040001 1.91757
10050001 1.91746
10060001 1.91747
10070001 1.91741
10080001 1.91728
10090001 1.91709
10100001 1.91709
10110001 1.91691
10120001 1.91661
10130001 1.91655
10140001 1.91664
10150001 1.91644
10160001 1.91617
10170001 1.91611
10180001 1.91631
10190001 1.91616
10200001 1.91608
10210001 1.91629
10220001 1.91619
10230001 1.91603
10240001 1.9162
10250001 1.91599
10260001 1.91578
10270001 1.91589
10280001 1.91566
10290001 1.91563
10300001 1.91535
10310001 1.91537
10320001 1.91519
10330001 1.91527
10340001 1.91526
10350001 1.91526
10360001 1.91524
10370001 1.91492
10380001 1.91429
10390001 1.91423
10400001 1.91437
10410001 1.91453
10420001 1.91467
10430001 1.91434
10440001 1.91441
10450001 1.91376
10460001 1.91362
10470001 1.91344
10480001 1.91322
10490001 1.91332
10500001 1.91313
10510001 1.91289
10520001 1.91257
10530001 1.91225
10540001 1.91188
10550001 1.9119
10560001 1.91208
10570001 1.91154
10580001 1.91137
10590001 1.91152
10600001 1.91134
10610001 1.91097
10620001 1.91092
10630001 1.91072
10640001 1.91031
10650001 1.91019
10660001 1.90987
10670001 1.90991
10680001 1.90977
10690001 1.9095
10700001 1.90947
10710001 1.90954
10720001 1.90951
10730001 1.9093
10740001 1.90906
10750001 1.90893
10760001 1.90915
10770001 1.90893
10780001 1.90892
10790001 1.90865
10800001 1.90851
10810001 1.90862
10820001 1.90845
10830001 1.90834
10840001 1.90839
10850001 1.90831
10860001 1.9081
10870001 1.90782
10880001 1.90764
10890001 1.90767
10900001 1.90746
10910001 1.90742
10920001 1.90719
10930001 1.90701
10940001 1.90689
10950001 1.90703
10960001 1.90648
10970001 1.90652
10980001 1.90648
10990001 1.90649
11000001 1.90655
11010001 1.90674
11020001 1.90641
11030001 1.90644
11040001 1.90641
11050001 1.90638
11060001 1.90621
11070001 1.9061
11080001 1.90589
11090001 1.90573
11100001 1.90575
11110001 1.90571
11120001 1.90552
11130001 1.90545
11140001 1.90509
11150001 1.90528
11160001 1.90475
11170001 1.90475
11180001 1.90437
11190001 1.90467
11200001 1.90458
11210001 1.9045
11220001 1.90473
11230001 1.90449
11240001 1.9042
11250001 1.90444
11260001 1.90437
11270001 1.90401
11280001 1.90381
11290001 1.90347
11300001 1.90348
11310001 1.90347
11320001 1.90343
11330001 1.90302
11340001 1.90337
11350001 1.90305
11360001 1.90294
11370001 1.90285
11380001 1.90247
11390001 1.90228
11400001 1.90225
11410001 1.90227
11420001 1.90231
11430001 1.90233
11440001 1.90204
11450001 1.90183
11460001 1.90192
11470001 1.90189
11480001 1.90164
11490001 1.90161
11500001 1.90144
11510001 1.90157
11520001 1.90128
11530001 1.90099
11540001 1.90095
11550001 1.90115
11560001 1.90098
11570001 1.90113
11580001 1.90094
11590001 1.90088
11600001 1.90063
11610001 1.90047
11620001 1.90047
11630001 1.90037
11640001 1.89998
11650001 1.90008
11660001 1.90007
11670001 1.89988
11680001 1.89951
11690001 1.89968
11700001 1.89968
11710001 1.89968
11720001 1.89967
11730001 1.89956
11740001 1.89953
11750001 1.89957
11760001 1.89968
11770001 1.89974
11780001 1.89976
11790001 1.89959
11800001 1.89968
11810001 1.89968
11820001 1.89964
11830001 1.89972
11840001 1.89957
11850001 1.89953
11860001 1.89919
11870001 1.89928
11880001 1.89895
11890001 1.89913
11900001 1.8992
11910001 1.89914
11920001 1.89934
11930001 1.8991
11940001 1.89924
11950001 1.89916
11960001 1.89891
11970001 1.89861
11980001 1.89815
11990001 1.89837
12000001 1.89835
12010001 1.89821
12020001 1.89848
12030001 1.8984
12040001 1.89855
12050001 1.89824
12060001 1.89839
12070001 1.89808
12080001 1.89779
12090001 1.89782
12100001 1.89761
12110001 1.89783
12120001 1.89784
12130001 1.89811
12140001 1.89797
12150001 1.89801
12160001 1.89817
12170001 1.89822
12180001 1.89782
12190001 1.89805
12200001 1.89761
12210001 1.89763
12220001 1.89746
12230001 1.89783
12240001 1.8978
12250001 1.89784
12260001 1.89756
12270001 1.89795
12280001 1.89767
12290001 1.89771
12300001 1.89739
12310001 1.89718
12320001 1.8972
12330001 1.89719
12340001 1.89699
12350001 1.89712
12360001 1.8971
12370001 1.89707
12380001 1.8972
12390001 1.89689
12400001 1.89702
12410001 1.8973
12420001 1.89742
12430001 1.89722
12440001 1.89711
12450001 1.89691
12460001 1.89712
12470001 1.89681
12480001 1.89652
12490001 1.89648
12500001 1.89652
12510001 1.89652
12520001 1.89637
12530001 1.8962
12540001 1.89613
12550001 1.89619
12560001 1.8957
12570001 1.89586
12580001 1.89596
12590001 1.89589
12600001 1.89601
12610001 1.89594
12620001 1.89572
12630001 1.89633
12640001 1.89633
12650001 1.89627
12660001 1.89615
12670001 1.89582
12680001 1.89527
12690001 1.89506
12700001 1.89522
12710001 1.89583
12720001 1.89557
12730001 1.8954
12740001 1.89529
12750001 1.89544
12760001 1.89551
12770001 1.89584
12780001 1.89578
12790001 1.89591
12800001 1.89574
12810001 1.89596
12820001 1.89603
12830001 1.8963
12840001 1.89609
12850001 1.89601
12860001 1.89615
12870001 1.8957
12880001 1.89564
12890001 1.89554
12900001 1.89538
12910001 1.89542
12920001 1.89601
12930001 1.89571
12940001 1.89591
12950001 1.8957
12960001 1.8958
12970001 1.89584
12980001 1.89544
12990001 1.89589
13000001 1.89599
13010001 1.89603
13020001 1.89595
13030001 1.8959
13040001 1.89571
13050001 1.89582
13060001 1.89591
13070001 1.89605
13080001 1.89586
13090001 1.89571
13100001 1.8955
13110001 1.89563
13120001 1.89569
13130001 1.89544
13140001 1.89543
13150001 1.89558
13160001 1.8956
13170001 1.89559
13180001 1.89536
13190001 1.89523
13200001 1.8953
13210001 1.89542
13220001 1.89544
13230001 1.89537
13240001 1.89552
13250001 1.89538
13260001 1.89547
13270001 1.89538
13280001 1.89524
13290001 1.89507
13300001 1.89533
13310001 1.89547
13320001 1.89521
13330001 1.89518
13340001 1.89607
13350001 1.89577
13360001 1.89568
13370001 1.89592
13380001 1.896
13390001 1.89577
13400001 1.89579
13410001 1.89635
13420001 1.89609
13430001 1.8961
13440001 1.89575
13450001 1.89581
13460001 1.89567
13470001 1.89584
13480001 1.89599
13490001 1.8961
13500001 1.89609
13510001 1.89607
13520001 1.89614
13530001 1.89621
13540001 1.89649
13550001 1.89616
13560001 1.89652
13570001 1.89674
13580001 1.8968
13590001 1.89645
13600001 1.89635
13610001 1.8963
13620001 1.89649
13630001 1.89667
13640001 1.89664
13650001 1.89664
13660001 1.89646
13670001 1.89642
13680001 1.89631
13690001 1.89665
13700001 1.89659
13710001 1.89659
13720001 1.89648
13730001 1.89657
13740001 1.89634
13750001 1.89626
13760001 1.89617
13770001 1.89633
13780001 1.89621
13790001 1.89612
13800001 1.89607
13810001 1.89626
13820001 1.8963
13830001 1.89701
13840001 1.89663
13850001 1.89676
13860001 1.89701
13870001 1.89689
13880001 1.89705
13890001 1.89695
13900001 1.89718
13910001 1.89718
13920001 1.89693
13930001 1.89688
13940001 1.89695
13950001 1.8971
13960001 1.89739
13970001 1.89729
13980001 1.89735
13990001 1.89763
14000001 1.89743
14010001 1.89742
14020001 1.89764
14030001 1.89751
14040001 1.8977
14050001 1.89746
14060001 1.89737
14070001 1.89751
14080001 1.8972
14090001 1.8969
14100001 1.89738
14110001 1.89744
14120001 1.89753
14130001 1.89722
14140001 1.8974
14150001 1.89752
14160001 1.89759
14170001 1.89753
14180001 1.89744
14190001 1.89755
14200001 1.89762
14210001 1.89773
14220001 1.89775
14230001 1.89782
14240001 1.89785
14250001 1.89791
14260001 1.898
14270001 1.89808
14280001 1.8984
14290001 1.89834
14300001 1.8983
14310001 1.89847
14320001 1.89853
14330001 1.89859
14340001 1.89868
14350001 1.89891
14360001 1.89891
14370001 1.89891
14380001 1.89902
14390001 1.89885
14400001 1.89897
14410001 1.89917
14420001 1.89926
14430001 1.89933
14440001 1.89953
14450001 1.89983
14460001 1.89987
14470001 1.90006
14480001 1.90075
14490001 1.90048
14500001 1.90022
14510001 1.90017
14520001 1.89984
14530001 1.90014
14540001 1.90011
14550001 1.8999
14560001 1.90025
14570001 1.90051
14580001 1.90052
14590001 1.90036
14600001 1.90022
14610001 1.90037
14620001 1.90069
14630001 1.90065
14640001 1.90074
14650001 1.90071
14660001 1.90077
14670001 1.90083
14680001 1.90088
14690001 1.90117
14700001 1.90139
14710001 1.90123
14720001 1.90153
14730001 1.90143
14740001 1.9016
14750001 1.90176
14760001 1.90135
14770001 1.90151
14780001 1.90144
14790001 1.90133
14800001 1.90116
14810001 1.90123
14820001 1.90136
14830001 1.90117
14840001 1.90129
14850001 1.90118
14860001 1.90141
14870001 1.90125
14880001 1.90135
14890001 1.90159
14900001 1.90155
14910001 1.90185
14920001 1.90189
14930001 1.90194
14940001 1.90186
14950001 1.90175
14960001 1.90163
14970001 1.90151
14980001 1.90155
14990001 1.90144
15000001 1.90137
15010001 1.90129
15020001 1.90095
15030001 1.90073
15040001 1.90053
15050001 1.90064
15060001 1.90066
15070001 1.90113
15080001 1.90124
15090001 1.90125
15100001 1.90115
15110001 1.9011
15120001 1.90147
15130001 1.9015
15140001 1.90134
15150001 1.90128
15160001 1.90132
15170001 1.9012
15180001 1.90134
15190001 1.9013
15200001 1.90135
15210001 1.90122
15220001 1.9017
15230001 1.90189
15240001 1.9019
15250001 1.90187
15260001 1.90199
15270001 1.90213
15280001 1.90189
15290001 1.90189
15300001 1.90193
15310001 1.90188
15320001 1.90197
15330001 1.90215
15340001 1.9024
15350001 1.90234
15360001 1.90224
15370001 1.90268
15380001 1.90267
15390001 1.90297
15400001 1.90298
15410001 1.90296
15420001 1.90322
15430001 1.90341
15440001 1.90332
15450001 1.90303
15460001 1.90325
15470001 1.90321
15480001 1.90306
15490001 1.90325
15500001 1.90336
15510001 1.90318
15520001 1.90325
15530001 1.90282
15540001 1.90305
15550001 1.90316
15560001 1.90322
15570001 1.90317
15580001 1.90328
15590001 1.90338
15600001 1.9034
15610001 1.9033
15620001 1.90348
15630001 1.90378
15640001 1.90345
15650001 1.90321
15660001 1.9031
15670001 1.90324
15680001 1.90294
15690001 1.90297
15700001 1.90317
15710001 1.90299
15720001 1.9029
15730001 1.90288
15740001 1.90278
15750001 1.90276
15760001 1.90313
15770001 1.90327
15780001 1.90338
15790001 1.90334
15800001 1.90315
15810001 1.90293
15820001 1.90315
15830001 1.90381
15840001 1.90385
15850001 1.90394
15860001 1.90361
15870001 1.90339
15880001 1.90345
15890001 1.90335
15900001 1.90326
15910001 1.90339
15920001 1.90357
15930001 1.90331
15940001 1.90333
15950001 1.90353
15960001 1.90347
15970001 1.90391
15980001 1.90379
15990001 1.90399
16000001 1.90404
16010001 1.90391
16020001 1.90367
16030001 1.90352
16040001 1.9037
16050001 1.90354
16060001 1.90382
16070001 1.90418
16080001 1.90377
16090001 1.90413
16100001 1.90403
16110001 1.90406
16120001 1.90398
16130001 1.90432
16140001 1.90449
16150001 1.90434
16160001 1.9043
16170001 1.9043
16180001 1.90451
16190001 1.9046
16200001 1.90407
16210001 1.90407
16220001 1.90417
16230001 1.90426
16240001 1.90453
16250001 1.90483
16260001 1.90447
16270001 1.90461
16280001 1.90456
16290001 1.90467
16300001 1.90461
16310001 1.90453
16320001 1.90463
16330001 1.90479
16340001 1.90498
16350001 1.90495
16360001 1.90518
16370001 1.90517
16380001 1.9051
16390001 1.90516
16400001 1.90537
16410001 1.9056
16420001 1.90579
16430001 1.90581
16440001 1.90587
16450001 1.90584
16460001 1.90598
16470001 1.90591
16480001 1.90592
16490001 1.90565
16500001 1.90608
16510001 1.90609
16520001 1.90619
16530001 1.90624
16540001 1.90651
16550001 1.90641
16560001 1.90665
16570001 1.90647
16580001 1.90692
16590001 1.9069
16600001 1.90673
16610001 1.90663
16620001 1.90682
16630001 1.90663
16640001 1.90663
16650001 1.90656
16660001 1.90651
16670001 1.90639
16680001 1.90674
16690001 1.90698
16700001 1.90696
16710001 1.90704
16720001 1.90717
16730001 1.90714
16740001 1.90727
16750001 1.90745
16760001 1.90776
16770001 1.90745
16780001 1.90759
16790001 1.90771
16800001 1.90764
16810001 1.90775
16820001 1.90793
16830001 1.9081
16840001 1.90824
16850001 1.90818
16860001 1.90823
16870001 1.90794
16880001 1.90816
16890001 1.90828
16900001 1.90808
16910001 1.90865
16920001 1.90875
16930001 1.9085
16940001 1.90886
16950001 1.90886
16960001 1.90917
16970001 1.90893
16980001 1.90891
16990001 1.90875
17000001 1.90904
17010001 1.90891
17020001 1.90883
17030001 1.9091
17040001 1.90929
17050001 1.909
17060001 1.90887
17070001 1.90894
17080001 1.90877
17090001 1.90882
17100001 1.90909
17110001 1.90906
17120001 1.90897
17130001 1.90909
17140001 1.90885
17150001 1.90866
17160001 1.9086
17170001 1.90845
17180001 1.90867
17190001 1.90903
17200001 1.909
17210001 1.90934
17220001 1.90958
17230001 1.90938
17240001 1.90938
17250001 1.90957
17260001 1.90993
17270001 1.91012
17280001 1.91061
17290001 1.91088
17300001 1.91094
17310001 1.91065
17320001 1.91023
17330001 1.91006
17340001 1.91006
17350001 1.91019
17360001 1.91005
17370001 1.91003
17380001 1.91007
17390001 1.91023
17400001 1.91032
17410001 1.91054
17420001 1.91076
17430001 1.91123
17440001 1.911
17450001 1.9109
17460001 1.91093
17470001 1.91104
17480001 1.91133
17490001 1.91182
17500001 1.91191
17510001 1.91184
17520001 1.91182
17530001 1.91205
17540001 1.91202
17550001 1.91192
17560001 1.91201
17570001 1.9121
17580001 1.91228
17590001 1.91205
17600001 1.91197
17610001 1.9121
17620001 1.91214
17630001 1.9124
17640001 1.91276
17650001 1.91243
17660001 1.91274
17670001 1.91295
17680001 1.91302
17690001 1.9131
17700001 1.91325
17710001 1.9131
17720001 1.9134
17730001 1.91362
17740001 1.91403
17750001 1.91419
17760001 1.91454
17770001 1.91429
17780001 1.91408
17790001 1.91433
17800001 1.91425
17810001 1.91406
17820001 1.91401
17830001 1.91407
17840001 1.91439
17850001 1.91457
17860001 1.91494
17870001 1.91516
17880001 1.91509
17890001 1.91507
17900001 1.91521
17910001 1.91537
17920001 1.9157
17930001 1.91561
17940001 1.91529
17950001 1.91582
17960001 1.91606
17970001 1.91615
17980001 1.91606
17990001 1.91601
18000001 1.91603
18010001 1.91619
18020001 1.91625
18030001 1.91629
18040001 1.91628
18050001 1.91621
18060001 1.916
18070001 1.9163
18080001 1.91638
18090001 1.91687
18100001 1.91675
18110001 1.91718
18120001 1.91694
18130001 1.91703
18140001 1.91722
18150001 1.91714
18160001 1.91713
18170001 1.91722
18180001 1.91704
18190001 1.91703
18200001 1.91728
18210001 1.91745
18220001 1.91757
18230001 1.9174
18240001 1.91712
18250001 1.91745
18260001 1.91742
18270001 1.91753
18280001 1.91751
18290001 1.91814
18300001 1.91845
18310001 1.91876
18320001 1.91894
18330001 1.91918
18340001 1.91923
18350001 1.91921
18360001 1.91913
18370001 1.91916
18380001 1.91924
18390001 1.91949
18400001 1.9195
18410001 1.91947
18420001 1.91959
18430001 1.91954
18440001 1.91968
18450001 1.91961
18460001 1.91955
18470001 1.91969
18480001 1.91993
18490001 1.91997
18500001 1.91969
18510001 1.91994
18520001 1.92009
18530001 1.92038
18540001 1.9205
18550001 1.92058
18560001 1.92046
18570001 1.92073
18580001 1.92103
18590001 1.92124
18600001 1.92144
18610001 1.92167
18620001 1.92169
18630001 1.92155
18640001 1.92222
18650001 1.92234
18660001 1.92219
18670001 1.92246
18680001 1.92236
18690001 1.92252
18700001 1.92268
18710001 1.92258
18720001 1.92265
18730001 1.92264
18740001 1.92249
18750001 1.92275
18760001 1.92281
18770001 1.92277
18780001 1.92321
18790001 1.92322
18800001 1.92328
18810001 1.92349
18820001 1.92377
18830001 1.92386
18840001 1.92401
18850001 1.92412
18860001 1.9243
18870001 1.92425
18880001 1.92405
18890001 1.92395
18900001 1.92395
18910001 1.92391
18920001 1.92442
18930001 1.9246
18940001 1.925
18950001 1.92485
18960001 1.92485
18970001 1.92501
18980001 1.92512
18990001 1.92512
19000001 1.92503
19010001 1.92501
19020001 1.92478
19030001 1.92461
19040001 1.92458
19050001 1.92462
19060001 1.92459
19070001 1.92479
19080001 1.92482
19090001 1.92494
19100001 1.92494
19110001 1.92496
19120001 1.92525
19130001 1.92528
19140001 1.9251
19150001 1.92492
19160001 1.92516
19170001 1.92493
19180001 1.92501
19190001 1.92525
19200001 1.92525
19210001 1.9251
19220001 1.92516
19230001 1.92515
19240001 1.92525
19250001 1.92532
19260001 1.92516
19270001 1.92524
19280001 1.9254
19290001 1.92542
19300001 1.92535
19310001 1.92572
19320001 1.92575
19330001 1.92591
19340001 1.92614
19350001 1.92619
19360001 1.92558
19370001 1.92556
19380001 1.92563
19390001 1.92562
19400001 1.92564
19410001 1.92599
19420001 1.92578
19430001 1.92601
19440001 1.92599
19450001 1.92598
19460001 1.92601
19470001 1.92603
19480001 1.92632
19490001 1.92627
19500001 1.92601
19510001 1.9263
19520001 1.92677
19530001 1.92661
19540001 1.92644
19550001 1.92652
19560001 1.92659
19570001 1.92677
19580001 1.92695
19590001 1.9273
19600001 1.92694
19610001 1.92683
19620001 1.92681
19630001 1.92714
19640001 1.92724
19650001 1.92748
19660001 1.92749
19670001 1.92787
19680001 1.92807
19690001 1.92826
19700001 1.92829
19710001 1.92835
19720001 1.92828
19730001 1.92804
19740001 1.92809
19750001 1.92796
19760001 1.92817
19770001 1.92839
19780001 1.92812
19790001 1.92829
19800001 1.92862
19810001 1.92874
19820001 1.92898
19830001 1.92899
19840001 1.9291
19850001 1.92921
19860001 1.92931
19870001 1.92951
19880001 1.92988
19890001 1.92971
19900001 1.92981
19910001 1.92996
19920001 1.92997
19930001 1.93003
19940001 1.93027
19950001 1.93041
19960001 1.93037
19970001 1.93007
19980001 1.9305
19990001 1.93058
20000001 1.93055
20010001 1.93098
20020001 1.93097
20030001 1.93085
20040001 1.93085
20050001 1.93112
20060001 1.93126
20070001 1.93158
20080001 1.93141
20090001 1.93155
20100001 1.93139
20110001 1.93144
20120001 1.93168
20130001 1.93127
20140001 1.93108
20150001 1.93115
20160001 1.93122
20170001 1.93142
20180001 1.93136
20190001 1.93153
20200001 1.93119
20210001 1.93111
20220001 1.93142
20230001 1.93169
20240001 1.93192
20250001 1.93185
20260001 1.93185
20270001 1.9319
20280001 1.93207
20290001 1.93189
20300001 1.932
20310001 1.93219
20320001 1.9323
20330001 1.93223
20340001 1.93252
20350001 1.93247
20360001 1.93243
20370001 1.93247
20380001 1.93267
20390001 1.93253
20400001 1.93249
20410001 1.93317
20420001 1.9329
20430001 1.93314
20440001 1.93317
20450001 1.93321
20460001 1.93325
20470001 1.93394
20480001 1.93382
20490001 1.93387
20500001 1.93381
20510001 1.93419
20520001 1.93453
20530001 1.93451
20540001 1.9347
20550001 1.9347
20560001 1.93461
20570001 1.93425
20580001 1.93423
20590001 1.93448
20600001 1.935
20610001 1.93494
20620001 1.93492
20630001 1.93507
20640001 1.93531
20650001 1.93534
20660001 1.93537
20670001 1.93529
20680001 1.9354
20690001 1.93576
20700001 1.93552
20710001 1.93567
20720001 1.93589
20730001 1.93624
20740001 1.93653
20750001 1.93624
20760001 1.9364
20770001 1.93641
20780001 1.93662
20790001 1.93685
20800001 1.93667
20810001 1.93697
20820001 1.93706
20830001 1.93723
20840001 1.93712
20850001 1.9373
20860001 1.93766
20870001 1.93745
20880001 1.93755
20890001 1.93744
20900001 1.9377
20910001 1.93781
20920001 1.93783
20930001 1.93826
20940001 1.93798
20950001 1.93793
20960001 1.93834
20970001 1.9383
20980001 1.93864
20990001 1.93828
21000001 1.93837
21010001 1.93867
21020001 1.93911
21030001 1.9393
21040001 1.9392
21050001 1.93935
21060001 1.93933
21070001 1.93918
21080001 1.93928
21090001 1.93916
21100001 1.93903
21110001 1.93935
21120001 1.93929
21130001 1.93958
21140001 1.93978
21150001 1.93945
21160001 1.93971
21170001 1.93966
21180001 1.93995
21190001 1.93988
21200001 1.93981
21210001 1.9401
21220001 1.93998
21230001 1.94012
21240001 1.94033
21250001 1.9405
21260001 1.94077
21270001 1.94096
21280001 1.94094
21290001 1.94121
21300001 1.9413
21310001 1.94121
21320001 1.94164
21330001 1.9418
21340001 1.94204
21350001 1.94231
21360001 1.94202
21370001 1.94206
21380001 1.94198
21390001 1.94196
21400001 1.94204
21410001 1.94209
21420001 1.94194
21430001 1.94202
21440001 1.94225
21450001 1.94231
21460001 1.9426
21470001 1.94237
21480001 1.94257
21490001 1.9426
21500001 1.94244
21510001 1.94248
21520001 1.94249
21530001 1.94257
21540001 1.94253
21550001 1.94279
21560001 1.94307
21570001 1.94336
21580001 1.94363
21590001 1.94365
21600001 1.94356
21610001 1.94352
21620001 1.94369
21630001 1.94354
21640001 1.94395
21650001 1.94402
21660001 1.94437
21670001 1.94416
21680001 1.9445
21690001 1.9444
21700001 1.94458
21710001 1.94441
21720001 1.94431
21730001 1.94448
21740001 1.94469
21750001 1.94495
21760001 1.94497
21770001 1.94531
21780001 1.9455
21790001 1.94551
21800001 1.94554
21810001 1.94532
21820001 1.94553
21830001 1.9457
21840001 1.94544
21850001 1.94558
21860001 1.94587
21870001 1.94581
21880001 1.94586
21890001 1.94587
21900001 1.9459
21910001 1.94593
21920001 1.94597
21930001 1.94624
21940001 1.94626
21950001 1.94655
21960001 1.94631
21970001 1.9467
21980001 1.94689
21990001 1.94698
22000001 1.94745
22010001 1.94753
22020001 1.94776
22030001 1.94782
22040001 1.94788
22050001 1.94812
22060001 1.94802
22070001 1.94844
22080001 1.94863
22090001 1.94845
22100001 1.94868
22110001 1.9486
22120001 1.94888
22130001 1.94886
22140001 1.94879
22150001 1.94897
22160001 1.94858
22170001 1.94874
22180001 1.94894
22190001 1.94891
22200001 1.94918
22210001 1.94947
22220001 1.9497
22230001 1.94987
22240001 1.95002
22250001 1.94992
22260001 1.94951
22270001 1.94968
22280001 1.94963
22290001 1.94982
22300001 1.95042
22310001 1.95032
22320001 1.95031
22330001 1.95033
22340001 1.95029
22350001 1.95035
22360001 1.95066
22370001 1.95073
22380001 1.95076
22390001 1.95079
22400001 1.95097
22410001 1.95092
22420001 1.95104
22430001 1.95117
22440001 1.9518
22450001 1.95181
22460001 1.95185
22470001 1.9519
22480001 1.95197
22490001 1.95196
22500001 1.95196
22510001 1.95195
22520001 1.95179
22530001 1.95198
22540001 1.95235
22550001 1.95226
22560001 1.95238
22570001 1.95223
22580001 1.95234
22590001 1.95272
22600001 1.95274
22610001 1.95292
22620001 1.95303
22630001 1.95296
22640001 1.95314
22650001 1.95293
22660001 1.95298
22670001 1.95311
22680001 1.95326
22690001 1.95308
22700001 1.95325
22710001 1.95358
22720001 1.95358
22730001 1.95337
22740001 1.95357
22750001 1.95381
22760001 1.95396
22770001 1.95395
22780001 1.95418
22790001 1.9541
22800001 1.95469
22810001 1.95457
22820001 1.95453
22830001 1.95432
22840001 1.95433
22850001 1.95441
22860001 1.95451
22870001 1.95478
22880001 1.95488
22890001 1.95477
22900001 1.95498
22910001 1.95505
22920001 1.95523
22930001 1.95555
22940001 1.95569
22950001 1.95537
22960001 1.95541
22970001 1.95533
22980001 1.95559
22990001 1.95577
23000001 1.95606
23010001 1.95599
23020001 1.95622
23030001 1.95622
23040001 1.95609
23050001 1.95622
23060001 1.95662
23070001 1.95706
23080001 1.95686
23090001 1.95684
23100001 1.95672
23110001 1.95706
23120001 1.95718
23130001 1.95732
23140001 1.95722
23150001 1.95707
23160001 1.95733
23170001 1.95728
23180001 1.95722
23190001 1.95703
23200001 1.95717
23210001 1.9573
23220001 1.95751
23230001 1.95763
23240001 1.95753
23250001 1.95764
23260001 1.95755
23270001 1.95777
23280001 1.95779
23290001 1.95819
23300001 1.9581
23310001 1.95803
23320001 1.95833
23330001 1.95848
23340001 1.95845
23350001 1.95866
23360001 1.95873
23370001 1.95864
23380001 1.95851
23390001 1.9586
23400001 1.95892
23410001 1.95868
23420001 1.95885
23430001 1.95897
23440001 1.95908
23450001 1.95921
23460001 1.95938
23470001 1.95932
23480001 1.95928
23490001 1.95955
23500001 1.95969
23510001 1.95969
23520001 1.95993
23530001 1.95981
23540001 1.95974
23550001 1.95993
23560001 1.96018
23570001 1.96034
23580001 1.9605
23590001 1.9602
23600001 1.96056
23610001 1.96064
23620001 1.96065
23630001 1.96093
23640001 1.96135
23650001 1.96119
23660001 1.96127
23670001 1.96118
23680001 1.96146
23690001 1.96137
23700001 1.96147
23710001 1.96173
23720001 1.96181
23730001 1.96196
23740001 1.96176
23750001 1.96195
23760001 1.96195
23770001 1.96204
23780001 1.96232
23790001 1.96209
23800001 1.96205
23810001 1.96202
23820001 1.96229
23830001 1.96247
23840001 1.96292
23850001 1.96262
23860001 1.96301
23870001 1.96305
23880001 1.96306
23890001 1.96332
23900001 1.96334
23910001 1.9634
23920001 1.96357
23930001 1.96354
23940001 1.96347
23950001 1.96353
23960001 1.96389
23970001 1.96396
23980001 1.96402
23990001 1.96409
24000001 1.96396
24010001 1.96403
24020001 1.96392
24030001 1.96429
24040001 1.96438
24050001 1.96465
24060001 1.96476
24070001 1.96509
24080001 1.96488
24090001 1.96449
24100001 1.96437
24110001 1.96445
24120001 1.96444
24130001 1.9646
24140001 1.96441
24150001 1.96461
24160001 1.96492
24170001 1.96521
24180001 1.96541
24190001 1.9654
24200001 1.96571
24210001 1.96603
24220001 1.96593
24230001 1.96591
24240001 1.96623
24250001 1.96634
24260001 1.96642
24270001 1.96611
24280001 1.96607
24290001 1.96596
24300001 1.96602
24310001 1.96592
24320001 1.96596
24330001 1.96612
24340001 1.96623
24350001 1.96637
24360001 1.96602
24370001 1.96598
24380001 1.96625
24390001 1.96656
24400001 1.96646
24410001 1.967
24420001 1.96664
24430001 1.9668
24440001 1.96724
24450001 1.96699
24460001 1.96694
24470001 1.96693
24480001 1.96692
24490001 1.96696
24500001 1.96716
24510001 1.96694
24520001 1.96686
24530001 1.96708
24540001 1.96709
24550001 1.96722
24560001 1.96708
24570001 1.96706
24580001 1.96717
24590001 1.96701
24600001 1.96696
24610001 1.96705
24620001 1.96692
24630001 1.96696
24640001 1.96711
24650001 1.96722
24660001 1.96721
24670001 1.96699
24680001 1.96698
24690001 1.96702
24700001 1.96718
24710001 1.96713
24720001 1.96735
24730001 1.96763
24740001 1.96763
24750001 1.96796
24760001 1.96793
24770001 1.96824
24780001 1.9684
24790001 1.96856
24800001 1.96854
24810001 1.96861
24820001 1.96841
24830001 1.96862
24840001 1.96866
24850001 1.96881
24860001 1.96949
24870001 1.96959
24880001 1.96989
24890001 1.96994
24900001 1.96993
24910001 1.9702
24920001 1.97022
24930001 1.9703
24940001 1.97055
24950001 1.97059
24960001 1.97072
24970001 1.97068
24980001 1.97031
24990001 1.97009
25000001 1.97019
25010001 1.97031
25020001 1.97042
25030001 1.97066
25040001 1.97038
25050001 1.9706
25060001 1.97058
25070001 1.97052
25080001 1.9707
25090001 1.97085
25100001 1.97088
25110001 1.97096
25120001 1.97113
25130001 1.97093
25140001 1.97094
25150001 1.97119
25160001 1.97135
25170001 1.97139
25180001 1.97131
25190001 1.9712
25200001 1.9714
25210001 1.97148
25220001 1.97185
25230001 1.97194
25240001 1.97178
25250001 1.97213
25260001 1.97241
25270001 1.97279
25280001 1.9727
25290001 1.97289
25300001 1.97313
25310001 1.97305
25320001 1.97304
25330001 1.97326
25340001 1.97309
25350001 1.97337
25360001 1.97313
25370001 1.97331
25380001 1.97363
25390001 1.97353
25400001 1.97348
25410001 1.97356
25420001 1.97384
25430001 1.97389
25440001 1.97376
25450001 1.97402
25460001 1.9741
25470001 1.97398
25480001 1.97405
25490001 1.97426
25500001 1.97428
25510001 1.97437
25520001 1.97444
25530001 1.97478
25540001 1.97507
25550001 1.975
25560001 1.97508
25570001 1.97513
25580001 1.97521
25590001 1.97524
25600001 1.97555
25610001 1.97563
25620001 1.97561
25630001 1.97598
25640001 1.976
25650001 1.97603
25660001 1.97643
25670001 1.97652
25680001 1.97658
25690001 1.97651
25700001 1.97661
25710001 1.97635
25720001 1.97637
25730001 1.9765
25740001 1.97676
25750001 1.97676
25760001 1.97695
25770001 1.97691
25780001 1.97687
25790001 1.9768
25800001 1.97718
25810001 1.97728
25820001 1.97718
25830001 1.97745
25840001 1.97759
25850001 1.97784
25860001 1.97816
25870001 1.97805
25880001 1.97826
25890001 1.97855
25900001 1.97871
25910001 1.97893
25920001 1.97909
25930001 1.97932
25940001 1.98504
25950001 1.98393
25960001 1.98055
25970001 1.98033
25980001 1.98033
25990001 1.98054
26000001 1.9805
26010001 1.98042
26020001 1.98069
26030001 1.98069
26040001 1.98078
26050001 1.98091
26060001 1.9813
26070001 1.98132
26080001 1.98112
26090001 1.98102
26100001 1.98112
26110001 1.98143
26120001 1.98113
26130001 1.98133
26140001 1.98127
26150001 1.9815
26160001 1.98133
26170001 1.98134
26180001 1.98136
26190001 1.9813
26200001 1.98132
26210001 1.98141
26220001 1.98135
26230001 1.98139
26240001 1.98113
26250001 1.98119
26260001 1.98121
26270001 1.98129
26280001 1.98173
26290001 1.98152
26300001 1.98125
26310001 1.98105
26320001 1.981
26330001 1.98091
26340001 1.98093
26350001 1.98103
26360001 1.98084
26370001 1.98078
26380001 1.98094
26390001 1.98116
26400001 1.98155
26410001 1.98186
26420001 1.98212
26430001 1.98206
26440001 1.9822
26450001 1.9819
26460001 1.98192
26470001 1.98198
26480001 1.98201
26490001 1.98203
26500001 1.98218
26510001 1.98222
26520001 1.9823
26530001 1.98219
26540001 1.98196
26550001 1.98178
26560001 1.98191
26570001 1.98192
26580001 1.98203
26590001 1.98203
26600001 1.98226
26610001 1.98267
26620001 1.98277
26630001 1.98296
26640001 1.98294
26650001 1.98295
26660001 1.98328
26670001 1.98366
26680001 1.98354
26690001 1.98357
26700001 1.98352
26710001 1.98339
26720001 1.98347
26730001 1.98342
26740001 1.98339
26750001 1.98348
26760001 1.9835
26770001 1.98359
26780001 1.9838
26790001 1.98369
26800001 1.98379
26810001 1.98422
26820001 1.98437
26830001 1.98443
26840001 1.9846
26850001 1.98466
26860001 1.98469
26870001 1.98477
26880001 1.98491
26890001 1.98497
26900001 1.98496
26910001 1.9851
26920001 1.98512
26930001 1.9854
26940001 1.98583
26950001 1.98571
26960001 1.98604
26970001 1.98609
26980001 1.98626
26990001 1.98593
27000001 1.98604
27010001 1.98613
27020001 1.98614
27030001 1.98616
27040001 1.98645
27050001 1.98624
27060001 1.98632
27070001 1.98624
27080001 1.98611
27090001 1.98611
27100001 1.98629
27110001 1.9864
27120001 1.98618
27130001 1.98612
27140001 1.98588
27150001 1.98601
27160001 1.98581
27170001 1.98577
27180001 1.98584
27190001 1.98605
27200001 1.98603
27210001 1.98619
27220001 1.98624
27230001 1.98635
27240001 1.98634
27250001 1.98641
27260001 1.98649
27270001 1.98654
27280001 1.9868
27290001 1.98698
27300001 1.98697
27310001 1.98695
27320001 1.98693
27330001 1.98669
27340001 1.98695
27350001 1.9868
27360001 1.98708
27370001 1.98747
27380001 1.9874
27390001 1.98758
27400001 1.98745
27410001 1.98774
27420001 1.98786
27430001 1.98772
27440001 1.98764
27450001 1.98776
27460001 1.98773
27470001 1.98771
27480001 1.98784
27490001 1.98779
27500001 1.98769
27510001 1.98814
27520001 1.9883
27530001 1.98825
27540001 1.98847
27550001 1.98885
27560001 1.98905
27570001 1.98922
27580001 1.98913
27590001 1.98922
27600001 1.98916
27610001 1.98926
27620001 1.98932
27630001 1.98921
27640001 1.98947
27650001 1.98967
27660001 1.98976
27670001 1.98983
27680001 1.9902
27690001 1.99063
27700001 1.99076
27710001 1.99075
27720001 1.99075
27730001 1.99064
27740001 1.99081
27750001 1.99078
27760001 1.99108
27770001 1.99096
27780001 1.99111
27790001 1.99073
27800001 1.99123
27810001 1.99128
27820001 1.99144
27830001 1.99127
27840001 1.99141
27850001 1.99155
27860001 1.99173
27870001 1.99175
27880001 1.99172
27890001 1.99186
27900001 1.99205
27910001 1.99216
27920001 1.99239
27930001 1.99223
27940001 1.99196
27950001 1.99195
27960001 1.99195
27970001 1.99213
27980001 1.99208
27990001 1.99227
28000001 1.9922
28010001 1.99254
28020001 1.99274
28030001 1.99275
28040001 1.99269
28050001 1.99313
28060001 1.99311
28070001 1.99325
28080001 1.99328
28090001 1.99356
28100001 1.99353
28110001 1.99362
28120001 1.99398
28130001 1.99402
28140001 1.99388
28150001 1.99368
28160001 1.99354
28170001 1.99359
28180001 1.99362
28190001 1.99372
28200001 1.99354
28210001 1.99362
28220001 1.99359
28230001 1.99371
28240001 1.99385
28250001 1.99371
28260001 1.99364
28270001 1.99369
28280001 1.99351
28290001 1.99346
28300001 1.99341
28310001 1.99378
28320001 1.99346
28330001 1.99377
28340001 1.99394
28350001 1.99399
28360001 1.99389
28370001 1.99386
28380001 1.99401
28390001 1.99375
28400001 1.99385
28410001 1.994
28420001 1.99413
28430001 1.99453
28440001 1.99455
28450001 1.99458
28460001 1.99503
28470001 1.99508
28480001 1.9949
28490001 1.99519
28500001 1.99514
28510001 1.99532
28520001 1.99542
28530001 1.99565
28540001 1.99607
28550001 1.99634
28560001 1.99653
28570001 1.99688
28580001 1.99678
28590001 1.99718
28600001 1.99742
28610001 1.99701
28620001 1.99688
28630001 1.99682
28640001 1.99724
28650001 1.99737
28660001 1.99733
28670001 1.99733
28680001 1.99744
28690001 1.99776
28700001 1.99778
28710001 1.99808
28720001 1.99789
28730001 1.99804
28740001 1.99808
28750001 1.99792
28760001 1.9979
28770001 1.99802
28780001 1.99837
28790001 1.99846
28800001 1.99867
28810001 1.99868
28820001 1.99856
28830001 1.9988
28840001 1.9989
28850001 1.9988
28860001 1.99875
28870001 1.99912
28880001 1.99924
28890001 1.99908
28900001 1.99894
28910001 1.99916
28920001 1.99912
28930001 1.99934
28940001 1.99942
28950001 1.99946
28960001 1.99953
28970001 1.99958
28980001 1.99994
28990001 2.00002
29000001 2.00026
29010001 2.00011
29020001 2.00022
29030001 2.00017
29040001 2.00037
29050001 2.00037
29060001 2.00046
29070001 2.00103
29080001 2.00106
29090001 2.00105
29100001 2.00114
29110001 2.0014
29120001 2.00162
29130001 2.00176
29140001 2.0014
29150001 2.00123
29160001 2.0011
29170001 2.00134
29180001 2.00148
29190001 2.0013
29200001 2.00159
29210001 2.00182
29220001 2.00195
29230001 2.00178
29240001 2.00176
29250001 2.0018
29260001 2.00198
29270001 2.00205
29280001 2.00232
29290001 2.00257
29300001 2.00277
29310001 2.00258
29320001 2.00238
29330001 2.00238
29340001 2.00256
29350001 2.00274
29360001 2.00302
29370001 2.00308
29380001 2.00349
29390001 2.00338
29400001 2.00316
29410001 2.00337
29420001 2.00361
29430001 2.00335
29440001 2.00338
29450001 2.00369
29460001 2.00385
29470001 2.00395
29480001 2.00421
29490001 2.00437
29500001 2.00427
29510001 2.00448
29520001 2.00474
29530001 2.00476
29540001 2.00479
29550001 2.00487
29560001 2.00473
29570001 2.00474
29580001 2.00493
29590001 2.00519
29600001 2.00515
29610001 2.00555
29620001 2.00578
29630001 2.0056
29640001 2.00584
29650001 2.00572
29660001 2.00569
29670001 2.00567
29680001 2.00573
29690001 2.00559
29700001 2.00531
29710001 2.00556
29720001 2.00563
29730001 2.006
29740001 2.00611
29750001 2.0063
29760001 2.00666
29770001 2.0067
29780001 2.00689
29790001 2.00701
29800001 2.0071
29810001 2.00737
29820001 2.00738
29830001 2.00742
29840001 2.00777
29850001 2.00754
29860001 2.00744
29870001 2.00743
29880001 2.0073
29890001 2.0078
29900001 2.00777
29910001 2.00766
29920001 2.00782
29930001 2.00806
29940001 2.00812
29950001 2.00841
29960001 2.00851
29970001 2.00877
29980001 2.00882
29990001 2.0089
30000001 2.00894
30010001 2.00903
30020001 2.009
30030001 2.00916
30040001 2.00915
30050001 2.00909
30060001 2.00927
30070001 2.00987
30080001 2.00977
30090001 2.01026
30100001 2.01028
30110001 2.01039
30120001 2.01056
30130001 2.0105
30140001 2.01084
30150001 2.01109
30160001 2.01084
30170001 2.01068
30180001 2.01076
30190001 2.011
30200001 2.01094
30210001 2.01108
30220001 2.01111
30230001 2.01142
30240001 2.01173
30250001 2.01187
30260001 2.01192
30270001 2.01186
30280001 2.01202
30290001 2.01176
30300001 2.01195
30310001 2.01193
30320001 2.01197
30330001 2.01177
30340001 2.01158
30350001 2.0118
30360001 2.01214
30370001 2.01212
30380001 2.01201
30390001 2.01196
30400001 2.01216
30410001 2.01252
30420001 2.01263
30430001 2.01263
30440001 2.01264
30450001 2.01283
30460001 2.01274
30470001 2.01294
30480001 2.01285
30490001 2.01309
30500001 2.0132
30510001 2.01332
30520001 2.01331
30530001 2.01324
30540001 2.01331
30550001 2.01369
30560001 2.01363
30570001 2.01371
30580001 2.01385
30590001 2.01416
30600001 2.01417
30610001 2.01445
30620001 2.01478
30630001 2.01483
30640001 2.01472
30650001 2.01463
30660001 2.01455
30670001 2.01467
30680001 2.01452
30690001 2.01452
30700001 2.01499
30710001 2.01481
30720001 2.015
30730001 2.01508
30740001 2.0153
30750001 2.01572
30760001 2.0155
30770001 2.01571
30780001 2.01558
30790001 2.01586
30800001 2.01562
30810001 2.01547
30820001 2.01618
30830001 2.01633
30840001 2.01639
30850001 2.01676
30860001 2.01657
30870001 2.01645
30880001 2.0167
30890001 2.01685
30900001 2.01663
30910001 2.01679
30920001 2.01712
30930001 2.01704
30940001 2.01695
30950001 2.01686
30960001 2.0167
30970001 2.0167
30980001 2.01666
30990001 2.01657
31000001 2.01652
31010001 2.01641
31020001 2.01627
31030001 2.01642
31040001 2.01632
31050001 2.01658
31060001 2.01671
31070001 2.01716
31080001 2.01725
31090001 2.01701
31100001 2.01701
31110001 2.01708
31120001 2.01725
31130001 2.01726
31140001 2.01742
31150001 2.01734
31160001 2.01766
31170001 2.01756
31180001 2.01742
31190001 2.0175
31200001 2.01765
31210001 2.01783
31220001 2.01803
31230001 2.01809
31240001 2.01799
31250001 2.01777
31260001 2.01787
31270001 2.01802
31280001 2.01805
31290001 2.01792
31300001 2.01789
31310001 2.01809
31320001 2.01815
31330001 2.01831
31340001 2.01829
31350001 2.01848
31360001 2.01872
31370001 2.01852
31380001 2.01853
31390001 2.01819
31400001 2.01841
31410001 2.01876
31420001 2.01855
31430001 2.01859
31440001 2.01858
31450001 2.01848
31460001 2.01876
31470001 2.01878
31480001 2.01911
31490001 2.01933
31500001 2.01931
31510001 2.01931
31520001 2.01943
31530001 2.01977
31540001 2.0197
31550001 2.01977
31560001 2.01986
31570001 2.01992
31580001 2.02001
31590001 2.02005
31600001 2.01991
31610001 2.01984
31620001 2.01999
31630001 2.02043
31640001 2.02054
31650001 2.02066
31660001 2.02081
31670001 2.02092
31680001 2.02071
31690001 2.02087
31700001 2.02102
31710001 2.0216
31720001 2.0216
31730001 2.02176
31740001 2.02194
31750001 2.02211
31760001 2.02236
31770001 2.02236
31780001 2.02232
31790001 2.02261
31800001 2.02274
31810001 2.02298
31820001 2.02292
31830001 2.02294
31840001 2.0231
31850001 2.02315
31860001 2.02371
31870001 2.02356
31880001 2.0236
31890001 2.02365
31900001 2.02339
31910001 2.02358
31920001 2.0236
31930001 2.02384
31940001 2.02399
31950001 2.0241
31960001 2.02405
31970001 2.02412
31980001 2.02437
31990001 2.02431
32000001 2.02429
32010001 2.02442
32020001 2.02425
32030001 2.02424
32040001 2.02405
32050001 2.02431
32060001 2.02426
32070001 2.02421
32080001 2.02419
32090001 2.02413
32100001 2.02429
32110001 2.02444
32120001 2.02428
32130001 2.02429
32140001 2.02424
32150001 2.02429
32160001 2.02449
32170001 2.0244
32180001 2.02426
32190001 2.02428
32200001 2.02457
32210001 2.02477
32220001 2.02483
32230001 2.02519
32240001 2.02533
32250001 2.02556
32260001 2.02564
32270001 2.02546
32280001 2.02566
32290001 2.02592
32300001 2.02623
32310001 2.02621
32320001 2.02641
32330001 2.02662
32340001 2.02643
32350001 2.02645
32360001 2.02624
32370001 2.02634
32380001 2.02638
32390001 2.02594
32400001 2.02588
32410001 2.02582
32420001 2.02627
32430001 2.02608
32440001 2.02615
32450001 2.02596
32460001 2.02599
32470001 2.0262
32480001 2.02661
32490001 2.02654
32500001 2.02649
32510001 2.02645
32520001 2.02626
32530001 2.02632
32540001 2.02619
32550001 2.02616
32560001 2.02626
32570001 2.02618
32580001 2.0262
32590001 2.0263
32600001 2.02624
32610001 2.02583
32620001 2.02603
32630001 2.02608
32640001 2.02625
32650001 2.02658
32660001 2.02668
32670001 2.02679
32680001 2.02701
32690001 2.02733
32700001 2.02765
32710001 2.02793
32720001 2.02798
32730001 2.02777
32740001 2.02793
32750001 2.0279
32760001 2.02795
32770001 2.02788
32780001 2.02784
32790001 2.02778
32800001 2.02777
32810001 2.02786
32820001 2.02763
32830001 2.02794
32840001 2.02797
32850001 2.02812
32860001 2.0285
32870001 2.02852
32880001 2.02873
32890001 2.02897
32900001 2.02911
32910001 2.02903
32920001 2.02909
32930001 2.02898
32940001 2.02944
32950001 2.02968
32960001 2.02997
32970001 2.03017
32980001 2.03037
32990001 2.03021
33000001 2.0301
33010001 2.03037
33020001 2.03039
33030001 2.03041
33040001 2.03087
33050001 2.03076
33060001 2.03072
33070001 2.0309
33080001 2.03088
33090001 2.03126
33100001 2.03128
33110001 2.03113
33120001 2.03107
33130001 2.03121
33140001 2.03122
33150001 2.03146
33160001 2.03188
33170001 2.03185
33180001 2.03213
33190001 2.03209
33200001 2.0323
33210001 2.03195
33220001 2.03198
33230001 2.03228
33240001 2.03247
33250001 2.03251
33260001 2.03243
33270001 2.03271
33280001 2.03268
33290001 2.03259
33300001 2.03259
33310001 2.03253
33320001 2.03279
33330001 2.03256
33340001 2.03279
33350001 2.03283
33360001 2.03315
33370001 2.03321
33380001 2.03356
33390001 2.03369
33400001 2.03371
33410001 2.0338
33420001 2.03384
33430001 2.03374
33440001 2.03386
33450001 2.03398
33460001 2.03409
33470001 2.03392
33480001 2.03356
33490001 2.03368
33500001 2.03386
33510001 2.03382
33520001 2.03364
33530001 2.03323
33540001 2.03315
33550001 2.03326
33560001 2.03345
33570001 2.03362
33580001 2.03319
33590001 2.03349
33600001 2.03334
33610001 2.03334
33620001 2.03358
33630001 2.03377
33640001 2.03363
33650001 2.03389
33660001 2.03387
33670001 2.03386
33680001 2.03395
33690001 2.03389
33700001 2.03392
33710001 2.03368
33720001 2.03365
33730001 2.03405
33740001 2.0341
33750001 2.03409
33760001 2.03421
33770001 2.03467
33780001 2.03442
33790001 2.03457
33800001 2.03445
33810001 2.03433
33820001 2.03439
33830001 2.03463
33840001 2.03468
33850001 2.03472
33860001 2.03486
33870001 2.03493
33880001 2.03519
33890001 2.03566
33900001 2.03579
33910001 2.03583
33920001 2.03592
33930001 2.0361
33940001 2.03623
33950001 2.03636
33960001 2.0362
33970001 2.03646
33980001 2.03662
33990001 2.03671
34000001 2.03686
34010001 2.03697
34020001 2.03683
34030001 2.03672
34040001 2.0368
34050001 2.03688
34060001 2.03722
34070001 2.037
34080001 2.03715
34090001 2.03711
34100001 2.03691
34110001 2.03699
34120001 2.03731
34130001 2.03732
34140001 2.03718
34150001 2.03739
34160001 2.03771
34170001 2.03766
34180001 2.03784
34190001 2.03782
34200001 2.03817
34210001 2.03804
34220001 2.0381
34230001 2.03835
34240001 2.03823
34250001 2.0382
34260001 2.03785
34270001 2.03818
34280001 2.03836
34290001 2.03859
34300001 2.03872
34310001 2.03886
34320001 2.03878
34330001 2.03875
34340001 2.03919
34350001 2.03943
34360001 2.03964
34370001 2.03977
34380001 2.03962
34390001 2.03964
34400001 2.03948
34410001 2.03954
34420001 2.03971
34430001 2.03981
34440001 2.04057
34450001 2.04043
34460001 2.04047
34470001 2.04062
34480001 2.0406
34490001 2.04026
34500001 2.04027
34510001 2.0404
34520001 2.04072
34530001 2.04075
34540001 2.0408
34550001 2.04105
34560001 2.04108
34570001 2.04123
34580001 2.04164
34590001 2.0419
34600001 2.04171
34610001 2.04213
34620001 2.04161
34630001 2.04149
34640001 2.04145
34650001 2.04127
34660001 2.04121
34670001 2.04136
34680001 2.04169
34690001 2.0416
34700001 2.04159
34710001 2.04157
34720001 2.04153
34730001 2.0415
34740001 2.04182
34750001 2.04206
34760001 2.04188
34770001 2.04176
34780001 2.04191
34790001 2.04197
34800001 2.04221
34810001 2.04232
34820001 2.04241
34830001 2.04252
34840001 2.0425
34850001 2.04253
34860001 2.04244
34870001 2.04245
34880001 2.04266
34890001 2.04278
34900001 2.04293
34910001 2.04299
34920001 2.0428
34930001 2.04298
34940001 2.0433
34950001 2.04345
34960001 2.0434
34970001 2.04327
34980001 2.04358
34990001 2.04362
35000001 2.04364
35010001 2.0436
35020001 2.04376
35030001 2.04422
35040001 2.0443
35050001 2.04435
35060001 2.04432
35070001 2.04425
35080001 2.04445
35090001 2.04428
35100001 2.04434
35110001 2.04429
35120001 2.04423
35130001 2.04435
35140001 2.04425
35150001 2.04452
35160001 2.04479
35170001 2.04521
35180001 2.04489
35190001 2.04462
35200001 2.04481
35210001 2.04495
35220001 2.04469
35230001 2.04477
35240001 2.04478
35250001 2.04477
35260001 2.04493
35270001 2.04491
35280001 2.04471
35290001 2.04474
35300001 2.04488
35310001 2.04493
35320001 2.04499
35330001 2.04498
35340001 2.04527
35350001 2.04523
35360001 2.04548
35370001 2.04554
35380001 2.0455
35390001 2.04546
35400001 2.04587
35410001 2.04566
35420001 2.04581
35430001 2.04571
35440001 2.04598
35450001 2.04568
35460001 2.04557
35470001 2.04578
35480001 2.04568
35490001 2.04582
35500001 2.04582
35510001 2.04608
35520001 2.04609
35530001 2.04623
35540001 2.04597
35550001 2.04617
35560001 2.04634
35570001 2.04632
35580001 2.0463
35590001 2.04645
35600001 2.04671
35610001 2.04685
35620001 2.04707
35630001 2.04678
35640001 2.04686
35650001 2.04686
35660001 2.0471
35670001 2.04721
35680001 2.04707
35690001 2.04695
35700001 2.04724
35710001 2.04747
35720001 2.04763
35730001 2.04789
35740001 2.04801
35750001 2.04817
35760001 2.04838
35770001 2.04874
35780001 2.04861
35790001 2.04886
35800001 2.04899
35810001 2.04888
35820001 2.04888
35830001 2.04875
35840001 2.0487
35850001 2.04886
35860001 2.04889
35870001 2.04914
35880001 2.04952
35890001 2.04944
35900001 2.04961
35910001 2.04982
35920001 2.04973
35930001 2.0497
35940001 2.04991
35950001 2.04983
35960001 2.05015
35970001 2.05019
35980001 2.05009
35990001 2.05027
36000001 2.05042
36010001 2.05051
36020001 2.05061
36030001 2.05079
36040001 2.05081
36050001 2.05061
36060001 2.05069
36070001 2.05084
36080001 2.05084
36090001 2.05094
36100001 2.05128
36110001 2.05099
36120001 2.05101
36130001 2.05108
36140001 2.05101
36150001 2.05137
36160001 2.05127
36170001 2.05103
36180001 2.05105
36190001 2.05117
36200001 2.05102
36210001 2.05119
36220001 2.05134
36230001 2.0511
36240001 2.05094
36250001 2.0509
36260001 2.05092
36270001 2.05107
36280001 2.05116
36290001 2.05115
36300001 2.05103
36310001 2.05116
36320001 2.0514
36330001 2.05157
36340001 2.05127
36350001 2.05143
36360001 2.05092
36370001 2.05092
36380001 2.05114
36390001 2.05147
36400001 2.05146
36410001 2.05179
36420001 2.05164
36430001 2.05205
36440001 2.05204
36450001 2.05202
36460001 2.05191
36470001 2.05222
36480001 2.05246
36490001 2.05235
36500001 2.05238
36510001 2.05244
36520001 2.0525
36530001 2.05263
36540001 2.05277
36550001 2.05298
36560001 2.05306
36570001 2.0533
36580001 2.05323
36590001 2.05339
36600001 2.05349
36610001 2.05358
36620001 2.05362
36630001 2.05377
36640001 2.05385
36650001 2.05373
36660001 2.05417
36670001 2.05463
36680001 2.0548
36690001 2.05466
36700001 2.0549
36710001 2.055
36720001 2.05492
36730001 2.05488
36740001 2.05534
36750001 2.05516
36760001 2.05489
36770001 2.05492
36780001 2.05511
36790001 2.05522
36800001 2.05523
36810001 2.05508
36820001 2.05524
36830001 2.05544
36840001 2.05568
36850001 2.05591
36860001 2.05595
36870001 2.05568
36880001 2.05577
36890001 2.05617
36900001 2.05598
36910001 2.0562
36920001 2.05598
36930001 2.05588
36940001 2.05588
36950001 2.05592
36960001 2.05591
36970001 2.05622
36980001 2.05586
36990001 2.0559
37000001 2.05599
37010001 2.05582
37020001 2.05604
37030001 2.05592
37040001 2.05611
37050001 2.05638
37060001 2.05626
37070001 2.05674
37080001 2.05694
37090001 2.05694
37100001 2.05685
37110001 2.05689
37120001 2.05698
37130001 2.05696
37140001 2.05712
37150001 2.05702
37160001 2.0571
37170001 2.05692
37180001 2.05697
37190001 2.05732
37200001 2.05744
37210001 2.05757
37220001 2.05756
37230001 2.05776
37240001 2.05774
37250001 2.05778
37260001 2.05799
37270001 2.0582
37280001 2.0581
37290001 2.05824
37300001 2.05801
37310001 2.0583
37320001 2.05829
37330001 2.05823
37340001 2.0581
37350001 2.05812
37360001 2.05818
37370001 2.05858
37380001 2.0585
37390001 2.05846
37400001 2.05826
37410001 2.05836
37420001 2.05821
37430001 2.05834
37440001 2.05841
37450001 2.05857
37460001 2.05888
37470001 2.05874
37480001 2.05866
37490001 2.05903
37500001 2.05884
37510001 2.05876
37520001 2.0588
37530001 2.05909
37540001 2.05911
37550001 2.05899
37560001 2.05895
37570001 2.05902
37580001 2.05907
37590001 2.05937
37600001 2.05931
37610001 2.05951
37620001 2.05934
37630001 2.05929
37640001 2.05946
37650001 2.05954
37660001 2.05978
37670001 2.05929
37680001 2.05908
37690001 2.0589
37700001 2.05916
37710001 2.0593
37720001 2.05957
37730001 2.05957
37740001 2.05965
37750001 2.05961
37760001 2.05952
37770001 2.05951
37780001 2.05949
37790001 2.05918
37800001 2.05912
37810001 2.05927
37820001 2.05969
37830001 2.05975
37840001 2.06019
37850001 2.06014
37860001 2.06009
37870001 2.06016
37880001 2.06033
37890001 2.06064
37900001 2.06053
37910001 2.06074
37920001 2.06073
37930001 2.06067
37940001 2.06077
37950001 2.06082
37960001 2.06101
37970001 2.06108
37980001 2.06078
37990001 2.06085
38000001 2.06082
38010001 2.0609
38020001 2.06098
38030001 2.06112
38040001 2.06145
38050001 2.06125
38060001 2.06144
38070001 2.06174
38080001 2.06198
38090001 2.06225
38100001 2.06211
38110001 2.06208
38120001 2.06214
38130001 2.0624
38140001 2.0623
38150001 2.06251
38160001 2.06262
38170001 2.06281
38180001 2.06292
38190001 2.06303
38200001 2.0629
38210001 2.06289
38220001 2.06284
38230001 2.06289
38240001 2.06318
38250001 2.06331
38260001 2.06334
38270001 2.06363
38280001 2.06376
38290001 2.06366
38300001 2.0637
38310001 2.06383
38320001 2.06395
38330001 2.06374
38340001 2.06393
38350001 2.06381
38360001 2.06386
38370001 2.06394
38380001 2.06411
38390001 2.06432
38400001 2.06427
38410001 2.0645
38420001 2.06456
38430001 2.06496
38440001 2.06487
38450001 2.06499
38460001 2.0649
38470001 2.06463
38480001 2.06485
38490001 2.06538
38500001 2.06506
38510001 2.06493
38520001 2.0649
38530001 2.06499
38540001 2.06494
38550001 2.06506
38560001 2.06506
38570001 2.06533
38580001 2.06512
38590001 2.06498
38600001 2.06509
38610001 2.06504
38620001 2.06482
38630001 2.06488
38640001 2.06525
38650001 2.06542
38660001 2.06565
38670001 2.0658
38680001 2.06594
38690001 2.06596
38700001 2.06585
38710001 2.06612
38720001 2.06643
38730001 2.06655
38740001 2.06656
38750001 2.06637
38760001 2.06646
38770001 2.06645
38780001 2.06654
38790001 2.06635
38800001 2.06617
38810001 2.06624
38820001 2.06645
38830001 2.06636
38840001 2.06658
38850001 2.06659
38860001 2.06659
38870001 2.06662
38880001 2.06664
38890001 2.06663
38900001 2.06671
38910001 2.06648
38920001 2.06682
38930001 2.06669
38940001 2.06692
38950001 2.06672
38960001 2.06668
38970001 2.06672
38980001 2.06688
38990001 2.06719
39000001 2.06718
39010001 2.06748
39020001 2.06761
39030001 2.06741
39040001 2.06745
39050001 2.06735
39060001 2.0675
39070001 2.06761
39080001 2.06742
39090001 2.06737
39100001 2.0672
39110001 2.06724
39120001 2.06742
39130001 2.06743
39140001 2.06723
39150001 2.06738
39160001 2.06744
39170001 2.06766
39180001 2.06779
39190001 2.06792
39200001 2.06767
39210001 2.06773
39220001 2.06772
39230001 2.06789
39240001 2.06818
39250001 2.06812
39260001 2.06761
39270001 2.0677
39280001 2.06769
39290001 2.06794
39300001 2.06811
39310001 2.06804
39320001 2.068
39330001 2.0682
39340001 2.06822
39350001 2.06831
39360001 2.06844
39370001 2.06847
39380001 2.06854
39390001 2.06878
39400001 2.06898
39410001 2.06901
39420001 2.06933
39430001 2.06931
39440001 2.06957
39450001 2.06957
39460001 2.06943
39470001 2.06929
39480001 2.06958
39490001 2.06955
39500001 2.06985
39510001 2.07002
39520001 2.07032
39530001 2.07036
39540001 2.07044
39550001 2.07062
39560001 2.07047
39570001 2.07045
39580001 2.07031
39590001 2.06992
39600001 2.06985
39610001 2.06988
39620001 2.06979
39630001 2.06969
39640001 2.06979
39650001 2.06998
39660001 2.0701
39670001 2.07013
39680001 2.07035
39690001 2.07051
39700001 2.07035
39710001 2.07045
39720001 2.0702
39730001 2.07012
39740001 2.07016
39750001 2.07009
39760001 2.07045
39770001 2.07048
39780001 2.07051
39790001 2.07007
39800001 2.07038
39810001 2.07016
39820001 2.07053
39830001 2.07063
39840001 2.07084
39850001 2.0708
39860001 2.07074
39870001 2.07088
39880001 2.07114
39890001 2.07133
39900001 2.07143
39910001 2.0714
39920001 2.07161
39930001 2.07177
39940001 2.07167
39950001 2.07184
39960001 2.07175
39970001 2.07172
39980001 2.07166
39990001 2.07175
40000001 2.07188
40010001 2.07183
40020001 2.07184
40030001 2.07226
40040001 2.0724
40050001 2.07237
40060001 2.07272
40070001 2.07271
40080001 2.07268
40090001 2.07286
40100001 2.07287
40110001 2.07292
40120001 2.07279
40130001 2.07325
40140001 2.07325
40150001 2.07335
40160001 2.07317
40170001 2.07325
40180001 2.0734
40190001 2.07353
40200001 2.07374
40210001 2.07402
40220001 2.07414
40230001 2.07416
40240001 2.07438
40250001 2.07439
40260001 2.07437
40270001 2.07446
40280001 2.07446
40290001 2.07465
40300001 2.07454
40310001 2.07422
40320001 2.07416
40330001 2.07432
40340001 2.07449
40350001 2.07441
40360001 2.07417
40370001 2.07409
40380001 2.07427
40390001 2.07448
40400001 2.07431
40410001 2.07469
40420001 2.07497
40430001 2.07511
40440001 2.07544
40450001 2.07561
40460001 2.07577
40470001 2.07562
40480001 2.07555
40490001 2.07542
40500001 2.07508
40510001 2.07501
40520001 2.07521
40530001 2.07532
40540001 2.07547
40550001 2.07567
40560001 2.07565
40570001 2.07575
40580001 2.07582
40590001 2.07605
40600001 2.07603
40610001 2.07591
40620001 2.07587
40630001 2.07583
40640001 2.07602
40650001 2.07592
40660001 2.07583
40670001 2.07575
40680001 2.07576
40690001 2.07615
40700001 2.07628
40710001 2.07593
40720001 2.07613
40730001 2.07591
40740001 2.07594
40750001 2.07581
40760001 2.07591
40770001 2.07559
40780001 2.07565
40790001 2.07566
40800001 2.07566
40810001 2.07575
40820001 2.07549
40830001 2.07535
40840001 2.07569
40850001 2.07588
40860001 2.07576
40870001 2.0755
40880001 2.07576
40890001 2.07605
40900001 2.076
40910001 2.07628
40920001 2.07631
40930001 2.07616
40940001 2.07626
40950001 2.07614
40960001 2.07648
40970001 2.07634
40980001 2.07639
40990001 2.07645
41000001 2.07668
41010001 2.07678
41020001 2.07664
41030001 2.07658
41040001 2.07687
41050001 2.0768
41060001 2.07655
41070001 2.07662
41080001 2.07697
41090001 2.07713
41100001 2.07747
41110001 2.07759
41120001 2.07787
41130001 2.07777
41140001 2.07734
41150001 2.07746
41160001 2.07737
41170001 2.07755
41180001 2.07732
41190001 2.07764
41200001 2.07757
41210001 2.07817
41220001 2.07817
41230001 2.0783
41240001 2.07842
41250001 2.07836
41260001 2.07822
41270001 2.07832
41280001 2.0783
41290001 2.07836
41300001 2.07815
41310001 2.07831
41320001 2.07828
41330001 2.07809
41340001 2.07821
41350001 2.07819
41360001 2.07808
41370001 2.07835
41380001 2.07846
41390001 2.07854
41400001 2.07863
41410001 2.0786
41420001 2.07875
41430001 2.07868
41440001 2.079
41450001 2.07925
41460001 2.0798
41470001 2.07959
41480001 2.07951
41490001 2.07944
41500001 2.07972
41510001 2.0799
41520001 2.0801
41530001 2.08012
41540001 2.0801
41550001 2.08021
41560001 2.0802
41570001 2.08009
41580001 2.08005
41590001 2.07986
41600001 2.08031
41610001 2.08021
41620001 2.08005
41630001 2.07982
41640001 2.07988
41650001 2.07992
41660001 2.07995
41670001 2.08013
41680001 2.07983
41690001 2.07987
41700001 2.08007
41710001 2.07989
41720001 2.08029
41730001 2.08009
41740001 2.08018
41750001 2.08017
41760001 2.08014
41770001 2.08025
41780001 2.08019
41790001 2.08022
41800001 2.08013
41810001 2.08045
41820001 2.08048
41830001 2.08042
41840001 2.08021
41850001 2.08024
41860001 2.08037
41870001 2.08044
41880001 2.08076
41890001 2.08084
41900001 2.08097
41910001 2.08115
41920001 2.08126
41930001 2.08136
41940001 2.08148
41950001 2.08154
41960001 2.08153
41970001 2.08167
41980001 2.08161
41990001 2.08176
42000001 2.0818
42010001 2.08186
42020001 2.0819
42030001 2.08175
42040001 2.08186
42050001 2.08187
42060001 2.0819
42070001 2.08199
42080001 2.08216
42090001 2.0819
42100001 2.08196
42110001 2.08227
42120001 2.08233
42130001 2.08219
42140001 2.08229
42150001 2.08236
42160001 2.08238
42170001 2.08258
42180001 2.08274
42190001 2.08263
42200001 2.08306
42210001 2.0831
42220001 2.08312
42230001 2.0832
42240001 2.08315
42250001 2.08345
42260001 2.08341
42270001 2.08366
42280001 2.0835
42290001 2.08339
42300001 2.0837
42310001 2.08381
42320001 2.08384
42330001 2.08372
42340001 2.08403
42350001 2.08397
42360001 2.08374
42370001 2.08379
42380001 2.0839
42390001 2.08399
42400001 2.08376
42410001 2.08384
42420001 2.08403
42430001 2.08414
42440001 2.08452
42450001 2.08436
42460001 2.08434
42470001 2.08435
42480001 2.08437
42490001 2.08451
42500001 2.08502
42510001 2.08519
42520001 2.08511
42530001 2.08522
42540001 2.08542
42550001 2.08544
42560001 2.08522
42570001 2.08494
42580001 2.08507
42590001 2.08502
42600001 2.08536
42610001 2.08529
42620001 2.08538
42630001 2.08529
42640001 2.08557
42650001 2.0853
42660001 2.08528
42670001 2.08536
42680001 2.08557
42690001 2.08571
42700001 2.08561
42710001 2.08575
42720001 2.08564
42730001 2.08572
42740001 2.08554
42750001 2.08537
42760001 2.08545
42770001 2.08528
42780001 2.08526
42790001 2.08528
42800001 2.08536
42810001 2.08545
42820001 2.08576
42830001 2.0858
42840001 2.08571
42850001 2.08593
42860001 2.08607
42870001 2.08619
42880001 2.08615
42890001 2.08611
42900001 2.0864
42910001 2.08609
42920001 2.08616
42930001 2.08621
42940001 2.08602
42950001 2.08615
42960001 2.08623
42970001 2.08603
42980001 2.08641
42990001 2.08638
43000001 2.08638
43010001 2.08645
43020001 2.08656
43030001 2.08644
43040001 2.08639
43050001 2.08656
43060001 2.08659
43070001 2.08675
43080001 2.08688
43090001 2.08701
43100001 2.08685
43110001 2.08683
43120001 2.08709
43130001 2.08698
43140001 2.08679
43150001 2.08673
43160001 2.0867
43170001 2.08683
43180001 2.08707
43190001 2.08739
43200001 2.08747
43210001 2.08751
43220001 2.0873
43230001 2.08765
43240001 2.08773
43250001 2.08799
43260001 2.08801
43270001 2.08799
43280001 2.08785
43290001 2.08804
43300001 2.08811
43310001 2.0882
43320001 2.08845
43330001 2.08865
43340001 2.08895
43350001 2.08893
43360001 2.08911
43370001 2.08906
43380001 2.08936
43390001 2.08972
43400001 2.08968
43410001 2.08966
43420001 2.08952
43430001 2.08972
43440001 2.08946
43450001 2.08935
43460001 2.08945
43470001 2.0896
43480001 2.08929
43490001 2.08967
43500001 2.08964
43510001 2.08985
43520001 2.09019
43530001 2.08983
43540001 2.08964
43550001 2.08949
43560001 2.08969
43570001 2.08982
43580001 2.08967
43590001 2.08986
43600001 2.08991
43610001 2.08975
43620001 2.0897
43630001 2.08977
43640001 2.0901
43650001 2.09005
43660001 2.08997
43670001 2.09022
43680001 2.09012
43690001 2.0905
43700001 2.09067
43710001 2.09029
43720001 2.09043
43730001 2.09042
43740001 2.09054
43750001 2.09068
43760001 2.0904
43770001 2.09004
43780001 2.0902
43790001 2.09008
43800001 2.09007
43810001 2.09028
43820001 2.09028
43830001 2.09001
43840001 2.09005
43850001 2.08995
43860001 2.09022
43870001 2.09054
43880001 2.09068
43890001 2.09061
43900001 2.09081
43910001 2.09082
43920001 2.09053
43930001 2.09047
43940001 2.09058
43950001 2.09061
43960001 2.09087
43970001 2.09091
43980001 2.09113
43990001 2.09101
44000001 2.09088
44010001 2.09119
44020001 2.0913
44030001 2.09139
44040001 2.09136
44050001 2.09187
44060001 2.09205
44070001 2.09217
44080001 2.09219
44090001 2.09219
44100001 2.09213
44110001 2.09215
44120001 2.09229
44130001 2.0923
44140001 2.09266
44150001 2.09259
44160001 2.09277
44170001 2.09288
44180001 2.09309
44190001 2.09311
44200001 2.09336
44210001 2.09339
44220001 2.09333
44230001 2.09349
44240001 2.09345
44250001 2.0933
44260001 2.09337
44270001 2.09321
44280001 2.09319
44290001 2.09354
44300001 2.09358
44310001 2.09342
44320001 2.09402
44330001 2.09412
44340001 2.09404
44350001 2.09398
44360001 2.09397
44370001 2.09416
44380001 2.09428
44390001 2.09427
44400001 2.09437
44410001 2.09443
44420001 2.09431
44430001 2.09423
44440001 2.09451
44450001 2.09471
44460001 2.0945
44470001 2.09496
44480001 2.09488
44490001 2.09488
44500001 2.09487
44510001 2.09491
44520001 2.09524
44530001 2.09566
44540001 2.09584
44550001 2.09565
44560001 2.09585
44570001 2.09579
44580001 2.09612
44590001 2.09613
44600001 2.09604
44610001 2.0963
44620001 2.09634
44630001 2.09646
44640001 2.09703
44650001 2.09719
44660001 2.09735
44670001 2.09737
44680001 2.09753
44690001 2.09761
44700001 2.09777
44710001 2.09773
44720001 2.09766
44730001 2.09749
44740001 2.09759
44750001 2.09801
44760001 2.09804
44770001 2.09825
44780001 2.09795
44790001 2.09797
44800001 2.09807
44810001 2.09821
44820001 2.09842
44830001 2.09877
44840001 2.09852
44850001 2.0985
44860001 2.09828
44870001 2.09839
44880001 2.09857
44890001 2.09867
44900001 2.0987
44910001 2.09862
44920001 2.09846
44930001 2.09841
44940001 2.09851
44950001 2.09857
44960001 2.09866
44970001 2.0986
44980001 2.09883
44990001 2.099
45000001 2.09911
45010001 2.09885
45020001 2.0988
45030001 2.09872
45040001 2.09872
45050001 2.09857
45060001 2.09854
45070001 2.09878
45080001 2.09895
45090001 2.09906
45100001 2.0994
45110001 2.09953
45120001 2.0993
45130001 2.09931
45140001 2.09913
45150001 2.0992
45160001 2.09909
45170001 2.09903
45180001 2.09881
45190001 2.09877
45200001 2.09864
45210001 2.09882
45220001 2.09872
45230001 2.09875
45240001 2.09881
45250001 2.09878
45260001 2.09867
45270001 2.09876
45280001 2.09898
45290001 2.09899
45300001 2.09902
45310001 2.09897
45320001 2.0992
45330001 2.09944
45340001 2.09957
45350001 2.09971
45360001 2.09993
45370001 2.09999
45380001 2.09985
45390001 2.10001
45400001 2.1001
45410001 2.10003
45420001 2.10016
45430001 2.10015
45440001 2.09997
45450001 2.10007
45460001 2.10008
45470001 2.09991
45480001 2.10003
45490001 2.09996
45500001 2.10014
45510001 2.09983
45520001 2.09985
45530001 2.09995
45540001 2.09991
45550001 2.09993
45560001 2.10013
45570001 2.1004
45580001 2.1005
45590001 2.10072
45600001 2.10091
45610001 2.10125
45620001 2.10112
45630001 2.10145
45640001 2.10158
45650001 2.10167
45660001 2.10197
45670001 2.1021
45680001 2.10204
45690001 2.10185
45700001 2.102
45710001 2.102
45720001 2.10231
45730001 2.10216
45740001 2.10236
45750001 2.10242
45760001 2.10241
45770001 2.10244
45780001 2.10258
45790001 2.10239
45800001 2.10235
45810001 2.10246
45820001 2.10239
45830001 2.1025
45840001 2.10253
45850001 2.10253
45860001 2.10283
45870001 2.1029
45880001 2.10291
45890001 2.10241
45900001 2.10226
45910001 2.10235
45920001 2.10233
45930001 2.10258
45940001 2.10267
45950001 2.10269
45960001 2.10283
45970001 2.1029
45980001 2.10288
45990001 2.10299
46000001 2.1027
46010001 2.10264
46020001 2.10263
46030001 2.10223
46040001 2.10209
46050001 2.10222
46060001 2.10226
46070001 2.1022
46080001 2.10223
46090001 2.1023
46100001 2.10239
46110001 2.10245
46120001 2.10257
46130001 2.10253
46140001 2.10266
46150001 2.10246
46160001 2.10217
46170001 2.10265
46180001 2.10267
46190001 2.10246
46200001 2.10247
46210001 2.1022
46220001 2.10233
46230001 2.10216
46240001 2.10193
46250001 2.10186
46260001 2.10205
46270001 2.10252
46280001 2.10252
46290001 2.10272
46300001 2.10279
46310001 2.10276
46320001 2.1028
46330001 2.10271
46340001 2.10315
46350001 2.10329
46360001 2.10335
46370001 2.10326
46380001 2.10337
46390001 2.10312
46400001 2.10323
46410001 2.10337
46420001 2.10321
46430001 2.10331
46440001 2.10346
46450001 2.10332
46460001 2.10321
46470001 2.1033
46480001 2.10336
46490001 2.10339
46500001 2.10311
46510001 2.10298
46520001 2.10307
46530001 2.10299
46540001 2.10281
46550001 2.1032
46560001 2.10337
46570001 2.10314
46580001 2.10354
46590001 2.10344
46600001 2.10351
46610001 2.10356
46620001 2.1034
46630001 2.10335
46640001 2.10398
46650001 2.10395
46660001 2.10394
46670001 2.1041
46680001 2.10418
46690001 2.10418
46700001 2.10428
46710001 2.10444
46720001 2.10475
46730001 2.10476
46740001 2.10457
46750001 2.10455
46760001 2.10438
46770001 2.10443
46780001 2.10424
46790001 2.10442
46800001 2.10455
46810001 2.10489
46820001 2.10516
46830001 2.1051
46840001 2.1054
46850001 2.10538
46860001 2.10555
46870001 2.10541
46880001 2.10567
46890001 2.10582
46900001 2.10574
46910001 2.1058
46920001 2.10571
46930001 2.10573
46940001 2.10582
46950001 2.10598
46960001 2.10608
46970001 2.1062
46980001 2.1063
46990001 2.10671
47000001 2.10663
47010001 2.10653
47020001 2.10666
47030001 2.10634
47040001 2.10607
47050001 2.10616
47060001 2.10627
47070001 2.10631
47080001 2.10649
47090001 2.1064
47100001 2.10671
47110001 2.10656
47120001 2.10645
47130001 2.10667
47140001 2.10659
47150001 2.10666
47160001 2.10631
47170001 2.1065
47180001 2.10656
47190001 2.10651
47200001 2.10646
47210001 2.1067
47220001 2.10666
47230001 2.10676
47240001 2.10711
47250001 2.10719
47260001 2.10703
47270001 2.1072
47280001 2.10696
47290001 2.1071
47300001 2.10709
47310001 2.10725
47320001 2.107
47330001 2.10679
47340001 2.1068
47350001 2.10704
47360001 2.107
47370001 2.10699
47380001 2.10753
47390001 2.10771
47400001 2.10768
47410001 2.10826
47420001 2.1084
47430001 2.10838
47440001 2.10816
47450001 2.10788
47460001 2.10784
47470001 2.10779
47480001 2.10788
47490001 2.10819
47500001 2.10804
47510001 2.10792
47520001 2.10812
47530001 2.10793
47540001 2.10818
47550001 2.10804
47560001 2.10823
47570001 2.10809
47580001 2.10799
47590001 2.10791
47600001 2.10797
47610001 2.10809
47620001 2.10812
47630001 2.10788
47640001 2.10817
47650001 2.10823
47660001 2.10837
47670001 2.10851
47680001 2.10884
47690001 2.10899
47700001 2.10925
47710001 2.10912
47720001 2.10912
47730001 2.109
47740001 2.10917
47750001 2.10923
47760001 2.10941
47770001 2.10958
47780001 2.10966
47790001 2.10996
47800001 2.11007
47810001 2.10988
47820001 2.10986
47830001 2.10964
47840001 2.10954
47850001 2.10953
47860001 2.10939
47870001 2.10954
47880001 2.10944
47890001 2.10961
47900001 2.1097
47910001 2.11013
47920001 2.11025
47930001 2.11035
47940001 2.11042
47950001 2.1104
47960001 2.11045
47970001 2.1105
47980001 2.11081
47990001 2.11077
48000001 2.11099
48010001 2.11091
48020001 2.11091
48030001 2.11104
48040001 2.11125
48050001 2.11128
48060001 2.11136
48070001 2.11143
48080001 2.11132
48090001 2.1116
48100001 2.11127
48110001 2.11137
48120001 2.1113
48130001 2.11135
48140001 2.11123
48150001 2.11122
48160001 2.11117
48170001 2.11135
48180001 2.11146
48190001 2.11178
48200001 2.11195
48210001 2.11218
48220001 2.11195
48230001 2.11185
48240001 2.11184
48250001 2.11173
48260001 2.11199
48270001 2.11191
48280001 2.11193
48290001 2.11212
48300001 2.11201
48310001 2.11196
48320001 2.1119
48330001 2.1118
48340001 2.11174
48350001 2.11179
48360001 2.11187
48370001 2.11209
48380001 2.11215
48390001 2.11253
48400001 2.1123
48410001 2.11215
48420001 2.11217
48430001 2.11206
48440001 2.11235
48450001 2.11245
48460001 2.11268
48470001 2.11264
48480001 2.11228
48490001 2.1122
48500001 2.11222
48510001 2.11224
48520001 2.11241
48530001 2.11235
48540001 2.1123
48550001 2.11252
48560001 2.11225
48570001 2.11251
48580001 2.11227
48590001 2.11225
48600001 2.11234
48610001 2.11232
48620001 2.11232
48630001 2.11249
48640001 2.11252
48650001 2.11275
48660001 2.1128
48670001 2.11289
48680001 2.11284
48690001 2.11326
48700001 2.11329
48710001 2.11326
48720001 2.11332
48730001 2.11322
48740001 2.11319
48750001 2.11326
48760001 2.11341
48770001 2.11356
48780001 2.11363
48790001 2.11351
48800001 2.11329
48810001 2.11327
48820001 2.11346
48830001 2.11361
48840001 2.11347
48850001 2.11347
48860001 2.1135
48870001 2.11352
48880001 2.11357
48890001 2.11362
48900001 2.11364
48910001 2.11359
48920001 2.1136
48930001 2.11386
48940001 2.11373
48950001 2.1137
48960001 2.11403
48970001 2.11412
48980001 2.11411
48990001 2.1144
49000001 2.1143
49010001 2.11436
49020001 2.11446
49030001 2.1143
49040001 2.11424
49050001 2.11411
49060001 2.11381
49070001 2.11381
49080001 2.11363
49090001 2.11414
49100001 2.11402
49110001 2.11395
49120001 2.11414
49130001 2.11441
49140001 2.11432
49150001 2.11422
49160001 2.11415
49170001 2.11437
49180001 2.11431
49190001 2.11413
49200001 2.11468
49210001 2.11474
49220001 2.11477
49230001 2.11467
49240001 2.11452
49250001 2.11471
49260001 2.11487
49270001 2.11493
49280001 2.11508
49290001 2.11506
49300001 2.11502
49310001 2.115
49320001 2.11536
49330001 2.11551
49340001 2.11585
49350001 2.11569
49360001 2.11584
49370001 2.11601
49380001 2.11607
49390001 2.1159
49400001 2.11598
49410001 2.11601
49420001 2.11598
49430001 2.11629
49440001 2.11603
49450001 2.11618
49460001 2.11615
49470001 2.11601
49480001 2.116
49490001 2.11617
49500001 2.11602
49510001 2.11614
49520001 2.11648
49530001 2.11648
49540001 2.11641
49550001 2.1169
49560001 2.11703
49570001 2.11708
49580001 2.11718
49590001 2.11729
49600001 2.11734
49610001 2.11755
49620001 2.11748
49630001 2.11737
49640001 2.11768
49650001 2.11768
49660001 2.11765
49670001 2.11785
49680001 2.11782
49690001 2.11788
49700001 2.11775
49710001 2.11777
49720001 2.11832
49730001 2.11844
49740001 2.11872
49750001 2.11882
49760001 2.11883
49770001 2.11871
49780001 2.11854
49790001 2.11883
49800001 2.11884
49810001 2.11853
49820001 2.11847
49830001 2.11859
49840001 2.11855
49850001 2.11863
49860001 2.11878
49870001 2.11885
49880001 2.11895
49890001 2.11854
49900001 2.11893
49910001 2.11891
49920001 2.11891
49930001 2.11876
49940001 2.11896
49950001 2.11894
49960001 2.11929
49970001 2.11917
49980001 2.11943
49990001 2.119
