1 2178.09
10001 153.092
20001 82.8218
30001 53.1228
40001 38.0564
50001 28.4176
60001 22.2865
70001 18.3117
80001 15.5451
90001 13.591
100001 12.1227
110001 10.9588
120001 10.0902
130001 9.35819
140001 8.82288
150001 8.28562
160001 7.87291
170001 7.52418
180001 7.19144
190001 6.93081
200001 6.72893
210001 6.53501
220001 6.34389
230001 6.14972
240001 6.07232
250001 5.88579
260001 5.80255
270001 5.67091
280001 5.53799
290001 5.49636
300001 5.39552
310001 5.30451
320001 5.24041
330001 5.1726
340001 5.12322
350001 5.06221
360001 5.01583
370001 4.98814
380001 4.91003
390001 4.91459
400001 4.8512
410001 4.791
420001 4.77193
430001 4.71507
440001 4.73576
450001 4.72371
460001 4.66109
470001 4.65537
480001 4.59065
490001 4.60771
500001 4.55634
510001 4.56982
520001 4.5182
530001 4.50196
540001 4.50832
550001 4.47347
560001 4.43384
570001 4.44853
580001 4.44804
590001 4.41098
600001 4.39712
610001 4.37673
620001 4.3799
630001 4.37841
640001 4.35964
650001 4.34114
660001 4.37607
670001 4.30496
680001 4.35943
690001 4.33302
700001 4.30801
710001 4.3157
720001 4.31315
730001 4.26559
740001 4.28151
750001 4.27254
760001 4.26483
770001 4.26997
780001 4.26223
790001 4.25246
800001 4.22393
810001 4.22917
820001 4.25405
830001 4.22648
840001 4.22498
850001 4.2332
860001 4.22771
870001 4.22767
880001 4.23564
890001 4.21361
900001 4.20355
910001 4.23333
920001 4.19922
930001 4.19672
940001 4.20049
950001 4.19315
960001 4.19942
970001 4.15633
980001 4.1715
990001 4.15862
1000001 4.17035
1010001 4.16606
1020001 4.14926
1030001 4.18973
1040001 4.14031
1050001 4.16828
1060001 4.1573
1070001 4.16742
1080001 4.16758
1090001 4.15972
1100001 4.14827
1110001 4.16341
1120001 4.1201
1130001 4.15033
1140001 4.11339
1150001 4.16041
1160001 4.12958
1170001 4.13478
1180001 4.13639
1190001 4.15223
1200001 4.13357
1210001 4.12154
1220001 4.16661
1230001 4.12003
1240001 4.14053
1250001 4.14108
1260001 4.14309
1270001 4.14026
1280001 4.13803
1290001 4.13095
1300001 4.10016
1310001 4.12191
1320001 4.12186
1330001 4.09782
1340001 4.11274
1350001 4.11259
1360001 4.12898
1370001 4.12579
1380001 4.10395
1390001 4.10355
1400001 4.10155
1410001 4.10977
1420001 4.09269
1430001 4.12669
1440001 4.1072
1450001 4.15568
1460001 4.10989
1470001 4.08799
1480001 4.11278
1490001 4.10168
1500001 4.11208
1510001 4.09923
1520001 4.09774
1530001 4.09716
1540001 4.08262
1550001 4.09813
1560001 4.12238
1570001 4.10931
1580001 4.11599
1590001 4.0855
1600001 4.10541
1610001 4.09444
1620001 4.0763
1630001 4.08442
1640001 4.13616
1650001 4.0999
1660001 4.08868
1670001 4.07618
1680001 4.10736
1690001 4.09591
1700001 4.0831
1710001 4.12251
1720001 4.11234
1730001 4.08762
1740001 4.06695
1750001 4.06621
1760001 4.06921
1770001 4.10064
1780001 4.09132
1790001 4.1054
1800001 4.07736
1810001 4.09046
1820001 4.07249
1830001 4.0864
1840001 4.09019
1850001 4.10215
1860001 4.07291
1870001 4.1054
1880001 4.09557
1890001 4.08557
1900001 4.0974
1910001 4.07589
1920001 4.08667
1930001 4.07296
1940001 4.07049
1950001 4.08206
1960001 4.10417
1970001 4.07997
1980001 4.07141
1990001 4.08339
2000001 4.10334
2010001 4.09768
2020001 4.10707
2030001 4.08729
2040001 4.12206
2050001 4.05754
2060001 4.09527
2070001 4.10178
2080001 4.05923
2090001 4.06506
2100001 4.06809
2110001 4.09473
2120001 4.09051
2130001 4.07334
2140001 4.11839
2150001 4.06476
2160001 4.06389
2170001 4.08878
2180001 4.05862
2190001 4.05532
2200001 4.08516
2210001 4.07913
2220001 4.09594
2230001 4.0769
2240001 4.06676
2250001 4.07026
2260001 4.08386
2270001 4.06475
2280001 4.09757
2290001 4.09766
2300001 4.08513
2310001 4.06061
2320001 4.06652
2330001 4.07942
2340001 4.06707
2350001 4.08374
2360001 4.07855
2370001 4.07957
2380001 4.08538
2390001 4.07913
2400001 4.06637
2410001 4.07277
2420001 4.06797
2430001 4.05531
2440001 4.05317
2450001 4.08199
2460001 4.08655
2470001 4.05844
2480001 4.04491
2490001 4.08633
2500001 4.09603
2510001 4.06368
2520001 4.06454
2530001 4.06226
2540001 4.08501
2550001 4.07857
2560001 4.10075
2570001 4.08534
2580001 4.06875
2590001 4.03931
2600001 4.05373
2610001 4.07227
2620001 4.06852
2630001 4.07026
2640001 4.08321
2650001 4.10431
2660001 4.07285
2670001 4.0572
2680001 4.06251
2690001 4.06302
2700001 4.08986
2710001 4.06705
2720001 4.07302
2730001 4.06047
2740001 4.06443
2750001 4.05182
2760001 4.06072
2770001 4.06794
2780001 4.09233
2790001 4.04935
2800001 4.06288
2810001 4.05069
2820001 4.09029
2830001 4.05041
2840001 4.08938
2850001 4.08271
2860001 4.07586
2870001 4.06102
2880001 4.06321
2890001 4.06205
2900001 4.06607
2910001 4.03621
2920001 4.07801
2930001 4.09525
2940001 4.06919
2950001 4.09095
2960001 4.06496
2970001 4.05957
2980001 4.08518
2990001 4.09482
3000001 4.05297
3010001 4.071
3020001 4.07551
3030001 4.07258
3040001 4.0774
3050001 4.08203
3060001 4.04567
3070001 4.0716
3080001 4.04988
3090001 4.06553
3100001 4.06033
3110001 4.06459
3120001 4.056
3130001 4.07793
3140001 4.10315
3150001 4.0811
3160001 4.07448
3170001 4.07007
3180001 4.05936
3190001 4.06384
3200001 4.04816
3210001 4.05957
3220001 4.06632
3230001 4.08416
3240001 4.04778
3250001 4.06932
3260001 4.07307
3270001 4.05857
3280001 4.06127
3290001 4.0613
3300001 4.07959
3310001 4.06963
3320001 4.04521
3330001 4.07544
3340001 4.04779
3350001 4.05814
3360001 4.09012
3370001 4.0476
3380001 4.0615
3390001 4.06296
3400001 4.05957
3410001 4.05977
3420001 4.07068
3430001 4.06445
3440001 4.06053
3450001 4.05498
3460001 4.03445
3470001 4.04967
3480001 4.06859
3490001 4.071
3500001 4.03632
3510001 4.07566
3520001 4.07016
3530001 4.08338
3540001 4.09378
3550001 4.07892
3560001 4.02934
3570001 4.05991
3580001 4.05037
3590001 4.04789
3600001 4.08955
3610001 4.07583
3620001 4.04477
3630001 4.04451
3640001 4.06343
3650001 4.05923
3660001 4.08997
3670001 4.08802
3680001 4.05369
3690001 4.06012
3700001 4.0651
3710001 4.07339
3720001 4.09789
3730001 4.08513
3740001 4.06655
3750001 4.08597
3760001 4.09375
3770001 4.05198
3780001 4.0614
3790001 4.08175
3800001 4.05232
3810001 4.04648
3820001 4.06704
3830001 4.0566
3840001 4.07179
3850001 4.05098
3860001 4.08918
3870001 4.03385
3880001 4.0658
3890001 4.06659
3900001 4.09491
3910001 4.09306
3920001 4.03415
3930001 4.07363
3940001 4.0595
3950001 4.062
3960001 4.08111
3970001 4.04965
3980001 4.07654
3990001 4.06091
4000001 4.07284
4010001 4.0718
4020001 4.08459
4030001 4.07194
4040001 4.08006
4050001 4.04971
4060001 4.08429
4070001 4.05439
4080001 4.06562
4090001 4.04218
4100001 4.06899
4110001 4.07602
4120001 4.08124
4130001 4.05588
4140001 4.07323
4150001 4.10154
4160001 4.10139
4170001 4.0756
4180001 4.05613
4190001 4.07733
4200001 4.08583
4210001 4.05578
4220001 4.06583
4230001 4.04681
4240001 4.08085
4250001 4.10753
4260001 4.06845
4270001 4.05588
4280001 4.05331
4290001 4.07432
4300001 4.07817
4310001 4.05691
4320001 4.06561
4330001 4.06324
4340001 4.08174
4350001 4.07125
4360001 4.07312
4370001 4.0752
4380001 4.04339
4390001 4.05572
4400001 4.04189
4410001 4.09594
4420001 4.07134
4430001 4.04555
4440001 4.07334
4450001 4.06266
4460001 4.05068
4470001 4.0775
4480001 4.03202
4490001 4.0663
4500001 4.05256
4510001 4.07567
4520001 4.09723
4530001 4.06428
4540001 4.05826
4550001 4.06463
4560001 4.04231
4570001 4.06064
4580001 4.049
4590001 4.04204
4600001 4.06859
4610001 4.07824
4620001 4.09437
4630001 4.06382
4640001 4.06638
4650001 4.07462
4660001 4.068
4670001 4.06259
4680001 4.06081
4690001 4.07833
4700001 4.04463
4710001 4.08434
4720001 4.05943
4730001 4.07693
4740001 4.05787
4750001 4.04751
4760001 4.05655
4770001 4.07088
4780001 4.06194
4790001 4.05951
4800001 4.05721
4810001 4.06184
4820001 4.03713
4830001 4.06337
4840001 4.05058
4850001 4.08922
4860001 4.06851
4870001 4.05348
4880001 4.07528
4890001 4.06422
4900001 4.06011
4910001 4.06596
4920001 4.06825
4930001 4.06101
4940001 4.09216
4950001 4.05169
4960001 4.06821
4970001 4.05797
4980001 4.07265
4990001 4.054
5000001 4.09038
5010001 4.05197
5020001 4.07227
5030001 4.08884
5040001 4.07121
5050001 4.08041
5060001 4.07904
5070001 4.04975
5080001 4.06693
5090001 4.06377
5100001 4.06134
5110001 4.04177
5120001 4.08539
5130001 4.07228
5140001 4.05771
5150001 4.06609
5160001 4.05292
5170001 4.03589
5180001 4.04691
5190001 4.07474
5200001 4.05399
5210001 4.082
5220001 4.03793
5230001 4.0852
5240001 4.04569
5250001 4.06723
5260001 4.10874
5270001 4.07314
5280001 4.06813
5290001 4.04294
5300001 4.07014
5310001 4.05632
5320001 4.06252
5330001 4.0675
5340001 4.07634
5350001 4.07503
5360001 4.05393
5370001 4.0629
5380001 4.06106
5390001 4.07013
5400001 4.05628
5410001 4.05002
5420001 4.08941
5430001 4.04809
5440001 4.07169
5450001 4.06572
5460001 4.0866
5470001 4.0667
5480001 4.05977
5490001 4.07557
5500001 4.06635
5510001 4.06373
5520001 4.07861
5530001 4.05552
5540001 4.04483
5550001 4.06188
5560001 4.09178
5570001 4.0737
5580001 4.06722
5590001 4.07181
5600001 4.06375
5610001 4.04757
5620001 4.05832
5630001 4.07164
5640001 4.04869
5650001 4.06243
5660001 4.06226
5670001 4.092
5680001 4.06041
5690001 4.07935
5700001 4.02572
5710001 4.05722
5720001 4.07261
5730001 4.05536
5740001 4.04327
5750001 4.03948
5760001 4.07897
5770001 4.0518
5780001 4.08931
5790001 4.07907
5800001 4.0625
5810001 4.08272
5820001 4.06974
5830001 4.0875
5840001 4.05913
5850001 4.05668
5860001 4.09404
5870001 4.06539
5880001 4.05895
5890001 4.05824
5900001 4.05338
5910001 4.06802
5920001 4.04861
5930001 4.0411
5940001 4.05184
5950001 4.06381
5960001 4.04077
5970001 4.05261
5980001 4.06588
5990001 4.06535
6000001 4.0796
6010001 4.07609
6020001 4.02818
6030001 4.0633
6040001 4.05829
6050001 4.09294
6060001 4.06922
6070001 4.05365
6080001 4.0805
6090001 4.07201
6100001 4.05074
6110001 4.06791
6120001 4.07786
6130001 4.05938
6140001 4.07436
6150001 4.07264
6160001 4.0594
6170001 4.06385
6180001 4.05008
6190001 4.06108
6200001 4.04959
6210001 4.09078
6220001 4.096
6230001 4.07011
6240001 4.07755
6250001 4.06337
6260001 4.06959
6270001 4.0639
6280001 4.04576
6290001 4.06317
6300001 4.08285
6310001 4.06885
6320001 4.06075
6330001 4.07114
6340001 4.03617
6350001 4.06249
6360001 4.05607
6370001 4.07087
6380001 4.07107
6390001 4.0415
6400001 4.05478
6410001 4.07613
6420001 4.02847
6430001 4.06658
6440001 4.07778
6450001 4.03635
6460001 4.07911
6470001 4.06053
6480001 4.07894
6490001 4.0755
6500001 4.02183
6510001 4.05877
6520001 4.0578
6530001 4.10159
6540001 4.07017
6550001 4.04924
6560001 4.06545
6570001 4.04987
6580001 4.06374
6590001 4.05405
6600001 4.04262
6610001 4.06014
6620001 4.04888
6630001 4.06765
6640001 4.0485
6650001 4.066
6660001 4.04875
6670001 4.0745
6680001 4.0322
6690001 4.06668
6700001 4.05312
6710001 4.07695
6720001 4.0564
6730001 4.03677
6740001 4.07093
6750001 4.08103
6760001 4.05786
6770001 4.08017
6780001 4.07874
6790001 4.06949
6800001 4.07826
6810001 4.0618
6820001 4.05937
6830001 4.06502
6840001 4.05416
6850001 4.0613
6860001 4.06635
6870001 4.07015
6880001 4.08313
6890001 4.07754
6900001 4.06109
6910001 4.05743
6920001 4.06931
6930001 4.06492
6940001 4.076
6950001 4.0438
6960001 4.07789
6970001 4.08229
6980001 4.09183
6990001 4.04447
7000001 4.07168
7010001 4.03677
7020001 4.06425
7030001 4.06773
7040001 4.07918
7050001 4.07159
7060001 4.06962
7070001 4.05749
7080001 4.03907
7090001 4.07398
7100001 4.02675
7110001 4.07195
7120001 4.06402
7130001 4.07038
7140001 4.02887
7150001 4.0484
7160001 4.0518
7170001 4.06069
7180001 4.04533
7190001 4.04618
7200001 4.08083
7210001 4.10721
7220001 4.09143
7230001 4.07284
7240001 4.0248
7250001 4.04059
7260001 4.07408
7270001 4.03009
7280001 4.06809
7290001 4.08184
7300001 4.04938
7310001 4.08194
7320001 4.05978
7330001 4.06415
7340001 4.05091
7350001 4.05696
7360001 4.08457
7370001 4.06605
7380001 4.06675
7390001 4.05954
7400001 4.07256
7410001 4.07788
7420001 4.08325
7430001 4.03454
7440001 4.05071
7450001 4.06628
7460001 4.07626
7470001 4.07357
7480001 4.07852
7490001 4.05676
7500001 4.08455
7510001 4.0617
7520001 4.05128
7530001 4.06037
7540001 4.09966
7550001 4.047
7560001 4.04806
7570001 4.04602
7580001 4.05911
7590001 4.07607
7600001 4.05374
7610001 4.05316
7620001 4.04365
7630001 4.0585
7640001 4.07846
7650001 4.05249
7660001 4.04647
7670001 4.09984
7680001 4.04304
7690001 4.0771
7700001 4.06686
7710001 4.08593
7720001 4.06217
7730001 4.05217
7740001 4.09262
7750001 4.05102
7760001 4.07393
7770001 4.05394
7780001 4.07839
7790001 4.04616
7800001 4.07175
7810001 4.07354
7820001 4.03601
7830001 4.05844
7840001 4.04434
7850001 4.04155
7860001 4.07163
7870001 4.05719
7880001 4.08414
7890001 4.07589
7900001 4.07115
7910001 4.03389
7920001 4.05019
7930001 4.04134
7940001 4.04949
7950001 4.07063
7960001 4.04976
7970001 4.06853
7980001 4.06471
7990001 4.05134
8000001 4.04694
8010001 4.05564
8020001 4.05243
8030001 4.07076
8040001 4.10213
8050001 4.046
8060001 4.08315
8070001 4.07806
8080001 4.0627
8090001 4.05852
8100001 4.06247
8110001 4.06481
8120001 4.06698
8130001 4.0434
8140001 4.04622
8150001 4.05013
8160001 4.04355
8170001 4.0714
8180001 4.05212
8190001 4.03316
8200001 4.06397
8210001 4.06175
8220001 4.06617
8230001 4.05632
8240001 4.08241
8250001 4.0612
8260001 4.05623
8270001 4.0514
8280001 4.07672
8290001 4.04259
8300001 4.07848
8310001 4.05911
8320001 4.06901
8330001 4.07389
8340001 4.06987
8350001 4.06331
8360001 4.04332
8370001 4.05348
8380001 4.08131
8390001 4.03808
8400001 4.0605
8410001 4.06074
8420001 4.05239
8430001 4.06444
8440001 4.05545
8450001 4.03873
8460001 4.09333
8470001 4.02955
8480001 4.06842
8490001 4.07768
8500001 4.06697
8510001 4.04497
8520001 4.03735
8530001 4.05194
8540001 4.06675
8550001 4.07219
8560001 4.05565
8570001 4.06866
8580001 4.05036
8590001 4.05762
8600001 4.07299
8610001 4.05356
8620001 4.0553
8630001 4.05158
8640001 4.04059
8650001 4.05318
8660001 4.04809
8670001 4.05667
8680001 4.03395
8690001 4.07329
8700001 4.09716
8710001 4.05891
8720001 4.03275
8730001 4.03265
8740001 4.0875
8750001 4.04987
8760001 4.03083
8770001 4.03821
8780001 4.09885
8790001 4.03147
8800001 4.05959
8810001 4.0758
8820001 4.05703
8830001 4.05805
8840001 4.06335
8850001 4.04695
8860001 4.06277
8870001 4.04996
8880001 4.07379
8890001 4.07706
8900001 4.06803
8910001 4.05814
8920001 4.07194
8930001 4.03638
8940001 4.03998
8950001 4.06905
8960001 4.0412
8970001 4.07127
8980001 4.07181
8990001 4.0481
9000001 4.06661
9010001 4.06349
9020001 4.04495
9030001 4.07
9040001 4.03803
9050001 4.05736
9060001 4.07931
9070001 4.08846
9080001 4.05782
9090001 4.0587
9100001 4.05224
9110001 4.07386
9120001 4.03887
9130001 4.05299
9140001 4.04831
9150001 4.07546
9160001 4.04494
9170001 4.07617
9180001 4.03914
9190001 4.04748
9200001 4.04904
9210001 4.08314
9220001 4.031
9230001 4.05195
9240001 4.03862
9250001 4.04275
9260001 4.0744
9270001 4.0784
9280001 4.02487
9290001 4.0359
9300001 4.057
9310001 4.09
9320001 4.03563
9330001 4.04396
9340001 4.07795
9350001 4.04726
9360001 4.03511
9370001 4.05481
9380001 4.04332
9390001 4.05639
9400001 4.06264
9410001 4.08806
9420001 4.05209
9430001 4.03765
9440001 4.0531
9450001 4.05022
9460001 4.077
9470001 4.08162
9480001 4.0769
9490001 4.0533
9500001 4.06216
9510001 4.1066
9520001 4.07807
9530001 4.05893
9540001 4.02683
9550001 4.05898
9560001 4.06412
9570001 4.04944
9580001 4.08963
9590001 4.0745
9600001 4.08804
9610001 4.04681
9620001 4.08403
9630001 4.07089
9640001 4.06377
9650001 4.03858
9660001 4.02968
9670001 4.05367
9680001 4.06038
9690001 4.05225
9700001 4.04287
9710001 4.04962
9720001 4.08044
9730001 4.0533
9740001 4.05188
9750001 4.06379
9760001 4.06999
9770001 4.05381
9780001 4.06739
9790001 4.07104
9800001 4.06179
9810001 4.05629
9820001 4.01837
9830001 4.06986
9840001 4.06776
9850001 4.0772
9860001 4.05794
9870001 4.03699
9880001 4.04706
9890001 4.0562
9900001 4.10343
9910001 4.07495
9920001 4.05626
9930001 4.08622
9940001 4.06831
9950001 4.06993
9960001 4.03597
9970001 4.06015
9980001 4.06267
9990001 4.07837
10000001 4.0508
10010001 4.05335
10020001 4.06573
10030001 4.06236
10040001 4.04182
10050001 4.07083
10060001 4.06922
10070001 4.05396
10080001 4.03124
10090001 4.04119
10100001 4.06167
10110001 4.06234
10120001 4.06992
10130001 4.04217
10140001 4.04556
10150001 4.04596
10160001 4.08343
10170001 4.06962
10180001 4.07879
10190001 4.06437
10200001 4.06446
10210001 4.08515
10220001 4.05506
10230001 4.03285
10240001 4.07544
10250001 4.05313
10260001 4.07204
10270001 4.07565
10280001 4.02323
10290001 4.0788
10300001 4.02103
10310001 4.07677
10320001 4.02537
10330001 4.06834
10340001 4.04307
10350001 4.04395
10360001 4.05592
10370001 4.0659
10380001 4.05141
10390001 4.04502
10400001 4.04454
10410001 4.06429
10420001 4.04258
10430001 4.04827
10440001 4.04399
10450001 4.04884
10460001 4.06514
10470001 4.08159
10480001 4.09148
10490001 4.07856
10500001 4.04812
10510001 4.06318
10520001 4.0728
10530001 4.03462
10540001 4.07774
10550001 4.04913
10560001 4.03683
10570001 4.02894
10580001 4.05118
10590001 4.07845
10600001 4.043
10610001 4.04333
10620001 4.11014
10630001 4.07859
10640001 4.07111
10650001 4.04306
10660001 4.07084
10670001 4.06193
10680001 4.07319
10690001 4.0353
10700001 4.08285
10710001 4.05521
10720001 4.04964
10730001 4.05644
10740001 4.0608
10750001 4.04451
10760001 4.04059
10770001 4.05788
10780001 4.06241
10790001 4.05638
10800001 4.07266
10810001 4.05945
10820001 4.05696
10830001 4.07832
10840001 4.06817
10850001 4.05525
10860001 4.09655
10870001 4.04897
10880001 4.05607
10890001 4.04856
10900001 4.0753
10910001 4.07598
10920001 4.05333
10930001 4.04887
10940001 4.08142
10950001 4.06578
10960001 4.06686
10970001 4.06593
10980001 4.0585
10990001 4.06289
11000001 4.06574
11010001 4.0822
11020001 4.06226
11030001 4.06232
11040001 4.0569
11050001 4.0491
11060001 4.05188
11070001 4.04044
11080001 4.03573
11090001 4.05362
11100001 4.08806
11110001 4.04329
11120001 4.05398
11130001 4.05589
11140001 4.07582
11150001 4.07167
11160001 4.05462
11170001 4.07121
11180001 4.05542
11190001 4.04796
11200001 4.06878
11210001 4.05171
11220001 4.04133
11230001 4.06733
11240001 4.05106
11250001 4.04591
11260001 4.07028
11270001 4.06329
11280001 4.05404
11290001 4.03547
11300001 4.08111
11310001 4.09521
11320001 4.05275
11330001 4.05181
11340001 4.05524
11350001 4.06422
11360001 4.053
11370001 4.05704
11380001 4.07531
11390001 4.05738
11400001 4.06459
11410001 4.0403
11420001 4.06128
11430001 4.10349
11440001 4.06142
11450001 4.06425
11460001 4.06265
11470001 4.07136
11480001 4.05967
11490001 4.07142
11500001 4.09784
11510001 4.07534
11520001 4.04362
11530001 4.05804
11540001 4.05425
11550001 4.05123
11560001 4.07117
11570001 4.0541
11580001 4.04793
11590001 4.07939
11600001 4.0216
11610001 4.08398
11620001 4.06144
11630001 4.0762
11640001 4.05552
11650001 4.04951
11660001 4.04997
11670001 4.06666
11680001 4.07206
11690001 4.05969
11700001 4.07203
11710001 4.06133
11720001 4.07278
11730001 4.07345
11740001 4.0656
11750001 4.0471
11760001 4.05525
11770001 4.05
11780001 4.05419
11790001 4.06273
11800001 4.05295
11810001 4.05789
11820001 4.06554
11830001 4.04746
11840001 4.07963
11850001 4.03625
11860001 4.05939
11870001 4.06104
11880001 4.06678
11890001 4.08271
11900001 4.04726
11910001 4.07954
11920001 4.04438
11930001 4.07354
11940001 4.04393
11950001 4.0267
11960001 4.05868
11970001 4.05013
11980001 4.01967
11990001 4.07849
12000001 4.06881
12010001 4.06511
12020001 4.07322
12030001 4.04885
12040001 4.0681
12050001 4.05048
12060001 4.05825
12070001 4.05816
12080001 4.06992
12090001 4.05354
12100001 4.09663
12110001 4.0608
12120001 4.05852
12130001 4.04296
12140001 4.06943
12150001 4.08906
12160001 4.04265
12170001 4.07726
12180001 4.05149
12190001 4.0535
12200001 4.04662
12210001 4.03479
12220001 4.05847
12230001 4.0873
12240001 4.04719
12250001 4.03418
12260001 4.05399
12270001 4.05892
12280001 4.04593
12290001 4.04183
12300001 4.04962
12310001 4.05525
12320001 4.08831
12330001 4.07324
12340001 4.08174
12350001 4.04637
12360001 4.02293
12370001 4.04543
12380001 4.06653
12390001 4.05
12400001 4.0951
12410001 4.03173
12420001 4.05443
12430001 4.05541
12440001 4.0446
12450001 4.06979
12460001 4.06278
12470001 4.07061
12480001 4.07745
12490001 4.02984
12500001 4.05829
12510001 4.06987
12520001 4.06335
12530001 4.0773
12540001 4.0761
12550001 4.05891
12560001 4.07836
12570001 4.05556
12580001 4.08692
12590001 4.1087
12600001 4.04744
12610001 4.08211
12620001 4.07809
12630001 4.05768
12640001 4.0781
12650001 4.04241
12660001 4.04353
12670001 4.04406
12680001 4.05245
12690001 4.05997
12700001 4.05166
12710001 4.08691
12720001 4.06109
12730001 4.06985
12740001 4.07067
12750001 4.08638
12760001 4.08291
12770001 4.06618
12780001 4.02677
12790001 4.06244
12800001 4.09857
12810001 4.04901
12820001 4.05793
12830001 4.04818
12840001 4.06604
12850001 4.07155
12860001 4.06426
12870001 4.05053
12880001 4.07673
12890001 4.03984
12900001 4.05031
12910001 4.08267
12920001 4.04841
12930001 4.06478
12940001 4.06034
12950001 4.06601
12960001 4.06203
12970001 4.03623
12980001 4.03708
12990001 4.0276
13000001 4.09455
13010001 4.06045
13020001 4.05993
13030001 4.05768
13040001 4.06421
13050001 4.06342
13060001 4.07138
13070001 4.04219
13080001 4.06174
13090001 4.02349
13100001 4.06073
13110001 4.07124
13120001 4.0777
13130001 4.08516
13140001 4.07845
13150001 4.08685
13160001 4.04851
13170001 4.07629
13180001 4.06228
13190001 4.06908
13200001 4.08486
13210001 4.08177
13220001 4.033
13230001 4.05712
13240001 4.05963
13250001 4.06103
13260001 4.05381
13270001 4.05324
13280001 4.09383
13290001 4.04199
13300001 4.04842
13310001 4.06916
13320001 4.04231
13330001 4.05901
13340001 4.0906
13350001 4.06369
13360001 4.05124
13370001 4.06858
13380001 4.07039
13390001 4.08337
13400001 4.03808
13410001 4.0459
13420001 4.04748
13430001 4.06937
13440001 4.05681
13450001 4.06327
13460001 4.04638
13470001 4.04004
13480001 4.07062
13490001 4.07343
13500001 4.04168
13510001 4.07257
13520001 4.07229
13530001 4.06614
13540001 4.06844
13550001 4.05249
13560001 4.04424
13570001 4.05429
13580001 4.02236
13590001 4.03896
13600001 4.0746
13610001 4.04823
13620001 4.03635
13630001 4.04697
13640001 4.06668
13650001 4.06394
13660001 4.06217
13670001 4.07331
13680001 4.0666
13690001 4.07667
13700001 4.06202
13710001 4.04406
13720001 4.07708
13730001 4.05421
13740001 4.05756
13750001 4.06496
13760001 4.07736
13770001 4.0397
13780001 4.08276
13790001 4.0294
13800001 4.07861
13810001 4.07077
13820001 4.05569
13830001 4.00864
13840001 4.07206
13850001 4.07535
13860001 4.07398
13870001 4.07337
13880001 4.06476
13890001 4.05169
13900001 4.0468
13910001 4.01923
13920001 4.05285
13930001 4.08287
13940001 4.08077
13950001 4.05819
13960001 4.04842
13970001 4.08782
13980001 4.04327
13990001 4.09481
14000001 4.06546
14010001 4.05706
14020001 4.05872
14030001 4.03188
14040001 4.03905
14050001 4.03666
14060001 4.06394
14070001 4.0573
14080001 4.06976
14090001 4.07271
14100001 4.04381
14110001 4.05427
14120001 4.03458
14130001 4.04729
14140001 4.0547
14150001 4.02963
14160001 4.04684
14170001 4.06116
14180001 4.07192
14190001 4.04098
14200001 4.0555
14210001 4.07733
14220001 4.06535
14230001 4.06925
14240001 4.07123
14250001 4.07632
14260001 4.04192
14270001 4.03881
14280001 4.0425
14290001 4.09838
14300001 4.04426
14310001 4.08516
14320001 4.07955
14330001 4.04512
14340001 4.05847
14350001 4.05562
14360001 4.0781
14370001 4.09338
14380001 4.08146
14390001 4.04884
14400001 4.05809
14410001 4.07447
14420001 4.05097
14430001 4.05119
14440001 4.0625
14450001 4.0485
14460001 4.05921
14470001 4.07754
14480001 4.07457
14490001 4.04763
14500001 4.05475
14510001 4.06307
14520001 4.06765
14530001 4.06419
14540001 4.06439
14550001 4.05442
14560001 4.06191
14570001 4.06701
14580001 4.04676
14590001 4.03893
14600001 4.05934
14610001 4.06251
14620001 4.03462
14630001 4.05408
14640001 4.04574
14650001 4.08095
14660001 4.05372
14670001 4.0409
14680001 4.05006
14690001 4.04995
14700001 4.06118
14710001 4.05074
14720001 4.05804
14730001 4.06469
14740001 4.07458
14750001 4.05341
14760001 4.05182
14770001 4.08098
14780001 4.07263
14790001 4.0409
14800001 4.06026
14810001 4.06106
14820001 4.06143
14830001 4.05841
14840001 4.04843
14850001 4.07087
14860001 4.0641
14870001 4.08135
14880001 4.05124
14890001 4.08109
14900001 4.05483
14910001 4.04876
14920001 4.04513
14930001 4.06305
14940001 4.07199
14950001 4.07761
14960001 4.05396
14970001 4.04482
14980001 4.05177
14990001 4.06765
15000001 4.04589
15010001 4.05176
15020001 4.09033
15030001 4.05908
15040001 4.03695
15050001 4.06645
15060001 4.05847
15070001 4.05924
15080001 4.05447
15090001 4.07085
15100001 4.06079
15110001 4.03145
15120001 4.05729
15130001 4.05574
15140001 4.02776
15150001 4.06227
15160001 4.08006
15170001 4.08651
15180001 4.07604
15190001 4.04778
15200001 4.05267
15210001 4.05643
15220001 4.02661
15230001 4.07176
15240001 4.07009
15250001 4.0434
15260001 4.0378
15270001 4.0579
15280001 4.06093
15290001 4.06482
15300001 4.07984
15310001 4.02583
15320001 4.0615
15330001 4.06585
15340001 4.0575
15350001 4.05045
15360001 4.05423
15370001 4.07363
15380001 4.04625
15390001 4.04975
15400001 4.04862
15410001 4.05169
15420001 4.07823
15430001 4.05082
15440001 4.05374
15450001 4.04371
15460001 4.04356
15470001 4.04538
15480001 4.08116
15490001 4.075
15500001 4.05582
15510001 4.07447
15520001 4.06904
15530001 4.06023
15540001 4.06594
15550001 4.0572
15560001 4.07359
15570001 4.03738
15580001 4.09492
15590001 4.06355
15600001 4.0688
15610001 4.07584
15620001 4.04366
15630001 4.03464
15640001 4.05694
15650001 4.06557
15660001 4.04189
15670001 4.06404
15680001 4.04622
15690001 4.04038
15700001 4.07758
15710001 4.05669
15720001 4.04659
15730001 4.06198
15740001 4.04628
15750001 4.06563
15760001 4.06293
15770001 4.08579
15780001 4.07429
15790001 4.04887
15800001 4.04737
15810001 4.06419
15820001 4.05497
15830001 4.06455
15840001 4.06887
15850001 4.07346
15860001 4.06678
15870001 4.03179
15880001 4.06035
15890001 4.05255
15900001 4.06225
15910001 4.07533
15920001 4.06996
15930001 4.07458
15940001 4.08451
15950001 4.06379
15960001 4.06309
15970001 4.06112
15980001 4.07146
15990001 4.04537
16000001 4.07233
16010001 4.0641
16020001 4.05821
16030001 4.03535
16040001 4.06232
16050001 4.06827
16060001 4.08949
16070001 4.08042
16080001 4.08233
16090001 4.03213
16100001 4.04698
16110001 4.07146
16120001 4.0375
16130001 4.03265
16140001 4.05102
16150001 4.05269
16160001 4.06573
16170001 4.0771
16180001 4.05989
16190001 4.07413
16200001 4.05995
16210001 4.05409
16220001 4.05989
16230001 4.04201
16240001 4.04741
16250001 4.02952
16260001 4.03386
16270001 4.07049
16280001 4.06009
16290001 4.06663
16300001 4.09993
16310001 4.07242
16320001 4.05882
16330001 4.04797
16340001 4.04383
16350001 4.0533
16360001 4.0793
16370001 4.07715
16380001 4.10665
16390001 4.05217
16400001 4.05081
16410001 4.03563
16420001 4.08805
16430001 4.08164
16440001 4.05407
16450001 4.04665
16460001 4.07237
16470001 4.07788
16480001 4.05526
16490001 4.06017
16500001 4.07058
16510001 4.06788
16520001 4.06695
16530001 4.07143
16540001 4.05786
16550001 4.06353
16560001 4.0609
16570001 4.05152
16580001 4.07334
16590001 4.04003
16600001 4.07333
16610001 4.03397
16620001 4.05144
16630001 4.0359
16640001 4.06095
16650001 4.0953
16660001 4.06818
16670001 4.05981
16680001 4.0573
16690001 4.07408
16700001 4.034
16710001 4.0374
16720001 4.0248
16730001 4.03524
16740001 4.04321
16750001 4.04729
16760001 4.04323
16770001 4.05256
16780001 4.04657
16790001 4.06087
16800001 4.04978
16810001 4.06603
16820001 4.07694
16830001 4.03393
16840001 4.0647
16850001 4.06263
16860001 4.0383
16870001 4.0539
16880001 4.07038
16890001 4.04192
16900001 4.05348
16910001 4.03367
16920001 4.08109
16930001 4.04829
16940001 4.04626
16950001 4.05516
16960001 4.05994
16970001 4.04479
16980001 4.07853
16990001 4.0578
17000001 4.07646
17010001 4.05888
17020001 4.06672
17030001 4.04242
17040001 4.05003
17050001 4.06369
17060001 4.06665
17070001 4.08994
17080001 4.02681
17090001 4.05481
17100001 4.07098
17110001 4.04556
17120001 4.08807
17130001 4.04043
17140001 4.05388
17150001 4.06162
17160001 4.0357
17170001 4.03995
17180001 4.06018
17190001 4.04658
17200001 4.04328
17210001 4.07382
17220001 4.06935
17230001 4.06037
17240001 4.03384
17250001 4.0271
17260001 4.07709
17270001 4.05393
17280001 4.0687
17290001 4.05343
17300001 4.02179
17310001 4.05793
17320001 4.04622
17330001 4.0737
17340001 4.06493
17350001 4.06228
17360001 4.06081
17370001 4.03879
17380001 4.05027
17390001 4.07913
17400001 4.07272
17410001 4.06332
17420001 4.05719
17430001 4.0794
17440001 4.04921
17450001 4.06473
17460001 4.0658
17470001 4.06911
17480001 4.03633
17490001 4.04083
17500001 4.05097
17510001 4.03862
17520001 4.03652
17530001 4.03974
17540001 4.04687
17550001 4.05561
17560001 4.02574
17570001 4.0522
17580001 4.08368
17590001 4.05276
17600001 4.06723
17610001 4.06301
17620001 4.07644
17630001 4.05762
17640001 4.03985
17650001 4.07867
17660001 4.0652
17670001 4.05791
17680001 4.07353
17690001 4.0615
17700001 4.07365
17710001 4.08826
17720001 4.08277
17730001 4.0534
17740001 4.08849
17750001 4.06674
17760001 4.06603
17770001 4.06232
17780001 4.05975
17790001 4.0847
17800001 4.04832
17810001 4.04302
17820001 4.08154
17830001 4.09283
17840001 4.04535
17850001 4.04576
17860001 4.06897
17870001 4.04639
17880001 4.04627
17890001 4.03154
17900001 4.03794
17910001 4.04116
17920001 4.07669
17930001 4.07344
17940001 4.03789
17950001 4.07421
17960001 4.06168
17970001 4.04751
17980001 4.02703
17990001 4.06751
18000001 4.0894
18010001 4.08937
18020001 4.0612
18030001 4.07754
18040001 4.06254
18050001 4.08013
18060001 4.0633
18070001 4.05908
18080001 4.05046
18090001 4.07664
18100001 4.04013
18110001 4.02079
18120001 4.04964
18130001 4.05188
18140001 4.06511
18150001 4.06749
18160001 4.07898
18170001 4.0455
18180001 4.05504
18190001 4.04825
18200001 4.0466
18210001 4.06372
18220001 4.06041
18230001 4.08214
18240001 4.04208
18250001 4.05178
18260001 4.06533
18270001 4.04655
18280001 4.07056
18290001 4.06274
18300001 4.09097
18310001 4.06321
18320001 4.06523
18330001 4.04825
18340001 4.06427
18350001 4.04871
18360001 4.04995
18370001 4.06089
18380001 4.04402
18390001 4.0687
18400001 4.07418
18410001 4.07184
18420001 4.04828
18430001 4.04395
18440001 4.0323
18450001 4.07814
18460001 4.04058
18470001 4.05912
18480001 4.05832
18490001 4.06811
18500001 4.04483
18510001 4.063
18520001 4.03856
18530001 4.07167
18540001 4.05845
18550001 4.05507
18560001 4.05946
18570001 4.04567
18580001 4.05343
18590001 4.07416
18600001 4.05017
18610001 4.05924
18620001 4.07362
18630001 4.0521
18640001 4.06439
18650001 4.03977
18660001 4.05049
18670001 4.08396
18680001 4.06625
18690001 4.06033
18700001 4.06083
18710001 4.06226
18720001 4.05391
18730001 4.07587
18740001 4.07458
18750001 4.0922
18760001 4.07767
18770001 4.0528
18780001 4.06541
18790001 4.06103
18800001 4.06879
18810001 4.05487
18820001 4.06134
18830001 4.05179
18840001 4.07175
18850001 4.05815
18860001 4.08652
18870001 4.04906
18880001 4.03451
18890001 4.04466
18900001 4.08421
18910001 4.04688
18920001 4.07634
18930001 4.03639
18940001 4.05377
18950001 4.07164
18960001 4.05896
18970001 4.09047
18980001 4.06818
18990001 4.05017
19000001 4.07576
19010001 4.06944
19020001 4.07565
19030001 4.0618
19040001 4.0645
19050001 4.04994
19060001 4.05211
19070001 4.05648
19080001 4.07534
19090001 4.07297
19100001 4.03592
19110001 4.07779
19120001 4.03734
19130001 4.03825
19140001 4.06117
19150001 4.03176
19160001 4.06636
19170001 4.06506
19180001 4.07624
19190001 4.05506
19200001 4.05519
19210001 4.03711
19220001 4.06351
19230001 4.06729
19240001 4.07756
19250001 4.05067
19260001 4.05406
19270001 4.05515
19280001 4.05645
19290001 4.0906
19300001 4.06296
19310001 4.04593
19320001 4.05121
19330001 4.05969
19340001 4.03973
19350001 4.05398
19360001 4.05207
19370001 4.04191
19380001 4.05086
19390001 4.06741
19400001 4.08972
19410001 4.051
19420001 4.07725
19430001 4.04141
19440001 4.0548
19450001 4.07382
19460001 4.05758
19470001 4.04392
19480001 4.06443
19490001 4.06811
19500001 4.03274
19510001 4.06796
19520001 4.06257
19530001 4.06405
19540001 4.07334
19550001 4.0473
19560001 4.06946
19570001 4.0507
19580001 4.0501
19590001 4.06109
19600001 4.05745
19610001 4.06673
19620001 4.05584
19630001 4.04488
19640001 4.05946
19650001 4.06785
19660001 4.0607
19670001 4.02788
19680001 4.08881
19690001 4.05268
19700001 4.06502
19710001 4.09473
19720001 4.04961
19730001 4.05799
19740001 4.06811
19750001 4.07154
19760001 4.04079
19770001 4.07144
19780001 4.06064
19790001 4.0654
19800001 4.05462
19810001 4.05865
19820001 4.04765
19830001 4.05271
19840001 4.0578
19850001 4.06312
19860001 4.04182
19870001 4.06758
19880001 4.09596
19890001 4.05443
19900001 4.05704
19910001 4.05498
19920001 4.07171
19930001 4.04641
19940001 4.05291
19950001 4.07072
19960001 4.08606
19970001 4.02843
19980001 4.05992
19990001 4.0671
20000001 4.05013
20010001 4.05806
20020001 4.05111
20030001 4.06289
20040001 4.06471
20050001 4.08185
20060001 4.05844
20070001 4.04873
20080001 4.04362
20090001 4.04939
20100001 4.08636
20110001 4.07622
20120001 4.0657
20130001 4.0461
20140001 4.05765
20150001 4.0487
20160001 4.05981
20170001 4.05851
20180001 4.05736
20190001 4.05618
20200001 4.03862
20210001 4.0419
20220001 4.06284
20230001 4.07823
20240001 4.09756
20250001 4.09161
20260001 4.0771
20270001 4.06345
20280001 4.06596
20290001 4.06558
20300001 4.04619
20310001 4.03649
20320001 4.06863
20330001 4.07267
20340001 4.06875
20350001 4.07863
20360001 4.05487
20370001 4.04008
20380001 4.07645
20390001 4.09611
20400001 4.10955
20410001 4.07002
20420001 4.057
20430001 4.06079
20440001 4.04845
20450001 4.06285
20460001 4.06538
20470001 4.05023
20480001 4.04947
20490001 4.06352
20500001 4.09217
20510001 4.08744
20520001 4.05842
20530001 4.08286
20540001 4.04328
20550001 4.06633
20560001 4.0755
20570001 4.06924
20580001 4.10889
20590001 4.05771
20600001 4.05434
20610001 4.06151
20620001 4.07155
20630001 4.04562
20640001 4.03682
20650001 4.06896
20660001 4.04034
20670001 4.0667
20680001 4.05653
20690001 4.0453
20700001 4.06022
20710001 4.03436
20720001 4.05202
20730001 4.05425
20740001 4.08522
20750001 4.04805
20760001 4.06183
20770001 4.05396
20780001 4.05487
20790001 4.06031
20800001 4.06718
20810001 4.05911
20820001 4.05922
20830001 4.06755
20840001 4.06408
20850001 4.05501
20860001 4.02713
20870001 4.05365
20880001 4.03874
20890001 4.06163
20900001 4.03423
20910001 4.06002
20920001 4.06503
20930001 4.05506
20940001 4.04872
20950001 4.04077
20960001 4.10214
20970001 4.0438
20980001 4.0596
20990001 4.07502
21000001 4.05663
21010001 4.05966
21020001 4.07112
21030001 4.02384
21040001 4.0635
21050001 4.04985
21060001 4.05373
21070001 4.08256
21080001 4.04842
21090001 4.05495
21100001 4.07214
21110001 4.06627
21120001 4.07887
21130001 4.05056
21140001 4.06251
21150001 4.06323
21160001 4.06808
21170001 4.04206
21180001 4.03289
21190001 4.0626
21200001 4.10193
21210001 4.04496
21220001 4.05742
21230001 4.05712
21240001 4.05026
21250001 4.07741
21260001 4.05744
21270001 4.04834
21280001 4.03546
21290001 4.07414
21300001 4.05347
21310001 4.06967
21320001 4.05598
21330001 4.06185
21340001 4.06859
21350001 4.04385
21360001 4.05707
21370001 4.05043
21380001 4.0611
21390001 4.08304
21400001 4.06888
21410001 4.06099
21420001 4.08303
21430001 4.04872
21440001 4.07382
21450001 4.05313
21460001 4.07494
21470001 4.07866
21480001 4.04213
21490001 4.04174
21500001 4.06027
21510001 4.07324
21520001 4.04796
21530001 4.04353
21540001 4.05182
21550001 4.06087
21560001 4.05038
21570001 4.03259
21580001 4.05902
21590001 4.07436
21600001 4.03798
21610001 4.0543
21620001 4.0796
21630001 4.07145
21640001 4.06502
21650001 4.07683
21660001 4.07024
21670001 4.05727
21680001 4.06484
21690001 4.07873
21700001 4.02891
21710001 4.06761
21720001 4.05782
21730001 4.05665
21740001 4.04125
21750001 4.06462
21760001 4.09726
21770001 4.05834
21780001 4.06689
21790001 4.05925
21800001 4.03646
21810001 4.06747
21820001 4.05239
21830001 4.05926
21840001 4.06434
21850001 4.06278
21860001 4.06187
21870001 4.07117
21880001 4.05528
21890001 4.0525
21900001 4.06333
21910001 4.03732
21920001 4.05298
21930001 4.06247
21940001 4.0641
21950001 4.03669
21960001 4.04717
21970001 4.05542
21980001 4.07586
21990001 4.04192
22000001 4.05543
22010001 4.0238
22020001 4.0862
22030001 4.0768
22040001 4.04994
22050001 4.03656
22060001 4.05304
22070001 4.0475
22080001 4.103
22090001 4.05997
22100001 4.02005
22110001 4.06097
22120001 4.07065
22130001 4.0543
22140001 4.04576
22150001 4.07915
22160001 4.06414
22170001 4.05729
22180001 4.06147
22190001 4.05115
22200001 4.0486
22210001 4.06156
22220001 4.05937
22230001 4.06201
22240001 4.0611
22250001 4.0502
22260001 4.06736
22270001 4.08748
22280001 4.08706
22290001 4.05962
22300001 4.07212
22310001 4.04324
22320001 4.03857
22330001 4.04105
22340001 4.0304
22350001 4.077
22360001 4.03873
22370001 4.07583
22380001 4.07177
22390001 4.07278
22400001 4.0439
22410001 4.04222
22420001 4.0624
22430001 4.08449
22440001 4.0659
22450001 4.04321
22460001 4.04393
22470001 4.04965
22480001 4.0545
22490001 4.06521
22500001 4.06011
22510001 4.07082
22520001 4.04606
22530001 4.08555
22540001 4.05155
22550001 4.0674
22560001 4.03939
22570001 4.05271
22580001 4.05877
22590001 4.08169
22600001 4.05315
22610001 4.08745
22620001 4.03614
22630001 4.05002
22640001 4.04547
22650001 4.0411
22660001 4.05864
22670001 4.06759
22680001 4.06354
22690001 4.03704
22700001 4.06449
22710001 4.04104
22720001 4.04794
22730001 4.054
22740001 4.02309
22750001 4.06375
22760001 4.05655
22770001 4.04891
22780001 4.09717
22790001 4.07402
22800001 4.04276
22810001 4.10026
22820001 4.07475
22830001 4.06031
22840001 4.05867
22850001 4.05949
22860001 4.06684
22870001 4.08068
22880001 4.08614
22890001 4.06345
22900001 4.08844
22910001 4.07035
22920001 4.06701
22930001 4.04977
22940001 4.06019
22950001 4.02956
22960001 4.08652
22970001 4.08035
22980001 4.0719
22990001 4.08968
23000001 4.05278
23010001 4.05563
23020001 4.04476
23030001 4.03311
23040001 4.04198
23050001 4.05267
23060001 4.06588
23070001 4.0522
23080001 4.07105
23090001 4.05297
23100001 4.05876
23110001 4.04316
23120001 4.07479
23130001 4.0695
23140001 4.07214
23150001 4.0609
23160001 4.07806
23170001 4.05293
23180001 4.04879
23190001 4.07152
23200001 4.07827
23210001 4.06263
23220001 4.0413
23230001 4.05978
23240001 4.06554
23250001 4.0385
23260001 4.06554
23270001 4.08928
23280001 4.06626
23290001 4.03242
23300001 4.06926
23310001 4.06141
23320001 4.07238
23330001 4.04324
23340001 4.05819
23350001 4.07262
23360001 4.03454
23370001 4.04343
23380001 4.0875
23390001 4.0476
23400001 4.00986
23410001 4.04291
23420001 4.06646
23430001 4.069
23440001 4.03374
23450001 4.06875
23460001 4.05295
23470001 4.03782
23480001 4.04909
23490001 4.0392
23500001 4.04852
23510001 4.07015
23520001 4.06432
23530001 4.06105
23540001 4.02674
23550001 4.06391
23560001 4.06435
23570001 4.08064
23580001 4.07764
23590001 4.08407
23600001 4.08051
23610001 4.08223
23620001 4.06318
23630001 4.03342
23640001 4.08116
23650001 4.04214
23660001 4.04331
23670001 4.06317
23680001 4.05745
23690001 4.06835
23700001 4.04688
23710001 4.06229
23720001 4.03613
23730001 4.06962
23740001 4.0532
23750001 4.04296
23760001 4.03545
23770001 4.03732
23780001 4.05635
23790001 4.06282
23800001 4.08301
23810001 4.0464
23820001 4.02733
23830001 4.08027
23840001 4.06184
23850001 4.07287
23860001 4.08595
23870001 4.07493
23880001 4.01685
23890001 4.0339
23900001 4.0611
23910001 4.07738
23920001 4.0639
23930001 4.06325
23940001 4.06504
23950001 4.06377
23960001 4.05795
23970001 4.03921
23980001 4.06163
23990001 4.05033
24000001 4.07654
24010001 4.06578
24020001 4.04138
24030001 4.066
24040001 4.03834
24050001 4.05047
24060001 4.05871
24070001 4.05553
24080001 4.05163
24090001 4.0486
24100001 4.06432
24110001 4.079
24120001 4.05048
24130001 4.05635
24140001 4.03404
24150001 4.06836
24160001 4.05259
24170001 4.04232
24180001 4.0507
24190001 4.03516
24200001 4.06801
24210001 4.06519
24220001 4.05729
24230001 4.07394
24240001 4.03034
24250001 4.05153
24260001 4.04337
24270001 4.05606
24280001 4.06104
24290001 4.05421
24300001 4.06615
24310001 4.05604
24320001 4.07849
24330001 4.05792
24340001 4.05169
24350001 4.03713
24360001 4.0505
24370001 4.03354
24380001 4.06184
24390001 4.07022
24400001 4.04956
24410001 4.0342
24420001 4.04992
24430001 4.04045
24440001 4.06521
24450001 4.10687
24460001 4.08389
24470001 4.06784
24480001 4.03461
24490001 4.02605
24500001 4.06042
24510001 4.05589
24520001 4.05527
24530001 4.05422
24540001 4.0775
24550001 4.06001
24560001 4.06839
24570001 4.04267
24580001 4.09466
24590001 4.0387
24600001 4.06038
24610001 4.05687
24620001 4.05249
24630001 4.03409
24640001 4.03649
24650001 4.05664
24660001 4.05251
24670001 4.06486
24680001 4.03869
24690001 4.0599
24700001 4.07212
24710001 4.04522
24720001 4.06069
24730001 4.06362
24740001 4.06664
24750001 4.06903
24760001 4.04971
24770001 4.04073
24780001 4.05007
24790001 4.0647
24800001 4.07061
24810001 4.06427
24820001 4.05784
24830001 4.04531
24840001 4.06786
24850001 4.03174
24860001 4.05371
24870001 4.07602
24880001 4.07129
24890001 4.05732
24900001 4.05769
24910001 4.09554
24920001 4.02113
24930001 4.04777
24940001 4.06333
24950001 4.06259
24960001 4.05923
24970001 4.076
24980001 4.06699
24990001 4.0622
25000001 4.02257
25010001 4.03182
25020001 4.07998
25030001 4.05966
25040001 4.05134
25050001 4.0554
25060001 4.06316
25070001 4.06342
25080001 4.05374
25090001 4.05161
25100001 4.06179
25110001 4.05989
25120001 4.08346
25130001 4.08328
25140001 4.07415
25150001 4.04969
25160001 4.07148
25170001 4.0473
25180001 4.06158
25190001 4.06961
25200001 4.05538
25210001 4.06377
25220001 4.09064
25230001 4.10405
25240001 4.05534
25250001 4.04498
25260001 4.05464
25270001 4.036
25280001 4.06352
25290001 4.05791
25300001 4.06704
25310001 4.06144
25320001 4.07307
25330001 4.06361
25340001 4.06344
25350001 4.05309
25360001 4.04735
25370001 4.06174
25380001 4.06617
25390001 4.03494
25400001 4.07303
25410001 4.0633
25420001 4.07546
25430001 4.06241
25440001 4.07088
25450001 4.07292
25460001 4.0945
25470001 4.02521
25480001 4.06114
25490001 4.06453
25500001 4.05846
25510001 4.05481
25520001 4.06527
25530001 4.05593
25540001 4.0561
25550001 4.02509
25560001 4.05817
25570001 4.07832
25580001 4.0586
25590001 4.06935
25600001 4.07758
25610001 4.0653
25620001 4.07222
25630001 4.05855
25640001 4.05736
25650001 4.07886
25660001 4.07091
25670001 4.0607
25680001 4.05043
25690001 4.03287
25700001 4.08475
25710001 4.06237
25720001 4.08263
25730001 4.08351
25740001 4.05988
25750001 4.04615
25760001 4.07265
25770001 4.08033
25780001 4.0621
25790001 4.08863
25800001 4.07837
25810001 4.08301
25820001 4.05895
25830001 4.05154
25840001 4.03001
25850001 4.07647
25860001 4.0599
25870001 4.05835
25880001 4.05162
25890001 4.06973
25900001 4.05849
25910001 4.05647
25920001 4.06171
25930001 4.06126
25940001 4.06593
25950001 4.07931
25960001 4.09277
25970001 4.03048
25980001 4.07188
25990001 4.0398
26000001 4.05933
26010001 4.07823
26020001 4.07267
26030001 4.04339
26040001 4.05364
26050001 4.04562
26060001 4.06195
26070001 4.07576
26080001 4.06844
26090001 4.0947
26100001 4.07449
26110001 4.05935
26120001 4.07448
26130001 4.07692
26140001 4.06315
26150001 4.06099
26160001 4.05508
26170001 4.06347
26180001 4.08117
26190001 4.05809
26200001 4.06561
26210001 4.04317
26220001 4.04607
26230001 4.07684
26240001 4.03188
26250001 4.04152
26260001 4.06102
26270001 4.05845
26280001 4.06224
26290001 4.07964
26300001 4.05576
26310001 4.04503
26320001 4.04139
26330001 4.07182
26340001 4.04799
26350001 4.07585
26360001 4.05661
26370001 4.03902
26380001 4.07854
26390001 4.06415
26400001 4.07067
26410001 4.05856
26420001 4.06316
26430001 4.05617
26440001 4.10346
26450001 4.05001
26460001 4.03898
26470001 4.06455
26480001 4.05958
26490001 4.07175
26500001 4.08022
26510001 4.0542
26520001 4.05042
26530001 4.04744
26540001 4.07036
26550001 4.04139
26560001 4.03299
26570001 4.07936
26580001 4.04091
26590001 4.05162
26600001 4.04267
26610001 4.05354
26620001 4.05197
26630001 4.06622
26640001 4.0538
26650001 4.03541
26660001 4.09526
26670001 4.0892
26680001 4.07894
26690001 4.06258
26700001 4.04433
26710001 4.08859
26720001 4.07326
26730001 4.06345
26740001 4.03647
26750001 4.04329
26760001 4.05196
26770001 4.06389
26780001 4.07683
26790001 4.06867
26800001 4.09863
26810001 4.06969
26820001 4.06419
26830001 4.06059
26840001 4.06863
26850001 4.05494
26860001 4.06724
26870001 4.04031
26880001 4.07101
26890001 4.04618
26900001 4.0491
26910001 4.08848
26920001 4.0857
26930001 4.07572
26940001 4.05536
26950001 4.03699
26960001 4.05411
26970001 4.06997
26980001 4.02604
26990001 4.06054
27000001 4.06833
27010001 4.05328
27020001 4.023
27030001 4.05408
27040001 4.05094
27050001 4.07833
27060001 4.04866
27070001 4.05162
27080001 4.05391
27090001 4.03518
27100001 4.05085
27110001 4.05638
27120001 4.0433
27130001 4.04847
27140001 4.05886
27150001 4.05276
27160001 4.05564
27170001 4.07215
27180001 4.04819
27190001 4.0407
27200001 4.05497
27210001 4.05767
27220001 4.0523
27230001 4.05603
27240001 4.08802
27250001 4.05999
27260001 4.0742
27270001 4.06046
27280001 4.05852
27290001 4.08667
27300001 4.04763
27310001 4.05847
27320001 4.04013
27330001 4.04816
27340001 4.05126
27350001 4.04746
27360001 4.06887
27370001 4.0532
27380001 4.06748
27390001 4.06386
27400001 4.08148
27410001 4.04883
27420001 4.05413
27430001 4.06072
27440001 4.05188
27450001 4.0508
27460001 4.07095
27470001 4.08574
27480001 4.0456
27490001 4.05065
27500001 4.02728
27510001 4.07426
27520001 4.01846
27530001 4.05743
27540001 4.0354
27550001 4.03611
27560001 4.0579
27570001 4.05674
27580001 4.04064
27590001 4.06076
27600001 4.03876
27610001 4.071
27620001 4.04105
27630001 4.04972
27640001 4.0516
27650001 4.04518
27660001 4.05149
27670001 4.07867
27680001 4.04815
27690001 4.05503
27700001 4.05359
27710001 4.04775
27720001 4.0445
27730001 4.05443
27740001 4.05478
27750001 4.0898
27760001 4.03844
27770001 4.07529
27780001 4.0523
27790001 4.03885
27800001 4.05799
27810001 4.02664
27820001 4.05048
27830001 4.06227
27840001 4.06251
27850001 4.04176
27860001 4.0459
27870001 4.06567
27880001 4.05837
27890001 4.07308
27900001 4.08625
27910001 4.07935
27920001 4.07118
27930001 4.04511
27940001 4.06848
27950001 4.04046
27960001 4.05486
27970001 4.05145
27980001 4.07104
27990001 4.05219
28000001 4.06807
28010001 4.05822
28020001 4.06365
28030001 4.06147
28040001 4.03459
28050001 4.04449
28060001 4.07347
28070001 4.05499
28080001 4.06083
28090001 4.02187
28100001 4.05256
28110001 4.07189
28120001 4.06085
28130001 4.08262
28140001 4.07506
28150001 4.0465
28160001 4.06068
28170001 4.0713
28180001 4.04484
28190001 4.06413
28200001 4.05246
28210001 4.05605
28220001 4.06401
28230001 4.05179
28240001 4.047
28250001 4.08199
28260001 4.08599
28270001 4.05042
28280001 4.08287
28290001 4.04812
28300001 4.05033
28310001 4.07835
28320001 4.08063
28330001 4.0758
28340001 4.05661
28350001 4.04723
28360001 4.05329
28370001 4.06709
28380001 4.05283
28390001 4.07429
28400001 4.07414
28410001 4.01463
28420001 4.08695
28430001 4.06055
28440001 4.05973
28450001 4.11934
28460001 4.10147
28470001 4.02793
28480001 4.06286
28490001 4.04459
28500001 4.06281
28510001 4.05208
28520001 4.0867
28530001 4.07862
28540001 4.0761
28550001 4.07175
28560001 4.06241
28570001 4.04009
28580001 4.05979
28590001 4.07782
28600001 4.05911
28610001 4.07173
28620001 4.05108
28630001 4.04718
28640001 4.10655
28650001 4.07844
28660001 4.08437
28670001 4.06129
28680001 4.05998
28690001 4.05342
28700001 4.06371
28710001 4.07287
28720001 4.03725
28730001 4.08194
28740001 4.10348
28750001 4.05323
28760001 4.05862
28770001 4.04492
28780001 4.04643
28790001 4.0551
28800001 4.09301
28810001 4.05121
28820001 4.05044
28830001 4.0676
28840001 4.06282
28850001 4.06048
28860001 4.06809
28870001 4.05309
28880001 4.0687
28890001 4.05568
28900001 4.06101
28910001 4.05393
28920001 4.03862
28930001 4.06573
28940001 4.06041
28950001 4.0928
28960001 4.07255
28970001 4.06476
28980001 4.05565
28990001 4.05048
29000001 4.06984
29010001 4.08014
29020001 4.06556
29030001 4.04372
29040001 4.06326
29050001 4.07673
29060001 4.06695
29070001 4.07634
29080001 4.06548
29090001 4.05411
29100001 4.03856
29110001 4.08675
29120001 4.05461
29130001 4.07583
29140001 4.03499
29150001 4.07589
29160001 4.05179
29170001 4.08176
29180001 4.08414
29190001 4.05837
29200001 4.09606
29210001 4.01674
29220001 4.07906
29230001 4.05341
29240001 4.05494
29250001 4.05698
29260001 4.06601
29270001 4.07577
29280001 4.05839
29290001 4.06042
29300001 4.04265
29310001 4.04696
29320001 4.05797
29330001 4.03863
29340001 4.07225
29350001 4.06509
29360001 4.03667
29370001 4.07897
29380001 4.06971
29390001 4.02793
29400001 4.04235
29410001 4.06291
29420001 4.07209
29430001 4.05284
29440001 4.09204
29450001 4.08115
29460001 4.05533
29470001 4.06099
29480001 4.0464
29490001 4.07052
29500001 4.0764
29510001 4.04805
29520001 4.06219
29530001 4.0698
29540001 4.07481
29550001 4.05031
29560001 4.06213
29570001 4.06981
29580001 4.05853
29590001 4.05594
29600001 4.02793
29610001 4.07019
29620001 4.04569
29630001 4.042
29640001 4.0443
29650001 4.0695
29660001 4.07287
29670001 4.07589
29680001 4.04145
29690001 4.03734
29700001 4.05525
29710001 4.05617
29720001 4.03188
29730001 4.04952
29740001 4.06435
29750001 4.06284
29760001 4.0536
29770001 4.04128
29780001 4.07017
29790001 4.043
29800001 4.0523
29810001 4.0682
29820001 4.06231
29830001 4.06537
29840001 4.07403
29850001 4.06971
29860001 4.07753
29870001 4.07628
29880001 4.04333
29890001 4.06412
29900001 4.04336
29910001 4.04427
29920001 4.04019
29930001 4.07616
29940001 4.03546
29950001 4.06815
29960001 4.06716
29970001 4.0614
29980001 4.06054
29990001 4.05143
30000001 4.05885
30010001 4.05611
30020001 4.04505
30030001 4.06196
30040001 4.0278
30050001 4.06241
30060001 4.07058
30070001 4.04885
30080001 4.05125
30090001 4.04406
30100001 4.03054
30110001 4.06789
30120001 4.0468
30130001 4.04976
30140001 4.04811
30150001 4.08654
30160001 4.03798
30170001 4.0496
30180001 4.08748
30190001 4.04935
30200001 4.04474
30210001 4.05186
30220001 4.01863
30230001 4.04574
30240001 4.06439
30250001 4.05257
30260001 4.08923
30270001 4.05212
30280001 4.06769
30290001 4.05733
30300001 4.05389
30310001 4.06032
30320001 4.05686
30330001 4.05443
30340001 4.04404
30350001 4.05991
30360001 4.04582
30370001 4.05016
30380001 4.08066
30390001 4.05504
30400001 4.05023
30410001 4.07387
30420001 4.02788
30430001 4.04521
30440001 4.05922
30450001 4.06117
30460001 4.05871
30470001 4.03182
30480001 4.0451
30490001 4.05272
30500001 4.0495
30510001 4.05676
30520001 4.06245
30530001 4.07185
30540001 4.05178
30550001 4.0485
30560001 4.05612
30570001 4.05827
30580001 4.06055
30590001 4.06659
30600001 4.07067
30610001 4.07366
30620001 4.03967
30630001 4.06017
30640001 4.05777
30650001 4.05234
30660001 4.07108
30670001 4.03096
30680001 4.06058
30690001 4.05038
30700001 4.06637
30710001 4.09013
30720001 4.06046
30730001 4.0569
30740001 4.05236
30750001 4.03999
30760001 4.05876
30770001 4.0866
30780001 4.04638
30790001 4.03337
30800001 4.02791
30810001 4.05945
30820001 4.06109
30830001 4.09068
30840001 4.04866
30850001 4.04901
30860001 4.08203
30870001 4.06243
30880001 4.03755
30890001 4.05834
30900001 4.06819
30910001 4.06205
30920001 4.06184
30930001 4.06718
30940001 4.07898
30950001 4.06564
30960001 4.06108
30970001 4.03081
30980001 4.0554
30990001 4.03489
31000001 4.05229
31010001 4.06631
31020001 4.06906
31030001 4.05863
31040001 4.08575
31050001 4.05593
31060001 4.0614
31070001 4.04464
31080001 4.05503
31090001 4.06397
31100001 4.0402
31110001 4.06647
31120001 4.05256
31130001 4.04556
31140001 4.03041
31150001 4.08491
31160001 4.04024
31170001 4.08205
31180001 4.09458
31190001 4.03126
31200001 4.04167
31210001 4.07753
31220001 4.06162
31230001 4.10535
31240001 4.06908
31250001 4.0598
31260001 4.07438
31270001 4.06334
31280001 4.09195
31290001 4.07392
31300001 4.06063
31310001 4.08767
31320001 4.04676
31330001 4.08367
31340001 4.06862
31350001 4.05925
31360001 4.0583
31370001 4.08647
31380001 4.04401
31390001 4.06318
31400001 4.06583
31410001 4.05181
31420001 4.05741
31430001 4.05596
31440001 4.0617
31450001 4.06093
31460001 4.07186
31470001 4.0397
31480001 4.08831
31490001 4.04977
31500001 4.07061
31510001 4.07611
31520001 4.08818
31530001 4.07076
31540001 4.07121
31550001 4.06002
31560001 4.04568
31570001 4.05982
31580001 4.04543
31590001 4.04899
31600001 4.05269
31610001 4.06435
31620001 4.05384
31630001 4.09949
31640001 4.07841
31650001 4.07738
31660001 4.05226
31670001 4.0227
31680001 4.06787
31690001 4.05417
31700001 4.06871
31710001 4.0786
31720001 4.06229
31730001 4.06193
31740001 4.03545
31750001 4.05947
31760001 4.02868
31770001 4.07274
31780001 4.06628
31790001 4.03628
31800001 4.0529
31810001 4.06723
31820001 4.04624
31830001 4.05574
31840001 4.06261
31850001 4.0637
31860001 4.05052
31870001 4.06748
31880001 4.04803
31890001 4.05877
31900001 4.05534
31910001 4.06786
31920001 4.06976
31930001 4.06771
31940001 4.06146
31950001 4.03437
31960001 4.05707
31970001 4.0236
31980001 4.04859
31990001 4.07281
32000001 4.04234
32010001 4.05562
32020001 4.03803
32030001 4.05513
32040001 4.07587
32050001 4.07264
32060001 4.07045
32070001 4.03474
32080001 4.05172
32090001 4.05976
32100001 4.04424
32110001 4.03789
32120001 4.03237
32130001 4.05245
32140001 4.05507
32150001 4.05941
32160001 4.0933
32170001 4.063
32180001 4.03767
32190001 4.0233
32200001 4.08176
32210001 4.07177
32220001 4.0719
32230001 4.05597
32240001 4.05306
32250001 4.07009
32260001 4.07736
32270001 4.05898
32280001 4.07888
32290001 4.09055
32300001 4.09023
32310001 4.0708
32320001 4.07571
32330001 4.04508
32340001 4.06428
32350001 4.06183
32360001 4.0615
32370001 4.06591
32380001 4.05369
32390001 4.08836
32400001 4.0636
32410001 4.03766
32420001 4.07584
32430001 4.08255
32440001 4.04007
32450001 4.0869
32460001 4.04772
32470001 4.03793
32480001 4.07125
32490001 4.04315
32500001 4.04172
32510001 4.07759
32520001 4.05396
32530001 4.0764
32540001 4.05364
32550001 4.05445
32560001 4.08227
32570001 4.08776
32580001 4.05381
32590001 4.07353
32600001 4.05027
32610001 4.04759
32620001 4.03256
32630001 4.07791
32640001 4.07459
32650001 4.07166
32660001 4.04456
32670001 4.02747
32680001 4.06357
32690001 4.07041
32700001 4.07975
32710001 4.05936
32720001 4.06513
32730001 4.05842
32740001 4.04358
32750001 4.04947
32760001 4.04648
32770001 4.04992
32780001 4.06541
32790001 4.06129
32800001 4.06092
32810001 4.03805
32820001 4.05809
32830001 4.09701
32840001 4.04653
32850001 4.0827
32860001 4.06415
32870001 4.05377
32880001 4.05829
32890001 4.06274
32900001 4.06679
32910001 4.04706
32920001 4.04119
32930001 4.07063
32940001 4.0887
32950001 4.05857
32960001 4.05908
32970001 4.07828
32980001 4.06227
32990001 4.06222
33000001 4.08533
33010001 4.07518
33020001 4.06194
33030001 4.05113
33040001 4.04811
33050001 4.07307
33060001 4.06348
33070001 4.05795
33080001 4.06617
33090001 4.05493
33100001 4.07065
33110001 4.08466
33120001 4.05146
33130001 4.0649
33140001 4.08562
33150001 4.06961
33160001 4.03616
33170001 4.04889
33180001 4.05502
33190001 4.05525
33200001 4.08866
33210001 4.05416
33220001 4.06804
33230001 4.07672
33240001 4.03684
33250001 4.06422
33260001 4.07392
33270001 4.05103
33280001 4.04335
33290001 4.05319
33300001 4.04303
33310001 4.08204
33320001 4.03336
33330001 4.07703
33340001 4.04069
33350001 4.07103
33360001 4.05173
33370001 4.05661
33380001 4.05951
33390001 4.05231
33400001 4.04317
33410001 4.03268
33420001 4.07938
33430001 4.04782
33440001 4.07993
33450001 4.0645
33460001 4.08966
33470001 4.0405
33480001 4.06505
33490001 4.06251
33500001 4.04492
33510001 4.0613
33520001 4.04819
33530001 4.04725
33540001 4.08428
33550001 4.07037
33560001 4.0737
33570001 4.03265
33580001 4.04993
33590001 4.03728
33600001 4.0774
33610001 4.07558
33620001 4.07166
33630001 4.0571
33640001 4.05335
33650001 4.06024
33660001 4.05474
33670001 4.0688
33680001 4.08865
33690001 4.04588
33700001 4.05987
33710001 4.06064
33720001 4.06908
33730001 4.07369
33740001 4.07523
33750001 4.06587
33760001 4.05915
33770001 4.06267
33780001 4.05841
33790001 4.06353
33800001 4.04059
33810001 4.06094
33820001 4.03726
33830001 4.04738
33840001 4.07043
33850001 4.07384
33860001 4.0472
33870001 4.05732
33880001 4.05588
33890001 4.06626
33900001 4.05905
33910001 4.05697
33920001 4.06169
33930001 4.07325
33940001 4.07414
33950001 4.07017
33960001 4.0521
33970001 4.0737
33980001 4.04052
33990001 4.07518
34000001 4.06227
34010001 4.04995
34020001 4.06451
34030001 4.079
34040001 4.05792
34050001 4.0552
34060001 4.00914
34070001 4.0454
34080001 4.04053
34090001 4.03435
34100001 4.05414
34110001 4.07907
34120001 4.06767
34130001 4.05578
34140001 4.06538
34150001 4.08716
34160001 4.06059
34170001 4.06167
34180001 4.07644
34190001 4.03761
34200001 4.05591
34210001 4.0591
34220001 4.05319
34230001 4.08571
34240001 4.0718
34250001 4.05485
34260001 4.06857
34270001 4.05123
34280001 4.02455
34290001 4.04704
34300001 4.0649
34310001 4.06421
34320001 4.06011
34330001 4.07983
34340001 4.06565
34350001 4.09054
34360001 4.04207
34370001 4.04653
34380001 4.06499
34390001 4.04369
34400001 4.06842
34410001 4.05093
34420001 4.05271
34430001 4.08843
34440001 4.05525
34450001 4.08383
34460001 4.06433
34470001 4.06139
34480001 4.05362
34490001 4.03838
34500001 4.06858
34510001 4.06954
34520001 4.07479
34530001 4.06123
34540001 4.07527
34550001 4.03527
34560001 4.0535
34570001 4.07012
34580001 4.0551
34590001 4.04993
34600001 4.04333
34610001 4.05699
34620001 4.05725
34630001 4.07676
34640001 4.05673
34650001 4.09948
34660001 4.05483
34670001 4.04421
34680001 4.05397
34690001 4.05712
34700001 4.02924
34710001 4.07998
34720001 4.05441
34730001 4.04656
34740001 4.04343
34750001 4.07228
34760001 4.0845
34770001 4.06952
34780001 4.06429
34790001 4.04018
34800001 4.04671
34810001 4.04676
34820001 4.0475
34830001 4.04689
34840001 4.01707
34850001 4.05576
34860001 4.05534
34870001 4.07696
34880001 4.05526
34890001 4.07051
34900001 4.05639
34910001 4.05155
34920001 4.04455
34930001 4.04321
34940001 4.04777
34950001 4.09356
34960001 4.04411
34970001 4.0554
34980001 4.05904
34990001 4.058
35000001 4.04919
35010001 4.02873
35020001 4.04647
35030001 4.04716
35040001 4.04369
35050001 4.06345
35060001 4.05803
35070001 4.07362
35080001 4.0413
35090001 4.07132
35100001 4.04267
35110001 4.03859
35120001 4.08062
35130001 4.036
35140001 4.06621
35150001 4.06605
35160001 4.05964
35170001 4.07187
35180001 4.07068
35190001 4.09548
35200001 4.0444
35210001 4.04692
35220001 4.02804
35230001 4.09055
35240001 4.09201
35250001 4.05053
35260001 4.0788
35270001 4.03398
35280001 4.06012
35290001 4.08343
35300001 4.07365
35310001 4.05091
35320001 4.09125
35330001 4.04952
35340001 4.07448
35350001 4.06685
35360001 4.06895
35370001 4.0471
35380001 4.04797
35390001 4.0519
35400001 4.03876
35410001 4.04219
35420001 4.04915
35430001 4.05491
35440001 4.05066
35450001 4.05295
35460001 4.06234
35470001 4.04664
35480001 4.06125
35490001 4.04587
35500001 4.06991
35510001 4.10286
35520001 4.06158
35530001 4.03764
35540001 4.04075
35550001 4.03471
35560001 4.04456
35570001 4.04104
35580001 4.08278
35590001 4.06996
35600001 4.04526
35610001 4.07899
35620001 4.06646
35630001 4.04953
35640001 4.06263
35650001 4.06216
35660001 4.0738
35670001 4.07159
35680001 4.03828
35690001 4.06162
35700001 4.06382
35710001 4.05977
35720001 4.09068
35730001 4.04539
35740001 4.0561
35750001 4.05399
35760001 4.07342
35770001 4.05997
35780001 4.04649
35790001 4.0516
35800001 4.02418
35810001 4.05197
35820001 4.06044
35830001 4.05296
35840001 4.05014
35850001 4.0771
35860001 4.06704
35870001 4.03253
35880001 4.01655
35890001 4.06084
35900001 4.05712
35910001 4.058
35920001 4.06719
35930001 4.05588
35940001 4.06599
35950001 4.08115
35960001 4.06782
35970001 4.05445
35980001 4.06719
35990001 4.06524
36000001 4.04034
36010001 4.04099
36020001 4.04779
36030001 4.05945
36040001 4.04269
36050001 4.04986
36060001 4.05327
36070001 4.0732
36080001 4.03841
36090001 4.05177
36100001 4.07473
36110001 4.04066
36120001 4.04651
36130001 4.04489
36140001 4.07161
36150001 4.06175
36160001 4.08211
36170001 4.06368
36180001 4.04581
36190001 4.03698
36200001 4.02836
36210001 4.08135
36220001 4.06828
36230001 4.03424
36240001 4.07008
36250001 4.0466
36260001 4.03904
36270001 4.07495
36280001 4.06845
36290001 4.06401
36300001 4.07253
36310001 4.04597
36320001 4.04176
36330001 4.06125
36340001 4.0399
36350001 4.06054
36360001 4.07031
36370001 4.09568
36380001 4.07718
36390001 4.06426
36400001 4.07028
36410001 4.04039
36420001 4.04116
36430001 4.06195
36440001 4.05068
36450001 4.0647
36460001 4.05022
36470001 4.0425
36480001 4.0571
36490001 4.05048
36500001 4.03781
36510001 4.05671
36520001 4.05436
36530001 4.05617
36540001 4.07697
36550001 4.05971
36560001 4.05973
36570001 4.06704
36580001 4.06332
36590001 4.04903
36600001 4.0599
36610001 4.04224
36620001 4.04025
36630001 4.08129
36640001 4.04246
36650001 4.07559
36660001 4.05785
36670001 4.05551
36680001 4.04359
36690001 4.08341
36700001 4.05936
36710001 4.05559
36720001 4.05046
36730001 4.05161
36740001 4.04395
36750001 4.05324
36760001 4.03012
36770001 4.06093
36780001 4.05142
36790001 4.04956
36800001 4.0349
36810001 4.06755
36820001 4.07948
36830001 4.06229
36840001 4.07394
36850001 4.04758
36860001 4.06846
36870001 4.08428
36880001 4.06665
36890001 4.05476
36900001 4.05341
36910001 4.05252
36920001 4.04066
36930001 4.05318
36940001 4.07986
36950001 4.04046
36960001 4.06544
36970001 4.06002
36980001 4.04182
36990001 4.05764
37000001 4.0695
37010001 4.07047
37020001 4.08133
37030001 4.08459
37040001 4.04232
37050001 4.06178
37060001 4.05367
37070001 4.06998
37080001 4.08669
37090001 4.05961
37100001 4.06835
37110001 4.08231
37120001 4.06161
37130001 4.07246
37140001 4.06981
37150001 4.06706
37160001 4.06725
37170001 4.06008
37180001 4.07355
37190001 4.0793
37200001 4.05968
37210001 4.04154
37220001 4.05995
37230001 4.05243
37240001 4.06604
37250001 4.04646
37260001 4.02789
37270001 4.09373
37280001 4.08513
37290001 4.03895
37300001 4.06366
37310001 4.06855
37320001 4.04341
37330001 4.03299
37340001 4.0558
37350001 4.06883
37360001 4.05905
37370001 4.05939
37380001 4.09163
37390001 4.03576
37400001 4.04734
37410001 4.06967
37420001 4.09096
37430001 4.05923
37440001 4.05355
37450001 4.06804
37460001 4.04742
37470001 4.07335
37480001 4.03393
37490001 4.04173
37500001 4.05021
37510001 4.06562
37520001 4.04192
37530001 4.04282
37540001 4.06542
37550001 4.04075
37560001 4.05445
37570001 4.03103
37580001 4.05148
37590001 4.05947
37600001 4.06493
37610001 4.02494
37620001 4.07927
37630001 4.05791
37640001 4.05516
37650001 4.04965
37660001 4.05689
37670001 4.06776
37680001 4.05267
37690001 4.05634
37700001 4.01769
37710001 4.04044
37720001 4.02009
37730001 4.06107
37740001 4.06466
37750001 4.06618
37760001 4.05982
37770001 4.06577
37780001 4.08653
37790001 4.0551
37800001 4.07316
37810001 4.05665
37820001 4.08942
37830001 4.0459
37840001 4.0307
37850001 4.05831
37860001 4.07527
37870001 4.05102
37880001 4.04432
37890001 4.05925
37900001 4.05816
37910001 4.04722
37920001 4.05383
37930001 4.06497
37940001 4.04329
37950001 4.05893
37960001 4.03313
37970001 4.06303
37980001 4.05955
37990001 4.04557
38000001 4.04687
38010001 4.06157
38020001 4.04447
38030001 4.06514
38040001 4.08631
38050001 4.05978
38060001 4.05765
38070001 4.06595
38080001 4.06606
38090001 4.06155
38100001 4.07875
38110001 4.07327
38120001 4.07221
38130001 4.07429
38140001 4.05255
38150001 4.027
38160001 4.08557
38170001 4.038
38180001 4.08978
38190001 4.04065
38200001 4.04194
38210001 4.03256
38220001 4.06975
38230001 4.04565
38240001 4.08816
38250001 4.03872
38260001 4.06523
38270001 4.0592
38280001 4.05692
38290001 4.06673
38300001 4.04902
38310001 4.03458
38320001 4.07166
38330001 4.05914
38340001 4.05177
38350001 4.07307
38360001 4.04627
38370001 4.05298
38380001 4.06845
38390001 4.0261
38400001 4.07564
38410001 4.06778
38420001 4.09094
38430001 4.0905
38440001 4.04983
38450001 4.04467
38460001 4.07966
38470001 4.04787
38480001 4.04868
38490001 4.06734
38500001 4.04213
38510001 4.05715
38520001 4.06391
38530001 4.06949
38540001 4.05158
38550001 4.04588
38560001 4.03729
38570001 4.03701
38580001 4.06663
38590001 4.06924
38600001 4.08395
38610001 4.07124
38620001 4.01884
38630001 4.07428
38640001 4.05427
38650001 4.05536
38660001 4.06469
38670001 4.06822
38680001 4.08621
38690001 4.0417
38700001 4.06626
38710001 4.04953
38720001 4.02429
38730001 4.08314
38740001 4.03568
38750001 4.03356
38760001 4.06524
38770001 4.07125
38780001 4.05005
38790001 4.0893
38800001 4.05114
38810001 4.07534
38820001 4.09229
38830001 4.05116
38840001 4.06346
38850001 4.07288
38860001 4.07822
38870001 4.08142
38880001 4.06866
38890001 4.07149
38900001 4.04669
38910001 4.07268
38920001 4.04204
38930001 4.06096
38940001 4.07992
38950001 4.05373
38960001 4.05158
38970001 4.04161
38980001 4.02149
38990001 4.06359
39000001 4.04398
39010001 4.08847
39020001 4.06785
39030001 4.06405
39040001 4.046
39050001 4.09092
39060001 4.07561
39070001 4.05332
39080001 4.07028
39090001 4.05962
39100001 4.04075
39110001 4.05156
39120001 4.04614
39130001 4.08898
39140001 4.07696
39150001 4.0781
39160001 4.05262
39170001 4.06513
39180001 4.07913
39190001 4.10409
39200001 4.06174
39210001 4.07075
39220001 4.0795
39230001 4.0577
39240001 4.05813
39250001 4.06109
39260001 4.07629
39270001 4.0744
39280001 4.0796
39290001 4.04481
39300001 4.06128
39310001 4.05637
39320001 4.07537
39330001 4.06174
39340001 4.03555
39350001 4.04404
39360001 4.03103
39370001 4.06735
39380001 4.0321
39390001 4.03272
39400001 4.07148
39410001 4.05499
39420001 4.08178
39430001 4.06384
39440001 4.06166
39450001 4.04422
39460001 4.06456
39470001 4.04653
39480001 4.06125
39490001 4.05443
39500001 4.04983
39510001 4.06484
39520001 4.07423
39530001 4.05842
39540001 4.06356
39550001 4.06365
39560001 4.03229
39570001 4.04286
39580001 4.03288
39590001 4.03877
39600001 4.06237
39610001 4.06284
39620001 4.03883
39630001 4.04935
39640001 4.0575
39650001 4.08175
39660001 4.04545
39670001 4.08452
39680001 4.04706
39690001 4.07267
39700001 4.04845
39710001 4.06904
39720001 4.07383
39730001 4.04963
39740001 4.05517
39750001 4.07464
39760001 4.05684
39770001 4.04358
39780001 4.06708
39790001 4.07109
39800001 4.08951
39810001 4.07771
39820001 4.05254
39830001 4.04698
39840001 4.08313
39850001 4.07
39860001 4.06421
39870001 4.05537
39880001 4.09716
39890001 4.07584
39900001 4.05636
39910001 4.10484
39920001 4.05514
39930001 4.06667
39940001 4.01302
39950001 4.05918
39960001 4.05013
39970001 4.07117
39980001 4.08827
39990001 4.04075
40000001 4.05198
40010001 4.08043
40020001 4.08147
40030001 4.09534
40040001 4.0579
40050001 4.03407
40060001 4.05538
40070001 4.06679
40080001 4.04823
40090001 4.06206
40100001 4.0802
40110001 4.08014
40120001 4.07859
40130001 4.08165
40140001 4.08341
40150001 4.0598
40160001 4.06778
40170001 4.04867
40180001 4.04333
40190001 4.07444
40200001 4.07273
40210001 4.04643
40220001 4.06277
40230001 4.06492
40240001 4.04792
40250001 4.05712
40260001 4.06236
40270001 4.06906
40280001 4.04081
40290001 4.06164
40300001 4.06746
40310001 4.06394
40320001 4.05753
40330001 4.0507
40340001 4.07287
40350001 4.0599
40360001 4.05347
40370001 4.04145
40380001 4.07076
40390001 4.08333
40400001 4.07371
40410001 4.0752
40420001 4.07224
40430001 4.06277
40440001 4.07043
40450001 4.05819
40460001 4.04958
40470001 4.09214
40480001 4.04751
40490001 4.05934
40500001 4.06107
40510001 4.0632
40520001 4.05006
40530001 4.04839
40540001 4.07659
40550001 4.04326
40560001 4.10073
40570001 4.05873
40580001 4.06121
40590001 4.08781
40600001 4.05589
40610001 4.06184
40620001 4.05653
40630001 4.04211
40640001 4.05256
40650001 4.04585
40660001 4.04095
40670001 4.0978
40680001 4.03454
40690001 4.05718
40700001 4.08948
40710001 4.06262
40720001 4.05298
40730001 4.07931
40740001 4.05461
40750001 4.06991
40760001 4.04737
40770001 4.04107
40780001 4.05464
40790001 4.07999
40800001 4.09886
40810001 4.05386
40820001 4.04856
40830001 4.05524
40840001 4.05409
40850001 4.05915
40860001 4.04756
40870001 4.069
40880001 4.08889
40890001 4.0511
40900001 4.05176
40910001 4.07433
40920001 4.05468
40930001 4.04512
40940001 4.06823
40950001 4.05321
40960001 4.0378
40970001 4.0799
40980001 4.03795
40990001 4.05837
41000001 4.07383
41010001 4.06145
41020001 4.07471
41030001 4.0831
41040001 4.0717
41050001 4.05429
41060001 4.07751
41070001 4.04449
41080001 4.06568
41090001 4.05627
41100001 4.02695
41110001 4.04382
41120001 4.06796
41130001 4.06537
41140001 4.05942
41150001 4.0688
41160001 4.05857
41170001 4.03445
41180001 4.08461
41190001 4.04823
41200001 4.09193
41210001 4.08
41220001 4.06651
41230001 4.06907
41240001 4.03319
41250001 4.03843
41260001 4.05599
41270001 4.07744
41280001 4.07284
41290001 4.05206
41300001 4.06459
41310001 4.06103
41320001 4.04996
41330001 4.07168
41340001 4.05957
41350001 4.07481
41360001 4.07194
41370001 4.05304
41380001 4.05552
41390001 4.0707
41400001 4.0496
41410001 4.01771
41420001 4.03765
41430001 4.07643
41440001 4.03226
41450001 4.06597
41460001 4.06286
41470001 4.03863
41480001 4.0801
41490001 4.07206
41500001 4.04533
41510001 4.05284
41520001 4.05581
41530001 4.03263
41540001 4.05776
41550001 4.02924
41560001 4.05091
41570001 4.05164
41580001 4.067
41590001 4.06607
41600001 4.06428
41610001 4.04963
41620001 4.06655
41630001 4.06967
41640001 4.05998
41650001 4.05427
41660001 4.06402
41670001 4.03757
41680001 4.0759
41690001 4.04422
41700001 4.08706
41710001 4.07566
41720001 4.05436
41730001 4.06283
41740001 4.03341
41750001 4.0661
41760001 4.02966
41770001 4.0531
41780001 4.0795
41790001 4.07938
41800001 4.06358
41810001 4.03537
41820001 4.08977
41830001 4.06853
41840001 4.07312
41850001 4.02563
41860001 4.06059
41870001 4.05187
41880001 4.06057
41890001 4.04645
41900001 4.06315
41910001 4.04858
41920001 4.05095
41930001 4.05074
41940001 4.07025
41950001 4.05114
41960001 4.05254
41970001 4.04157
41980001 4.04116
41990001 4.06588
42000001 4.08332
42010001 4.07383
42020001 4.05307
42030001 4.0355
42040001 4.05129
42050001 4.06023
42060001 4.05901
42070001 4.06473
42080001 4.06008
42090001 4.0356
42100001 4.06444
42110001 4.07254
42120001 4.06993
42130001 4.07826
42140001 4.05853
42150001 4.04782
42160001 4.06095
42170001 4.05604
42180001 4.07819
42190001 4.07167
42200001 4.0719
42210001 4.041
42220001 4.03703
42230001 4.07084
42240001 4.04995
42250001 4.05039
42260001 4.07013
42270001 4.06127
42280001 4.07309
42290001 4.02327
42300001 4.02665
42310001 4.07519
42320001 4.07058
42330001 4.04383
42340001 4.06452
42350001 4.0385
42360001 4.06324
42370001 4.0743
42380001 4.08776
42390001 4.05416
42400001 4.05142
42410001 4.04289
42420001 4.06945
42430001 4.0463
42440001 4.06467
42450001 4.04885
42460001 4.06255
42470001 4.07502
42480001 4.05736
42490001 4.04958
42500001 4.04348
42510001 4.03508
42520001 4.07654
42530001 4.06504
42540001 4.02192
42550001 4.06232
42560001 4.05652
42570001 4.06641
42580001 4.05293
42590001 4.06868
42600001 4.04504
42610001 4.0521
42620001 4.05133
42630001 4.08378
42640001 4.0623
42650001 4.08947
42660001 4.04765
42670001 4.06248
42680001 4.05073
42690001 4.10095
42700001 4.0947
42710001 4.04032
42720001 4.07
42730001 4.09703
42740001 4.04187
42750001 4.08502
42760001 4.03256
42770001 4.03539
42780001 4.05093
42790001 4.04147
42800001 4.09223
42810001 4.07315
42820001 4.08566
42830001 4.05784
42840001 4.05827
42850001 4.06055
42860001 4.04736
42870001 4.05885
42880001 4.06492
42890001 4.08266
42900001 4.04051
42910001 4.09868
42920001 4.04738
42930001 4.06529
42940001 4.03524
42950001 4.06454
42960001 4.09752
42970001 4.06738
42980001 4.06325
42990001 4.05511
43000001 4.07656
43010001 4.05427
43020001 4.054
43030001 4.07349
43040001 4.03816
43050001 4.04878
43060001 4.03443
43070001 4.07691
43080001 4.08979
43090001 4.0644
43100001 4.08442
43110001 4.06357
43120001 4.0446
43130001 4.04787
43140001 4.03682
43150001 4.05494
43160001 4.07765
43170001 4.05518
43180001 4.05179
43190001 4.06025
43200001 4.05947
43210001 4.09073
43220001 4.07105
43230001 4.04987
43240001 4.06279
43250001 4.05048
43260001 4.02676
43270001 4.06404
43280001 4.01757
43290001 4.07975
43300001 4.06341
43310001 4.07502
43320001 4.06629
43330001 4.0839
43340001 4.09586
43350001 4.05753
43360001 4.05782
43370001 4.05413
43380001 4.04302
43390001 4.05795
43400001 4.04679
43410001 4.03738
43420001 4.04201
43430001 4.06143
43440001 4.05207
43450001 4.06642
43460001 4.04604
43470001 4.04443
43480001 4.11598
43490001 4.05653
43500001 4.07743
43510001 4.03812
43520001 4.08338
43530001 4.05222
43540001 4.0351
43550001 4.07106
43560001 4.05831
43570001 4.03167
43580001 4.04949
43590001 4.05444
43600001 4.06385
43610001 4.03832
43620001 4.05544
43630001 4.04571
43640001 4.08943
43650001 4.06565
43660001 4.06424
43670001 4.03132
43680001 4.06087
43690001 4.07009
43700001 4.053
43710001 4.02039
43720001 4.042
43730001 4.0424
43740001 4.07252
43750001 4.06837
43760001 4.07017
43770001 4.08074
43780001 4.09703
43790001 4.09474
43800001 4.05551
43810001 4.07735
43820001 4.0347
43830001 4.07364
43840001 4.09475
43850001 4.06964
43860001 4.06822
43870001 4.06978
43880001 4.06183
43890001 4.08262
43900001 4.07378
43910001 4.04787
43920001 4.04553
43930001 4.05921
43940001 4.06267
43950001 4.06809
43960001 4.05925
43970001 4.06435
43980001 4.0731
43990001 4.08198
44000001 4.06856
44010001 4.06434
44020001 4.06052
44030001 4.07504
44040001 4.05167
44050001 4.05686
44060001 4.04846
44070001 4.06435
44080001 4.03652
44090001 4.06574
44100001 4.03701
44110001 4.06169
44120001 4.05917
44130001 4.05547
44140001 4.03979
44150001 4.07405
44160001 4.05615
44170001 4.05744
44180001 4.04129
44190001 4.07241
44200001 4.06119
44210001 4.05675
44220001 4.05774
44230001 4.04656
44240001 4.05998
44250001 4.06245
44260001 4.06256
44270001 4.07166
44280001 4.04697
44290001 4.05657
44300001 4.07339
44310001 4.03651
44320001 4.06665
44330001 4.02675
44340001 4.02092
44350001 4.02102
44360001 4.02776
44370001 4.06845
44380001 4.05044
44390001 4.04495
44400001 4.06553
44410001 4.07997
44420001 4.09335
44430001 4.04644
44440001 4.05373
44450001 4.04356
44460001 4.03081
44470001 4.06481
44480001 4.06893
44490001 4.06904
44500001 4.06719
44510001 4.06293
44520001 4.05033
44530001 4.03135
44540001 4.07544
44550001 4.05469
44560001 4.04183
44570001 4.05969
44580001 4.0144
44590001 4.04067
44600001 4.08882
44610001 4.04872
44620001 4.08287
44630001 4.04682
44640001 4.0537
44650001 4.07635
44660001 4.05751
44670001 4.0544
44680001 4.04975
44690001 4.06496
44700001 4.03553
44710001 4.07771
44720001 4.06613
44730001 4.03474
44740001 4.06488
44750001 4.04621
44760001 4.03383
44770001 4.0971
44780001 4.05504
44790001 4.05644
44800001 4.02317
44810001 4.07015
44820001 4.06298
44830001 4.02807
44840001 4.06187
44850001 4.04864
44860001 4.06776
44870001 4.04475
44880001 4.0404
44890001 4.08947
44900001 4.07021
44910001 4.06455
44920001 4.0553
44930001 4.06724
44940001 4.05526
44950001 4.06269
44960001 4.07645
44970001 4.08671
44980001 4.06196
44990001 4.07284
45000001 4.06111
45010001 4.08166
45020001 4.05982
45030001 4.08516
45040001 4.08341
45050001 4.06471
45060001 4.06144
45070001 4.06921
45080001 4.07307
45090001 4.08247
45100001 4.07181
45110001 4.05007
45120001 4.0528
45130001 4.0496
45140001 4.0896
45150001 4.06135
45160001 4.05738
45170001 4.06358
45180001 4.04284
45190001 4.06501
45200001 4.05736
45210001 4.0541
45220001 4.04159
45230001 4.08112
45240001 4.03198
45250001 4.0507
45260001 4.07485
45270001 4.06313
45280001 4.05169
45290001 4.04024
45300001 4.05611
45310001 4.05142
45320001 4.06082
45330001 4.06343
45340001 4.04715
45350001 4.03207
45360001 4.09539
45370001 4.05598
45380001 4.07043
45390001 4.06
45400001 4.07761
45410001 4.07906
45420001 4.07533
45430001 4.07664
45440001 4.06403
45450001 4.04471
45460001 4.06809
45470001 4.05667
45480001 4.06505
45490001 4.05738
45500001 4.04471
45510001 4.05146
45520001 4.03407
45530001 4.08412
45540001 4.05424
45550001 4.06358
45560001 4.06802
45570001 4.09271
45580001 4.06223
45590001 4.05469
45600001 4.06778
45610001 4.01589
45620001 4.06121
45630001 4.03997
45640001 4.03006
45650001 4.08068
45660001 4.06291
45670001 4.06577
45680001 4.07166
45690001 4.04763
45700001 4.06644
45710001 4.042
45720001 4.06239
45730001 4.06523
45740001 4.08301
45750001 4.09466
45760001 4.06386
45770001 4.04193
45780001 4.06762
45790001 4.0483
45800001 4.06591
45810001 4.07154
45820001 4.05253
45830001 4.0524
45840001 4.0714
45850001 4.05957
45860001 4.04766
45870001 4.06174
45880001 4.03452
45890001 4.05333
45900001 4.0522
45910001 4.05648
45920001 4.06215
45930001 4.04547
45940001 4.05667
45950001 4.0727
45960001 4.04034
45970001 4.05887
45980001 4.03018
45990001 4.05445
46000001 4.0395
46010001 4.05554
46020001 4.04809
46030001 4.03011
46040001 4.06932
46050001 4.0332
46060001 4.0534
46070001 4.06788
46080001 4.06094
46090001 4.05669
46100001 4.08793
46110001 4.07732
46120001 4.06494
46130001 4.0487
46140001 4.09072
46150001 4.06034
46160001 4.07795
46170001 4.07779
46180001 4.05556
46190001 4.05048
46200001 4.03839
46210001 4.03887
46220001 4.02698
46230001 4.07036
46240001 4.04772
46250001 4.049
46260001 4.10271
46270001 4.03985
46280001 4.03854
46290001 4.05764
46300001 4.04643
46310001 4.04391
46320001 4.08854
46330001 4.07104
46340001 4.07842
46350001 4.05613
46360001 4.06842
46370001 4.04957
46380001 4.09396
46390001 4.05272
46400001 4.05763
46410001 4.06679
46420001 4.08007
46430001 4.0538
46440001 4.03214
46450001 4.06428
46460001 4.05308
46470001 4.03554
46480001 4.07976
46490001 4.07252
46500001 4.05687
46510001 4.05807
46520001 4.07127
46530001 4.07093
46540001 4.06213
46550001 4.05865
46560001 4.05278
46570001 4.03541
46580001 4.04052
46590001 4.0534
46600001 4.08593
46610001 4.05941
46620001 4.05973
46630001 4.04057
46640001 4.08008
46650001 4.06829
46660001 4.07238
46670001 4.03751
46680001 4.06442
46690001 4.04268
46700001 4.09333
46710001 4.06894
46720001 4.0882
46730001 4.0627
46740001 4.00877
46750001 4.07472
46760001 4.06846
46770001 4.06361
46780001 4.04945
46790001 4.04684
46800001 4.05466
46810001 4.07114
46820001 4.05008
46830001 4.05241
46840001 4.07722
46850001 4.06762
46860001 4.0505
46870001 4.05183
46880001 4.11418
46890001 4.07007
46900001 4.07995
46910001 4.06369
46920001 4.08472
46930001 4.05769
46940001 4.06761
46950001 4.07355
46960001 4.09648
46970001 4.03772
46980001 4.02647
46990001 4.04928
47000001 4.05942
47010001 4.05864
47020001 4.06486
47030001 4.0635
47040001 4.044
47050001 4.08681
47060001 4.06306
47070001 4.06204
47080001 4.06974
47090001 4.05729
47100001 4.04132
47110001 4.02648
47120001 4.06786
47130001 4.08165
47140001 4.0633
47150001 4.08926
47160001 4.07566
47170001 4.04348
47180001 4.05861
47190001 4.08127
47200001 4.0648
47210001 4.0709
47220001 4.05097
47230001 4.0544
47240001 4.05184
47250001 4.04437
47260001 4.06913
47270001 4.06863
47280001 4.08622
47290001 4.06134
47300001 4.03535
47310001 4.07602
47320001 4.0692
47330001 4.06472
47340001 4.06032
47350001 4.05464
47360001 4.04363
47370001 4.0585
47380001 4.05877
47390001 4.0324
47400001 4.08705
47410001 4.04888
47420001 4.0922
47430001 4.04942
47440001 4.04782
47450001 4.02581
47460001 4.063
47470001 4.06176
47480001 4.04127
47490001 4.06652
47500001 4.05048
47510001 4.04937
47520001 4.07433
47530001 4.06443
47540001 4.06495
47550001 4.0691
47560001 4.06028
47570001 4.05176
47580001 4.07387
47590001 4.06926
47600001 4.06563
47610001 4.04781
47620001 4.06642
47630001 4.07716
47640001 4.04347
47650001 4.05943
47660001 4.05352
47670001 4.05367
47680001 4.03477
47690001 4.06951
47700001 4.05573
47710001 4.08155
47720001 4.0773
47730001 4.03927
47740001 4.04393
47750001 4.04061
47760001 4.06483
47770001 4.04627
47780001 4.07484
47790001 4.04451
47800001 4.02815
47810001 4.05264
47820001 4.04325
47830001 4.04797
47840001 4.06407
47850001 4.04769
47860001 4.02866
47870001 4.063
47880001 4.10215
47890001 4.07367
47900001 4.07023
47910001 4.05816
47920001 4.03303
47930001 4.02135
47940001 4.0416
47950001 4.05144
47960001 4.08772
47970001 4.05783
47980001 4.0471
47990001 4.06455
48000001 4.07379
48010001 4.05027
48020001 4.02116
48030001 4.0446
48040001 4.0493
48050001 4.03404
48060001 4.05157
48070001 4.05278
48080001 4.05078
48090001 4.03443
48100001 4.05436
48110001 4.07184
48120001 4.0526
48130001 4.04505
48140001 4.05922
48150001 4.05681
48160001 4.05818
48170001 4.06664
48180001 4.06855
48190001 4.05474
48200001 4.08142
48210001 4.03939
48220001 4.0798
48230001 4.06404
48240001 4.0315
48250001 4.08127
48260001 4.06084
48270001 4.04214
48280001 4.02822
48290001 4.05091
48300001 4.05704
48310001 4.04999
48320001 4.03236
48330001 4.07123
48340001 4.08883
48350001 4.07433
48360001 4.07787
48370001 4.07678
48380001 4.07868
48390001 4.06584
48400001 4.08178
48410001 4.06641
48420001 4.06559
48430001 4.05263
48440001 4.04189
48450001 4.07771
48460001 4.03283
48470001 4.04552
48480001 4.03803
48490001 4.06224
48500001 4.10395
48510001 4.06984
48520001 4.06046
48530001 4.05688
48540001 4.04039
48550001 4.03866
48560001 4.05484
48570001 4.06374
48580001 4.06011
48590001 4.07733
48600001 4.05334
48610001 4.06276
48620001 4.0353
48630001 4.05854
48640001 4.07535
48650001 4.03037
48660001 4.0373
48670001 4.0867
48680001 4.086
48690001 4.07868
48700001 4.06797
48710001 4.04297
48720001 4.04944
48730001 4.0636
48740001 4.02857
48750001 4.0456
48760001 4.0599
48770001 4.03984
48780001 4.05749
48790001 4.07247
48800001 4.04136
48810001 4.07835
48820001 4.03438
48830001 4.06007
48840001 4.07511
48850001 4.05206
48860001 4.05462
48870001 4.02704
48880001 4.07039
48890001 4.05891
48900001 4.05081
48910001 4.05799
48920001 4.04322
48930001 4.04816
48940001 4.05824
48950001 4.04719
48960001 4.06905
48970001 4.06863
48980001 4.06261
48990001 4.05744
49000001 4.06025
49010001 4.03722
49020001 4.04123
49030001 4.07981
49040001 4.0396
49050001 4.05705
49060001 4.04315
49070001 4.04682
49080001 4.06811
49090001 4.03461
49100001 4.03349
49110001 4.03574
49120001 4.07326
49130001 4.05913
49140001 4.08577
49150001 4.06781
49160001 4.04832
49170001 4.08584
49180001 4.0454
49190001 4.07255
49200001 4.06635
49210001 4.04615
49220001 4.03054
49230001 4.04291
49240001 4.04161
49250001 4.07274
49260001 4.05324
49270001 4.05786
49280001 4.04555
49290001 4.06631
49300001 4.0403
49310001 4.03409
49320001 4.06893
49330001 4.06292
49340001 4.07351
49350001 4.06935
49360001 4.03182
49370001 4.04678
49380001 4.07183
49390001 4.09552
49400001 4.02211
49410001 4.06702
49420001 4.04556
49430001 4.05848
49440001 4.04044
49450001 4.07857
49460001 4.07875
49470001 4.03216
49480001 4.05263
49490001 4.05851
49500001 4.03835
49510001 4.06629
49520001 4.03349
49530001 4.06768
49540001 4.0448
49550001 4.05729
49560001 4.04294
49570001 4.06947
49580001 4.06629
49590001 4.05471
49600001 4.07186
49610001 4.07076
49620001 4.0417
49630001 4.09709
49640001 4.04535
49650001 4.07953
49660001 4.06249
49670001 4.05364
49680001 4.05856
49690001 4.05069
49700001 4.06998
49710001 4.09292
49720001 4.05326
49730001 4.05582
49740001 4.06441
49750001 4.04862
49760001 4.0529
49770001 4.03429
49780001 4.06951
49790001 4.04457
49800001 4.06713
49810001 4.044
49820001 4.03746
49830001 4.02506
49840001 4.06624
49850001 4.056
49860001 4.06591
49870001 4.02642
49880001 4.06474
49890001 4.05904
49900001 4.06785
49910001 4.0499
49920001 4.05697
49930001 4.0616
49940001 4.0712
49950001 4.08935
49960001 4.06669
49970001 4.07127
49980001 4.08765
49990001 4.06211
