1 2193.35
10001 233.57
20001 160.846
30001 108.28
40001 98.8451
50001 70.8894
60001 68.0625
70001 51.8937
80001 49.3759
90001 40.4657
100001 38.2956
110001 32.5015
120001 30.705
130001 26.8911
140001 25.4112
150001 22.861
160001 21.5125
170001 19.7121
180001 18.5749
190001 17.5094
200001 16.3755
210001 15.7853
220001 14.696
230001 14.3576
240001 13.3774
250001 13.0752
260001 12.2308
270001 11.8146
280001 11.3709
290001 10.8647
300001 10.8194
310001 10.309
320001 10.0174
330001 9.5279
340001 9.78521
350001 9.18989
360001 9.32331
370001 9.60707
380001 8.53496
390001 9.09335
400001 8.13749
410001 8.70829
420001 8.00831
430001 8.57453
440001 7.64349
450001 7.81089
460001 7.61965
470001 7.35334
480001 7.47015
490001 6.99501
500001 7.16781
510001 6.75426
520001 6.60594
530001 6.75712
540001 6.71475
550001 7.04318
560001 6.29416
570001 6.61777
580001 6.05066
590001 6.18967
600001 5.85827
610001 5.85708
620001 6.12332
630001 5.69287
640001 5.98039
650001 5.51382
660001 6.43718
670001 5.53812
680001 6.6046
690001 5.73561
700001 6.01744
710001 5.83115
720001 6.10136
730001 5.88748
740001 5.35913
750001 5.83466
760001 5.33935
770001 5.66282
780001 5.27356
790001 6.21685
800001 5.50034
810001 5.81982
820001 6.35043
830001 5.15404
840001 6.24114
850001 5.41502
860001 6.55097
870001 5.38928
880001 6.21742
890001 5.53572
900001 5.60638
910001 5.87307
920001 5.20562
930001 5.8971
940001 5.00061
950001 5.31989
960001 5.22492
970001 5.01765
980001 5.65035
990001 5.04043
1000001 5.43983
1010001 4.93535
1020001 5.16978
1030001 4.78786
1040001 4.77383
1050001 4.70898
1060001 4.6316
1070001 5.09205
1080001 4.64523
1090001 5.41937
1100001 4.61541
1110001 5.61702
1120001 4.92535
1130001 5.90846
1140001 4.95311
1150001 5.09574
1160001 4.98865
1170001 4.98744
1180001 5.54072
1190001 5.02336
1200001 5.20756
1210001 4.72122
1220001 5.40693
1230001 5.0356
1240001 5.569
1250001 5.54009
1260001 4.99377
1270001 5.98763
1280001 5.07015
1290001 5.77937
1300001 5.26978
1310001 6.10791
1320001 4.80049
1330001 5.76727
1340001 5.35865
1350001 5.35381
1360001 5.48936
1370001 4.70728
1380001 5.29754
1390001 4.57439
1400001 4.76092
1410001 4.79479
1420001 5.16507
1430001 5.3113
1440001 4.68423
1450001 5.04192
1460001 4.5812
1470001 4.77333
1480001 4.44575
1490001 4.4601
1500001 4.36444
1510001 4.42337
1520001 4.78706
1530001 4.31181
1540001 5.49511
1550001 4.43449
1560001 5.37415
1570001 4.74817
1580001 5.32849
1590001 4.65665
1600001 4.80467
1610001 4.89535
1620001 4.57858
1630001 5.53002
1640001 4.53236
1650001 4.97905
1660001 4.51652
1670001 5.55825
1680001 4.70831
1690001 5.14126
1700001 5.82074
1710001 4.53988
1720001 5.83848
1730001 4.86423
1740001 5.74762
1750001 5.05392
1760001 5.90163
1770001 4.94093
1780001 5.38707
1790001 5.19085
1800001 4.92179
1810001 5.51248
1820001 4.51312
1830001 5.01126
1840001 4.39448
1850001 4.60308
1860001 4.63204
1870001 4.95382
1880001 5.18976
1890001 4.56286
1900001 4.84
1910001 4.40537
1920001 4.59727
1930001 4.34666
1940001 4.34108
1950001 4.74156
1960001 4.28345
1970001 4.68466
1980001 4.11955
1990001 5.32554
2000001 4.63654
2010001 5.59119
2020001 4.64928
2030001 4.93107
2040001 4.71696
2050001 4.93402
2060001 4.93473
2070001 4.36881
2080001 5.43369
2090001 4.44137
2100001 4.83288
2110001 4.42384
2120001 5.4901
2130001 4.73026
2140001 5.08668
2150001 5.71209
2160001 4.80603
2170001 5.59255
2180001 5.07613
2190001 5.99773
2200001 4.72559
2210001 5.64883
2220001 4.88133
2230001 4.99248
2240001 5.0434
2250001 4.5512
2260001 5.39325
2270001 4.41775
2280001 4.75781
2290001 4.65558
2300001 4.52389
2310001 5.15441
2320001 4.54038
2330001 4.95058
2340001 4.46854
2350001 4.61813
2360001 4.33448
2370001 4.30175
2380001 4.27111
2390001 4.18165
2400001 4.68626
2410001 4.13785
2420001 5.05149
2430001 4.39811
2440001 5.27877
2450001 4.49805
2460001 5.4116
2470001 4.58674
2480001 4.71071
2490001 4.66033
2500001 4.53789
2510001 5.10467
2520001 4.65293
2530001 4.88648
2540001 4.4037
2550001 5.35536
2560001 4.74278
2570001 5.30389
2580001 5.27376
2590001 4.75561
2600001 5.74775
2610001 4.82575
2620001 5.52686
2630001 5.0177
2640001 5.88621
2650001 4.53814
2660001 5.5566
2670001 5.1002
2680001 5.18489
2690001 5.26407
2700001 4.46239
2710001 5.09884
2720001 4.34953
2730001 4.50818
2740001 4.57522
2750001 4.89228
2760001 5.11104
2770001 4.47697
2780001 4.84689
2790001 4.34484
2800001 4.51419
2810001 4.25104
2820001 4.26479
2830001 4.16079
2840001 4.20779
2850001 4.61506
2860001 4.12757
2870001 5.26403
2880001 4.26226
2890001 5.21838
2900001 4.59179
2910001 5.18252
2920001 4.80194
2930001 4.62923
2940001 4.75069
2950001 4.38238
2960001 4.96695
2970001 4.38168
2980001 4.83386
2990001 4.37036
3000001 5.43078
3010001 4.37231
3020001 5.02823
3030001 5.68903
3040001 4.40128
3050001 5.59882
3060001 4.7419
3070001 5.61263
3080001 4.78136
3090001 5.80932
3100001 4.92349
3110001 5.16517
3120001 5.06261
3130001 4.65786
3140001 5.40888
3150001 4.38567
3160001 4.75599
3170001 4.66001
3180001 4.49589
3190001 4.51841
3200001 4.62102
3210001 5.08911
3220001 4.45911
3230001 4.66428
3240001 4.2901
3250001 4.26847
3260001 4.23587
3270001 4.18232
3280001 4.64863
3290001 4.16898
3300001 5.0809
3310001 4.17909
3320001 5.24053
3330001 4.54656
3340001 5.55479
3350001 4.57199
3360001 4.73356
3370001 4.63979
3380001 4.98435
3390001 4.8177
3400001 4.28218
3410001 5.09272
3420001 4.37047
3430001 4.51238
3440001 4.73034
3450001 5.29628
3460001 4.65982
3470001 4.70949
3480001 5.72266
3490001 4.8135
3500001 5.53053
3510001 5.01746
3520001 5.86268
3530001 4.58944
3540001 5.53118
3550001 5.12815
3560001 4.92938
3570001 5.25237
3580001 4.44136
3590001 5.10943
3600001 4.32611
3610001 4.66947
3620001 4.55374
3630001 4.41729
3640001 5.0937
3650001 4.45562
3660001 4.88566
3670001 4.36379
3680001 4.5623
3690001 4.22364
3700001 4.24127
3710001 4.21939
3720001 4.03958
3730001 4.59599
3740001 4.11705
3750001 5.00197
3760001 4.33817
3770001 5.22845
3780001 4.56577
3790001 5.16126
3800001 4.52513
3810001 4.63941
3820001 4.73379
3830001 4.40185
3840001 5.03546
3850001 4.60057
3860001 4.84202
3870001 4.35733
3880001 5.25759
3890001 4.70022
3900001 5.24202
3910001 5.89864
3920001 4.66666
3930001 5.71483
3940001 4.66571
3950001 5.62017
3960001 4.9738
3970001 5.84204
3980001 4.82047
3990001 5.28837
4000001 5.0666
4010001 4.79371
4020001 5.45625
4030001 4.38149
4040001 5.00872
4050001 4.26161
4060001 4.47391
4070001 4.50706
4080001 4.73337
4090001 5.07571
4100001 4.44142
4110001 4.81139
4120001 4.30709
4130001 4.48156
4140001 4.21194
4150001 4.23214
4160001 4.65218
4170001 4.17871
4180001 4.58251
4190001 4.08828
4200001 5.23364
4210001 4.22752
4220001 5.50725
4230001 4.56228
4240001 4.92787
4250001 4.74475
4260001 5.07255
4270001 4.89554
4280001 4.30161
4290001 4.89304
4300001 4.35059
4310001 4.75121
4320001 4.33466
4330001 5.41296
4340001 4.64834
4350001 5.00111
4360001 5.60516
4370001 4.33771
4380001 5.53807
4390001 4.68164
4400001 5.90658
4410001 4.70156
4420001 5.58568
4430001 4.8901
4440001 4.99089
4450001 5.2699
4460001 4.56624
4470001 5.32552
4480001 4.3543
4490001 4.73752
4500001 4.61245
4510001 4.43222
4520001 5.0875
4530001 4.48278
4540001 4.88732
4550001 4.40138
4560001 4.64364
4570001 4.26678
4580001 4.2516
4590001 4.20882
4600001 4.11885
4610001 4.62602
4620001 4.16552
4630001 4.99385
4640001 4.15595
4650001 5.22246
4660001 4.50082
4670001 5.54602
4680001 4.55523
4690001 4.71346
4700001 4.60555
4710001 4.60775
4720001 5.192
4730001 4.64937
4740001 4.86337
4750001 4.356
4760001 5.0829
4770001 4.69962
4780001 5.25437
4790001 5.23013
4800001 4.67379
4810001 5.70651
4820001 4.76876
4830001 5.50076
4840001 4.95578
4850001 5.84887
4860001 4.51449
4870001 5.51152
4880001 5.09461
4890001 5.1017
4900001 5.23857
4910001 4.43836
4920001 5.05266
4930001 4.30431
4940001 4.50407
4950001 4.53471
4960001 4.91914
4970001 5.0701
4980001 4.43811
4990001 4.80716
5000001 4.34312
5010001 4.54108
5020001 4.21471
5030001 4.22693
5040001 4.13754
5050001 4.19766
5060001 4.57675
5070001 4.09424
5080001 5.3043
5090001 4.22474
5100001 5.18809
5110001 4.55439
5120001 5.14967
5130001 4.3871
5140001 4.62215
5150001 4.71656
5160001 4.39164
5170001 5.36445
5180001 4.34723
5190001 4.81044
5200001 4.33869
5210001 5.40157
5220001 4.54117
5230001 4.97912
5240001 5.67289
5250001 4.37932
5260001 5.69898
5270001 4.71452
5280001 5.61019
5290001 4.91409
5300001 5.76486
5310001 4.79953
5320001 5.25913
5330001 5.05536
5340001 4.78983
5350001 5.38318
5360001 4.37492
5370001 4.88083
5380001 4.25557
5390001 4.46734
5400001 4.49961
5410001 4.82299
5420001 5.06453
5430001 4.43549
5440001 4.7167
5450001 4.27964
5460001 4.473
5470001 4.22351
5480001 4.2172
5490001 4.62663
5500001 4.1629
5510001 4.57303
5520001 4.0029
5530001 5.22303
5540001 4.52712
5550001 5.49258
5560001 4.54499
5570001 4.83099
5580001 4.61404
5590001 4.83262
5600001 4.83702
5610001 4.26504
5620001 5.34209
5630001 4.34038
5640001 4.73684
5650001 4.32638
5660001 5.40163
5670001 4.63803
5680001 4.99522
5690001 5.62905
5700001 4.71722
5710001 5.51076
5720001 4.99873
5730001 5.92034
5740001 4.64345
5750001 5.57171
5760001 4.8021
5770001 4.91783
5780001 4.96576
5790001 4.47226
5800001 5.31829
5810001 4.32007
5820001 4.67953
5830001 4.57758
5840001 4.44504
5850001 5.08151
5860001 4.46339
5870001 4.8772
5880001 4.39384
5890001 4.54529
5900001 4.26238
5910001 4.22821
5920001 4.20108
5930001 4.10787
5940001 4.61928
5950001 4.06582
5960001 4.98648
5970001 4.32957
5980001 5.219
5990001 4.43147
6000001 5.35437
6010001 4.52453
6020001 4.65014
6030001 4.59937
6040001 4.43192
6050001 5.0466
6060001 4.59227
6070001 4.83069
6080001 4.35084
6090001 5.29993
6100001 4.68724
6110001 5.24944
6120001 5.22066
6130001 4.6995
6140001 5.69856
6150001 4.77151
6160001 5.47788
6170001 4.96807
6180001 5.83731
6190001 4.48635
6200001 5.46783
6210001 5.05176
6220001 5.13982
6230001 5.21751
6240001 4.41498
6250001 5.0514
6260001 4.30212
6270001 4.45901
6280001 4.52832
6290001 4.78623
6300001 5.06537
6310001 4.4302
6320001 4.80205
6330001 4.30052
6340001 4.46883
6350001 4.20736
6360001 4.22008
6370001 4.11875
6380001 4.16374
6390001 4.57433
6400001 4.08397
6410001 5.22428
6420001 4.21959
6430001 5.17991
6440001 4.55142
6450001 5.14431
6460001 4.76301
6470001 4.59166
6480001 4.71264
6490001 4.33701
6500001 4.93032
6510001 4.34262
6520001 4.79718
6530001 4.33239
6540001 5.39624
6550001 4.33052
6560001 4.99296
6570001 5.65537
6580001 4.36625
6590001 5.56684
6600001 4.70921
6610001 5.58111
6620001 4.75015
6630001 5.77824
6640001 4.8916
6650001 5.13631
6660001 5.0307
6670001 4.62944
6680001 5.37772
6690001 4.3557
6700001 4.72506
6710001 4.62847
6720001 4.46322
6730001 4.48894
6740001 4.59027
6750001 5.06046
6760001 4.42845
6770001 4.63542
6780001 4.26146
6790001 4.23971
6800001 4.20776
6810001 4.15287
6820001 4.62061
6830001 4.14081
6840001 5.05592
6850001 4.151
6860001 5.21539
6870001 4.51922
6880001 5.52998
6890001 4.54667
6900001 4.70918
6910001 4.61431
6920001 4.9584
6930001 4.79316
6940001 4.24838
6950001 5.06874
6960001 4.34462
6970001 4.48802
6980001 4.70626
6990001 5.27365
7000001 4.63556
7010001 4.68561
7020001 5.70033
7030001 4.79026
7040001 5.50907
7050001 4.99613
7060001 5.83977
7070001 4.56815
7080001 5.50965
7090001 5.10804
7100001 4.90994
7110001 5.23198
7120001 4.42107
7130001 5.08762
7140001 4.30585
7150001 4.64789
7160001 4.53423
7170001 4.39561
7180001 5.07942
7190001 4.4355
7200001 4.86594
7210001 4.34299
7220001 4.54212
7230001 4.20537
7240001 4.22156
7250001 4.20082
7260001 4.01928
7270001 4.57959
7280001 4.0985
7290001 4.98485
7300001 4.31499
7310001 5.21124
7320001 4.54447
7330001 5.14343
7340001 4.50777
7350001 4.62462
7360001 4.71858
7370001 4.38435
7380001 5.01896
7390001 4.5838
7400001 4.82512
7410001 4.33918
7420001 5.241
7430001 4.68466
7440001 5.19216
7450001 5.88307
7460001 4.65167
7470001 5.69915
7480001 4.64995
7490001 5.60574
7500001 4.95956
7510001 5.82629
7520001 4.80365
7530001 5.27475
7540001 5.05215
7550001 4.78054
7560001 5.4416
7570001 4.36813
7580001 4.99376
7590001 4.24988
7600001 4.45827
7610001 4.49397
7620001 4.7188
7630001 5.06292
7640001 4.42709
7650001 4.79971
7660001 4.29323
7670001 4.46872
7680001 4.19904
7690001 4.2187
7700001 4.63997
7710001 4.16574
7720001 4.57145
7730001 4.07544
7740001 5.22055
7750001 4.21517
7760001 5.495
7770001 4.54978
7780001 4.9159
7790001 4.73333
7800001 5.06003
7810001 4.83287
7820001 4.28907
7830001 4.88213
7840001 4.33978
7850001 4.7393
7860001 4.32309
7870001 5.4021
7880001 4.63618
7890001 4.98949
7900001 5.59347
7910001 4.32703
7920001 5.52741
7930001 4.67133
7940001 5.89493
7950001 4.69436
7960001 5.57465
7970001 4.87734
7980001 4.97416
7990001 5.25993
8000001 4.55728
8010001 5.31515
8020001 4.34463
8030001 4.68087
8040001 4.60339
8050001 4.42101
8060001 5.07803
8070001 4.4719
8080001 4.87823
8090001 4.39151
8100001 4.63297
8110001 4.25854
8120001 4.24279
8130001 4.20038
8140001 4.10933
8150001 4.61731
8160001 4.15636
8170001 4.98585
8180001 4.14681
8190001 5.21471
8200001 4.49349
8210001 5.53927
8220001 4.54633
8230001 4.70701
8240001 4.59736
8250001 4.59821
8260001 5.18423
8270001 4.64062
8280001 4.85608
8290001 4.34704
8300001 5.3109
8310001 4.68969
8320001 5.24646
8330001 5.22192
8340001 4.66672
8350001 5.69885
8360001 4.76043
8370001 5.49309
8380001 4.94901
8390001 5.84044
8400001 4.50668
8410001 5.50413
8420001 5.08689
8430001 5.09444
8440001 5.23024
8450001 4.43191
8460001 5.04421
8470001 4.29793
8480001 4.49542
8490001 4.52835
8500001 4.91166
8510001 5.06401
8520001 4.42856
8530001 4.80002
8540001 4.33629
8550001 4.53434
8560001 4.20848
8570001 4.2212
8580001 4.13071
8590001 4.19189
8600001 4.57105
8610001 4.0878
8620001 5.2981
8630001 4.21805
8640001 5.18245
8650001 4.54894
8660001 5.14196
8670001 4.38079
8680001 4.61576
8690001 4.70951
8700001 4.38507
8710001 5.35874
8720001 4.3398
8730001 4.80386
8740001 4.33285
8750001 5.3952
8760001 4.5348
8770001 4.97324
8780001 5.66722
8790001 4.37274
8800001 5.69299
8810001 4.7093
8820001 5.6048
8830001 4.90853
8840001 5.7725
8850001 4.79372
8860001 5.25316
8870001 5.04968
8880001 4.78495
8890001 5.3773
8900001 4.37114
8910001 4.87511
8920001 4.24006
8930001 4.46117
8940001 4.4953
8950001 4.8171
8960001 5.05977
8970001 4.43147
8980001 4.71257
8990001 4.27458
9000001 4.46855
9010001 4.21895
9020001 4.21259
9030001 4.62143
9040001 4.15762
9050001 4.56838
9060001 3.99869
9070001 5.21824
9080001 4.52286
9090001 5.48733
9100001 4.54151
9110001 4.82634
9120001 4.61003
9130001 4.82768
9140001 4.83271
9150001 4.26043
9160001 5.33813
9170001 4.33606
9180001 4.73184
9190001 4.32067
9200001 5.3984
9210001 4.63282
9220001 4.99265
9230001 5.62485
9240001 4.71494
9250001 5.50708
9260001 4.99445
9270001 5.91632
9280001 4.63972
9290001 5.56729
9300001 4.79805
9310001 4.91368
9320001 4.96123
9330001 4.4692
9340001 5.31472
9350001 4.31642
9360001 4.6754
9370001 4.57551
9380001 4.44064
9390001 5.07919
9400001 4.45891
9410001 4.87328
9420001 4.39012
9430001 4.54217
9440001 4.26054
9450001 4.2244
9460001 4.19835
9470001 4.10538
9480001 4.61658
9490001 4.06256
9500001 4.98301
9510001 4.32559
9520001 5.21209
9530001 4.4286
9540001 5.35065
9550001 4.52044
9560001 4.64618
9570001 4.59634
9580001 4.42869
9590001 5.04383
9600001 4.5884
9610001 4.82685
9620001 4.34671
9630001 5.29655
9640001 4.68429
9650001 5.2478
9660001 5.21864
9670001 4.69603
9680001 5.69536
9690001 4.76801
9700001 5.47618
9710001 4.96553
9720001 5.83387
9730001 4.48343
9740001 5.46518
9750001 5.05007
9760001 4.96053
9770001 5.2151
9780001 4.4125
9790001 5.04719
9800001 4.29973
9810001 4.45602
9820001 4.50418
9830001 4.78281
9840001 5.06284
9850001 4.42729
9860001 4.80006
9870001 4.29748
9880001 4.46741
9890001 4.20483
9900001 4.21858
9910001 4.11711
9920001 4.16089
9930001 4.57267
9940001 4.08145
9950001 5.22221
9960001 4.21618
9970001 5.17663
9980001 4.54845
9990001 5.1425
10000001 4.76008
10010001 4.58979
10020001 4.7102
10030001 4.33421
10040001 4.92833
10050001 4.34142
10060001 4.79478
10070001 4.32748
10080001 5.39417
10090001 4.32763
10100001 4.99076
10110001 5.65274
10120001 4.36362
10130001 5.56408
10140001 4.70663
10150001 5.57818
10160001 4.74804
10170001 5.77558
10180001 4.88833
10190001 5.13277
10200001 5.02876
10210001 4.62738
10220001 5.34639
10230001 4.35407
10240001 4.72243
10250001 4.62652
10260001 4.46128
10270001 4.48669
10280001 4.58767
10290001 5.0586
10300001 4.42671
10310001 4.63314
10320001 4.25681
10330001 4.23806
10340001 4.20643
10350001 4.15117
10360001 4.61898
10370001 4.13876
10380001 5.05368
10390001 4.15151
10400001 5.21383
10410001 4.50952
10420001 5.52797
10430001 4.54378
10440001 4.70771
10450001 4.61396
10460001 4.95606
10470001 4.79144
10480001 4.24719
10490001 5.06547
10500001 4.34218
10510001 4.48529
10520001 4.70596
10530001 5.2709
10540001 4.63447
10550001 4.68453
10560001 5.69924
10570001 4.78887
10580001 5.50785
10590001 4.99421
10600001 5.83788
10610001 4.56656
10620001 5.5077
10630001 5.106
10640001 4.90797
10650001 5.22931
10660001 4.41954
10670001 5.08537
10680001 4.30477
10690001 4.49419
10700001 4.53231
10710001 4.39341
10720001 5.07872
10730001 4.43327
10740001 4.86399
10750001 4.34076
10760001 4.53955
10770001 4.20403
10780001 4.21995
10790001 4.20376
10800001 4.01746
10810001 4.57868
10820001 4.09283
10830001 4.98315
10840001 4.31446
10850001 5.20953
10860001 4.54279
10870001 5.1414
10880001 4.5066
10890001 4.62331
10900001 4.71629
10910001 4.38288
10920001 5.0165
10930001 4.58174
10940001 4.82306
10950001 4.33807
10960001 5.23743
10970001 4.6838
10980001 5.19106
10990001 5.88112
11000001 4.65026
11010001 5.69746
11020001 4.6481
11030001 5.6039
11040001 4.95833
11050001 5.82417
11060001 4.80197
11070001 5.25867
11080001 5.05053
11090001 4.77949
11100001 5.43858
11110001 4.36714
11120001 4.9904
11130001 4.24864
11140001 4.45674
11150001 4.49345
11160001 4.71773
11170001 5.06204
11180001 4.42528
11190001 4.79973
11200001 4.29231
11210001 4.46785
11220001 4.19673
11230001 4.21649
11240001 4.64061
11250001 4.16559
11260001 4.57091
11270001 4.07363
11280001 5.21964
11290001 4.21379
11300001 5.49191
11310001 4.54968
11320001 4.91485
11330001 4.73318
11340001 5.0588
11350001 4.83127
11360001 4.28785
11370001 4.88194
11380001 4.33861
11390001 4.73788
11400001 4.32236
11410001 5.40104
11420001 4.63429
11430001 4.98784
11440001 5.59182
11450001 4.32559
11460001 5.52632
11470001 4.6697
11480001 5.89413
11490001 4.69365
11500001 5.57405
11510001 4.87622
11520001 4.97283
11530001 5.259
11540001 4.55616
11550001 5.31443
11560001 4.3446
11570001 4.67995
11580001 4.60224
11590001 4.41917
11600001 5.07695
11610001 4.47091
11620001 4.8774
11630001 4.39083
11640001 4.63127
11650001 4.25765
11660001 4.22318
11670001 4.19956
11680001 4.10822
11690001 4.61701
11700001 4.15619
11710001 4.98606
11720001 4.14591
11730001 5.21397
11740001 4.49279
11750001 5.53816
11760001 4.54582
11770001 4.70334
11780001 4.59658
11790001 4.59641
11800001 5.174
11810001 4.64032
11820001 4.85548
11830001 4.34552
11840001 5.30939
11850001 4.68824
11860001 5.24519
11870001 5.22152
11880001 4.6648
11890001 5.6984
11900001 4.75956
11910001 5.49248
11920001 4.94181
11930001 5.83903
11940001 4.50582
11950001 5.50329
11960001 5.08578
11970001 5.09398
11980001 5.2291
11990001 4.43157
12000001 5.04382
12010001 4.29809
12020001 4.49543
12030001 4.52747
12040001 4.91057
12050001 5.06433
12060001 4.42729
12070001 4.79971
12080001 4.33615
12090001 4.53306
12100001 4.20872
12110001 4.22153
12120001 4.1309
12130001 4.19104
12140001 4.56947
12150001 4.08689
12160001 5.29741
12170001 4.21669
12180001 5.18197
12190001 4.54769
12200001 5.14075
12210001 4.37951
12220001 4.61565
12230001 4.70801
12240001 4.38406
12250001 5.35785
12260001 4.33893
12270001 4.80358
12280001 4.33213
12290001 5.39336
12300001 4.53458
12310001 4.9729
12320001 5.66648
12330001 4.37214
12340001 5.6923
12350001 4.70862
12360001 5.60406
12370001 4.90907
12380001 5.77125
12390001 4.79316
12400001 5.21583
12410001 5.04908
12420001 4.78401
12430001 5.37645
12440001 4.37192
12450001 4.87346
12460001 4.23949
12470001 4.46105
12480001 4.49479
12490001 4.81603
12500001 5.0599
12510001 4.43112
12520001 4.71205
12530001 4.27565
12540001 4.46789
12550001 4.21242
12560001 4.21191
12570001 4.62097
12580001 4.15777
12590001 5.055
12600001 3.99864
12610001 5.21728
12620001 4.52216
12630001 5.48634
12640001 4.54082
12650001 4.82633
12660001 4.60983
12670001 4.8266
12680001 4.8321
12690001 4.25979
12700001 5.33733
12710001 4.33537
12720001 4.73075
12730001 4.32038
12740001 5.39123
12750001 4.63275
12760001 4.99178
12770001 5.62458
12780001 4.71482
12790001 5.50655
12800001 4.99429
12810001 5.91562
12820001 4.64061
12830001 5.56657
12840001 4.7969
12850001 4.9129
12860001 4.96062
12870001 4.46883
12880001 5.31429
12890001 4.31415
12900001 4.67431
12910001 4.57414
12920001 4.44041
12930001 5.07907
12940001 4.45948
12950001 4.87364
12960001 4.35013
12970001 4.54185
12980001 4.26164
12990001 4.22414
13000001 4.19804
13010001 4.06494
13020001 4.61679
13030001 4.06167
13040001 4.98253
13050001 4.32472
13060001 5.2113
13070001 4.42821
13080001 5.34989
13090001 4.52089
13100001 4.64488
13110001 4.5953
13120001 4.42758
13130001 5.0434
13140001 4.58874
13150001 4.82668
13160001 4.34318
13170001 5.2946
13180001 4.68505
13190001 5.23996
13200001 5.71893
13210001 4.69515
13220001 5.69499
13230001 4.76788
13240001 5.47577
13250001 4.9649
13260001 5.83313
13270001 4.48291
13280001 5.46463
13290001 5.04901
13300001 4.95976
13310001 5.21489
13320001 4.41256
13330001 5.04563
13340001 4.30003
13350001 4.45558
13360001 4.50409
13370001 4.78153
13380001 5.06274
13390001 4.42748
13400001 4.79937
13410001 4.29727
13420001 4.46762
13430001 4.20545
13440001 4.21885
13450001 4.11645
13460001 4.16024
13470001 4.57182
13480001 4.08064
13490001 5.22173
13500001 4.21464
13510001 5.17648
13520001 4.54792
13530001 5.14186
13540001 4.76012
13550001 4.58918
13560001 4.70903
13570001 4.33397
13580001 4.92913
13590001 4.34195
13600001 4.79442
13610001 4.32844
13620001 5.39276
13630001 4.32775
13640001 4.99044
13650001 5.65266
13660001 4.36374
13670001 5.56317
13680001 4.7068
13690001 5.5773
13700001 4.74805
13710001 5.69457
13720001 4.88807
13730001 5.13257
13740001 5.02806
13750001 4.62687
13760001 5.33165
13770001 4.3542
13780001 4.7217
13790001 4.6257
13800001 4.46053
13810001 4.48706
13820001 4.58658
13830001 5.05778
13840001 4.42579
13850001 4.63287
13860001 4.25759
13870001 4.23826
13880001 4.20662
13890001 4.11759
13900001 4.61863
13910001 4.13845
13920001 5.05356
13930001 4.15175
13940001 5.2137
13950001 4.50885
13960001 5.52703
13970001 4.54306
13980001 4.70735
13990001 4.6131
14000001 4.95516
14010001 4.79112
14020001 4.24755
14030001 5.06447
14040001 4.34186
14050001 4.48565
14060001 4.7055
14070001 5.27052
14080001 4.63419
14090001 4.68388
14100001 5.69925
14110001 4.7886
14120001 5.50659
14130001 4.99343
14140001 5.83706
14150001 4.56674
14160001 5.50675
14170001 5.10616
14180001 4.89212
14190001 5.22965
14200001 4.39938
14210001 5.0843
14220001 4.3049
14230001 4.49345
14240001 4.53204
14250001 4.37055
14260001 5.07731
14270001 4.43326
14280001 4.86548
14290001 4.33947
14300001 4.53984
14310001 4.20381
14320001 4.21964
14330001 4.20364
14340001 4.0178
14350001 4.57777
14360001 4.09251
14370001 4.98338
14380001 4.31506
14390001 5.20985
14400001 4.54289
14410001 5.13997
14420001 4.50664
14430001 4.62286
14440001 4.71521
14450001 4.38398
14460001 5.01583
14470001 4.58145
14480001 4.82297
14490001 4.33756
14500001 5.23829
14510001 4.68388
14520001 5.19052
14530001 5.87995
14540001 4.64919
14550001 5.69728
14560001 4.61599
14570001 5.60358
14580001 4.95793
14590001 5.82322
14600001 4.79953
14610001 5.25864
14620001 5.05106
14630001 4.77922
14640001 5.43803
14650001 4.36739
14660001 4.98911
14670001 4.24824
14680001 4.45745
14690001 4.49315
14700001 4.71803
14710001 5.06137
14720001 4.42491
14730001 4.79918
14740001 4.28205
14750001 4.46721
14760001 4.19741
14770001 4.21535
14780001 4.64051
14790001 4.16619
14800001 4.57095
14810001 4.07325
14820001 5.21845
14830001 4.21479
14840001 5.49113
14850001 4.54965
14860001 4.91429
14870001 4.68985
14880001 5.05746
14890001 4.83083
14900001 4.28459
14910001 4.88113
14920001 4.3385
14930001 4.73706
14940001 4.32264
14950001 5.40071
14960001 4.63397
14970001 4.98854
14980001 5.59298
14990001 4.32663
15000001 5.52579
15010001 4.61938
15020001 5.89324
15030001 4.69372
15040001 5.57365
15050001 4.87601
15060001 4.92619
15070001 5.25904
15080001 4.55603
15090001 5.31386
15100001 4.34425
15110001 4.67865
15120001 4.60211
15130001 4.41796
15140001 5.07706
15150001 4.47067
15160001 4.87729
15170001 4.39059
15180001 4.63072
15190001 4.25839
15200001 4.22345
15210001 4.19916
15220001 4.10465
15230001 4.61795
15240001 4.15598
15250001 4.98506
15260001 4.14568
15270001 5.21413
15280001 4.49302
15290001 5.53956
15300001 4.54528
15310001 4.70502
15320001 4.59653
15330001 4.59556
15340001 5.08913
15350001 4.63956
15360001 4.85485
15370001 4.34284
15380001 5.30849
15390001 4.68832
15400001 5.24479
15410001 5.22042
15420001 4.66457
15430001 5.69683
15440001 4.75984
15450001 5.49189
15460001 4.94207
15470001 5.83839
15480001 4.50546
15490001 5.50276
15500001 5.08677
15510001 5.09363
15520001 5.22732
15530001 4.43208
15540001 5.04363
15550001 4.29856
15560001 4.49532
15570001 4.52733
15580001 4.9103
15590001 5.06408
15600001 4.42691
15610001 4.79924
15620001 4.29623
15630001 4.53276
15640001 4.20849
15650001 4.22142
15660001 4.13122
15670001 4.19046
15680001 4.57035
15690001 4.08682
15700001 5.29723
15710001 4.2163
15720001 5.18296
15730001 4.54757
15740001 5.14073
15750001 4.38011
15760001 4.61549
15770001 4.71081
15780001 4.38362
15790001 5.35729
15800001 4.33842
15810001 4.79941
15820001 4.33232
15830001 5.39281
15840001 4.53386
15850001 4.97215
15860001 5.66702
15870001 4.37188
15880001 5.69212
15890001 4.70953
15900001 5.60323
15910001 4.90879
15920001 5.7712
15930001 4.79256
15940001 5.2162
15950001 5.04829
15960001 4.78362
15970001 5.37676
15980001 4.3722
15990001 4.87257
16000001 4.23983
16010001 4.46103
16020001 4.49482
16030001 4.81575
16040001 5.05948
16050001 4.43027
16060001 4.71197
16070001 4.27554
16080001 4.46766
16090001 4.21215
16100001 4.21197
16110001 4.62148
16120001 4.15798
16130001 5.0545
16140001 3.99869
16150001 5.21831
16160001 4.52286
16170001 5.48561
16180001 4.54127
16190001 4.8266
16200001 4.60919
16210001 4.82664
16220001 4.83267
16230001 4.25971
16240001 5.33625
16250001 4.33493
16260001 4.72926
16270001 4.32004
16280001 5.39001
16290001 4.6329
16300001 4.99218
16310001 5.6988
16320001 4.82242
16330001 5.50654
16340001 4.99375
16350001 5.91485
16360001 4.59528
16370001 5.56621
16380001 4.80101
16390001 4.91263
16400001 4.95924
16410001 4.46873
16420001 5.31417
16430001 4.31448
16440001 4.67429
16450001 4.57535
16460001 4.44051
16470001 5.07795
16480001 4.45914
16490001 4.87384
16500001 4.34974
16510001 4.54155
16520001 4.26179
16530001 4.22405
16540001 4.19904
16550001 4.06513
16560001 4.6166
16570001 4.06099
16580001 4.98185
16590001 4.31632
16600001 5.21088
16610001 4.42776
16620001 5.34941
16630001 4.52019
16640001 4.64501
16650001 4.5953
16660001 4.42702
16670001 5.04363
16680001 4.58867
16690001 4.82593
16700001 4.34236
16710001 5.29375
16720001 4.68456
16730001 5.24052
16740001 5.71778
16750001 4.69491
16760001 5.69438
16770001 4.76774
16780001 5.47604
16790001 4.96425
16800001 5.83225
16810001 4.48303
16820001 5.46443
16830001 5.04839
16840001 4.95976
16850001 5.2139
16860001 4.41295
16870001 5.04516
16880001 4.30007
16890001 4.45535
16900001 4.50439
16910001 4.78168
16920001 5.06261
16930001 4.42757
16940001 4.79912
16950001 4.29685
16960001 4.46815
16970001 4.20521
16980001 4.21905
16990001 4.1161
17000001 4.16064
17010001 4.57191
17020001 4.08146
17030001 5.22126
17040001 4.21542
17050001 5.17644
17060001 4.54746
17070001 5.09581
17080001 4.75986
17090001 4.58927
17100001 4.70947
17110001 4.33363
17120001 4.92862
17130001 4.34214
17140001 4.79412
17150001 4.32761
17160001 5.39211
17170001 4.32816
17180001 4.99053
17190001 5.65319
17200001 4.36399
17210001 5.56281
17220001 4.7066
17230001 5.57708
17240001 4.74783
17250001 5.69401
17260001 4.88823
17270001 5.03429
17280001 5.02819
17290001 4.56313
17300001 5.33108
17310001 4.35388
17320001 4.72182
17330001 4.62564
17340001 4.4613
17350001 4.48749
17360001 4.58615
17370001 5.05788
17380001 4.42598
17390001 4.63223
17400001 4.25795
17410001 4.2378
17420001 4.20643
17430001 4.11767
17440001 4.61859
17450001 4.1386
17460001 5.05378
17470001 4.15227
17480001 5.21321
17490001 4.50907
17500001 5.52657
17510001 4.54268
17520001 4.70781
17530001 4.61286
17540001 4.95536
17550001 4.79176
17560001 4.24601
17570001 4.98254
17580001 4.34237
17590001 4.47521
17600001 4.70497
17610001 5.27039
17620001 4.63392
17630001 4.68431
17640001 5.69905
17650001 4.7884
17660001 5.50687
17670001 4.99288
17680001 5.83674
17690001 4.56741
17700001 5.50647
17710001 5.10513
17720001 4.89175
17730001 5.22909
17740001 4.39847
17750001 5.08331
17760001 4.30469
17770001 4.49318
17780001 4.53189
17790001 4.37025
17800001 5.07626
17810001 4.43306
17820001 4.86563
17830001 4.3393
17840001 4.54011
17850001 4.20362
17860001 4.21941
17870001 4.20435
17880001 4.01794
17890001 4.57697
17900001 4.09319
17910001 4.9843
17920001 4.31522
17930001 5.21006
17940001 4.54173
17950001 5.14017
17960001 4.5067
17970001 4.62349
17980001 4.71536
17990001 4.38345
18000001 5.01591
18010001 4.57746
18020001 4.82265
18030001 4.3368
18040001 5.23837
18050001 4.68382
18060001 5.19007
18070001 5.87922
18080001 4.64938
18090001 5.69722
18100001 4.6164
18110001 5.60337
18120001 4.95826
18130001 5.82237
18140001 4.79938
18150001 5.2583
18160001 5.05054
18170001 4.77975
18180001 5.43741
18190001 4.36745
18200001 4.98924
18210001 4.24929
18220001 4.4578
18230001 4.49305
18240001 4.71799
18250001 5.06152
18260001 4.42237
18270001 4.79897
18280001 4.28217
18290001 4.46817
18300001 4.19781
18310001 4.2149
18320001 4.64082
18330001 4.16571
18340001 4.57132
18350001 4.07212
18360001 5.21857
18370001 4.21455
18380001 5.49052
18390001 4.54945
18400001 4.91326
18410001 4.61829
18420001 5.057
18430001 4.83042
18440001 4.28503
18450001 4.88167
18460001 4.33866
18470001 4.73718
18480001 4.32274
18490001 5.40119
18500001 4.6341
18510001 4.98903
18520001 5.59275
18530001 4.32682
18540001 5.52568
18550001 4.61981
18560001 5.89279
18570001 4.69434
18580001 5.57378
18590001 4.87593
18600001 4.92605
18610001 5.25829
18620001 4.55623
18630001 5.31403
18640001 4.34361
18650001 4.67623
18660001 4.6014
18670001 4.41707
18680001 5.07688
18690001 4.46889
18700001 4.87726
18710001 4.39045
18720001 4.63093
18730001 4.25813
18740001 4.22279
18750001 4.19933
18760001 4.1049
18770001 4.61818
18780001 4.15569
18790001 4.98502
18800001 4.14534
18810001 5.21312
18820001 4.49364
18830001 5.53808
18840001 4.5447
18850001 4.70458
18860001 4.59702
18870001 4.59463
18880001 5.08697
18890001 4.63923
18900001 4.85505
18910001 4.34297
18920001 5.3116
18930001 4.68787
18940001 5.24482
18950001 5.22228
18960001 4.6637
18970001 5.69705
18980001 4.75874
18990001 5.49202
19000001 4.94246
19010001 5.83713
19020001 4.50478
19030001 5.50185
19040001 5.08668
19050001 5.26464
19060001 5.22551
19070001 4.42676
19080001 5.04384
19090001 4.29867
19100001 4.49525
19110001 4.52602
19120001 4.91001
19130001 5.06394
19140001 4.42635
19150001 4.79999
19160001 4.29601
19170001 4.53229
19180001 4.20767
19190001 4.22184
19200001 4.13277
19210001 4.19075
19220001 4.57065
19230001 4.0863
19240001 5.2489
19250001 4.21606
19260001 5.18277
19270001 4.54788
19280001 5.14022
19290001 4.3784
19300001 4.61492
19310001 4.7114
19320001 4.38325
19330001 5.35784
19340001 4.33837
19350001 4.79907
19360001 4.33274
19370001 5.393
19380001 4.53389
19390001 4.97232
19400001 5.66719
19410001 4.37219
19420001 5.69123
19430001 4.70877
19440001 5.60286
19450001 4.90961
19460001 5.77133
19470001 4.79256
19480001 5.21513
19490001 5.04733
19500001 4.78362
19510001 5.37659
19520001 4.37187
19530001 4.74409
19540001 4.23965
19550001 4.46034
19560001 4.49515
19570001 4.81482
19580001 5.05919
19590001 4.42992
19600001 4.71172
19610001 4.27485
19620001 4.4681
19630001 4.21196
19640001 4.21177
19650001 4.62135
19660001 4.15784
19670001 5.05458
19680001 3.99839
19690001 5.21819
19700001 4.52253
19710001 5.48755
19720001 4.54112
19730001 4.82649
19740001 4.61045
19750001 4.82741
19760001 4.83168
19770001 4.26278
19780001 5.33613
19790001 4.33525
19800001 4.72903
19810001 4.31977
19820001 5.38979
19830001 4.6327
19840001 4.71456
19850001 5.6982
19860001 4.82222
19870001 5.50689
19880001 4.99434
19890001 5.91459
19900001 4.59418
19910001 5.56346
19920001 4.7995
19930001 4.91261
19940001 4.95868
19950001 4.46854
19960001 5.3136
19970001 4.3143
19980001 4.67497
19990001 4.57505
20000001 4.44023
20010001 5.0779
20020001 4.45854
20030001 4.87282
20040001 4.34895
20050001 4.54187
20060001 4.26189
20070001 4.22376
20080001 4.19889
20090001 4.06433
20100001 4.6161
20110001 4.06108
20120001 4.98167
20130001 4.31653
20140001 5.21029
20150001 4.42801
20160001 5.3494
20170001 4.52086
20180001 4.64553
20190001 4.59535
20200001 4.42719
20210001 5.043
20220001 4.58842
20230001 4.82523
20240001 4.34225
20250001 5.29374
20260001 4.68421
20270001 5.24079
20280001 5.71565
20290001 4.69429
20300001 5.69396
20310001 4.76886
20320001 5.47643
20330001 4.96406
20340001 5.83191
20350001 4.46994
20360001 5.46397
20370001 5.04866
20380001 4.95921
20390001 5.21381
20400001 4.4128
20410001 5.04503
20420001 4.29898
20430001 4.45776
20440001 4.50431
20450001 4.78177
20460001 5.06214
20470001 4.4281
20480001 4.79899
20490001 4.29713
20500001 4.46805
20510001 4.20509
20520001 4.21877
20530001 4.11647
20540001 4.16033
20550001 4.57228
20560001 4.08112
20570001 5.22185
20580001 4.21521
20590001 5.17705
20600001 4.54653
20610001 5.09474
20620001 4.75959
20630001 4.58889
20640001 4.76027
20650001 4.33357
20660001 4.92836
20670001 4.342
20680001 4.79353
20690001 4.32805
20700001 5.39173
20710001 4.32868
20720001 4.99071
20730001 5.65256
20740001 4.3643
20750001 5.53126
20760001 4.70608
20770001 5.57656
20780001 4.74739
20790001 5.69466
20800001 4.88833
20810001 5.03462
20820001 5.02821
20830001 4.56312
20840001 5.33068
20850001 4.35496
20860001 4.72143
20870001 4.6254
20880001 4.46165
20890001 4.48769
20900001 4.58669
20910001 5.05703
20920001 4.42546
20930001 4.63196
20940001 4.25847
20950001 4.23882
20960001 4.2071
20970001 4.116
20980001 4.61964
20990001 4.13854
21000001 5.05351
21010001 4.15166
21020001 5.21302
21030001 4.50975
21040001 5.52525
21050001 4.54183
21060001 4.7078
21070001 4.61227
21080001 4.95576
21090001 4.79237
21100001 4.24587
21110001 4.98201
21120001 4.34178
21130001 4.47561
21140001 4.70137
21150001 5.27063
21160001 4.63457
21170001 4.68412
21180001 5.69874
21190001 4.78774
21200001 5.50668
21210001 4.99303
21220001 5.8359
21230001 4.60384
21240001 5.50641
21250001 5.10583
21260001 4.8916
21270001 5.2285
21280001 4.39792
21290001 5.08378
21300001 4.30607
21310001 4.49179
21320001 4.53181
21330001 4.37034
21340001 5.0766
21350001 4.43357
21360001 4.86562
21370001 4.33922
21380001 4.54156
21390001 4.20195
21400001 4.21962
21410001 4.20453
21420001 4.0181
21430001 4.57667
21440001 4.093
21450001 4.98416
21460001 4.31533
21470001 5.21035
21480001 4.54129
21490001 5.1397
21500001 4.50634
21510001 4.61998
21520001 4.71556
21530001 4.38305
21540001 5.01601
21550001 4.57799
21560001 4.82247
21570001 4.3372
21580001 5.23711
21590001 4.68353
21600001 5.1902
21610001 5.87926
21620001 4.43731
21630001 5.69667
21640001 4.61691
21650001 5.60335
21660001 4.95839
21670001 5.82158
21680001 4.79853
21690001 5.25803
21700001 5.05134
21710001 4.77995
21720001 5.43719
21730001 4.36735
21740001 4.98936
21750001 4.24866
21760001 4.45802
21770001 4.49442
21780001 4.71779
21790001 5.06122
21800001 4.42178
21810001 4.79814
21820001 4.27927
21830001 4.4681
21840001 4.21965
21850001 4.21336
21860001 4.64163
21870001 4.1655
21880001 4.57121
21890001 4.07217
21900001 5.21881
21910001 4.21473
21920001 5.49009
21930001 4.54467
21940001 4.91307
21950001 4.61456
21960001 5.05211
21970001 4.8293
21980001 4.28425
21990001 5.39579
22000001 4.33873
22010001 4.73757
22020001 4.32166
22030001 5.40082
22040001 4.63392
22050001 4.98815
22060001 5.58947
22070001 4.43257
22080001 5.52555
22090001 4.62026
22100001 5.89274
22110001 4.6941
22120001 5.57349
22130001 4.87546
22140001 4.9256
22150001 5.10793
22160001 4.53498
22170001 5.31469
22180001 4.34335
22190001 4.67559
22200001 4.60101
22210001 4.42003
22220001 5.07691
22230001 4.47373
22240001 4.87656
22250001 4.38946
22260001 4.63075
22270001 4.25838
22280001 4.22258
22290001 4.1997
22300001 4.10544
22310001 4.61403
22320001 4.15542
22330001 4.98396
22340001 4.14506
22350001 5.21313
22360001 4.49349
22370001 5.53722
22380001 4.54324
22390001 4.70486
22400001 4.59732
22410001 4.59355
22420001 5.08701
22430001 4.63925
22440001 4.85437
22450001 4.34339
22460001 5.31167
22470001 4.68737
22480001 5.24459
22490001 5.22164
22500001 4.66331
22510001 5.69663
22520001 4.75797
22530001 5.49246
22540001 4.93654
22550001 5.83646
22560001 4.50399
22570001 5.50229
22580001 5.08274
22590001 5.26444
22600001 5.2254
22610001 4.41828
22620001 5.04289
22630001 4.29815
22640001 4.46265
22650001 4.52531
22660001 4.90951
22670001 5.06279
22680001 4.42644
22690001 4.79982
22700001 4.29599
22710001 4.53257
22720001 4.20661
22730001 4.22172
22740001 4.13337
22750001 4.19083
22760001 4.57023
22770001 4.08757
22780001 5.249
22790001 4.21556
22800001 5.18198
22810001 4.54841
22820001 5.13998
22830001 4.37838
22840001 4.61427
22850001 4.71085
22860001 4.3836
22870001 5.35757
22880001 4.34037
22890001 4.7986
22900001 4.33198
22910001 5.39253
22920001 4.53365
22930001 4.97271
22940001 5.68526
22950001 4.37206
22960001 5.68989
22970001 4.70805
22980001 5.60307
22990001 4.90917
23000001 5.77182
23010001 4.79223
23020001 5.21477
23030001 5.04737
23040001 4.78358
23050001 5.37597
23060001 4.37145
23070001 4.74462
23080001 4.23982
23090001 4.46056
23100001 4.49515
23110001 4.81481
23120001 5.05909
23130001 4.43006
23140001 4.71127
23150001 4.27461
23160001 4.46789
23170001 4.21148
23180001 4.21155
23190001 4.6202
23200001 4.15765
23210001 5.05486
23220001 3.99824
23230001 5.21786
23240001 4.52243
23250001 5.48714
23260001 4.54026
23270001 4.81875
23280001 4.61025
23290001 4.82724
23300001 4.83168
23310001 4.26272
23320001 5.33683
23330001 4.33571
23340001 4.72854
23350001 4.32012
23360001 5.38929
23370001 4.63277
23380001 4.71481
23390001 5.69845
23400001 4.82218
23410001 5.506
23420001 4.99404
23430001 5.88353
23440001 4.5709
23450001 5.56341
23460001 4.79993
23470001 4.91262
23480001 4.96066
23490001 4.46885
23500001 5.31135
23510001 4.31367
23520001 4.6409
23530001 4.57489
23540001 4.44086
23550001 5.07885
23560001 4.45861
23570001 4.87252
23580001 4.34812
23590001 4.54154
23600001 4.20358
23610001 4.2238
23620001 4.19919
23630001 4.064
23640001 4.61701
23650001 4.06158
23660001 4.98211
23670001 4.3171
23680001 5.20958
23690001 4.42818
23700001 5.34865
23710001 4.52026
23720001 4.64545
23730001 4.59545
23740001 4.42794
23750001 5.04314
23760001 4.58907
23770001 4.82499
23780001 4.34274
23790001 5.29194
23800001 4.68413
23810001 5.24037
23820001 5.71624
23830001 4.69469
23840001 5.6943
23850001 4.76888
23860001 5.47536
23870001 4.96327
23880001 5.83243
23890001 4.46955
23900001 5.46402
23910001 5.04947
23920001 4.95889
23930001 5.21363
23940001 4.4006
23950001 5.045
23960001 4.29633
23970001 4.45809
23980001 4.50101
23990001 4.78192
24000001 5.06267
24010001 4.42874
24020001 4.79903
24030001 4.29695
24040001 4.468
24050001 4.20587
24060001 4.2191
24070001 4.11582
24080001 4.16059
24090001 4.57226
24100001 4.08094
24110001 5.22203
24120001 4.21526
24130001 5.1774
24140001 4.54775
24150001 5.09453
24160001 4.75897
24170001 4.58916
24180001 4.75978
24190001 4.33317
24200001 4.9283
24210001 4.34213
24220001 4.78277
24230001 4.32797
24240001 5.39186
24250001 4.32737
24260001 4.99052
24270001 5.65261
24280001 4.36341
24290001 5.53208
24300001 4.70616
24310001 5.5765
24320001 4.74751
24330001 5.69486
24340001 4.88705
24350001 5.03647
24360001 5.028
24370001 4.56405
24380001 5.32982
24390001 4.35557
24400001 4.72095
24410001 4.62647
24420001 4.46192
24430001 4.4871
24440001 4.48113
24450001 5.05664
24460001 4.42519
24470001 4.63235
24480001 4.25785
24490001 4.23861
24500001 4.2069
24510001 4.11614
24520001 4.61912
24530001 4.13833
24540001 5.05381
24550001 4.15089
24560001 5.21283
24570001 4.50888
24580001 5.52529
24590001 4.54166
24600001 4.70699
24610001 4.61307
24620001 4.95694
24630001 4.79171
24640001 4.24688
24650001 4.98202
24660001 4.34531
24670001 4.47554
24680001 4.70168
24690001 5.27001
24700001 4.63454
24710001 4.68379
24720001 5.69798
24730001 4.7874
24740001 5.50745
24750001 4.99155
24760001 5.83541
24770001 4.60383
24780001 5.50687
24790001 5.1052
24800001 4.89125
24810001 5.22923
24820001 4.39668
24830001 5.08283
24840001 4.30598
24850001 4.49146
24860001 4.53107
24870001 4.37085
24880001 5.07658
24890001 4.43233
24900001 4.86603
24910001 4.33905
24920001 4.54086
24930001 4.20252
24940001 4.21995
24950001 4.20444
24960001 4.01785
24970001 4.57619
24980001 4.09264
24990001 4.98369
25000001 4.3156
25010001 5.21039
25020001 4.54084
25030001 5.13957
25040001 4.50623
25050001 4.62043
25060001 4.71567
25070001 4.38239
25080001 5.01699
25090001 4.57838
25100001 4.82148
25110001 4.33661
25120001 5.23657
25130001 4.53818
25140001 5.19001
25150001 5.87777
25160001 4.43729
25170001 5.69656
25180001 4.61653
25190001 5.60296
25200001 4.95815
25210001 5.82135
25220001 4.79979
25230001 5.25778
25240001 5.05076
25250001 4.78089
25260001 5.43783
25270001 4.36753
25280001 4.90264
25290001 4.24893
25300001 4.45834
25310001 4.49459
25320001 4.71219
25330001 5.06104
25340001 4.42159
25350001 4.79743
25360001 4.27977
25370001 4.46827
25380001 4.21959
25390001 4.21368
25400001 4.62549
25410001 4.16588
25420001 4.57158
25430001 4.07197
25440001 5.2189
25450001 4.21468
25460001 5.48887
25470001 4.54373
25480001 4.91283
25490001 4.61521
25500001 5.05212
25510001 4.82882
25520001 4.28477
25530001 5.39565
25540001 4.33777
25550001 4.73938
25560001 4.32214
25570001 5.40003
25580001 4.63365
25590001 4.98808
25600001 5.58918
25610001 4.4323
25620001 5.52574
25630001 4.61957
25640001 5.89267
25650001 4.69424
25660001 5.57396
25670001 4.87484
25680001 4.92466
25690001 5.10764
25700001 4.53499
25710001 5.3154
25720001 4.34418
25730001 4.67565
25740001 4.6002
25750001 4.42004
25760001 5.07708
25770001 4.4733
25780001 4.8769
25790001 4.38987
25800001 4.62944
25810001 4.25784
25820001 4.22283
25830001 4.19959
25840001 4.10611
25850001 4.61372
25860001 4.15493
25870001 4.98384
25880001 4.14624
25890001 5.21338
25900001 4.49228
25910001 5.53733
25920001 4.54403
25930001 4.70507
25940001 4.59705
25950001 4.59259
25960001 5.08386
25970001 4.64059
25980001 4.82358
25990001 4.34283
26000001 5.31061
26010001 4.68749
26020001 5.24457
26030001 5.21982
26040001 4.66354
26050001 5.6959
26060001 4.75758
26070001 5.49223
26080001 4.93734
26090001 5.83621
26100001 4.50424
26110001 5.50308
26120001 5.08334
26130001 5.26458
26140001 5.22542
26150001 4.41802
26160001 5.04205
26170001 4.29861
26180001 4.46256
26190001 4.52447
26200001 4.90874
26210001 5.06572
26220001 4.42672
26230001 4.80022
26240001 4.29645
26250001 4.53286
26260001 4.20694
26270001 4.22172
26280001 4.13355
26290001 4.19085
26300001 4.57095
26310001 4.08703
26320001 5.25028
26330001 4.21694
26340001 5.18103
26350001 4.5481
26360001 5.1396
26370001 4.38143
26380001 4.61446
26390001 4.71075
26400001 4.38347
26410001 5.35667
26420001 4.33986
26430001 4.79918
26440001 4.33181
26450001 5.39263
26460001 4.53392
26470001 4.97262
26480001 5.68537
26490001 4.37238
26500001 5.68933
26510001 4.70744
26520001 5.60272
26530001 4.90863
26540001 5.77158
26550001 4.7919
26560001 5.21451
26570001 5.04689
26580001 4.73824
26590001 5.37432
26600001 4.36914
26610001 4.74521
26620001 4.24001
26630001 4.46083
26640001 4.49532
26650001 4.81444
26660001 5.05849
26670001 4.42965
26680001 4.70769
26690001 4.27504
26700001 4.46891
26710001 4.21136
26720001 4.21032
26730001 4.61997
26740001 4.15778
26750001 5.05438
26760001 4.0007
26770001 5.21656
26780001 4.52252
26790001 5.48727
26800001 4.54019
26810001 4.81823
26820001 4.6107
26830001 4.82666
26840001 4.83289
26850001 4.25181
26860001 5.33368
26870001 4.33613
26880001 4.72842
26890001 4.32018
26900001 5.38921
26910001 4.63305
26920001 4.71477
26930001 5.69722
26940001 4.8215
26950001 5.50542
26960001 4.9939
26970001 5.88408
26980001 4.57136
26990001 5.56529
27000001 4.79971
27010001 4.91253
27020001 4.96242
27030001 4.46724
27040001 5.31227
27050001 4.31402
27060001 4.64031
27070001 4.57531
27080001 4.44198
27090001 5.07839
27100001 4.45814
27110001 4.87227
27120001 4.34831
27130001 4.5411
27140001 4.20408
27150001 4.22334
27160001 4.19923
27170001 4.06398
27180001 4.61749
27190001 4.06171
27200001 4.98252
27210001 4.31665
27220001 5.20993
27230001 4.42804
27240001 5.34728
27250001 4.52015
27260001 4.64561
27270001 4.59466
27280001 4.42751
27290001 5.04253
27300001 4.58905
27310001 4.82494
27320001 4.3428
27330001 5.29143
27340001 4.68428
27350001 5.24017
27360001 5.71615
27370001 4.69434
27380001 5.69387
27390001 4.76903
27400001 5.37869
27410001 4.96347
27420001 5.83208
27430001 4.46997
27440001 5.46373
27450001 5.05028
27460001 4.95996
27470001 5.21274
27480001 4.40069
27490001 5.04428
27500001 4.29701
27510001 4.45838
27520001 4.50088
27530001 4.78159
27540001 5.06239
27550001 4.42884
27560001 4.79843
27570001 4.29611
27580001 4.46788
27590001 4.20518
27600001 4.21838
27610001 4.11606
27620001 4.16165
27630001 4.57217
27640001 4.08081
27650001 5.22169
27660001 4.21556
27670001 5.17626
27680001 4.55023
27690001 5.09463
27700001 4.75908
27710001 4.59008
27720001 4.75927
27730001 4.33367
27740001 4.92823
27750001 4.34193
27760001 4.78254
27770001 4.3284
27780001 5.39149
27790001 4.32727
27800001 4.98985
27810001 5.65126
27820001 4.36241
27830001 5.53184
27840001 4.70632
27850001 5.57859
27860001 4.74855
27870001 5.59019
27880001 4.88795
27890001 5.00122
27900001 5.02689
27910001 4.56336
27920001 5.3296
27930001 4.35545
27940001 4.72057
27950001 4.61127
27960001 4.45825
27970001 4.48938
27980001 4.48094
27990001 5.05611
28000001 4.42536
28010001 4.63216
28020001 4.25839
28030001 4.23836
28040001 4.20653
28050001 4.11558
28060001 4.61987
28070001 4.13868
28080001 5.05362
28090001 4.15217
28100001 5.21227
28110001 4.50912
28120001 5.52592
28130001 4.54148
28140001 4.70659
28150001 4.61292
28160001 4.95702
28170001 4.79194
28180001 4.64038
28190001 4.98153
28200001 4.34631
28210001 4.47596
28220001 4.70193
28230001 5.27015
28240001 4.63467
28250001 4.68349
28260001 5.69749
28270001 4.78736
28280001 5.50786
28290001 4.99127
28300001 5.83556
28310001 4.60483
28320001 5.50664
28330001 5.10403
28340001 4.89086
28350001 5.22934
28360001 4.44062
28370001 5.08155
28380001 4.30536
28390001 4.49295
28400001 4.53106
28410001 4.36998
28420001 5.07677
28430001 4.4311
28440001 4.86561
28450001 4.33973
28460001 4.54
28470001 4.20349
28480001 4.21939
28490001 4.20369
28500001 4.19707
28510001 4.5719
28520001 4.09237
28530001 4.98372
28540001 4.31601
28550001 5.21039
28560001 4.54105
28570001 5.13971
28580001 4.50578
28590001 4.62025
28600001 4.70925
28610001 4.38246
28620001 5.01707
28630001 4.57791
28640001 4.82278
28650001 4.33614
28660001 5.2363
28670001 4.53993
28680001 5.16404
28690001 5.87656
28700001 4.43556
28710001 5.69624
28720001 4.61557
28730001 5.60248
28740001 4.95713
28750001 5.82177
28760001 4.80013
28770001 5.25848
28780001 5.05018
28790001 4.78063
28800001 5.43866
28810001 4.36724
28820001 4.90306
28830001 4.24841
28840001 4.45849
28850001 4.49437
28860001 4.7117
28870001 5.06124
28880001 4.42149
28890001 4.79659
28900001 4.27907
28910001 4.46765
28920001 4.21893
28930001 4.21338
28940001 4.62425
28950001 4.16562
28960001 4.5721
28970001 4.07125
28980001 5.21894
28990001 4.21557
29000001 5.48895
29010001 4.54347
29020001 4.91339
29030001 4.61414
29040001 5.05301
29050001 4.82947
29060001 4.28465
29070001 5.39589
29080001 4.33704
29090001 4.73856
29100001 4.322
29110001 5.39966
29120001 4.63493
29130001 4.98762
29140001 5.58878
29150001 4.43153
29160001 5.5259
29170001 4.62106
29180001 5.89283
29190001 4.6938
29200001 5.57409
29210001 4.87437
29220001 4.92492
29230001 5.10714
29240001 4.53397
29250001 5.315
29260001 4.34431
29270001 4.67564
29280001 4.59977
29290001 4.41989
29300001 5.07724
29310001 4.47312
29320001 4.87726
29330001 4.38827
29340001 4.62963
29350001 4.25825
29360001 4.22138
29370001 4.201
29380001 4.10607
29390001 4.61383
29400001 4.14615
29410001 4.98406
29420001 4.14606
29430001 5.21425
29440001 4.49255
29450001 5.5365
29460001 4.52818
29470001 4.70557
29480001 4.59802
29490001 4.59124
29500001 5.08372
29510001 4.64009
29520001 4.82358
29530001 4.34181
29540001 5.30841
29550001 4.68831
29560001 5.24306
29570001 5.21934
29580001 4.65978
29590001 5.69605
29600001 4.75816
29610001 5.4924
29620001 4.9373
29630001 5.83671
29640001 4.50336
29650001 5.50307
29660001 5.08407
29670001 5.26539
29680001 5.22407
29690001 4.41711
29700001 5.04276
29710001 4.29824
29720001 4.46157
29730001 4.52474
29740001 4.90865
29750001 5.06539
29760001 4.4264
29770001 4.80014
29780001 4.29431
29790001 4.47559
29800001 4.20736
29810001 4.22185
29820001 4.13334
29830001 4.19086
29840001 4.57088
29850001 4.08739
29860001 5.24994
29870001 4.21673
29880001 5.18076
29890001 4.54796
29900001 5.13951
29910001 4.75688
29920001 4.61504
29930001 4.71086
29940001 4.38523
29950001 5.35597
29960001 4.34004
29970001 4.79935
29980001 4.33051
29990001 5.39226
