1 31.3571
10001 18.418
20001 14.9099
30001 13.0385
40001 11.5311
50001 10.5011
60001 9.60398
70001 8.91989
80001 8.30967
90001 7.80328
100001 7.35624
110001 6.96144
120001 6.61396
130001 6.29795
140001 6.01393
150001 5.7555
160001 5.52041
170001 5.3049
180001 5.107
190001 4.92651
200001 4.75634
210001 4.60439
220001 4.45571
230001 4.3258
240001 4.19703
250001 4.08287
260001 3.9691
270001 3.86736
280001 3.76914
290001 3.67764
300001 3.59248
310001 3.5103
320001 3.43321
330001 3.35809
340001 3.29402
350001 3.2236
360001 3.1691
370001 3.10977
380001 3.04729
390001 2.99591
400001 2.9377
410001 2.89346
420001 2.84015
430001 2.80042
440001 2.74841
450001 2.71044
460001 2.66811
470001 2.62821
480001 2.59195
490001 2.55038
500001 2.51997
510001 2.48045
520001 2.45012
530001 2.41763
540001 2.39064
550001 2.3638
560001 2.32998
570001 2.30663
580001 2.27423
590001 2.25083
600001 2.2217
610001 2.19901
620001 2.17774
630001 2.15093
640001 2.13181
650001 2.10526
660001 2.09325
670001 2.06396
680001 2.05485
690001 2.02729
700001 2.01202
710001 1.99183
720001 1.97741
730001 1.95649
740001 1.93661
750001 1.92514
760001 1.90496
770001 1.89229
780001 1.87275
790001 1.87142
800001 1.84548
810001 1.84546
820001 1.82976
830001 1.80519
840001 1.80161
850001 1.78019
860001 1.77872
870001 1.75198
880001 1.74981
890001 1.72852
900001 1.72
910001 1.71127
920001 1.69326
930001 1.68879
940001 1.66762
950001 1.66084
960001 1.64817
970001 1.63596
980001 1.63414
990001 1.61666
1000001 1.61181
1010001 1.59581
1020001 1.59043
1030001 1.5736
1040001 1.5661
1050001 1.55373
1060001 1.54584
1070001 1.54182
1080001 1.52739
1090001 1.52788
1100001 1.50895
1110001 1.51296
1120001 1.49726
1130001 1.50007
1140001 1.48091
1150001 1.47657
1160001 1.46676
1170001 1.46135
1180001 1.45886
1190001 1.44811
1200001 1.44385
1210001 1.43018
1220001 1.43162
1230001 1.42013
1240001 1.42472
1250001 1.41406
1260001 1.411
1270001 1.41053
1280001 1.39319
1290001 1.39536
1300001 1.3838
1310001 1.38672
1320001 1.36089
1330001 1.37058
1340001 1.35875
1350001 1.3551
1360001 1.34947
1370001 1.33423
1380001 1.33611
1390001 1.32
1400001 1.31825
1410001 1.31113
1420001 1.31479
1430001 1.31036
1440001 1.2956
1450001 1.29785
1460001 1.28295
1470001 1.28284
1480001 1.26998
1490001 1.2677
1500001 1.25835
1510001 1.25652
1520001 1.2564
1530001 1.24339
1540001 1.25475
1550001 1.23483
1560001 1.2438
1570001 1.23045
1580001 1.23561
1590001 1.22039
1600001 1.22009
1610001 1.21489
1620001 1.2101
1630001 1.21682
1640001 1.20184
1650001 1.20404
1660001 1.1931
1670001 1.21
1680001 1.18818
1690001 1.20616
1700001 1.20237
1710001 1.18222
1720001 1.19427
1730001 1.17693
1740001 1.18627
1750001 1.16808
1760001 1.17961
1770001 1.15877
1780001 1.16526
1790001 1.15784
1800001 1.15381
1810001 1.15679
1820001 1.13809
1830001 1.14196
1840001 1.12844
1850001 1.12926
1860001 1.12403
1870001 1.12817
1880001 1.12915
1890001 1.11501
1900001 1.11892
1910001 1.10463
1920001 1.1073
1930001 1.09595
1940001 1.09607
1950001 1.09731
1960001 1.08695
1970001 1.09024
1980001 1.07617
1990001 1.09228
2000001 1.07938
2010001 1.09037
2020001 1.07232
2030001 1.07527
2040001 1.0689
2050001 1.0714
2060001 1.06503
2070001 1.05663
2080001 1.07272
2090001 1.05427
2100001 1.05771
2110001 1.04764
2120001 1.06895
2130001 1.04744
2140001 1.0685
2150001 1.06458
2160001 1.04881
2170001 1.05763
2180001 1.0482
2190001 1.05871
2200001 1.03206
2210001 1.04736
2220001 1.02856
2230001 1.03264
2240001 1.03136
2250001 1.02117
2260001 1.03169
2270001 1.0131
2280001 1.01681
2290001 1.01139
2300001 1.00705
2310001 1.01762
2320001 1.00373
2330001 1.00918
2340001 0.997323
2350001 0.999854
2360001 0.987901
2370001 0.988052
2380001 0.981347
2390001 0.980751
2400001 0.98586
2410001 0.973169
2420001 0.986803
2430001 0.971059
2440001 0.985138
2450001 0.970559
2460001 0.984416
2470001 0.966102
2480001 0.969281
2490001 0.964752
2500001 0.964466
2510001 0.968196
2520001 0.962794
2530001 0.965664
2540001 0.954392
2550001 0.9761
2560001 0.956197
2570001 0.970888
2580001 0.962941
2590001 0.965811
2600001 0.972962
2610001 0.955804
2620001 0.965598
2630001 0.95251
2640001 0.967363
2650001 0.937334
2660001 0.957998
2670001 0.947101
2680001 0.950127
2690001 0.947265
2700001 0.932127
2710001 0.94126
2720001 0.924666
2730001 0.92723
2740001 0.924027
2750001 0.932838
2760001 0.933749
2770001 0.919225
2780001 0.927325
2790001 0.911816
2800001 0.916228
2810001 0.904759
2820001 0.907257
2830001 0.899258
2840001 0.900553
2850001 0.906204
2860001 0.89368
2870001 0.912732
2880001 0.891552
2890001 0.908112
2900001 0.894847
2910001 0.906269
2920001 0.896173
2930001 0.893501
2940001 0.891336
2950001 0.88762
2960001 0.896518
2970001 0.885942
2980001 0.892663
2990001 0.882321
3000001 0.908431
3010001 0.87927
3020001 0.910196
3030001 0.908918
3040001 0.886798
3050001 0.903311
3060001 0.887126
3070001 0.902213
3080001 0.88022
3090001 0.901056
3100001 0.878566
3110001 0.886306
3120001 0.882069
3130001 0.876314
3140001 0.886886
3150001 0.866126
3160001 0.872211
3170001 0.868959
3180001 0.864435
3190001 0.860547
3200001 0.864506
3210001 0.872598
3220001 0.857598
3230001 0.863587
3240001 0.84881
3250001 0.85092
3260001 0.843634
3270001 0.845597
3280001 0.851208
3290001 0.839955
3300001 0.855935
3310001 0.835561
3320001 0.855452
3330001 0.841365
3340001 0.85848
3350001 0.837904
3360001 0.842633
3370001 0.838306
3380001 0.846201
3390001 0.837792
3400001 0.829188
3410001 0.848341
3420001 0.831448
3430001 0.834386
3440001 0.835506
3450001 0.854022
3460001 0.831312
3470001 0.850121
3480001 0.858179
3490001 0.84042
3500001 0.852291
3510001 0.842953
3520001 0.855909
3530001 0.824497
3540001 0.847193
3550001 0.837017
3560001 0.833711
3570001 0.838484
3580001 0.822169
3590001 0.833637
3600001 0.815375
3610001 0.823282
3620001 0.81646
3630001 0.814456
3640001 0.82926
3650001 0.813706
3660001 0.825074
3670001 0.808115
3680001 0.815168
3690001 0.800937
3700001 0.804228
3710001 0.797619
3720001 0.795226
3730001 0.805532
3740001 0.793
3750001 0.810379
3760001 0.792448
3770001 0.811772
3780001 0.797076
3790001 0.81012
3800001 0.793501
3810001 0.798403
3820001 0.796464
3830001 0.794
3840001 0.801483
3850001 0.796256
3860001 0.801947
3870001 0.789266
3880001 0.815347
3890001 0.794466
3900001 0.825579
3910001 0.826172
3920001 0.808569
3930001 0.81933
3940001 0.799286
3950001 0.817092
3960001 0.799232
3970001 0.817971
3980001 0.791364
3990001 0.805236
4000001 0.798137
4010001 0.796811
4020001 0.806131
4030001 0.782567
4040001 0.794553
4050001 0.776813
4060001 0.782035
4070001 0.778441
4080001 0.786356
4090001 0.79248
4100001 0.776996
4110001 0.787689
4120001 0.770457
4130001 0.776933
4140001 0.76453
4150001 0.768732
4160001 0.773588
4170001 0.763056
4180001 0.770219
4190001 0.757028
4200001 0.780282
4210001 0.756813
4220001 0.784018
4230001 0.762522
4240001 0.771223
4250001 0.765914
4260001 0.774005
4270001 0.765347
4280001 0.757279
4290001 0.769819
4300001 0.758933
4310001 0.76696
4320001 0.75566
4330001 0.787788
4340001 0.761437
4350001 0.790627
4360001 0.78862
4370001 0.764429
4380001 0.785882
4390001 0.767454
4400001 0.792028
4410001 0.761073
4420001 0.782534
4430001 0.762521
4440001 0.769317
4450001 0.774611
4460001 0.760795
4470001 0.77448
4480001 0.752327
4490001 0.760379
4500001 0.755407
4510001 0.751123
4520001 0.766867
4530001 0.751662
4540001 0.760546
4550001 0.747782
4560001 0.755614
4570001 0.739637
4580001 0.743151
4590001 0.735347
4600001 0.737146
4610001 0.745431
4620001 0.733971
4630001 0.751075
4640001 0.729792
4650001 0.753136
4660001 0.737453
4670001 0.758295
4680001 0.735789
4690001 0.741764
4700001 0.736888
4710001 0.740432
4720001 0.749099
4730001 0.740661
4740001 0.747101
4750001 0.73307
4760001 0.749232
4770001 0.738804
4780001 0.759128
4790001 0.751228
4800001 0.755831
4810001 0.766719
4820001 0.747137
4830001 0.761176
4840001 0.750987
4850001 0.766776
4860001 0.731508
4870001 0.758296
4880001 0.747189
4890001 0.750837
4900001 0.750514
4910001 0.733238
4920001 0.74584
4930001 0.726493
4940001 0.732538
4950001 0.728814
4960001 0.743007
4970001 0.743556
4980001 0.727232
4990001 0.7393
5000001 0.721805
5010001 0.729753
5020001 0.715574
5030001 0.7199
5040001 0.711347
5050001 0.716135
5060001 0.722737
5070001 0.708758
5080001 0.73499
5090001 0.708998
5100001 0.730747
5110001 0.71587
5120001 0.73112
5130001 0.711092
5140001 0.718798
5150001 0.716829
5160001 0.715423
5170001 0.732723
5180001 0.713919
5190001 0.724482
5200001 0.711961
5210001 0.745128
5220001 0.715885
5230001 0.747843
5240001 0.749155
5250001 0.723799
5260001 0.747584
5270001 0.726483
5280001 0.745908
5290001 0.723552
5300001 0.746212
5310001 0.719502
5320001 0.734415
5330001 0.727879
5340001 0.726925
5350001 0.736449
5360001 0.712222
5370001 0.723134
5380001 0.706839
5390001 0.712956
5400001 0.709335
5410001 0.719392
5420001 0.725281
5430001 0.708777
5440001 0.719145
5450001 0.701583
5460001 0.710212
5470001 0.69702
5480001 0.70184
5490001 0.707139
5500001 0.696289
5510001 0.704749
5520001 0.688202
5530001 0.716303
5540001 0.701294
5550001 0.721389
5560001 0.698522
5570001 0.706679
5580001 0.700943
5590001 0.708086
5600001 0.702816
5610001 0.693807
5620001 0.72136
5630001 0.697111
5640001 0.706359
5650001 0.694359
5660001 0.728828
5670001 0.701372
5680001 0.73261
5690001 0.73184
5700001 0.713144
5710001 0.728506
5720001 0.718672
5730001 0.736463
5740001 0.702242
5750001 0.726671
5760001 0.70347
5770001 0.712143
5780001 0.713342
5790001 0.702026
5800001 0.719834
5810001 0.694656
5820001 0.704629
5830001 0.699661
5840001 0.696465
5850001 0.713189
5860001 0.696965
5870001 0.706812
5880001 0.693405
5890001 0.699738
5900001 0.685443
5910001 0.688767
5920001 0.681631
5930001 0.683792
5940001 0.692864
5950001 0.678359
5960001 0.699637
5970001 0.680686
5980001 0.702362
5990001 0.685029
6000001 0.70635
6010001 0.683779
6020001 0.690518
6030001 0.686639
6040001 0.687174
6050001 0.695991
6060001 0.690195
6070001 0.697468
6080001 0.683742
6090001 0.715223
6100001 0.690432
6110001 0.712491
6120001 0.703938
6130001 0.70926
6140001 0.721169
6150001 0.701012
6160001 0.715638
6170001 0.700949
6180001 0.72223
6190001 0.684886
6200001 0.712759
6210001 0.701752
6220001 0.707847
6230001 0.706078
6240001 0.688004
6250001 0.702089
6260001 0.681896
6270001 0.687305
6280001 0.68481
6290001 0.695836
6300001 0.700558
6310001 0.683736
6320001 0.696237
6330001 0.677531
6340001 0.685351
6350001 0.671859
6360001 0.677276
6370001 0.668242
6380001 0.671935
6390001 0.680568
6400001 0.666395
6410001 0.692838
6420001 0.66718
6430001 0.690152
6440001 0.674941
6450001 0.691245
6460001 0.679844
6470001 0.678023
6480001 0.676849
6490001 0.673443
6500001 0.686855
6510001 0.674238
6520001 0.68504
6530001 0.672682
6540001 0.707663
6550001 0.671674
6560001 0.711197
6570001 0.712028
6580001 0.686164
6590001 0.708071
6600001 0.689535
6610001 0.709435
6620001 0.683925
6630001 0.711031
6640001 0.684739
6650001 0.695605
6660001 0.691663
6670001 0.68599
6680001 0.700606
6690001 0.67585
6700001 0.684931
6710001 0.68209
6720001 0.677805
6730001 0.674088
6740001 0.679979
6750001 0.691106
6760001 0.67402
6770001 0.682807
6780001 0.665447
6790001 0.669762
6800001 0.661551
6810001 0.665605
6820001 0.673268
6830001 0.660957
6840001 0.681816
6850001 0.658067
6860001 0.683692
6870001 0.667735
6880001 0.689902
6890001 0.665852
6900001 0.672813
6910001 0.668572
6920001 0.679423
6930001 0.670358
6940001 0.659899
6950001 0.685713
6960001 0.665486
6970001 0.670763
6980001 0.672501
6990001 0.696378
7000001 0.669941
7010001 0.693212
7020001 0.704057
7030001 0.684235
7040001 0.699136
7050001 0.689371
7060001 0.705679
7070001 0.669343
7080001 0.6973
7090001 0.686363
7100001 0.68331
7110001 0.690241
7120001 0.671559
7130001 0.686379
7140001 0.66529
7150001 0.675848
7160001 0.668493
7170001 0.6671
7180001 0.685225
7190001 0.667781
7200001 0.682375
7210001 0.662888
7220001 0.672412
7230001 0.65613
7240001 0.661292
7250001 0.653966
7260001 0.652355
7270001 0.665128
7280001 0.651433
7290001 0.672878
7300001 0.652612
7310001 0.676301
7320001 0.659607
7330001 0.676228
7340001 0.657453
7350001 0.664116
7360001 0.66264
7370001 0.660584
7380001 0.670186
7390001 0.664346
7400001 0.672665
7410001 0.657953
7420001 0.689529
7430001 0.665612
7440001 0.701751
7450001 0.703724
7460001 0.684285
7470001 0.697612
7480001 0.675545
7490001 0.696622
7500001 0.677164
7510001 0.699291
7520001 0.669603
7530001 0.68621
7540001 0.678841
7550001 0.678118
7560001 0.68971
7570001 0.663025
7580001 0.677737
7590001 0.657757
7600001 0.664621
7610001 0.661045
7620001 0.670412
7630001 0.678308
7640001 0.661274
7650001 0.674445
7660001 0.65502
7670001 0.663421
7680001 0.649545
7690001 0.655386
7700001 0.661284
7710001 0.650114
7720001 0.658748
7730001 0.644483
7740001 0.671738
7750001 0.645671
7760001 0.67756
7770001 0.653636
7780001 0.664267
7790001 0.658729
7800001 0.668636
7810001 0.659071
7820001 0.650753
7830001 0.665901
7840001 0.653659
7850001 0.663893
7860001 0.651138
7870001 0.688606
7880001 0.659172
7890001 0.692055
7900001 0.69075
7910001 0.664393
7920001 0.688664
7930001 0.669056
7940001 0.697168
7950001 0.663215
7960001 0.687686
7970001 0.665797
7980001 0.673948
7990001 0.680634
8000001 0.665686
8010001 0.6817
8020001 0.65719
8030001 0.6661
8040001 0.66176
8050001 0.65751
8060001 0.67541
8070001 0.658952
8080001 0.669359
8090001 0.655628
8100001 0.665064
8110001 0.647421
8120001 0.652224
8130001 0.643668
8140001 0.646492
8150001 0.655992
8160001 0.643884
8170001 0.663529
8180001 0.6403
8190001 0.666846
8200001 0.649947
8210001 0.673711
8220001 0.649121
8230001 0.656293
8240001 0.651254
8250001 0.655793
8260001 0.665919
8270001 0.656541
8280001 0.664858
8290001 0.649229
8300001 0.682539
8310001 0.65645
8320001 0.679774
8330001 0.67126
8340001 0.676722
8350001 0.689124
8360001 0.668359
8370001 0.683967
8380001 0.673577
8390001 0.691157
8400001 0.652974
8410001 0.682741
8420001 0.671168
8430001 0.675545
8440001 0.675792
8450001 0.657108
8460001 0.67148
8470001 0.650484
8480001 0.657635
8490001 0.653875
8500001 0.669593
8510001 0.670682
8520001 0.653168
8530001 0.667005
8540001 0.64801
8550001 0.657329
8560001 0.641974
8570001 0.647377
8580001 0.638155
8590001 0.643995
8600001 0.651436
8610001 0.636666
8620001 0.665802
8630001 0.637794
8640001 0.661939
8650001 0.646184
8660001 0.663224
8670001 0.641716
8680001 0.650551
8690001 0.648724
8700001 0.64761
8710001 0.666936
8720001 0.646472
8730001 0.658777
8740001 0.645111
8750001 0.68185
8760001 0.65009
8770001 0.684848
8780001 0.686792
8790001 0.660078
8800001 0.68583
8810001 0.663719
8820001 0.684766
8830001 0.661338
8840001 0.686243
8850001 0.657659
8860001 0.673958
8870001 0.667354
8880001 0.666674
8890001 0.67737
8900001 0.651432
8910001 0.6636
8920001 0.645794
8930001 0.653262
8940001 0.649597
8950001 0.660476
8960001 0.667296
8970001 0.649833
8980001 0.661467
8990001 0.642646
9000001 0.652481
9010001 0.638371
9020001 0.644117
9030001 0.649894
9040001 0.638677
9050001 0.647973
9060001 0.630608
9070001 0.661153
9080001 0.645427
9090001 0.667299
9100001 0.643073
9110001 0.652146
9120001 0.646214
9130001 0.654197
9140001 0.648914
9150001 0.639458
9160001 0.669508
9170001 0.643472
9180001 0.653984
9190001 0.641033
9200001 0.678362
9210001 0.64932
9220001 0.682641
9230001 0.682193
9240001 0.662893
9250001 0.679258
9260001 0.669357
9270001 0.688372
9280001 0.652437
9290001 0.678545
9300001 0.654313
9310001 0.663694
9320001 0.665374
9330001 0.653548
9340001 0.672809
9350001 0.64621
9360001 0.657141
9370001 0.652055
9380001 0.648936
9390001 0.666827
9400001 0.649832
9410001 0.660555
9420001 0.646541
9430001 0.653656
9440001 0.638529
9450001 0.642525
9460001 0.634979
9470001 0.637747
9480001 0.647447
9490001 0.632419
9500001 0.655235
9510001 0.635443
9520001 0.658576
9530001 0.640556
9540001 0.663377
9550001 0.639735
9560001 0.647134
9570001 0.643195
9580001 0.644054
9590001 0.653598
9600001 0.647494
9610001 0.655793
9620001 0.64122
9630001 0.674899
9640001 0.648698
9650001 0.672459
9660001 0.663474
9670001 0.669334
9680001 0.681953
9690001 0.661248
9700001 0.676615
9710001 0.661699
9720001 0.684075
9730001 0.645193
9740001 0.674594
9750001 0.663388
9760001 0.666896
9770001 0.668424
9780001 0.649562
9790001 0.664622
9800001 0.643548
9810001 0.649492
9820001 0.646449
9830001 0.658598
9840001 0.663875
9850001 0.646393
9860001 0.659839
9870001 0.640247
9880001 0.648824
9890001 0.634695
9900001 0.640766
9910001 0.631326
9920001 0.635504
9930001 0.644667
9940001 0.630084
9950001 0.657998
9960001 0.631346
9970001 0.655569
9980001 0.639918
9990001 0.657169
10000001 0.645386
10010001 0.643737
10020001 0.642653
10030001 0.639298
10040001 0.653602
10050001 0.640403
10060001 0.652107
10070001 0.638416
10080001 0.676079
10090001 0.638477
10100001 0.679785
10110001 0.680818
10120001 0.654335
10130001 0.677117
10140001 0.658216
10150001 0.678872
10160001 0.652775
10170001 0.680982
10180001 0.653988
10190001 0.665353
10200001 0.661506
10210001 0.655766
10220001 0.670847
10230001 0.645491
10240001 0.655193
10250001 0.652386
10260001 0.64811
10270001 0.644354
10280001 0.650536
10290001 0.66233
10300001 0.6447
10310001 0.654096
10320001 0.63603
10330001 0.640891
10340001 0.632356
10350001 0.636895
10360001 0.644879
10370001 0.632325
10380001 0.654135
10390001 0.629622
10400001 0.656393
10410001 0.639919
10420001 0.663187
10430001 0.638434
10440001 0.645819
10450001 0.641529
10460001 0.652968
10470001 0.643722
10480001 0.632994
10490001 0.660041
10500001 0.639031
10510001 0.644816
10520001 0.646562
10530001 0.671621
10540001 0.644302
10550001 0.668527
10560001 0.679722
10570001 0.659631
10580001 0.674961
10590001 0.665264
10600001 0.682064
10610001 0.644852
10620001 0.673725
10630001 0.662708
10640001 0.659619
10650001 0.667028
10660001 0.647831
10670001 0.663285
10680001 0.641646
10690001 0.648841
10700001 0.645206
10710001 0.643914
10720001 0.662688
10730001 0.644782
10740001 0.660056
10750001 0.639991
10760001 0.650059
10770001 0.633286
10780001 0.638873
10790001 0.631316
10800001 0.629916
10810001 0.643112
10820001 0.628949
10830001 0.651394
10840001 0.630691
10850001 0.655161
10860001 0.638175
10870001 0.655386
10880001 0.636212
10890001 0.64321
10900001 0.641774
10910001 0.63981
10920001 0.64978
10930001 0.6438
10940001 0.65269
10950001 0.637522
10960001 0.670195
10970001 0.645593
10980001 0.682834
10990001 0.684829
11000001 0.665221
11010001 0.67887
11020001 0.65656
11030001 0.678109
11040001 0.658503
11050001 0.681135
11060001 0.65098
11070001 0.667338
11080001 0.660657
11090001 0.660012
11100001 0.672015
11110001 0.644778
11120001 0.659967
11130001 0.639599
11140001 0.646755
11150001 0.643179
11160001 0.652734
11170001 0.661055
11180001 0.64366
11190001 0.657358
11200001 0.637461
11210001 0.646289
11220001 0.631985
11230001 0.638282
11240001 0.644333
11250001 0.633059
11260001 0.641952
11270001 0.627506
11280001 0.655468
11290001 0.628957
11300001 0.661648
11310001 0.637325
11320001 0.648305
11330001 0.642699
11340001 0.652959
11350001 0.643287
11360001 0.634882
11370001 0.650506
11380001 0.637995
11390001 0.648681
11400001 0.635626
11410001 0.674117
11420001 0.644065
11430001 0.677672
11440001 0.67636
11450001 0.649766
11460001 0.674459
11470001 0.654721
11480001 0.683355
11490001 0.648983
11500001 0.673912
11510001 0.651813
11520001 0.660125
11530001 0.667105
11540001 0.651946
11550001 0.668351
11560001 0.643472
11570001 0.652645
11580001 0.648307
11590001 0.644069
11600001 0.662372
11610001 0.645641
11620001 0.656189
11630001 0.642433
11640001 0.652217
11650001 0.634116
11660001 0.638216
11670001 0.630601
11680001 0.633674
11690001 0.643346
11700001 0.63115
11710001 0.651213
11720001 0.627708
11730001 0.654738
11740001 0.637682
11750001 0.661906
11760001 0.637025
11770001 0.644405
11780001 0.639322
11790001 0.64406
11800001 0.653947
11810001 0.644894
11820001 0.653576
11830001 0.637663
11840001 0.671683
11850001 0.645123
11860001 0.669033
11870001 0.660347
11880001 0.666046
11890001 0.678578
11900001 0.657742
11910001 0.673521
11920001 0.662739
11930001 0.681007
11940001 0.642458
11950001 0.672646
11960001 0.66093
11970001 0.665553
11980001 0.66593
11990001 0.647036
12000001 0.661599
12010001 0.640471
12020001 0.647791
12030001 0.644029
12040001 0.659945
12050001 0.661229
12060001 0.643481
12070001 0.657666
12080001 0.638397
12090001 0.648008
12100001 0.63243
12110001 0.638072
12120001 0.628714
12130001 0.634758
12140001 0.642179
12150001 0.62747
12160001 0.657015
12170001 0.628768
12180001 0.653247
12190001 0.637411
12200001 0.654708
12210001 0.633023
12220001 0.642053
12230001 0.640242
12240001 0.639197
12250001 0.658827
12260001 0.638141
12270001 0.650744
12280001 0.636901
12290001 0.674211
12300001 0.642049
12310001 0.677295
12320001 0.679228
12330001 0.652458
12340001 0.678396
12350001 0.656261
12360001 0.677461
12370001 0.654004
12380001 0.679121
12390001 0.650409
12400001 0.666126
12410001 0.660313
12420001 0.65967
12430001 0.670535
12440001 0.644414
12450001 0.656743
12460001 0.638844
12470001 0.646442
12480001 0.6428
12490001 0.653739
12500001 0.660803
12510001 0.64316
12520001 0.655046
12530001 0.636021
12540001 0.646096
12550001 0.63097
12560001 0.637773
12570001 0.643604
12580001 0.632373
12590001 0.652789
12600001 0.624357
12610001 0.655182
12620001 0.639413
12630001 0.661496
12640001 0.637171
12650001 0.646369
12660001 0.640407
12670001 0.648543
12680001 0.643259
12690001 0.633794
12700001 0.664178
12710001 0.637927
12720001 0.648645
12730001 0.635582
12740001 0.673231
12750001 0.644055
12760001 0.677698
12770001 0.677206
12780001 0.657903
12790001 0.674371
12800001 0.664579
12810001 0.683678
12820001 0.647633
12830001 0.673906
12840001 0.649631
12850001 0.659077
12860001 0.660873
12870001 0.649005
12880001 0.66842
12890001 0.641701
12900001 0.65276
12910001 0.647677
12920001 0.644603
12930001 0.662682
12940001 0.645564
12950001 0.656474
12960001 0.640347
12970001 0.649631
12980001 0.634383
12990001 0.638528
13000001 0.630912
13010001 0.632138
13020001 0.64358
13030001 0.628533
13040001 0.651508
13050001 0.631674
13060001 0.654943
13070001 0.636906
13080001 0.659867
13090001 0.636184
13100001 0.643671
13110001 0.639717
13120001 0.640657
13130001 0.650267
13140001 0.644175
13150001 0.652625
13160001 0.63796
13170001 0.671919
13180001 0.64555
13190001 0.669151
13200001 0.680445
13210001 0.666495
13220001 0.679104
13230001 0.658451
13240001 0.673843
13250001 0.659011
13260001 0.681439
13270001 0.642511
13280001 0.672024
13290001 0.660865
13300001 0.664409
13310001 0.666016
13320001 0.647111
13330001 0.662249
13340001 0.641166
13350001 0.647158
13360001 0.644152
13370001 0.656306
13380001 0.661749
13390001 0.644166
13400001 0.657775
13410001 0.638082
13420001 0.646806
13430001 0.6326
13440001 0.638797
13450001 0.629307
13460001 0.633571
13470001 0.642793
13480001 0.628218
13490001 0.65622
13500001 0.629565
13510001 0.653866
13520001 0.638241
13530001 0.655556
13540001 0.643766
13550001 0.642194
13560001 0.64111
13570001 0.637807
13580001 0.652192
13590001 0.638978
13600001 0.650787
13610001 0.637063
13620001 0.674898
13630001 0.637191
13640001 0.678678
13650001 0.679649
13660001 0.653254
13670001 0.676027
13680001 0.657205
13690001 0.677854
13700001 0.65183
13710001 0.678854
13720001 0.653121
13730001 0.664499
13740001 0.660716
13750001 0.654989
13760001 0.669888
13770001 0.644777
13780001 0.654511
13790001 0.651746
13800001 0.647492
13810001 0.643776
13820001 0.649941
13830001 0.661873
13840001 0.644178
13850001 0.653691
13860001 0.635568
13870001 0.640531
13880001 0.631963
13890001 0.635101
13900001 0.644591
13910001 0.632065
13920001 0.653915
13930001 0.629443
13940001 0.656221
13950001 0.639797
13960001 0.66308
13970001 0.638378
13980001 0.6458
13990001 0.641506
14000001 0.653009
14010001 0.643769
14020001 0.633089
14030001 0.66019
14040001 0.639184
14050001 0.645031
14060001 0.646752
14070001 0.67192
14080001 0.644578
14090001 0.668885
14100001 0.680021
14110001 0.660025
14120001 0.675325
14130001 0.665739
14140001 0.682503
14150001 0.645375
14160001 0.674232
14170001 0.663282
14180001 0.659834
14190001 0.667666
14200001 0.648122
14210001 0.66395
14220001 0.642381
14230001 0.649583
14240001 0.645993
14250001 0.644113
14260001 0.663554
14270001 0.645608
14280001 0.660968
14290001 0.640878
14300001 0.651035
14310001 0.634242
14320001 0.639907
14330001 0.632332
14340001 0.631011
14350001 0.644198
14360001 0.630082
14370001 0.652518
14380001 0.631876
14390001 0.656318
14400001 0.639403
14410001 0.656598
14420001 0.6375
14430001 0.644517
14440001 0.64288
14450001 0.641167
14460001 0.651121
14470001 0.645194
14480001 0.65412
14490001 0.638964
14500001 0.671662
14510001 0.647067
14520001 0.684347
14530001 0.686265
14540001 0.666802
14550001 0.680376
14560001 0.657086
14570001 0.679669
14580001 0.660181
14590001 0.682752
14600001 0.65269
14610001 0.669042
14620001 0.662426
14630001 0.661789
14640001 0.673775
14650001 0.646647
14660001 0.661798
14670001 0.64153
14680001 0.64868
14690001 0.645149
14700001 0.654652
14710001 0.663072
14720001 0.645657
14730001 0.659412
14740001 0.638507
14750001 0.648415
14760001 0.634114
14770001 0.640466
14780001 0.646502
14790001 0.635283
14800001 0.644176
14810001 0.629793
14820001 0.65767
14830001 0.631285
14840001 0.663875
14850001 0.639668
14860001 0.650634
14870001 0.644043
14880001 0.655322
14890001 0.645674
14900001 0.637197
14910001 0.652933
14920001 0.640436
14930001 0.651177
14940001 0.638172
14950001 0.676594
14960001 0.646616
14970001 0.680206
14980001 0.678841
14990001 0.652394
15000001 0.676978
15010001 0.65696
15020001 0.685897
15030001 0.651683
15040001 0.676532
15050001 0.654549
15060001 0.66183
15070001 0.669843
15080001 0.654734
15090001 0.671083
15100001 0.646337
15110001 0.655478
15120001 0.651195
15130001 0.646978
15140001 0.665294
15150001 0.648557
15160001 0.659169
15170001 0.645405
15180001 0.655235
15190001 0.63716
15200001 0.641312
15210001 0.633702
15220001 0.63664
15230001 0.646451
15240001 0.63433
15250001 0.654324
15260001 0.630952
15270001 0.657856
15280001 0.640906
15290001 0.665027
15300001 0.640286
15310001 0.647659
15320001 0.642588
15330001 0.647341
15340001 0.654833
15350001 0.648215
15360001 0.656884
15370001 0.640797
15380001 0.674972
15390001 0.648494
15400001 0.672364
15410001 0.663695
15420001 0.669439
15430001 0.681868
15440001 0.661167
15450001 0.676871
15460001 0.666195
15470001 0.684367
15480001 0.646017
15490001 0.676079
15500001 0.664453
15510001 0.669066
15520001 0.669454
15530001 0.650666
15540001 0.665154
15550001 0.644172
15560001 0.651454
15570001 0.647745
15580001 0.663556
15590001 0.664941
15600001 0.647209
15610001 0.661401
15620001 0.641838
15630001 0.651819
15640001 0.636285
15650001 0.641955
15660001 0.632625
15670001 0.638675
15680001 0.646078
15690001 0.631455
15700001 0.660841
15710001 0.632773
15720001 0.657126
15730001 0.641399
15740001 0.65861
15750001 0.637067
15760001 0.646072
15770001 0.644254
15780001 0.643246
15790001 0.662784
15800001 0.642221
15810001 0.654146
15820001 0.641029
15830001 0.678176
15840001 0.646164
15850001 0.681316
15860001 0.683177
15870001 0.656588
15880001 0.682373
15890001 0.660393
15900001 0.68147
15910001 0.65817
15920001 0.683158
15930001 0.654626
15940001 0.670258
15950001 0.664509
15960001 0.663866
15970001 0.674671
15980001 0.648734
15990001 0.660981
16000001 0.643226
16010001 0.650776
16020001 0.647189
16030001 0.658037
16040001 0.665163
16050001 0.64756
16060001 0.659442
16070001 0.640487
16080001 0.650565
16090001 0.635494
16100001 0.642309
16110001 0.648107
16120001 0.636811
16130001 0.657254
16140001 0.629015
16150001 0.65964
16160001 0.644
16170001 0.665935
16180001 0.641787
16190001 0.650939
16200001 0.645003
16210001 0.653134
16220001 0.647866
16230001 0.638491
16240001 0.66871
16250001 0.642627
16260001 0.653294
16270001 0.640326
16280001 0.677771
16290001 0.648757
16300001 0.68228
16310001 0.683321
16320001 0.66449
16330001 0.678932
16340001 0.669232
16350001 0.688212
16360001 0.651988
16370001 0.678522
16380001 0.654416
16390001 0.663802
16400001 0.665032
16410001 0.653823
16420001 0.673108
16430001 0.64659
16440001 0.657574
16450001 0.652557
16460001 0.649496
16470001 0.667538
16480001 0.650457
16490001 0.661393
16500001 0.6453
16510001 0.654586
16520001 0.639399
16530001 0.643565
16540001 0.635979
16550001 0.637241
16560001 0.648611
16570001 0.633664
16580001 0.656492
16590001 0.635573
16600001 0.659909
16610001 0.642018
16620001 0.664817
16630001 0.641322
16640001 0.648768
16650001 0.644828
16660001 0.645785
16670001 0.655325
16680001 0.649319
16690001 0.65771
16700001 0.643159
16710001 0.676912
16720001 0.650703
16730001 0.674183
16740001 0.685368
16750001 0.671582
16760001 0.684073
16770001 0.663568
16780001 0.678867
16790001 0.664147
16800001 0.686435
16810001 0.647775
16820001 0.677102
16830001 0.666037
16840001 0.669551
16850001 0.671165
16860001 0.652398
16870001 0.667417
16880001 0.646521
16890001 0.652458
16900001 0.649505
16910001 0.661548
16920001 0.667047
16930001 0.649507
16940001 0.663092
16950001 0.643497
16960001 0.652213
16970001 0.638077
16980001 0.644269
16990001 0.634828
17000001 0.639083
17010001 0.648255
17020001 0.633791
17030001 0.661575
17040001 0.635139
17050001 0.659259
17060001 0.643761
17070001 0.658692
17080001 0.649238
17090001 0.647719
17100001 0.646626
17110001 0.643378
17120001 0.65765
17130001 0.64456
17140001 0.656286
17150001 0.642676
17160001 0.680249
17170001 0.642805
17180001 0.684074
17190001 0.684978
17200001 0.658788
17210001 0.681391
17220001 0.662713
17230001 0.683225
17240001 0.657386
17250001 0.684234
17260001 0.658692
17270001 0.668449
17280001 0.666259
17290001 0.658639
17300001 0.675348
17310001 0.650452
17320001 0.660103
17330001 0.657387
17340001 0.653155
17350001 0.649497
17360001 0.655594
17370001 0.667525
17380001 0.649888
17390001 0.659389
17400001 0.641365
17410001 0.646327
17420001 0.637806
17430001 0.640958
17440001 0.650376
17450001 0.637942
17460001 0.659632
17470001 0.635362
17480001 0.661914
17490001 0.645638
17500001 0.66873
17510001 0.644237
17520001 0.651611
17530001 0.647336
17540001 0.658775
17550001 0.64959
17560001 0.63902
17570001 0.663898
17580001 0.645095
17590001 0.650622
17600001 0.652607
17610001 0.677604
17620001 0.650463
17630001 0.674627
17640001 0.685653
17650001 0.665801
17660001 0.681002
17670001 0.671497
17680001 0.688139
17690001 0.651295
17700001 0.679943
17710001 0.669082
17720001 0.665659
17730001 0.673441
17740001 0.654051
17750001 0.669742
17760001 0.64838
17770001 0.655511
17780001 0.651978
17790001 0.650101
17800001 0.669461
17810001 0.651582
17820001 0.666885
17830001 0.646909
17840001 0.657035
17850001 0.640341
17860001 0.645994
17870001 0.638463
17880001 0.637179
17890001 0.650264
17900001 0.636262
17910001 0.658519
17920001 0.638044
17930001 0.662285
17940001 0.645517
17950001 0.662571
17960001 0.643644
17970001 0.650613
17980001 0.648972
17990001 0.64729
18000001 0.657154
18010001 0.651256
18020001 0.660157
18030001 0.645141
18040001 0.677583
18050001 0.653179
18060001 0.690154
18070001 0.692091
18080001 0.672807
18090001 0.686249
18100001 0.663135
18110001 0.685556
18120001 0.666215
18130001 0.688625
18140001 0.658799
18150001 0.675027
18160001 0.668476
18170001 0.667835
18180001 0.67971
18190001 0.652837
18200001 0.667842
18210001 0.647773
18220001 0.654853
18230001 0.651369
18240001 0.660782
18250001 0.669216
18260001 0.651616
18270001 0.665564
18280001 0.644793
18290001 0.654662
18300001 0.640449
18310001 0.646493
18320001 0.652766
18330001 0.641634
18340001 0.65047
18350001 0.636165
18360001 0.663831
18370001 0.637683
18380001 0.669987
18390001 0.645997
18400001 0.65687
18410001 0.649188
18420001 0.661529
18430001 0.651946
18440001 0.643574
18450001 0.659168
18460001 0.646802
18470001 0.65745
18480001 0.644569
18490001 0.682669
18500001 0.652934
18510001 0.686319
18520001 0.684912
18530001 0.65868
18540001 0.68307
18550001 0.663207
18560001 0.691925
18570001 0.657972
18580001 0.682643
18590001 0.660832
18600001 0.668058
18610001 0.676028
18620001 0.661027
18630001 0.67723
18640001 0.652711
18650001 0.661742
18660001 0.657539
18670001 0.653345
18680001 0.671587
18690001 0.654913
18700001 0.665519
18710001 0.6518
18720001 0.661598
18730001 0.643641
18740001 0.647784
18750001 0.640224
18760001 0.643164
18770001 0.652892
18780001 0.640867
18790001 0.66069
18800001 0.63753
18810001 0.664183
18820001 0.647395
18830001 0.671287
18840001 0.646782
18850001 0.654095
18860001 0.649055
18870001 0.653777
18880001 0.661197
18890001 0.654683
18900001 0.663253
18910001 0.647324
18920001 0.68121
18930001 0.654944
18940001 0.678628
18950001 0.670038
18960001 0.675755
18970001 0.688066
18980001 0.667514
18990001 0.683113
19000001 0.672517
19010001 0.690552
19020001 0.652505
19030001 0.682338
19040001 0.67081
19050001 0.678416
19060001 0.675765
19070001 0.6571
19080001 0.671489
19090001 0.650719
19100001 0.657929
19110001 0.654259
19120001 0.669928
19130001 0.671375
19140001 0.653722
19150001 0.667842
19160001 0.648403
19170001 0.658345
19180001 0.642913
19190001 0.648559
19200001 0.639315
19210001 0.645295
19220001 0.652654
19230001 0.638154
19240001 0.666229
19250001 0.639459
19260001 0.663593
19270001 0.648009
19280001 0.665064
19290001 0.64372
19300001 0.652655
19310001 0.650836
19320001 0.649847
19330001 0.669214
19340001 0.648853
19350001 0.660664
19360001 0.647694
19370001 0.684497
19380001 0.652768
19390001 0.687678
19400001 0.689476
19410001 0.663099
19420001 0.688681
19430001 0.666864
19440001 0.687787
19450001 0.664662
19460001 0.689465
19470001 0.661162
19480001 0.676634
19490001 0.670971
19500001 0.670329
19510001 0.681025
19520001 0.655338
19530001 0.664967
19540001 0.649889
19550001 0.657353
19560001 0.653826
19570001 0.664562
19580001 0.671697
19590001 0.654176
19600001 0.666
19610001 0.647175
19620001 0.657199
19630001 0.642237
19640001 0.64901
19650001 0.654762
19660001 0.643559
19670001 0.663821
19680001 0.635839
19690001 0.666175
19700001 0.650684
19710001 0.672444
19720001 0.64849
19730001 0.65756
19740001 0.651663
19750001 0.659749
19760001 0.654498
19770001 0.645286
19780001 0.675191
19790001 0.649349
19800001 0.659912
19810001 0.647076
19820001 0.684181
19830001 0.655419
19840001 0.67965
19850001 0.6897
19860001 0.671002
19870001 0.685349
19880001 0.675715
19890001 0.694555
19900001 0.658596
19910001 0.684905
19920001 0.660971
19930001 0.670319
19940001 0.671568
19950001 0.660454
19960001 0.679556
19970001 0.653296
19980001 0.664165
19990001 0.659194
20000001 0.656167
20010001 0.674119
20020001 0.657046
20030001 0.668023
20040001 0.651974
20050001 0.661256
20060001 0.646176
20070001 0.650323
20080001 0.642791
20090001 0.644059
20100001 0.655333
20110001 0.640511
20120001 0.663132
20130001 0.642397
20140001 0.66651
20150001 0.648787
20160001 0.67137
20170001 0.6481
20180001 0.655494
20190001 0.651561
20200001 0.652519
20210001 0.661963
20220001 0.656051
20230001 0.664341
20240001 0.649938
20250001 0.683387
20260001 0.657413
20270001 0.680681
20280001 0.691801
20290001 0.678123
20300001 0.690505
20310001 0.670158
20320001 0.685343
20330001 0.67072
20340001 0.692762
20350001 0.652557
20360001 0.683591
20370001 0.67262
20380001 0.676094
20390001 0.677695
20400001 0.659095
20410001 0.673964
20420001 0.653273
20430001 0.659155
20440001 0.656246
20450001 0.668167
20460001 0.673684
20470001 0.656229
20480001 0.669736
20490001 0.65028
20500001 0.658949
20510001 0.644914
20520001 0.651069
20530001 0.6417
20540001 0.645927
20550001 0.655023
20560001 0.640681
20570001 0.668203
20580001 0.642014
20590001 0.665913
20600001 0.650554
20610001 0.665348
20620001 0.655778
20630001 0.654484
20640001 0.654408
20650001 0.650175
20660001 0.664307
20670001 0.651366
20680001 0.662972
20690001 0.649503
20700001 0.686724
20710001 0.649621
20720001 0.690574
20730001 0.691437
20740001 0.665445
20750001 0.687511
20760001 0.669331
20770001 0.689695
20780001 0.664047
20790001 0.690698
20800001 0.665356
20810001 0.675037
20820001 0.672872
20830001 0.66531
20840001 0.681858
20850001 0.657202
20860001 0.666752
20870001 0.664079
20880001 0.659867
20890001 0.656266
20900001 0.662289
20910001 0.674184
20920001 0.656635
20930001 0.666092
20940001 0.648199
20950001 0.653133
20960001 0.644689
20970001 0.647803
20980001 0.657159
20990001 0.64482
21000001 0.666316
21010001 0.642265
21020001 0.668564
21030001 0.652444
21040001 0.675281
21050001 0.65105
21060001 0.658357
21070001 0.654108
21080001 0.665457
21090001 0.656364
21100001 0.645883
21110001 0.670534
21120001 0.651912
21130001 0.657381
21140001 0.65932
21150001 0.684125
21160001 0.657229
21170001 0.681195
21180001 0.692123
21190001 0.672407
21200001 0.68751
21210001 0.678061
21220001 0.694583
21230001 0.658589
21240001 0.686456
21250001 0.67568
21260001 0.672287
21270001 0.679994
21280001 0.660779
21290001 0.676312
21300001 0.655167
21310001 0.662195
21320001 0.658736
21330001 0.65686
21340001 0.676112
21350001 0.658328
21360001 0.67353
21370001 0.653699
21380001 0.663766
21390001 0.647184
21400001 0.652811
21410001 0.645337
21420001 0.644075
21430001 0.657047
21440001 0.643161
21450001 0.665218
21460001 0.644921
21470001 0.66894
21480001 0.652322
21490001 0.669218
21500001 0.650462
21510001 0.656977
21520001 0.655734
21530001 0.654076
21540001 0.663822
21550001 0.658038
21560001 0.666827
21570001 0.651969
21580001 0.684093
21590001 0.659926
21600001 0.696619
21610001 0.698521
21620001 0.671048
21630001 0.692718
21640001 0.669769
21650001 0.692027
21660001 0.672818
21670001 0.695066
21680001 0.665477
21690001 0.681574
21700001 0.675082
21710001 0.674435
21720001 0.686189
21730001 0.659574
21740001 0.674428
21750001 0.654556
21760001 0.66156
21770001 0.65813
21780001 0.667448
21790001 0.675865
21800001 0.658356
21810001 0.672215
21820001 0.651521
21830001 0.661405
21840001 0.647382
21850001 0.653298
21860001 0.65952
21870001 0.648477
21880001 0.657243
21890001 0.643058
21900001 0.670464
21910001 0.644558
21920001 0.67656
21930001 0.652748
21940001 0.663564
21950001 0.655903
21960001 0.667972
21970001 0.658666
21980001 0.650388
21990001 0.680452
22000001 0.653602
22010001 0.664143
22020001 0.651393
22030001 0.689133
22040001 0.659671
22050001 0.69281
22060001 0.69136
22070001 0.6669
22080001 0.68955
22090001 0.669787
22100001 0.698328
22110001 0.66463
22120001 0.689118
22130001 0.667467
22140001 0.67465
22150001 0.679482
22160001 0.667212
22170001 0.683721
22180001 0.659407
22190001 0.668372
22200001 0.664228
22210001 0.660058
22220001 0.678188
22230001 0.66165
22240001 0.672183
22250001 0.658461
22260001 0.668268
22270001 0.650446
22280001 0.654561
22290001 0.647063
22300001 0.649987
22310001 0.659524
22320001 0.6477
22330001 0.667343
22340001 0.644395
22350001 0.670796
22360001 0.654163
22370001 0.67783
22380001 0.653549
22390001 0.660798
22400001 0.655798
22410001 0.660471
22420001 0.667821
22430001 0.661406
22440001 0.669865
22450001 0.654099
22460001 0.68767
22470001 0.661645
22480001 0.685108
22490001 0.676608
22500001 0.682282
22510001 0.694486
22520001 0.674073
22530001 0.689571
22540001 0.678145
22550001 0.696921
22560001 0.65919
22570001 0.688796
22580001 0.677321
22590001 0.68489
22600001 0.682256
22610001 0.663571
22620001 0.678003
22630001 0.65744
22640001 0.663526
22650001 0.660952
22660001 0.676473
22670001 0.677962
22680001 0.660402
22690001 0.674431
22700001 0.655135
22710001 0.665014
22720001 0.649693
22730001 0.655301
22740001 0.64613
22750001 0.652062
22760001 0.659363
22770001 0.644986
22780001 0.672795
22790001 0.646269
22800001 0.670159
22810001 0.654739
22820001 0.671636
22830001 0.650487
22840001 0.659344
22850001 0.657527
22860001 0.656551
22870001 0.675744
22880001 0.65559
22890001 0.667273
22900001 0.654435
22910001 0.690894
22920001 0.659457
22930001 0.694107
22940001 0.696122
22950001 0.669676
22960001 0.695067
22970001 0.673398
22980001 0.694177
22990001 0.671209
23000001 0.695829
23010001 0.66775
23020001 0.6831
23030001 0.677485
23040001 0.676837
23050001 0.687423
23060001 0.661981
23070001 0.671511
23080001 0.656583
23090001 0.663965
23100001 0.66049
23110001 0.671121
23120001 0.678247
23130001 0.660819
23140001 0.672567
23150001 0.653883
23160001 0.663838
23170001 0.648991
23180001 0.655701
23190001 0.661418
23200001 0.650303
23210001 0.670389
23220001 0.642654
23230001 0.672707
23240001 0.657359
23250001 0.678916
23260001 0.655176
23270001 0.664018
23280001 0.658307
23290001 0.666341
23300001 0.661109
23310001 0.651999
23320001 0.681646
23330001 0.656038
23340001 0.666492
23350001 0.653786
23360001 0.690544
23370001 0.66204
23380001 0.686075
23390001 0.696042
23400001 0.67746
23410001 0.69172
23420001 0.682131
23430001 0.699734
23440001 0.662401
23450001 0.691272
23460001 0.667522
23470001 0.676797
23480001 0.678036
23490001 0.667009
23500001 0.685903
23510001 0.659917
23520001 0.669925
23530001 0.665768
23540001 0.662753
23550001 0.680609
23560001 0.663632
23570001 0.674561
23580001 0.658589
23590001 0.667821
23600001 0.651366
23610001 0.656972
23620001 0.6495
23630001 0.650761
23640001 0.661945
23650001 0.647246
23660001 0.669661
23670001 0.649099
23680001 0.672999
23690001 0.655434
23700001 0.677807
23710001 0.654756
23720001 0.662075
23730001 0.658166
23740001 0.65912
23750001 0.668471
23760001 0.66265
23770001 0.670834
23780001 0.656578
23790001 0.689708
23800001 0.663981
23810001 0.687033
23820001 0.698106
23830001 0.684516
23840001 0.696798
23850001 0.67658
23860001 0.691672
23870001 0.677132
23880001 0.699025
23890001 0.65913
23900001 0.689922
23910001 0.679036
23920001 0.682471
23930001 0.684061
23940001 0.665281
23950001 0.680342
23960001 0.659738
23970001 0.665668
23980001 0.662622
23990001 0.674611
24000001 0.68013
24010001 0.662767
24020001 0.676187
24030001 0.65687
24040001 0.665437
24050001 0.65156
24060001 0.657664
24070001 0.648367
24080001 0.652558
24090001 0.661587
24100001 0.647357
24110001 0.674631
24120001 0.648673
24130001 0.672362
24140001 0.657132
24150001 0.671794
24160001 0.662289
24170001 0.661029
24180001 0.660935
24190001 0.656748
24200001 0.670749
24210001 0.657944
24220001 0.669297
24230001 0.656098
24240001 0.692976
24250001 0.6562
24260001 0.696847
24270001 0.697677
24280001 0.671869
24290001 0.693776
24300001 0.675714
24310001 0.695942
24320001 0.670465
24330001 0.696928
24340001 0.67177
24350001 0.681383
24360001 0.679235
24370001 0.67173
24380001 0.688123
24390001 0.663693
24400001 0.673146
24410001 0.670492
24420001 0.66632
24430001 0.66277
24440001 0.666206
24450001 0.680575
24460001 0.663121
24470001 0.67253
24480001 0.65476
24490001 0.659656
24500001 0.65128
24510001 0.654374
24520001 0.663654
24530001 0.651408
24540001 0.672722
24550001 0.648876
24560001 0.674939
24570001 0.658958
24580001 0.681591
24590001 0.657571
24600001 0.664813
24610001 0.660593
24620001 0.67185
24630001 0.662818
24640001 0.652452
24650001 0.676879
24660001 0.658469
24670001 0.663834
24680001 0.665772
24690001 0.690348
24700001 0.66369
24710001 0.687462
24720001 0.698303
24730001 0.678711
24740001 0.693724
24750001 0.68425
24760001 0.700732
24770001 0.665001
24780001 0.692668
24790001 0.681967
24800001 0.6786
24810001 0.686234
24820001 0.667183
24830001 0.68257
24840001 0.661622
24850001 0.668576
24860001 0.665165
24870001 0.663291
24880001 0.682434
24890001 0.664743
24900001 0.679845
24910001 0.660156
24920001 0.670156
24930001 0.653699
24940001 0.659283
24950001 0.651868
24960001 0.650617
24970001 0.663484
24980001 0.649707
24990001 0.671577
25000001 0.651445
25010001 0.675258
25020001 0.658778
25030001 0.675524
25040001 0.656934
25050001 0.663394
25060001 0.662147
25070001 0.660508
25080001 0.670172
25090001 0.664464
25100001 0.673141
25110001 0.658432
25120001 0.690268
25130001 0.663997
25140001 0.702734
25150001 0.704608
25160001 0.677325
25170001 0.698841
25180001 0.676042
25190001 0.69815
25200001 0.679057
25210001 0.701157
25220001 0.671791
25230001 0.687762
25240001 0.68132
25250001 0.680663
25260001 0.692313
25270001 0.665933
25280001 0.679383
25290001 0.660959
25300001 0.66789
25310001 0.664508
25320001 0.673224
25330001 0.682132
25340001 0.664716
25350001 0.678483
25360001 0.657941
25370001 0.667755
25380001 0.653838
25390001 0.659708
25400001 0.665556
25410001 0.65492
25420001 0.663624
25430001 0.649546
25440001 0.676714
25450001 0.651026
25460001 0.682747
25470001 0.659141
25480001 0.669862
25490001 0.662262
25500001 0.674239
25510001 0.664988
25520001 0.656796
25530001 0.686608
25540001 0.659994
25550001 0.670441
25560001 0.657806
25570001 0.695202
25580001 0.665996
25590001 0.698903
25600001 0.69744
25610001 0.673146
25620001 0.695637
25630001 0.676002
25640001 0.70434
25650001 0.670878
25660001 0.695198
25670001 0.673699
25680001 0.680811
25690001 0.685623
25700001 0.673447
25710001 0.68981
25720001 0.665711
25730001 0.674588
25740001 0.670496
25750001 0.666346
25760001 0.684378
25770001 0.667923
25780001 0.678419
25790001 0.66476
25800001 0.674509
25810001 0.656817
25820001 0.6609
25830001 0.653458
25840001 0.656365
25850001 0.665828
25860001 0.654085
25870001 0.673571
25880001 0.650819
25890001 0.676934
25900001 0.660493
25910001 0.683952
25920001 0.659877
25930001 0.667066
25940001 0.662096
25950001 0.666731
25960001 0.673906
25970001 0.667694
25980001 0.674673
25990001 0.660427
26000001 0.693708
26010001 0.667908
26020001 0.691156
26030001 0.682736
26040001 0.688371
26050001 0.700478
26060001 0.680194
26070001 0.695601
26080001 0.684234
26090001 0.702884
26100001 0.665426
26110001 0.69482
26120001 0.683426
26130001 0.690925
26140001 0.688308
26150001 0.669778
26160001 0.684074
26170001 0.663701
26180001 0.669722
26190001 0.667188
26200001 0.682577
26210001 0.684098
26220001 0.666624
26230001 0.680564
26240001 0.661405
26250001 0.671219
26260001 0.656007
26270001 0.661573
26280001 0.652469
26290001 0.658354
26300001 0.665607
26310001 0.651334
26320001 0.678905
26330001 0.652604
26340001 0.676291
26350001 0.660995
26360001 0.677749
26370001 0.65678
26380001 0.665563
26390001 0.663749
26400001 0.662783
26410001 0.681814
26420001 0.661847
26430001 0.673414
26440001 0.660699
26450001 0.696837
26460001 0.665673
26470001 0.700076
26480001 0.702051
26490001 0.675782
26500001 0.701
26510001 0.679465
26520001 0.70011
26530001 0.67728
26540001 0.701742
26550001 0.673862
26560001 0.689102
26570001 0.683528
26580001 0.681945
26590001 0.693346
26600001 0.668115
26610001 0.677584
26620001 0.662789
26630001 0.670097
26640001 0.666668
26650001 0.67721
26660001 0.684317
26670001 0.666978
26680001 0.678588
26690001 0.660105
26700001 0.669988
26710001 0.655251
26720001 0.661893
26730001 0.667586
26740001 0.656548
26750001 0.676477
26760001 0.648968
26770001 0.678759
26780001 0.663539
26790001 0.684915
26800001 0.661369
26810001 0.670134
26820001 0.664465
26830001 0.672445
26840001 0.667233
26850001 0.657284
26860001 0.687573
26870001 0.662228
26880001 0.672581
26890001 0.659992
26900001 0.696432
26910001 0.668166
26920001 0.692016
26930001 0.701909
26940001 0.683435
26950001 0.697601
26960001 0.688068
26970001 0.705564
26980001 0.668489
26990001 0.69716
27000001 0.673574
27010001 0.682784
27020001 0.684011
27030001 0.673064
27040001 0.6918
27050001 0.666036
27060001 0.67595
27070001 0.671845
27080001 0.668844
27090001 0.686599
27100001 0.669709
27110001 0.680596
27120001 0.664709
27130001 0.673879
27140001 0.657545
27150001 0.663094
27160001 0.65569
27170001 0.65693
27180001 0.668046
27190001 0.653333
27200001 0.67569
27210001 0.655282
27220001 0.678991
27230001 0.661568
27240001 0.68373
27250001 0.660891
27260001 0.668151
27270001 0.664263
27280001 0.665209
27290001 0.674482
27300001 0.668736
27310001 0.676824
27320001 0.662702
27330001 0.695546
27340001 0.670039
27350001 0.692888
27360001 0.70392
27370001 0.690407
27380001 0.702601
27390001 0.682502
27400001 0.694695
27410001 0.683042
27420001 0.704798
27430001 0.665187
27440001 0.695758
27450001 0.684952
27460001 0.688348
27470001 0.689921
27480001 0.671292
27490001 0.686221
27500001 0.665797
27510001 0.671665
27520001 0.66866
27530001 0.680551
27540001 0.686064
27550001 0.668791
27560001 0.682124
27570001 0.662944
27580001 0.67145
27590001 0.657676
27600001 0.663729
27610001 0.654506
27620001 0.65866
27630001 0.667627
27640001 0.653476
27650001 0.68055
27660001 0.654798
27670001 0.678298
27680001 0.663188
27690001 0.677728
27700001 0.668288
27710001 0.667052
27720001 0.666942
27730001 0.662795
27740001 0.676677
27750001 0.663993
27760001 0.675239
27770001 0.662164
27780001 0.698725
27790001 0.662249
27800001 0.702612
27810001 0.703415
27820001 0.677771
27830001 0.699536
27840001 0.681581
27850001 0.701728
27860001 0.676367
27870001 0.698951
27880001 0.67767
27890001 0.685853
27900001 0.685084
27910001 0.677627
27920001 0.693886
27930001 0.669656
27940001 0.679024
27950001 0.675065
27960001 0.672231
27970001 0.668751
27980001 0.672141
27990001 0.686443
28000001 0.669081
28010001 0.678425
28020001 0.660789
28030001 0.665645
28040001 0.657336
28050001 0.660404
28060001 0.66962
28070001 0.657458
28080001 0.678608
28090001 0.654947
28100001 0.680796
28110001 0.664942
28120001 0.687391
28130001 0.663558
28140001 0.670743
28150001 0.666548
28160001 0.677721
28170001 0.668747
28180001 0.671703
28190001 0.682703
28200001 0.664451
28210001 0.669759
28220001 0.671695
28230001 0.696061
28240001 0.669619
28250001 0.693213
28260001 0.703977
28270001 0.684498
28280001 0.699426
28290001 0.689992
28300001 0.706376
28310001 0.670894
28320001 0.698364
28330001 0.687736
28340001 0.684393
28350001 0.691959
28360001 0.673818
28370001 0.688306
28380001 0.66754
28390001 0.674432
28400001 0.671062
28410001 0.669188
28420001 0.68823
28430001 0.6703
28440001 0.685632
28450001 0.666081
28460001 0.676011
28470001 0.659674
28480001 0.665212
28490001 0.657834
28500001 0.662631
28510001 0.669379
28520001 0.655698
28530001 0.67741
28540001 0.657424
28550001 0.681053
28560001 0.664697
28570001 0.681308
28580001 0.662865
28590001 0.669274
28600001 0.667974
28610001 0.666404
28620001 0.675989
28630001 0.670354
28640001 0.678934
28650001 0.664357
28660001 0.695928
28670001 0.669872
28680001 0.707328
28690001 0.710193
28700001 0.682597
28710001 0.704454
28720001 0.681789
28730001 0.703763
28740001 0.68477
28750001 0.706739
28760001 0.677581
28770001 0.693433
28780001 0.687036
28790001 0.686369
28800001 0.697927
28810001 0.671758
28820001 0.685094
28830001 0.666821
28840001 0.673682
28850001 0.67035
28860001 0.678998
28870001 0.687872
28880001 0.670542
28890001 0.684221
28900001 0.663811
28910001 0.673567
28920001 0.65975
28930001 0.665574
28940001 0.671374
28950001 0.660818
28960001 0.669467
28970001 0.655484
28980001 0.682441
28990001 0.656948
29000001 0.688422
29010001 0.664994
29020001 0.675634
29030001 0.668084
29040001 0.679981
29050001 0.670781
29060001 0.662663
29070001 0.692247
29080001 0.665837
29090001 0.676196
29100001 0.663672
29110001 0.700759
29120001 0.671788
29130001 0.704418
29140001 0.703005
29150001 0.678861
29160001 0.70121
29170001 0.681691
29180001 0.70961
29190001 0.676595
29200001 0.700763
29210001 0.679403
29220001 0.686469
29230001 0.691246
29240001 0.679152
29250001 0.695385
29260001 0.671477
29270001 0.680278
29280001 0.676233
29290001 0.6721
29300001 0.690042
29310001 0.673667
29320001 0.684123
29330001 0.67045
29340001 0.680216
29350001 0.662656
29360001 0.666673
29370001 0.659316
29380001 0.662197
29390001 0.671596
29400001 0.659137
29410001 0.679272
29420001 0.656686
29430001 0.682601
29440001 0.666284
29450001 0.689557
29460001 0.665295
29470001 0.6728
29480001 0.667861
29490001 0.672452
29500001 0.679578
29510001 0.673444
29520001 0.680337
29530001 0.666216
29540001 0.699188
29550001 0.673635
29560001 0.696689
29570001 0.688348
29580001 0.693452
29590001 0.705966
29600001 0.685795
29610001 0.701116
29620001 0.689803
29630001 0.708341
29640001 0.671128
29650001 0.70033
29660001 0.689011
29670001 0.696445
29680001 0.693808
29690001 0.675413
29700001 0.689634
29710001 0.669425
29720001 0.675389
29730001 0.672893
29740001 0.688165
29750001 0.689705
29760001 0.67232
29770001 0.686172
29780001 0.667132
29790001 0.675285
29800001 0.661786
29810001 0.667308
29820001 0.65827
29830001 0.664107
29840001 0.671316
29850001 0.657138
29860001 0.684499
29870001 0.658378
29880001 0.681904
29890001 0.666717
29900001 0.683344
29910001 0.671956
29920001 0.671251
29930001 0.669441
29940001 0.668485
29950001 0.68737
29960001 0.667563
29970001 0.679026
29980001 0.666427
29990001 0.702274
