1 2192.83
10001 291.127
20001 217.706
30001 171.85
40001 137.458
50001 108.123
60001 84.4523
70001 67.8219
80001 58.8058
90001 49.5346
100001 43.4085
110001 39.3633
120001 34.0339
130001 30.993
140001 28.1693
150001 27.6715
160001 28.8328
170001 23.0679
180001 20.7091
190001 21.3536
200001 20.0258
210001 29.4121
220001 18.8726
230001 16.4534
240001 15.903
250001 16.7539
260001 14.6081
270001 15.2835
280001 13.9521
290001 15.9691
300001 13.2306
310001 15.0254
320001 14.2077
330001 13.4888
340001 13.0803
350001 14.2465
360001 13.5604
370001 13.9992
380001 14.2212
390001 13.9878
400001 13.8443
410001 12.9698
420001 12.9074
430001 12.3367
440001 11.5408
450001 11.8809
460001 11.4055
470001 10.7903
480001 12.225
490001 10.836
500001 11.8869
510001 11.1805
520001 13.1733
530001 12.1647
540001 10.4008
550001 11.0211
560001 11.0503
570001 12.3993
580001 13.2334
590001 10.9687
600001 13.0745
610001 11.0248
620001 11.5156
630001 13.1487
640001 11.4193
650001 10.8772
660001 14.228
670001 12.5388
680001 10.5857
690001 14.4576
700001 10.3121
710001 11.148
720001 11.9003
730001 10.8304
740001 11.5266
750001 11.3579
760001 13.7942
770001 10.7798
780001 12.0332
790001 11.9063
800001 9.54423
810001 11.7369
820001 10.607
830001 14.3458
840001 14.098
850001 11.4979
860001 10.6077
870001 13.666
880001 12.7067
890001 9.9506
900001 12.4301
910001 11.1241
920001 10.6695
930001 11.1768
940001 9.38704
950001 12.1343
960001 10.3345
970001 13.8251
980001 9.85643
990001 11.0705
1000001 11.9069
1010001 11.1469
1020001 11.1151
1030001 12.1962
1040001 12.5142
1050001 12.8298
1060001 12.6411
1070001 12.9278
1080001 12.5971
1090001 12.0897
1100001 10.9135
1110001 11.3707
1120001 10.3105
1130001 10.8739
1140001 10.3266
1150001 8.91723
1160001 10.9683
1170001 9.90368
1180001 12.7076
1190001 10.3724
1200001 14.774
1210001 11.5788
1220001 9.66745
1230001 11.2993
1240001 10.3251
1250001 12.2084
1260001 12.4176
1270001 11.0717
1280001 12.1999
1290001 11.5458
1300001 11.241
1310001 10.2802
1320001 12.2262
1330001 10.9247
1340001 12.4632
1350001 10.1834
1360001 10.7744
1370001 12.249
1380001 10.0437
1390001 11.7528
1400001 13.209
1410001 10.8004
1420001 11.8368
1430001 11.4013
1440001 14.3105
1450001 10.5323
1460001 11.7873
1470001 12.0599
1480001 9.40747
1490001 11.4499
1500001 10.5985
1510001 10.8132
1520001 12.7591
1530001 11.3061
1540001 9.99242
1550001 13.663
1560001 13.4958
1570001 10.1088
1580001 13.2534
1590001 9.93616
1600001 10.4607
1610001 10.0336
1620001 9.20472
1630001 12.0202
1640001 10.5114
1650001 12.9113
1660001 9.92954
1670001 11.074
1680001 11.7649
1690001 11.2894
1700001 10.6572
1710001 12.4151
1720001 13.7697
1730001 13.3521
1740001 12.6583
1750001 11.7487
1760001 12.7526
1770001 12.0338
1780001 9.42098
1790001 11.8158
1800001 9.9487
1810001 10.3054
1820001 11.9877
1830001 8.98132
1840001 10.7043
1850001 9.8063
1860001 12.7292
1870001 11.6405
1880001 13.9085
1890001 11.2909
1900001 10.4685
1910001 10.5212
1920001 11.8322
1930001 11.2785
1940001 12.5719
1950001 11.3159
1960001 12.2567
1970001 11.6887
1980001 11.3457
1990001 10.0824
2000001 10.7521
2010001 10.8755
2020001 10.4662
2030001 9.98981
2040001 9.78706
2050001 12.1476
2060001 9.789
2070001 12.0499
2080001 13.3172
2090001 12.1374
2100001 11.9235
2110001 11.3394
2120001 10.0844
2130001 10.5509
2140001 11.6223
2150001 12.3766
2160001 10.2065
2170001 12.3952
2180001 10.2664
2190001 10.9774
2200001 12.2915
2210001 10.8451
2220001 10.236
2230001 13.7251
2240001 13.3731
2250001 10.0443
2260001 13.2978
2270001 9.92062
2280001 10.5574
2290001 10.1762
2300001 9.22779
2310001 12.1502
2320001 10.9137
2330001 13.3181
2340001 10.5501
2350001 11.0252
2360001 11.0711
2370001 10.3696
2380001 11.3275
2390001 10.9672
2400001 13.8373
2410001 14.9447
2420001 11.2398
2430001 10.3754
2440001 12.8261
2450001 12.3985
2460001 9.46845
2470001 12.2129
2480001 10.3003
2490001 10.2086
2500001 10.9051
2510001 9.71901
2520001 10.8151
2530001 9.87423
2540001 13.6513
2550001 9.64919
2560001 12.0275
2570001 11.4735
2580001 10.741
2590001 10.5255
2600001 11.9725
2610001 11.3328
2620001 11.7623
2630001 12.3877
2640001 12.3212
2650001 12.1938
2660001 11.3819
2670001 9.38696
2680001 10.8257
2690001 10.1451
2700001 10.5614
2710001 10.1217
2720001 8.73923
2730001 11.1767
2740001 9.65821
2750001 11.0208
2760001 10.155
2770001 12.2202
2780001 11.2684
2790001 9.46792
2800001 10.1629
2810001 10.1598
2820001 11.661
2830001 12.4991
2840001 10.205
2850001 12.6829
2860001 10.3582
2870001 10.8934
2880001 10.2067
2890001 10.8091
2900001 10.2466
2910001 13.8038
2920001 12.0347
2930001 10.0497
2940001 14.0072
2950001 9.82355
2960001 10.676
2970001 13.4207
2980001 10.3968
2990001 11.5369
3000001 10.9537
3010001 14.1766
3020001 10.3477
3030001 11.6774
3040001 11.5193
3050001 9.18644
3060001 11.3742
3070001 10.2829
3080001 12.7913
3090001 13.7337
3100001 11.2091
3110001 10.3158
3120001 13.4196
3130001 12.4543
3140001 9.36752
3150001 12.1873
3160001 10.2646
3170001 10.3967
3180001 10.9364
3190001 9.12372
3200001 11.9116
3210001 10.1373
3220001 13.6283
3230001 9.62725
3240001 10.888
3250001 11.6992
3260001 10.9488
3270001 10.933
3280001 12.0262
3290001 12.3197
3300001 12.6431
3310001 12.4638
3320001 12.7986
3330001 12.5182
3340001 11.9375
3350001 10.5921
3360001 11.2203
3370001 10.1667
3380001 10.7456
3390001 11.3055
3400001 8.76688
3410001 10.8604
3420001 9.7578
3430001 12.6272
3440001 10.1969
3450001 14.6809
3460001 11.469
3470001 9.53701
3480001 11.1747
3490001 10.8661
3500001 12.0949
3510001 12.3074
3520001 11.1519
3530001 12.1137
3540001 11.4524
3550001 11.141
3560001 10.1406
3570001 12.1313
3580001 10.8252
3590001 12.393
3600001 10.0938
3610001 10.6772
3620001 12.1675
3630001 9.96765
3640001 11.6761
3650001 13.118
3660001 10.7391
3670001 11.8573
3680001 11.3201
3690001 11.8555
3700001 10.4504
3710001 11.7314
3720001 11.9785
3730001 9.33108
3740001 11.3831
3750001 10.8325
3760001 10.9648
3770001 12.6715
3780001 11.2424
3790001 9.97085
3800001 13.6121
3810001 13.638
3820001 10.041
3830001 13.1987
3840001 9.8782
3850001 10.3977
3860001 9.97278
3870001 9.15113
3880001 11.9645
3890001 10.4585
3900001 12.8652
3910001 9.88332
3920001 11.068
3930001 11.7186
3940001 11.4983
3950001 10.6392
3960001 12.3795
3970001 13.7214
3980001 13.3034
3990001 12.6777
4000001 10.2649
4010001 12.7226
4020001 11.9913
4030001 9.33547
4040001 11.7724
4050001 10.0957
4060001 10.2648
4070001 11.9793
4080001 8.97419
4090001 10.6729
4100001 9.75918
4110001 12.699
4120001 11.603
4130001 13.9016
4140001 11.2618
4150001 10.4364
4160001 10.4952
4170001 11.7992
4180001 11.2531
4190001 12.7663
4200001 11.2985
4210001 12.2125
4220001 11.6604
4230001 11.3093
4240001 10.0543
4250001 10.7213
4260001 10.88
4270001 10.4644
4280001 9.96348
4290001 9.77727
4300001 12.1163
4310001 9.76032
4320001 12.0272
4330001 13.2992
4340001 12.1229
4350001 11.9069
4360001 11.3193
4370001 10.0635
4380001 9.73056
4390001 11.6417
4400001 12.3611
4410001 10.182
4420001 12.3897
4430001 10.2397
4440001 11.1773
4450001 12.2569
4460001 10.8321
4470001 10.2106
4480001 13.6236
4490001 13.3604
4500001 10.0334
4510001 13.2844
4520001 9.90475
4530001 10.5504
4540001 10.1813
4550001 9.21792
4560001 12.1447
4570001 10.9649
4580001 13.3222
4590001 10.5416
4600001 11.0097
4610001 11.3715
4620001 9.12223
4630001 11.3131
4640001 10.9575
4650001 13.827
4660001 13.8641
4670001 11.2408
4680001 10.4564
4690001 12.818
4700001 12.4838
4710001 9.45003
4720001 12.2617
4730001 10.2886
4740001 10.1959
4750001 10.9022
4760001 9.71656
4770001 10.7982
4780001 9.86003
4790001 13.6431
4800001 9.6459
4810001 12.0399
4820001 11.4741
4830001 10.7232
4840001 10.5378
4850001 11.9743
4860001 11.3248
4870001 11.7619
4880001 12.38
4890001 12.3172
4900001 12.1747
4910001 11.367
4920001 9.37601
4930001 10.8301
4940001 10.1469
4950001 10.5525
4960001 10.115
4970001 8.75116
4980001 11.1501
4990001 9.64981
5000001 11.0186
5010001 10.1425
5020001 12.225
5030001 11.2743
5040001 9.52297
5050001 11.025
5060001 10.1646
5070001 11.6837
5080001 12.4925
5090001 10.1925
5100001 12.7587
5110001 10.3524
5120001 10.9251
5130001 10.2074
5140001 10.8117
5150001 10.2414
5160001 13.7957
5170001 12.04
5180001 10.0542
5190001 13.983
5200001 9.82296
5210001 10.683
5220001 11.8999
5230001 10.4136
5240001 11.5326
5250001 10.9686
5260001 14.1618
5270001 10.3441
5280001 11.6816
5290001 11.5187
5300001 9.23734
5310001 11.3794
5320001 10.2829
5330001 12.6479
5340001 13.7469
5350001 11.231
5360001 10.3115
5370001 13.4107
5380001 12.4458
5390001 9.92478
5400001 12.1841
5410001 10.2586
5420001 10.397
5430001 10.9362
5440001 9.12109
5450001 11.9229
5460001 10.1415
5470001 13.625
5480001 9.6294
5490001 10.8929
5500001 11.701
5510001 10.9426
5520001 10.9325
5530001 12.0312
5540001 12.4208
5550001 12.6443
5560001 12.4635
5570001 12.7599
5580001 12.5222
5590001 11.9334
5600001 10.5971
5610001 11.2423
5620001 10.1693
5630001 10.7678
5640001 11.3085
5650001 8.82493
5660001 10.9663
5670001 9.75745
5680001 12.6258
5690001 10.1975
5700001 14.6746
5710001 11.4663
5720001 10.2558
5730001 11.1709
5740001 10.8746
5750001 12.1008
5760001 12.303
5770001 11.1569
5780001 12.1219
5790001 11.4535
5800001 11.1442
5810001 10.1243
5820001 12.1293
5830001 10.8203
5840001 12.3951
5850001 10.1161
5860001 10.6628
5870001 12.0569
5880001 9.97347
5890001 11.6786
5900001 13.1203
5910001 10.7617
5920001 11.864
5930001 11.3269
5940001 11.8408
5950001 10.4882
5960001 11.7451
5970001 11.995
5980001 9.33106
5990001 12.2255
6000001 10.8433
6010001 10.9605
6020001 12.6795
6030001 11.2456
6040001 10.0576
6050001 13.6212
6060001 13.637
6070001 10.0481
6080001 13.2277
6090001 10.0613
6100001 10.4966
6110001 9.97735
6120001 9.1591
6130001 11.979
6140001 10.4593
6150001 12.8654
6160001 9.87049
6170001 11.0684
6180001 11.7241
6190001 11.4997
6200001 10.656
6210001 12.5558
6220001 13.7222
6230001 13.3179
6240001 12.6814
6250001 10.2713
6260001 12.7964
6270001 12.0002
6280001 9.33835
6290001 11.7888
6300001 10.2489
6310001 10.269
6320001 11.984
6330001 8.98345
6340001 10.6642
6350001 9.76451
6360001 12.6981
6370001 11.6168
6380001 13.8846
6390001 11.2512
6400001 10.4437
6410001 10.5268
6420001 11.8016
6430001 11.2619
6440001 12.7815
6450001 11.3124
6460001 12.3268
6470001 12.0838
6480001 11.3101
6490001 10.0649
6500001 10.7239
6510001 11.0334
6520001 10.4737
6530001 9.96392
6540001 9.81848
6550001 12.1231
6560001 9.76515
6570001 10.7478
6580001 13.2917
6590001 12.14
6600001 11.9105
6610001 11.2805
6620001 10.0671
6630001 9.73373
6640001 11.6482
6650001 12.3665
6660001 10.1881
6670001 12.5416
6680001 10.2462
6690001 11.1738
6700001 12.2623
6710001 10.8298
6720001 10.2178
6730001 13.6466
6740001 13.3726
6750001 10.047
6760001 13.2957
6770001 9.90563
6780001 10.5546
6790001 10.1908
6800001 9.23518
6810001 12.1507
6820001 11.0053
6830001 13.3232
6840001 10.5504
6850001 11.0102
6860001 11.3709
6870001 9.13655
6880001 11.3432
6890001 10.9613
6900001 13.8256
6910001 13.8657
6920001 11.2412
6930001 10.4531
6940001 13.0078
6950001 12.4854
6960001 9.45892
6970001 12.2683
6980001 10.2912
6990001 10.3752
7000001 10.9147
7010001 9.72433
7020001 10.8032
7030001 9.86542
7040001 13.6487
7050001 9.66343
7060001 12.041
7070001 11.5271
7080001 10.7377
7090001 10.5448
7100001 11.9802
7110001 11.3534
7120001 11.7723
7130001 12.3791
7140001 12.322
7150001 12.2144
7160001 11.3731
7170001 10.5196
7180001 10.827
7190001 10.1526
7200001 10.5626
7210001 10.1159
7220001 8.75444
7230001 11.1489
7240001 9.65409
7250001 11.041
7260001 10.1464
7270001 12.2208
7280001 11.6123
7290001 9.52396
7300001 11.0359
7310001 10.2172
7320001 11.4297
7330001 12.4972
7340001 10.199
7350001 12.7828
7360001 9.94988
7370001 10.9552
7380001 10.2146
7390001 10.8121
7400001 10.8195
7410001 13.8004
7420001 12.0594
7430001 10.058
7440001 13.9818
7450001 9.82354
7460001 10.6831
7470001 11.9481
7480001 10.4059
7490001 11.5353
7500001 10.9649
7510001 14.2212
7520001 10.346
7530001 11.692
7540001 11.9638
7550001 9.25135
7560001 11.3809
7570001 10.306
7580001 12.6509
7590001 13.7586
7600001 11.2197
7610001 10.3147
7620001 13.4103
7630001 12.8698
7640001 9.93019
7650001 12.187
7660001 10.2545
7670001 10.4012
7680001 10.9368
7690001 9.11636
7700001 11.9249
7710001 10.1495
7720001 13.6331
7730001 9.64283
7740001 10.8979
7750001 11.6705
7760001 10.95
7770001 11.1398
7780001 12.0365
7790001 12.4478
7800001 13.0207
7810001 12.4652
7820001 12.7615
7830001 12.6042
7840001 11.9373
7850001 10.6012
7860001 11.2556
7870001 10.1667
7880001 10.7811
7890001 11.4136
7900001 8.8329
7910001 10.2727
7920001 9.76158
7930001 12.6514
7940001 10.1991
7950001 14.6832
7960001 11.2582
7970001 10.2562
7980001 11.1812
7990001 10.8781
8000001 12.0753
8010001 12.2927
8020001 11.1668
8030001 12.123
8040001 11.4687
8050001 11.141
8060001 10.1338
8070001 12.146
8080001 10.8232
8090001 12.3958
8100001 10.1253
8110001 11.1173
8120001 12.0528
8130001 9.97946
8140001 11.6839
8150001 13.1173
8160001 10.7681
8170001 11.8669
8180001 11.3391
8190001 11.8442
8200001 10.5059
8210001 11.7505
8220001 11.9615
8230001 9.32207
8240001 12.228
8250001 10.8014
8260001 11.0135
8270001 12.3653
8280001 11.2556
8290001 10.0534
8300001 13.6317
8310001 13.6379
8320001 10.0531
8330001 13.2248
8340001 10.067
8350001 10.5076
8360001 9.97992
8370001 9.16355
8380001 12.1711
8390001 10.4693
8400001 12.9702
8410001 10.5965
8420001 11.0766
8430001 11.7334
8440001 11.569
8450001 10.6455
8460001 12.587
8470001 13.7055
8480001 13.321
8490001 12.6887
8500001 10.2747
8510001 12.7953
8520001 12.0189
8530001 9.35469
8540001 11.7855
8550001 10.2563
8560001 10.274
8570001 12.0164
8580001 8.98934
8590001 10.6721
8600001 9.78285
8610001 12.7025
8620001 11.6231
8630001 13.8923
8640001 11.2694
8650001 10.4164
8660001 10.5346
8670001 11.829
8680001 11.271
8690001 12.7846
8700001 11.3184
8710001 12.3229
8720001 12.0729
8730001 11.3198
8740001 10.0733
8750001 10.7307
8760001 11.0536
8770001 10.4759
8780001 9.97055
8790001 9.82243
8800001 12.1269
8810001 9.76502
8820001 10.7603
8830001 13.2898
8840001 12.1446
8850001 11.9206
8860001 11.2924
8870001 10.0729
8880001 9.73295
8890001 12.1583
8900001 12.372
8910001 10.1891
8920001 12.5457
8930001 10.2504
8940001 11.1571
8950001 12.2706
8960001 10.8453
8970001 10.2369
8980001 14.0207
8990001 13.3721
9000001 10.0492
9010001 13.8901
9020001 9.91942
9030001 10.5674
9040001 10.2067
9050001 9.24858
9060001 12.173
9070001 11.0106
9080001 13.3259
9090001 10.4642
9100001 11.0312
9110001 11.3671
9120001 9.15056
9130001 11.3465
9140001 10.9646
9150001 13.825
9160001 13.8743
9170001 11.2487
9180001 9.61991
9190001 13.3343
9200001 12.4913
9210001 9.46614
9220001 12.2447
9230001 10.4874
9240001 10.4012
9250001 10.9181
9260001 9.73396
9270001 11.1558
9280001 9.87182
9290001 13.7108
9300001 9.66517
9310001 12.0447
9320001 11.5271
9330001 10.808
9340001 10.5539
9350001 11.9166
9360001 11.3736
9370001 11.7706
9380001 12.3781
9390001 12.6779
9400001 12.239
9410001 11.3832
9420001 10.5157
9430001 10.8245
9440001 10.1493
9450001 10.5956
9460001 10.119
9470001 8.75243
9480001 11.1536
9490001 9.65679
9500001 11.0455
9510001 10.1594
9520001 12.2253
9530001 11.6099
9540001 9.55157
9550001 11.1386
9560001 10.2242
9570001 11.4309
9580001 12.5006
9590001 10.2214
9600001 11.7405
9610001 9.95198
9620001 10.9683
9630001 10.2343
9640001 10.8126
9650001 10.823
9660001 12.3624
9670001 12.1032
9680001 10.0574
9690001 13.9782
9700001 9.82674
9710001 10.9431
9720001 11.9665
9730001 10.4042
9740001 11.5382
9750001 11.4371
9760001 14.2213
9770001 10.3841
9780001 11.7009
9790001 11.9652
9800001 9.32762
9810001 11.3833
9820001 10.3699
9830001 12.6507
9840001 13.7609
9850001 11.1916
9860001 10.3203
9870001 13.4135
9880001 12.8688
9890001 9.94237
9900001 12.1939
9910001 10.2916
9920001 10.4024
9930001 10.9826
9940001 9.11941
9950001 11.9294
9960001 10.1565
9970001 13.6265
9980001 9.82409
9990001 10.9007
