1 31.3441
10001 16.2186
20001 10.7609
30001 8.80921
40001 7.60829
50001 6.96728
60001 6.47519
70001 6.16014
80001 5.93057
90001 5.72118
100001 5.63495
110001 5.48047
120001 5.37159
130001 5.27968
140001 5.20611
150001 5.13555
160001 5.07353
170001 5.03281
180001 4.97931
190001 4.96207
200001 4.90944
210001 4.90866
220001 4.86619
230001 4.86061
240001 4.7952
250001 4.77842
260001 4.7258
270001 4.69733
280001 4.70017
290001 4.65732
300001 4.63607
310001 4.63149
320001 4.57376
330001 4.57526
340001 4.5884
350001 4.54751
360001 4.5266
370001 4.57615
380001 4.45667
390001 4.52277
400001 4.40834
410001 4.50314
420001 4.40047
430001 4.5027
440001 4.39925
450001 4.40594
460001 4.3914
470001 4.35427
480001 4.33252
490001 4.31361
500001 4.3015
510001 4.28487
520001 4.24977
530001 4.28013
540001 4.26258
550001 4.28162
560001 4.22761
570001 4.20284
580001 4.18292
590001 4.17505
600001 4.15852
610001 4.16219
620001 4.17873
630001 4.13714
640001 4.15371
650001 4.12325
660001 4.17975
670001 4.11106
680001 4.18218
690001 4.1264
700001 4.12002
710001 4.1128
720001 4.15529
730001 4.09528
740001 4.0757
750001 4.06115
760001 4.07213
770001 4.03951
780001 4.06297
790001 4.09239
800001 4.06222
810001 4.05757
820001 4.09583
830001 4.00522
840001 4.08208
850001 3.9886
860001 4.11843
870001 3.97877
880001 4.10899
890001 4.02293
900001 4.0193
910001 4.01439
920001 3.99481
930001 3.99707
940001 3.97392
950001 3.94983
960001 3.98411
970001 3.92718
980001 4.0118
990001 3.94789
1000001 3.95916
1010001 3.93197
1020001 3.91439
1030001 3.89854
1040001 3.89106
1050001 3.88806
1060001 3.89091
1070001 3.92187
1080001 3.89811
1090001 3.94031
1100001 3.9179
1110001 3.94172
1120001 3.91736
1130001 3.95968
1140001 3.90405
1150001 3.8871
1160001 3.88724
1170001 3.90941
1180001 3.90146
1190001 3.90097
1200001 3.86578
1210001 3.87848
1220001 3.88908
1230001 3.89783
1240001 3.9039
1250001 3.92713
1260001 3.82508
1270001 3.94706
1280001 3.84498
1290001 3.94579
1300001 3.85449
1310001 3.97628
1320001 3.85337
1330001 3.9453
1340001 3.89242
1350001 3.88512
1360001 3.851
1370001 3.84202
1380001 3.83991
1390001 3.83351
1400001 3.8044
1410001 3.84668
1420001 3.83643
1430001 3.89426
1440001 3.82166
1450001 3.80596
1460001 3.7923
1470001 3.79101
1480001 3.78026
1490001 3.77316
1500001 3.77404
1510001 3.79013
1520001 3.80649
1530001 3.78281
1540001 3.86173
1550001 3.8119
1560001 3.85466
1570001 3.81499
1580001 3.82728
1590001 3.7926
1600001 3.79209
1610001 3.8272
1620001 3.79189
1630001 3.83314
1640001 3.8009
1650001 3.78087
1660001 3.80495
1670001 3.83473
1680001 3.7857
1690001 3.81088
1700001 3.85797
1710001 3.76603
1720001 3.85927
1730001 3.75706
1740001 3.87621
1750001 3.77299
1760001 3.90963
1770001 3.80613
1780001 3.82596
1790001 3.82593
1800001 3.79817
1810001 3.80512
1820001 3.77748
1830001 3.77264
1840001 3.77132
1850001 3.74473
1860001 3.7886
1870001 3.80834
1880001 3.81432
1890001 3.76595
1900001 3.7475
1910001 3.73598
1920001 3.73818
1930001 3.73091
1940001 3.7433
1950001 3.77064
1960001 3.74615
1970001 3.76124
1980001 3.73601
1990001 3.80353
2000001 3.76618
2010001 3.82847
2020001 3.77315
2030001 3.76588
2040001 3.76227
2050001 3.81986
2060001 3.7625
2070001 3.75404
2080001 3.79042
2090001 3.7645
2100001 3.73492
2110001 3.76743
2120001 3.80413
2130001 3.77922
2140001 3.77906
2150001 3.83714
2160001 3.7589
2170001 3.82219
2180001 3.74877
2190001 3.87689
2200001 3.73023
2210001 3.87325
2220001 3.7894
2230001 3.77583
2240001 3.74859
2250001 3.76514
2260001 3.77937
2270001 3.75846
2280001 3.73873
2290001 3.77785
2300001 3.72256
2310001 3.81766
2320001 3.75561
2330001 3.76935
2340001 3.73068
2350001 3.73084
2360001 3.71994
2370001 3.71567
2380001 3.71684
2390001 3.72209
2400001 3.75895
2410001 3.72451
2420001 3.78547
2430001 3.78027
2440001 3.81154
2450001 3.76336
2460001 3.78291
2470001 3.75511
2480001 3.7496
2490001 3.75367
2500001 3.76404
2510001 3.77105
2520001 3.78859
2530001 3.74383
2540001 3.77183
2550001 3.80251
2560001 3.78977
2570001 3.79518
2580001 3.8003
2590001 3.7433
2600001 3.84691
2610001 3.74684
2620001 3.8699
2630001 3.76439
2640001 3.88676
2650001 3.76536
2660001 3.86041
2670001 3.81037
2680001 3.81379
2690001 3.77161
2700001 3.78341
2710001 3.76543
2720001 3.76135
2730001 3.73333
2740001 3.78213
2750001 3.77241
2760001 3.83217
2770001 3.76199
2780001 3.74627
2790001 3.73249
2800001 3.73472
2810001 3.72756
2820001 3.72211
2830001 3.72556
2840001 3.73469
2850001 3.76199
2860001 3.73892
2870001 3.81029
2880001 3.74424
2890001 3.81889
2900001 3.77959
2910001 3.79386
2920001 3.78367
2930001 3.7581
2940001 3.7711
2950001 3.76439
2960001 3.75792
2970001 3.77791
2980001 3.74911
2990001 3.78568
3000001 3.81965
3010001 3.76793
3020001 3.79573
3030001 3.84094
3040001 3.75221
3050001 3.84297
3060001 3.74867
3070001 3.86341
3080001 3.74847
3090001 3.90549
3100001 3.80956
3110001 3.81961
3120001 3.82358
3130001 3.79533
3140001 3.80771
3150001 3.78119
3160001 3.76403
3170001 3.80688
3180001 3.75302
3190001 3.79712
3200001 3.7841
3210001 3.8269
3220001 3.78058
3230001 3.76191
3240001 3.75088
3250001 3.74694
3260001 3.74952
3270001 3.76227
3280001 3.79162
3290001 3.77175
3300001 3.82818
3310001 3.8035
3320001 3.8297
3330001 3.81007
3340001 3.85804
3350001 3.80245
3360001 3.78725
3370001 3.79358
3380001 3.86186
3390001 3.792
3400001 3.78835
3410001 3.79359
3420001 3.80126
3430001 3.76544
3440001 3.83661
3450001 3.83823
3460001 3.81972
3470001 3.7649
3480001 3.88916
3490001 3.793
3500001 3.86407
3510001 3.79553
3520001 3.93399
3530001 3.78335
3540001 3.90684
3550001 3.85883
3560001 3.84769
3570001 3.82233
3580001 3.81316
3590001 3.81679
3600001 3.8114
3610001 3.79334
3620001 3.83006
3630001 3.77605
3640001 3.87296
3650001 3.81411
3660001 3.80289
3670001 3.78962
3680001 3.79073
3690001 3.78178
3700001 3.77809
3710001 3.79272
3720001 3.78581
3730001 3.81852
3740001 3.7966
3750001 3.85014
3760001 3.84604
3770001 3.87825
3780001 3.83754
3790001 3.85052
3800001 3.82425
3810001 3.81922
3820001 3.86047
3830001 3.83308
3840001 3.8418
3850001 3.86066
3860001 3.82055
3870001 3.84551
3880001 3.8871
3890001 3.86296
3900001 3.85925
3910001 3.93688
3920001 3.81974
3930001 3.9099
3940001 3.80516
3950001 3.92927
3960001 3.83338
3970001 3.96356
3980001 3.86799
3990001 3.89003
4000001 3.89279
4010001 3.864
4020001 3.88113
4030001 3.84856
4040001 3.84967
4050001 3.84532
4060001 3.81988
4070001 3.86654
4080001 3.86242
4090001 3.89473
4100001 3.84883
4110001 3.83124
4120001 3.82273
4130001 3.82416
4140001 3.81878
4150001 3.83204
4160001 3.86049
4170001 3.82759
4180001 3.85431
4190001 3.83238
4200001 3.9033
4210001 3.83846
4220001 3.92516
4230001 3.87349
4240001 3.87279
4250001 3.87726
4260001 3.92865
4270001 3.8753
4280001 3.86037
4290001 3.85554
4300001 3.87354
4310001 3.84839
4320001 3.87922
4330001 3.91771
4340001 3.89329
4350001 3.89502
4360001 3.93954
4370001 3.85384
4380001 3.93752
4390001 3.85087
4400001 3.98914
4410001 3.85373
4420001 3.99079
4430001 3.91249
4440001 3.91283
4450001 3.91573
4460001 3.89938
4470001 3.90798
4480001 3.88961
4490001 3.87065
4500001 3.91078
4510001 3.85846
4520001 3.95026
4530001 3.89223
4540001 3.90801
4550001 3.88597
4560001 3.87088
4570001 3.86129
4580001 3.85757
4590001 3.86029
4600001 3.86645
4610001 3.90205
4620001 3.88454
4630001 3.92953
4640001 3.91314
4650001 3.94134
4660001 3.92061
4670001 3.96847
4680001 3.91555
4690001 3.90035
4700001 3.90726
4710001 3.92964
4720001 3.93046
4730001 3.93185
4740001 3.90132
4750001 3.91687
4760001 3.93043
4770001 3.9451
4780001 3.95333
4790001 3.97612
4800001 3.88261
4810001 4.00339
4820001 3.90958
4830001 4.00899
4840001 3.91997
4850001 4.04507
4860001 3.93087
4870001 4.0206
4880001 3.97682
4890001 3.96938
4900001 3.93889
4910001 3.93357
4920001 3.93515
4930001 3.93172
4940001 3.9063
4950001 3.95007
4960001 3.94545
4970001 4.00314
4980001 3.93664
4990001 3.92171
5000001 3.91278
5010001 3.91268
5020001 3.90621
5030001 3.9011
5040001 3.90543
5050001 3.92301
5060001 3.94091
5070001 3.92101
5080001 4.00042
5090001 3.95498
5100001 3.99851
5110001 3.96209
5120001 3.97459
5130001 3.94086
5140001 3.94503
5150001 3.98477
5160001 3.95007
5170001 3.9953
5180001 3.96397
5190001 3.94793
5200001 3.97246
5210001 4.00354
5220001 3.95845
5230001 3.98436
5240001 4.02987
5250001 3.94489
5260001 4.03423
5270001 3.94128
5280001 4.05503
5290001 3.95995
5300001 4.09057
5310001 3.9966
5320001 4.01605
5330001 4.02075
5340001 3.99324
5350001 4.00195
5360001 3.97726
5370001 3.97526
5380001 3.97507
5390001 3.95191
5400001 3.99508
5410001 4.01891
5420001 4.02455
5430001 3.98084
5440001 3.9629
5450001 3.95492
5460001 3.95634
5470001 3.95349
5480001 3.96544
5490001 3.99309
5500001 3.97289
5510001 3.98761
5520001 3.96577
5530001 4.03201
5540001 3.99713
5550001 4.05942
5560001 4.00722
5570001 4.0003
5580001 4.00028
5590001 4.0555
5600001 4.00342
5610001 3.99533
5620001 4.03268
5630001 4.00897
5640001 3.98327
5650001 4.01461
5660001 4.05068
5670001 4.02858
5680001 4.02934
5690001 4.08405
5700001 4.01358
5710001 4.07134
5720001 4.00443
5730001 4.12658
5740001 3.99163
5750001 4.12511
5760001 4.05028
5770001 4.03774
5780001 4.01442
5790001 4.02979
5800001 4.04488
5810001 4.02605
5820001 4.00907
5830001 4.04663
5840001 3.99661
5850001 4.08699
5860001 4.03135
5870001 4.04489
5880001 4.00957
5890001 4.00959
5900001 4.00169
5910001 3.99807
5920001 4.00095
5930001 4.00597
5940001 4.04143
5950001 4.00915
5960001 4.06836
5970001 4.06609
5980001 4.09609
5990001 4.0516
6000001 4.09652
6010001 4.04564
6020001 4.04009
6030001 4.04684
6040001 4.05558
6050001 4.06613
6060001 4.08243
6070001 4.04151
6080001 4.06838
6090001 4.09782
6100001 4.08795
6110001 4.08253
6120001 4.09653
6130001 4.04546
6140001 4.14172
6150001 4.0522
6160001 4.16507
6170001 4.06892
6180001 4.18236
6190001 4.07264
6200001 4.15875
6210001 4.11753
6220001 4.11797
6230001 4.08043
6240001 4.09277
6250001 4.07704
6260001 4.07399
6270001 4.04907
6280001 4.09479
6290001 4.08831
6300001 4.14364
6310001 4.0804
6320001 4.06476
6330001 4.05388
6340001 4.05573
6350001 4.05084
6360001 4.04592
6370001 4.05055
6380001 4.05947
6390001 4.08492
6400001 4.06465
6410001 4.13205
6420001 4.07105
6430001 4.14151
6440001 4.10534
6450001 4.11804
6460001 4.11113
6470001 4.08646
6480001 4.10058
6490001 4.09391
6500001 4.09003
6510001 4.10848
6520001 4.08326
6530001 4.11713
6540001 4.14923
6550001 4.10227
6560001 4.12824
6570001 4.16957
6580001 4.08901
6590001 4.16979
6600001 4.08769
6610001 4.19261
6620001 4.08874
6630001 4.23277
6640001 4.14694
6650001 4.15559
6660001 4.16214
6670001 4.13436
6680001 4.14666
6690001 4.12271
6700001 4.10769
6710001 4.1475
6720001 4.09889
6730001 4.13982
6740001 4.13002
6750001 4.16966
6760001 4.1279
6770001 4.10968
6780001 4.10102
6790001 4.09738
6800001 4.1009
6810001 4.11221
6820001 4.13981
6830001 4.12305
6840001 4.17455
6850001 4.15345
6860001 4.1781
6870001 4.16015
6880001 4.20591
6890001 4.15412
6900001 4.13933
6910001 4.14727
6920001 4.20988
6930001 4.14706
6940001 4.14292
6950001 4.14938
6960001 4.15653
6970001 4.12444
6980001 4.19092
6990001 4.19208
7000001 4.17564
7010001 4.12576
7020001 4.23875
7030001 4.15302
7040001 4.21595
7050001 4.15494
7060001 4.282
7070001 4.14544
7080001 4.25767
7090001 4.21715
7100001 4.20486
7110001 4.18213
7120001 4.17451
7130001 4.17843
7140001 4.17387
7150001 4.15786
7160001 4.1917
7170001 4.14318
7180001 4.2325
7190001 4.17999
7200001 4.16846
7210001 4.15782
7220001 4.15833
7230001 4.15138
7240001 4.14788
7250001 4.16252
7260001 4.15556
7270001 4.18602
7280001 4.16656
7290001 4.21574
7300001 4.21297
7310001 4.24331
7320001 4.20523
7330001 4.21709
7340001 4.19429
7350001 4.18902
7360001 4.22924
7370001 4.20251
7380001 4.21312
7390001 4.23025
7400001 4.19358
7410001 4.21647
7420001 4.25538
7430001 4.23416
7440001 4.22889
7450001 4.30166
7460001 4.19405
7470001 4.27582
7480001 4.1821
7490001 4.29492
7500001 4.20833
7510001 4.32708
7520001 4.24133
7530001 4.261
7540001 4.26571
7550001 4.2378
7560001 4.25415
7570001 4.22441
7580001 4.22596
7590001 4.2217
7600001 4.19951
7610001 4.24187
7620001 4.24023
7630001 4.26977
7640001 4.22838
7650001 4.21125
7660001 4.20456
7670001 4.20546
7680001 4.20156
7690001 4.21315
7700001 4.2396
7710001 4.21036
7720001 4.23466
7730001 4.21515
7740001 4.28075
7750001 4.22133
7760001 4.30195
7770001 4.25402
7780001 4.25263
7790001 4.2585
7800001 4.30549
7810001 4.25194
7820001 4.24284
7830001 4.2397
7840001 4.25611
7850001 4.23343
7860001 4.26187
7870001 4.29737
7880001 4.27545
7890001 4.27693
7900001 4.31725
7910001 4.23957
7920001 4.31518
7930001 4.23786
7940001 4.36364
7950001 4.24108
7960001 4.36546
7970001 4.29802
7980001 4.29498
7990001 4.29956
8000001 4.28349
8010001 4.29192
8020001 4.27518
8030001 4.25809
8040001 4.29502
8050001 4.24763
8060001 4.33211
8070001 4.28009
8080001 4.29454
8090001 4.27474
8100001 4.26006
8110001 4.2522
8120001 4.24865
8130001 4.2518
8140001 4.25704
8150001 4.28975
8160001 4.27678
8170001 4.31537
8180001 4.3015
8190001 4.32736
8200001 4.30832
8210001 4.35311
8220001 4.30408
8230001 4.28947
8240001 4.29713
8250001 4.31632
8260001 4.31953
8270001 4.32031
8280001 4.29259
8290001 4.30684
8300001 4.31976
8310001 4.33376
8320001 4.34082
8330001 4.3605
8340001 4.2767
8350001 4.38614
8360001 4.30222
8370001 4.39194
8380001 4.31099
8390001 4.42521
8400001 4.32183
8410001 4.40299
8420001 4.36554
8430001 4.35697
8440001 4.32943
8450001 4.32491
8460001 4.32668
8470001 4.32375
8480001 4.30081
8490001 4.34045
8500001 4.33797
8510001 4.39032
8520001 4.33029
8530001 4.31568
8540001 4.30844
8550001 4.30786
8560001 4.30271
8570001 4.29785
8580001 4.30237
8590001 4.31827
8600001 4.33459
8610001 4.31681
8620001 4.38985
8630001 4.34875
8640001 4.38863
8650001 4.35507
8660001 4.36597
8670001 4.33597
8680001 4.33919
8690001 4.37721
8700001 4.34445
8710001 4.38747
8720001 4.35778
8730001 4.34375
8740001 4.36612
8750001 4.3947
8760001 4.35388
8770001 4.39566
8780001 4.4186
8790001 4.3413
8800001 4.42235
8810001 4.33879
8820001 4.44205
8830001 4.35584
8840001 4.47586
8850001 4.39023
8860001 4.4075
8870001 4.41352
8880001 4.38689
8890001 4.39512
8900001 4.37264
8910001 4.37125
8920001 4.37103
8930001 4.35019
8940001 4.38956
8950001 4.41311
8960001 4.41765
8970001 4.37801
8980001 4.36075
8990001 4.35415
9000001 4.35506
9010001 4.35315
9020001 4.36356
9030001 4.38906
9040001 4.37125
9050001 4.38439
9060001 4.36475
9070001 4.4258
9080001 4.39359
9090001 4.45155
9100001 4.40314
9110001 4.39637
9120001 4.39731
9130001 4.44806
9140001 4.40051
9150001 4.39255
9160001 4.42771
9170001 4.40581
9180001 4.38264
9190001 4.41121
9200001 4.44427
9210001 4.42439
9220001 4.42484
9230001 4.47466
9240001 4.41118
9250001 4.46261
9260001 4.40233
9270001 4.51398
9280001 4.39128
9290001 4.51265
9300001 4.44543
9310001 4.4333
9320001 4.41282
9330001 4.42634
9340001 4.44049
9350001 4.42328
9360001 4.40794
9370001 4.44228
9380001 4.39695
9390001 4.47979
9400001 4.42963
9410001 4.44197
9420001 4.40955
9430001 4.40913
9440001 4.40243
9450001 4.39902
9460001 4.41299
9470001 4.40629
9480001 4.43877
9490001 4.40961
9500001 4.46364
9510001 4.46244
9520001 4.48971
9530001 4.44894
9540001 4.48988
9550001 4.44357
9560001 4.43795
9570001 4.44509
9580001 4.45239
9590001 4.46354
9600001 4.47837
9610001 4.44062
9620001 4.46517
9630001 4.4922
9640001 4.4839
9650001 4.47808
9660001 4.49067
9670001 4.44427
9680001 4.53216
9690001 4.45155
9700001 4.5539
9710001 4.46616
9720001 4.56986
9730001 4.47029
9740001 4.5482
9750001 4.51236
9760001 4.49996
9770001 4.47715
9780001 4.48869
9790001 4.47445
9800001 4.47174
9810001 4.44917
9820001 4.49072
9830001 4.48594
9840001 4.53626
9850001 4.47889
9860001 4.46377
9870001 4.45437
9880001 4.45573
9890001 4.45175
9900001 4.44707
9910001 4.45165
9920001 4.4598
9930001 4.48286
9940001 4.46457
9950001 4.52656
9960001 4.47034
9970001 4.53555
9980001 4.50215
9990001 4.51333
10000001 4.50787
10010001 4.4846
10020001 4.49816
10030001 4.49172
10040001 4.48881
10050001 4.50559
10060001 4.48275
10070001 4.5135
10080001 4.54314
10090001 4.50039
10100001 4.52393
10110001 4.56155
10120001 4.48801
10130001 4.56146
10140001 4.48727
10150001 4.58281
10160001 4.48833
10170001 4.61986
10180001 4.5421
10190001 4.54947
10200001 4.55673
10210001 4.53011
10220001 4.53913
10230001 4.51964
10240001 4.50605
10250001 4.54248
10260001 4.49822
10270001 4.53563
10280001 4.52751
10290001 4.56378
10300001 4.52569
10310001 4.50827
10320001 4.50083
10330001 4.49731
10340001 4.50041
10350001 4.5108
10360001 4.53616
10370001 4.52129
10380001 4.56813
10390001 4.5493
10400001 4.57203
10410001 4.55539
10420001 4.59799
10430001 4.54996
10440001 4.53588
10450001 4.54393
10460001 4.60136
10470001 4.54386
10480001 4.53965
10490001 4.54616
10500001 4.55268
10510001 4.52337
10520001 4.58424
10530001 4.58538
10540001 4.57055
10550001 4.52475
10560001 4.62778
10570001 4.55004
10580001 4.60658
10590001 4.55132
10600001 4.66787
10610001 4.54307
10620001 4.64541
10630001 4.60978
10640001 4.59719
10650001 4.57651
10660001 4.56969
10670001 4.57316
10680001 4.56928
10690001 4.55072
10700001 4.58543
10710001 4.5415
10720001 4.62351
10730001 4.57586
10740001 4.56451
10750001 4.55533
10760001 4.55467
10770001 4.54945
10780001 4.54607
10790001 4.55955
10800001 4.55308
10810001 4.58106
10820001 4.56336
10830001 4.60839
10840001 4.60651
10850001 4.63434
10860001 4.59907
10870001 4.60957
10880001 4.58911
10890001 4.58382
10900001 4.62175
10910001 4.59632
10920001 4.60717
10930001 4.62291
10940001 4.5889
10950001 4.60986
10960001 4.63602
10970001 4.62671
10980001 4.62125
10990001 4.68851
11000001 4.58913
11010001 4.66384
11020001 4.5786
11030001 4.68175
11040001 4.60258
11050001 4.71147
11060001 4.63332
11070001 4.65063
11080001 4.65639
11090001 4.6297
11100001 4.64488
11110001 4.61751
11120001 4.61903
11130001 4.61518
11140001 4.59493
11150001 4.63373
11160001 4.63296
11170001 4.66001
11180001 4.6221
11190001 4.60576
11200001 4.60001
11210001 4.60054
11220001 4.59731
11230001 4.60759
11240001 4.63195
11250001 4.616
11260001 4.62753
11270001 4.60979
11280001 4.67028
11290001 4.61556
11300001 4.69012
11310001 4.64564
11320001 4.64391
11330001 4.65002
11340001 4.6933
11350001 4.64402
11360001 4.63524
11370001 4.63284
11380001 4.64789
11390001 4.62715
11400001 4.65324
11410001 4.68582
11420001 4.66591
11430001 4.66699
11440001 4.70392
11450001 4.6326
11460001 4.70169
11470001 4.63134
11480001 4.74664
11490001 4.63434
11500001 4.7483
11510001 4.68697
11520001 4.68372
11530001 4.68868
11540001 4.67315
11550001 4.68111
11560001 4.66566
11570001 4.65003
11580001 4.68394
11590001 4.64053
11600001 4.71834
11610001 4.67094
11620001 4.68415
11630001 4.66816
11640001 4.65195
11650001 4.64508
11660001 4.64167
11670001 4.64477
11680001 4.64931
11690001 4.67937
11700001 4.66778
11710001 4.703
11720001 4.69078
11730001 4.71448
11740001 4.6968
11750001 4.73848
11760001 4.69292
11770001 4.67903
11780001 4.68666
11790001 4.70363
11800001 4.70755
11810001 4.70822
11820001 4.68254
11830001 4.69571
11840001 4.70732
11850001 4.72094
11860001 4.72697
11870001 4.74458
11880001 4.66803
11890001 4.76839
11900001 4.69193
11910001 4.77395
11920001 4.69935
11930001 4.80457
11940001 4.70976
11950001 4.78397
11960001 4.75063
11970001 4.7417
11980001 4.71642
11990001 4.71235
12000001 4.71402
12010001 4.71137
12020001 4.69032
12030001 4.72908
12040001 4.72508
12050001 4.77308
12060001 4.71806
12070001 4.70368
12080001 4.69772
12090001 4.69688
12100001 4.69243
12110001 4.68779
12120001 4.69215
12130001 4.70665
12140001 4.72155
12150001 4.70513
12160001 4.7728
12170001 4.7351
12180001 4.77184
12190001 4.74064
12200001 4.75037
12210001 4.72304
12220001 4.72565
12230001 4.76151
12240001 4.73069
12250001 4.7711
12260001 4.74331
12270001 4.73044
12280001 4.75103
12290001 4.77731
12300001 4.7399
12310001 4.77831
12320001 4.79923
12330001 4.72794
12340001 4.8024
12350001 4.72591
12360001 4.82081
12370001 4.74147
12380001 4.85212
12390001 4.77354
12400001 4.7887
12410001 4.79553
12420001 4.77009
12430001 4.77772
12440001 4.75699
12450001 4.75585
12460001 4.75556
12470001 4.73644
12480001 4.77264
12490001 4.79519
12500001 4.799
12510001 4.76257
12520001 4.74613
12530001 4.74028
12540001 4.7409
12550001 4.73939
12560001 4.74869
12570001 4.77224
12580001 4.75613
12590001 4.80277
12600001 4.75
12610001 4.80655
12620001 4.79297
12630001 4.83054
12640001 4.78546
12650001 4.77891
12660001 4.78018
12670001 4.82729
12680001 4.78317
12690001 4.77551
12700001 4.80849
12710001 4.78807
12720001 4.76673
12730001 4.79307
12740001 4.82348
12750001 4.80536
12760001 4.80549
12770001 4.85152
12780001 4.79319
12790001 4.83996
12800001 4.78464
12810001 4.88777
12820001 4.77467
12830001 4.88644
12840001 4.82483
12850001 4.81334
12860001 4.79469
12870001 4.80682
12880001 4.82001
12890001 4.804
12900001 4.78995
12910001 4.82163
12920001 4.7799
12930001 4.85648
12940001 4.81046
12950001 4.8218
12960001 4.79171
12970001 4.791
12980001 4.78509
12990001 4.7818
13000001 4.79494
13010001 4.78842
13020001 4.81838
13030001 4.79159
13040001 4.84138
13050001 4.84072
13060001 4.8659
13070001 4.82799
13080001 4.86572
13090001 4.82296
13100001 4.81745
13110001 4.82447
13120001 4.83083
13130001 4.84187
13140001 4.85562
13150001 4.82035
13160001 4.84255
13170001 4.86789
13180001 4.86074
13190001 4.85386
13200001 4.90864
13210001 4.82344
13220001 4.9047
13230001 4.83076
13240001 4.91902
13250001 4.84374
13260001 4.93968
13270001 4.84783
13280001 4.91948
13290001 4.88721
13300001 4.87471
13310001 4.85382
13320001 4.86459
13330001 4.85135
13340001 4.84894
13350001 4.82812
13360001 4.86645
13370001 4.8625
13380001 4.90857
13390001 4.85804
13400001 4.8415
13410001 4.83306
13420001 4.83412
13430001 4.83063
13440001 4.82617
13450001 4.83052
13460001 4.83804
13470001 4.85917
13480001 4.84237
13490001 4.89988
13500001 4.84773
13510001 4.90828
13520001 4.87712
13530001 4.88721
13540001 4.88246
13550001 4.86061
13560001 4.87344
13570001 4.86727
13580001 4.86486
13590001 4.88036
13600001 4.85925
13610001 4.88768
13620001 4.91504
13630001 4.87563
13640001 4.89718
13650001 4.932
13660001 4.86386
13670001 4.93162
13680001 4.86335
13690001 4.95158
13700001 4.8643
13710001 4.97722
13720001 4.91428
13730001 4.92077
13740001 4.92812
13750001 4.90277
13760001 4.91012
13770001 4.89308
13780001 4.88054
13790001 4.91423
13800001 4.87333
13810001 4.90789
13820001 4.9008
13830001 4.93436
13840001 4.89909
13850001 4.88254
13860001 4.8758
13870001 4.87243
13880001 4.87539
13890001 4.88475
13900001 4.90829
13910001 4.89477
13920001 4.93791
13930001 4.92082
13940001 4.94183
13950001 4.92625
13960001 4.96607
13970001 4.92118
13980001 4.90781
13990001 4.91564
14000001 4.96902
14010001 4.91559
14020001 4.91142
14030001 4.91772
14040001 4.92375
14050001 4.89653
14060001 4.9533
14070001 4.95394
14080001 4.94039
14090001 4.89776
14100001 4.99308
14110001 4.92149
14120001 4.97314
14130001 4.92214
14140001 5.03038
14150001 4.91468
14160001 5.00935
14170001 4.97703
14180001 4.96447
14190001 4.94543
14200001 4.93918
14210001 4.94239
14220001 4.9388
14230001 4.92159
14240001 4.95372
14250001 4.91312
14260001 4.98922
14270001 4.94525
14280001 4.93427
14290001 4.926
14300001 4.92518
14310001 4.9205
14320001 4.91724
14330001 4.92992
14340001 4.92365
14350001 4.94959
14360001 4.93325
14370001 4.97491
14380001 4.97354
14390001 4.99934
14400001 4.96634
14410001 4.97587
14420001 4.95708
14430001 4.95186
14440001 4.98763
14450001 4.96349
14460001 4.97413
14470001 4.98884
14480001 4.95691
14490001 4.97635
14500001 5.00055
14510001 4.99231
14520001 4.98676
14530001 5.04965
14540001 4.95673
14550001 5.02605
14560001 4.94723
14570001 5.04285
14580001 4.96936
14590001 5.0705
14600001 4.99813
14610001 5.01394
14620001 5.01987
14630001 4.99442
14640001 5.00857
14650001 4.98308
14660001 4.9845
14670001 4.98094
14680001 4.96215
14690001 4.99811
14700001 4.99778
14710001 5.02287
14720001 4.98766
14730001 4.97209
14740001 4.96689
14750001 4.9672
14760001 4.96438
14770001 4.97369
14780001 4.99631
14790001 4.9817
14800001 4.99221
14810001 4.97582
14820001 5.03216
14830001 4.98118
14840001 5.05076
14850001 5.00908
14860001 5.0072
14870001 5.01226
14880001 5.05364
14890001 5.00759
14900001 4.99918
14910001 4.99718
14920001 5.01118
14930001 4.99187
14940001 5.0161
14950001 5.04629
14960001 5.02797
14970001 5.0287
14980001 5.06309
14990001 4.99659
15000001 5.06072
15010001 4.99042
15020001 5.10271
15030001 4.99836
15040001 5.10418
15050001 5.04743
15060001 5.04397
15070001 5.04909
15080001 5.03423
15090001 5.04168
15100001 5.02725
15110001 5.01274
15120001 5.04422
15130001 5.00385
15140001 5.07636
15150001 5.03246
15160001 5.0447
15170001 5.02979
15180001 5.01439
15190001 5.00815
15200001 5.00486
15210001 5.00782
15220001 5.01187
15230001 5.03978
15240001 5.02917
15250001 5.06176
15260001 5.0507
15270001 5.07267
15280001 5.05608
15290001 5.09483
15300001 5.05241
15310001 5.03921
15320001 5.04659
15330001 5.06199
15340001 5.06294
15350001 5.08222
15360001 5.04271
15370001 5.05499
15380001 5.06558
15390001 5.07872
15400001 5.08395
15410001 5.10012
15420001 5.02908
15430001 5.12238
15440001 5.05157
15450001 5.12767
15460001 5.058
15470001 5.15612
15480001 5.0679
15490001 5.13678
15500001 5.10629
15510001 5.09732
15520001 5.0738
15530001 5.07002
15540001 5.07158
15550001 5.06911
15560001 5.04951
15570001 5.08556
15580001 5.08208
15590001 5.12675
15600001 5.07559
15610001 5.06184
15620001 5.05349
15630001 5.05549
15640001 5.05145
15650001 5.04703
15660001 5.05114
15670001 5.06458
15680001 5.07833
15690001 5.06314
15700001 5.12628
15710001 5.09122
15720001 5.12544
15730001 5.09611
15740001 5.10503
15750001 5.07968
15760001 5.08189
15770001 5.11527
15780001 5.08664
15790001 5.12472
15800001 5.09857
15810001 5.08656
15820001 5.10574
15830001 5.13015
15840001 5.0954
15850001 5.13112
15860001 5.15055
15870001 5.08395
15880001 5.15326
15890001 5.08218
15900001 5.17055
15910001 5.09653
15920001 5.19981
15930001 5.12664
15940001 5.14057
15950001 5.14739
15960001 5.1231
15970001 5.13021
15980001 5.11085
15990001 5.10983
16000001 5.10951
16010001 5.09169
16020001 5.12533
16030001 5.1469
16040001 5.15024
16050001 5.1162
16060001 5.10059
16070001 5.09524
16080001 5.09567
16090001 5.09438
16100001 5.10285
16110001 5.1248
16120001 5.11213
16130001 5.15327
16140001 5.10411
16150001 5.157
16160001 5.14409
16170001 5.17948
16180001 5.13713
16190001 5.13083
16200001 5.1322
16210001 5.17642
16220001 5.13471
16230001 5.12762
16240001 5.15873
16250001 5.13952
16260001 5.11956
16270001 5.14415
16280001 5.17241
16290001 5.15567
16300001 5.15552
16310001 5.19295
16320001 5.14792
16330001 5.18749
16340001 5.13594
16350001 5.23234
16360001 5.12332
16370001 5.23098
16380001 5.17366
16390001 5.16271
16400001 5.14541
16410001 5.15651
16420001 5.16886
16430001 5.15387
16440001 5.14073
16450001 5.17029
16460001 5.13137
16470001 5.20294
16480001 5.1601
16490001 5.17067
16500001 5.14241
16510001 5.14157
16520001 5.13616
16530001 5.13298
16540001 5.14537
16550001 5.13907
16560001 5.167
16570001 5.14206
16580001 5.18845
16590001 5.18797
16600001 5.21164
16610001 5.17601
16620001 5.21121
16630001 5.17123
16640001 5.16587
16650001 5.17264
16660001 5.17835
16670001 5.18907
16680001 5.20183
16690001 5.17074
16700001 5.18947
16710001 5.21306
16720001 5.2067
16730001 5.19986
16740001 5.25144
16750001 5.17133
16760001 5.24041
16770001 5.17852
16780001 5.26083
16790001 5.19026
16800001 5.28007
16810001 5.19419
16820001 5.26082
16830001 5.23129
16840001 5.21152
16850001 5.19952
16860001 5.20958
16870001 5.19721
16880001 5.19495
16890001 5.17549
16900001 5.21127
16910001 5.20782
16920001 5.2508
16930001 5.20361
16940001 5.18785
16950001 5.18006
16960001 5.18092
16970001 5.17773
16980001 5.17348
16990001 5.17759
17000001 5.18461
17010001 5.20421
17020001 5.18855
17030001 5.24245
17040001 5.19355
17050001 5.25035
17060001 5.22097
17070001 5.2301
17080001 5.226
17090001 5.20531
17100001 5.21406
17110001 5.21153
17120001 5.20943
17130001 5.22393
17140001 5.20413
17150001 5.22707
17160001 5.25622
17170001 5.21902
17180001 5.23943
17190001 5.27209
17200001 5.20817
17210001 5.2715
17220001 5.20778
17230001 5.29028
17240001 5.20861
17250001 5.31427
17260001 5.25545
17270001 5.25493
17280001 5.2686
17290001 5.24424
17300001 5.2513
17310001 5.23529
17320001 5.22355
17330001 5.25506
17340001 5.21677
17350001 5.24908
17360001 5.24269
17370001 5.27409
17380001 5.24104
17390001 5.22525
17400001 5.21903
17410001 5.21579
17420001 5.2186
17430001 5.2272
17440001 5.24921
17450001 5.23669
17460001 5.27692
17470001 5.26115
17480001 5.28077
17490001 5.26605
17500001 5.30357
17510001 5.26124
17520001 5.2485
17530001 5.25603
17540001 5.3062
17550001 5.25595
17560001 5.25189
17570001 5.25687
17580001 5.26357
17590001 5.238
17600001 5.29143
17610001 5.29168
17620001 5.27915
17630001 5.23903
17640001 5.32829
17650001 5.26146
17660001 5.30938
17670001 5.26167
17680001 5.36324
17690001 5.25432
17700001 5.34339
17710001 5.31349
17720001 5.30119
17730001 5.28335
17740001 5.27748
17750001 5.28049
17760001 5.27712
17770001 5.26096
17780001 5.29104
17790001 5.25304
17800001 5.32426
17810001 5.2833
17820001 5.27272
17830001 5.26509
17840001 5.26417
17850001 5.25985
17860001 5.25672
17870001 5.26868
17880001 5.26262
17890001 5.2869
17900001 5.27163
17910001 5.31062
17920001 5.30955
17930001 5.33375
17940001 5.30257
17950001 5.31137
17960001 5.29384
17970001 5.28876
17980001 5.32264
17990001 5.29963
18000001 5.30993
18010001 5.32384
18020001 5.29359
18030001 5.31182
18040001 5.33442
18050001 5.32698
18060001 5.32111
18070001 5.38081
18080001 5.29314
18090001 5.35812
18100001 5.28431
18110001 5.37394
18120001 5.30496
18130001 5.39995
18140001 5.33208
18150001 5.34675
18160001 5.35264
18170001 5.32832
18180001 5.34159
18190001 5.31764
18200001 5.31894
18210001 5.3156
18220001 5.29796
18230001 5.33125
18240001 5.33154
18250001 5.35508
18260001 5.32201
18270001 5.30711
18280001 5.30232
18290001 5.3025
18300001 5.29992
18310001 5.30847
18320001 5.32971
18330001 5.31611
18340001 5.32584
18350001 5.31045
18360001 5.36348
18370001 5.31551
18380001 5.38095
18390001 5.3416
18400001 5.33969
18410001 5.33688
18420001 5.38546
18430001 5.34015
18440001 5.33211
18450001 5.33035
18460001 5.34352
18470001 5.32532
18480001 5.34808
18490001 5.37632
18500001 5.35927
18510001 5.35934
18520001 5.3921
18530001 5.32949
18540001 5.38964
18550001 5.32375
18560001 5.4292
18570001 5.33116
18580001 5.43052
18590001 5.37731
18600001 5.37387
18610001 5.3789
18620001 5.36463
18630001 5.37161
18640001 5.35803
18650001 5.34439
18660001 5.37369
18670001 5.336
18680001 5.40419
18690001 5.36304
18700001 5.37433
18710001 5.36044
18720001 5.34577
18730001 5.33996
18740001 5.3368
18750001 5.3396
18760001 5.34329
18770001 5.36945
18780001 5.3596
18790001 5.3901
18800001 5.3799
18810001 5.40049
18820001 5.38477
18830001 5.42139
18840001 5.38125
18850001 5.3685
18860001 5.37574
18870001 5.38999
18880001 5.3911
18890001 5.40956
18900001 5.37202
18910001 5.38359
18920001 5.3933
18930001 5.40605
18940001 5.41064
18950001 5.42578
18960001 5.35902
18970001 5.44674
18980001 5.38034
18990001 5.45176
19000001 5.38601
19010001 5.47847
19020001 5.39541
19030001 5.46012
19040001 5.43174
19050001 5.43028
19060001 5.40074
19070001 5.39689
19080001 5.39863
19090001 5.39629
19100001 5.37652
19110001 5.41171
19120001 5.40861
19130001 5.45057
19140001 5.40247
19150001 5.38929
19160001 5.3815
19170001 5.38327
19180001 5.37954
19190001 5.37527
19200001 5.37922
19210001 5.39178
19220001 5.40462
19230001 5.39037
19240001 5.44464
19250001 5.41686
19260001 5.44911
19270001 5.4213
19280001 5.42958
19290001 5.40569
19300001 5.4077
19310001 5.4394
19320001 5.41218
19330001 5.44825
19340001 5.42351
19350001 5.41214
19360001 5.43022
19370001 5.45307
19380001 5.42048
19390001 5.454
19400001 5.4723
19410001 5.40944
19420001 5.47464
19430001 5.40782
19440001 5.491
19450001 5.42121
19460001 5.51856
19470001 5.44967
19480001 5.46239
19490001 5.46934
19500001 5.44608
19510001 5.45274
19520001 5.43449
19530001 5.42368
19540001 5.4332
19550001 5.41642
19560001 5.44804
19570001 5.46865
19580001 5.47163
19590001 5.43957
19600001 5.42464
19610001 5.41966
19620001 5.41996
19630001 5.4188
19640001 5.42664
19650001 5.44728
19660001 5.43545
19670001 5.47408
19680001 5.4278
19690001 5.47771
19700001 5.46542
19710001 5.499
19720001 5.4588
19730001 5.45275
19740001 5.45411
19750001 5.496
19760001 5.45645
19770001 5.44972
19780001 5.47918
19790001 5.46096
19800001 5.44207
19810001 5.46478
19820001 5.49172
19830001 5.47615
19840001 5.44793
19850001 5.51117
19860001 5.46875
19870001 5.50576
19880001 5.45722
19890001 5.54819
19900001 5.44531
19910001 5.54682
19920001 5.49283
19930001 5.48238
19940001 5.46611
19950001 5.47642
19960001 5.48808
19970001 5.4739
19980001 5.4615
19990001 5.48904
20000001 5.45267
20010001 5.52016
20020001 5.47985
20030001 5.4898
20040001 5.46302
20050001 5.46211
20060001 5.45706
20070001 5.454
20080001 5.46572
20090001 5.45966
20100001 5.48591
20110001 5.47563
20120001 5.50614
20130001 5.50583
20140001 5.52817
20150001 5.49437
20160001 5.52756
20170001 5.48981
20180001 5.48462
20190001 5.49111
20200001 5.49635
20210001 5.5067
20220001 5.51883
20230001 5.48923
20240001 5.50691
20250001 5.52903
20260001 5.52331
20270001 5.51651
20280001 5.56556
20290001 5.48953
20300001 5.5547
20310001 5.49655
20320001 5.57411
20330001 5.50731
20340001 5.59216
20350001 5.51107
20360001 5.57387
20370001 5.54625
20380001 5.5272
20390001 5.51588
20400001 5.52537
20410001 5.51366
20420001 5.51151
20430001 5.49311
20440001 5.52685
20450001 5.52373
20460001 5.56425
20470001 5.51974
20480001 5.50433
20490001 5.49735
20500001 5.49808
20510001 5.4951
20520001 5.49104
20530001 5.49492
20540001 5.50154
20550001 5.51991
20560001 5.50516
20570001 5.55612
20580001 5.50985
20590001 5.56359
20600001 5.53566
20610001 5.54419
20620001 5.54039
20630001 5.5207
20640001 5.53024
20650001 5.52656
20660001 5.52462
20670001 5.53834
20680001 5.51958
20690001 5.54126
20700001 5.56867
20710001 5.53363
20720001 5.55272
20730001 5.58368
20740001 5.52317
20750001 5.5812
20760001 5.52283
20770001 5.60072
20780001 5.52352
20790001 5.62336
20800001 5.56785
20810001 5.56719
20820001 5.58033
20830001 5.557
20840001 5.56367
20850001 5.54849
20860001 5.53739
20870001 5.56714
20880001 5.53096
20890001 5.56144
20900001 5.55554
20910001 5.5852
20920001 5.55393
20930001 5.53882
20940001 5.53298
20950001 5.52987
20960001 5.53249
20970001 5.54053
20980001 5.5612
20990001 5.54952
21000001 5.58746
21010001 5.57168
21020001 5.59121
21030001 5.57718
21040001 5.61273
21050001 5.57255
21060001 5.56038
21070001 5.56759
21080001 5.61517
21090001 5.56752
21100001 5.56354
21110001 5.56832
21120001 5.57464
21130001 5.55039
21140001 5.60108
21150001 5.60104
21160001 5.58934
21170001 5.55126
21180001 5.63564
21190001 5.57259
21200001 5.61757
21210001 5.57249
21220001 5.66869
21230001 5.5671
21240001 5.64977
21250001 5.6217
21260001 5.60972
21270001 5.59284
21280001 5.58728
21290001 5.59008
21300001 5.58689
21310001 5.57153
21320001 5.6
21330001 5.56408
21340001 5.63145
21350001 5.59278
21360001 5.58257
21370001 5.57542
21380001 5.57441
21390001 5.57036
21400001 5.56737
21410001 5.57872
21420001 5.57287
21430001 5.59579
21440001 5.58138
21450001 5.61819
21460001 5.61731
21470001 5.64023
21480001 5.61053
21490001 5.61878
21500001 5.60223
21510001 5.59728
21520001 5.62956
21530001 5.60754
21540001 5.61748
21550001 5.63074
21560001 5.60187
21570001 5.61905
21580001 5.64038
21590001 5.6336
21600001 5.62772
21610001 5.68451
21620001 5.5988
21630001 5.66268
21640001 5.59289
21650001 5.67771
21660001 5.61233
21670001 5.70217
21680001 5.63806
21690001 5.65184
21700001 5.65761
21710001 5.63428
21720001 5.64664
21730001 5.62411
21740001 5.62533
21750001 5.62207
21760001 5.60545
21770001 5.63692
21780001 5.63729
21790001 5.65959
21800001 5.62824
21810001 5.61396
21820001 5.60947
21830001 5.60954
21840001 5.60787
21850001 5.61512
21860001 5.63519
21870001 5.6224
21880001 5.63147
21890001 5.61695
21900001 5.66723
21910001 5.6217
21920001 5.6838
21930001 5.64616
21940001 5.64442
21950001 5.64168
21960001 5.68789
21970001 5.64486
21980001 5.63717
21990001 5.66646
22000001 5.64805
22010001 5.63072
22020001 5.65232
22030001 5.67893
22040001 5.66281
22050001 5.66278
22060001 5.69391
22070001 5.63936
22080001 5.69139
22090001 5.62906
22100001 5.72895
22110001 5.63602
22120001 5.73012
22130001 5.67976
22140001 5.67636
22150001 5.66012
22160001 5.66734
22170001 5.67412
22180001 5.66122
22190001 5.64827
22200001 5.67603
22210001 5.63899
22220001 5.70494
22230001 5.6661
22240001 5.67668
22250001 5.66346
22260001 5.64941
22270001 5.64393
22280001 5.64089
22290001 5.64354
22300001 5.64696
22310001 5.67169
22320001 5.65949
22330001 5.69125
22340001 5.68169
22350001 5.70118
22360001 5.68617
22370001 5.72101
22380001 5.68185
22390001 5.67056
22400001 5.6775
22410001 5.69084
22420001 5.69211
22430001 5.70978
22440001 5.67388
22450001 5.68487
22460001 5.6939
22470001 5.70626
22480001 5.71033
22490001 5.7247
22500001 5.66138
22510001 5.74456
22520001 5.68172
22530001 5.74935
22540001 5.6868
22550001 5.77461
22560001 5.69577
22570001 5.7571
22580001 5.73026
22590001 5.72864
22600001 5.70063
22610001 5.69651
22620001 5.69859
22630001 5.69635
22640001 5.6784
22650001 5.71093
22660001 5.70807
22670001 5.74783
22680001 5.70224
22690001 5.68956
22700001 5.6822
22710001 5.68381
22720001 5.68029
22730001 5.67611
22740001 5.67994
22750001 5.6864
22760001 5.7039
22770001 5.69042
22780001 5.74197
22790001 5.69473
22800001 5.7462
22810001 5.71936
22820001 5.72744
22830001 5.70478
22840001 5.70659
22850001 5.73685
22860001 5.71082
22870001 5.74518
22880001 5.72163
22890001 5.71078
22900001 5.72794
22910001 5.7495
22920001 5.71869
22930001 5.75039
22940001 5.7684
22950001 5.708
22960001 5.76986
22970001 5.70648
22980001 5.78543
22990001 5.71907
23000001 5.81159
23010001 5.74617
23020001 5.75815
23030001 5.76491
23040001 5.74256
23050001 5.74882
23060001 5.73149
23070001 5.72122
23080001 5.73022
23090001 5.7143
23100001 5.74427
23110001 5.76401
23120001 5.76677
23130001 5.73629
23140001 5.72197
23150001 5.71725
23160001 5.71747
23170001 5.71638
23180001 5.72371
23190001 5.74328
23200001 5.73212
23210001 5.76871
23220001 5.72478
23230001 5.77225
23240001 5.76046
23250001 5.79247
23260001 5.75411
23270001 5.74827
23280001 5.74961
23290001 5.78957
23300001 5.75178
23310001 5.74531
23320001 5.77344
23330001 5.75605
23340001 5.73804
23350001 5.75963
23360001 5.78508
23370001 5.77043
23380001 5.7435
23390001 5.80361
23400001 5.76332
23410001 5.79828
23420001 5.75372
23430001 5.85731
23440001 5.74089
23450001 5.83727
23460001 5.78602
23470001 5.77599
23480001 5.76055
23490001 5.76922
23500001 5.78117
23510001 5.76779
23520001 5.75592
23530001 5.78213
23540001 5.74757
23550001 5.81171
23560001 5.77342
23570001 5.78288
23580001 5.75733
23590001 5.75639
23600001 5.75154
23610001 5.74866
23620001 5.75982
23630001 5.75396
23640001 5.77885
23650001 5.76914
23660001 5.79806
23670001 5.79785
23680001 5.81912
23690001 5.78684
23700001 5.81836
23710001 5.78238
23720001 5.7774
23730001 5.78363
23740001 5.78851
23750001 5.79849
23760001 5.81012
23770001 5.78176
23780001 5.79857
23790001 5.81947
23800001 5.81426
23810001 5.8075
23820001 5.85446
23830001 5.78182
23840001 5.84341
23850001 5.78866
23860001 5.86232
23870001 5.79865
23880001 5.87942
23890001 5.80222
23900001 5.84783
23910001 5.83577
23920001 5.81739
23930001 5.80653
23940001 5.81562
23950001 5.80447
23960001 5.80182
23970001 5.78491
23980001 5.81691
23990001 5.81405
24000001 5.85254
24010001 5.81022
24020001 5.79544
24030001 5.78882
24040001 5.78876
24050001 5.78662
24060001 5.78272
24070001 5.7864
24080001 5.79269
24090001 5.81004
24100001 5.79605
24110001 5.84459
24120001 5.80044
24130001 5.85169
24140001 5.82495
24150001 5.833
24160001 5.82943
24170001 5.8106
24180001 5.81968
24190001 5.81614
24200001 5.81432
24210001 5.82739
24220001 5.80946
24230001 5.83012
24240001 5.85606
24250001 5.82283
24260001 5.84083
24270001 5.87039
24280001 5.81269
24290001 5.86787
24300001 5.81238
24310001 5.8865
24320001 5.81298
24330001 5.90799
24340001 5.85503
24350001 5.85365
24360001 5.86709
24370001 5.84465
24380001 5.85098
24390001 5.83651
24400001 5.82594
24410001 5.85421
24420001 5.81978
24430001 5.84875
24440001 5.84304
24450001 5.87144
24460001 5.84164
24470001 5.82713
24480001 5.82158
24490001 5.81857
24500001 5.82106
24510001 5.82863
24520001 5.84826
24530001 5.83721
24540001 5.87324
24550001 5.85831
24560001 5.87688
24570001 5.86334
24580001 5.89738
24590001 5.8589
24600001 5.84726
24610001 5.85419
24620001 5.89961
24630001 5.85407
24640001 5.8502
24650001 5.8548
24660001 5.86089
24670001 5.83767
24680001 5.88608
24690001 5.88578
24700001 5.87478
24710001 5.83839
24720001 5.91874
24730001 5.85879
24740001 5.90139
24750001 5.85845
24760001 5.95019
24770001 5.85334
24780001 5.93205
24790001 5.90543
24800001 5.89375
24810001 5.87768
24820001 5.87238
24830001 5.87501
24840001 5.87193
24850001 5.85731
24860001 5.88439
24870001 5.8502
24880001 5.91436
24890001 5.87757
24900001 5.86771
24910001 5.86093
24920001 5.85989
24930001 5.85603
24940001 5.85315
24950001 5.86397
24960001 5.85832
24970001 5.88011
24980001 5.86639
24990001 5.90115
25000001 5.90065
25010001 5.92251
25020001 5.89406
25030001 5.90188
25040001 5.8861
25050001 5.8813
25060001 5.9122
25070001 5.89103
25080001 5.90064
25090001 5.91336
25100001 5.88563
25110001 5.90201
25120001 5.92222
25130001 5.89639
25140001 5.91009
25150001 5.96451
25160001 5.88251
25170001 5.94336
25180001 5.8769
25190001 5.95774
25200001 5.89534
25210001 5.98103
25220001 5.91982
25230001 5.93295
25240001 5.93857
25250001 5.91609
25260001 5.92786
25270001 5.90634
25280001 5.90443
25290001 5.90438
25300001 5.88853
25310001 5.91849
25320001 5.91888
25330001 5.94017
25340001 5.91024
25350001 5.89651
25360001 5.89224
25370001 5.89225
25380001 5.89067
25390001 5.89748
25400001 5.91646
25410001 5.90445
25420001 5.91301
25430001 5.89918
25440001 5.94718
25450001 5.90368
25460001 5.96298
25470001 5.92692
25480001 5.92519
25490001 5.92261
25500001 5.96682
25510001 5.9256
25520001 5.9182
25530001 5.94625
25540001 5.92863
25550001 5.91169
25560001 5.93264
25570001 5.95789
25580001 5.94264
25590001 5.94242
25600001 5.97223
25610001 5.92008
25620001 5.96967
25630001 5.91026
25640001 6.00554
25650001 5.91686
25660001 6.00658
25670001 5.95856
25680001 5.95523
25690001 5.93972
25700001 5.94654
25710001 5.953
25720001 5.94066
25730001 5.92829
25740001 5.95475
25750001 5.91942
25760001 5.98232
25770001 5.94531
25780001 5.95538
25790001 5.94273
25800001 5.92922
25810001 5.924
25820001 5.92106
25830001 5.92358
25840001 5.92677
25850001 5.95031
25860001 5.93871
25870001 5.96896
25880001 5.95992
25890001 5.97848
25900001 5.96407
25910001 5.99743
25920001 5.9599
25930001 5.94904
25940001 5.95569
25950001 5.96831
25960001 5.96969
25970001 5.98597
25980001 5.95154
25990001 5.96266
26000001 5.99189
26010001 5.98315
26020001 5.98678
26030001 6.00051
26040001 5.94006
26050001 6.01944
26060001 5.95957
26070001 6.02406
26080001 5.96419
26090001 6.04811
26100001 5.97277
26110001 6.03129
26120001 6.00578
26130001 6.00398
26140001 5.97725
26150001 5.97329
26160001 5.97516
26170001 5.97311
26180001 5.95597
26190001 5.98698
26200001 5.98429
26210001 6.02217
26220001 5.97871
26230001 5.9665
26240001 5.95947
26250001 5.96096
26260001 5.95759
26270001 5.95357
26280001 5.95721
26290001 5.96338
26300001 5.97999
26310001 5.96713
26320001 6.01643
26330001 5.97123
26340001 6.02045
26350001 5.99462
26360001 6.00234
26370001 5.98064
26380001 5.98235
26390001 6.01137
26400001 5.98635
26410001 6.01927
26420001 5.99671
26430001 5.98631
26440001 6.0027
26450001 6.02317
26460001 5.99382
26470001 6.02402
26480001 6.04128
26490001 5.98346
26500001 6.04253
26510001 5.98202
26520001 6.05737
26530001 5.9937
26540001 6.08241
26550001 6.01987
26560001 6.03126
26570001 6.03781
26580001 6.01612
26590001 6.0222
26600001 6.00548
26610001 5.99582
26620001 6.00439
26630001 5.98917
26640001 6.01776
26650001 6.03673
26660001 6.03931
26670001 6.01016
26680001 5.99637
26690001 5.99185
26700001 5.99201
26710001 5.99098
26720001 5.99792
26730001 6.01657
26740001 6.00597
26750001 6.04085
26760001 5.99889
26770001 6.04429
26780001 6.03293
26790001 6.06361
26800001 6.0268
26810001 6.02117
26820001 6.02231
26830001 6.06079
26840001 6.02447
26850001 6.01826
26860001 6.04521
26870001 6.02855
26880001 6.01128
26890001 6.03193
26900001 6.05612
26910001 6.04224
26920001 6.01639
26930001 6.0739
26940001 6.03537
26950001 6.06864
26960001 6.02602
26970001 6.1252
26980001 6.01379
26990001 6.10575
27000001 6.05689
27010001 6.04723
27020001 6.03246
27030001 6.03976
27040001 6.05209
27050001 6.03927
27060001 6.02791
27070001 6.05294
27080001 6.01985
27090001 6.08121
27100001 6.04464
27110001 6.05365
27120001 6.02915
27130001 6.0282
27140001 6.02356
27150001 6.02077
27160001 6.03145
27170001 6.02577
27180001 6.04953
27190001 6.04027
27200001 6.06787
27210001 6.06773
27220001 6.0881
27230001 6.0571
27240001 6.08719
27250001 6.05277
27260001 6.04794
27270001 6.05393
27280001 6.05853
27290001 6.06817
27300001 6.07936
27310001 6.05206
27320001 6.06814
27330001 6.08801
27340001 6.08321
27350001 6.07651
27360001 6.12169
27370001 6.05193
27380001 6.11085
27390001 6.05855
27400001 6.12658
27410001 6.06795
27420001 6.14528
27430001 6.07136
27440001 6.11493
27450001 6.10351
27460001 6.08572
27470001 6.07533
27480001 6.084
27490001 6.07332
27500001 6.07077
27510001 6.05459
27520001 6.08516
27530001 6.08245
27540001 6.11926
27550001 6.07878
27560001 6.06454
27570001 6.0582
27580001 6.0581
27590001 6.05606
27600001 6.0523
27610001 6.0558
27620001 6.06182
27630001 6.07832
27640001 6.06493
27650001 6.11145
27660001 6.06912
27670001 6.11824
27680001 6.09208
27690001 6.10018
27700001 6.09646
27710001 6.07865
27720001 6.08735
27730001 6.08394
27740001 6.08221
27750001 6.09473
27760001 6.07751
27770001 6.0973
27780001 6.122
27790001 6.09029
27800001 6.10737
27810001 6.13576
27820001 6.08044
27830001 6.13322
27840001 6.08014
27850001 6.15113
27860001 6.08067
27870001 6.17002
27880001 6.12091
27890001 6.1194
27900001 6.13247
27910001 6.11081
27920001 6.11685
27930001 6.10296
27940001 6.09284
27950001 6.11987
27960001 6.08689
27970001 6.11451
27980001 6.10921
27990001 6.13637
28000001 6.10782
28010001 6.09362
28020001 6.08851
28030001 6.0856
28040001 6.08797
28050001 6.09516
28060001 6.1139
28070001 6.10337
28080001 6.13782
28090001 6.12337
28100001 6.14133
28110001 6.12829
28120001 6.16098
28130001 6.12398
28140001 6.11276
28150001 6.11942
28160001 6.16279
28170001 6.11927
28180001 6.13603
28190001 6.11994
28200001 6.12578
28210001 6.10348
28220001 6.14996
28230001 6.14944
28240001 6.13902
28250001 6.10407
28260001 6.18102
28270001 6.12368
28280001 6.16429
28290001 6.12316
28300001 6.21112
28310001 6.11827
28320001 6.19364
28330001 6.16823
28340001 6.15684
28350001 6.14144
28360001 6.13758
28370001 6.13851
28380001 6.13587
28390001 6.12178
28400001 6.14777
28410001 6.11502
28420001 6.17641
28430001 6.14125
28440001 6.13169
28450001 6.12519
28460001 6.12418
28470001 6.12047
28480001 6.11768
28490001 6.12804
28500001 6.13122
28510001 6.14296
28520001 6.13028
28530001 6.16354
28540001 6.16311
28550001 6.1841
28560001 6.15669
28570001 6.16414
28580001 6.14903
28590001 6.14435
28600001 6.17388
28610001 6.15364
28620001 6.16292
28630001 6.17519
28640001 6.14844
28650001 6.16416
28660001 6.1834
28670001 6.15866
28680001 6.17168
28690001 6.22397
28700001 6.14529
28710001 6.20358
28720001 6.13992
28730001 6.21741
28740001 6.15751
28750001 6.2397
28760001 6.18099
28770001 6.19352
28780001 6.19899
28790001 6.17727
28800001 6.18852
28810001 6.16787
28820001 6.16594
28830001 6.16595
28840001 6.15076
28850001 6.17945
28860001 6.17984
28870001 6.20026
28880001 6.17154
28890001 6.1583
28900001 6.15417
28910001 6.15417
28920001 6.15252
28930001 6.15911
28940001 6.17727
28950001 6.1658
28960001 6.17393
28970001 6.16069
28980001 6.20675
28990001 6.16495
29000001 6.22189
29010001 6.18716
29020001 6.18547
29030001 6.18301
29040001 6.22453
29050001 6.18583
29060001 6.17869
29070001 6.20567
29080001 6.18872
29090001 6.17244
29100001 6.19457
29110001 6.21623
29120001 6.2021
29130001 6.20172
29140001 6.23041
29150001 6.18029
29160001 6.22783
29170001 6.17088
29180001 6.26224
29190001 6.17717
29200001 6.2632
29210001 6.21714
29220001 6.21388
29230001 6.19898
29240001 6.20546
29250001 6.21165
29260001 6.19976
29270001 6.18792
29280001 6.21327
29290001 6.17938
29300001 6.23969
29310001 6.20422
29320001 6.21385
29330001 6.20162
29340001 6.18865
29350001 6.18364
29360001 6.18079
29370001 6.1832
29380001 6.18621
29390001 6.20874
29400001 6.19766
29410001 6.22663
29420001 6.218
29430001 6.2358
29440001 6.22188
29450001 6.25397
29460001 6.21781
29470001 6.20735
29480001 6.21375
29490001 6.22577
29500001 6.2272
29510001 6.24293
29520001 6.20969
29530001 6.22034
29540001 6.24821
29550001 6.24007
29560001 6.24333
29570001 6.25655
29580001 6.19849
29590001 6.27465
29600001 6.21732
29610001 6.27914
29620001 6.22157
29630001 6.30218
29640001 6.2298
29650001 6.28595
29660001 6.26152
29670001 6.25961
29680001 6.23396
29690001 6.24202
29700001 6.23191
29710001 6.22993
29720001 6.21349
29730001 6.24322
29740001 6.24064
29750001 6.27699
29760001 6.23529
29770001 6.22348
29780001 6.21673
29790001 6.21808
29800001 6.21488
29810001 6.211
29820001 6.21448
29830001 6.22039
29840001 6.23625
29850001 6.22391
29860001 6.2713
29870001 6.22782
29880001 6.27515
29890001 6.2502
29900001 6.25759
29910001 6.25433
29920001 6.23834
29930001 6.26626
29940001 6.24212
29950001 6.27379
29960001 6.25212
29970001 6.23739
29980001 6.25782
29990001 6.27735
