1 2184.56
10001 254.349
20001 205.75
30001 132.182
40001 100.78
50001 74.5494
60001 60.1778
70001 48.9227
80001 43.4352
90001 37.1657
100001 37.832
110001 33.2034
120001 32.9433
130001 29.8676
140001 29.8019
150001 27.1315
160001 27.5764
170001 26.2744
180001 26.743
190001 26.4163
200001 27.3507
210001 27.8956
220001 28.4535
230001 28.6298
240001 27.5646
250001 27.9394
260001 26.6449
270001 26.6714
280001 28.5771
290001 27.2148
300001 25.5907
310001 27.3576
320001 26.2922
330001 26.3185
340001 27.5857
350001 26.7894
360001 26.3814
370001 31.5026
380001 25.8458
390001 30.0381
400001 25.2508
410001 31.7062
420001 26.693
430001 32.9169
440001 27.9279
450001 30.1231
460001 28.4428
470001 29.0654
480001 26.5314
490001 28.0184
500001 26.0634
510001 26.3821
520001 25.0388
530001 26.9413
540001 26.5253
550001 29.1109
560001 25.8501
570001 25.9825
580001 24.2947
590001 24.6797
600001 22.9572
610001 24.5324
620001 24.6701
630001 24.712
640001 23.6085
650001 23.8835
660001 26.7208
670001 24.2971
680001 27.7808
690001 25.868
700001 25.9397
710001 24.9869
720001 28.7783
730001 26.4198
740001 25.0325
750001 25.2669
760001 24.8521
770001 24.1928
780001 24.9823
790001 26.7959
800001 26.8513
810001 25.3682
820001 28.2089
830001 24.2731
840001 28.5519
850001 24.8373
860001 31.3812
870001 25.1573
880001 31.8756
890001 27.4957
900001 28.2782
910001 27.6192
920001 27.7358
930001 26.7413
940001 27.1076
950001 26.4635
960001 26.8562
970001 24.6951
980001 28.7765
990001 26.1771
1000001 26.5566
1010001 25.0742
1020001 25.1208
1030001 23.4916
1040001 23.5786
1050001 22.3352
1060001 23.5913
1070001 24.1181
1080001 25.34
1090001 25.7677
1100001 25.6799
1110001 25.7115
1120001 26.0644
1130001 27.7026
1140001 25.3694
1150001 25.5738
1160001 25.1199
1170001 27.6052
1180001 24.9572
1190001 26.6301
1200001 25.0338
1210001 24.6147
1220001 26.2954
1230001 26.35
1240001 25.7815
1250001 28.9874
1260001 24.2561
1270001 29.7493
1280001 25.5786
1290001 29.9175
1300001 26.0756
1310001 32.6205
1320001 27.1233
1330001 31.1104
1340001 28.2141
1350001 29.3378
1360001 26.0501
1370001 27.1028
1380001 25.6614
1390001 26.2729
1400001 24.7512
1410001 26.5375
1420001 26.1633
1430001 28.7306
1440001 25.7674
1450001 25.6658
1460001 23.9696
1470001 24.648
1480001 22.7767
1490001 23.2111
1500001 22.0776
1510001 24.1259
1520001 23.6657
1530001 23.667
1540001 27.2823
1550001 25.5596
1560001 26.5317
1570001 25.8223
1580001 26.3804
1590001 24.0932
1600001 25.1893
1610001 27.306
1620001 25.8261
1630001 25.7711
1640001 24.9743
1650001 24.6902
1660001 25.3437
1670001 26.4551
1680001 25.7406
1690001 25.3293
1700001 29.4229
1710001 24.775
1720001 29.1218
1730001 24.7275
1740001 30.6278
1750001 25.6974
1760001 32.4431
1770001 27.0998
1780001 28.9348
1790001 27.434
1800001 28.069
1810001 27.1953
1820001 27.0067
1830001 26.0347
1840001 25.5426
1850001 24.6546
1860001 26.2738
1870001 27.7192
1880001 27.5307
1890001 25.547
1900001 24.9625
1910001 23.5652
1920001 24.1118
1930001 22.3533
1940001 24.1087
1950001 24.012
1960001 25.0524
1970001 23.1966
1980001 23.1138
1990001 25.8157
2000001 25.0665
2010001 28.0125
2020001 25.4195
2030001 25.3548
2040001 24.187
2050001 28.5358
2060001 25.4738
2070001 25.0614
2080001 26.6932
2090001 24.5557
2100001 23.377
2110001 25.1251
2120001 26.1302
2130001 26.5888
2140001 24.7242
2150001 28.4806
2160001 25.6722
2170001 28.4979
2180001 25.761
2190001 31.0858
2200001 25.1455
2210001 31.8249
2220001 27.2593
2230001 27.8418
2240001 25.9825
2250001 26.9054
2260001 26.4998
2270001 26.3071
2280001 25.9229
2290001 26.5461
2300001 24.6784
2310001 28.5086
2320001 25.8591
2330001 26.4484
2340001 24.8534
2350001 24.8947
2360001 23.2606
2370001 23.2294
2380001 22.2166
2390001 23.2178
2400001 24.03
2410001 23.7446
2420001 25.5367
2430001 26.3625
2440001 26.3677
2450001 25.1907
2460001 26.5811
2470001 25.1712
2480001 25.2375
2490001 24.833
2500001 26.4379
2510001 24.6402
2520001 26.7563
2530001 24.9839
2540001 25.2988
2550001 25.6333
2560001 26.1818
2570001 25.6709
2580001 28.0107
2590001 25.3525
2600001 29.6541
2610001 25.3905
2620001 30.3567
2630001 26.2906
2640001 32.1332
2650001 26.5579
2660001 30.8365
2670001 27.9239
2680001 28.9949
2690001 25.8133
2700001 28.0592
2710001 25.8535
2720001 25.8325
2730001 24.8247
2740001 26.4327
2750001 25.9738
2760001 28.5854
2770001 25.6594
2780001 25.7386
2790001 23.9977
2800001 24.3888
2810001 22.6339
2820001 23.0075
2830001 21.9909
2840001 24.4065
2850001 23.3576
2860001 23.3503
2870001 26.3554
2880001 24.08
2890001 26.5292
2900001 25.662
2910001 26.54
2920001 25.2429
2930001 24.6619
2940001 25.0541
2950001 25.6558
2960001 25.1426
2970001 24.7351
2980001 23.8413
2990001 25.1593
3000001 26.6312
3010001 25.1727
3020001 25.4167
3030001 28.4655
3040001 24.5308
3050001 28.9375
3060001 24.651
3070001 29.8332
3080001 24.9536
3090001 32.3428
3100001 27.3819
3110001 28.0557
3120001 27.2935
3130001 27.7659
3140001 27.0229
3150001 26.6465
3160001 26.3152
3170001 26.8384
3180001 24.4106
3190001 26.4271
3200001 26.3722
3210001 27.3535
3220001 25.4719
3230001 24.8799
3240001 23.1925
3250001 23.6166
3260001 22.3555
3270001 24.0526
3280001 23.9477
3290001 25.4114
3300001 25.4204
3310001 25.4928
3320001 25.6922
3330001 26.1265
3340001 27.9807
3350001 25.4493
3360001 25.5038
3370001 24.1178
3380001 28.9089
3390001 25.256
3400001 25.1082
3410001 25.5824
3420001 24.5445
3430001 23.2362
3440001 26.6927
3450001 25.6153
3460001 26.5468
3470001 23.9856
3480001 29.9623
3490001 25.7647
3500001 28.6357
3510001 25.6394
3520001 32.6343
3530001 25.5065
3540001 31.3091
3550001 28.5436
3560001 29.4102
3570001 26.8504
3580001 26.9155
3590001 26.1399
3600001 26.0057
3610001 25.9602
3620001 26.3838
3630001 24.3496
3640001 28.2693
3650001 25.7422
3660001 26.015
3670001 24.3546
3680001 24.5711
3690001 22.7914
3700001 23.275
3710001 22.7812
3720001 23.1176
3730001 23.6003
3740001 24.1203
3750001 25.5602
3760001 26.191
3770001 26.6303
3780001 25.8639
3790001 26.4608
3800001 25.0249
3810001 25.2724
3820001 27.1409
3830001 25.9573
3840001 24.3551
3850001 26.1899
3860001 25.0693
3870001 25.2295
3880001 26.6103
3890001 25.9621
3900001 25.6097
3910001 30.8049
3920001 24.9108
3930001 29.1752
3940001 24.4192
3950001 31.0942
3960001 26.0281
3970001 32.203
3980001 27.2334
3990001 28.9673
4000001 27.6669
4010001 28.2422
4020001 27.2438
4030001 27.1806
4040001 25.5274
4050001 25.6357
4060001 24.5919
4070001 26.2362
4080001 26.0716
4090001 28.5562
4100001 25.4423
4110001 25.4537
4120001 23.8559
4130001 24.1181
4140001 22.4814
4150001 24.0118
4160001 24.2778
4170001 24.2824
4180001 23.3132
4190001 23.4553
4200001 26.376
4210001 23.851
4220001 27.621
4230001 25.6435
4240001 25.7892
4250001 24.6882
4260001 28.5543
4270001 26.1823
4280001 24.7549
4290001 25.0134
4300001 24.5482
4310001 24.0088
4320001 24.8408
4330001 26.6164
4340001 26.6075
4350001 25.2075
4360001 28.064
4370001 24.062
4380001 28.4426
4390001 24.6986
4400001 31.1221
4410001 24.9829
4420001 31.6711
4430001 27.2989
4440001 28.0173
4450001 27.3739
4460001 27.5385
4470001 26.5324
4480001 26.8375
4490001 26.2852
4500001 26.5619
4510001 24.5579
4520001 28.445
4530001 25.9793
4540001 26.2847
4550001 24.9325
4560001 24.8491
4570001 23.35
4580001 23.3448
4590001 22.1736
4600001 23.3951
4610001 23.9814
4620001 25.2278
4630001 25.6676
4640001 25.5001
4650001 25.6363
4660001 25.9592
4670001 27.6743
4680001 25.394
4690001 25.5096
4700001 25.04
4710001 27.5587
4720001 24.8624
4730001 26.5849
4740001 24.9002
4750001 24.4977
4760001 26.1837
4770001 26.3338
4780001 25.7287
4790001 28.9636
4800001 24.1716
4810001 29.6319
4820001 25.4884
4830001 29.8717
4840001 25.768
4850001 32.5047
4860001 27.0119
4870001 30.9783
4880001 28.134
4890001 29.1855
4900001 25.9169
4910001 26.967
4920001 25.5458
4930001 26.1348
4940001 24.6708
4950001 26.3547
4960001 25.9874
4970001 28.5429
4980001 25.7224
4990001 25.4974
5000001 23.8952
5010001 24.4405
5020001 22.38
5030001 23.0832
5040001 22.1485
5050001 23.9823
5060001 23.62
5070001 23.5149
5080001 27.2659
5090001 25.4701
5100001 26.5292
5110001 25.8338
5120001 26.4171
5130001 23.9941
5140001 25.1943
5150001 27.2831
5160001 25.6563
5170001 25.7956
5180001 24.9362
5190001 24.6054
5200001 25.2852
5210001 26.3919
5220001 25.6849
5230001 25.3968
5240001 29.4123
5250001 24.7082
5260001 29.0341
5270001 24.6847
5280001 30.5718
5290001 25.6352
5300001 32.3199
5310001 27.0348
5320001 28.8957
5330001 27.4069
5340001 28.0191
5350001 27.0652
5360001 26.9104
5370001 26.0123
5380001 25.499
5390001 24.6331
5400001 26.1161
5410001 27.6406
5420001 27.3973
5430001 25.5168
5440001 24.8839
5450001 23.5272
5460001 24.0364
5470001 22.3312
5480001 24.044
5490001 23.9898
5500001 25.0105
5510001 23.1604
5520001 23.0147
5530001 25.8022
5540001 25.0108
5550001 28.0803
5560001 25.4759
5570001 25.407
5580001 24.1653
5590001 28.5281
5600001 25.4106
5610001 25.0315
5620001 26.6941
5630001 24.4955
5640001 23.3605
5650001 25.1404
5660001 26.1158
5670001 26.5951
5680001 24.7766
5690001 28.4578
5700001 25.6923
5710001 28.4291
5720001 25.5791
5730001 31.0282
5740001 25.1159
5750001 31.7532
5760001 27.2584
5770001 27.8226
5780001 25.9641
5790001 26.8911
5800001 26.5033
5810001 26.1911
5820001 25.8569
5830001 26.4662
5840001 24.6582
5850001 28.3672
5860001 25.8616
5870001 26.4129
5880001 24.8017
5890001 24.8061
5900001 23.2698
5910001 23.199
5920001 22.3574
5930001 23.1877
5940001 24.0116
5950001 23.8178
5960001 25.5889
5970001 26.3412
5980001 26.4069
5990001 25.1829
6000001 28.2212
6010001 25.2196
6020001 25.2638
6030001 24.8246
6040001 26.4744
6050001 24.636
6060001 26.7316
6070001 24.9471
6080001 25.3095
6090001 25.6474
6100001 26.2498
6110001 24.9822
6120001 28.0608
6130001 25.3805
6140001 29.6094
6150001 25.3934
6160001 30.3496
6170001 26.2851
6180001 32.1021
6190001 26.556
6200001 30.7946
6210001 27.9354
6220001 28.9541
6230001 25.7972
6240001 28.0548
6250001 25.8717
6260001 25.7938
6270001 24.8478
6280001 26.3979
6290001 25.946
6300001 28.5396
6310001 25.6633
6320001 25.6596
6330001 23.9981
6340001 24.3331
6350001 22.724
6360001 22.9621
6370001 22.0224
6380001 24.4073
6390001 23.4107
6400001 23.343
6410001 26.3583
6420001 24.0683
6430001 26.6107
6440001 25.7179
6450001 26.6274
6460001 25.2497
6470001 24.6768
6480001 25.072
6490001 25.7431
6500001 25.1681
6510001 24.7148
6520001 23.9419
6530001 25.2498
6540001 26.6147
6550001 25.1392
6560001 25.4866
6570001 28.5086
6580001 24.582
6590001 28.8113
6600001 24.6633
6610001 29.8124
6620001 24.9751
6630001 32.2438
6640001 27.3786
6650001 28.0284
6660001 27.306
6670001 27.797
6680001 27.0449
6690001 26.6375
6700001 26.3731
6710001 26.7538
6720001 24.4167
6730001 26.3936
6740001 26.3749
6750001 27.3142
6760001 25.492
6770001 24.8192
6780001 23.234
6790001 23.6164
6800001 22.378
6810001 24.0554
6820001 23.939
6830001 25.4058
6840001 25.4594
6850001 25.5821
6860001 25.7314
6870001 26.1254
6880001 28.0454
6890001 25.4989
6900001 25.5685
6910001 24.106
6920001 28.9315
6930001 25.2478
6940001 25.1503
6950001 25.6468
6960001 24.5602
6970001 23.2615
6980001 26.7477
6990001 25.6903
7000001 26.6006
7010001 24.0542
7020001 29.9819
7030001 25.7948
7040001 28.6142
7050001 25.6465
7060001 32.5979
7070001 25.4896
7080001 31.2392
7090001 28.5752
7100001 29.3791
7110001 26.8432
7120001 26.9437
7130001 26.1481
7140001 26.022
7150001 25.9646
7160001 26.3651
7170001 24.3485
7180001 28.1108
7190001 25.7863
7200001 26.0071
7210001 24.2515
7220001 24.575
7230001 22.8057
7240001 23.2928
7250001 22.8029
7260001 23.1091
7270001 23.6277
7280001 24.1252
7290001 25.6145
7300001 26.1288
7310001 26.6736
7320001 25.7842
7330001 26.5374
7340001 25.0733
7350001 25.2442
7360001 27.1436
7370001 25.9967
7380001 24.3852
7390001 26.1991
7400001 25.0853
7410001 25.2612
7420001 26.6267
7430001 26.092
7440001 25.6583
7450001 30.8495
7460001 24.9473
7470001 29.1995
7480001 24.458
7490001 31.1005
7500001 26.0738
7510001 32.1804
7520001 27.2554
7530001 28.9917
7540001 27.6876
7550001 28.2232
7560001 27.2467
7570001 27.1949
7580001 25.579
7590001 25.6815
7600001 24.6005
7610001 26.2397
7620001 26.0382
7630001 28.5625
7640001 25.4839
7650001 25.4655
7660001 23.866
7670001 24.1204
7680001 22.516
7690001 24.0326
7700001 24.3105
7710001 24.3
7720001 23.3485
7730001 23.4795
7740001 26.3374
7750001 23.8607
7760001 27.6858
7770001 25.6696
7780001 25.8587
7790001 24.7238
7800001 28.5889
7810001 26.0428
7820001 24.7666
7830001 25.0647
7840001 24.5467
7850001 23.9506
7860001 24.8908
7870001 26.6523
7880001 26.6607
7890001 25.3198
7900001 28.1097
7910001 24.144
7920001 28.5322
7930001 24.7145
7940001 31.1352
7950001 25.0359
7960001 31.6567
7970001 27.496
7980001 28.0114
7990001 27.4079
8000001 27.5679
8010001 26.5431
8020001 26.8734
8030001 26.0004
8040001 26.5751
8050001 24.5985
8060001 28.4416
8070001 25.9852
8080001 26.276
8090001 24.9577
8100001 24.8692
8110001 23.4292
8120001 23.3477
8130001 22.2223
8140001 23.4235
8150001 23.9772
8160001 25.3631
8170001 25.7065
8180001 25.5221
8190001 25.6807
8200001 25.9454
8210001 27.7626
8220001 25.4395
8230001 25.5613
8240001 25.0556
8250001 27.599
8260001 24.8886
8270001 26.6081
8280001 24.9607
8290001 24.5522
8300001 24.1102
8310001 26.374
8320001 25.7819
8330001 28.9965
8340001 24.252
8350001 29.6586
8360001 25.5474
8370001 29.8643
8380001 25.7831
8390001 32.4916
8400001 27.0268
8410001 30.9692
8420001 28.181
8430001 29.1914
8440001 25.9329
8450001 26.983
8460001 25.6166
8470001 26.1628
8480001 24.6944
8490001 26.2527
8500001 25.9947
8510001 28.5404
8520001 25.7447
8530001 25.5334
8540001 23.9197
8550001 24.4564
8560001 22.4153
8570001 23.1328
8580001 22.2021
8590001 24.0468
8600001 23.6408
8610001 23.5234
8620001 27.3156
8630001 25.4639
8640001 26.5939
8650001 25.8801
8660001 26.5776
8670001 24.0394
8680001 25.2297
8690001 27.291
8700001 25.6654
8710001 25.8547
8720001 24.7958
8730001 24.6442
8740001 25.3219
8750001 26.4258
8760001 25.7548
8770001 26.7457
8780001 29.4657
8790001 24.7705
8800001 29.0594
8810001 24.7204
8820001 30.6017
8830001 25.6645
8840001 32.3688
8850001 27.0617
8860001 28.903
8870001 27.4532
8880001 28.0321
8890001 27.0885
8900001 26.9308
8910001 26.0538
8920001 25.489
8930001 24.6731
8940001 26.1072
8950001 27.6478
8960001 27.3999
8970001 25.5642
8980001 24.916
8990001 23.5988
9000001 24.0555
9010001 22.3777
9020001 24.085
9030001 24.0097
9040001 25.0407
9050001 23.2063
9060001 23.0481
9070001 25.8475
9080001 25.0316
9090001 28.1087
9100001 25.5175
9110001 25.4818
9120001 24.1932
9130001 28.574
9140001 25.4213
9150001 25.064
9160001 26.7442
9170001 24.5244
9180001 23.4109
9190001 25.062
9200001 26.1794
9210001 26.647
9220001 24.8008
9230001 28.5505
9240001 25.7769
9250001 28.4311
9260001 25.6252
9270001 31.0411
9280001 25.1477
9290001 31.7517
9300001 27.298
9310001 27.4773
9320001 26.0084
9330001 26.8577
9340001 26.5223
9350001 26.2174
9360001 25.8956
9370001 26.497
9380001 24.6727
9390001 28.3875
9400001 25.8928
9410001 26.4377
9420001 24.8051
9430001 24.8345
9440001 23.3195
9450001 23.2291
9460001 22.9506
9470001 23.2102
9480001 24.0305
9490001 23.8182
9500001 25.6439
9510001 26.3587
9520001 26.4833
9530001 25.2142
9540001 28.2629
9550001 25.2678
9560001 25.3252
9570001 24.8278
9580001 26.5053
9590001 24.6481
9600001 26.766
9610001 24.9685
9620001 25.3425
9630001 25.6747
9640001 26.3066
9650001 25.07
9660001 28.1486
9670001 25.4429
9680001 29.6077
9690001 25.4446
9700001 30.3839
9710001 26.3514
9720001 32.1009
9730001 26.5777
9740001 30.7837
9750001 27.9866
9760001 29.0529
9770001 25.8694
9780001 28.0507
9790001 25.9523
9800001 25.8326
9810001 24.878
9820001 26.398
9830001 25.9732
9840001 28.5487
9850001 25.712
9860001 25.6786
9870001 24.0311
9880001 24.3409
9890001 22.7712
9900001 22.9926
9910001 22.0705
9920001 24.4454
9930001 23.4619
9940001 23.3789
9950001 26.4194
9960001 24.0412
9970001 26.6774
9980001 25.7763
9990001 26.6947
10000001 25.2873
10010001 24.7064
10020001 25.0726
10030001 25.7788
10040001 25.218
10050001 24.7724
10060001 24.1978
10070001 25.2836
10080001 26.6443
10090001 25.1917
10100001 25.551
10110001 28.5625
10120001 24.6379
10130001 28.8137
10140001 24.7162
10150001 29.8229
10160001 24.9831
10170001 32.2833
10180001 27.4076
10190001 28.017
10200001 27.3595
10210001 27.793
10220001 26.7115
10230001 26.6694
10240001 26.4153
10250001 26.761
10260001 24.4474
10270001 26.4322
10280001 26.4157
10290001 27.3424
10300001 25.5521
10310001 24.846
10320001 23.2907
10330001 23.6522
10340001 22.3608
10350001 24.0968
10360001 23.972
10370001 25.4563
10380001 25.5139
10390001 25.6259
10400001 25.7791
10410001 26.166
10420001 28.1035
10430001 25.4933
10440001 25.6255
10450001 24.1339
10460001 28.9461
10470001 25.0964
10480001 25.2119
10490001 25.6935
10500001 24.5933
10510001 23.2862
10520001 26.9336
10530001 25.7437
10540001 26.6499
10550001 24.1248
10560001 29.8817
10570001 25.9096
10580001 28.6402
10590001 25.6755
10600001 32.6017
10610001 25.494
10620001 31.2297
10630001 28.616
10640001 29.3793
10650001 26.8815
10660001 26.9812
10670001 26.0413
10680001 26.074
10690001 25.0727
10700001 26.3513
10710001 24.3746
10720001 28.1318
10730001 25.8145
10740001 26.0364
10750001 24.2809
10760001 24.5398
10770001 22.8483
10780001 23.3361
10790001 22.6285
10800001 23.1186
10810001 23.6507
10820001 23.8896
10830001 25.6656
10840001 26.0965
10850001 26.7401
10860001 25.8199
10870001 26.5867
10880001 25.1027
10890001 25.2469
10900001 27.1593
10910001 26.0377
10920001 24.415
10930001 26.2224
10940001 25.1104
10950001 25.3039
10960001 25.9591
10970001 26.1571
10980001 25.7256
10990001 30.8906
11000001 24.9991
11010001 29.2311
11020001 24.5244
11030001 30.6899
11040001 26.1253
11050001 32.1905
11060001 27.2654
11070001 29.0221
11080001 27.7807
11090001 28.1465
11100001 27.2437
11110001 27.1698
11120001 25.6603
11130001 25.7147
11140001 24.5892
11150001 26.2592
11160001 26.0702
11170001 28.582
11180001 25.5293
11190001 25.52
11200001 23.9237
11210001 24.1446
11220001 22.4445
11230001 24.0904
11240001 24.3611
11250001 25.1825
11260001 23.4171
11270001 23.5384
11280001 26.3938
11290001 23.8987
11300001 27.7209
11310001 25.6934
11320001 25.9343
11330001 24.7681
11340001 28.5077
11350001 26.0712
11360001 24.7939
11370001 25.0755
11380001 24.5833
11390001 24.003
11400001 24.9249
11410001 26.6604
11420001 26.6988
11430001 25.3883
11440001 28.1507
11450001 24.2036
11460001 28.5361
11470001 24.7524
11480001 31.151
11490001 25.0823
11500001 31.6574
11510001 27.5279
11520001 28.0184
11530001 27.4281
11540001 27.5674
11550001 26.5675
11560001 26.9031
11570001 26.0392
11580001 26.606
11590001 24.6277
11600001 28.5741
11610001 26.0115
11620001 26.302
11630001 25.2183
11640001 25.0294
11650001 23.473
11660001 23.3841
11670001 22.2791
11680001 23.4677
11690001 23.9904
11700001 25.3875
11710001 25.6966
11720001 25.5457
11730001 25.7288
11740001 25.97
11750001 27.8039
11760001 25.472
11770001 25.5935
11780001 25.0659
11790001 27.6388
11800001 24.8851
11810001 26.6209
11820001 25.0434
11830001 24.6011
11840001 24.1287
11850001 26.4143
11860001 25.8183
11870001 29.0467
11880001 24.3097
11890001 29.6966
11900001 25.5901
11910001 29.9104
11920001 25.7927
11930001 32.4973
11940001 27.0531
11950001 30.9718
11960001 28.2293
11970001 29.176
11980001 25.9737
11990001 27.0137
12000001 25.7545
12010001 26.2032
12020001 24.7351
12030001 26.4634
12040001 26.0192
12050001 28.5561
12060001 25.777
12070001 25.74
12080001 23.9467
12090001 24.4896
12100001 22.4618
12110001 23.1884
12120001 22.2616
12130001 24.0693
12140001 23.7087
12150001 23.558
12160001 27.3561
12170001 25.495
12180001 26.6687
12190001 25.9156
12200001 26.631
12210001 24.0498
12220001 25.2663
12230001 26.9875
12240001 25.6831
12250001 25.8736
12260001 24.8291
12270001 24.6749
12280001 25.3799
12290001 26.4592
12300001 25.818
12310001 26.7994
12320001 29.5191
12330001 24.8212
12340001 29.0738
12350001 24.7539
12360001 30.6437
12370001 25.6918
12380001 32.3809
12390001 27.0858
12400001 28.5797
12410001 27.4836
12420001 28.055
12430001 27.1142
12440001 26.9613
12450001 26.0709
12460001 25.5194
12470001 24.6925
12480001 26.126
12490001 27.7077
12500001 27.434
12510001 25.6084
12520001 24.9218
12530001 23.6857
12540001 24.0779
12550001 22.4382
12560001 24.1519
12570001 24.044
12580001 25.0866
12590001 25.5528
12600001 23.0825
12610001 25.8915
12620001 26.3249
12630001 28.1456
12640001 25.5686
12650001 25.549
12660001 24.2296
12670001 28.6033
12680001 25.4476
12690001 25.0996
12700001 26.7248
12710001 24.5138
12720001 23.4474
12730001 25.0801
12740001 26.2139
12750001 26.6633
12760001 24.8856
12770001 28.5886
12780001 25.8761
12790001 28.4674
12800001 25.6694
12810001 31.0608
12820001 25.1554
12830001 31.7508
12840001 27.1875
12850001 27.4879
12860001 26.0534
12870001 26.8801
12880001 26.55
12890001 26.2412
12900001 25.9366
12910001 26.5044
12920001 24.6948
12930001 28.4333
12940001 25.9301
12950001 26.4499
12960001 24.9243
12970001 24.8536
12980001 23.3495
12990001 23.2715
13000001 22.9926
13010001 23.2398
13020001 24.0628
13030001 23.8335
13040001 25.6854
13050001 26.3608
13060001 26.5452
13070001 25.2464
13080001 28.3094
13090001 25.3044
13100001 25.3674
13110001 24.8412
13120001 26.5394
13130001 24.6727
13140001 26.8028
13150001 24.9852
13160001 25.4304
13170001 25.714
13180001 26.3375
13190001 25.0766
13200001 30.3921
13210001 25.4766
13220001 29.618
13230001 25.5042
13240001 30.7575
13250001 26.3967
13260001 32.0958
13270001 26.6061
13280001 30.73
13290001 28.0111
13300001 29.0529
13310001 26.0143
13320001 28.1279
13330001 25.7561
13340001 25.7922
13350001 24.9104
13360001 26.4221
13370001 25.9809
13380001 28.6584
13390001 26.0065
13400001 25.6535
13410001 24.0713
13420001 24.3663
13430001 22.8164
13440001 23.0036
13450001 22.1157
13460001 24.4896
13470001 23.5071
13480001 23.4213
13490001 26.455
13500001 24.0761
13510001 26.7409
13520001 25.7773
13530001 26.7095
13540001 25.3265
13550001 24.7394
13560001 25.106
13570001 25.8196
13580001 25.2494
13590001 24.8147
13600001 24.2092
13610001 25.3277
13620001 26.6668
13630001 25.2196
13640001 25.5971
13650001 28.6009
13660001 24.6872
13670001 28.8496
13680001 24.7528
13690001 29.8485
13700001 25.0215
13710001 32.0352
13720001 27.4338
13730001 28.0226
13740001 27.4002
13750001 27.8145
13760001 26.6536
13770001 26.7137
13780001 26.435
13790001 26.8251
13800001 24.4723
13810001 26.4514
13820001 26.4457
13830001 27.3692
13840001 25.6016
13850001 24.8659
13860001 23.3671
13870001 23.7038
13880001 22.4039
13890001 24.1298
13900001 24.0095
13910001 25.4831
13920001 25.5317
13930001 25.6355
13940001 25.8421
13950001 26.198
13960001 28.154
13970001 25.5316
13980001 25.6952
13990001 24.1766
14000001 28.9781
14010001 25.0944
14020001 25.2438
14030001 25.7271
14040001 24.6359
14050001 23.3372
14060001 26.9772
14070001 25.7849
14080001 26.6682
14090001 24.2038
14100001 29.9127
14110001 25.9426
14120001 28.6845
14130001 25.7178
14140001 32.6243
14150001 25.5231
14160001 31.2354
14170001 28.6457
14180001 29.3165
14190001 26.8977
14200001 27.0125
14210001 26.0776
14220001 26.1199
14230001 25.1142
14240001 26.3775
14250001 24.1879
14260001 28.1582
14270001 25.7673
14280001 26.0797
14290001 24.0868
14300001 24.5229
14310001 22.878
14320001 23.3986
14330001 22.6703
14340001 23.1475
14350001 23.6719
14360001 23.9341
14370001 25.6918
14380001 26.1038
14390001 26.7936
14400001 25.8478
14410001 26.6435
14420001 25.1451
14430001 25.275
14440001 27.1137
14450001 26.0649
14460001 24.4389
14470001 26.2653
14480001 25.1547
14490001 25.3608
14500001 25.9892
14510001 26.2103
14520001 25.7489
14530001 30.9187
14540001 25.0516
14550001 29.2573
14560001 24.573
14570001 30.7203
14580001 26.1716
14590001 32.204
14600001 27.2917
14610001 29.0374
14620001 27.857
14630001 28.1222
14640001 27.2745
14650001 27.199
14660001 25.6995
14670001 25.7403
14680001 24.6755
14690001 26.2948
14700001 26.0915
14710001 28.5957
14720001 25.5681
14730001 25.5404
14740001 23.9651
14750001 24.3109
14760001 22.4861
14770001 24.1274
14780001 24.406
14790001 25.2081
14800001 23.4657
14810001 23.5798
14820001 26.4035
14830001 23.9224
14840001 27.7448
14850001 25.7239
14860001 25.9875
14870001 24.7875
14880001 28.5525
14890001 26.1026
14900001 24.8791
14910001 25.0964
14920001 24.6368
14930001 24.0257
14940001 24.963
14950001 26.6919
14960001 26.7236
14970001 25.4591
14980001 28.1916
14990001 24.48
15000001 28.571
15010001 24.2818
15020001 31.1652
15030001 25.1354
15040001 31.6715
15050001 27.5592
15060001 28.1657
15070001 27.4549
15080001 27.5738
15090001 26.5914
15100001 26.9381
15110001 26.0687
15120001 26.6115
15130001 24.6728
15140001 28.5987
15150001 26.0129
15160001 26.3125
15170001 25.2454
15180001 25.0556
15190001 23.5306
15200001 23.4255
15210001 22.3267
15220001 23.4941
15230001 24.0011
15240001 25.4149
15250001 25.7204
15260001 25.5985
15270001 25.7733
15280001 25.995
15290001 27.8589
15300001 25.4933
15310001 25.7435
15320001 25.0807
15330001 27.6716
15340001 25.0047
15350001 27.2285
15360001 25.093
15370001 24.656
15380001 24.1695
15390001 26.4513
15400001 25.8436
15410001 29.0695
15420001 24.3813
15430001 29.7236
15440001 25.609
15450001 29.9311
15460001 25.8208
15470001 32.5232
15480001 27.0889
15490001 30.985
15500001 28.2633
15510001 29.1751
15520001 25.9739
15530001 27.0292
15540001 25.7772
15550001 26.2331
15560001 24.7764
15570001 26.4868
15580001 26.0876
15590001 28.5746
15600001 25.8039
15610001 25.768
15620001 24.1297
15630001 24.4994
15640001 22.5089
15650001 23.2253
15660001 22.2973
15670001 24.0903
15680001 23.7306
15690001 23.6439
15700001 27.3891
15710001 25.5079
15720001 26.7286
15730001 25.9703
15740001 26.6855
15750001 24.09
15760001 25.2939
15770001 26.8321
15780001 25.6946
15790001 25.89
15800001 24.8624
15810001 24.743
15820001 25.4302
15830001 26.4829
15840001 25.8243
15850001 26.8359
15860001 29.5487
15870001 24.8722
15880001 29.0942
15890001 24.7849
15900001 30.6734
15910001 25.7316
15920001 32.4077
15930001 27.1156
15940001 28.5736
15950001 27.5278
15960001 28.0603
15970001 27.1338
15980001 26.9872
15990001 26.099
16000001 25.5517
16010001 24.699
16020001 26.141
16030001 27.7379
16040001 27.4502
16050001 25.6507
16060001 24.9476
16070001 23.7498
16080001 24.1091
16090001 22.474
16100001 24.1951
16110001 24.0818
16120001 25.2833
16130001 25.5819
16140001 23.1011
16150001 25.9306
16160001 26.3464
16170001 28.1887
16180001 25.6094
16190001 25.5994
16200001 24.2567
16210001 28.6398
16220001 25.4045
16230001 25.1272
16240001 26.7593
16250001 24.5546
16260001 23.4664
16270001 25.121
16280001 26.2336
16290001 26.6967
16300001 24.9229
16310001 28.8984
16320001 26.2338
16330001 28.4932
16340001 25.7027
16350001 31.0803
16360001 24.9407
16370001 31.7652
16380001 27.3113
16390001 27.498
16400001 26.0819
16410001 26.8911
16420001 26.5757
16430001 26.2588
16440001 25.9264
16450001 26.5151
16460001 24.7207
16470001 28.4577
16480001 25.9386
16490001 26.5094
16500001 24.9484
16510001 24.8885
16520001 23.3973
16530001 23.302
16540001 23.0228
16550001 23.2845
16560001 24.0738
16570001 23.8625
16580001 25.7591
16590001 26.3346
16600001 26.5961
16610001 25.2702
16620001 28.3533
16630001 25.3378
16640001 25.4326
16650001 24.8784
16660001 26.5574
16670001 24.7043
16680001 26.6892
16690001 25.0551
16700001 25.4763
16710001 25.7144
16720001 26.3864
16730001 25.1171
16740001 30.4398
16750001 25.5057
16760001 29.3261
16770001 25.5453
16780001 30.7896
16790001 26.4444
16800001 32.1171
16810001 26.6431
16820001 30.7043
16830001 27.9822
16840001 28.6613
16850001 26.0305
16860001 28.2182
16870001 25.7866
16880001 25.8142
16890001 24.9189
16900001 26.4329
16910001 26.0095
16920001 28.6701
16930001 26.0349
16940001 25.7206
16950001 24.1153
16960001 24.4049
16970001 22.8537
16980001 23.0329
16990001 22.1516
17000001 24.5188
17010001 23.5456
17020001 23.514
17030001 26.4913
17040001 24.1022
17050001 26.8011
17060001 25.7992
17070001 26.7494
17080001 25.3529
17090001 24.7437
17100001 25.4031
17110001 25.8316
17120001 25.2762
17130001 24.8589
17140001 24.2169
17150001 24.9036
17160001 26.682
17170001 25.2088
17180001 25.6301
17190001 28.6328
17200001 24.7575
17210001 28.8691
17220001 24.6602
17230001 29.8683
17240001 25.0558
17250001 32.0517
17260001 27.4633
17270001 28.1797
17280001 27.4319
17290001 27.9268
17300001 26.6775
17310001 26.7357
17320001 26.4503
17330001 26.84
17340001 24.5193
17350001 26.4625
17360001 26.4685
17370001 27.3863
17380001 25.6358
17390001 24.8998
17400001 23.406
17410001 23.7035
17420001 22.4577
17430001 24.1451
17440001 24.0418
17450001 25.5061
17460001 25.5618
17470001 25.6562
17480001 25.8864
17490001 26.2166
17500001 28.2032
17510001 25.5592
17520001 25.7421
17530001 24.2156
17540001 28.9978
17550001 25.1153
17560001 25.2735
17570001 25.903
17580001 24.6793
17590001 23.4166
17600001 27.0183
17610001 25.7809
17620001 26.7068
17630001 24.2464
17640001 29.8836
17650001 25.9691
17660001 28.7304
17670001 25.7537
17680001 32.5869
17690001 25.6014
17700001 31.2419
17710001 28.7014
17720001 29.3143
17730001 26.9371
17740001 27.0381
17750001 26.0553
17760001 26.1498
17770001 25.1372
17780001 26.3977
17790001 24.2095
17800001 28.1706
17810001 25.8008
17820001 26.0547
17830001 24.1202
17840001 24.5448
17850001 22.9198
17860001 23.4272
17870001 22.7109
17880001 23.178
17890001 23.7091
17900001 23.9539
17910001 25.7292
17920001 26.1264
17930001 26.8466
17940001 25.9129
17950001 26.6582
17960001 25.1817
17970001 25.3205
17980001 27.1383
17990001 26.095
18000001 24.4652
18010001 26.2934
18020001 25.1869
18030001 25.3888
18040001 25.9867
18050001 26.2521
18060001 25.7754
18070001 30.9494
18080001 25.1089
18090001 29.2675
18100001 24.6143
18110001 30.909
18120001 26.2131
18130001 32.1737
18140001 27.3269
18150001 29.0411
18160001 27.8953
18170001 28.1532
18180001 27.2918
18190001 27.2183
18200001 25.7291
18210001 25.7763
18220001 24.6847
18230001 26.2854
18240001 26.1039
18250001 28.6139
18260001 25.5795
18270001 25.5118
18280001 24.0025
18290001 24.3305
18300001 22.5113
18310001 24.2178
18320001 24.4452
18330001 25.2428
18340001 23.503
18350001 23.5702
18360001 26.4398
18370001 23.9562
18380001 27.7438
18390001 25.7597
18400001 26.042
18410001 24.3541
18420001 28.7276
18430001 26.1471
18440001 24.9183
18450001 25.1226
18460001 24.6697
18470001 24.0465
18480001 25.0174
18490001 26.7294
18500001 26.7479
18510001 25.4812
18520001 28.2321
18530001 24.5058
18540001 28.6079
18550001 24.3135
18560001 31.1846
18570001 25.1767
18580001 31.6686
18590001 27.57
18600001 28.1601
18610001 27.4855
18620001 27.5919
18630001 26.588
18640001 26.9789
18650001 26.0815
18660001 26.5935
18670001 24.672
18680001 28.6098
18690001 25.8987
18700001 26.3682
18710001 25.2823
18720001 25.0847
18730001 23.5242
18740001 23.3867
18750001 22.3698
18760001 23.518
18770001 24.034
18780001 25.4586
18790001 25.7764
18800001 25.6281
18810001 25.8067
18820001 26.0076
18830001 27.8983
18840001 25.5245
18850001 25.6642
18860001 25.1051
18870001 27.6875
18880001 24.8671
18890001 27.2569
18900001 25.0862
18910001 24.7118
18920001 24.19
18930001 26.4861
18940001 25.8641
18950001 29.0712
18960001 24.4184
18970001 29.7515
18980001 25.6005
18990001 29.9674
19000001 25.886
19010001 32.2722
19020001 27.1944
19030001 30.9948
19040001 28.3011
19050001 29.6983
19060001 26.0024
19070001 27.0363
19080001 25.8109
19090001 26.1888
19100001 25.0363
19110001 26.5009
19120001 26.1098
19130001 28.5995
19140001 25.8427
19150001 25.8187
19160001 24.1543
19170001 24.5366
19180001 22.5368
19190001 23.2396
19200001 22.3698
19210001 24.117
19220001 23.7654
19230001 23.6696
19240001 26.7645
19250001 25.5257
19260001 26.7837
19270001 25.9979
19280001 26.731
19290001 24.1269
19300001 25.3283
19310001 26.8534
19320001 25.7053
19330001 25.8722
19340001 24.8673
19350001 24.7687
19360001 25.4807
19370001 26.5125
19380001 25.8554
19390001 26.8719
19400001 29.5714
19410001 24.9115
19420001 29.1074
19430001 24.8161
19440001 30.7154
19450001 25.772
19460001 32.3996
19470001 27.1442
19480001 28.5261
19490001 27.5392
19500001 28.0579
19510001 27.1494
19520001 26.9758
19530001 26.7448
19540001 25.577
19550001 24.7098
19560001 26.1643
19570001 27.7488
19580001 27.42
19590001 25.6807
19600001 24.9508
19610001 23.7881
19620001 24.1312
19630001 22.5094
19640001 24.2378
19650001 24.1213
19660001 25.3011
19670001 25.6222
19680001 23.1274
19690001 25.9642
19700001 26.3806
19710001 28.2546
19720001 25.647
19730001 25.6411
19740001 24.2841
19750001 28.6568
19760001 25.4272
19770001 25.142
19780001 26.7772
19790001 24.596
19800001 23.5018
19810001 25.2266
19820001 26.2467
19830001 26.7245
19840001 23.9615
19850001 28.9264
19860001 26.2965
19870001 28.5247
19880001 25.7388
19890001 31.113
19900001 24.9731
19910001 31.7196
19920001 27.3499
19930001 27.4484
19940001 26.1187
19950001 26.9173
19960001 26.5942
19970001 26.2672
19980001 25.9447
19990001 26.4099
20000001 24.7435
20010001 28.4909
20020001 25.9747
20030001 26.5647
20040001 25.0647
20050001 24.9043
20060001 23.4329
20070001 23.3245
20080001 23.061
20090001 23.3129
20100001 24.1023
20110001 24.954
20120001 25.7759
20130001 26.3565
20140001 26.6393
20150001 25.2806
20160001 28.3968
20170001 25.3711
20180001 25.464
20190001 24.9045
20200001 26.5839
20210001 24.735
20220001 26.7166
20230001 25.0765
20240001 25.5422
20250001 25.724
20260001 26.4197
20270001 25.1277
20280001 30.4374
20290001 25.5304
20300001 29.37
20310001 25.6083
20320001 30.8105
20330001 26.4782
20340001 32.1328
20350001 26.6495
20360001 30.7169
20370001 28.0176
20380001 28.659
20390001 26.0671
20400001 28.2332
20410001 25.8151
20420001 25.8307
20430001 24.9575
20440001 26.4594
20450001 26.0138
20460001 28.6895
20470001 26.0631
20480001 25.4125
20490001 24.1451
20500001 24.4366
20510001 22.8643
20520001 23.0772
20530001 22.1966
20540001 24.543
20550001 23.5741
20560001 23.5507
20570001 26.5171
20580001 24.1249
20590001 26.847
20600001 25.8347
20610001 26.7928
20620001 25.3891
20630001 24.7998
20640001 25.4178
20650001 25.8482
20660001 25.2917
20670001 24.9019
20680001 24.2352
20690001 24.9608
20700001 26.7351
20710001 25.3795
20720001 25.6647
20730001 28.6653
20740001 24.7921
20750001 28.5611
20760001 24.6953
20770001 29.905
20780001 25.1425
20790001 32.064
20800001 27.4548
20810001 28.1823
20820001 27.4659
20830001 27.9005
20840001 26.6975
20850001 26.7827
20860001 26.465
20870001 26.8622
20880001 24.5368
20890001 26.4868
20900001 26.4953
20910001 27.3976
20920001 25.6677
20930001 24.935
20940001 23.4218
20950001 23.7189
20960001 22.5033
20970001 24.1845
20980001 24.0906
20990001 25.5418
21000001 25.6052
21010001 25.6692
21020001 25.9316
21030001 26.2335
21040001 28.2339
21050001 25.5768
21060001 25.7756
21070001 24.2073
21080001 29.0338
21090001 25.1415
21100001 25.3015
21110001 25.9296
21120001 24.736
21130001 23.4465
21140001 27.0505
21150001 25.8021
21160001 26.7432
21170001 24.2615
21180001 29.9066
21190001 25.9993
21200001 28.7394
21210001 25.7802
21220001 32.5951
21230001 25.7603
21240001 31.2498
21250001 28.7429
21260001 29.3106
21270001 26.9715
21280001 27.0594
21290001 26.0915
21300001 26.188
21310001 25.1473
21320001 26.4232
21330001 24.2057
21340001 28.1873
21350001 25.8487
21360001 26.0649
21370001 24.1527
21380001 24.5611
21390001 22.9518
21400001 23.4577
21410001 22.7596
21420001 23.2099
21430001 23.7307
21440001 23.9777
21450001 25.7576
21460001 26.1449
21470001 26.8851
21480001 25.9478
21490001 26.6879
21500001 25.1885
21510001 25.3682
21520001 27.1567
21530001 26.1146
21540001 24.488
21550001 26.314
21560001 25.2282
21570001 25.4268
21580001 26.0144
21590001 26.2931
21600001 25.7919
21610001 30.842
21620001 24.9401
21630001 29.2924
21640001 24.6506
21650001 30.94
21660001 26.2437
21670001 32.2109
21680001 27.3579
21690001 29.0597
21700001 27.9298
21710001 28.1447
21720001 27.2948
21730001 27.2536
21740001 25.7493
21750001 25.7008
21760001 24.7132
21770001 26.2946
21780001 26.1304
21790001 28.6374
21800001 25.6298
21810001 25.5346
21820001 24.0136
21830001 24.342
21840001 22.6343
21850001 24.2691
21860001 24.4769
21870001 25.2657
21880001 23.4705
21890001 23.5982
21900001 26.4597
21910001 23.9626
21920001 27.7665
21930001 25.772
21940001 26.0839
21950001 24.3553
21960001 29.1208
21970001 26.2359
21980001 24.9568
21990001 27.3236
22000001 24.689
22010001 24.0031
22020001 25.0566
22030001 26.7387
22040001 26.7709
22050001 25.5118
22060001 28.2535
22070001 25.5283
22080001 28.5792
22090001 24.3232
22100001 31.2002
22110001 25.242
22120001 31.6817
22130001 27.5751
22140001 28.173
22150001 26.5281
22160001 27.8238
22170001 26.6146
22180001 27.011
22190001 26.1337
22200001 26.6112
22210001 24.623
22220001 28.6346
22230001 25.9322
22240001 26.3853
22250001 25.3057
22260001 25.1158
22270001 23.5591
22280001 23.4157
22290001 22.3973
22300001 23.5537
22310001 24.0569
22320001 25.1532
22330001 25.7975
22340001 25.6295
22350001 25.8359
22360001 26.0148
22370001 27.9202
22380001 25.9701
22390001 25.7217
22400001 25.1179
22410001 27.7007
22420001 24.8858
22430001 27.2741
22440001 25.0925
22450001 24.7476
22460001 24.2196
22470001 26.5168
22480001 25.9039
22490001 29.1184
22500001 24.446
22510001 29.7864
22520001 25.6295
22530001 30.0019
22540001 25.7438
22550001 32.2814
22560001 27.2119
22570001 31.0091
22580001 28.2702
22590001 29.7086
22600001 26.0415
22610001 27.0145
22620001 25.8337
22630001 26.2297
22640001 25.4099
22650001 26.5231
22660001 26.0699
22670001 28.6108
22680001 25.8493
22690001 25.834
22700001 24.1773
22710001 24.5559
22720001 22.5807
22730001 23.1655
22740001 22.4068
22750001 24.4762
22760001 23.7978
22770001 23.7093
22780001 26.7902
22790001 24.3753
22800001 26.8326
22810001 25.905
22820001 26.7629
22830001 24.1631
22840001 25.3648
22850001 26.8764
22860001 25.745
22870001 25.8205
22880001 24.9109
22890001 24.7968
22900001 25.5217
22910001 26.5496
22920001 25.8741
22930001 26.8824
22940001 29.6453
22950001 24.9507
22960001 29.1199
22970001 24.8808
22980001 30.7427
22990001 25.7994
23000001 32.3947
23010001 27.1693
23020001 28.5385
23030001 27.5745
23040001 28.0621
23050001 27.1238
23060001 26.9935
23070001 26.7688
23080001 25.5956
23090001 24.7218
23100001 26.1795
23110001 27.7757
23120001 27.4295
23130001 25.7028
23140001 24.9694
23150001 23.8128
23160001 24.1487
23170001 22.5852
23180001 24.2615
23190001 24.1494
23200001 25.3407
23210001 25.637
23220001 23.131
23230001 25.999
23240001 26.3999
23250001 28.2845
23260001 25.6767
23270001 25.7187
23280001 24.3297
23290001 28.6838
23300001 25.4514
23310001 25.1828
23320001 26.7982
23330001 24.6227
23340001 23.5398
23350001 25.2558
23360001 26.2789
23370001 26.7459
23380001 23.9832
23390001 28.9389
23400001 26.2627
23410001 28.527
23420001 25.8673
23430001 32.8916
23440001 25.0018
23450001 31.7295
23460001 27.3744
23470001 27.4538
23480001 26.1411
23490001 27.0351
23500001 26.6116
23510001 26.2886
23520001 26.1673
23530001 26.4091
23540001 24.7454
23550001 28.5111
23560001 25.9615
23570001 26.5771
23580001 25.1169
23590001 24.9272
23600001 23.1828
23610001 23.3495
23620001 23.0967
23630001 23.3385
23640001 24.143
23650001 24.9773
23660001 25.8014
23670001 26.3646
23680001 26.7003
23690001 25.3043
23700001 28.4149
23710001 25.3574
23720001 25.4799
23730001 24.924
23740001 26.6052
23750001 24.7889
23760001 26.7231
23770001 25.1369
23780001 25.5763
23790001 25.7325
23800001 26.4427
23810001 25.1593
23820001 30.4531
23830001 25.5566
23840001 29.2691
23850001 25.637
23860001 30.8465
23870001 26.5076
23880001 32.1833
23890001 26.6697
23900001 29.5313
23910001 28.0727
23920001 28.5269
23930001 26.0501
23940001 28.2323
23950001 25.8151
23960001 25.8453
23970001 24.9394
23980001 26.5016
23990001 26.0335
24000001 28.708
24010001 26.0575
24020001 25.4099
24030001 24.1771
24040001 24.2188
24050001 22.9548
24060001 23.0951
24070001 22.2352
24080001 24.5719
24090001 23.5842
24100001 23.5868
24110001 26.5506
24120001 24.2666
24130001 26.8821
24140001 25.8934
24150001 26.8474
24160001 25.4107
24170001 24.8412
24180001 25.4415
24190001 25.8732
24200001 25.2999
24210001 24.9405
24220001 24.246
24230001 25.0035
24240001 26.7637
24250001 25.4066
24260001 25.6907
24270001 28.6909
24280001 24.8284
24290001 28.5821
24300001 24.7324
24310001 29.9139
24320001 25.1653
24330001 32.0874
24340001 27.5236
24350001 27.9429
24360001 27.4879
24370001 27.8999
24380001 26.7114
24390001 26.7933
24400001 26.4861
24410001 26.8614
24420001 24.5305
24430001 26.5113
24440001 26.1303
24450001 27.4033
24460001 25.716
24470001 24.9614
24480001 23.4458
24490001 23.7379
24500001 22.5015
24510001 24.2145
24520001 24.1203
24530001 25.5624
24540001 25.6364
24550001 25.6902
24560001 25.9661
24570001 26.2601
24580001 28.2757
24590001 25.6115
24600001 25.8163
24610001 24.2322
24620001 29.0685
24630001 25.1677
24640001 25.3198
24650001 25.9432
24660001 24.7437
24670001 23.46
24680001 27.0695
24690001 25.8317
24700001 26.7834
24710001 24.2972
24720001 29.8847
24730001 26.0188
24740001 28.7633
24750001 25.8067
24760001 32.6178
24770001 25.7932
24780001 31.2546
24790001 28.7639
24800001 29.31
24810001 27.0172
24820001 27.0811
24830001 26.122
24840001 26.2288
24850001 25.1715
24860001 26.438
24870001 24.2338
24880001 28.2133
24890001 25.8838
24900001 26.0743
24910001 24.1826
24920001 24.5809
24930001 22.989
24940001 23.4723
24950001 22.7972
24960001 23.2467
24970001 23.7448
24980001 24.0032
24990001 25.7749
25000001 26.175
25010001 26.9095
25020001 25.9713
25030001 26.7212
25040001 25.2216
25050001 25.4133
25060001 27.2282
25070001 26.1404
25080001 24.5082
25090001 26.3405
25100001 25.2574
25110001 25.4682
25120001 26.0487
25130001 25.5388
25140001 25.7626
25150001 30.8423
25160001 24.9603
25170001 29.3117
25180001 24.682
25190001 30.9688
25200001 26.2693
25210001 32.2273
25220001 27.3637
25230001 29.0736
25240001 27.9482
25250001 28.1412
25260001 27.3087
25270001 27.2582
25280001 26.2398
25290001 25.7259
25300001 24.7621
25310001 26.3044
25320001 26.2077
25330001 28.6477
25340001 25.6539
25350001 25.5542
25360001 24.0509
25370001 24.3623
25380001 22.6606
25390001 24.2835
25400001 24.457
25410001 25.2881
25420001 23.5029
25430001 23.6325
25440001 26.4922
25450001 23.9833
25460001 27.8704
25470001 25.8156
25480001 26.1174
25490001 24.3845
25500001 29.1591
25510001 26.2616
25520001 24.9767
25530001 27.331
25540001 24.7225
25550001 24.0201
25560001 25.0703
25570001 26.7575
25580001 26.7947
25590001 25.5377
25600001 28.2827
25610001 25.5535
25620001 28.5927
25630001 24.3511
25640001 31.197
25650001 25.2801
25660001 31.6703
25670001 27.5924
25680001 28.2352
25690001 26.5455
25700001 27.8401
25710001 26.6254
25720001 27.0214
25730001 26.1549
25740001 26.624
25750001 24.6555
25760001 28.6552
25770001 25.9349
25780001 26.4225
25790001 25.3326
25800001 25.1008
25810001 23.5808
25820001 23.4371
25830001 22.4421
25840001 23.5656
25850001 24.0899
25860001 25.1225
25870001 25.7976
25880001 25.5696
25890001 25.8752
25900001 26.0644
25910001 27.9525
25920001 26.0017
25930001 25.7588
25940001 25.1387
25950001 27.7045
25960001 24.9217
25970001 27.377
25980001 25.2942
25990001 24.7935
26000001 25.8627
26010001 26.5573
26020001 25.9323
26030001 29.1148
26040001 24.4708
26050001 29.8325
26060001 25.6444
26070001 30.0197
26080001 25.7396
26090001 32.2927
26100001 27.2308
26110001 31.017
26120001 28.2976
26130001 29.7174
26140001 26.0738
26150001 27.0398
26160001 25.8317
26170001 26.2518
26180001 25.4497
26190001 26.5473
26200001 26.098
26210001 28.5834
26220001 25.8536
26230001 25.8466
26240001 24.1993
26250001 24.5746
26260001 22.6077
26270001 23.1885
26280001 22.4516
26290001 24.4909
26300001 23.8223
26310001 23.761
26320001 26.8112
26330001 24.3949
26340001 26.8629
26350001 25.9286
26360001 26.8265
26370001 24.1576
26380001 25.3939
26390001 26.901
26400001 25.7524
26410001 25.8383
26420001 24.9694
26430001 24.8065
26440001 25.5548
26450001 26.5695
26460001 25.9271
26470001 26.9121
26480001 29.66
26490001 24.973
26500001 29.1482
26510001 24.9096
26520001 30.7017
26530001 26.1067
26540001 32.4355
26550001 27.1887
26560001 28.5695
26570001 27.6006
26580001 27.8851
26590001 27.2161
26600001 26.9901
26610001 26.7982
26620001 25.6141
26630001 24.7361
26640001 26.1852
26650001 27.7912
26660001 27.4445
26670001 25.7386
26680001 24.9683
26690001 23.8547
26700001 24.175
26710001 22.62
26720001 24.2918
26730001 24.1609
26740001 25.3752
26750001 25.6652
26760001 23.1594
26770001 25.9988
26780001 26.4215
26790001 28.3211
26800001 25.6966
26810001 25.7619
26820001 24.3583
26830001 28.7035
26840001 25.4793
26850001 25.2148
26860001 26.8147
26870001 24.6512
26880001 23.5612
26890001 25.3022
26900001 26.247
26910001 26.7587
26920001 24.0061
26930001 28.9595
26940001 26.2793
26950001 28.5387
26960001 25.8891
26970001 32.9094
26980001 25.0068
26990001 31.8043
27000001 27.389
27010001 27.4496
27020001 26.0496
27030001 27.1561
27040001 26.6276
27050001 26.3073
27060001 26.1617
27070001 26.4273
27080001 24.7581
27090001 28.5031
27100001 25.9927
27110001 26.5968
27120001 25.0563
27130001 24.9074
27140001 23.2068
27150001 23.3756
27160001 23.1451
27170001 23.3804
27180001 24.229
27190001 24.9918
27200001 25.8181
27210001 26.3931
27220001 26.7391
27230001 25.3389
27240001 28.4128
27250001 25.3709
27260001 25.4987
27270001 24.9697
27280001 26.6196
27290001 24.8228
27300001 26.7891
27310001 25.1745
27320001 25.6263
27330001 25.7468
27340001 26.48
27350001 25.1666
27360001 30.4738
27370001 25.5761
27380001 29.3008
27390001 25.6675
27400001 31.0752
27410001 26.5333
27420001 32.1998
27430001 26.7058
27440001 29.5472
27450001 28.0927
27460001 28.5337
27470001 26.075
27480001 28.2426
27490001 25.831
27500001 25.8673
27510001 24.9544
27520001 26.4475
27530001 26.0663
27540001 28.7256
27550001 26.0884
27560001 25.4247
27570001 24.1934
27580001 24.2585
27590001 22.9694
27600001 23.1297
27610001 22.2756
27620001 24.5923
27630001 23.653
27640001 23.626
27650001 26.573
27660001 24.2573
27670001 26.9313
27680001 26.0499
27690001 26.878
27700001 25.2727
27710001 24.813
27720001 25.4671
27730001 25.8951
27740001 25.3143
27750001 24.9671
27760001 24.2603
27770001 25.0371
27780001 26.7886
27790001 25.4537
27800001 25.7238
27810001 28.7057
27820001 24.8502
27830001 28.5669
27840001 24.7534
27850001 29.945
27860001 25.0361
27870001 32.1178
27880001 27.5326
27890001 27.8168
27900001 27.5029
27910001 27.9206
27920001 26.7203
27930001 26.7991
27940001 26.4914
27950001 26.8656
27960001 24.5668
27970001 26.4733
27980001 26.1556
27990001 27.424
28000001 25.7467
28010001 24.9857
28020001 23.4923
28030001 23.7697
28040001 22.5283
28050001 24.2483
28060001 24.1609
28070001 25.6032
28080001 25.6551
28090001 25.6811
28100001 25.9968
28110001 26.2868
28120001 28.3072
28130001 25.6348
28140001 25.8592
28150001 24.2898
28160001 29.0764
28170001 25.1852
28180001 26.8581
28190001 25.9704
28200001 24.7931
28210001 23.4646
28220001 27.0869
28230001 25.8593
28240001 26.8101
28250001 24.3241
28260001 29.9445
28270001 26.0347
28280001 28.7664
28290001 25.8334
28300001 32.6316
28310001 25.81
28320001 31.2724
28330001 28.7763
28340001 29.2977
28350001 27.0441
28360001 27.2229
28370001 26.0292
28380001 26.2597
28390001 24.9066
28400001 26.4513
28410001 24.2547
28420001 28.2061
28430001 25.8819
28440001 26.1046
28450001 24.1749
28460001 24.5913
28470001 23.0449
28480001 23.4964
28490001 22.824
28500001 24.168
28510001 23.816
28520001 23.9872
28530001 25.8041
28540001 26.1974
28550001 26.9361
28560001 25.968
28570001 26.7607
28580001 25.2443
28590001 25.4628
28600001 27.2425
28610001 26.1617
28620001 24.5454
28630001 26.3724
28640001 25.2758
28650001 25.5109
28660001 26.0735
28670001 25.5688
28680001 25.7965
28690001 31.2623
28700001 24.9819
28710001 29.3383
28720001 24.7096
28730001 30.9802
28740001 26.2945
28750001 32.3059
28760001 27.377
28770001 29.0848
28780001 27.9711
28790001 28.1622
28800001 27.3367
28810001 27.2687
28820001 26.2256
28830001 25.7542
28840001 24.783
28850001 26.325
28860001 26.2157
28870001 28.6434
28880001 25.6717
28890001 25.5665
28900001 24.1162
28910001 24.3364
28920001 22.6824
28930001 24.3207
28940001 24.507
28950001 25.3086
28960001 23.5252
28970001 23.6687
28980001 26.5177
28990001 24.0079
29000001 27.8883
29010001 25.8405
29020001 26.1652
29030001 24.4116
29040001 29.0879
29050001 26.2787
29060001 24.9971
29070001 27.3803
29080001 24.7542
29090001 24.0328
29100001 25.3406
29110001 26.6973
29120001 26.815
29130001 25.5654
29140001 28.3065
29150001 25.6557
29160001 28.6453
29170001 24.3913
29180001 31.22
29190001 25.3254
29200001 31.6979
29210001 27.6174
29220001 28.2631
29230001 26.5585
29240001 27.8285
29250001 26.6485
29260001 27.029
29270001 26.1649
29280001 26.6403
29290001 24.6594
29300001 28.6508
29310001 25.9577
29320001 26.4351
29330001 25.423
29340001 25.0799
29350001 23.6368
29360001 23.4516
29370001 22.4759
29380001 23.5724
29390001 24.1191
29400001 25.0334
29410001 25.8105
29420001 25.5908
29430001 25.8994
29440001 26.1338
29450001 27.9702
29460001 26.0608
29470001 25.8041
29480001 25.1644
29490001 27.7379
29500001 24.9392
29510001 27.4005
29520001 25.3515
29530001 24.7572
29540001 25.8994
29550001 26.5449
29560001 25.9373
29570001 29.1362
29580001 24.3039
29590001 29.8612
29600001 25.68
29610001 29.9497
29620001 25.7501
29630001 32.316
29640001 27.2479
29650001 31.0316
29660001 28.2967
29670001 29.7452
29680001 26.0511
29690001 28.3451
29700001 25.8543
29710001 26.28
29720001 25.472
29730001 26.5429
29740001 26.1273
29750001 28.5888
29760001 25.9002
29770001 25.85
29780001 24.2084
29790001 24.5951
29800001 22.6393
29810001 23.1955
29820001 22.444
29830001 24.5185
29840001 23.8428
29850001 23.7727
29860001 26.8297
29870001 24.4236
29880001 26.8985
29890001 25.9653
29900001 26.8543
29910001 25.3597
29920001 25.4228
29930001 26.9167
29940001 25.7683
29950001 25.854
29960001 24.9885
29970001 24.53
29980001 25.5939
29990001 26.5827
