1 2183.97
10001 250.736
20001 177.17
30001 127.943
40001 91.4731
50001 67.0874
60001 52.9443
70001 43.7146
80001 37.1277
90001 33.5103
100001 27.058
110001 27.5797
120001 22.9488
130001 20.846
140001 19.541
150001 19.5764
160001 20.8074
170001 17.4063
180001 20.2974
190001 16.9173
200001 16.7481
210001 13.8392
220001 16.4466
230001 14.531
240001 13.0607
250001 12.0884
260001 14.9992
270001 16.094
280001 11.4802
290001 12.6406
300001 13.6469
310001 12.4488
320001 14.0048
330001 12.7668
340001 16.6935
350001 11.4567
360001 13.3077
370001 15.1665
380001 13.3923
390001 12.0556
400001 13.7171
410001 13.0017
420001 10.4691
430001 10.1561
440001 12.4175
450001 12.8852
460001 10.1293
470001 12.6891
480001 12.3252
490001 11.1394
500001 11.4227
510001 15.8139
520001 15.4609
530001 10.5467
540001 11.1579
550001 12.4997
560001 12.274
570001 10.9721
580001 12.9839
590001 12.206
600001 11.6315
610001 10.3524
620001 13.9984
630001 12.3685
640001 9.63489
650001 12.9571
660001 12.4507
670001 11.2303
680001 11.1108
690001 12.3491
700001 15.0412
710001 11.5037
720001 10.1676
730001 13.4933
740001 12.6794
750001 10.7138
760001 12.9253
770001 13.11
780001 11.0736
790001 9.77537
800001 11.807
810001 10.9346
820001 9.52312
830001 11.8557
840001 12.3342
850001 9.75696
860001 10.4164
870001 13.0344
880001 13.9459
890001 10.9321
900001 9.82823
910001 13.6247
920001 12.2099
930001 11.2018
940001 12.3988
950001 16.6283
960001 11.2234
970001 9.60063
980001 11.0796
990001 11.7058
1000001 9.33657
1010001 11.2611
1020001 12.2453
1030001 9.53709
1040001 10.173
1050001 11.7619
1060001 12.804
1070001 9.81248
1080001 8.99952
1090001 12.6475
1100001 11.3963
1110001 11.0656
1120001 11.9683
1130001 15.6621
1140001 11.3878
1150001 10.6243
1160001 11.4612
1170001 13.4687
1180001 10.3789
1190001 13.0802
1200001 12.0872
1210001 10.0697
1220001 10.1768
1230001 11.7441
1240001 14.8442
1250001 9.46642
1260001 8.53581
1270001 11.1683
1280001 10.2358
1290001 11.2239
1300001 12.2308
1310001 15.5685
1320001 12.6796
1330001 10.2328
1340001 12.5308
1350001 13.4821
1360001 10.1867
1370001 12.511
1380001 11.6799
1390001 10.549
1400001 9.48385
1410001 11.5423
1420001 14.2263
1430001 9.33976
1440001 10.5991
1450001 11.2926
1460001 11.1389
1470001 12.7171
1480001 10.6481
1490001 16.1494
1500001 10.896
1510001 9.95711
1520001 12.9936
1530001 12.4536
1540001 11.4212
1550001 14.5483
1560001 11.8035
1570001 10.255
1580001 9.32013
1590001 12.2657
1600001 12.356
1610001 9.39666
1620001 10.9269
1630001 11.7434
1640001 10.804
1650001 12.6313
1660001 14.4073
1670001 15.3022
1680001 9.80361
1690001 10.1368
1700001 13.9759
1710001 11.8478
1720001 10.5217
1730001 12.7762
1740001 11.7949
1750001 11.2417
1760001 9.37641
1770001 11.7104
1780001 12.1094
1790001 9.39787
1800001 13.8997
1810001 12.3307
1820001 10.462
1830001 10.8824
1840001 12.1847
1850001 14.9801
1860001 9.93355
1870001 10.9046
1880001 12.1388
1890001 11.752
1900001 10.4518
1910001 13.1491
1920001 12.8371
1930001 11.2323
1940001 9.6811
1950001 12.0588
1960001 11.6043
1970001 9.66917
1980001 11.9575
1990001 12.3006
2000001 11.0414
2010001 10.5824
2020001 12.9197
2030001 14.7228
2040001 10.844
2050001 9.56035
2060001 13.2347
2070001 12.3494
2080001 10.4041
2090001 12.4319
2100001 13.8524
2110001 12.6541
2120001 9.49929
2130001 11.2095
2140001 10.6825
2150001 9.29118
2160001 11.2846
2170001 12.3249
2180001 9.4919
2190001 11.596
2200001 12.586
2210001 13.2697
2220001 10.884
2230001 8.72883
2240001 12.8677
2250001 11.3462
2260001 11.0159
2270001 12.2958
2280001 14.9284
2290001 10.8243
2300001 10.8099
2310001 10.9061
2320001 12.7402
2330001 10.2854
2340001 11.0716
2350001 12.0738
2360001 9.39193
2370001 10.7148
2380001 11.6516
2390001 13.1891
2400001 9.52062
2410001 8.56233
2420001 11.1489
2430001 11.2789
2440001 12.1658
2450001 11.7701
2460001 15.4895
2470001 11.3502
2480001 10.5656
2490001 12.4991
2500001 13.2194
2510001 10.3237
2520001 12.4373
2530001 11.9684
2540001 9.88912
2550001 10.1201
2560001 11.5634
2570001 14.2773
2580001 9.34042
2590001 10.5815
2600001 11.486
2610001 11.1871
2620001 11.0379
2630001 12.3223
2640001 15.3946
2650001 12.056
2660001 10.0977
2670001 12.9218
2680001 13.0639
2690001 9.87958
2700001 13.3151
2710001 11.6387
2720001 10.2513
2730001 9.3116
2740001 12.6952
2750001 14.1799
2760001 9.36609
2770001 10.2475
2780001 11.9415
2790001 10.9043
2800001 12.6459
2810001 11.3319
2820001 15.5276
2830001 10.186
2840001 10.302
2850001 14.2216
2860001 12.4125
2870001 10.9862
2880001 12.7564
2890001 12.1116
2900001 9.55142
2910001 9.24083
2920001 11.628
2930001 12.1767
2940001 9.36581
2950001 11.9498
2960001 11.6564
2970001 10.5506
2980001 10.7972
2990001 15.3034
3000001 14.958
3010001 9.99004
3020001 9.97272
3030001 11.9955
3040001 11.8149
3050001 10.4969
3060001 12.5498
3070001 11.7846
3080001 11.2027
3090001 9.95572
3100001 13.6566
3110001 12.0053
3120001 9.25401
3130001 12.6633
3140001 12.0923
3150001 10.9466
3160001 10.7867
3170001 12.049
3180001 14.7647
3190001 11.2329
3200001 9.62041
3210001 13.2597
3220001 12.4517
3230001 10.4625
3240001 12.6708
3250001 13.4806
3260001 10.8262
3270001 9.53547
3280001 11.6009
3290001 10.7062
3300001 9.30426
3310001 11.6884
3320001 12.111
3330001 9.56884
3340001 10.2266
3350001 12.8602
3360001 13.7492
3370001 10.7693
3380001 9.54797
3390001 13.4938
3400001 12.0725
3410001 11.0441
3420001 12.242
3430001 16.4859
3440001 11.083
3450001 9.46664
3460001 10.9726
3470001 11.5927
3480001 9.21892
3490001 11.1547
3500001 12.1178
3510001 9.41823
3520001 10.0563
3530001 11.638
3540001 12.6785
3550001 9.72268
3560001 8.85878
3570001 12.5578
3580001 11.3041
3590001 10.9853
3600001 11.8615
3610001 15.5725
3620001 11.2999
3630001 10.553
3640001 11.391
3650001 13.3016
3660001 10.3018
3670001 13.0009
3680001 12.0011
3690001 10.0008
3700001 10.125
3710001 11.6747
3720001 14.7668
3730001 9.41242
3740001 8.45371
3750001 11.1109
3760001 10.175
3770001 11.1727
3780001 12.17
3790001 15.5099
3800001 12.6226
3810001 10.1662
3820001 12.4834
3830001 13.4267
3840001 10.1425
3850001 12.4503
3860001 11.6205
3870001 10.5003
3880001 9.35449
3890001 11.4973
3900001 14.1729
3910001 9.30812
3920001 10.5704
3930001 11.2562
3940001 11.1211
3950001 12.6738
3960001 10.6035
3970001 16.0934
3980001 10.8665
3990001 9.87934
4000001 12.9516
4010001 12.4209
4020001 11.3932
4030001 14.5151
4040001 11.7697
4050001 10.222
4060001 9.29377
4070001 12.2333
4080001 12.32
4090001 9.3783
4100001 10.9158
4110001 11.7113
4120001 10.7819
4130001 12.6048
4140001 14.3684
4150001 15.2692
4160001 9.78737
4170001 10.0932
4180001 13.9481
4190001 11.8277
4200001 10.5109
4210001 12.7502
4220001 11.7722
4230001 11.2221
4240001 9.37016
4250001 11.6946
4260001 12.0934
4270001 9.38873
4280001 13.8989
4290001 12.3088
4300001 10.4511
4310001 10.8629
4320001 12.1713
4330001 14.9589
4340001 9.92857
4350001 10.8798
4360001 12.1232
4370001 11.742
4380001 10.4403
4390001 13.1345
4400001 12.8169
4410001 11.2038
4420001 9.67374
4430001 12.0523
4440001 11.5891
4450001 9.66845
4460001 11.9631
4470001 12.2818
4480001 11.0358
4490001 10.5759
4500001 12.91
4510001 14.7084
4520001 10.8473
4530001 9.55242
4540001 13.2347
4550001 12.3072
4560001 10.3978
4570001 12.4214
4580001 13.8386
4590001 12.6402
4600001 9.49684
4610001 11.2211
4620001 10.6808
4630001 9.3003
4640001 11.2897
4650001 12.3159
4660001 9.48632
4670001 11.5908
4680001 12.5826
4690001 13.2532
4700001 10.8901
4710001 8.73656
4720001 12.8627
4730001 11.3359
4740001 10.9879
4750001 12.287
4760001 14.9178
4770001 10.822
4780001 10.8141
4790001 10.9072
4800001 12.74
4810001 10.2957
4820001 11.0815
4830001 12.0699
4840001 9.39213
4850001 10.7177
4860001 11.6504
4870001 13.1802
4880001 9.52734
4890001 8.57155
4900001 11.1521
4910001 11.2773
4920001 12.1676
4930001 11.7642
4940001 15.4819
4950001 11.3412
4960001 10.5744
4970001 12.4977
4980001 13.215
4990001 10.3339
5000001 12.4361
5010001 11.9646
5020001 9.89216
5030001 10.1246
5040001 11.5704
5050001 14.2726
5060001 9.35164
5070001 10.5993
5080001 11.4919
5090001 11.1881
5100001 11.0435
5110001 12.3257
5120001 15.3925
5130001 12.0557
5140001 10.106
5150001 12.9249
5160001 13.064
5170001 9.89138
5180001 13.3154
5190001 11.6422
5200001 10.255
5210001 9.31592
5220001 12.6999
5230001 14.1776
5240001 9.37834
5250001 10.2629
5260001 11.9203
5270001 10.9045
5280001 12.6492
5290001 11.3358
5300001 15.5228
5310001 10.193
5320001 10.3031
5330001 14.2178
5340001 12.4137
5350001 10.9951
5360001 12.7557
5370001 12.1142
5380001 9.55753
5390001 9.25353
5400001 11.6347
5410001 12.1649
5420001 9.39042
5430001 11.9627
5440001 11.641
5450001 10.5554
5460001 10.7931
5470001 15.3054
5480001 14.9586
5490001 9.99911
5500001 9.98846
5510001 11.9969
5520001 11.8197
5530001 10.5086
5540001 12.5542
5550001 11.7861
5560001 11.2019
5570001 9.96823
5580001 13.6599
5590001 12.008
5600001 9.26513
5610001 12.6768
5620001 12.0941
5630001 10.9493
5640001 10.7918
5650001 12.0543
5660001 14.7644
5670001 11.2417
5680001 9.62442
5690001 13.2638
5700001 12.4546
5710001 10.4731
5720001 12.6727
5730001 13.4816
5740001 10.8305
5750001 9.54434
5760001 11.6087
5770001 10.713
5780001 9.31348
5790001 11.6991
5800001 12.1102
5810001 9.57589
5820001 10.2326
5830001 12.8677
5840001 13.7511
5850001 10.7813
5860001 9.5576
5870001 13.4991
5880001 12.0731
5890001 11.0535
5900001 12.2417
5910001 16.4844
5920001 11.0811
5930001 9.47239
5940001 11.1083
5950001 11.5989
5960001 9.23064
5970001 11.166
5980001 12.123
5990001 9.42499
6000001 10.0661
6010001 11.6443
6020001 12.6781
6030001 9.72361
6040001 8.87395
6050001 12.5647
6060001 11.3105
6070001 10.579
6080001 11.8629
6090001 15.5741
6100001 11.3069
6110001 10.5609
6120001 11.3972
6130001 13.3022
6140001 10.315
6150001 13.0069
6160001 12.0068
6170001 10.0077
6180001 10.132
6190001 11.6812
6200001 14.7687
6210001 9.42274
6220001 8.46626
6230001 11.1191
6240001 10.1813
6250001 11.1805
6260001 12.1727
6270001 15.5117
6280001 12.6252
6290001 10.1749
6300001 12.3904
6310001 13.4285
6320001 10.154
6330001 12.6223
6340001 11.6296
6350001 10.508
6360001 9.36456
6370001 11.5059
6380001 14.1776
6390001 9.31908
6400001 10.5811
6410001 11.2614
6420001 11.1231
6430001 12.6765
6440001 10.608
6450001 16.0981
6460001 10.8731
6470001 9.88819
6480001 12.9524
6490001 12.4256
6500001 11.4017
6510001 14.5225
6520001 11.7764
6530001 10.23
6540001 9.30207
6550001 12.242
6560001 12.3235
6570001 9.38798
6580001 10.9276
6590001 11.7172
6600001 10.7766
6610001 12.6084
6620001 14.3753
6630001 15.266
6640001 9.79458
6650001 10.1006
6660001 13.95
6670001 11.8383
6680001 10.521
6690001 12.7546
6700001 11.7773
6710001 11.2143
6720001 9.38131
6730001 11.7026
6740001 12.1
6750001 9.39915
6760001 13.909
6770001 12.3103
6780001 10.4558
6790001 10.8685
6800001 12.1767
6810001 14.9624
6820001 9.93611
6830001 9.71287
6840001 12.1533
6850001 11.7454
6860001 10.4481
6870001 13.1381
6880001 12.8161
6890001 11.2081
6900001 9.68265
6910001 12.0576
6920001 11.5936
6930001 9.67607
6940001 11.9721
6950001 12.2739
6960001 11.0429
6970001 10.583
6980001 12.9129
6990001 14.6527
7000001 10.8545
7010001 9.56185
7020001 13.2402
7030001 12.3112
7040001 10.405
7050001 12.4259
7060001 13.8415
7070001 12.641
7080001 9.50278
7090001 11.2268
7100001 10.6861
7110001 9.31148
7120001 11.2992
7130001 12.3218
7140001 9.49074
7150001 11.5968
7160001 12.59
7170001 13.2532
7180001 10.8981
7190001 8.74471
7200001 12.8681
7210001 11.3405
7220001 10.9939
7230001 12.2897
7240001 14.9176
7250001 10.8244
7260001 10.8198
7270001 10.9129
7280001 12.7436
7290001 10.3074
7300001 11.091
7310001 12.0715
7320001 9.39393
7330001 10.7244
7340001 11.6567
7350001 13.1813
7360001 9.53257
7370001 8.58232
7380001 11.1573
7390001 11.2817
7400001 12.174
7410001 11.7662
7420001 15.4835
7430001 11.3458
7440001 10.584
7450001 12.5014
7460001 13.2173
7470001 10.3434
7480001 12.4417
7490001 11.9731
7500001 9.89867
7510001 10.1339
7520001 11.5723
7530001 14.273
7540001 9.36094
7550001 10.6078
7560001 11.4981
7570001 11.195
7580001 11.048
7590001 12.329
7600001 15.3987
7610001 12.0565
7620001 10.1109
7630001 12.9299
7640001 13.0659
7650001 9.9004
7660001 13.321
7670001 11.6458
7680001 10.2574
7690001 9.32326
7700001 12.7044
7710001 14.1778
7720001 9.38616
7730001 10.2747
7740001 11.9249
7750001 10.9123
7760001 12.6525
7770001 11.3393
7780001 15.5248
7790001 10.1947
7800001 10.3084
7810001 14.2226
7820001 12.4185
7830001 11.0024
7840001 12.7594
7850001 12.1192
7860001 9.56724
7870001 9.26071
7880001 11.712
7890001 12.1674
7900001 9.48585
7910001 11.9715
7920001 11.6478
7930001 10.5611
7940001 10.7969
7950001 15.3079
7960001 14.9618
7970001 10.0045
7980001 9.99292
7990001 12.0014
8000001 11.8241
8010001 10.5156
8020001 12.5612
8030001 11.7899
8040001 11.206
8050001 9.55254
8060001 13.6677
8070001 12.0112
8080001 9.27045
8090001 12.6835
8100001 12.099
8110001 10.9563
8120001 10.7973
8130001 12.0528
8140001 14.769
8150001 11.2473
8160001 9.63104
8170001 13.2641
8180001 12.4634
8190001 10.4795
8200001 12.6806
8210001 13.4844
8220001 10.8354
8230001 9.55124
8240001 11.6146
8250001 10.716
8260001 9.32021
8270001 11.7052
8280001 12.1113
8290001 9.58339
8300001 10.2356
8310001 12.8736
8320001 13.7529
8330001 10.7874
8340001 9.56525
8350001 13.5033
8360001 12.0753
8370001 11.0596
8380001 12.2444
8390001 16.4855
8400001 11.0856
8410001 9.47748
8420001 11.114
8430001 11.6156
8440001 9.2372
8450001 11.1724
8460001 12.1266
8470001 9.43066
8480001 10.0698
8490001 11.6507
8500001 12.6838
8510001 9.73116
8520001 8.88031
8530001 12.5653
8540001 11.3146
8550001 10.5864
8560001 11.8683
8570001 15.585
8580001 11.3114
8590001 10.5654
8600001 11.4032
8610001 13.3041
8620001 10.3231
8630001 13.0091
8640001 12.0096
8650001 10.0105
8660001 10.1383
8670001 11.686
8680001 14.7705
8690001 9.42869
8700001 8.4714
8710001 11.1227
8720001 10.1845
8730001 11.1858
8740001 12.1761
8750001 15.5131
8760001 12.6284
8770001 10.1798
8780001 12.3937
8790001 13.4319
8800001 10.1607
8810001 12.6239
8820001 11.6347
8830001 10.512
8840001 9.3706
8850001 11.5107
8860001 14.181
8870001 9.31332
8880001 10.5896
8890001 11.2789
8900001 11.1279
8910001 12.6804
8920001 10.6109
8930001 16.0998
8940001 10.88
8950001 9.90783
8960001 12.9558
8970001 12.4259
8980001 11.4065
8990001 14.5231
9000001 11.7799
9010001 10.2322
9020001 9.30656
9030001 12.2432
9040001 12.3249
9050001 9.39372
9060001 10.9238
9070001 11.7193
9080001 10.7817
9090001 12.6115
9100001 14.3874
9110001 15.2685
9120001 9.7979
9130001 10.1026
9140001 13.9519
9150001 11.8435
9160001 10.5254
9170001 12.7539
9180001 11.7793
9190001 11.217
9200001 9.40045
9210001 11.7012
9220001 12.1036
9230001 9.39561
9240001 13.9147
9250001 12.3141
9260001 10.4593
9270001 10.8716
9280001 12.1787
9290001 14.9698
9300001 9.94175
9310001 9.71789
9320001 12.1568
9330001 11.7501
9340001 10.4766
9350001 12.9119
9360001 12.8172
9370001 11.2115
9380001 9.68279
9390001 12.0604
9400001 11.5977
9410001 9.68181
9420001 11.9795
9430001 12.2778
9440001 11.0464
9450001 10.5876
9460001 12.9143
9470001 14.6549
9480001 10.8588
9490001 9.5673
9500001 13.2374
9510001 12.3145
9520001 10.4093
9530001 12.429
9540001 13.8442
9550001 12.6446
9560001 9.50647
9570001 11.23
9580001 10.6896
9590001 9.32681
9600001 11.3026
9610001 12.3235
9620001 9.47945
9630001 11.5964
9640001 12.594
9650001 13.2544
9660001 10.9034
9670001 8.75092
9680001 12.875
9690001 11.3427
9700001 10.9983
9710001 12.2926
9720001 14.9167
9730001 10.8259
9740001 10.8302
9750001 10.9159
9760001 12.7452
9770001 10.3114
9780001 11.097
9790001 12.0659
9800001 9.39706
9810001 10.7276
9820001 11.6619
9830001 13.1838
9840001 9.54194
9850001 8.58798
9860001 11.1608
9870001 11.2817
9880001 12.1627
9890001 11.7676
9900001 15.4864
9910001 11.3645
9920001 10.5879
9930001 12.503
9940001 13.2189
9950001 10.3478
9960001 12.4446
9970001 11.9732
9980001 9.90204
9990001 10.1354
10000001 11.577
10010001 14.2738
10020001 9.36523
10030001 10.614
10040001 11.5017
10050001 11.1964
10060001 11.0469
10070001 12.3319
10080001 15.3977
10090001 12.0591
10100001 10.1063
10110001 12.9262
10120001 13.069
10130001 9.90551
10140001 13.3208
10150001 11.6479
10160001 10.2583
10170001 9.32802
10180001 12.6961
10190001 14.1802
10200001 9.38948
10210001 10.2956
10220001 11.9273
10230001 10.9158
10240001 12.6552
10250001 11.3397
10260001 15.5256
10270001 10.1978
10280001 10.3118
10290001 14.2219
10300001 12.4204
10310001 11.0034
10320001 12.7626
10330001 12.1223
10340001 9.57062
10350001 9.26378
10360001 11.7168
10370001 12.17
10380001 9.4881
10390001 11.975
10400001 11.6486
10410001 10.5648
10420001 10.8002
10430001 15.3098
10440001 14.9634
10450001 10.0058
10460001 9.99648
10470001 12.0043
10480001 11.8263
10490001 10.5133
10500001 12.5647
10510001 11.7916
10520001 11.2067
10530001 9.55252
10540001 13.6696
10550001 12.0133
10560001 9.27488
10570001 12.6864
10580001 12.0988
10590001 10.96
10600001 10.8005
10610001 12.0524
10620001 14.7705
10630001 11.2501
10640001 9.6158
10650001 13.2651
10660001 12.4668
10670001 10.484
10680001 12.6828
10690001 13.4856
10700001 10.838
10710001 9.52025
10720001 11.6147
10730001 10.7175
10740001 9.32276
10750001 11.7055
10760001 11.6481
10770001 9.58578
10780001 10.2379
10790001 12.8879
10800001 13.7566
10810001 10.7898
10820001 9.56702
10830001 13.5069
10840001 12.0781
10850001 11.0651
10860001 12.247
10870001 16.4854
10880001 11.0835
10890001 9.4771
10900001 11.1161
10910001 11.617
10920001 9.23452
10930001 11.1721
10940001 12.1265
10950001 9.42296
10960001 10.0715
10970001 11.6518
10980001 12.685
10990001 9.73536
11000001 8.8865
11010001 12.5662
11020001 11.3167
11030001 10.5887
11040001 11.871
11050001 15.5867
11060001 11.3135
11070001 10.5675
11080001 11.4039
11090001 13.2993
11100001 10.3206
11110001 13.011
11120001 12.0061
11130001 10.0208
11140001 10.1411
11150001 11.6955
11160001 14.7772
11170001 9.42928
11180001 8.4759
11190001 11.1219
11200001 10.1861
11210001 11.214
11220001 12.1792
11230001 15.514
11240001 12.6323
11250001 10.1821
11260001 12.3949
11270001 13.4331
11280001 10.1648
11290001 12.5838
11300001 11.6352
11310001 10.5197
11320001 9.35957
11330001 11.5163
11340001 14.213
11350001 9.31614
11360001 10.5941
11370001 11.2817
11380001 11.1238
11390001 12.6833
11400001 10.6128
11410001 16.1023
11420001 10.8851
11430001 9.91081
11440001 12.9733
11450001 12.4292
11460001 11.4087
11470001 14.5251
11480001 11.7811
11490001 10.2351
11500001 9.30892
11510001 12.0398
11520001 12.3429
11530001 9.39603
11540001 10.926
11550001 11.7213
11560001 10.7843
11570001 12.5972
11580001 14.3873
11590001 15.2673
11600001 9.79889
11610001 10.1062
11620001 13.9508
11630001 11.8463
11640001 10.5288
11650001 12.7574
11660001 11.7797
11670001 11.2189
11680001 9.40893
11690001 11.7002
11700001 12.1048
11710001 9.39896
11720001 13.9183
11730001 12.3168
11740001 10.4624
11750001 10.8726
11760001 12.183
11770001 14.9708
11780001 9.94189
11790001 9.7219
11800001 12.1591
11810001 11.743
11820001 10.4797
11830001 12.9133
11840001 12.8082
11850001 11.2142
11860001 9.68519
11870001 12.0613
11880001 11.5967
11890001 9.68372
11900001 11.9842
11910001 12.2783
11920001 11.0489
11930001 10.5911
11940001 12.9161
11950001 14.6606
11960001 10.8597
11970001 9.57249
11980001 13.2365
11990001 12.31
12000001 10.4135
12010001 12.434
12020001 13.8415
12030001 12.6461
12040001 9.51266
12050001 11.2358
12060001 10.6888
12070001 9.33164
12080001 11.3047
12090001 12.3231
12100001 9.47062
12110001 11.5981
12120001 12.5976
12130001 13.2548
12140001 10.9066
12150001 8.75536
12160001 12.8778
12170001 11.3445
12180001 11.0033
12190001 12.2938
12200001 14.9116
12210001 10.8272
12220001 10.7788
12230001 10.9159
12240001 12.7469
12250001 10.3023
12260001 11.0989
12270001 12.0622
12280001 9.39881
12290001 10.7308
12300001 11.6639
12310001 13.1827
12320001 9.54252
12330001 8.59199
12340001 11.1603
12350001 11.2836
12360001 12.1649
12370001 11.7675
12380001 15.4877
12390001 11.3653
12400001 10.5905
12410001 12.5042
12420001 13.2208
12430001 10.3509
12440001 12.4491
12450001 11.9784
12460001 9.90366
12470001 10.1396
12480001 11.5796
12490001 14.275
12500001 9.36871
12510001 10.6179
12520001 11.4596
12530001 11.1971
12540001 11.049
12550001 12.3343
12560001 15.3984
12570001 12.0628
12580001 10.1089
12590001 12.9284
12600001 13.0693
12610001 9.908
12620001 13.3232
12630001 11.8224
12640001 10.2578
12650001 9.33013
12660001 12.6978
12670001 14.1812
12680001 9.3918
12690001 10.2982
12700001 11.9269
12710001 10.9169
12720001 12.6545
12730001 11.3419
12740001 15.6768
12750001 10.1997
12760001 10.3132
12770001 14.228
12780001 12.4293
12790001 11.0025
12800001 12.7896
12810001 12.1246
12820001 9.57039
12830001 9.266
12840001 11.7183
12850001 12.169
12860001 9.49047
12870001 11.9775
12880001 11.6503
12890001 10.5664
12900001 10.7998
12910001 15.3096
12920001 14.9643
12930001 9.9664
12940001 9.99902
12950001 12.0053
12960001 11.8275
12970001 10.518
12980001 12.567
12990001 11.7931
13000001 11.2067
13010001 9.55038
13020001 13.6692
13030001 12.012
13040001 9.2767
13050001 12.6897
13060001 12.1001
13070001 10.9643
13080001 10.803
13090001 12.0544
13100001 14.7482
13110001 11.2522
13120001 9.62003
13130001 13.2652
13140001 12.4688
13150001 10.4847
13160001 12.6854
13170001 13.0985
13180001 10.839
13190001 9.52016
13200001 11.6264
13210001 10.7203
13220001 9.33297
13230001 11.6996
13240001 11.649
13250001 9.58691
13260001 10.2345
13270001 12.8963
13280001 13.7301
13290001 10.7909
13300001 9.56708
13310001 13.5069
13320001 12.0789
13330001 11.0687
13340001 12.2471
13350001 16.484
13360001 11.0851
13370001 9.47957
13380001 11.1209
13390001 11.6181
13400001 9.23886
13410001 11.1741
13420001 12.1291
13430001 9.42143
13440001 10.0736
13450001 11.6522
13460001 12.6841
13470001 9.73712
13480001 8.88922
13490001 12.5662
13500001 11.318
13510001 10.5889
13520001 11.8699
13530001 15.5859
13540001 11.313
13550001 10.5688
13560001 11.4049
13570001 13.2992
13580001 10.3219
13590001 13.0056
13600001 12.0069
13610001 10.0235
13620001 10.1415
13630001 11.6981
13640001 14.7788
13650001 9.43126
13660001 8.47822
13670001 11.1228
13680001 10.1853
13690001 11.2163
13700001 12.1808
13710001 15.515
13720001 12.6298
13730001 10.1826
13740001 12.3959
13750001 13.4343
13760001 10.1633
13770001 12.5844
13780001 11.6344
13790001 10.5184
13800001 9.36205
13810001 11.5191
13820001 14.2165
13830001 9.3186
13840001 10.5976
13850001 11.2815
13860001 11.1247
13870001 12.6836
13880001 10.611
13890001 16.1032
13900001 10.8861
13910001 9.91048
13920001 12.9759
13930001 12.4298
13940001 11.4091
13950001 14.5273
13960001 11.7809
13970001 10.2381
13980001 9.30856
13990001 12.0407
14000001 12.3453
14010001 9.39825
14020001 10.9289
14030001 11.7024
14040001 10.7942
14050001 12.5987
14060001 14.385
14070001 15.2704
14080001 9.80013
14090001 10.1088
14100001 13.9508
14110001 11.8468
14120001 10.5302
14130001 12.7568
14140001 11.7702
14150001 11.2203
14160001 9.4098
14170001 11.6979
14180001 12.103
14190001 9.39928
14200001 13.9187
14210001 12.3188
14220001 10.4631
14230001 10.8702
14240001 12.1832
14250001 14.9703
14260001 9.94056
14270001 9.72325
14280001 12.1603
14290001 11.7439
14300001 10.4806
14310001 12.914
14320001 12.9046
14330001 11.2149
14340001 9.6872
14350001 12.0648
14360001 11.599
14370001 9.68443
14380001 11.9862
14390001 12.2786
14400001 10.9941
14410001 10.5919
14420001 12.9167
14430001 13.9779
14440001 10.8617
14450001 9.5729
14460001 13.2365
14470001 10.9348
14480001 10.417
14490001 12.4351
14500001 13.8418
14510001 12.6465
14520001 9.51488
14530001 11.2369
14540001 10.6909
14550001 9.33405
14560001 11.3047
14570001 12.3256
14580001 9.46855
14590001 11.6069
14600001 12.6011
14610001 13.2546
14620001 10.9098
14630001 8.75626
14640001 12.8857
14650001 11.3462
14660001 11.0046
14670001 12.296
14680001 14.857
14690001 10.8279
14700001 10.7785
14710001 10.9164
14720001 12.7488
14730001 10.3034
14740001 11.1001
14750001 12.0606
14760001 9.39856
14770001 10.7311
14780001 11.7709
14790001 13.3745
14800001 9.54418
14810001 8.59345
14820001 11.1591
14830001 11.2831
14840001 12.1661
14850001 11.7679
14860001 15.4877
14870001 11.3651
14880001 10.5919
14890001 12.5051
14900001 13.219
14910001 10.351
14920001 12.4523
14930001 11.9789
14940001 9.90484
14950001 10.1402
14960001 11.5881
14970001 14.2854
14980001 9.36994
14990001 10.6173
15000001 11.4638
15010001 11.1989
15020001 11.0508
15030001 12.3338
15040001 15.3982
15050001 12.0636
15060001 10.1118
15070001 12.9299
15080001 13.0706
15090001 9.91138
15100001 13.3222
15110001 11.8244
15120001 10.2584
15130001 9.31131
15140001 12.3221
15150001 14.181
15160001 9.39499
15170001 10.2989
15180001 11.9265
15190001 10.9167
15200001 12.6542
15210001 11.3423
15220001 15.6776
15230001 10.2016
15240001 10.3149
15250001 14.2285
15260001 12.4307
15270001 11.0031
15280001 12.7899
15290001 12.1305
15300001 9.57059
15310001 9.26783
15320001 11.7183
15330001 12.1749
15340001 9.4912
15350001 11.9791
15360001 11.6511
15370001 10.5731
15380001 10.8005
15390001 15.3104
15400001 14.9648
15410001 9.96784
15420001 9.98977
15430001 12.0069
15440001 11.8271
15450001 10.5228
15460001 12.5691
15470001 11.7938
15480001 11.2005
15490001 9.54931
15500001 13.6619
15510001 12.0124
15520001 9.28155
15530001 12.6895
15540001 12.1001
15550001 10.9657
15560001 10.7895
15570001 12.042
15580001 14.7507
15590001 11.2527
15600001 9.62082
15610001 13.2662
15620001 12.4716
15630001 10.4828
15640001 12.6878
15650001 13.0979
15660001 10.8382
15670001 9.544
15680001 11.6275
15690001 10.7092
15700001 9.3345
15710001 11.6937
15720001 11.6484
15730001 9.588
15740001 10.2365
15750001 12.8978
15760001 13.7316
15770001 10.7927
15780001 9.56826
15790001 13.5061
15800001 12.072
15810001 11.0704
15820001 12.2478
15830001 16.4825
15840001 11.086
15850001 9.48057
15860001 11.1227
15870001 11.6188
15880001 9.2411
15890001 11.1766
15900001 12.1306
15910001 9.42244
15920001 10.0729
15930001 11.6524
15940001 12.6312
15950001 9.73816
15960001 8.89114
15970001 12.5657
15980001 11.3191
15990001 10.5902
16000001 11.8708
16010001 15.5907
16020001 11.3153
16030001 10.5736
16040001 11.407
16050001 13.3
16060001 10.3173
16070001 13.0057
16080001 12.0062
16090001 10.0169
16100001 10.1421
16110001 11.6997
16120001 14.7786
16130001 9.43261
16140001 8.4871
16150001 11.1013
16160001 10.187
16170001 11.145
16180001 12.1813
16190001 15.5167
16200001 12.6308
16210001 10.1838
16220001 12.8639
16230001 13.4343
16240001 10.1648
16250001 12.5846
16260001 11.6351
16270001 10.5163
16280001 9.36184
16290001 11.522
16300001 14.2175
16310001 9.31922
16320001 10.6038
16330001 11.2896
16340001 11.1201
16350001 12.6837
16360001 10.6152
16370001 16.1038
16380001 10.885
16390001 9.91245
16400001 12.9766
16410001 12.4369
16420001 11.4094
16430001 14.5243
16440001 11.7822
16450001 10.2397
16460001 9.31513
16470001 12.0423
16480001 12.3443
16490001 9.41643
16500001 10.9306
16510001 11.7054
16520001 10.7953
16530001 12.5982
16540001 14.3808
16550001 15.274
16560001 9.79749
16570001 10.1092
16580001 13.9522
16590001 11.8496
16600001 10.5292
16610001 12.7567
16620001 11.77
16630001 11.2192
16640001 9.40757
16650001 11.698
16660001 12.1036
16670001 9.39634
16680001 13.9273
16690001 12.3228
16700001 10.464
16710001 10.8674
16720001 12.1847
16730001 14.9712
16740001 9.94562
16750001 9.72549
16760001 12.1594
16770001 11.745
16780001 10.481
16790001 12.9138
16800001 12.9051
16810001 11.2157
16820001 9.68976
16830001 12.0634
16840001 11.5979
16850001 9.68678
16860001 11.9859
16870001 12.2794
16880001 10.9943
16890001 10.5837
16900001 12.9173
16910001 13.973
16920001 10.8628
16930001 9.57742
16940001 13.2392
16950001 10.9344
16960001 10.4202
16970001 12.4367
16980001 13.8451
16990001 12.6466
17000001 9.51562
17010001 11.2122
17020001 10.6913
17030001 9.33531
17040001 11.3119
17050001 12.3258
17060001 9.46886
17070001 11.6089
17080001 12.6007
17090001 13.2547
17100001 10.9089
17110001 8.75775
17120001 12.8396
17130001 11.3384
17140001 11.0167
17150001 12.3034
17160001 14.8657
17170001 10.8528
17180001 10.7804
17190001 10.9175
17200001 12.7489
17210001 10.3038
17220001 11.1004
17230001 12.0618
17240001 9.40035
17250001 10.731
17260001 11.7766
17270001 13.372
17280001 9.53301
17290001 8.59457
17300001 11.1493
17310001 11.285
17320001 12.1648
17330001 11.769
17340001 15.4862
17350001 11.3655
17360001 10.5905
17370001 12.5057
17380001 13.2202
17390001 10.3513
17400001 12.4534
17410001 11.9789
17420001 9.90529
17430001 10.1399
17440001 11.5892
17450001 14.2869
17460001 9.36994
17470001 10.6191
17480001 11.4647
17490001 11.2006
17500001 11.052
17510001 12.334
17520001 15.3983
17530001 12.0651
17540001 10.1114
17550001 12.9024
17560001 13.0699
17570001 9.91195
17580001 13.3232
17590001 11.8256
17600001 10.2601
17610001 9.3168
17620001 12.3236
17630001 14.1816
17640001 9.40125
17650001 10.2998
17660001 11.9015
17670001 10.9174
17680001 12.6545
17690001 11.3412
17700001 15.6769
17710001 10.2051
17720001 10.316
17730001 14.2287
17740001 12.4307
17750001 11.0036
17760001 12.7909
17770001 12.1337
17780001 9.57145
17790001 9.27133
17800001 11.7175
17810001 12.1774
17820001 9.47766
17830001 11.979
17840001 11.6641
17850001 10.5708
17860001 10.8008
17870001 15.3107
17880001 14.9642
17890001 9.96633
17900001 9.99268
17910001 12.0076
17920001 11.8262
17930001 10.5208
17940001 12.569
17950001 11.7943
17960001 11.1995
17970001 9.55091
17980001 13.6634
17990001 12.013
18000001 9.28322
18010001 12.6932
18020001 12.102
18030001 10.9669
18040001 10.7914
18050001 12.015
18060001 14.7477
18070001 11.2531
18080001 9.62283
18090001 13.2666
18100001 12.4719
18110001 10.4831
18120001 12.6876
18130001 13.0901
18140001 10.8393
18150001 9.54569
18160001 11.629
18170001 10.7059
18180001 9.33619
18190001 11.5092
18200001 11.6492
18210001 9.57908
18220001 10.235
18230001 12.8977
18240001 13.7322
18250001 10.8037
18260001 9.56856
18270001 13.5189
18280001 12.0749
18290001 11.0729
18300001 12.247
18310001 16.4896
18320001 11.087
18330001 9.48208
18340001 11.1221
18350001 11.6203
18360001 9.24052
18370001 11.1766
18380001 12.1309
18390001 9.42163
18400001 10.0734
18410001 11.6533
18420001 12.6305
18430001 9.74076
18440001 8.89256
18450001 12.5672
18460001 11.3179
18470001 10.5904
18480001 11.8711
18490001 15.5917
18500001 11.3151
18510001 10.5724
18520001 11.4053
18530001 13.2993
18540001 10.3174
18550001 13.0067
18560001 12.0062
18570001 10.0169
18580001 10.1521
18590001 11.699
18600001 14.7778
18610001 9.43423
18620001 8.48366
18630001 11.1019
18640001 10.1916
18650001 11.1479
18660001 12.181
18670001 15.5114
18680001 12.6321
18690001 10.1845
18700001 12.864
18710001 13.4393
18720001 10.1666
18730001 12.5731
18740001 11.6401
18750001 10.5163
18760001 9.35631
18770001 11.522
18780001 14.2186
18790001 9.33252
18800001 10.6072
18810001 11.2906
18820001 11.1218
18830001 12.6823
18840001 10.6166
18850001 16.2005
18860001 10.8858
18870001 9.9158
18880001 12.9766
18890001 12.4681
18900001 11.4118
18910001 14.5171
18920001 11.7814
18930001 10.242
18940001 9.31748
18950001 12.0434
18960001 12.3434
18970001 9.41744
18980001 10.9315
18990001 11.701
19000001 10.7939
19010001 12.5987
19020001 14.3809
19030001 15.2763
19040001 9.79721
19050001 10.0071
19060001 13.1763
19070001 11.8469
19080001 10.5304
19090001 12.7578
19100001 11.7699
19110001 11.2181
19120001 9.40638
19130001 11.6992
19140001 12.104
19150001 9.39747
19160001 13.9262
19170001 12.3236
19180001 10.4624
19190001 10.8488
19200001 12.171
19210001 14.9713
19220001 9.94402
19230001 9.72534
19240001 12.1595
19250001 11.7509
19260001 10.4825
19270001 12.9143
19280001 12.9038
19290001 11.214
19300001 9.68911
19310001 12.0623
19320001 11.5984
19330001 9.68196
19340001 11.9863
19350001 12.2801
19360001 10.9961
19370001 10.5745
19380001 12.9182
19390001 13.9729
19400001 10.8636
19410001 9.57641
19420001 13.2386
19430001 10.9335
19440001 10.4223
19450001 12.4347
19460001 13.8235
19470001 12.6478
19480001 9.51661
19490001 11.2119
19500001 10.6943
19510001 9.33627
19520001 11.3133
19530001 12.3279
19540001 9.47062
19550001 11.6083
19560001 12.5993
19570001 13.2547
19580001 10.908
19590001 8.75807
19600001 12.8393
19610001 11.338
19620001 11.0166
19630001 12.3041
19640001 14.8632
19650001 10.8533
19660001 10.7806
19670001 10.9178
19680001 12.7499
19690001 10.3015
19700001 11.101
19710001 12.0635
19720001 9.40144
19730001 10.7281
19740001 11.7771
19750001 13.372
19760001 9.5333
19770001 8.59709
19780001 11.15
19790001 11.28
19800001 12.1616
19810001 11.7737
19820001 15.4885
19830001 11.3662
19840001 10.591
19850001 12.5054
19860001 13.221
19870001 10.3501
19880001 12.452
19890001 11.9786
19900001 9.90707
19910001 10.1409
19920001 11.5896
19930001 14.2814
19940001 9.36982
19950001 10.6204
19960001 11.4666
19970001 11.2019
19980001 11.0536
19990001 12.3375
20000001 15.3977
20010001 12.0661
20020001 10.1101
20030001 12.9065
20040001 13.0718
20050001 9.91397
20060001 13.3255
20070001 11.8266
20080001 10.2596
20090001 9.3162
20100001 12.3248
20110001 14.1812
20120001 9.40213
20130001 10.2991
20140001 11.9018
20150001 10.8919
20160001 12.6551
20170001 11.3394
20180001 15.6765
20190001 10.2054
20200001 10.3157
20210001 14.229
20220001 12.4364
20230001 11.0051
20240001 12.7844
20250001 12.0525
20260001 9.57178
20270001 9.27402
20280001 11.706
20290001 12.1774
20300001 9.47798
20310001 11.9799
20320001 11.6549
20330001 10.5716
20340001 10.7634
20350001 15.3114
20360001 14.9643
20370001 9.96772
20380001 9.99229
20390001 12.0067
20400001 11.83
20410001 10.5215
20420001 12.5689
20430001 11.7927
20440001 11.1953
20450001 9.54596
20460001 13.6632
20470001 12.0111
20480001 9.28551
20490001 12.6877
20500001 12.096
20510001 10.9693
20520001 10.7901
20530001 12.0152
20540001 14.748
20550001 11.2535
20560001 9.626
20570001 13.2663
20580001 12.4724
20590001 10.4862
20600001 12.691
20610001 13.0923
20620001 10.8391
20630001 9.54258
20640001 11.6253
20650001 10.7073
20660001 9.3384
20670001 11.5106
20680001 11.6488
20690001 9.58216
20700001 10.2348
20710001 12.8967
20720001 13.7322
20730001 10.8032
20740001 9.56921
20750001 13.5197
20760001 12.0763
20770001 11.0708
20780001 12.2477
20790001 16.4942
20800001 11.0878
20810001 9.47948
20820001 11.095
20830001 11.6048
20840001 9.23656
20850001 11.1746
20860001 12.1302
20870001 9.42166
20880001 10.0748
20890001 11.6531
20900001 12.6283
20910001 9.74364
20920001 8.89338
20930001 12.5666
20940001 11.3187
20950001 10.6029
20960001 11.874
20970001 15.591
20980001 11.3147
20990001 10.5696
21000001 11.4075
21010001 13.2998
21020001 10.321
21030001 12.7832
21040001 12.0057
21050001 10.0184
21060001 10.1529
21070001 11.6986
21080001 14.7776
21090001 9.43082
21100001 8.48412
21110001 11.103
21120001 10.1899
21130001 11.151
21140001 12.1793
21150001 15.5101
21160001 12.6307
21170001 10.1848
21180001 12.8541
21190001 13.4278
21200001 10.1667
21210001 12.5722
21220001 11.628
21230001 10.5119
21240001 9.35668
21250001 11.5223
21260001 14.2194
21270001 9.33103
21280001 10.608
21290001 10.7538
21300001 11.1219
21310001 12.6821
21320001 10.6203
21330001 16.1992
21340001 10.8848
21350001 9.90894
21360001 12.9771
21370001 12.4674
21380001 11.4109
21390001 14.5082
21400001 11.7833
21410001 10.2417
21420001 9.31796
21430001 12.0441
21440001 12.348
21450001 9.42035
21460001 10.9336
21470001 11.7019
21480001 10.7946
21490001 12.4028
21500001 15.4669
21510001 15.2764
21520001 9.79973
21530001 10.0053
21540001 13.1783
21550001 11.8469
21560001 10.5299
21570001 12.757
21580001 11.7676
21590001 11.2191
21600001 9.4068
21610001 11.6988
21620001 12.1053
21630001 9.39612
21640001 13.9285
21650001 12.3241
21660001 10.4632
21670001 10.8517
21680001 12.1641
21690001 14.9729
21700001 9.94178
21710001 9.72482
21720001 12.156
21730001 11.7506
21740001 10.4852
21750001 12.9143
21760001 12.9033
21770001 11.213
21780001 9.68918
21790001 12.0624
21800001 11.5991
21810001 9.68215
21820001 11.9878
21830001 12.2805
21840001 10.1775
21850001 10.5759
21860001 12.9187
21870001 13.9724
21880001 10.8653
21890001 9.57659
21900001 13.2384
21910001 10.9332
21920001 10.4272
21930001 12.4339
21940001 13.8248
21950001 12.6502
21960001 9.51705
21970001 11.2112
21980001 10.6901
21990001 9.32618
22000001 11.3126
22010001 12.3245
22020001 9.47282
22030001 11.6091
22040001 12.5972
22050001 13.2534
22060001 10.9086
22070001 8.76014
22080001 12.8391
22090001 11.348
22100001 11.0102
22110001 12.3025
22120001 14.8604
22130001 10.8534
22140001 10.7802
22150001 10.92
22160001 12.751
22170001 10.302
22180001 11.0999
22190001 12.0652
22200001 9.40418
22210001 10.7293
22220001 11.7996
22230001 13.3703
22240001 9.53348
22250001 8.59846
22260001 11.1513
22270001 11.2834
22280001 12.161
22290001 11.7737
22300001 15.4871
22310001 11.3641
22320001 10.5917
22330001 12.5047
22340001 13.2203
22350001 10.3503
22360001 12.4519
22370001 11.9789
22380001 9.90865
22390001 10.1398
22400001 11.5913
22410001 14.2793
22420001 9.37095
22430001 10.6216
22440001 11.465
22450001 11.2014
22460001 11.0567
22470001 12.3384
22480001 15.3968
22490001 12.0659
22500001 10.1107
22510001 12.9071
22520001 13.0746
22530001 9.91359
22540001 13.3249
22550001 11.8264
22560001 10.2585
22570001 9.29985
22580001 12.3274
22590001 14.1608
22600001 9.40261
22610001 10.3005
22620001 11.9025
22630001 10.8916
22640001 12.6549
22650001 11.338
22660001 15.6768
22670001 10.2041
22680001 10.3167
22690001 14.2296
22700001 12.4348
22710001 11.003
22720001 12.766
22730001 12.0542
22740001 9.57495
22750001 9.27625
22760001 11.7062
22770001 12.1771
22780001 9.4803
22790001 11.98
22800001 11.652
22810001 10.5711
22820001 10.7625
22830001 15.3146
22840001 14.9666
22850001 9.96684
22860001 9.99293
22870001 12.0077
22880001 11.8292
22890001 10.519
22900001 12.569
22910001 11.7928
22920001 11.1939
22930001 9.54765
22940001 13.6645
22950001 12.0106
22960001 9.28442
22970001 12.6872
22980001 12.1054
22990001 10.972
23000001 10.7892
23010001 12.016
23020001 14.7555
23030001 11.2529
23040001 9.62586
23050001 13.2651
23060001 12.4711
23070001 10.4946
23080001 12.6904
23090001 13.0931
23100001 10.839
23110001 9.53942
23120001 11.6251
23130001 10.7085
23140001 9.3395
23150001 11.4973
23160001 11.653
23170001 9.58235
23180001 10.2358
23190001 12.9109
23200001 13.7339
23210001 10.8053
23220001 9.56875
23230001 13.5198
23240001 12.0772
23250001 11.0713
23260001 12.2499
23270001 16.4817
23280001 11.0842
23290001 9.48348
23300001 11.0986
23310001 11.6057
23320001 9.2383
23330001 11.1736
23340001 12.1308
23350001 9.42736
23360001 10.0763
23370001 11.6528
23380001 12.6295
23390001 9.74661
23400001 8.89533
23410001 11.2755
23420001 11.3193
23430001 10.6028
23440001 11.874
23450001 15.5959
23460001 11.3141
23470001 10.5701
23480001 11.4076
23490001 13.3023
23500001 10.3302
23510001 12.785
23520001 12.0068
23530001 10.0184
23540001 10.1534
23550001 11.6992
23560001 14.7785
23570001 9.4306
23580001 8.48327
23590001 11.1026
23600001 10.1893
23610001 11.1526
23620001 12.18
23630001 15.5078
23640001 12.6317
23650001 10.1851
23660001 12.8536
23670001 13.4272
23680001 10.1729
23690001 12.5729
23700001 11.6189
23710001 10.5142
23720001 9.35642
23730001 11.5231
23740001 14.2181
23750001 9.33089
23760001 10.6105
23770001 10.7557
23780001 11.1211
23790001 12.6822
23800001 10.6207
23810001 16.1991
23820001 10.8838
23830001 9.90879
23840001 12.9773
23850001 12.4664
23860001 11.4099
23870001 14.5086
23880001 11.7837
23890001 10.2436
23900001 9.31823
23910001 12.0451
23920001 12.3482
23930001 9.42062
23940001 10.9357
23950001 11.7011
23960001 10.7891
23970001 12.4004
23980001 15.4687
23990001 15.2772
24000001 9.8001
24010001 10.0056
24020001 13.1781
24030001 11.8468
24040001 10.5304
24050001 12.7581
24060001 11.7676
24070001 11.2206
24080001 9.40727
24090001 11.6982
24100001 12.1069
24110001 9.39691
24120001 13.928
24130001 12.3278
24140001 10.4634
24150001 10.8525
24160001 12.1634
24170001 14.9773
24180001 9.94275
24190001 9.72696
24200001 12.1521
24210001 11.767
24220001 10.485
24230001 12.9146
24240001 12.9042
24250001 11.2147
24260001 9.68721
24270001 12.0632
24280001 11.5996
24290001 9.68293
24300001 11.9866
24310001 12.2603
24320001 10.1782
24330001 10.577
24340001 12.9197
24350001 13.8688
24360001 10.8642
24370001 9.57617
24380001 13.235
24390001 10.9343
24400001 10.4281
24410001 12.435
24420001 13.8248
24430001 12.6491
24440001 9.51208
24450001 11.2119
24460001 10.6891
24470001 9.32708
24480001 11.3141
24490001 12.3264
24500001 9.4754
24510001 11.6075
24520001 12.5963
24530001 13.2535
24540001 10.9084
24550001 8.76264
24560001 12.8435
24570001 11.335
24580001 11.0088
24590001 12.3049
24600001 14.8594
24610001 10.853
24620001 10.7802
24630001 10.9209
24640001 12.7503
24650001 10.3025
24660001 11.0995
24670001 12.058
24680001 9.40382
24690001 10.7244
24700001 11.7992
24710001 13.3764
24720001 9.53436
24730001 8.59904
24740001 11.1516
24750001 11.2801
24760001 12.1634
24770001 11.7716
24780001 15.4834
24790001 11.3643
24800001 10.5947
24810001 12.5062
24820001 13.2149
24830001 10.3498
24840001 12.4866
24850001 11.981
24860001 9.92309
24870001 10.1391
24880001 11.5931
24890001 14.2761
24900001 9.37092
24910001 10.6218
24920001 11.4645
24930001 11.1998
24940001 11.0553
24950001 12.3404
24960001 15.3937
24970001 12.0675
24980001 10.1134
24990001 12.9115
25000001 13.0746
25010001 9.91258
25020001 13.323
25030001 11.8304
25040001 10.2585
25050001 9.30211
25060001 12.3293
25070001 14.1607
25080001 9.4038
25090001 10.302
25100001 11.9031
25110001 10.892
25120001 12.6285
25130001 11.3396
25140001 15.6763
25150001 10.2055
25160001 10.3162
25170001 14.2275
25180001 12.4341
25190001 11.0028
25200001 12.7676
25210001 12.0544
25220001 9.57545
25230001 9.27747
25240001 11.7082
25250001 12.1715
25260001 9.48227
25270001 11.9796
25280001 11.6535
25290001 10.5766
25300001 10.7631
25310001 15.3136
25320001 14.9665
25330001 9.96833
25340001 9.98973
25350001 12.0103
25360001 11.8289
25370001 10.5181
25380001 12.6043
25390001 11.7747
25400001 11.196
25410001 9.54775
25420001 13.6632
25430001 12.0069
25440001 9.28144
25450001 12.6901
25460001 12.1062
25470001 10.9739
25480001 10.7887
25490001 12.0167
25500001 14.7571
25510001 11.2535
25520001 9.62641
25530001 13.2673
25540001 12.4711
25550001 10.4957
25560001 12.6894
25570001 13.0961
25580001 10.8365
25590001 9.53789
25600001 11.6254
25610001 10.7081
25620001 9.33955
25630001 11.4958
25640001 11.653
25650001 9.58068
25660001 10.2367
25670001 12.9132
25680001 13.7342
25690001 10.805
25700001 9.56983
25710001 13.5228
25720001 12.0777
25730001 11.0712
25740001 12.249
25750001 16.4821
25760001 11.073
25770001 9.47008
25780001 11.1017
25790001 11.6059
25800001 9.24264
25810001 11.1852
25820001 12.1285
25830001 9.42849
25840001 10.0806
25850001 11.6503
25860001 12.6283
25870001 9.74812
25880001 8.89251
25890001 11.2753
25900001 11.3157
25910001 11.9947
25920001 11.8734
25930001 15.5959
25940001 11.3136
25950001 10.5711
25960001 11.409
25970001 13.2993
25980001 10.3311
25990001 12.783
26000001 12.0067
26010001 10.0195
26020001 10.1543
26030001 11.6985
26040001 14.7768
26050001 9.43231
26060001 8.48488
26070001 11.1013
26080001 10.1885
26090001 11.1541
26100001 12.1809
26110001 15.4857
26120001 12.6307
26130001 10.1861
26140001 12.8536
26150001 13.428
26160001 10.1714
26170001 12.5676
26180001 11.62
26190001 10.5151
26200001 9.35908
26210001 11.529
26220001 14.226
26230001 9.33228
26240001 10.6108
26250001 10.7566
26260001 11.122
26270001 12.6824
26280001 10.6225
26290001 15.6501
26300001 10.883
26310001 9.91046
26320001 12.9516
26330001 12.4658
26340001 11.4108
26350001 14.5108
26360001 11.1919
26370001 10.2459
26380001 9.31837
26390001 12.0449
26400001 12.3476
26410001 9.42124
26420001 10.9345
26430001 11.6986
26440001 10.7891
26450001 12.3989
26460001 15.4695
26470001 15.2761
26480001 9.79827
26490001 10.0085
26500001 13.1785
26510001 11.8437
26520001 10.5313
26530001 12.7493
26540001 11.7695
26550001 11.2195
26560001 9.40802
26570001 11.6973
26580001 12.1066
26590001 9.3993
26600001 13.9272
26610001 12.3273
26620001 10.4652
26630001 10.8533
26640001 12.1658
26650001 14.9771
26660001 9.94367
26670001 9.72676
26680001 12.1531
26690001 11.7668
26700001 10.485
26710001 12.9133
26720001 12.9027
26730001 11.2166
26740001 9.67029
26750001 12.063
26760001 11.6032
26770001 9.68337
26780001 11.9872
26790001 12.2627
26800001 10.1782
26810001 10.5774
26820001 12.918
26830001 13.8694
26840001 10.8633
26850001 9.57769
26860001 13.2348
26870001 10.9348
26880001 10.4281
26890001 12.4351
26900001 13.8245
26910001 10.8596
26920001 9.51056
26930001 11.2122
26940001 10.6895
26950001 9.3286
26960001 11.3173
26970001 12.3233
26980001 9.46888
26990001 11.6105
27000001 12.5971
27010001 13.2535
27020001 10.9131
27030001 8.7554
27040001 12.8487
27050001 11.3352
27060001 11.0048
27070001 12.3059
27080001 14.8608
27090001 10.8511
27100001 10.7816
27110001 10.9178
27120001 12.749
27130001 10.2989
27140001 11.1014
27150001 12.0597
27160001 9.41079
27170001 10.7254
27180001 11.7993
27190001 13.3764
27200001 9.53066
27210001 8.59906
27220001 11.1515
27230001 11.279
27240001 12.1641
27250001 11.7692
27260001 15.4834
27270001 11.3586
27280001 10.5947
27290001 12.5073
27300001 13.2163
27310001 10.3495
27320001 12.4869
27330001 11.9578
27340001 9.92216
27350001 9.52876
27360001 11.5951
27370001 14.2748
27380001 9.36999
27390001 10.6538
27400001 11.4655
27410001 11.1989
27420001 11.0548
27430001 12.3397
27440001 15.4267
27450001 12.0668
27460001 10.1169
27470001 12.913
27480001 13.0762
27490001 9.91623
27500001 13.3204
27510001 11.8323
27520001 10.2593
27530001 9.30149
27540001 12.3293
27550001 14.1616
27560001 9.40544
27570001 10.2996
27580001 11.9031
27590001 10.8913
27600001 12.6287
27610001 11.3399
27620001 15.6593
27630001 10.2054
27640001 10.3178
27650001 14.2267
27660001 12.4342
27670001 11.0033
27680001 12.7674
27690001 12.0522
27700001 9.57596
27710001 9.27595
27720001 11.6998
27730001 12.1708
27740001 9.48398
27750001 11.9799
27760001 11.6551
27770001 10.5767
27780001 10.7643
27790001 15.3111
27800001 14.9651
27810001 9.96858
27820001 9.99011
27830001 12.011
27840001 11.8306
27850001 10.5187
27860001 12.6022
27870001 11.7722
27880001 11.1957
27890001 9.54744
27900001 13.662
27910001 12.0052
27920001 9.28178
27930001 12.6888
27940001 12.1066
27950001 10.9725
27960001 10.7853
27970001 12.0186
27980001 14.7567
27990001 11.2543
28000001 9.62673
28010001 13.2673
28020001 12.4713
28030001 10.4959
28040001 12.6899
28050001 13.095
28060001 10.8381
28070001 9.53856
28080001 11.6257
28090001 10.7309
28100001 9.33685
28110001 11.4936
28120001 11.6521
28130001 9.58167
28140001 10.237
28150001 12.9103
28160001 13.734
28170001 10.8076
28180001 8.80718
28190001 13.523
28200001 12.0768
28210001 11.0712
28220001 12.2499
28230001 16.4815
28240001 11.0738
28250001 9.4706
28260001 11.1019
28270001 11.6072
28280001 9.24205
28290001 11.1796
28300001 12.1286
28310001 9.42836
28320001 10.0809
28330001 11.6487
28340001 12.6249
28350001 9.74706
28360001 8.89048
28370001 11.2765
28380001 11.3137
28390001 11.9864
28400001 11.8709
28410001 15.5948
28420001 11.3151
28430001 10.57
28440001 11.4069
28450001 13.2989
28460001 10.3363
28470001 12.7802
28480001 12.007
28490001 10.0212
28500001 10.1547
28510001 11.6988
28520001 14.7746
28530001 9.43129
28540001 8.48407
28550001 11.1018
28560001 10.1892
28570001 11.1974
28580001 12.1814
28590001 15.4845
28600001 12.6309
28610001 10.1851
28620001 12.8521
28630001 13.428
28640001 10.1714
28650001 12.565
28660001 11.6224
28670001 10.5148
28680001 9.35845
28690001 11.5289
28700001 14.2252
28710001 9.33436
28720001 10.6115
28730001 10.758
28740001 11.1211
28750001 12.6836
28760001 10.622
28770001 15.6505
28780001 10.3615
28790001 9.91115
28800001 12.9509
28810001 12.4681
28820001 11.4099
28830001 14.5116
28840001 11.1917
28850001 10.2473
28860001 9.32029
28870001 12.0422
28880001 12.3479
28890001 9.41992
28900001 10.9342
28910001 11.6996
28920001 10.7903
28930001 12.4008
28940001 15.4709
28950001 15.2422
28960001 9.79753
28970001 10.0068
28980001 13.1805
28990001 11.8452
29000001 10.5297
29010001 12.7484
29020001 11.7672
29030001 11.2192
29040001 9.38516
29050001 11.693
29060001 12.1076
29070001 9.40138
29080001 12.4631
29090001 12.3276
29100001 10.2808
29110001 10.8535
29120001 12.1487
29130001 14.9773
29140001 9.94155
29150001 9.72768
29160001 12.1515
29170001 11.7672
29180001 10.4866
29190001 12.9116
29200001 12.9049
29210001 11.2179
29220001 9.66827
29230001 12.063
29240001 11.6029
29250001 9.68557
29260001 12
29270001 12.2642
29280001 10.179
29290001 10.5778
29300001 12.9171
29310001 13.8701
29320001 10.8633
29330001 9.57709
29340001 13.2368
29350001 10.9328
29360001 10.4355
29370001 12.4354
29380001 13.827
29390001 10.8594
29400001 9.50907
29410001 11.2122
29420001 10.6867
29430001 9.3287
29440001 11.3171
29450001 12.3252
29460001 9.4647
29470001 11.6107
29480001 12.5751
29490001 13.2531
29500001 10.903
29510001 8.75275
29520001 12.845
29530001 11.3357
29540001 11.0065
29550001 12.3057
29560001 14.8604
29570001 11.3973
29580001 10.7828
29590001 10.9181
29600001 12.7466
29610001 10.2821
29620001 11.1019
29630001 12.0603
29640001 9.41194
29650001 10.7256
29660001 11.7972
29670001 13.3773
29680001 9.53131
29690001 8.60063
29700001 11.1815
29710001 11.2787
29720001 12.163
29730001 11.7681
29740001 15.4789
29750001 11.3587
29760001 10.5948
29770001 12.5016
29780001 13.2163
29790001 10.3446
29800001 12.4864
29810001 11.9575
29820001 9.92054
29830001 9.52371
29840001 11.5957
29850001 14.2721
29860001 9.37001
29870001 10.6564
29880001 11.4654
29890001 11.1971
29900001 11.056
29910001 12.3472
29920001 15.425
29930001 12.0673
29940001 10.1177
29950001 12.9135
29960001 13.0746
29970001 9.91732
29980001 13.3216
29990001 11.8335
