1 31.3429
10001 12.4827
20001 7.65513
30001 5.93999
40001 4.76032
50001 4.15966
60001 3.64521
70001 3.32311
80001 3.1129
90001 2.86066
100001 2.84664
110001 2.57135
120001 2.46841
130001 2.33959
140001 2.25287
150001 2.16038
160001 2.09061
170001 2.02728
180001 1.96809
190001 2.00498
200001 1.87653
210001 1.99326
220001 1.87464
230001 1.95789
240001 1.79514
250001 1.76887
260001 1.72821
270001 1.621
280001 1.66545
290001 1.55522
300001 1.65323
310001 1.57274
320001 1.49877
330001 1.46571
340001 1.57273
350001 1.52373
360001 1.51185
370001 1.83066
380001 1.39265
390001 1.67852
400001 1.39129
410001 1.64944
420001 1.46315
430001 1.69233
440001 1.44534
450001 1.39535
460001 1.4567
470001 1.27978
480001 1.38819
490001 1.26237
500001 1.31084
510001 1.24155
520001 1.22575
530001 1.32531
540001 1.37319
550001 1.45752
560001 1.23156
570001 1.21014
580001 1.18059
590001 1.19168
600001 1.16631
610001 1.1653
620001 1.32054
630001 1.20969
640001 1.27169
650001 1.15534
660001 1.41849
670001 1.17633
680001 1.51782
690001 1.24943
700001 1.15997
710001 1.25998
720001 1.29868
730001 1.28005
740001 1.10341
750001 1.1217
760001 1.09659
770001 1.10965
780001 1.0902
790001 1.23722
800001 1.19532
810001 1.20341
820001 1.40809
830001 1.08523
840001 1.39172
850001 1.15273
860001 1.51895
870001 1.14948
880001 1.40457
890001 1.25945
900001 1.13962
910001 1.30911
920001 1.07138
930001 1.22435
940001 1.07399
950001 1.06568
960001 1.17589
970001 1.05869
980001 1.32519
990001 1.09714
1000001 1.22112
1010001 1.07058
1020001 1.07419
1030001 1.048
1040001 1.05071
1050001 1.05047
1060001 1.04764
1070001 1.21588
1080001 1.11103
1090001 1.27573
1100001 1.11452
1110001 1.33399
1120001 1.18728
1130001 1.46032
1140001 1.16628
1150001 1.05542
1160001 1.11561
1170001 1.09095
1180001 1.21279
1190001 1.15445
1200001 1.05119
1210001 1.03364
1220001 1.24402
1230001 1.14836
1240001 1.15073
1250001 1.30277
1260001 1.03708
1270001 1.38906
1280001 1.19915
1290001 1.32477
1300001 1.19277
1310001 1.45647
1320001 1.08762
1330001 1.30594
1340001 1.23229
1350001 1.10639
1360001 1.17753
1370001 1.05161
1380001 1.11275
1390001 1.04381
1400001 1.03259
1410001 1.14873
1420001 1.20982
1430001 1.30095
1440001 1.07597
1450001 1.05749
1460001 1.05115
1470001 1.05454
1480001 1.02897
1490001 1.03344
1500001 1.02779
1510001 1.09469
1520001 1.16534
1530001 1.05155
1540001 1.38051
1550001 1.07744
1560001 1.32266
1570001 1.16233
1580001 1.17174
1590001 1.12958
1600001 1.04808
1610001 1.15248
1620001 1.02926
1630001 1.29997
1640001 1.02873
1650001 1.04671
1660001 1.02958
1670001 1.18271
1680001 1.03078
1690001 1.14785
1700001 1.37689
1710001 1.04127
1720001 1.38593
1730001 1.11168
1740001 1.38406
1750001 1.20095
1760001 1.45299
1770001 1.19873
1780001 1.15509
1790001 1.23362
1800001 1.04844
1810001 1.22752
1820001 1.05168
1830001 1.09137
1840001 1.04807
1850001 1.03935
1860001 1.15302
1870001 1.25935
1880001 1.30462
1890001 1.08144
1900001 1.06146
1910001 1.03794
1920001 1.05566
1930001 1.04245
1940001 1.04053
1950001 1.2134
1960001 1.10076
1970001 1.1738
1980001 1.05418
1990001 1.33262
2000001 1.19159
2010001 1.44672
2020001 1.16616
2030001 1.08283
2040001 1.12183
2050001 1.22864
2060001 1.18548
2070001 1.03892
2080001 1.2211
2090001 1.03955
2100001 1.05593
2110001 1.03922
2120001 1.19202
2130001 1.15166
2140001 1.16315
2150001 1.3743
2160001 1.18069
2170001 1.34327
2180001 1.20615
2190001 1.49645
2200001 1.12397
2210001 1.37802
2220001 1.23644
2230001 1.1085
2240001 1.08719
2250001 1.0535
2260001 1.21112
2270001 1.06121
2280001 1.05429
2290001 1.16577
2300001 1.05844
2310001 1.31709
2320001 1.09499
2330001 1.217
2340001 1.07081
2350001 1.07349
2360001 1.0505
2370001 1.05394
2380001 1.05542
2390001 1.05425
2400001 1.22572
2410001 1.05852
2420001 1.28424
2430001 1.19469
2440001 1.344
2450001 1.13982
2460001 1.31115
2470001 1.17809
2480001 1.0713
2490001 1.1314
2500001 1.05343
2510001 1.22682
2520001 1.13934
2530001 1.07082
2540001 1.05433
2550001 1.20556
2560001 1.16939
2570001 1.17184
2580001 1.31994
2590001 1.07226
2600001 1.4053
2610001 1.22208
2620001 1.34272
2630001 1.22506
2640001 1.47382
2650001 1.11443
2660001 1.32711
2670001 1.25859
2680001 1.11531
2690001 1.20016
2700001 1.07617
2710001 1.14176
2720001 1.0747
2730001 1.06396
2740001 1.17802
2750001 1.24114
2760001 1.32803
2770001 1.10857
2780001 1.08954
2790001 1.06546
2800001 1.08208
2810001 1.06354
2820001 1.06795
2830001 1.06285
2840001 1.12769
2850001 1.20094
2860001 1.08139
2870001 1.35675
2880001 1.11204
2890001 1.35433
2900001 1.19463
2910001 1.20683
2920001 1.24277
2930001 1.08537
2940001 1.18886
2950001 1.06709
2960001 1.09289
2970001 1.06717
2980001 1.08463
2990001 1.06772
3000001 1.21716
3010001 1.06967
3020001 1.18952
3030001 1.39159
3040001 1.07622
3050001 1.40174
3060001 1.14802
3070001 1.40604
3080001 1.14913
3090001 1.48629
3100001 1.26563
3110001 1.17045
3120001 1.26025
3130001 1.08329
3140001 1.26174
3150001 1.09011
3160001 1.08287
3170001 1.19222
3180001 1.07981
3190001 1.18444
3200001 1.13042
3210001 1.33957
3220001 1.12145
3230001 1.10085
3240001 1.07799
3250001 1.08152
3260001 1.0831
3270001 1.08104
3280001 1.25343
3290001 1.14019
3300001 1.37174
3310001 1.15104
3320001 1.36815
3330001 1.22864
3340001 1.49672
3350001 1.20323
3360001 1.09893
3370001 1.16065
3380001 1.31553
3390001 1.21246
3400001 1.08103
3410001 1.10094
3420001 1.08126
3430001 1.08491
3440001 1.20118
3450001 1.19739
3460001 1.19128
3470001 1.08932
3480001 1.42839
3490001 1.25121
3500001 1.37693
3510001 1.24465
3520001 1.49607
3530001 1.13317
3540001 1.35042
3550001 1.28856
3560001 1.14782
3570001 1.22736
3580001 1.09421
3590001 1.19302
3600001 1.10131
3610001 1.09615
3620001 1.20334
3630001 1.09838
3640001 1.35152
3650001 1.13503
3660001 1.15248
3670001 1.11127
3680001 1.11336
3690001 1.09046
3700001 1.09447
3710001 1.09611
3720001 1.09469
3730001 1.22686
3740001 1.11314
3750001 1.32153
3760001 1.2319
3770001 1.37751
3780001 1.21683
3790001 1.23202
3800001 1.21103
3810001 1.11147
3820001 1.21271
3830001 1.09351
3840001 1.2537
3850001 1.17851
3860001 1.1104
3870001 1.09464
3880001 1.24166
3890001 1.20737
3900001 1.21145
3910001 1.5728
3920001 1.11164
3930001 1.43748
3940001 1.14372
3950001 1.43665
3960001 1.26073
3970001 1.50348
3980001 1.25885
3990001 1.21636
4000001 1.29639
4010001 1.11334
4020001 1.35488
4030001 1.11677
4040001 1.1783
4050001 1.1137
4060001 1.10502
4070001 1.21477
4080001 1.27808
4090001 1.36217
4100001 1.14618
4110001 1.1257
4120001 1.10414
4130001 1.1202
4140001 1.10217
4150001 1.10665
4160001 1.27833
4170001 1.16447
4180001 1.23865
4190001 1.11942
4200001 1.3906
4210001 1.14865
4220001 1.50339
4230001 1.22924
4240001 1.14762
4250001 1.25252
4260001 1.2986
4270001 1.28482
4280001 1.10531
4290001 1.12686
4300001 1.10545
4310001 1.12121
4320001 1.10553
4330001 1.25167
4340001 1.21465
4350001 1.22452
4360001 1.42195
4370001 1.11361
4380001 1.41077
4390001 1.1817
4400001 1.54025
4410001 1.18409
4420001 1.43066
4430001 1.29974
4440001 1.17991
4450001 1.35911
4460001 1.12007
4470001 1.26848
4480001 1.12666
4490001 1.11977
4500001 1.22687
4510001 1.11644
4520001 1.3732
4530001 1.15803
4540001 1.27699
4550001 1.13436
4560001 1.1366
4570001 1.11468
4580001 1.11805
4590001 1.11977
4600001 1.11746
4610001 1.28824
4620001 1.1804
4630001 1.34299
4640001 1.1858
4650001 1.39969
4660001 1.25512
4670001 1.52648
4680001 1.23615
4690001 1.13441
4700001 1.19146
4710001 1.16662
4720001 1.29072
4730001 1.23565
4740001 1.13342
4750001 1.11795
4760001 1.31888
4770001 1.22955
4780001 1.23068
4790001 1.37462
4800001 1.1235
4810001 1.45717
4820001 1.28066
4830001 1.39659
4840001 1.24446
4850001 1.52341
4860001 1.17407
4870001 1.37906
4880001 1.32008
4890001 1.19202
4900001 1.25921
4910001 1.14291
4920001 1.19951
4930001 1.13615
4940001 1.12571
4950001 1.23593
4960001 1.29932
4970001 1.3819
4980001 1.16893
4990001 1.14923
5000001 1.14542
5010001 1.14705
5020001 1.1247
5030001 1.12881
5040001 1.12405
5050001 1.187
5060001 1.26021
5070001 1.14665
5080001 1.46349
5090001 1.17066
5100001 1.40703
5110001 1.24973
5120001 1.26285
5130001 1.17966
5140001 1.14503
5150001 1.24376
5160001 1.12749
5170001 1.38674
5180001 1.12725
5190001 1.14379
5200001 1.12825
5210001 1.27174
5220001 1.12945
5230001 1.23984
5240001 1.4554
5250001 1.13929
5260001 1.46504
5270001 1.20332
5280001 1.46449
5290001 1.29095
5300001 1.52779
5310001 1.28917
5320001 1.2449
5330001 1.3284
5340001 1.14612
5350001 1.31394
5360001 1.14951
5370001 1.18699
5380001 1.14625
5390001 1.13791
5400001 1.24564
5410001 1.35125
5420001 1.39056
5430001 1.17846
5440001 1.1576
5450001 1.1367
5460001 1.15231
5470001 1.14101
5480001 1.13888
5490001 1.30915
5500001 1.1954
5510001 1.27009
5520001 1.15183
5530001 1.41812
5540001 1.28096
5550001 1.52938
5560001 1.25538
5570001 1.1782
5580001 1.2144
5590001 1.32286
5600001 1.27566
5610001 1.1372
5620001 1.31286
5630001 1.13771
5640001 1.15274
5650001 1.13734
5660001 1.28066
5670001 1.24533
5680001 1.25363
5690001 1.45355
5700001 1.27346
5710001 1.42428
5720001 1.29682
5730001 1.5713
5740001 1.21442
5750001 1.45629
5760001 1.32485
5770001 1.20055
5780001 1.18186
5790001 1.14948
5800001 1.29694
5810001 1.15674
5820001 1.15008
5830001 1.25589
5840001 1.15369
5850001 1.40087
5860001 1.18896
5870001 1.30542
5880001 1.16546
5890001 1.16672
5900001 1.14597
5910001 1.14897
5920001 1.15049
5930001 1.14916
5940001 1.31801
5950001 1.153
5960001 1.3708
5970001 1.28203
5980001 1.42622
5990001 1.22891
6000001 1.39593
6010001 1.264
6020001 1.16467
6030001 1.22029
6040001 1.14766
6050001 1.31458
6060001 1.2308
6070001 1.16347
6080001 1.15011
6090001 1.2904
6100001 1.25772
6110001 1.25887
6120001 1.40081
6130001 1.16395
6140001 1.48126
6150001 1.30805
6160001 1.42136
6170001 1.30924
6180001 1.54664
6190001 1.20298
6200001 1.38727
6210001 1.34658
6220001 1.20336
6230001 1.28367
6240001 1.1671
6250001 1.22801
6260001 1.16559
6270001 1.15531
6280001 1.26387
6290001 1.32731
6300001 1.40789
6310001 1.19786
6320001 1.17811
6330001 1.15626
6340001 1.1711
6350001 1.15428
6360001 1.1582
6370001 1.15349
6380001 1.21425
6390001 1.28861
6400001 1.17036
6410001 1.43486
6420001 1.19896
6430001 1.43229
6440001 1.27616
6450001 1.28994
6460001 1.32372
6470001 1.17386
6480001 1.27144
6490001 1.15634
6500001 1.18025
6510001 1.15634
6520001 1.17245
6530001 1.15664
6540001 1.29779
6550001 1.15824
6560001 1.27163
6570001 1.46456
6580001 1.16387
6590001 1.47503
6600001 1.23037
6610001 1.47974
6620001 1.23117
6630001 1.55571
6640001 1.34546
6650001 1.2518
6660001 1.34358
6670001 1.16987
6680001 1.33846
6690001 1.17622
6700001 1.16931
6710001 1.27361
6720001 1.16615
6730001 1.26604
6740001 1.21461
6750001 1.41532
6760001 1.20606
6770001 1.18497
6780001 1.16401
6790001 1.16716
6800001 1.16876
6810001 1.1666
6820001 1.33577
6830001 1.2222
6840001 1.4489
6850001 1.23309
6860001 1.44205
6870001 1.30651
6880001 1.56712
6890001 1.28084
6900001 1.18283
6910001 1.24063
6920001 1.39297
6930001 1.29093
6940001 1.16554
6950001 1.18412
6960001 1.16565
6970001 1.16898
6980001 1.28043
6990001 1.27581
7000001 1.27204
7010001 1.17254
7020001 1.49723
7030001 1.32853
7040001 1.44766
7050001 1.32246
7060001 1.56187
7070001 1.21338
7080001 1.4205
7090001 1.36746
7100001 1.22677
7110001 1.30262
7120001 1.17641
7130001 1.26864
7140001 1.1831
7150001 1.17806
7160001 1.28057
7170001 1.17995
7180001 1.42357
7190001 1.21544
7200001 1.23
7210001 1.19222
7220001 1.19325
7230001 1.17213
7240001 1.17574
7250001 1.17741
7260001 1.17584
7270001 1.30573
7280001 1.19305
7290001 1.39541
7300001 1.30231
7310001 1.44767
7320001 1.29065
7330001 1.30676
7340001 1.28514
7350001 1.19126
7360001 1.28747
7370001 1.174
7380001 1.32881
7390001 1.25672
7400001 1.18963
7410001 1.17478
7420001 1.31453
7430001 1.28277
7440001 1.28331
7450001 1.63447
7460001 1.19018
7470001 1.50324
7480001 1.21989
7490001 1.50317
7500001 1.33303
7510001 1.56681
7520001 1.33163
7530001 1.28893
7540001 1.37161
7550001 1.19128
7560001 1.42296
7570001 1.19452
7580001 1.25241
7590001 1.19154
7600001 1.18312
7610001 1.28834
7620001 1.35183
7630001 1.43077
7640001 1.2228
7650001 1.20202
7660001 1.18196
7670001 1.19667
7680001 1.17997
7690001 1.18406
7700001 1.35322
7710001 1.23877
7720001 1.31374
7730001 1.19581
7740001 1.45744
7750001 1.22349
7760001 1.56773
7770001 1.2996
7780001 1.22219
7790001 1.32363
7800001 1.3718
7810001 1.31675
7820001 1.18206
7830001 1.20225
7840001 1.1821
7850001 1.19683
7860001 1.18203
7870001 1.32126
7880001 1.2881
7890001 1.29545
7900001 1.48542
7910001 1.18914
7920001 1.4749
7930001 1.25302
7940001 1.60034
7950001 1.25582
7960001 1.49304
7970001 1.36879
7980001 1.24749
7990001 1.42935
8000001 1.1948
8010001 1.33601
8020001 1.20102
8030001 1.19375
8040001 1.29716
8050001 1.19105
8060001 1.43883
8070001 1.23134
8080001 1.34619
8090001 1.20815
8100001 1.20946
8110001 1.18911
8120001 1.19218
8130001 1.19387
8140001 1.19148
8150001 1.35987
8160001 1.25121
8170001 1.41031
8180001 1.25707
8190001 1.46364
8200001 1.32326
8210001 1.58735
8220001 1.30369
8230001 1.20724
8240001 1.26102
8250001 1.23706
8260001 1.3589
8270001 1.30678
8280001 1.20584
8290001 1.19111
8300001 1.33114
8310001 1.29846
8320001 1.299
8330001 1.43883
8340001 1.19603
8350001 1.5176
8360001 1.34842
8370001 1.45913
8380001 1.3127
8390001 1.58166
8400001 1.24352
8410001 1.4407
8420001 1.38883
8430001 1.2606
8440001 1.32513
8450001 1.21407
8460001 1.26755
8470001 1.20747
8480001 1.19741
8490001 1.30331
8500001 1.36692
8510001 1.44479
8520001 1.23915
8530001 1.21907
8540001 1.21616
8550001 1.21694
8560001 1.19607
8570001 1.19984
8580001 1.19532
8590001 1.25519
8600001 1.3291
8610001 1.21657
8620001 1.52389
8630001 1.23942
8640001 1.46838
8650001 1.31448
8660001 1.3284
8670001 1.24729
8680001 1.21487
8690001 1.30936
8700001 1.19801
8710001 1.44895
8720001 1.19771
8730001 1.21327
8740001 1.19855
8750001 1.33565
8760001 1.19954
8770001 1.30561
8780001 1.5135
8790001 1.20855
8800001 1.52322
8810001 1.26906
8820001 1.52343
8830001 1.35458
8840001 1.58893
8850001 1.35348
8860001 1.30899
8870001 1.39453
8880001 1.21468
8890001 1.37553
8900001 1.21795
8910001 1.25383
8920001 1.21477
8930001 1.20668
8940001 1.31038
8950001 1.41508
8960001 1.45097
8970001 1.24604
8980001 1.22488
8990001 1.2053
9000001 1.21981
9010001 1.20936
9020001 1.20717
9030001 1.37518
9040001 1.26098
9050001 1.3363
9060001 1.21925
9070001 1.47713
9080001 1.34344
9090001 1.58616
9100001 1.31787
9110001 1.24414
9120001 1.27867
9130001 1.38801
9140001 1.33819
9150001 1.20506
9160001 1.37686
9170001 1.20545
9180001 1.21964
9190001 1.2049
9200001 1.34242
9210001 1.31044
9220001 1.31669
9230001 1.50994
9240001 1.33821
9250001 1.48194
9260001 1.3597
9270001 1.62495
9280001 1.27748
9290001 1.51197
9300001 1.38634
9310001 1.2644
9320001 1.24728
9330001 1.21575
9340001 1.35711
9350001 1.22277
9360001 1.21634
9370001 1.31825
9380001 1.21959
9390001 1.45908
9400001 1.25407
9410001 1.36673
9420001 1.23102
9430001 1.23156
9440001 1.21206
9450001 1.21481
9460001 1.21634
9470001 1.21493
9480001 1.38165
9490001 1.21854
9500001 1.43056
9510001 1.34313
9520001 1.48132
9530001 1.29107
9540001 1.45463
9550001 1.32425
9560001 1.22943
9570001 1.2823
9580001 1.21309
9590001 1.3756
9600001 1.29452
9610001 1.22797
9620001 1.21527
9630001 1.35001
9640001 1.31919
9650001 1.31993
9660001 1.45859
9670001 1.228
9680001 1.53559
9690001 1.36871
9700001 1.47754
9710001 1.36847
9720001 1.59903
9730001 1.26505
9740001 1.44306
9750001 1.40809
9760001 1.23323
9770001 1.34298
9780001 1.23082
9790001 1.28889
9800001 1.22931
9810001 1.21946
9820001 1.32405
9830001 1.3877
9840001 1.46403
9850001 1.26071
9860001 1.24064
9870001 1.22006
9880001 1.23396
9890001 1.2181
9900001 1.22173
9910001 1.21727
9920001 1.27534
9930001 1.35024
9940001 1.23314
9950001 1.4898
9960001 1.2606
9970001 1.48718
9980001 1.33429
9990001 1.34873
10000001 1.3813
10010001 1.23641
10020001 1.33012
10030001 1.21952
10040001 1.24221
10050001 1.21948
10060001 1.23473
10070001 1.21966
10080001 1.35545
10090001 1.22106
10100001 1.33046
10110001 1.51757
10120001 1.22623
10130001 1.5283
10140001 1.28949
10150001 1.53338
10160001 1.29011
10170001 1.60642
10180001 1.40275
10190001 1.31023
10200001 1.40304
10210001 1.23169
10220001 1.37016
10230001 1.23774
10240001 1.23107
10250001 1.33174
10260001 1.22795
10270001 1.32436
10280001 1.27504
10290001 1.46955
10300001 1.26682
10310001 1.24545
10320001 1.22566
10330001 1.22863
10340001 1.23025
10350001 1.22803
10360001 1.39517
10370001 1.28129
10380001 1.50413
10390001 1.2924
10400001 1.49515
10410001 1.36274
10420001 1.61779
10430001 1.3372
10440001 1.24335
10450001 1.29882
10460001 1.4495
10470001 1.34782
10480001 1.22661
10490001 1.24427
10500001 1.22663
10510001 1.22975
10520001 1.33813
10530001 1.33296
10540001 1.33071
10550001 1.23293
10560001 1.54818
10570001 1.38519
10580001 1.49994
10590001 1.37925
10600001 1.61103
10610001 1.27179
10620001 1.47244
10630001 1.42485
10640001 1.28439
10650001 1.35808
10660001 1.23606
10670001 1.3247
10680001 1.24278
10690001 1.23364
10700001 1.33685
10710001 1.23949
10720001 1.47607
10730001 1.27424
10740001 1.2871
10750001 1.25144
10760001 1.25184
10770001 1.23184
10780001 1.23521
10790001 1.23693
10800001 1.23525
10810001 1.36342
10820001 1.25163
10830001 1.44932
10840001 1.3577
10850001 1.49907
10860001 1.3452
10870001 1.36175
10880001 1.3399
10890001 1.24982
10900001 1.3426
10910001 1.23315
10920001 1.38417
10930001 1.31437
10940001 1.24797
10950001 1.23379
10960001 1.36822
10970001 1.33843
10980001 1.33878
10990001 1.68085
11000001 1.24815
11010001 1.55269
11020001 1.27649
11030001 1.55324
11040001 1.38682
11050001 1.61455
11060001 1.38591
11070001 1.34305
11080001 1.42732
11090001 1.24902
11100001 1.47393
11110001 1.25214
11120001 1.30766
11130001 1.24926
11140001 1.24106
11150001 1.34283
11160001 1.40655
11170001 1.48159
11180001 1.27973
11190001 1.25883
11200001 1.2398
11210001 1.25368
11220001 1.23781
11230001 1.24163
11240001 1.40891
11250001 1.29423
11260001 1.36961
11270001 1.25274
11280001 1.50725
11290001 1.27948
11300001 1.61569
11310001 1.35234
11320001 1.27793
11330001 1.37688
11340001 1.42661
11350001 1.36977
11360001 1.23937
11370001 1.25863
11380001 1.23937
11390001 1.25338
11400001 1.23922
11410001 1.37371
11420001 1.34319
11430001 1.349
11440001 1.53381
11450001 1.24576
11460001 1.52376
11470001 1.30684
11480001 1.64628
11490001 1.30947
11500001 1.54065
11510001 1.42094
11520001 1.30141
11530001 1.48217
11540001 1.25098
11550001 1.38733
11560001 1.25697
11570001 1.24993
11580001 1.34996
11590001 1.24721
11600001 1.4881
11610001 1.28662
11620001 1.39832
11630001 1.26378
11640001 1.26453
11650001 1.24518
11660001 1.24812
11670001 1.24977
11680001 1.24733
11690001 1.41389
11700001 1.30484
11710001 1.46096
11720001 1.31104
11730001 1.51194
11740001 1.37473
11750001 1.63345
11760001 1.35505
11770001 1.26229
11780001 1.31382
11790001 1.29072
11800001 1.41063
11810001 1.36073
11820001 1.26071
11830001 1.24655
11840001 1.38199
11850001 1.35082
11860001 1.35114
11870001 1.48821
11880001 1.25103
11890001 1.56425
11900001 1.40024
11910001 1.50732
11920001 1.36481
11930001 1.62664
11940001 1.29647
11950001 1.48828
11960001 1.44116
11970001 1.31288
11980001 1.37583
11990001 1.26824
12000001 1.31994
12010001 1.26179
12020001 1.25202
12030001 1.35455
12040001 1.41839
12050001 1.49258
12060001 1.29276
12070001 1.27257
12080001 1.27014
12090001 1.27037
12100001 1.2505
12110001 1.25406
12120001 1.24973
12130001 1.30738
12140001 1.38164
12150001 1.27002
12160001 1.57003
12170001 1.29213
12180001 1.51527
12190001 1.36427
12200001 1.37871
12210001 1.29924
12220001 1.26829
12230001 1.35982
12240001 1.25196
12250001 1.49667
12260001 1.25162
12270001 1.2665
12280001 1.25237
12290001 1.3851
12300001 1.25324
12310001 1.35633
12320001 1.55874
12330001 1.2617
12340001 1.56861
12350001 1.31977
12360001 1.56935
12370001 1.40384
12380001 1.63266
12390001 1.40311
12400001 1.35395
12410001 1.44539
12420001 1.26738
12430001 1.4234
12440001 1.27059
12450001 1.30527
12460001 1.26748
12470001 1.25959
12480001 1.36011
12490001 1.46421
12500001 1.49735
12510001 1.29809
12520001 1.2768
12530001 1.25815
12540001 1.27192
12550001 1.262
12560001 1.25978
12570001 1.42607
12580001 1.31171
12590001 1.53243
12600001 1.27127
12610001 1.52266
12620001 1.39169
12630001 1.63004
12640001 1.3664
12650001 1.29515
12660001 1.32842
12670001 1.43839
12680001 1.38671
12690001 1.25745
12700001 1.42641
12710001 1.25776
12720001 1.27136
12730001 1.25719
12740001 1.39046
12750001 1.36085
12760001 1.36577
12770001 1.55425
12780001 1.38813
12790001 1.52716
12800001 1.40851
12810001 1.66708
12820001 1.32666
12830001 1.55564
12840001 1.4342
12850001 1.31396
12860001 1.29803
12870001 1.2672
12880001 1.4042
12890001 1.27394
12900001 1.26774
12910001 1.36654
12920001 1.27074
12930001 1.50409
12940001 1.30471
12950001 1.41434
12960001 1.28193
12970001 1.282
12980001 1.26344
12990001 1.26595
13000001 1.26749
13010001 1.26603
13020001 1.43111
13030001 1.26946
13040001 1.4769
13050001 1.39078
13060001 1.52558
13070001 1.33948
13080001 1.50053
13090001 1.37136
13100001 1.27984
13110001 1.33064
13120001 1.26398
13130001 1.4232
13140001 1.34416
13150001 1.27818
13160001 1.266
13170001 1.39673
13180001 1.36722
13190001 1.36777
13200001 1.65849
13210001 1.27795
13220001 1.57857
13230001 1.41626
13240001 1.52186
13250001 1.41501
13260001 1.6404
13270001 1.31359
13280001 1.48712
13290001 1.45613
13300001 1.28281
13310001 1.38968
13320001 1.28058
13330001 1.33663
13340001 1.2791
13350001 1.26949
13360001 1.37101
13370001 1.43484
13380001 1.50778
13390001 1.30982
13400001 1.28961
13410001 1.26995
13420001 1.2832
13430001 1.26796
13440001 1.27142
13450001 1.26713
13460001 1.32325
13470001 1.39846
13480001 1.28228
13490001 1.53284
13500001 1.30896
13510001 1.53021
13520001 1.38002
13530001 1.39491
13540001 1.42658
13550001 1.2854
13560001 1.37626
13570001 1.26901
13580001 1.29078
13590001 1.26893
13600001 1.28355
13610001 1.26904
13620001 1.4009
13630001 1.27032
13640001 1.37689
13650001 1.55972
13660001 1.27517
13670001 1.57062
13680001 1.33605
13690001 1.57601
13700001 1.33665
13710001 1.577
13720001 1.44796
13730001 1.35627
13740001 1.44978
13750001 1.28025
13760001 1.41452
13770001 1.28611
13780001 1.2796
13790001 1.37737
13800001 1.2765
13810001 1.37016
13820001 1.32257
13830001 1.51205
13840001 1.3146
13850001 1.29315
13860001 1.27416
13870001 1.27698
13880001 1.2786
13890001 1.27635
13900001 1.44192
13910001 1.32789
13920001 1.5475
13930001 1.33904
13940001 1.53701
13950001 1.40707
13960001 1.65782
13970001 1.38179
13980001 1.29102
13990001 1.34453
14000001 1.4943
14010001 1.39273
14020001 1.27469
14030001 1.29169
14040001 1.27466
14050001 1.27764
14060001 1.38349
14070001 1.37826
14080001 1.37701
14090001 1.28055
14100001 1.58892
14110001 1.43009
14120001 1.54163
14130001 1.42426
14140001 1.65025
14150001 1.31804
14160001 1.51388
14170001 1.47023
14180001 1.32664
14190001 1.40224
14200001 1.28332
14210001 1.36921
14220001 1.28988
14230001 1.28094
14240001 1.38127
14250001 1.2864
14260001 1.51741
14270001 1.32074
14280001 1.33248
14290001 1.29822
14300001 1.29824
14310001 1.27903
14320001 1.28221
14330001 1.28395
14340001 1.28222
14350001 1.40905
14360001 1.298
14370001 1.4919
14380001 1.40165
14390001 1.53982
14400001 1.38858
14410001 1.40547
14420001 1.38341
14430001 1.29618
14440001 1.38637
14450001 1.27999
14460001 1.42809
14470001 1.36002
14480001 1.29418
14490001 1.28049
14500001 1.4113
14510001 1.38263
14520001 1.38295
14530001 1.71813
14540001 1.2941
14550001 1.59239
14560001 1.32153
14570001 1.59337
14580001 1.42974
14590001 1.65279
14600001 1.4291
14610001 1.38614
14620001 1.47157
14630001 1.29482
14640001 1.51478
14650001 1.29788
14660001 1.35161
14670001 1.29505
14680001 1.28706
14690001 1.38604
14700001 1.44993
14710001 1.52181
14720001 1.32497
14730001 1.304
14740001 1.28572
14750001 1.29901
14760001 1.28374
14770001 1.28736
14780001 1.45316
14790001 1.33838
14800001 1.41401
14810001 1.29798
14820001 1.54688
14830001 1.32407
14840001 1.65393
14850001 1.39453
14860001 1.32231
14870001 1.41844
14880001 1.47018
14890001 1.41209
14900001 1.28491
14910001 1.30346
14920001 1.28486
14930001 1.29836
14940001 1.28471
14950001 1.41566
14960001 1.38707
14970001 1.39184
14980001 1.57291
14990001 1.29084
15000001 1.56306
15010001 1.32019
15020001 1.68322
15030001 1.3524
15040001 1.57886
15050001 1.46264
15060001 1.34033
15070001 1.52432
15080001 1.29572
15090001 1.42851
15100001 1.30153
15110001 1.29467
15120001 1.39201
15130001 1.29194
15140001 1.52726
15150001 1.33068
15160001 1.43976
15170001 1.30813
15180001 1.30851
15190001 1.28987
15200001 1.29267
15210001 1.29432
15220001 1.29185
15230001 1.45701
15240001 1.3477
15250001 1.5013
15260001 1.35412
15270001 1.55054
15280001 1.41582
15290001 1.67038
15300001 1.39621
15310001 1.30625
15320001 1.35605
15330001 1.3337
15340001 1.44823
15350001 1.40379
15360001 1.30449
15370001 1.29077
15380001 1.42285
15390001 1.39272
15400001 1.39298
15410001 1.52799
15420001 1.29499
15430001 1.60195
15440001 1.44177
15450001 1.54619
15460001 1.40661
15470001 1.66293
15480001 1.33886
15490001 1.52666
15500001 1.48305
15510001 1.3547
15520001 1.41661
15530001 1.31157
15540001 1.36166
15550001 1.30522
15560001 1.29568
15570001 1.39552
15580001 1.4595
15590001 1.5307
15600001 1.33565
15610001 1.31536
15620001 1.29607
15630001 1.31319
15640001 1.29403
15650001 1.29742
15660001 1.29324
15670001 1.34923
15680001 1.42377
15690001 1.31281
15700001 1.60705
15710001 1.33439
15720001 1.55291
15730001 1.40431
15740001 1.41913
15750001 1.34097
15760001 1.31108
15770001 1.40028
15780001 1.29515
15790001 1.53494
15800001 1.29473
15810001 1.30916
15820001 1.29547
15830001 1.42493
15840001 1.29625
15850001 1.39716
15860001 1.59544
15870001 1.30431
15880001 1.6054
15890001 1.36058
15900001 1.60651
15910001 1.44354
15920001 1.66805
15930001 1.44301
15940001 1.39399
15950001 1.48623
15960001 1.30966
15970001 1.4621
15980001 1.31282
15990001 1.34657
16000001 1.30979
16010001 1.30204
16020001 1.40006
16030001 1.50361
16040001 1.53442
16050001 1.3398
16060001 1.31854
16070001 1.30054
16080001 1.31379
16090001 1.30427
16100001 1.30203
16110001 1.46697
16120001 1.35251
16130001 1.57037
16140001 1.31304
16150001 1.55933
16160001 1.43055
16170001 1.66543
16180001 1.4055
16190001 1.33619
16200001 1.36847
16210001 1.47888
16220001 1.42595
16230001 1.29953
16240001 1.46628
16250001 1.29978
16260001 1.31291
16270001 1.2992
16280001 1.42927
16290001 1.40139
16300001 1.40543
16310001 1.61052
16320001 1.45526
16330001 1.56384
16340001 1.448
16350001 1.70127
16360001 1.34234
16370001 1.59105
16380001 1.47288
16390001 1.35388
16400001 1.33892
16410001 1.3086
16420001 1.44233
16430001 1.31516
16440001 1.30909
16450001 1.40543
16460001 1.31191
16470001 1.54025
16480001 1.34543
16490001 1.45262
16500001 1.32292
16510001 1.32268
16520001 1.30473
16530001 1.30712
16540001 1.30869
16550001 1.30717
16560001 1.47098
16570001 1.31049
16580001 1.51421
16590001 1.42925
16600001 1.56132
16610001 1.37852
16620001 1.5377
16630001 1.40948
16640001 1.32045
16650001 1.36972
16660001 1.30499
16670001 1.46163
16680001 1.38417
16690001 1.31868
16700001 1.30688
16710001 1.43457
16720001 1.40601
16730001 1.40653
16740001 1.69269
16750001 1.31825
16760001 1.61358
16770001 1.45473
16780001 1.55793
16790001 1.45276
16800001 1.67406
16810001 1.35283
16820001 1.52296
16830001 1.49496
16840001 1.32286
16850001 1.4276
16860001 1.32074
16870001 1.37526
16880001 1.31929
16890001 1.30988
16900001 1.40893
16910001 1.47287
16920001 1.54304
16930001 1.34951
16940001 1.32922
16950001 1.31021
16960001 1.323
16970001 1.30824
16980001 1.31155
16990001 1.30738
17000001 1.36203
17010001 1.43745
17020001 1.322
17030001 1.56768
17040001 1.34811
17050001 1.56506
17060001 1.41714
17070001 1.43236
17080001 1.46326
17090001 1.32501
17100001 1.41371
17110001 1.30899
17120001 1.33006
17130001 1.30889
17140001 1.32303
17150001 1.30894
17160001 1.43783
17170001 1.31014
17180001 1.41461
17190001 1.59416
17200001 1.31476
17210001 1.60515
17220001 1.37384
17230001 1.61077
17240001 1.37446
17250001 1.61054
17260001 1.48466
17270001 1.37096
17280001 1.48767
17290001 1.31961
17300001 1.45081
17310001 1.32527
17320001 1.3189
17330001 1.41432
17340001 1.31581
17350001 1.40722
17360001 1.36112
17370001 1.54642
17380001 1.3533
17390001 1.33182
17400001 1.31344
17410001 1.31614
17420001 1.31777
17430001 1.31549
17440001 1.47984
17450001 1.36571
17460001 1.58265
17470001 1.37694
17480001 1.57099
17490001 1.44305
17500001 1.6904
17510001 1.41804
17520001 1.32967
17530001 1.38164
17540001 1.53075
17550001 1.42929
17560001 1.31378
17570001 1.32937
17580001 1.3136
17590001 1.31647
17600001 1.42033
17610001 1.41514
17620001 1.41458
17630001 1.31918
17640001 1.62227
17650001 1.46662
17660001 1.57571
17670001 1.46092
17680001 1.68231
17690001 1.35563
17700001 1.54778
17710001 1.50708
17720001 1.36376
17730001 1.43829
17740001 1.32167
17750001 1.40547
17760001 1.32811
17770001 1.31933
17780001 1.41734
17790001 1.32458
17800001 1.5509
17810001 1.35848
17820001 1.36953
17830001 1.33623
17840001 1.33596
17850001 1.31734
17860001 1.32039
17870001 1.32214
17880001 1.32037
17890001 1.44614
17900001 1.33569
17910001 1.52651
17920001 1.4374
17930001 1.57299
17940001 1.42394
17950001 1.44112
17960001 1.41887
17970001 1.33387
17980001 1.42206
17990001 1.31803
18000001 1.46386
18010001 1.39711
18020001 1.33175
18030001 1.31838
18040001 1.44645
18050001 1.41863
18060001 1.41901
18070001 1.74876
18080001 1.33149
18090001 1.62497
18100001 1.35823
18110001 1.62626
18120001 1.46483
18130001 1.68413
18140001 1.46431
18150001 1.4213
18160001 1.50761
18170001 1.3321
18180001 1.5482
18190001 1.33523
18200001 1.38749
18210001 1.33236
18220001 1.3245
18230001 1.4212
18240001 1.48519
18250001 1.55453
18260001 1.36181
18270001 1.34081
18280001 1.32309
18290001 1.33598
18300001 1.32112
18310001 1.3246
18320001 1.48924
18330001 1.3744
18340001 1.45022
18350001 1.33484
18360001 1.57925
18370001 1.36041
18380001 1.6852
18390001 1.42902
18400001 1.3585
18410001 1.39074
18420001 1.50569
18430001 1.44668
18440001 1.32205
18450001 1.34002
18460001 1.32194
18470001 1.33504
18480001 1.32175
18490001 1.45
18500001 1.42285
18510001 1.4269
18520001 1.60494
18530001 1.32759
18540001 1.59536
18550001 1.35617
18560001 1.71355
18570001 1.38753
18580001 1.61023
18590001 1.49675
18600001 1.37558
18610001 1.5588
18620001 1.33223
18630001 1.46227
18640001 1.33788
18650001 1.33117
18660001 1.42623
18670001 1.32842
18680001 1.55917
18690001 1.36663
18700001 1.47356
18710001 1.34433
18720001 1.34444
18730001 1.32634
18740001 1.32903
18750001 1.33069
18760001 1.32821
18770001 1.49225
18780001 1.38276
18790001 1.53426
18800001 1.38934
18810001 1.58213
18820001 1.44941
18830001 1.70049
18840001 1.42994
18850001 1.34215
18860001 1.39058
18870001 1.36885
18880001 1.48223
18890001 1.43895
18900001 1.34028
18910001 1.32692
18920001 1.45636
18930001 1.42702
18940001 1.42729
18950001 1.56072
18960001 1.33089
18970001 1.63302
18980001 1.47578
18990001 1.57817
19000001 1.44089
19010001 1.69279
19020001 1.37356
19030001 1.55826
19040001 1.51735
19050001 1.43889
19060001 1.45012
19070001 1.34212
19080001 1.39585
19090001 1.34076
19100001 1.33148
19110001 1.42904
19120001 1.4931
19130001 1.56187
19140001 1.37074
19150001 1.35043
19160001 1.33167
19170001 1.34827
19180001 1.32964
19190001 1.33291
19200001 1.32895
19210001 1.38352
19220001 1.45829
19230001 1.34783
19240001 1.61154
19250001 1.36902
19260001 1.58378
19270001 1.4372
19280001 1.45232
19290001 1.37521
19300001 1.34613
19310001 1.43348
19320001 1.3305
19330001 1.56635
19340001 1.33007
19350001 1.34403
19360001 1.33083
19370001 1.45769
19380001 1.33148
19390001 1.43073
19400001 1.6257
19410001 1.33924
19420001 1.63576
19430001 1.39406
19440001 1.63714
19450001 1.47624
19460001 1.69724
19470001 1.47579
19480001 1.42687
19490001 1.51975
19500001 1.34434
19510001 1.49396
19520001 1.34746
19530001 1.34014
19540001 1.34448
19550001 1.33683
19560001 1.43279
19570001 1.53588
19580001 1.56485
19590001 1.37406
19600001 1.35272
19610001 1.33529
19620001 1.34819
19630001 1.33894
19640001 1.33667
19650001 1.50056
19660001 1.38602
19670001 1.60152
19680001 1.34732
19690001 1.58947
19700001 1.46243
19710001 1.69513
19720001 1.43768
19730001 1.3699
19740001 1.40137
19750001 1.51211
19760001 1.45814
19770001 1.3345
19780001 1.49903
19790001 1.33428
19800001 1.34705
19810001 1.33368
19820001 1.46128
19830001 1.43469
19840001 1.33989
19850001 1.6402
19860001 1.48764
19870001 1.59416
19880001 1.48055
19890001 1.72953
19900001 1.37564
19910001 1.6203
19920001 1.50464
19930001 1.38673
19940001 1.37249
19950001 1.3426
19960001 1.4738
19970001 1.34905
19980001 1.3431
19990001 1.43677
20000001 1.34574
20010001 1.56997
20020001 1.37891
20030001 1.48408
20040001 1.35659
20050001 1.35615
20060001 1.33868
20070001 1.34096
20080001 1.34255
20090001 1.34097
20100001 1.5038
20110001 1.34423
20120001 1.54492
20130001 1.46092
20140001 1.59078
20150001 1.41067
20160001 1.56841
20170001 1.44093
20180001 1.35409
20190001 1.40189
20200001 1.33872
20210001 1.49332
20220001 1.41708
20230001 1.35201
20240001 1.34051
20250001 1.46584
20260001 1.43796
20270001 1.43844
20280001 1.72089
20290001 1.35144
20300001 1.64261
20310001 1.48649
20320001 1.58779
20330001 1.48397
20340001 1.70193
20350001 1.38515
20360001 1.55264
20370001 1.52699
20380001 1.35586
20390001 1.45898
20400001 1.35384
20410001 1.40713
20420001 1.3524
20430001 1.34311
20440001 1.44018
20450001 1.50416
20460001 1.57209
20470001 1.38221
20480001 1.36188
20490001 1.34338
20500001 1.35582
20510001 1.34142
20520001 1.34462
20530001 1.34056
20540001 1.39406
20550001 1.46962
20560001 1.35472
20570001 1.59649
20580001 1.38037
20590001 1.59386
20600001 1.44783
20610001 1.46332
20620001 1.49354
20630001 1.35767
20640001 1.44963
20650001 1.34196
20660001 1.36243
20670001 1.34182
20680001 1.35558
20690001 1.34187
20700001 1.4684
20710001 1.34296
20720001 1.44582
20730001 1.62273
20740001 1.34743
20750001 1.61469
20760001 1.40508
20770001 1.63957
20780001 1.40572
20790001 1.63838
20800001 1.51502
20810001 1.40216
20820001 1.51899
20830001 1.35205
20840001 1.48088
20850001 1.35762
20860001 1.35134
20870001 1.44485
20880001 1.34825
20890001 1.43784
20900001 1.3929
20910001 1.57481
20920001 1.38525
20930001 1.36379
20940001 1.34587
20950001 1.34848
20960001 1.35015
20970001 1.34779
20980001 1.51124
20990001 1.39697
21000001 1.61172
21010001 1.40826
21020001 1.59913
21030001 1.47281
21040001 1.71742
21050001 1.44809
21060001 1.36161
21070001 1.41235
21080001 1.56093
21090001 1.45982
21100001 1.34597
21110001 1.36117
21120001 1.34568
21130001 1.34857
21140001 1.4507
21150001 1.44573
21160001 1.44566
21170001 1.35113
21180001 1.65002
21190001 1.49685
21200001 1.60404
21210001 1.49131
21220001 1.70898
21230001 1.39545
21240001 1.57597
21250001 1.53764
21260001 1.39451
21270001 1.46822
21280001 1.35341
21290001 1.43555
21300001 1.35979
21310001 1.35053
21320001 1.44719
21330001 1.35618
21340001 1.57867
21350001 1.38975
21360001 1.40018
21370001 1.36768
21380001 1.36722
21390001 1.34871
21400001 1.35199
21410001 1.35375
21420001 1.35194
21430001 1.47688
21440001 1.36688
21450001 1.55518
21460001 1.46702
21470001 1.60052
21480001 1.4533
21490001 1.47071
21500001 1.44832
21510001 1.36506
21520001 1.45165
21530001 1.34951
21540001 1.49353
21550001 1.42784
21560001 1.36287
21570001 1.34984
21580001 1.47564
21590001 1.44849
21600001 1.44895
21610001 1.77429
21620001 1.35766
21630001 1.65211
21640001 1.38869
21650001 1.65364
21660001 1.49401
21670001 1.71023
21680001 1.49355
21690001 1.4505
21700001 1.53754
21710001 1.363
21720001 1.57601
21730001 1.36609
21740001 1.41727
21750001 1.36327
21760001 1.35551
21770001 1.4504
21780001 1.5144
21790001 1.58167
21800001 1.39235
21810001 1.37136
21820001 1.35406
21830001 1.36664
21840001 1.35767
21850001 1.35547
21860001 1.51921
21870001 1.40429
21880001 1.48027
21890001 1.36541
21900001 1.60616
21910001 1.39059
21920001 1.71125
21930001 1.45598
21940001 1.38857
21950001 1.41928
21960001 1.53518
21970001 1.47544
21980001 1.35283
21990001 1.51966
22000001 1.35271
22010001 1.36553
22020001 1.35249
22030001 1.47865
22040001 1.45259
22050001 1.45608
22060001 1.63032
22070001 1.39411
22080001 1.62231
22090001 1.38608
22100001 1.73888
22110001 1.41675
22120001 1.6364
22130001 1.52505
22140001 1.40489
22150001 1.45025
22160001 1.36255
22170001 1.49041
22180001 1.36809
22190001 1.3615
22200001 1.45476
22210001 1.35877
22220001 1.58573
22230001 1.39716
22240001 1.50165
22250001 1.37441
22260001 1.37432
22270001 1.35665
22280001 1.35924
22290001 1.36094
22300001 1.35841
22310001 1.52157
22320001 1.41193
22330001 1.56165
22340001 1.41862
22350001 1.60846
22360001 1.47737
22370001 1.72576
22380001 1.45805
22390001 1.37201
22400001 1.41937
22410001 1.39818
22420001 1.51055
22430001 1.4682
22440001 1.37005
22450001 1.35698
22460001 1.48429
22470001 1.45559
22480001 1.4559
22490001 1.58801
22500001 1.36077
22510001 1.65901
22520001 1.50411
22530001 1.60489
22540001 1.46948
22550001 1.71774
22560001 1.40248
22570001 1.58468
22580001 1.54459
22590001 1.46658
22600001 1.47813
22610001 1.37169
22620001 1.42433
22630001 1.37034
22640001 1.36104
22650001 1.45697
22660001 1.52101
22670001 1.58785
22680001 1.39996
22690001 1.37962
22700001 1.36131
22710001 1.37749
22720001 1.35927
22730001 1.36246
22740001 1.35859
22750001 1.4122
22760001 1.48705
22770001 1.37706
22780001 1.63708
22790001 1.3979
22800001 1.60955
22810001 1.46469
22820001 1.48003
22830001 1.40379
22840001 1.37533
22850001 1.4612
22860001 1.35996
22870001 1.59257
22880001 1.35962
22890001 1.37315
22900001 1.36024
22910001 1.48507
22920001 1.36084
22930001 1.45877
22940001 1.65693
22950001 1.36834
22960001 1.6612
22970001 1.42202
22980001 1.66279
22990001 1.50357
23000001 1.72169
23010001 1.50316
23020001 1.45434
23030001 1.54776
23040001 1.37326
23050001 1.52064
23060001 1.37635
23070001 1.36915
23080001 1.37342
23090001 1.36585
23100001 1.46012
23110001 1.56277
23120001 1.59028
23130001 1.40265
23140001 1.38132
23150001 1.36428
23160001 1.37689
23170001 1.36786
23180001 1.36558
23190001 1.52862
23200001 1.41402
23210001 1.62755
23220001 1.37593
23230001 1.61469
23240001 1.48908
23250001 1.71956
23260001 1.46461
23270001 1.39711
23280001 1.42887
23290001 1.53984
23300001 1.4851
23310001 1.36332
23320001 1.52633
23330001 1.36308
23340001 1.37555
23350001 1.36247
23360001 1.48807
23370001 1.4625
23380001 1.3685
23390001 1.66511
23400001 1.51471
23410001 1.61957
23420001 1.50779
23430001 1.75309
23440001 1.40348
23450001 1.64486
23460001 1.5313
23470001 1.4142
23480001 1.4006
23490001 1.37101
23500001 1.49954
23510001 1.37736
23520001 1.37146
23530001 1.46352
23540001 1.37403
23550001 1.59486
23560001 1.40669
23570001 1.5104
23580001 1.38473
23590001 1.38414
23600001 1.36623
23610001 1.36927
23620001 1.37086
23630001 1.36925
23640001 1.53129
23650001 1.37245
23660001 1.57063
23670001 1.48742
23680001 1.61547
23690001 1.43758
23700001 1.59417
23710001 1.46641
23720001 1.38205
23730001 1.42884
23740001 1.36694
23750001 1.51976
23760001 1.44461
23770001 1.3799
23780001 1.36864
23790001 1.49208
23800001 1.46473
23810001 1.46527
23820001 1.74481
23830001 1.37922
23840001 1.66702
23850001 1.51304
23860001 1.61286
23870001 1.51016
23880001 1.72538
23890001 1.41226
23900001 1.57759
23910001 1.55384
23920001 1.38349
23930001 1.48534
23940001 1.38161
23950001 1.43383
23960001 1.38014
23970001 1.37096
23980001 1.46635
23990001 1.53033
24000001 1.59646
24010001 1.4096
24020001 1.38926
24030001 1.37114
24040001 1.38334
24050001 1.36924
24060001 1.37233
24070001 1.36833
24080001 1.42089
24090001 1.49661
24100001 1.38214
24110001 1.62068
24120001 1.40743
24130001 1.61805
24140001 1.47361
24150001 1.48931
24160001 1.51897
24170001 1.38505
24180001 1.4755
24190001 1.36957
24200001 1.3896
24210001 1.36942
24220001 1.38239
24230001 1.36944
24240001 1.4941
24250001 1.37047
24260001 1.47204
24270001 1.64679
24280001 1.37479
24290001 1.63892
24300001 1.43132
24310001 1.66381
24320001 1.43199
24330001 1.66183
24340001 1.54052
24350001 1.42836
24360001 1.54527
24370001 1.37926
24380001 1.50616
24390001 1.38475
24400001 1.37854
24410001 1.47047
24420001 1.37547
24430001 1.46354
24440001 1.41271
24450001 1.59867
24460001 1.41206
24470001 1.39065
24480001 1.37305
24490001 1.37561
24500001 1.37728
24510001 1.37491
24520001 1.53758
24530001 1.42324
24540001 1.63616
24550001 1.43456
24560001 1.62281
24570001 1.49779
24580001 1.7402
24590001 1.47342
24600001 1.38841
24610001 1.43816
24620001 1.5863
24630001 1.48527
24640001 1.37311
24650001 1.3879
24660001 1.37345
24670001 1.3755
24680001 1.47633
24690001 1.47146
24700001 1.47175
24710001 1.37796
24720001 1.67341
24730001 1.52228
24740001 1.62794
24750001 1.51688
24760001 1.73148
24770001 1.42137
24780001 1.59975
24790001 1.56333
24800001 1.42037
24810001 1.49342
24820001 1.38007
24830001 1.46084
24840001 1.38637
24850001 1.37723
24860001 1.47231
24870001 1.38273
24880001 1.60206
24890001 1.416
24900001 1.42598
24910001 1.39411
24920001 1.39349
24930001 1.37538
24940001 1.37855
24950001 1.38031
24960001 1.37848
24970001 1.50276
24980001 1.3931
24990001 1.57931
25000001 1.49193
25010001 1.62374
25020001 1.47806
25030001 1.49564
25040001 1.47314
25050001 1.39133
25060001 1.47658
25070001 1.37599
25080001 1.51862
25090001 1.45369
25100001 1.38905
25110001 1.37627
25120001 1.5003
25130001 1.37745
25140001 1.47419
25150001 1.79577
25160001 1.38385
25170001 1.67503
25180001 1.41433
25190001 1.67674
25200001 1.51863
25210001 1.7323
25220001 1.51822
25230001 1.47513
25240001 1.56276
25250001 1.38897
25260001 1.59945
25270001 1.39208
25280001 1.42413
25290001 1.38928
25300001 1.38163
25310001 1.475
25320001 1.53896
25330001 1.60458
25340001 1.41808
25350001 1.39709
25360001 1.38014
25370001 1.39247
25380001 1.3837
25390001 1.38148
25400001 1.54446
25410001 1.4295
25420001 1.50562
25430001 1.39116
25440001 1.62891
25450001 1.41602
25460001 1.73316
25470001 1.48022
25480001 1.41393
25490001 1.44405
25500001 1.56001
25510001 1.49974
25520001 1.37876
25530001 1.54422
25540001 1.37863
25550001 1.3913
25560001 1.3784
25570001 1.50281
25580001 1.47762
25590001 1.48073
25600001 1.65294
25610001 1.41918
25620001 1.6451
25630001 1.41131
25640001 1.76032
25650001 1.44144
25660001 1.65857
25670001 1.54899
25680001 1.42964
25690001 1.47507
25700001 1.38812
25710001 1.51418
25720001 1.3936
25730001 1.38706
25740001 1.47885
25750001 1.38435
25760001 1.60812
25770001 1.42235
25780001 1.52538
25790001 1.39969
25800001 1.39954
25810001 1.3822
25820001 1.38473
25830001 1.38644
25840001 1.3839
25850001 1.54633
25860001 1.43649
25870001 1.58483
25880001 1.44337
25890001 1.63073
25900001 1.501
25910001 1.7472
25920001 1.48188
25930001 1.39727
25940001 1.44365
25950001 1.42295
25960001 1.53447
25970001 1.49292
25980001 1.39518
25990001 1.38235
26000001 1.50801
26010001 1.47975
26020001 1.48007
26030001 1.61082
26040001 1.38601
26050001 1.68101
26060001 1.52806
26070001 1.62751
26080001 1.49367
26090001 1.73892
26100001 1.42693
26110001 1.60708
26120001 1.56881
26130001 1.49004
26140001 1.50183
26150001 1.39667
26160001 1.4484
26170001 1.39533
26180001 1.38614
26190001 1.48059
26200001 1.54458
26210001 1.60987
26220001 1.42463
26230001 1.40432
26240001 1.38635
26250001 1.40221
26260001 1.38432
26270001 1.38743
26280001 1.38364
26290001 1.43639
26300001 1.5114
26310001 1.40171
26320001 1.65876
26330001 1.42234
26340001 1.63139
26350001 1.48797
26360001 1.5035
26370001 1.42799
26380001 1.40005
26390001 1.48466
26400001 1.38483
26410001 1.61481
26420001 1.3845
26430001 1.39779
26440001 1.3851
26450001 1.50829
26460001 1.38567
26470001 1.48252
26480001 1.67836
26490001 1.39297
26500001 1.68279
26510001 1.44571
26520001 1.68442
26530001 1.52666
26540001 1.74246
26550001 1.52634
26560001 1.47761
26570001 1.57148
26580001 1.39774
26590001 1.54267
26600001 1.39966
26610001 1.3937
26620001 1.39792
26630001 1.39041
26640001 1.48327
26650001 1.5855
26660001 1.61185
26670001 1.42682
26680001 1.40551
26690001 1.38882
26700001 1.4012
26710001 1.39235
26720001 1.39005
26730001 1.5524
26740001 1.43774
26750001 1.64962
26760001 1.40022
26770001 1.63583
26780001 1.51167
26790001 1.74033
26800001 1.48746
26810001 1.421
26820001 1.45216
26830001 1.56333
26840001 1.50798
26850001 1.38781
26860001 1.54951
26870001 1.38747
26880001 1.3997
26890001 1.38681
26900001 1.51084
26910001 1.48605
26920001 1.39273
26930001 1.68623
26940001 1.53766
26950001 1.64116
26960001 1.53091
26970001 1.77327
26980001 1.42709
26990001 1.66575
27000001 1.55391
27010001 1.43752
27020001 1.42442
27030001 1.39509
27040001 1.52194
27050001 1.40139
27060001 1.39552
27070001 1.48623
27080001 1.39804
27090001 1.61601
27100001 1.43041
27110001 1.53274
27120001 1.4086
27130001 1.40789
27140001 1.39031
27150001 1.39326
27160001 1.39486
27170001 1.39323
27180001 1.55462
27190001 1.39637
27200001 1.59248
27210001 1.50989
27220001 1.63649
27230001 1.46043
27240001 1.61609
27250001 1.48882
27260001 1.4058
27270001 1.4517
27280001 1.39085
27290001 1.54231
27300001 1.46795
27310001 1.40357
27320001 1.39251
27330001 1.51438
27340001 1.48748
27350001 1.48806
27360001 1.76515
27370001 1.4028
27380001 1.68778
27390001 1.5356
27400001 1.63108
27410001 1.53245
27420001 1.74535
27430001 1.43529
27440001 1.59883
27450001 1.57663
27460001 1.40696
27470001 1.50773
27480001 1.40515
27490001 1.4565
27500001 1.40369
27510001 1.39457
27520001 1.48861
27530001 1.55251
27540001 1.61721
27550001 1.43285
27560001 1.41251
27570001 1.39472
27580001 1.4067
27590001 1.39283
27600001 1.39585
27610001 1.39185
27620001 1.4437
27630001 1.51954
27640001 1.4054
27650001 1.64128
27660001 1.43043
27670001 1.63865
27680001 1.49558
27690001 1.51142
27700001 1.54057
27710001 1.40833
27720001 1.49752
27730001 1.39303
27740001 1.41269
27750001 1.39287
27760001 1.40559
27770001 1.39287
27780001 1.51599
27790001 1.39386
27800001 1.49437
27810001 1.66728
27820001 1.39806
27830001 1.65955
27840001 1.45366
27850001 1.68479
27860001 1.45437
27870001 1.6815
27880001 1.56224
27890001 1.45046
27900001 1.56765
27910001 1.40239
27920001 1.52768
27930001 1.40781
27940001 1.40167
27950001 1.49229
27960001 1.39852
27970001 1.48545
27980001 1.43552
27990001 1.61903
28000001 1.43486
28010001 1.41348
28020001 1.39618
28030001 1.39867
28040001 1.40035
28050001 1.39797
28060001 1.56001
28070001 1.44561
28080001 1.65699
28090001 1.45694
28100001 1.64298
28110001 1.5191
28120001 1.75968
28130001 1.49498
28140001 1.41124
28150001 1.46012
28160001 1.6079
28170001 1.50695
28180001 1.5066
28190001 1.41064
28200001 1.39646
28210001 1.39842
28220001 1.49818
28230001 1.49339
28240001 1.49394
28250001 1.40079
28260001 1.69338
28270001 1.54394
28280001 1.64829
28290001 1.53869
28300001 1.75069
28310001 1.4436
28320001 1.62004
28330001 1.58524
28340001 1.44241
28350001 1.51492
28360001 1.41514
28370001 1.48237
28380001 1.409
28390001 1.39998
28400001 1.49373
28410001 1.40534
28420001 1.62204
28430001 1.43835
28440001 1.4479
28450001 1.41663
28460001 1.41587
28470001 1.39807
28480001 1.40117
28490001 1.40293
28500001 1.44961
28510001 1.52475
28520001 1.41545
28530001 1.59993
28540001 1.51315
28550001 1.64357
28560001 1.4992
28570001 1.5169
28580001 1.49432
28590001 1.41371
28600001 1.49749
28610001 1.39856
28620001 1.53993
28630001 1.4757
28640001 1.41139
28650001 1.39879
28660001 1.52138
28670001 1.39996
28680001 1.49574
28690001 1.81424
28700001 1.40619
28710001 1.69463
28720001 1.4362
28730001 1.69647
28740001 1.53963
28750001 1.75118
28760001 1.5392
28770001 1.49616
28780001 1.58429
28790001 1.41115
28800001 1.61946
28810001 1.41426
28820001 1.4458
28830001 1.41148
28840001 1.4039
28850001 1.49602
28860001 1.55987
28870001 1.62418
28880001 1.44
28890001 1.41905
28900001 1.40236
28910001 1.4145
28920001 1.40589
28930001 1.40367
28940001 1.56595
28950001 1.45102
28960001 1.52726
28970001 1.41313
28980001 1.64836
28990001 1.43775
29000001 1.75205
29010001 1.50096
29020001 1.43563
29030001 1.46518
29040001 1.58121
29050001 1.52051
29060001 1.4009
29070001 1.56519
29080001 1.40073
29090001 1.41321
29100001 1.40051
29110001 1.52345
29120001 1.499
29130001 1.50181
29140001 1.6723
29150001 1.44044
29160001 1.66461
29170001 1.43287
29180001 1.77868
29190001 1.46253
29200001 1.67755
29210001 1.56948
29220001 1.4508
29230001 1.49628
29240001 1.40995
29250001 1.53451
29260001 1.41536
29270001 1.4089
29280001 1.49946
29290001 1.4062
29300001 1.62736
29310001 1.44386
29320001 1.54569
29330001 1.42135
29340001 1.42109
29350001 1.40406
29360001 1.40648
29370001 1.40823
29380001 1.40564
29390001 1.5675
29400001 1.45755
29410001 1.60469
29420001 1.46449
29430001 1.64983
29440001 1.52122
29450001 1.76559
29460001 1.50225
29470001 1.41883
29480001 1.46441
29490001 1.44409
29500001 1.55495
29510001 1.514
29520001 1.41667
29530001 1.40402
29540001 1.52827
29550001 1.5004
29560001 1.50078
29570001 1.63057
29580001 1.40758
29590001 1.69988
29600001 1.54854
29610001 1.64688
29620001 1.51437
29630001 1.75709
29640001 1.44784
29650001 1.62626
29660001 1.58954
29670001 1.51003
29680001 1.52215
29690001 1.41804
29700001 1.46899
29710001 1.4167
29720001 1.4076
29730001 1.50084
29740001 1.5647
29750001 1.62876
29760001 1.44574
29770001 1.42545
29780001 1.40774
29790001 1.42336
29800001 1.4058
29810001 1.40883
29820001 1.40506
29830001 1.45711
29840001 1.53225
29850001 1.42282
29860001 1.67734
29870001 1.44322
29880001 1.65015
29890001 1.50793
29900001 1.52361
29910001 1.55235
29920001 1.42119
29930001 1.50477
29940001 1.40615
29950001 1.63388
29960001 1.40581
29970001 1.41887
29980001 1.40637
29990001 1.52822
